0 0.61875 0.425926 0.01875 0.0814815 0.256465
0 0.619792 0.428704 0.01875 0.087037 0.259533
0 0.313542 0.473148 0.0354167 0.168519 0.261046
0 0.313542 0.473148 0.0354167 0.168519 0.261078
0 0.645312 0.424074 0.0135417 0.0851852 0.265202
0 0.513021 0.424074 0.0197917 0.122222 0.265938
9 0.508333 0.0740741 0.0583333 0.133333 0.269193
0 0.507292 0.428704 0.0166667 0.109259 0.271274
0 0.582812 0.418519 0.015625 0.0740741 0.274454
0 0.583333 0.418519 0.0166667 0.0777778 0.27456
0 0.391146 0.471296 0.028125 0.172222 0.275264
9 0.507812 0.0759259 0.0572917 0.133333 0.279047
9 0.507812 0.0740741 0.0572917 0.133333 0.280515
9 0.508333 0.0731481 0.0583333 0.131481 0.280739
0 0.510417 0.42037 0.0208333 0.122222 0.285542
0 0.645312 0.424074 0.0135417 0.0888889 0.286331
9 0.508854 0.075 0.0572917 0.127778 0.286443
0 0.513021 0.425 0.0197917 0.124074 0.286631
9 0.507812 0.075 0.0572917 0.135185 0.287278
0 0.583333 0.419444 0.0166667 0.0759259 0.289975
9 0.507812 0.0731481 0.0572917 0.131481 0.290782
9 0.508854 0.075 0.0572917 0.127778 0.290985
0 0.513021 0.425 0.0197917 0.124074 0.291479
9 0.507812 0.0731481 0.0572917 0.131481 0.293805
0 0.836979 0.436111 0.0177083 0.101852 0.298746
0 0.61875 0.428704 0.01875 0.0907407 0.304273
0 0.258854 0.477778 0.034375 0.162963 0.305649
0 0.8375 0.437037 0.01875 0.103704 0.305735
0 0.259375 0.478704 0.0354167 0.161111 0.309669
0 0.645312 0.425926 0.015625 0.0888889 0.311082
0 0.619271 0.42963 0.0197917 0.0925926 0.312076
0 0.311458 0.472222 0.0333333 0.159259 0.314034
0 0.428125 0.422222 0.0145833 0.062963 0.321063
0 0.836979 0.437037 0.0177083 0.103704 0.32114
0 0.730208 0.47037 0.0354167 0.203704 0.321975
0 0.619271 0.428704 0.0197917 0.0907407 0.326693
0 0.730208 0.47037 0.0354167 0.207407 0.327579
0 0.644792 0.425 0.0166667 0.0907407 0.330359
0 0.428125 0.422222 0.0145833 0.062963 0.333192
0 0.509375 0.423148 0.01875 0.116667 0.336483
0 0.506771 0.423148 0.0197917 0.12037 0.341042
0 0.645312 0.425 0.015625 0.0907407 0.343066
0 0.727083 0.463889 0.0354167 0.205556 0.343251
0 0.424479 0.421296 0.0135417 0.0611111 0.343914
0 0.727083 0.463889 0.0354167 0.209259 0.343935
0 0.506771 0.424074 0.0197917 0.118519 0.344967
0 0.506771 0.424074 0.0197917 0.118519 0.347289
0 0.583333 0.419444 0.0166667 0.0759259 0.351441
0 0.295312 0.474074 0.0239583 0.159259 0.355705
0 0.390625 0.469444 0.0270833 0.172222 0.356471
0 0.8375 0.437963 0.01875 0.109259 0.359811
0 0.3125 0.473148 0.03125 0.157407 0.362676
0 0.311458 0.473148 0.0333333 0.157407 0.363309
0 0.8375 0.437963 0.01875 0.0981481 0.365261
0 0.295312 0.474074 0.0239583 0.159259 0.365599
0 0.838542 0.437963 0.01875 0.109259 0.3671
0 0.424479 0.421296 0.0135417 0.0611111 0.37939
0 0.391146 0.469444 0.028125 0.172222 0.379392
0 0.8375 0.437963 0.01875 0.109259 0.383381
0 0.307813 0.475 0.0447917 0.157407 0.387921
0 0.836979 0.437037 0.0177083 0.1 0.389491
0 0.297396 0.474074 0.0239583 0.148148 0.390497
0 0.583854 0.419444 0.015625 0.0759259 0.391542
0 0.305729 0.474074 0.0322917 0.162963 0.391636
0 0.305729 0.474074 0.0322917 0.162963 0.393267
0 0.583333 0.42037 0.0145833 0.0777778 0.399129
0 0.583333 0.419444 0.0166667 0.0796296 0.401239
0 0.390104 0.472222 0.0260417 0.166667 0.403307
0 0.307292 0.475 0.04375 0.157407 0.407374
0 0.645833 0.42963 0.0166667 0.1 0.407658
0 0.582812 0.422222 0.015625 0.0814815 0.413569
0 0.390104 0.472222 0.0260417 0.166667 0.417295
0 0.582812 0.418519 0.015625 0.0740741 0.424697
0 0.583333 0.42037 0.0166667 0.0777778 0.425381
0 0.583333 0.422222 0.0166667 0.0740741 0.426461
0 0.338542 0.468519 0.0354167 0.162963 0.441078
0 0.391667 0.47037 0.0270833 0.17037 0.446722
0 0.299479 0.475926 0.0302083 0.155556 0.446824
0 0.307292 0.475 0.04375 0.157407 0.44851
0 0.391667 0.47037 0.025 0.17037 0.457214
0 0.378125 0.47037 0.05 0.17037 0.458807
0 0.341146 0.468519 0.028125 0.162963 0.463854
0 0.339063 0.468519 0.034375 0.162963 0.472027
0 0.377083 0.47037 0.0458333 0.17037 0.472763
0 0.364583 0.469444 0.0354167 0.168519 0.477008
0 0.582812 0.42037 0.015625 0.0740741 0.48107
0 0.364583 0.47037 0.0354167 0.17037 0.484137
0 0.367188 0.47037 0.0302083 0.166667 0.48735
0 0.338542 0.468519 0.0354167 0.162963 0.493075
0 0.367188 0.471296 0.0302083 0.168519 0.498278
0 0.377083 0.469444 0.0458333 0.172222 0.5084
0 0.298958 0.475 0.0291667 0.153704 0.512374
0 0.364583 0.47037 0.0354167 0.17037 0.513603
0 0.317187 0.471296 0.028125 0.161111 0.520917
0 0.316667 0.472222 0.0291667 0.162963 0.521363
0 0.340625 0.469444 0.0270833 0.161111 0.53104
0 0.368229 0.471296 0.0302083 0.17963 0.548813
0 0.3375 0.468519 0.0291667 0.162963 0.552289
0 0.3375 0.468519 0.0291667 0.159259 0.554064
0 0.367188 0.47037 0.0302083 0.166667 0.559018
0 0.258854 0.475 0.034375 0.157407 0.560057
0 0.783333 0.47037 0.04375 0.162963 0.560069
0 0.258854 0.475 0.0364583 0.161111 0.562832
0 0.368229 0.471296 0.0302083 0.17963 0.563278
0 0.298438 0.475 0.028125 0.153704 0.56702
2 0.090625 0.513889 0.179167 0.372222 0.568192
0 0.391146 0.47037 0.0260417 0.17037 0.568773
0 0.363021 0.469444 0.0302083 0.168519 0.569946
0 0.259375 0.474074 0.0354167 0.162963 0.570163
0 0.258854 0.474074 0.034375 0.159259 0.573274
0 0.302083 0.473148 0.03125 0.157407 0.582021
0 0.782812 0.47037 0.0427083 0.162963 0.582264
0 0.383333 0.468519 0.0375 0.17037 0.585002
0 0.363021 0.468519 0.0302083 0.17037 0.586733
0 0.341146 0.468519 0.0260417 0.159259 0.587262
0 0.297917 0.473148 0.025 0.153704 0.587303
0 0.297917 0.473148 0.025 0.153704 0.589387
0 0.301562 0.473148 0.0322917 0.157407 0.589836
0 0.258854 0.474074 0.034375 0.159259 0.598226
0 0.382812 0.468519 0.0364583 0.17037 0.6065
2 0.0916667 0.515741 0.179167 0.361111 0.633183
2 0.0901042 0.512963 0.180208 0.362963 0.639411
0 0.339583 0.469444 0.0270833 0.164815 0.657898
0 0.339583 0.468519 0.0270833 0.162963 0.658051
0 0.782292 0.472222 0.0416667 0.162963 0.684317
0 0.391146 0.468519 0.0260417 0.166667 0.693425
0 0.391146 0.468519 0.0260417 0.166667 0.694745
0 0.782292 0.471296 0.04375 0.172222 0.695635
0 0.782292 0.471296 0.0416667 0.172222 0.704415
2 0.0916667 0.512037 0.179167 0.364815 0.707841
0 0.782292 0.472222 0.0416667 0.162963 0.710058
2 0.0916667 0.515741 0.18125 0.361111 0.710639
2 0.0916667 0.512963 0.183333 0.374074 0.711798
2 0.0916667 0.514815 0.18125 0.362963 0.7151
2 0.0916667 0.512963 0.183333 0.374074 0.719127
0 0.782292 0.471296 0.0416667 0.161111 0.732739
0 0.727604 0.467593 0.034375 0.201852 0.735831
2 0.0916667 0.511111 0.18125 0.366667 0.739163
2 0.0911458 0.509259 0.180208 0.366667 0.751677
2 0.0916667 0.512037 0.18125 0.364815 0.755095
0 0.727604 0.467593 0.0364583 0.205556 0.756999
2 0.0911458 0.511111 0.180208 0.366667 0.760335
0 0.727604 0.467593 0.034375 0.201852 0.766889
0 0.728125 0.468519 0.0354167 0.207407 0.769704
2 0.0911458 0.509259 0.180208 0.366667 0.775839
2 0.0911458 0.508333 0.180208 0.368519 0.779034
0 0.258333 0.475926 0.0354167 0.162963 0.780955
2 0.0916667 0.512037 0.183333 0.364815 0.783917
0 0.782812 0.469444 0.040625 0.161111 0.784538
0 0.782812 0.471296 0.0427083 0.161111 0.786363
2 0.0911458 0.510185 0.180208 0.364815 0.788179
0 0.258333 0.475926 0.0354167 0.162963 0.789268
0 0.259375 0.477778 0.0333333 0.162963 0.79149
2 0.0927083 0.512963 0.183333 0.362963 0.792049
0 0.782812 0.47037 0.0427083 0.162963 0.792618
2 0.0911458 0.510185 0.180208 0.364815 0.793736
0 0.727604 0.467593 0.034375 0.205556 0.795129
0 0.258854 0.476852 0.034375 0.161111 0.79784
0 0.782292 0.47037 0.0416667 0.159259 0.799281
0 0.783333 0.469444 0.0416667 0.161111 0.799419
0 0.36875 0.47037 0.0291667 0.174074 0.800255
0 0.36875 0.47037 0.0291667 0.17037 0.801143
0 0.258333 0.476852 0.0354167 0.161111 0.805369
0 0.258854 0.476852 0.034375 0.161111 0.808358
0 0.783333 0.469444 0.0416667 0.161111 0.810381
0 0.258854 0.475926 0.034375 0.162963 0.812448
0 0.258854 0.475926 0.034375 0.162963 0.813661
0 0.728125 0.465741 0.0354167 0.201852 0.813741
0 0.728125 0.465741 0.0354167 0.205556 0.814793
0 0.728125 0.465741 0.0354167 0.201852 0.82523
0 0.728125 0.465741 0.0354167 0.205556 0.825978
0 0.728125 0.466667 0.0354167 0.207407 0.827284
0 0.782292 0.47037 0.0416667 0.159259 0.837657
0 0.782292 0.469444 0.0416667 0.161111 0.843349
0 0.728125 0.466667 0.0354167 0.203704 0.845837
0 0.258854 0.476852 0.034375 0.157407 0.846
0 0.258854 0.475926 0.034375 0.159259 0.84605
0 0.726562 0.467593 0.0364583 0.205556 0.889576
0 0.726562 0.468519 0.0364583 0.207407 0.896385
