0 0.192188 0.333333 0.0635417 0.159259 0.251279
0 0.195312 0.330556 0.0635417 0.161111 0.253232
0 0.264583 0.343519 0.0229167 0.0759259 0.2552
0 0.482292 0.372222 0.01875 0.12963 0.257457
0 0.195312 0.330556 0.065625 0.157407 0.259386
0 0.192188 0.333333 0.0635417 0.159259 0.260032
13 0.3625 0.552778 0.104167 0.105556 0.260102
0 0.264583 0.343519 0.0229167 0.0759259 0.261153
13 0.419271 0.458333 0.040625 0.0833333 0.26534
13 0.419271 0.458333 0.040625 0.0833333 0.266589
0 0.285417 0.343519 0.0229167 0.0796296 0.281059
0 0.482292 0.372222 0.01875 0.12963 0.281073
0 0.377083 0.339815 0.0104167 0.05 0.283366
0 0.377083 0.339815 0.0104167 0.05 0.2888
0 0.460417 0.353704 0.0145833 0.0777778 0.294284
0 0.460938 0.35463 0.015625 0.0796296 0.295975
0 0.658333 0.359259 0.0208333 0.1 0.297538
0 0.284896 0.344444 0.021875 0.0777778 0.298203
0 0.284896 0.344444 0.021875 0.0777778 0.303077
0 0.658333 0.360185 0.0208333 0.101852 0.305667
0 0.284896 0.344444 0.021875 0.0777778 0.311501
0 0.284896 0.343519 0.021875 0.0759259 0.312009
0 0.653646 0.362037 0.0197917 0.0907407 0.312172
0 0.284896 0.343519 0.021875 0.0759259 0.312617
0 0.450521 0.352778 0.0260417 0.087037 0.314671
0 0.284896 0.343519 0.021875 0.0759259 0.318055
0 0.658333 0.359259 0.0208333 0.1 0.322944
0 0.653646 0.362037 0.0197917 0.0944444 0.327736
0 0.194792 0.336111 0.0625 0.153704 0.330979
0 0.194792 0.337037 0.0625 0.155556 0.339929
0 0.460417 0.353704 0.0145833 0.0777778 0.340506
0 0.446354 0.358333 0.0260417 0.101852 0.346248
0 0.653646 0.362037 0.0197917 0.0944444 0.346822
0 0.449479 0.352778 0.0260417 0.0907407 0.358615
0 0.45 0.352778 0.025 0.0907407 0.362914
0 0.951042 0.641667 0.0958333 0.698148 0.373299
0 0.951042 0.641667 0.0958333 0.698148 0.375607
0 0.327604 0.408333 0.065625 0.309259 0.396159
0 0.327604 0.413889 0.0677083 0.316667 0.411707
0 0.444792 0.368519 0.0270833 0.12963 0.420941
13 0.365625 0.553704 0.104167 0.111111 0.438834
0 0.654688 0.366667 0.021875 0.0962963 0.48349
0 0.328125 0.417593 0.0625 0.301852 0.485581
0 0.444792 0.368519 0.0270833 0.133333 0.490318
13 0.365625 0.553704 0.1 0.111111 0.490595
0 0.48125 0.369444 0.0208333 0.116667 0.492186
0 0.60625 0.380556 0.04375 0.138889 0.49802
13 0.365625 0.553704 0.1 0.111111 0.49912
0 0.196354 0.336111 0.0635417 0.161111 0.499439
0 0.196354 0.335185 0.0635417 0.159259 0.507334
13 0.365625 0.553704 0.1 0.111111 0.510781
0 0.608854 0.383333 0.0302083 0.133333 0.512229
0 0.48125 0.37037 0.0208333 0.118519 0.519142
0 0.655729 0.362037 0.0197917 0.0907407 0.522718
0 0.951563 0.621296 0.096875 0.724074 0.527232
0 0.481771 0.369444 0.0197917 0.12037 0.527282
0 0.444792 0.369444 0.0270833 0.127778 0.531754
0 0.607292 0.37963 0.0395833 0.140741 0.533547
0 0.654688 0.365741 0.021875 0.0981481 0.534466
0 0.655208 0.365741 0.0208333 0.101852 0.534637
0 0.654688 0.365741 0.021875 0.0981481 0.538521
0 0.952083 0.619444 0.0958333 0.72037 0.540905
0 0.328125 0.417593 0.0625 0.301852 0.544466
0 0.654688 0.362963 0.0197917 0.103704 0.546107
0 0.655729 0.364815 0.0197917 0.1 0.546403
0 0.444792 0.366667 0.025 0.133333 0.549497
0 0.655729 0.362037 0.0197917 0.0944444 0.550149
0 0.655729 0.362037 0.0197917 0.0944444 0.557996
0 0.951563 0.637037 0.096875 0.722222 0.560031
0 0.565104 0.373148 0.0322917 0.153704 0.56688
0 0.445312 0.368519 0.0260417 0.137037 0.584237
0 0.564583 0.373148 0.03125 0.153704 0.585862
0 0.607292 0.380556 0.0395833 0.138889 0.588541
0 0.194792 0.335185 0.0666667 0.155556 0.589845
13 0.364062 0.553704 0.105208 0.111111 0.596078
13 0.3625 0.553704 0.104167 0.111111 0.597372
13 0.363021 0.552778 0.103125 0.112963 0.604675
0 0.445312 0.363889 0.0260417 0.116667 0.617329
13 0.363542 0.553704 0.102083 0.111111 0.618229
0 0.609375 0.381481 0.0333333 0.133333 0.620787
0 0.608333 0.382407 0.0291667 0.135185 0.621144
0 0.608854 0.382407 0.0302083 0.135185 0.621609
13 0.363542 0.552778 0.104167 0.112963 0.623301
0 0.195312 0.334259 0.065625 0.157407 0.630531
13 0.363021 0.552778 0.103125 0.112963 0.630615
13 0.363021 0.552778 0.103125 0.112963 0.631997
0 0.480729 0.371296 0.0197917 0.127778 0.633
13 0.363021 0.552778 0.103125 0.112963 0.633656
13 0.363021 0.551852 0.105208 0.114815 0.649064
0 0.480729 0.373148 0.0197917 0.124074 0.651976
0 0.445312 0.363889 0.0260417 0.116667 0.654996
0 0.444792 0.363889 0.025 0.116667 0.658537
0 0.444792 0.369444 0.025 0.127778 0.659484
0 0.48125 0.371296 0.01875 0.127778 0.6628
0 0.195312 0.334259 0.065625 0.161111 0.667045
0 0.329167 0.412037 0.0645833 0.309259 0.673498
0 0.609375 0.381481 0.03125 0.133333 0.683239
0 0.444792 0.364815 0.025 0.137037 0.68464
0 0.481771 0.371296 0.0197917 0.127778 0.691082
0 0.444792 0.364815 0.025 0.137037 0.693317
0 0.329167 0.414815 0.0666667 0.303704 0.694616
0 0.48125 0.371296 0.01875 0.127778 0.695634
0 0.444792 0.368519 0.025 0.133333 0.698096
0 0.951563 0.623148 0.096875 0.712963 0.71414
0 0.195833 0.335185 0.0625 0.159259 0.724703
0 0.328646 0.416667 0.065625 0.311111 0.737021
0 0.195833 0.335185 0.0625 0.159259 0.74141
0 0.195312 0.334259 0.0635417 0.153704 0.751534
0 0.328646 0.418519 0.0635417 0.311111 0.752012
0 0.564062 0.371296 0.0302083 0.153704 0.755059
0 0.609896 0.381481 0.0322917 0.137037 0.755938
0 0.609896 0.381481 0.0322917 0.137037 0.757872
0 0.609375 0.380556 0.0333333 0.135185 0.758581
0 0.329167 0.417593 0.0645833 0.309259 0.759408
0 0.564583 0.371296 0.03125 0.15 0.759626
0 0.328125 0.419444 0.0645833 0.309259 0.759844
0 0.609375 0.382407 0.03125 0.135185 0.760086
0 0.195833 0.335185 0.0625 0.159259 0.760149
0 0.195312 0.334259 0.0635417 0.153704 0.760743
0 0.564583 0.373148 0.03125 0.15 0.760805
0 0.328125 0.418519 0.0645833 0.311111 0.761941
0 0.564583 0.373148 0.03125 0.15 0.7627
0 0.609896 0.381481 0.0322917 0.133333 0.76492
0 0.194792 0.336111 0.0645833 0.153704 0.766194
0 0.195312 0.332407 0.0635417 0.157407 0.766214
0 0.564062 0.373148 0.0302083 0.153704 0.766463
0 0.564062 0.373148 0.0302083 0.153704 0.76995
0 0.195312 0.333333 0.0635417 0.159259 0.770113
0 0.195312 0.334259 0.0635417 0.153704 0.773631
0 0.329167 0.417593 0.0645833 0.309259 0.775552
0 0.951042 0.628704 0.0979167 0.742593 0.78012
0 0.609375 0.381481 0.03125 0.137037 0.780187
0 0.609896 0.381481 0.0322917 0.137037 0.785878
0 0.195312 0.335185 0.0635417 0.155556 0.78626
0 0.563542 0.372222 0.03125 0.151852 0.789588
0 0.195312 0.335185 0.0635417 0.155556 0.790667
0 0.564062 0.373148 0.0302083 0.153704 0.794259
0 0.329167 0.416667 0.0645833 0.307407 0.795281
0 0.609375 0.381481 0.03125 0.137037 0.796244
0 0.563542 0.371296 0.03125 0.15 0.796505
0 0.564583 0.372222 0.03125 0.151852 0.796547
0 0.328646 0.410185 0.0635417 0.312963 0.79864
0 0.195312 0.335185 0.0635417 0.159259 0.80227
0 0.194792 0.334259 0.0645833 0.157407 0.803531
0 0.195312 0.335185 0.0635417 0.155556 0.806135
0 0.609375 0.381481 0.03125 0.133333 0.828421
0 0.609375 0.381481 0.03125 0.137037 0.831116
0 0.328646 0.415741 0.065625 0.309259 0.839633
0 0.329688 0.416667 0.0635417 0.307407 0.841899
0 0.951563 0.637037 0.096875 0.718518 0.844808
0 0.329688 0.416667 0.0635417 0.307407 0.847531
0 0.329688 0.416667 0.0635417 0.307407 0.853954
0 0.328646 0.414815 0.065625 0.303704 0.86063
0 0.952083 0.621296 0.0958333 0.724074 0.902505
0 0.951563 0.622222 0.0947917 0.722222 0.907947
0 0.951563 0.625 0.096875 0.72037 0.908428
0 0.951563 0.625 0.096875 0.716667 0.911529
