0 0.482292 0.369444 0.01875 0.127778 0.251356
0 0.440625 0.359259 0.03125 0.122222 0.254078
0 0.440625 0.359259 0.03125 0.122222 0.255781
0 0.440625 0.369444 0.0270833 0.142593 0.256365
0 0.191146 0.338889 0.0614583 0.162963 0.257614
0 0.191146 0.339815 0.0635417 0.164815 0.258209
0 0.254167 0.344444 0.0208333 0.0777778 0.259927
0 0.440625 0.369444 0.0291667 0.142593 0.263358
0 0.458854 0.35 0.0177083 0.0888889 0.266081
0 0.44375 0.361111 0.0270833 0.114815 0.27346
0 0.591667 0.374074 0.06875 0.144444 0.275637
0 0.376563 0.337963 0.0114583 0.0574074 0.280966
0 0.459375 0.352778 0.0166667 0.0759259 0.28444
0 0.376563 0.337963 0.0114583 0.0574074 0.286127
0 0.244271 0.341667 0.0177083 0.0944444 0.287222
13 0.367708 0.561111 0.1 0.114815 0.28778
0 0.255729 0.343519 0.0197917 0.0833333 0.289583
0 0.25625 0.343519 0.0208333 0.0833333 0.293608
0 0.24375 0.34537 0.0229167 0.0907407 0.295036
0 0.24375 0.341667 0.0166667 0.0907407 0.29764
0 0.965104 0.625 0.0697917 0.642593 0.298165
0 0.245833 0.343519 0.01875 0.0944444 0.298201
0 0.245833 0.342593 0.01875 0.0925926 0.298598
0 0.244271 0.341667 0.0177083 0.0944444 0.304107
0 0.459375 0.352778 0.0166667 0.0796296 0.30564
0 0.255729 0.343519 0.0197917 0.0833333 0.30881
0 0.267708 0.34537 0.0166667 0.0759259 0.310923
0 0.245833 0.342593 0.01875 0.0925926 0.316491
13 0.367708 0.562963 0.102083 0.114815 0.320116
0 0.594271 0.374074 0.0614583 0.144444 0.32087
0 0.459375 0.351852 0.0166667 0.0777778 0.327927
0 0.302604 0.419444 0.0677083 0.324074 0.332483
13 0.367708 0.563889 0.102083 0.116667 0.333049
13 0.367188 0.563889 0.101042 0.116667 0.338022
0 0.570833 0.375 0.0291667 0.15 0.342714
13 0.367188 0.562963 0.101042 0.118519 0.3442
0 0.570312 0.375 0.028125 0.15 0.348886
0 0.267708 0.34537 0.0145833 0.0759259 0.355206
13 0.366667 0.561111 0.102083 0.114815 0.355833
0 0.268229 0.346296 0.0177083 0.0777778 0.359121
0 0.268229 0.347222 0.015625 0.0796296 0.363489
0 0.59375 0.374074 0.0625 0.144444 0.37065
0 0.268229 0.344444 0.015625 0.0740741 0.377134
0 0.271875 0.349074 0.0166667 0.0833333 0.378743
0 0.267708 0.347222 0.0166667 0.0759259 0.389874
0 0.608854 0.381481 0.028125 0.140741 0.400013
0 0.608854 0.380556 0.028125 0.142593 0.407798
0 0.442187 0.365741 0.0260417 0.135185 0.411331
0 0.666667 0.362963 0.01875 0.0925926 0.411365
0 0.665104 0.356481 0.021875 0.101852 0.431485
0 0.665625 0.356481 0.0208333 0.101852 0.442903
0 0.665625 0.362963 0.01875 0.0962963 0.448601
0 0.19375 0.339815 0.0625 0.157407 0.461932
0 0.665104 0.356481 0.021875 0.101852 0.462097
0 0.193229 0.339815 0.0635417 0.157407 0.463116
0 0.666146 0.362963 0.0197917 0.0962963 0.464509
0 0.567187 0.372222 0.028125 0.151852 0.488866
0 0.482812 0.367593 0.0197917 0.12037 0.495527
0 0.965625 0.644444 0.06875 0.640741 0.50331
0 0.567187 0.372222 0.028125 0.148148 0.503772
0 0.665104 0.358333 0.0197917 0.109259 0.509306
0 0.482812 0.367593 0.0197917 0.12037 0.522418
0 0.482812 0.368519 0.0197917 0.122222 0.525313
0 0.665625 0.360185 0.01875 0.105556 0.532722
0 0.665104 0.357407 0.0197917 0.1 0.533692
0 0.665625 0.359259 0.01875 0.103704 0.536887
0 0.964583 0.628704 0.06875 0.635185 0.538236
0 0.192188 0.339815 0.0677083 0.157407 0.540366
0 0.665104 0.357407 0.0197917 0.103704 0.542287
0 0.194271 0.337963 0.0635417 0.161111 0.545275
0 0.665104 0.357407 0.0197917 0.103704 0.551834
0 0.609375 0.377778 0.03125 0.137037 0.553296
0 0.442187 0.367593 0.028125 0.135185 0.556757
0 0.442708 0.364815 0.0270833 0.125926 0.57355
0 0.482292 0.368519 0.0208333 0.12963 0.573891
0 0.194271 0.338889 0.0635417 0.162963 0.574485
0 0.966146 0.644444 0.0677083 0.640741 0.578853
0 0.568229 0.373148 0.0302083 0.15 0.583408
0 0.192708 0.339815 0.06875 0.161111 0.586834
0 0.192188 0.337963 0.0677083 0.161111 0.587085
0 0.482292 0.37037 0.0208333 0.125926 0.599432
0 0.194271 0.338889 0.0635417 0.162963 0.599456
0 0.568229 0.373148 0.0302083 0.146296 0.603732
0 0.482292 0.368519 0.0208333 0.12963 0.605762
0 0.482292 0.369444 0.0208333 0.127778 0.605886
0 0.482292 0.368519 0.0208333 0.12963 0.608176
0 0.609375 0.378704 0.0291667 0.138889 0.609748
0 0.193229 0.337963 0.0635417 0.153704 0.622976
0 0.964583 0.582407 0.0708333 0.783333 0.624031
0 0.442187 0.368519 0.028125 0.133333 0.629243
0 0.442187 0.368519 0.028125 0.133333 0.632076
0 0.964583 0.585185 0.0708333 0.781482 0.632997
0 0.193229 0.337963 0.0635417 0.153704 0.640258
0 0.442708 0.364815 0.0270833 0.12963 0.642278
0 0.442187 0.367593 0.028125 0.138889 0.643217
0 0.194271 0.337963 0.0635417 0.161111 0.645809
0 0.192708 0.338889 0.0625 0.155556 0.653637
0 0.442708 0.363889 0.0270833 0.127778 0.654167
0 0.194271 0.337963 0.065625 0.161111 0.661419
0 0.442187 0.368519 0.028125 0.140741 0.694533
0 0.965625 0.636111 0.06875 0.635185 0.699556
0 0.192188 0.338889 0.0635417 0.159259 0.702801
0 0.192188 0.338889 0.065625 0.159259 0.7102
0 0.442708 0.367593 0.0270833 0.138889 0.711528
0 0.192188 0.338889 0.0635417 0.159259 0.711714
0 0.964583 0.614815 0.06875 0.711111 0.712531
0 0.192188 0.339815 0.065625 0.157407 0.716705
0 0.305729 0.425926 0.065625 0.333333 0.722201
0 0.192188 0.338889 0.0635417 0.159259 0.725926
0 0.442187 0.364815 0.0260417 0.140741 0.73156
0 0.305208 0.426852 0.0645833 0.331481 0.736088
0 0.305208 0.426852 0.0645833 0.331481 0.739272
0 0.192188 0.338889 0.065625 0.159259 0.742699
0 0.567708 0.374074 0.0291667 0.148148 0.748358
0 0.442187 0.364815 0.0260417 0.137037 0.748644
0 0.304688 0.427778 0.0677083 0.337037 0.749021
0 0.568229 0.374074 0.0302083 0.148148 0.757366
0 0.56875 0.374074 0.03125 0.148148 0.760908
0 0.304688 0.426852 0.0677083 0.338889 0.762232
0 0.568229 0.374074 0.0302083 0.148148 0.763778
0 0.608854 0.378704 0.0302083 0.138889 0.771503
0 0.608854 0.378704 0.0302083 0.138889 0.775646
0 0.609375 0.378704 0.0291667 0.138889 0.776932
0 0.567708 0.374074 0.0291667 0.148148 0.778524
0 0.965104 0.613889 0.0677083 0.701852 0.780126
0 0.305208 0.427778 0.06875 0.337037 0.782938
0 0.609375 0.378704 0.0291667 0.138889 0.784712
0 0.965625 0.637037 0.06875 0.644444 0.787033
0 0.965104 0.627778 0.0697917 0.659259 0.788383
0 0.568229 0.374074 0.0302083 0.148148 0.788741
0 0.567187 0.373148 0.0302083 0.15 0.796625
0 0.305208 0.427778 0.0666667 0.333333 0.797072
0 0.609375 0.37963 0.03125 0.137037 0.801356
0 0.304688 0.426852 0.0677083 0.331481 0.801781
0 0.609375 0.378704 0.0291667 0.138889 0.802179
0 0.304688 0.426852 0.0677083 0.331481 0.80935
0 0.567187 0.373148 0.0302083 0.146296 0.810942
0 0.608854 0.378704 0.0302083 0.138889 0.812329
0 0.608854 0.377778 0.0302083 0.137037 0.81642
0 0.965104 0.612963 0.0697917 0.711111 0.833859
0 0.305729 0.426852 0.065625 0.335185 0.839789
0 0.305208 0.427778 0.0666667 0.337037 0.839821
0 0.305729 0.425926 0.065625 0.333333 0.849706
0 0.305729 0.426852 0.065625 0.335185 0.851184
0 0.304688 0.426852 0.0677083 0.338889 0.857348
0 0.609375 0.378704 0.0291667 0.142593 0.861246
0 0.609375 0.378704 0.0291667 0.138889 0.866709
0 0.965104 0.614815 0.0697917 0.703704 0.870967
0 0.305208 0.427778 0.06875 0.337037 0.873549
