0 0.383854 0.299074 0.015625 0.0648148 0.250064
0 0.0947917 0.307407 0.0208333 0.0814815 0.250567
0 0.789062 0.386111 0.0802083 0.424074 0.252099
0 0.383854 0.299074 0.015625 0.0685185 0.262073
24 0.810938 0.325926 0.0447917 0.137037 0.263391
0 0.522396 0.29537 0.021875 0.0722222 0.263795
0 0.477083 0.328704 0.025 0.0944444 0.264709
0 0.49375 0.326852 0.0229167 0.0944444 0.265874
0 0.0645833 0.310185 0.025 0.0944444 0.27021
0 0.383333 0.301852 0.0145833 0.0740741 0.27388
24 0.809375 0.324074 0.0479167 0.137037 0.273915
0 0.473437 0.327778 0.0239583 0.103704 0.274095
0 0.480208 0.324074 0.0208333 0.103704 0.274271
0 0.591667 0.323148 0.025 0.12037 0.275127
0 0.0645833 0.308333 0.0229167 0.0981481 0.275308
0 0.798958 0.362963 0.06875 0.403704 0.276131
0 0.886979 0.27963 0.0322917 0.151852 0.277408
0 0.591667 0.323148 0.0229167 0.12037 0.27776
0 0.0645833 0.311111 0.025 0.0962963 0.28184
0 0.886979 0.27963 0.0322917 0.151852 0.282416
0 0.885938 0.285185 0.034375 0.159259 0.284245
0 0.479688 0.324074 0.021875 0.103704 0.284444
0 0.623958 0.303704 0.0229167 0.0888889 0.286177
0 0.886979 0.27963 0.0322917 0.151852 0.288542
0 0.488021 0.325926 0.0302083 0.1 0.288687
0 0.383333 0.300926 0.0125 0.0722222 0.292195
0 0.480208 0.324074 0.0208333 0.103704 0.295185
0 0.494792 0.325 0.0229167 0.101852 0.295309
0 0.383854 0.299074 0.015625 0.0685185 0.297915
24 0.8125 0.326852 0.0458333 0.131481 0.297984
0 0.477083 0.328704 0.025 0.0981481 0.298071
0 0.0645833 0.311111 0.025 0.0962963 0.298199
0 0.477083 0.327778 0.025 0.0962963 0.302525
0 0.798958 0.362963 0.06875 0.362963 0.307975
0 0.383333 0.300926 0.0145833 0.0722222 0.30952
0 0.0953125 0.311111 0.021875 0.0777778 0.310038
0 0.49375 0.326852 0.0229167 0.0981481 0.310479
0 0.49375 0.326852 0.0229167 0.0981481 0.31378
0 0.0953125 0.310185 0.021875 0.0796296 0.313918
0 0.526563 0.293519 0.015625 0.0685185 0.317521
0 0.494792 0.325 0.0229167 0.101852 0.318183
24 0.811979 0.32037 0.046875 0.144444 0.326663
0 0.0395833 0.342593 0.0625 0.185185 0.327006
0 0.791146 0.387037 0.0822917 0.411111 0.327282
0 0.623958 0.30463 0.0229167 0.0907407 0.329882
0 0.473437 0.326852 0.0239583 0.105556 0.331675
0 0.494792 0.325926 0.0229167 0.1 0.331681
24 0.811979 0.32037 0.046875 0.144444 0.333687
0 0.623958 0.30463 0.0229167 0.0907407 0.334031
0 0.473437 0.327778 0.0239583 0.103704 0.33559
0 0.0953125 0.311111 0.021875 0.0777778 0.335758
0 0.0395833 0.343519 0.0645833 0.187037 0.339955
0 0.526042 0.292593 0.0145833 0.0666667 0.34167
0 0.525521 0.293519 0.0177083 0.0648148 0.351426
0 0.524479 0.29537 0.015625 0.0685185 0.357819
0 0.592188 0.317593 0.0260417 0.124074 0.371872
0 0.525 0.29537 0.0166667 0.0685185 0.373488
0 0.526042 0.293519 0.0166667 0.0648148 0.378855
0 0.526563 0.293519 0.0177083 0.0648148 0.386194
0 0.0947917 0.310185 0.0208333 0.0833333 0.387469
0 0.445833 0.32963 0.025 0.140741 0.39166
0 0.445833 0.32963 0.025 0.137037 0.396845
0 0.525 0.294444 0.0166667 0.0666667 0.401055
0 0.0947917 0.310185 0.0208333 0.087037 0.404493
0 0.776042 0.384259 0.09375 0.409259 0.404732
0 0.525521 0.293519 0.0177083 0.0648148 0.406504
0 0.446354 0.331481 0.0260417 0.137037 0.413857
0 0.623958 0.311111 0.0208333 0.107407 0.423152
0 0.591667 0.318519 0.025 0.125926 0.423995
0 0.591667 0.318519 0.025 0.125926 0.425927
0 0.446354 0.333333 0.028125 0.144444 0.461298
0 0.0953125 0.306481 0.021875 0.0796296 0.462748
0 0.445833 0.332407 0.025 0.131481 0.463679
0 0.786979 0.387037 0.0885417 0.418519 0.466419
0 0.0953125 0.307407 0.021875 0.0814815 0.476563
24 0.8125 0.325926 0.0458333 0.140741 0.477891
0 0.0953125 0.307407 0.021875 0.0814815 0.490285
0 0.592708 0.322222 0.0270833 0.125926 0.490318
24 0.8125 0.326852 0.0458333 0.138889 0.490663
0 0.592188 0.322222 0.028125 0.122222 0.492966
24 0.810938 0.321296 0.046875 0.153704 0.494802
24 0.810417 0.325 0.05 0.138889 0.499025
24 0.810938 0.321296 0.046875 0.153704 0.514759
0 0.401563 0.327778 0.028125 0.159259 0.51478
0 0.446354 0.332407 0.028125 0.146296 0.516716
0 0.446875 0.331481 0.0270833 0.148148 0.52481
0 0.0947917 0.308333 0.0208333 0.0833333 0.52968
0 0.446875 0.334259 0.0270833 0.146296 0.538532
0 0.401563 0.328704 0.0302083 0.157407 0.546802
24 0.811979 0.323148 0.046875 0.146296 0.556428
0 0.779688 0.385185 0.090625 0.414815 0.558281
24 0.811979 0.323148 0.046875 0.142593 0.568591
0 0.446354 0.332407 0.0260417 0.146296 0.570856
24 0.811458 0.325926 0.0458333 0.151852 0.572063
0 0.0395833 0.339815 0.0625 0.17963 0.575294
0 0.401042 0.327778 0.0270833 0.159259 0.582562
24 0.811979 0.323148 0.046875 0.142593 0.585523
0 0.402083 0.328704 0.0291667 0.157407 0.586293
0 0.592188 0.321296 0.0260417 0.127778 0.593094
24 0.811458 0.325926 0.0458333 0.151852 0.594698
0 0.0411458 0.337037 0.065625 0.174074 0.599857
0 0.0401042 0.341667 0.0635417 0.17963 0.602071
0 0.446875 0.332407 0.0270833 0.146296 0.604946
0 0.402083 0.328704 0.0291667 0.157407 0.614248
0 0.624479 0.306481 0.021875 0.0981481 0.61519
0 0.751042 0.380556 0.0645833 0.394444 0.620392
0 0.0401042 0.337963 0.065625 0.17963 0.624475
0 0.0395833 0.337037 0.0645833 0.181481 0.628788
0 0.592188 0.322222 0.0260417 0.122222 0.631957
0 0.040625 0.337037 0.0645833 0.174074 0.632542
0 0.750521 0.37963 0.0635417 0.392593 0.634417
24 0.811979 0.324074 0.046875 0.144444 0.637357
0 0.750521 0.37963 0.0635417 0.396296 0.641729
0 0.743229 0.375 0.053125 0.372222 0.641789
0 0.402083 0.327778 0.0270833 0.159259 0.642367
0 0.040625 0.339815 0.0625 0.183333 0.642412
0 0.446354 0.333333 0.0239583 0.137037 0.642549
0 0.446354 0.333333 0.0239583 0.137037 0.642689
0 0.0395833 0.337963 0.0645833 0.17963 0.643938
0 0.0401042 0.337037 0.065625 0.181481 0.645
0 0.624479 0.306481 0.021875 0.0981481 0.646416
0 0.446875 0.332407 0.025 0.146296 0.646589
24 0.811458 0.323148 0.0458333 0.142593 0.647327
0 0.402604 0.327778 0.028125 0.155556 0.648111
0 0.592708 0.32037 0.025 0.125926 0.649479
0 0.624479 0.306481 0.021875 0.0981481 0.652124
0 0.0395833 0.337963 0.0645833 0.17963 0.652311
0 0.402604 0.326852 0.028125 0.153704 0.652671
0 0.0411458 0.337963 0.065625 0.175926 0.655532
0 0.401563 0.325 0.028125 0.153704 0.655642
24 0.811458 0.324074 0.0458333 0.144444 0.657118
0 0.446354 0.331481 0.0260417 0.144444 0.658698
0 0.625 0.305556 0.0208333 0.0962963 0.659974
0 0.401563 0.325926 0.028125 0.151852 0.662313
0 0.366146 0.313889 0.0197917 0.105556 0.663583
0 0.040625 0.339815 0.0645833 0.183333 0.667377
0 0.0395833 0.337963 0.0645833 0.17963 0.670031
0 0.592188 0.323148 0.0239583 0.124074 0.67186
0 0.591667 0.322222 0.0229167 0.125926 0.690747
0 0.402604 0.328704 0.028125 0.157407 0.694443
0 0.591667 0.321296 0.0229167 0.124074 0.701934
0 0.592708 0.321296 0.025 0.127778 0.702837
0 0.366146 0.313889 0.0197917 0.109259 0.704998
0 0.784375 0.387037 0.0770833 0.418519 0.705633
0 0.366146 0.313889 0.0197917 0.109259 0.709037
0 0.624479 0.306481 0.021875 0.0981481 0.710495
0 0.744271 0.376852 0.053125 0.372222 0.711901
0 0.624479 0.306481 0.021875 0.0981481 0.712371
0 0.592708 0.32037 0.025 0.125926 0.718682
0 0.623958 0.307407 0.0208333 0.1 0.720036
0 0.366667 0.314815 0.0208333 0.111111 0.725974
0 0.402604 0.328704 0.028125 0.161111 0.730414
0 0.743229 0.376852 0.0489583 0.361111 0.732171
0 0.366667 0.313889 0.0208333 0.109259 0.743628
0 0.366146 0.315741 0.0197917 0.105556 0.743688
0 0.402604 0.328704 0.028125 0.157407 0.745068
0 0.366146 0.316667 0.0197917 0.103704 0.747272
0 0.366667 0.314815 0.0208333 0.107407 0.748397
0 0.743229 0.376852 0.0489583 0.357407 0.75205
0 0.366146 0.315741 0.0197917 0.105556 0.755535
0 0.74375 0.376852 0.0479167 0.361111 0.759285
0 0.0401042 0.339815 0.0635417 0.17963 0.761743
0 0.592188 0.322222 0.0260417 0.122222 0.761856
0 0.366146 0.315741 0.0197917 0.105556 0.765255
0 0.446354 0.331481 0.0260417 0.144444 0.767587
0 0.592708 0.322222 0.025 0.125926 0.774532
0 0.0401042 0.338889 0.065625 0.177778 0.779051
0 0.446354 0.331481 0.0260417 0.144444 0.783161
0 0.784896 0.387037 0.0739583 0.418519 0.795233
0 0.446354 0.331481 0.0260417 0.144444 0.800954
0 0.0395833 0.337963 0.0625 0.17963 0.803451
0 0.0395833 0.337963 0.0645833 0.17963 0.807176
0 0.0395833 0.337963 0.0625 0.17963 0.811351
0 0.0401042 0.338889 0.0635417 0.177778 0.82016
0 0.744271 0.375 0.0510417 0.364815 0.823148
0 0.366146 0.315741 0.0197917 0.101852 0.823172
0 0.0395833 0.337963 0.0625 0.17963 0.824202
0 0.783854 0.383333 0.0739583 0.418519 0.833667
0 0.744271 0.374074 0.0510417 0.362963 0.836193
0 0.744271 0.375 0.0510417 0.364815 0.83687
0 0.401563 0.326852 0.0260417 0.161111 0.839254
0 0.783333 0.383333 0.075 0.422222 0.842933
0 0.783333 0.383333 0.075 0.418519 0.845877
0 0.402083 0.326852 0.0270833 0.157407 0.846046
0 0.0395833 0.337963 0.0645833 0.17963 0.846934
