26 0.267188 0.560185 0.0364583 0.0611111 0.250754
0 0.390625 0.449074 0.0208333 0.0833333 0.253083
0 0.178125 0.500926 0.0354167 0.172222 0.256629
28 0.618229 0.584259 0.053125 0.0574074 0.261982
28 0.267708 0.558333 0.0354167 0.0611111 0.265948
0 0.339063 0.441667 0.0177083 0.0648148 0.268492
28 0.267708 0.558333 0.0354167 0.0611111 0.269083
0 0.178646 0.5 0.034375 0.17037 0.272789
28 0.266146 0.561111 0.034375 0.0592593 0.272803
28 0.266146 0.560185 0.034375 0.0611111 0.273089
28 0.628125 0.586111 0.075 0.0611111 0.275077
28 0.265625 0.560185 0.0354167 0.0611111 0.280226
28 0.623438 0.583333 0.0635417 0.062963 0.280614
28 0.628125 0.586111 0.0770833 0.0611111 0.280691
28 0.628125 0.587963 0.075 0.0611111 0.285145
7 0.0333333 0.525926 0.0645833 0.344444 0.294142
28 0.623438 0.584259 0.0635417 0.0611111 0.295133
28 0.628646 0.587963 0.0760417 0.0648148 0.297987
0 0.56875 0.45 0.0291667 0.0925926 0.301219
0 0.717188 0.515741 0.0489583 0.25 0.307424
0 0.270312 0.474074 0.0239583 0.122222 0.311941
28 0.631771 0.587037 0.0802083 0.062963 0.314386
0 0.567187 0.451852 0.021875 0.0888889 0.317383
28 0.63125 0.587963 0.0791667 0.0648148 0.328749
0 0.529167 0.440741 0.0166667 0.0740741 0.332414
0 0.179688 0.497222 0.0364583 0.168519 0.334905
0 0.716667 0.50463 0.0458333 0.235185 0.33706
7 0.0328125 0.526852 0.0635417 0.346296 0.337878
0 0.529167 0.440741 0.0166667 0.0740741 0.340912
0 0.561979 0.45 0.0197917 0.0888889 0.344098
0 0.567187 0.451852 0.021875 0.0888889 0.346975
7 0.0328125 0.532407 0.0635417 0.331481 0.352046
0 0.269271 0.476852 0.028125 0.135185 0.355445
0 0.561979 0.45 0.0197917 0.0925926 0.356313
0 0.565625 0.451852 0.0229167 0.0851852 0.357846
0 0.567187 0.451852 0.021875 0.0888889 0.359828
0 0.179688 0.497222 0.0364583 0.168519 0.359846
7 0.0322917 0.531482 0.0645833 0.337037 0.362057
0 0.529167 0.440741 0.0166667 0.0740741 0.368752
0 0.242708 0.497222 0.0354167 0.161111 0.370016
28 0.623958 0.583333 0.0625 0.0592593 0.370109
28 0.623438 0.582407 0.0635417 0.0648148 0.370791
0 0.230729 0.497222 0.040625 0.157407 0.372951
0 0.561979 0.450926 0.0197917 0.0907407 0.373283
0 0.24375 0.493519 0.0333333 0.153704 0.374257
0 0.243229 0.493519 0.034375 0.153704 0.374267
0 0.242188 0.497222 0.0364583 0.161111 0.376793
0 0.179688 0.497222 0.0364583 0.168519 0.377173
0 0.565625 0.450926 0.0229167 0.087037 0.377942
28 0.623438 0.582407 0.0635417 0.0648148 0.379522
28 0.623958 0.583333 0.0625 0.0592593 0.380487
0 0.716146 0.50463 0.046875 0.246296 0.381347
7 0.0317708 0.533333 0.0614583 0.32963 0.383222
0 0.565625 0.450926 0.0229167 0.087037 0.384202
0 0.230208 0.498148 0.0395833 0.155556 0.387738
7 0.0317708 0.533333 0.0614583 0.32963 0.388872
0 0.563021 0.452778 0.0197917 0.0907407 0.390463
0 0.269792 0.476852 0.0270833 0.138889 0.399764
0 0.295312 0.508333 0.0427083 0.209259 0.40146
28 0.630208 0.584259 0.0770833 0.0611111 0.40269
0 0.295312 0.508333 0.040625 0.209259 0.405397
7 0.0322917 0.530556 0.0645833 0.331481 0.405861
7 0.0317708 0.532407 0.0614583 0.327778 0.408412
0 0.229167 0.499074 0.0395833 0.157407 0.408862
7 0.0322917 0.530556 0.0625 0.331481 0.410273
7 0.0317708 0.531482 0.0635417 0.333333 0.410433
7 0.0322917 0.532407 0.0625 0.331481 0.41565
0 0.270833 0.475926 0.025 0.125926 0.415667
7 0.0322917 0.530556 0.0625 0.331481 0.423036
7 0.0322917 0.530556 0.0645833 0.335185 0.424655
28 0.629687 0.585185 0.0760417 0.062963 0.428256
7 0.0317708 0.530556 0.0635417 0.335185 0.429715
7 0.0322917 0.531482 0.0625 0.333333 0.432978
0 0.583333 0.45 0.01875 0.0888889 0.43298
0 0.715104 0.505556 0.0489583 0.237037 0.436101
0 0.230208 0.497222 0.0395833 0.157407 0.436349
0 0.229167 0.499074 0.0395833 0.157407 0.4366
0 0.528125 0.443519 0.0166667 0.0796296 0.436909
0 0.222917 0.5 0.0291667 0.155556 0.440596
0 0.528125 0.444444 0.0166667 0.0814815 0.440886
0 0.528125 0.444444 0.0166667 0.0814815 0.443541
0 0.714583 0.510185 0.0520833 0.235185 0.448254
0 0.223438 0.500926 0.028125 0.153704 0.45369
0 0.528125 0.444444 0.0166667 0.0814815 0.457017
0 0.583854 0.45 0.0197917 0.0888889 0.459593
0 0.270312 0.478704 0.0239583 0.153704 0.465989
0 0.270833 0.475926 0.025 0.12963 0.468042
0 0.270833 0.476852 0.025 0.131481 0.468478
0 0.583333 0.45 0.01875 0.0888889 0.468905
0 0.583333 0.45 0.01875 0.0962963 0.477946
0 0.270312 0.478704 0.0239583 0.153704 0.480843
0 0.179688 0.500926 0.0364583 0.168519 0.480862
0 0.292188 0.507407 0.0447917 0.207407 0.48103
0 0.228646 0.499074 0.040625 0.157407 0.481798
0 0.225 0.501852 0.0354167 0.155556 0.483569
0 0.528125 0.444444 0.0166667 0.0814815 0.490527
0 0.225 0.501852 0.0354167 0.155556 0.491539
0 0.179688 0.500926 0.0364583 0.168519 0.493167
0 0.269792 0.475926 0.025 0.133333 0.493687
0 0.294792 0.508333 0.0395833 0.212963 0.49388
0 0.528125 0.442593 0.0166667 0.0777778 0.494395
0 0.294792 0.506481 0.0395833 0.212963 0.496121
0 0.179688 0.500926 0.0364583 0.168519 0.496747
0 0.716667 0.515741 0.0520833 0.264815 0.497502
0 0.527604 0.442593 0.0177083 0.0814815 0.501314
0 0.528125 0.442593 0.0166667 0.0777778 0.502665
0 0.715625 0.506481 0.05 0.238889 0.511733
0 0.584896 0.448148 0.015625 0.0888889 0.511964
0 0.714583 0.510185 0.0520833 0.242593 0.51687
0 0.583854 0.449074 0.0177083 0.0907407 0.523543
0 0.227083 0.497222 0.0333333 0.153704 0.524803
0 0.717188 0.508333 0.053125 0.253704 0.528697
0 0.291146 0.509259 0.0427083 0.207407 0.534524
0 0.226562 0.497222 0.0322917 0.153704 0.534918
0 0.528125 0.442593 0.0166667 0.0777778 0.538235
0 0.584375 0.448148 0.01875 0.0925926 0.541215
0 0.584896 0.448148 0.0177083 0.0888889 0.541955
0 0.584896 0.448148 0.0177083 0.0888889 0.542039
0 0.583854 0.451852 0.0177083 0.0925926 0.544537
0 0.220313 0.5 0.028125 0.159259 0.545641
0 0.584375 0.449074 0.01875 0.0907407 0.545786
0 0.220833 0.500926 0.0291667 0.161111 0.546488
0 0.29375 0.507407 0.0416667 0.207407 0.547719
0 0.290625 0.509259 0.0416667 0.207407 0.551514
0 0.29375 0.507407 0.0416667 0.207407 0.578148
0 0.716667 0.508333 0.0520833 0.253704 0.579536
0 0.223438 0.500926 0.0302083 0.157407 0.609885
0 0.716146 0.510185 0.0510417 0.257407 0.61204
0 0.715625 0.505556 0.05 0.237037 0.62089
0 0.222396 0.500926 0.0302083 0.157407 0.630733
0 0.716667 0.510185 0.0479167 0.238889 0.633122
0 0.716667 0.508333 0.0520833 0.257407 0.646264
0 0.716146 0.510185 0.053125 0.257407 0.648654
0 0.222917 0.501852 0.0291667 0.155556 0.651822
0 0.223438 0.500926 0.0302083 0.157407 0.663696
0 0.221875 0.500926 0.0291667 0.157407 0.682521
0 0.221875 0.500926 0.0291667 0.157407 0.701245
0 0.716146 0.508333 0.0510417 0.25 0.712757
0 0.179688 0.500926 0.0364583 0.164815 0.717122
0 0.179688 0.501852 0.0364583 0.166667 0.725928
0 0.29375 0.508333 0.0416667 0.205556 0.740447
0 0.716146 0.509259 0.0510417 0.251852 0.740659
0 0.294271 0.506481 0.040625 0.205556 0.743406
0 0.179688 0.5 0.0364583 0.17037 0.743806
0 0.29375 0.509259 0.0416667 0.207407 0.755998
0 0.294271 0.506481 0.040625 0.209259 0.756636
0 0.294271 0.506481 0.040625 0.209259 0.757
0 0.716146 0.508333 0.0510417 0.25 0.76893
0 0.179688 0.500926 0.0364583 0.168519 0.771529
0 0.29375 0.509259 0.0416667 0.207407 0.783702
0 0.180729 0.499074 0.0364583 0.168519 0.791093
0 0.180729 0.499074 0.0364583 0.168519 0.79664
0 0.179688 0.5 0.0364583 0.17037 0.799141
0 0.179688 0.497222 0.0364583 0.168519 0.801886
0 0.716667 0.510185 0.0479167 0.246296 0.806345
0 0.179688 0.498148 0.0364583 0.17037 0.810309
0 0.180729 0.5 0.0364583 0.17037 0.814077
0 0.29375 0.508333 0.0416667 0.209259 0.835468
0 0.29375 0.508333 0.0416667 0.212963 0.839573
