0 0.230729 0.406481 0.0177083 0.0685185 0.250545
0 0.923437 0.638889 0.121875 0.711111 0.250651
0 0.923437 0.637037 0.121875 0.707407 0.251883
74 0.395312 0.0842593 0.040625 0.15 0.255341
13 0.452083 0.643519 0.11875 0.0981481 0.256034
0 0.315104 0.408333 0.015625 0.0833333 0.257093
13 0.408854 0.616667 0.213542 0.140741 0.257875
0 0.316146 0.413889 0.0135417 0.0722222 0.258657
0 0.0145833 0.475926 0.0291667 0.174074 0.260494
13 0.373437 0.585185 0.167708 0.0962963 0.262719
13 0.408854 0.615741 0.215625 0.138889 0.262776
13 0.449479 0.641667 0.123958 0.101852 0.263368
0 0.989062 0.375 0.021875 0.131481 0.266196
74 0.395312 0.0842593 0.040625 0.15 0.266479
13 0.285937 0.493519 0.0885417 0.0685185 0.267064
74 0.394792 0.0842593 0.0395833 0.15 0.268091
0 0.464063 0.462037 0.0322917 0.15 0.268322
0 0.230208 0.408333 0.0166667 0.0685185 0.269656
13 0.452083 0.643519 0.11875 0.0981481 0.270925
13 0.285937 0.497222 0.0885417 0.0685185 0.271714
0 0.364062 0.427778 0.0177083 0.0962963 0.274147
13 0.452083 0.643519 0.11875 0.0981481 0.27485
0 0.316146 0.413889 0.0135417 0.0722222 0.27676
0 0.0104167 0.475926 0.0208333 0.174074 0.281305
0 0.645833 0.45 0.0208333 0.114815 0.284231
0 0.645833 0.450926 0.0208333 0.116667 0.285212
13 0.285937 0.498148 0.0885417 0.0666667 0.285841
0 0.0125 0.475926 0.025 0.174074 0.292703
13 0.285937 0.494444 0.0885417 0.0666667 0.29298
0 0.315625 0.40463 0.0145833 0.087037 0.293367
0 0.988542 0.378704 0.0229167 0.131481 0.293563
0 0.315625 0.409259 0.0145833 0.0814815 0.29799
0 0.928125 0.623148 0.125 0.694444 0.301742
0 0.0104167 0.475926 0.0208333 0.174074 0.30306
0 0.645833 0.450926 0.0208333 0.112963 0.303492
0 0.0135417 0.475 0.0270833 0.175926 0.304767
0 0.0125 0.475 0.025 0.172222 0.305192
0 0.926042 0.646296 0.127083 0.655556 0.306167
0 0.455208 0.451852 0.04375 0.137037 0.311917
0 0.315625 0.409259 0.0145833 0.0814815 0.312388
0 0.0135417 0.475926 0.0270833 0.174074 0.314465
0 0.364583 0.437963 0.01875 0.112963 0.316052
0 0.457812 0.450926 0.0427083 0.138889 0.318462
0 0.927604 0.624074 0.126042 0.692593 0.32377
0 0.645312 0.447222 0.0197917 0.109259 0.335419
0 0.645833 0.447222 0.01875 0.109259 0.344011
0 0.364583 0.438889 0.01875 0.114815 0.344221
0 0.0130208 0.475926 0.0260417 0.17037 0.353531
0 0.439063 0.432407 0.0260417 0.116667 0.363014
0 0.458333 0.450926 0.04375 0.135185 0.363269
0 0.364583 0.437963 0.01875 0.112963 0.365446
0 0.645833 0.446296 0.01875 0.111111 0.374998
13 0.395312 0.607407 0.211458 0.12963 0.381085
74 0.395312 0.0842593 0.0427083 0.15 0.390016
0 0.927604 0.647222 0.128125 0.653704 0.39921
0 0.928125 0.62963 0.129167 0.648148 0.404472
74 0.395833 0.0842593 0.0416667 0.146296 0.405174
0 0.391667 0.436111 0.0291667 0.112963 0.406253
0 0.645833 0.45 0.0208333 0.114815 0.41404
13 0.40625 0.626852 0.216667 0.124074 0.419969
0 0.645312 0.45 0.0197917 0.114815 0.424127
0 0.645312 0.45 0.0197917 0.114815 0.429006
0 0.391667 0.436111 0.0270833 0.109259 0.435157
0 0.438542 0.432407 0.025 0.116667 0.443612
0 0.364583 0.437037 0.01875 0.107407 0.448381
0 0.392188 0.436111 0.028125 0.112963 0.450679
0 0.365625 0.437963 0.01875 0.112963 0.453724
0 0.365104 0.436111 0.0177083 0.112963 0.459107
0 0.645833 0.447222 0.0208333 0.109259 0.463472
0 0.646354 0.45 0.021875 0.107407 0.469989
0 0.646354 0.449074 0.021875 0.109259 0.483818
0 0.464063 0.464815 0.0322917 0.155556 0.485339
0 0.364583 0.437037 0.01875 0.111111 0.485832
0 0.391667 0.435185 0.0270833 0.107407 0.494016
0 0.365104 0.437037 0.0177083 0.107407 0.496843
0 0.364583 0.437037 0.01875 0.107407 0.497121
0 0.365104 0.436111 0.0177083 0.112963 0.498333
0 0.365104 0.436111 0.0177083 0.112963 0.501379
0 0.464063 0.464815 0.0322917 0.155556 0.504027
0 0.438542 0.435185 0.0229167 0.107407 0.504654
0 0.464063 0.463889 0.0322917 0.157407 0.509531
0 0.925 0.634259 0.120833 0.672222 0.512183
0 0.391667 0.437037 0.0270833 0.111111 0.515487
0 0.438542 0.435185 0.0229167 0.107407 0.52103
0 0.391667 0.436111 0.0270833 0.112963 0.525606
0 0.438021 0.42963 0.021875 0.111111 0.527543
0 0.438542 0.435185 0.0229167 0.107407 0.528399
0 0.391667 0.435185 0.0270833 0.107407 0.53424
0 0.391146 0.438889 0.0239583 0.103704 0.566444
0 0.929167 0.638889 0.127083 0.714815 0.568016
0 0.391146 0.438889 0.0239583 0.107407 0.592803
0 0.439063 0.436111 0.021875 0.109259 0.596503
0 0.392708 0.436111 0.025 0.112963 0.602647
0 0.391146 0.438889 0.0239583 0.103704 0.605164
0 0.929688 0.637963 0.128125 0.712963 0.605704
0 0.439063 0.428704 0.021875 0.109259 0.609235
0 0.439063 0.436111 0.021875 0.112963 0.617302
0 0.439063 0.435185 0.021875 0.111111 0.619676
0 0.392188 0.436111 0.0260417 0.105556 0.620683
0 0.438542 0.428704 0.0229167 0.109259 0.626411
0 0.438542 0.428704 0.0229167 0.109259 0.64184
0 0.391667 0.436111 0.0270833 0.112963 0.648198
0 0.461979 0.461111 0.0364583 0.155556 0.650973
0 0.461458 0.461111 0.0354167 0.155556 0.655007
0 0.392188 0.436111 0.0260417 0.109259 0.658581
0 0.927604 0.635185 0.128125 0.677778 0.667534
0 0.439063 0.431481 0.0239583 0.114815 0.670119
0 0.392188 0.436111 0.0260417 0.109259 0.672509
0 0.391667 0.436111 0.0270833 0.105556 0.675941
0 0.439063 0.433333 0.021875 0.114815 0.687105
0 0.439063 0.433333 0.021875 0.114815 0.688405
0 0.392188 0.435185 0.0260417 0.107407 0.693858
0 0.439063 0.433333 0.021875 0.114815 0.697664
0 0.928646 0.64537 0.128125 0.698148 0.697746
0 0.392188 0.436111 0.0260417 0.105556 0.708432
0 0.461458 0.462037 0.0354167 0.153704 0.714716
0 0.928646 0.644444 0.128125 0.696296 0.716349
0 0.928125 0.641667 0.129167 0.67963 0.752564
0 0.926042 0.641667 0.125 0.683333 0.7565
0 0.927083 0.637037 0.125 0.711111 0.769353
0 0.4625 0.464815 0.0333333 0.155556 0.778642
0 0.4625 0.464815 0.0333333 0.155556 0.794137
0 0.4625 0.464815 0.0333333 0.155556 0.813971
0 0.927083 0.637037 0.125 0.711111 0.827184
0 0.4625 0.463889 0.0333333 0.146296 0.832204
0 0.4625 0.464815 0.0333333 0.148148 0.833996
0 0.463021 0.462963 0.034375 0.151852 0.845747
0 0.4625 0.463889 0.0333333 0.153704 0.847989
