13 0.404167 0.573148 0.0833333 0.187037 0.252082
0 0.513542 0.338889 0.0145833 0.0703704 0.254404
0 0.353646 0.340741 0.015625 0.0740741 0.254903
0 0.446354 0.362963 0.0427083 0.118519 0.25696
0 0.470833 0.351852 0.0291667 0.1 0.257696
0 0.371354 0.334259 0.015625 0.0759259 0.262602
0 0.349479 0.342593 0.0177083 0.0740741 0.264855
13 0.404167 0.573148 0.0833333 0.187037 0.266117
0 0.0427083 0.387037 0.0354167 0.140741 0.269721
0 0.0432292 0.387037 0.034375 0.140741 0.272932
0 0.511979 0.338889 0.0177083 0.0703704 0.27314
0 0.572396 0.339815 0.015625 0.0685185 0.278113
0 0.348958 0.342593 0.0166667 0.0740741 0.280416
0 0.650521 0.380556 0.0510417 0.216667 0.281441
0 0.609375 0.366667 0.025 0.137037 0.283374
0 0.609375 0.366667 0.025 0.137037 0.290128
0 0.609375 0.37037 0.0229167 0.12963 0.29263
0 0.5125 0.337037 0.0166667 0.0666667 0.294806
0 0.511458 0.338889 0.0166667 0.0666667 0.296865
0 0.644792 0.381481 0.05 0.211111 0.301941
0 0.513542 0.338889 0.0145833 0.0703704 0.303409
0 0.573958 0.341667 0.0145833 0.0648148 0.307101
0 0.652604 0.383333 0.046875 0.214815 0.319872
0 0.442187 0.367593 0.0322917 0.138889 0.319932
0 0.442187 0.367593 0.0322917 0.138889 0.321631
0 0.573958 0.340741 0.0166667 0.0666667 0.326365
0 0.513021 0.337037 0.015625 0.0666667 0.328002
0 0.647917 0.383333 0.0541667 0.218519 0.33355
0 0.647396 0.381481 0.0510417 0.214815 0.335835
0 0.0380208 0.384259 0.0364583 0.138889 0.339695
0 0.0380208 0.385185 0.0364583 0.140741 0.339739
0 0.573958 0.341667 0.0166667 0.0648148 0.346868
0 0.648438 0.378704 0.053125 0.216667 0.35611
0 0.647917 0.383333 0.05625 0.222222 0.366137
0 0.647396 0.382407 0.0510417 0.212963 0.37101
0 0.5125 0.336111 0.0166667 0.0648148 0.371037
0 0.442708 0.366667 0.03125 0.137037 0.376476
0 0.609375 0.366667 0.0270833 0.137037 0.377057
0 0.0359375 0.380556 0.034375 0.146296 0.383847
0 0.369792 0.338889 0.0166667 0.0814815 0.384242
0 0.651042 0.383333 0.05 0.218519 0.387062
0 0.652083 0.383333 0.0479167 0.218519 0.387365
0 0.369271 0.339815 0.0197917 0.0796296 0.388821
0 0.0364583 0.382407 0.0354167 0.135185 0.390277
0 0.369792 0.338889 0.0166667 0.0814815 0.393595
0 0.651042 0.383333 0.05 0.222222 0.395114
0 0.0359375 0.381481 0.034375 0.144444 0.398306
0 0.0359375 0.381481 0.034375 0.144444 0.401485
0 0.572917 0.343519 0.0166667 0.0648148 0.402273
0 0.367188 0.337037 0.0177083 0.0814815 0.402477
13 0.405208 0.566667 0.0854167 0.185185 0.405793
0 0.494792 0.368519 0.0270833 0.125926 0.408259
0 0.439583 0.362963 0.0291667 0.137037 0.412399
0 0.496354 0.374074 0.0239583 0.133333 0.415669
0 0.572917 0.343519 0.0166667 0.0648148 0.420275
0 0.572917 0.342593 0.0166667 0.0666667 0.423339
13 0.405208 0.562037 0.0854167 0.175926 0.42548
0 0.495313 0.371296 0.0302083 0.138889 0.426135
0 0.369792 0.338889 0.0166667 0.0777778 0.434601
0 0.572917 0.343519 0.0166667 0.0648148 0.437671
0 0.440104 0.367593 0.028125 0.15 0.44236
0 0.369271 0.339815 0.0177083 0.0796296 0.443341
0 0.572917 0.342593 0.0166667 0.0666667 0.443503
0 0.440104 0.367593 0.028125 0.146296 0.446658
0 0.608854 0.364815 0.0260417 0.133333 0.447567
0 0.572917 0.342593 0.0166667 0.0666667 0.452715
13 0.405208 0.566667 0.0854167 0.185185 0.453184
0 0.040625 0.380556 0.0375 0.15 0.455618
13 0.404687 0.561111 0.084375 0.166667 0.45896
0 0.652083 0.383333 0.0479167 0.214815 0.459442
0 0.0401042 0.380556 0.0385417 0.15 0.469382
13 0.404687 0.561111 0.084375 0.166667 0.469595
0 0.496354 0.372222 0.028125 0.137037 0.472921
13 0.404687 0.561111 0.084375 0.166667 0.474251
13 0.405208 0.562037 0.0854167 0.175926 0.474679
0 0.369271 0.339815 0.0177083 0.0796296 0.474984
0 0.609375 0.366667 0.025 0.133333 0.481161
0 0.370313 0.337037 0.0177083 0.0777778 0.485586
0 0.369271 0.338889 0.0177083 0.0777778 0.48574
0 0.0401042 0.380556 0.0385417 0.15 0.496817
0 0.495833 0.371296 0.0291667 0.138889 0.507837
0 0.495313 0.372222 0.0260417 0.133333 0.510755
0 0.496354 0.373148 0.028125 0.138889 0.515258
0 0.495833 0.371296 0.0291667 0.138889 0.515329
0 0.0369792 0.381481 0.0364583 0.148148 0.529175
0 0.440104 0.364815 0.0302083 0.133333 0.535171
0 0.439063 0.362037 0.028125 0.142593 0.546007
0 0.494792 0.368519 0.0270833 0.133333 0.552504
0 0.572917 0.343519 0.0166667 0.0648148 0.554558
0 0.0375 0.381481 0.0375 0.148148 0.558474
0 0.494271 0.368519 0.0260417 0.133333 0.559194
0 0.439063 0.362037 0.028125 0.142593 0.55954
0 0.609375 0.365741 0.025 0.135185 0.573076
0 0.495833 0.373148 0.025 0.135185 0.5835
0 0.495833 0.371296 0.0291667 0.138889 0.585664
0 0.609375 0.364815 0.025 0.12963 0.587466
0 0.329167 0.35 0.0208333 0.0888889 0.591399
0 0.329688 0.35 0.0197917 0.0888889 0.595633
0 0.495833 0.374074 0.025 0.133333 0.60304
0 0.496354 0.372222 0.028125 0.137037 0.610146
0 0.329688 0.350926 0.0197917 0.087037 0.612762
0 0.329688 0.35 0.0197917 0.0888889 0.622833
0 0.609375 0.364815 0.025 0.12963 0.626758
13 0.405208 0.562963 0.0833333 0.17037 0.631085
0 0.0369792 0.381481 0.0364583 0.148148 0.631213
0 0.495313 0.371296 0.028125 0.138889 0.643092
13 0.405208 0.562037 0.0833333 0.168519 0.648876
0 0.329688 0.350926 0.0197917 0.0907407 0.655202
0 0.609375 0.364815 0.025 0.12963 0.657729
0 0.236458 0.444444 0.116667 0.422222 0.658349
0 0.329688 0.348148 0.0197917 0.0851852 0.660322
0 0.329688 0.350926 0.0197917 0.0907407 0.66081
0 0.495313 0.371296 0.028125 0.138889 0.664562
0 0.608854 0.364815 0.0239583 0.12963 0.666206
13 0.404687 0.562037 0.084375 0.175926 0.667324
13 0.404167 0.562037 0.0833333 0.168519 0.667919
13 0.404687 0.562037 0.084375 0.172222 0.669179
0 0.648958 0.382407 0.0520833 0.216667 0.671089
13 0.404687 0.562963 0.084375 0.174074 0.672029
0 0.609375 0.363889 0.025 0.131481 0.67451
0 0.329688 0.349074 0.0177083 0.087037 0.6786
0 0.609375 0.363889 0.025 0.131481 0.67981
0 0.0390625 0.384259 0.0385417 0.146296 0.681298
0 0.495313 0.373148 0.0260417 0.135185 0.681379
0 0.495313 0.372222 0.0260417 0.137037 0.681398
0 0.648958 0.382407 0.0520833 0.216667 0.681638
0 0.609375 0.366667 0.025 0.133333 0.681973
0 0.0385417 0.380556 0.0375 0.146296 0.684702
13 0.404687 0.562963 0.084375 0.17037 0.686465
13 0.404687 0.562963 0.084375 0.17037 0.691895
13 0.404687 0.562963 0.084375 0.17037 0.692972
13 0.404167 0.562963 0.0854167 0.17037 0.694654
0 0.0390625 0.383333 0.0385417 0.144444 0.696625
0 0.0369792 0.382407 0.0364583 0.138889 0.700901
0 0.650521 0.383333 0.053125 0.218519 0.705155
0 0.0369792 0.381481 0.0364583 0.140741 0.705808
13 0.404167 0.561111 0.0833333 0.166667 0.706084
0 0.440104 0.367593 0.0302083 0.138889 0.709121
0 0.440104 0.367593 0.0302083 0.138889 0.712456
0 0.0385417 0.380556 0.0375 0.146296 0.716928
0 0.608854 0.365741 0.0239583 0.131481 0.724466
0 0.329167 0.349074 0.01875 0.087037 0.72657
0 0.650521 0.382407 0.053125 0.22037 0.735212
13 0.404687 0.562037 0.084375 0.168519 0.738857
0 0.329688 0.348148 0.0197917 0.0888889 0.744314
0 0.234375 0.443519 0.114583 0.412963 0.744845
0 0.234375 0.443519 0.114583 0.416667 0.74538
0 0.0385417 0.380556 0.0375 0.146296 0.749197
0 0.650521 0.383333 0.0510417 0.218519 0.750422
0 0.234375 0.444444 0.114583 0.414815 0.751743
0 0.650521 0.382407 0.053125 0.22037 0.76915
0 0.440104 0.366667 0.0302083 0.140741 0.769346
0 0.329688 0.348148 0.0197917 0.0888889 0.770015
0 0.329688 0.348148 0.0197917 0.0888889 0.770322
0 0.440104 0.364815 0.0302083 0.137037 0.774136
0 0.650521 0.384259 0.0510417 0.22037 0.775123
0 0.440104 0.365741 0.0302083 0.138889 0.78015
0 0.650521 0.382407 0.053125 0.224074 0.790512
0 0.440625 0.366667 0.0291667 0.140741 0.793484
0 0.236979 0.439815 0.117708 0.424074 0.794995
0 0.650521 0.382407 0.0510417 0.22037 0.798409
0 0.65 0.382407 0.0520833 0.224074 0.799405
0 0.440625 0.366667 0.0291667 0.140741 0.801553
0 0.439583 0.362963 0.0291667 0.140741 0.801786
0 0.236458 0.439815 0.11875 0.42037 0.805731
0 0.65 0.381481 0.0520833 0.218519 0.808203
0 0.439583 0.363889 0.0291667 0.138889 0.810301
0 0.649479 0.381481 0.0510417 0.222222 0.812961
0 0.236458 0.439815 0.116667 0.42037 0.813782
0 0.440625 0.367593 0.0291667 0.142593 0.815114
0 0.236458 0.444444 0.116667 0.418519 0.828423
0 0.235938 0.440741 0.115625 0.411111 0.866563
0 0.235938 0.440741 0.115625 0.411111 0.882818
0 0.235938 0.443519 0.117708 0.412963 0.901692
0 0.235938 0.444444 0.115625 0.411111 0.907136
0 0.235938 0.44537 0.115625 0.412963 0.909892
0 0.235938 0.443519 0.117708 0.412963 0.910332
0 0.235417 0.44537 0.116667 0.412963 0.910583
