0 0.25 0.339815 0.01875 0.087037 0.251376
13 0.161979 0.497222 0.159375 0.164815 0.252335
0 0.195833 0.337037 0.06875 0.159259 0.254849
0 0.456771 0.352778 0.015625 0.0796296 0.255803
13 0.365625 0.55463 0.09375 0.109259 0.256208
0 0.195833 0.336111 0.0666667 0.157407 0.262323
13 0.417188 0.457407 0.040625 0.0888889 0.262743
0 0.375521 0.335185 0.015625 0.0666667 0.262754
13 0.365625 0.55463 0.09375 0.109259 0.263591
0 0.266667 0.344444 0.0208333 0.0814815 0.268271
13 0.364583 0.55463 0.1 0.109259 0.269208
13 0.356771 0.556481 0.115625 0.116667 0.270101
0 0.440625 0.369444 0.0270833 0.135185 0.270901
13 0.357292 0.555556 0.11875 0.118519 0.272406
0 0.440625 0.369444 0.0270833 0.138889 0.272575
0 0.44375 0.359259 0.0270833 0.107407 0.273939
13 0.357292 0.556481 0.11875 0.116667 0.276072
0 0.266667 0.344444 0.0208333 0.0814815 0.278769
0 0.654167 0.359259 0.0208333 0.103704 0.28357
0 0.654688 0.358333 0.0197917 0.101852 0.28772
0 0.266667 0.34537 0.0208333 0.0796296 0.289548
13 0.161979 0.499074 0.157292 0.161111 0.291688
13 0.417188 0.459259 0.040625 0.0814815 0.300281
0 0.376563 0.337963 0.009375 0.0648148 0.301439
0 0.479167 0.372222 0.01875 0.122222 0.302317
0 0.261979 0.342593 0.034375 0.0814815 0.302658
13 0.417188 0.460185 0.040625 0.0833333 0.305114
0 0.479688 0.372222 0.0177083 0.125926 0.308569
0 0.28125 0.344444 0.0208333 0.0777778 0.309453
0 0.654167 0.358333 0.0208333 0.101852 0.312019
13 0.161979 0.498148 0.157292 0.159259 0.31207
0 0.376563 0.337963 0.009375 0.0648148 0.3123
0 0.257292 0.340741 0.0229167 0.0851852 0.322866
0 0.5625 0.369444 0.03125 0.15 0.330842
0 0.266667 0.344444 0.0208333 0.0777778 0.33334
13 0.417188 0.457407 0.0385417 0.0851852 0.335442
0 0.266667 0.344444 0.0208333 0.0777778 0.339088
0 0.282813 0.343519 0.0197917 0.0796296 0.34179
0 0.479167 0.372222 0.01875 0.125926 0.343411
0 0.5625 0.369444 0.03125 0.15 0.347678
0 0.282813 0.343519 0.0197917 0.0796296 0.348524
0 0.266667 0.344444 0.0208333 0.0777778 0.34932
13 0.417188 0.458333 0.0385417 0.0833333 0.351155
13 0.417188 0.458333 0.0385417 0.0833333 0.357698
0 0.376563 0.337963 0.0114583 0.0574074 0.365778
0 0.282813 0.343519 0.0197917 0.0796296 0.366049
0 0.658333 0.356481 0.0229167 0.105556 0.372105
0 0.658333 0.356481 0.0208333 0.105556 0.379104
0 0.192708 0.337037 0.0645833 0.155556 0.387049
0 0.25625 0.340741 0.025 0.0851852 0.388519
0 0.318229 0.419444 0.0635417 0.324074 0.391038
13 0.416667 0.458333 0.0395833 0.0833333 0.392147
0 0.60625 0.381481 0.03125 0.133333 0.392379
0 0.658854 0.356481 0.021875 0.105556 0.393268
0 0.376563 0.338889 0.0114583 0.0592593 0.394584
13 0.416667 0.458333 0.0416667 0.0833333 0.39553
0 0.281771 0.34537 0.0197917 0.0796296 0.396089
0 0.192708 0.337037 0.0625 0.155556 0.396597
0 0.282292 0.346296 0.0208333 0.0777778 0.398474
0 0.655729 0.362963 0.021875 0.0962963 0.399116
0 0.319271 0.42037 0.0635417 0.318519 0.405571
0 0.258854 0.342593 0.0239583 0.0814815 0.406769
0 0.281771 0.34537 0.0197917 0.0759259 0.410836
13 0.417188 0.457407 0.040625 0.0851852 0.412431
13 0.417188 0.457407 0.040625 0.0851852 0.414539
0 0.258854 0.342593 0.0239583 0.0814815 0.417547
0 0.256771 0.342593 0.0260417 0.0851852 0.41976
0 0.258854 0.342593 0.0239583 0.0814815 0.422791
0 0.257812 0.341667 0.0260417 0.087037 0.428027
13 0.360938 0.55463 0.101042 0.112963 0.429513
0 0.256771 0.342593 0.0260417 0.0851852 0.430464
13 0.360938 0.55463 0.101042 0.112963 0.445086
0 0.31875 0.414815 0.0604167 0.318519 0.445434
0 0.607813 0.37963 0.0322917 0.133333 0.447036
13 0.360938 0.55463 0.101042 0.112963 0.453279
0 0.655729 0.362963 0.021875 0.0962963 0.457649
0 0.951563 0.62037 0.096875 0.751852 0.458827
0 0.655729 0.362963 0.021875 0.0962963 0.460751
0 0.952083 0.62037 0.0958333 0.748148 0.473634
0 0.319271 0.42037 0.0635417 0.322222 0.480115
13 0.363021 0.557407 0.103125 0.111111 0.486593
0 0.191667 0.334259 0.0604167 0.157407 0.49793
0 0.952604 0.644444 0.0927083 0.711111 0.500296
0 0.442187 0.368519 0.028125 0.12963 0.500957
13 0.358333 0.555556 0.10625 0.114815 0.50285
0 0.952604 0.643519 0.0927083 0.709259 0.503316
0 0.65625 0.357407 0.0208333 0.1 0.50354
0 0.65625 0.360185 0.0208333 0.109259 0.506096
0 0.191667 0.334259 0.0625 0.157407 0.515728
0 0.656771 0.359259 0.021875 0.107407 0.525087
0 0.65625 0.357407 0.0208333 0.1 0.526314
0 0.443229 0.365741 0.028125 0.12037 0.530642
0 0.65625 0.358333 0.0208333 0.101852 0.532906
0 0.60625 0.381481 0.03125 0.137037 0.536044
13 0.360938 0.556481 0.101042 0.112963 0.536982
0 0.60625 0.381481 0.03125 0.137037 0.5405
13 0.360938 0.555556 0.101042 0.114815 0.550485
13 0.360938 0.556481 0.101042 0.112963 0.552346
0 0.478646 0.367593 0.021875 0.12037 0.564914
0 0.952083 0.638889 0.0958333 0.722222 0.565609
0 0.442187 0.367593 0.028125 0.131481 0.572037
0 0.478646 0.368519 0.021875 0.122222 0.577536
0 0.478646 0.368519 0.021875 0.118519 0.579689
0 0.442187 0.365741 0.0260417 0.131481 0.588134
0 0.191667 0.336111 0.0666667 0.157407 0.590822
13 0.359896 0.55463 0.103125 0.116667 0.59117
0 0.442187 0.368519 0.028125 0.12963 0.593998
0 0.443229 0.364815 0.028125 0.125926 0.595293
0 0.443229 0.364815 0.028125 0.125926 0.597669
0 0.564583 0.372222 0.03125 0.155556 0.604519
0 0.564062 0.373148 0.0322917 0.153704 0.619962
0 0.192708 0.334259 0.0666667 0.157407 0.627055
0 0.442187 0.368519 0.0260417 0.125926 0.635846
0 0.655729 0.359259 0.0197917 0.111111 0.636691
0 0.607813 0.380556 0.0322917 0.135185 0.63822
0 0.479167 0.37037 0.0208333 0.125926 0.641898
0 0.478646 0.369444 0.021875 0.127778 0.64194
0 0.193229 0.336111 0.065625 0.157407 0.643811
0 0.607813 0.380556 0.0302083 0.135185 0.647632
0 0.479167 0.369444 0.0208333 0.124074 0.650539
0 0.479167 0.369444 0.0208333 0.124074 0.652738
0 0.442187 0.368519 0.028125 0.133333 0.653787
0 0.479167 0.369444 0.0208333 0.124074 0.654221
0 0.192188 0.335185 0.0677083 0.159259 0.656206
0 0.192708 0.335185 0.0645833 0.159259 0.667594
0 0.606771 0.37963 0.0322917 0.144444 0.671709
0 0.607292 0.380556 0.03125 0.135185 0.674082
0 0.607292 0.37963 0.03125 0.144444 0.676865
0 0.192708 0.335185 0.0645833 0.159259 0.692303
0 0.952604 0.625926 0.0947917 0.718518 0.697242
0 0.442708 0.367593 0.0270833 0.131481 0.701741
0 0.607292 0.380556 0.03125 0.142593 0.715851
0 0.442187 0.364815 0.0260417 0.137037 0.717852
0 0.191667 0.335185 0.0645833 0.155556 0.71794
0 0.442187 0.365741 0.0260417 0.135185 0.727516
0 0.317708 0.412963 0.0583333 0.318519 0.727656
0 0.191667 0.335185 0.0645833 0.155556 0.733074
0 0.191667 0.335185 0.0645833 0.155556 0.749188
0 0.319271 0.42037 0.059375 0.325926 0.761748
0 0.563542 0.371296 0.03125 0.153704 0.764069
0 0.563542 0.371296 0.03125 0.15 0.768468
0 0.191667 0.335185 0.0645833 0.155556 0.769111
0 0.192708 0.334259 0.0645833 0.157407 0.769803
0 0.192188 0.335185 0.065625 0.155556 0.77194
0 0.192708 0.335185 0.0645833 0.155556 0.772837
0 0.192188 0.335185 0.0635417 0.155556 0.773732
0 0.564062 0.371296 0.0302083 0.15 0.775359
0 0.563021 0.369444 0.0302083 0.153704 0.775861
0 0.564062 0.371296 0.0302083 0.15 0.776231
0 0.951042 0.627778 0.0979167 0.744444 0.777643
0 0.191667 0.335185 0.0645833 0.155556 0.780154
0 0.607292 0.37963 0.03125 0.140741 0.783765
0 0.563542 0.37037 0.03125 0.151852 0.783933
0 0.563542 0.372222 0.03125 0.151852 0.784626
0 0.607292 0.380556 0.03125 0.138889 0.78806
0 0.563542 0.372222 0.03125 0.151852 0.789334
0 0.607292 0.37963 0.03125 0.140741 0.791474
0 0.191667 0.335185 0.0645833 0.155556 0.793898
0 0.607292 0.380556 0.03125 0.138889 0.794179
0 0.318229 0.421296 0.059375 0.324074 0.794888
0 0.318229 0.423148 0.0614583 0.324074 0.797148
0 0.192188 0.335185 0.065625 0.155556 0.797293
0 0.607292 0.37963 0.03125 0.140741 0.806366
0 0.318229 0.423148 0.0614583 0.324074 0.807173
0 0.564062 0.371296 0.0302083 0.15 0.807566
0 0.318229 0.421296 0.059375 0.324074 0.807761
0 0.607292 0.37963 0.03125 0.137037 0.810005
0 0.318229 0.42037 0.059375 0.322222 0.810389
0 0.563542 0.371296 0.03125 0.153704 0.812068
0 0.31875 0.423148 0.0604167 0.324074 0.813224
0 0.607292 0.381481 0.03125 0.137037 0.821957
0 0.607292 0.381481 0.03125 0.137037 0.822719
0 0.952083 0.636111 0.0958333 0.724074 0.826175
0 0.31875 0.421296 0.0604167 0.32037 0.83366
0 0.31875 0.42037 0.0604167 0.318519 0.84854
0 0.318229 0.421296 0.059375 0.32037 0.852621
0 0.318229 0.42037 0.059375 0.318519 0.856334
0 0.318229 0.42037 0.059375 0.318519 0.861278
0 0.952083 0.623148 0.0958333 0.742593 0.897565
0 0.952083 0.627778 0.0958333 0.740741 0.89859
0 0.952083 0.628704 0.0958333 0.738889 0.903979
0 0.952604 0.624074 0.0947917 0.744444 0.904667
