0 0.5 0.362963 0.0291667 0.144444 0.251792
24 0.967188 0.476852 0.065625 0.142593 0.252805
0 0.504687 0.363889 0.034375 0.138889 0.253692
0 0.293229 0.325 0.028125 0.0944444 0.254325
26 0.809896 0.686111 0.0364583 0.168519 0.256025
0 0.293229 0.321296 0.0260417 0.0944444 0.258292
0 0.629687 0.355556 0.021875 0.0925926 0.258493
0 0.090625 0.309259 0.0125 0.0481481 0.261922
24 0.967708 0.476852 0.0645833 0.142593 0.263767
0 0.090625 0.309259 0.0125 0.0481481 0.265335
0 0.572917 0.360185 0.0229167 0.124074 0.267651
0 0.29375 0.323148 0.0270833 0.0907407 0.26881
26 0.809896 0.690741 0.0385417 0.159259 0.270958
0 0.293229 0.322222 0.0260417 0.0962963 0.271852
26 0.809896 0.692593 0.0364583 0.148148 0.275492
0 0.293229 0.322222 0.0260417 0.0962963 0.275666
0 0.572917 0.361111 0.0229167 0.125926 0.27713
0 0.630208 0.35463 0.0208333 0.0944444 0.277327
0 0.632292 0.355556 0.01875 0.0888889 0.279
24 0.967708 0.476852 0.0645833 0.142593 0.280124
0 0.293229 0.321296 0.0260417 0.0907407 0.281725
26 0.809896 0.690741 0.0385417 0.155556 0.28343
0 0.780729 0.587963 0.123958 0.65 0.283532
0 0.858333 0.406481 0.06875 0.316667 0.284041
0 0.928646 0.588889 0.142708 0.7 0.285938
0 0.572396 0.361111 0.021875 0.125926 0.292342
0 0.505208 0.363889 0.0333333 0.138889 0.296521
0 0.924479 0.593518 0.134375 0.698148 0.297642
0 0.857292 0.410185 0.0708333 0.346296 0.301709
0 0.630208 0.355556 0.0208333 0.0925926 0.305192
0 0.857292 0.411111 0.0708333 0.348148 0.305722
0 0.497917 0.356481 0.0229167 0.131481 0.307059
0 0.632292 0.355556 0.01875 0.0925926 0.307096
0 0.926042 0.600926 0.125 0.653704 0.308162
26 0.809896 0.691667 0.0385417 0.157407 0.308437
0 0.776042 0.593518 0.114583 0.638889 0.311203
0 0.5 0.362963 0.0270833 0.144444 0.313487
0 0.0307292 0.380556 0.0364583 0.187037 0.314578
0 0.857292 0.411111 0.0708333 0.348148 0.315174
0 0.293229 0.321296 0.0260417 0.0944444 0.317405
0 0.517708 0.362963 0.04375 0.133333 0.32051
0 0.293229 0.321296 0.0260417 0.0907407 0.321508
0 0.632292 0.355556 0.01875 0.0888889 0.328287
0 0.163542 0.340741 0.025 0.103704 0.331791
0 0.0307292 0.380556 0.0364583 0.187037 0.333818
24 0.966146 0.473148 0.0677083 0.172222 0.335787
0 0.777604 0.587037 0.126042 0.625926 0.345588
0 0.496875 0.362963 0.025 0.144444 0.34586
0 0.520312 0.362963 0.040625 0.133333 0.352469
0 0.504687 0.362037 0.028125 0.142593 0.353836
0 0.504687 0.362037 0.028125 0.142593 0.354582
0 0.163542 0.338889 0.0270833 0.103704 0.358231
0 0.630729 0.349074 0.0197917 0.0907407 0.362895
0 0.0302083 0.374074 0.0395833 0.185185 0.370133
0 0.520833 0.362037 0.0395833 0.135185 0.386268
0 0.0302083 0.374074 0.0395833 0.181481 0.392767
0 0.0291667 0.376852 0.0375 0.183333 0.396138
0 0.498958 0.362037 0.0270833 0.142593 0.398136
0 0.857292 0.436111 0.0708333 0.390741 0.399481
0 0.580729 0.371296 0.0364583 0.138889 0.401988
0 0.580729 0.371296 0.0364583 0.138889 0.402047
0 0.161979 0.340741 0.0239583 0.103704 0.402254
0 0.856771 0.435185 0.071875 0.388889 0.40401
0 0.933854 0.59537 0.132292 0.701852 0.407664
0 0.777083 0.591667 0.127083 0.642593 0.411533
0 0.630729 0.349074 0.0197917 0.0907407 0.414086
0 0.630729 0.349074 0.0197917 0.0907407 0.41419
0 0.856771 0.435185 0.0697917 0.388889 0.418549
0 0.371354 0.360185 0.0302083 0.172222 0.421701
0 0.0291667 0.376852 0.0375 0.183333 0.422471
0 0.371354 0.360185 0.0302083 0.172222 0.424746
0 0.161979 0.339815 0.0239583 0.105556 0.427256
0 0.164583 0.341667 0.025 0.105556 0.428245
0 0.161979 0.339815 0.0239583 0.105556 0.430598
0 0.164583 0.341667 0.025 0.105556 0.455903
0 0.164583 0.341667 0.025 0.105556 0.456099
0 0.527604 0.362037 0.028125 0.135185 0.462677
0 0.93125 0.593518 0.13125 0.687037 0.466796
0 0.527083 0.359259 0.0270833 0.12963 0.469299
0 0.526042 0.359259 0.0270833 0.12963 0.490546
0 0.932813 0.594444 0.134375 0.7 0.493307
0 0.527604 0.359259 0.0260417 0.137037 0.499248
0 0.527604 0.359259 0.0260417 0.137037 0.502566
0 0.630729 0.352778 0.0197917 0.0944444 0.502788
0 0.503646 0.357407 0.028125 0.144444 0.507035
0 0.503646 0.358333 0.028125 0.142593 0.512624
0 0.858333 0.45 0.0729167 0.414815 0.52052
0 0.497917 0.357407 0.0229167 0.144444 0.523257
0 0.497917 0.357407 0.0229167 0.144444 0.524935
0 0.858333 0.450926 0.0729167 0.412963 0.53134
0 0.858333 0.450926 0.0729167 0.416667 0.53336
0 0.779688 0.589815 0.119792 0.642593 0.533881
0 0.775521 0.591667 0.115625 0.653704 0.537048
0 0.630729 0.353704 0.0197917 0.0962963 0.550241
0 0.630729 0.353704 0.0197917 0.0962963 0.556052
0 0.856771 0.447222 0.071875 0.424074 0.562767
0 0.527083 0.362037 0.0270833 0.135185 0.567768
0 0.370313 0.362037 0.0322917 0.172222 0.573859
0 0.527604 0.361111 0.028125 0.133333 0.576006
0 0.583333 0.375 0.0354167 0.146296 0.576554
0 0.63125 0.355556 0.0208333 0.103704 0.579951
0 0.526563 0.360185 0.0260417 0.131481 0.579997
0 0.582292 0.373148 0.0354167 0.146296 0.580971
0 0.582812 0.375 0.034375 0.146296 0.583643
0 0.526563 0.360185 0.0260417 0.131481 0.584422
0 0.63125 0.35463 0.0208333 0.101852 0.591203
0 0.581771 0.373148 0.034375 0.146296 0.595254
0 0.857813 0.437037 0.071875 0.403704 0.597471
0 0.856771 0.447222 0.0739583 0.427778 0.598255
0 0.582812 0.374074 0.034375 0.144444 0.603194
0 0.930729 0.593518 0.132292 0.687037 0.604063
0 0.584896 0.375926 0.0302083 0.148148 0.606172
0 0.369792 0.361111 0.03125 0.177778 0.61061
0 0.585938 0.375 0.0302083 0.146296 0.613022
0 0.527604 0.360185 0.0260417 0.127778 0.618965
0 0.582812 0.375 0.034375 0.146296 0.62212
0 0.857813 0.436111 0.071875 0.401852 0.622274
0 0.369792 0.362037 0.03125 0.172222 0.626822
0 0.369792 0.361111 0.03125 0.177778 0.629801
0 0.583333 0.375926 0.0354167 0.144444 0.636388
0 0.583854 0.375926 0.034375 0.144444 0.637409
0 0.528125 0.361111 0.0270833 0.133333 0.638812
0 0.779688 0.588889 0.123958 0.633333 0.65486
0 0.583333 0.375 0.0354167 0.146296 0.65704
0 0.630729 0.353704 0.0197917 0.1 0.658925
0 0.369792 0.362037 0.03125 0.175926 0.664389
0 0.03125 0.376852 0.0375 0.183333 0.672898
0 0.527604 0.362037 0.0260417 0.135185 0.67471
0 0.369792 0.360185 0.03125 0.172222 0.677354
0 0.369792 0.360185 0.03125 0.172222 0.687315
0 0.925521 0.594444 0.126042 0.674074 0.69027
0 0.369792 0.362037 0.03125 0.172222 0.694852
0 0.527604 0.361111 0.0260417 0.125926 0.697245
0 0.527604 0.361111 0.0260417 0.125926 0.703045
0 0.528125 0.361111 0.0270833 0.133333 0.715071
0 0.0307292 0.376852 0.0385417 0.183333 0.715505
0 0.582812 0.374074 0.0322917 0.151852 0.717954
0 0.93125 0.599074 0.1375 0.687037 0.720417
0 0.582812 0.374074 0.0322917 0.148148 0.72225
0 0.857813 0.443519 0.071875 0.409259 0.724724
0 0.780208 0.593518 0.125 0.642593 0.725072
0 0.857813 0.443519 0.071875 0.409259 0.725358
0 0.370313 0.362037 0.0322917 0.175926 0.730359
0 0.921875 0.596296 0.120833 0.67037 0.731177
0 0.857813 0.444444 0.071875 0.411111 0.735115
0 0.369792 0.361111 0.03125 0.174074 0.736331
0 0.858333 0.441667 0.0729167 0.416667 0.738874
0 0.779167 0.587963 0.120833 0.646296 0.742046
0 0.370313 0.362037 0.0322917 0.175926 0.753199
0 0.778125 0.592593 0.125 0.637037 0.753611
0 0.858333 0.443519 0.0729167 0.416667 0.761843
0 0.369271 0.361111 0.0302083 0.174074 0.772814
0 0.0307292 0.377778 0.0364583 0.181481 0.77735
0 0.369271 0.362037 0.0302083 0.175926 0.781627
0 0.930729 0.6 0.136458 0.685185 0.783845
0 0.03125 0.376852 0.0375 0.183333 0.794768
0 0.03125 0.377778 0.0375 0.181481 0.806079
0 0.778125 0.592593 0.125 0.637037 0.814142
0 0.0302083 0.375926 0.0395833 0.185185 0.819493
0 0.779167 0.591667 0.125 0.638889 0.827554
0 0.03125 0.377778 0.0375 0.181481 0.829788
0 0.0302083 0.376852 0.0395833 0.187037 0.832968
0 0.0317708 0.378704 0.034375 0.187037 0.84412
0 0.779167 0.591667 0.125 0.638889 0.850524
0 0.0317708 0.378704 0.034375 0.187037 0.855253
0 0.0322917 0.378704 0.0354167 0.187037 0.857234
