24 0.970833 0.468519 0.0583333 0.155556 0.2515
0 0.0921875 0.312963 0.0135417 0.0555556 0.252025
0 0.09375 0.316667 0.0145833 0.0592593 0.253209
0 0.497396 0.361111 0.028125 0.148148 0.25385
0 0.785417 0.583333 0.129167 0.655556 0.257301
0 0.09375 0.318519 0.0166667 0.0592593 0.258234
0 0.0942708 0.315741 0.015625 0.0611111 0.263098
24 0.96875 0.47037 0.0625 0.148148 0.265105
26 0.824479 0.524074 0.0427083 0.118519 0.266416
0 0.148958 0.334259 0.0166667 0.0907407 0.266546
0 0.426562 0.328704 0.0135417 0.0425926 0.271563
0 0.634896 0.353704 0.0239583 0.111111 0.272368
1 0.980729 0.700926 0.0385417 0.124074 0.274617
0 0.934375 0.590741 0.13125 0.744444 0.275716
0 0.634896 0.35463 0.0260417 0.112963 0.275871
0 0.09375 0.316667 0.0145833 0.0592593 0.277209
0 0.295312 0.328704 0.028125 0.0907407 0.278757
1 0.980729 0.701852 0.0385417 0.125926 0.279502
0 0.427083 0.328704 0.0125 0.0425926 0.279682
1 0.980729 0.700926 0.0385417 0.124074 0.280765
0 0.635417 0.353704 0.025 0.111111 0.281264
26 0.824479 0.524074 0.0427083 0.118519 0.283864
26 0.824479 0.524074 0.0427083 0.118519 0.286707
0 0.295312 0.325 0.0260417 0.0981481 0.287314
26 0.822396 0.523148 0.0385417 0.124074 0.289403
0 0.504167 0.363889 0.0291667 0.135185 0.290429
26 0.822396 0.524074 0.0385417 0.125926 0.290913
0 0.499479 0.362963 0.028125 0.144444 0.296856
1 0.980729 0.702778 0.0385417 0.124074 0.305143
0 0.295312 0.325 0.0260417 0.0981481 0.306474
26 0.822917 0.524074 0.0395833 0.122222 0.308315
0 0.872396 0.453704 0.0760417 0.42963 0.310165
0 0.295312 0.325 0.0260417 0.0981481 0.312557
1 0.980729 0.701852 0.0385417 0.122222 0.314019
0 0.872396 0.453704 0.0760417 0.437037 0.315581
0 0.09375 0.318519 0.0145833 0.062963 0.315965
1 0.980729 0.701852 0.0385417 0.122222 0.318897
0 0.161979 0.341667 0.021875 0.101852 0.31914
0 0.295312 0.327778 0.028125 0.0962963 0.319827
0 0.872396 0.453704 0.0760417 0.437037 0.323577
0 0.522396 0.361111 0.0364583 0.133333 0.324801
0 0.519792 0.361111 0.0395833 0.133333 0.325312
0 0.498437 0.357407 0.0239583 0.133333 0.326676
0 0.780208 0.594444 0.120833 0.659259 0.329276
0 0.295312 0.325 0.028125 0.0944444 0.329332
0 0.161979 0.342593 0.021875 0.103704 0.329643
0 0.295833 0.325926 0.0270833 0.0925926 0.333392
0 0.504167 0.361111 0.0270833 0.137037 0.333508
0 0.161979 0.342593 0.021875 0.103704 0.334628
0 0.504167 0.361111 0.0270833 0.140741 0.337814
0 0.591146 0.371296 0.028125 0.153704 0.346394
0 0.584375 0.37037 0.0375 0.151852 0.346723
0 0.590625 0.372222 0.0291667 0.155556 0.35038
0 0.166146 0.340741 0.021875 0.1 0.354866
0 0.584375 0.371296 0.0354167 0.15 0.357285
0 0.295312 0.328704 0.028125 0.0907407 0.359494
0 0.294792 0.325 0.0270833 0.0944444 0.36546
0 0.522396 0.361111 0.0364583 0.133333 0.365658
0 0.496875 0.362037 0.025 0.146296 0.366858
0 0.295312 0.325 0.028125 0.0944444 0.367633
0 0.584375 0.37037 0.0375 0.148148 0.369164
0 0.583333 0.368519 0.0395833 0.151852 0.373117
0 0.528125 0.361111 0.0270833 0.133333 0.373779
0 0.498958 0.363889 0.0270833 0.142593 0.377559
0 0.583333 0.369444 0.0395833 0.15 0.387269
0 0.784896 0.583333 0.130208 0.648148 0.391824
0 0.589063 0.375 0.0302083 0.153704 0.397149
0 0.783333 0.592593 0.127083 0.666667 0.401889
0 0.871354 0.443519 0.0802083 0.427778 0.40793
0 0.783333 0.591667 0.127083 0.664815 0.429705
0 0.781771 0.580556 0.123958 0.624074 0.430552
0 0.589063 0.374074 0.0302083 0.151852 0.433847
0 0.635417 0.349074 0.0229167 0.0981481 0.447785
0 0.165104 0.342593 0.021875 0.103704 0.456992
0 0.589063 0.375 0.0302083 0.153704 0.457274
0 0.164583 0.341667 0.0208333 0.109259 0.460774
0 0.78125 0.587037 0.125 0.637037 0.472417
0 0.165104 0.339815 0.0197917 0.109259 0.481295
0 0.505208 0.357407 0.0270833 0.144444 0.495078
0 0.165104 0.343519 0.021875 0.105556 0.498831
0 0.871354 0.444444 0.0802083 0.42963 0.500262
0 0.635938 0.35 0.021875 0.1 0.500801
0 0.505729 0.358333 0.0260417 0.142593 0.50262
0 0.165104 0.341667 0.0197917 0.109259 0.502647
0 0.635938 0.35 0.021875 0.1 0.502904
0 0.165104 0.342593 0.021875 0.107407 0.506354
0 0.528646 0.361111 0.0260417 0.133333 0.506909
0 0.165104 0.342593 0.021875 0.107407 0.50987
0 0.933854 0.6 0.126042 0.707407 0.510062
0 0.166146 0.342593 0.021875 0.103704 0.516803
0 0.0338542 0.380556 0.040625 0.183333 0.533518
0 0.527083 0.357407 0.025 0.12963 0.535885
0 0.497917 0.358333 0.025 0.142593 0.536464
0 0.498437 0.358333 0.0239583 0.142593 0.538523
0 0.936458 0.602778 0.125 0.72037 0.541706
0 0.634896 0.353704 0.0239583 0.103704 0.552609
0 0.528125 0.358333 0.025 0.131481 0.556868
0 0.872396 0.446296 0.0802083 0.440741 0.563627
0 0.872396 0.44537 0.0802083 0.435185 0.567459
0 0.529167 0.361111 0.0270833 0.133333 0.567563
0 0.871875 0.446296 0.08125 0.440741 0.568529
0 0.528646 0.358333 0.0239583 0.135185 0.576169
0 0.371875 0.362037 0.0333333 0.172222 0.578123
0 0.528125 0.357407 0.025 0.137037 0.578519
0 0.871875 0.452778 0.0791667 0.438889 0.582378
0 0.871875 0.452778 0.0791667 0.442593 0.587679
0 0.871875 0.452778 0.0791667 0.438889 0.588989
0 0.0338542 0.380556 0.040625 0.183333 0.596136
0 0.781771 0.588889 0.119792 0.648148 0.597459
0 0.935938 0.601852 0.126042 0.714815 0.598017
0 0.5875 0.373148 0.0354167 0.153704 0.603444
0 0.634896 0.353704 0.0239583 0.103704 0.605362
0 0.371354 0.361111 0.034375 0.174074 0.609216
0 0.527083 0.358333 0.025 0.131481 0.609495
0 0.634896 0.353704 0.0239583 0.103704 0.610007
0 0.527604 0.358333 0.0239583 0.131481 0.611106
0 0.372396 0.362037 0.0322917 0.172222 0.613239
0 0.635417 0.352778 0.0229167 0.101852 0.614406
0 0.372396 0.360185 0.0302083 0.168519 0.615458
0 0.372396 0.360185 0.0302083 0.168519 0.619504
0 0.924479 0.598148 0.113542 0.685185 0.620173
0 0.933854 0.600926 0.126042 0.705556 0.620763
0 0.586979 0.373148 0.034375 0.153704 0.624112
0 0.372396 0.362037 0.0322917 0.172222 0.62436
0 0.371354 0.361111 0.034375 0.174074 0.625419
0 0.371875 0.362963 0.0333333 0.17037 0.63419
0 0.0317708 0.382407 0.040625 0.183333 0.638844
0 0.0333333 0.381481 0.0395833 0.185185 0.647963
0 0.0317708 0.382407 0.040625 0.183333 0.649639
0 0.528646 0.361111 0.0260417 0.133333 0.649913
0 0.635417 0.35463 0.0208333 0.109259 0.657311
0 0.371354 0.362037 0.0322917 0.172222 0.662117
0 0.635417 0.353704 0.0229167 0.103704 0.662145
0 0.586979 0.373148 0.034375 0.153704 0.664309
0 0.528646 0.360185 0.0239583 0.127778 0.667522
0 0.635417 0.353704 0.0229167 0.103704 0.675056
0 0.634896 0.35463 0.021875 0.112963 0.677335
0 0.635417 0.35463 0.0229167 0.109259 0.679698
0 0.371875 0.362037 0.0333333 0.172222 0.682482
0 0.371875 0.362037 0.0333333 0.172222 0.682816
0 0.371875 0.362037 0.0333333 0.172222 0.688443
0 0.586979 0.373148 0.034375 0.15 0.690832
0 0.586979 0.373148 0.034375 0.15 0.691715
0 0.0338542 0.380556 0.0385417 0.183333 0.700699
0 0.0333333 0.381481 0.0395833 0.185185 0.701397
0 0.371875 0.361111 0.0333333 0.174074 0.706791
0 0.935938 0.60463 0.128125 0.709259 0.707633
0 0.585417 0.372222 0.0354167 0.151852 0.7119
0 0.586979 0.374074 0.034375 0.151852 0.715175
0 0.589063 0.374074 0.0302083 0.155556 0.72029
0 0.782812 0.590741 0.126042 0.651852 0.721264
0 0.872396 0.446296 0.0802083 0.440741 0.721524
0 0.872396 0.44537 0.0802083 0.435185 0.722128
0 0.589063 0.374074 0.0302083 0.151852 0.722884
0 0.585417 0.373148 0.0354167 0.153704 0.725353
0 0.872396 0.446296 0.0802083 0.440741 0.725945
0 0.871875 0.444444 0.0791667 0.42963 0.733779
0 0.371875 0.360185 0.0333333 0.175926 0.735066
0 0.528646 0.361111 0.0260417 0.133333 0.73606
0 0.871875 0.444444 0.0791667 0.425926 0.737554
0 0.0333333 0.381481 0.0395833 0.185185 0.747745
0 0.371875 0.362037 0.0333333 0.175926 0.747933
0 0.0317708 0.380556 0.040625 0.183333 0.754945
0 0.93125 0.596296 0.11875 0.696296 0.759633
0 0.528646 0.360185 0.0239583 0.127778 0.765528
0 0.0317708 0.381481 0.040625 0.185185 0.769957
0 0.528646 0.361111 0.0239583 0.12963 0.774538
0 0.935938 0.603704 0.128125 0.707407 0.775626
0 0.0333333 0.382407 0.0375 0.187037 0.780652
0 0.780729 0.582407 0.123958 0.631481 0.783546
0 0.528646 0.360185 0.0260417 0.131481 0.788953
0 0.0333333 0.381481 0.0375 0.188889 0.790999
0 0.871875 0.444444 0.0791667 0.433333 0.792596
0 0.0333333 0.382407 0.0375 0.190741 0.79382
0 0.871875 0.444444 0.0791667 0.433333 0.79577
0 0.782812 0.590741 0.126042 0.651852 0.809954
0 0.780729 0.587037 0.123958 0.637037 0.832996
0 0.781771 0.588889 0.119792 0.659259 0.862604
0 0.783854 0.589815 0.126042 0.653704 0.882025
0 0.783854 0.589815 0.126042 0.653704 0.887826
