0 0.349479 0.388889 0.0322917 0.151852 0.252173
24 0.948438 0.573148 0.096875 0.283333 0.252516
0 0.929688 0.619444 0.140625 0.590741 0.254798
0 0.549479 0.400926 0.0322917 0.15 0.255851
13 0.428646 0.462963 0.0447917 0.0666667 0.258968
0 0.73125 0.385185 0.05 0.181481 0.259481
24 0.948958 0.571296 0.0958333 0.27963 0.26299
13 0.322396 0.458333 0.134375 0.135185 0.263822
0 0.346875 0.392593 0.03125 0.151852 0.264995
0 0.731771 0.387037 0.0510417 0.181481 0.265453
0 0.73125 0.386111 0.05 0.183333 0.265678
24 0.960938 0.581481 0.0760417 0.288889 0.265739
13 0.428646 0.462963 0.0447917 0.0666667 0.266123
0 0.771875 0.626852 0.127083 0.627778 0.267507
24 0.960938 0.581481 0.0760417 0.288889 0.267776
0 0.549479 0.400926 0.0322917 0.15 0.271653
24 0.960938 0.581481 0.0760417 0.288889 0.272357
0 0.472917 0.386111 0.0229167 0.127778 0.274386
0 0.345833 0.384259 0.0354167 0.157407 0.275183
0 0.346354 0.385185 0.034375 0.155556 0.276109
0 0.244792 0.376852 0.025 0.116667 0.280395
0 0.549479 0.400926 0.0322917 0.15 0.286703
0 0.772396 0.640741 0.126042 0.62963 0.290373
0 0.00989583 0.40463 0.0177083 0.187037 0.292761
0 0.502083 0.390741 0.0291667 0.125926 0.292771
0 0.346875 0.392593 0.03125 0.155556 0.294418
0 0.345313 0.385185 0.034375 0.155556 0.295718
0 0.733854 0.44537 0.0572917 0.301852 0.300328
0 0.245312 0.377778 0.0260417 0.122222 0.301482
0 0.924479 0.642593 0.136458 0.648148 0.307536
0 0.733854 0.44537 0.0572917 0.301852 0.31589
0 0.73125 0.447222 0.0541667 0.301852 0.321982
0 0.731771 0.418519 0.0510417 0.259259 0.322713
0 0.596875 0.382407 0.0208333 0.0833333 0.323566
0 0.73125 0.442593 0.0520833 0.274074 0.324084
0 0.733854 0.44537 0.0572917 0.301852 0.326631
0 0.009375 0.403704 0.0166667 0.185185 0.327401
0 0.505208 0.392593 0.025 0.122222 0.335509
0 0.472917 0.386111 0.0229167 0.135185 0.336584
24 0.955208 0.566667 0.0875 0.285185 0.340298
0 0.496875 0.387037 0.01875 0.122222 0.341301
24 0.953125 0.566667 0.0895833 0.274074 0.342309
24 0.958854 0.580556 0.0822917 0.309259 0.342671
0 0.473437 0.386111 0.021875 0.135185 0.34327
0 0.286979 0.353704 0.0239583 0.0703704 0.347858
0 0.286979 0.353704 0.0239583 0.0703704 0.348874
0 0.286458 0.352778 0.025 0.0722222 0.355781
24 0.959375 0.580556 0.08125 0.312963 0.357201
0 0.497917 0.389815 0.0208333 0.127778 0.362226
0 0.284896 0.353704 0.0239583 0.0703704 0.36225
0 0.497917 0.389815 0.0208333 0.131481 0.365272
0 0.00885417 0.405556 0.0177083 0.177778 0.367162
0 0.286979 0.353704 0.0239583 0.0703704 0.369606
0 0.596875 0.382407 0.0208333 0.087037 0.370103
0 0.596875 0.381481 0.0208333 0.0851852 0.373309
0 0.924479 0.64537 0.132292 0.67963 0.377676
0 0.497917 0.389815 0.0208333 0.131481 0.378404
0 0.73125 0.389815 0.05 0.198148 0.381954
0 0.285417 0.353704 0.025 0.0740741 0.388524
0 0.285417 0.352778 0.025 0.0722222 0.388703
0 0.73125 0.387963 0.05 0.198148 0.390501
0 0.73125 0.387963 0.05 0.198148 0.393501
0 0.496354 0.387963 0.0197917 0.127778 0.399255
0 0.348958 0.394444 0.0291667 0.144444 0.399611
0 0.009375 0.402778 0.01875 0.17963 0.400283
0 0.349479 0.394444 0.028125 0.144444 0.403839
0 0.285417 0.352778 0.025 0.0722222 0.404046
0 0.496354 0.387963 0.0197917 0.127778 0.405974
0 0.504687 0.388889 0.0260417 0.118519 0.411245
0 0.551562 0.40463 0.0302083 0.146296 0.412464
0 0.769271 0.638889 0.123958 0.644444 0.41651
0 0.552083 0.40463 0.03125 0.146296 0.418691
0 0.731771 0.438889 0.0510417 0.281481 0.420381
0 0.731771 0.438889 0.0510417 0.285185 0.421486
0 0.50625 0.388889 0.025 0.125926 0.426202
0 0.921875 0.634259 0.129167 0.65 0.426332
0 0.470833 0.388889 0.01875 0.122222 0.427074
0 0.924479 0.64537 0.132292 0.675926 0.427541
0 0.731771 0.438889 0.0510417 0.285185 0.427975
0 0.769271 0.627778 0.123958 0.637037 0.428735
0 0.505729 0.388889 0.0260417 0.125926 0.429672
0 0.772917 0.62037 0.122917 0.618519 0.429945
0 0.50625 0.388889 0.025 0.125926 0.43203
0 0.772917 0.639815 0.129167 0.638889 0.437419
0 0.470313 0.388889 0.0197917 0.125926 0.441232
0 0.504167 0.388889 0.0270833 0.118519 0.443572
0 0.505208 0.388889 0.0270833 0.118519 0.447532
0 0.470313 0.388889 0.0197917 0.125926 0.4525
0 0.470833 0.391667 0.0208333 0.124074 0.465475
0 0.470313 0.389815 0.0197917 0.124074 0.46632
0 0.922917 0.644444 0.133333 0.651852 0.472733
0 0.503125 0.391667 0.0270833 0.124074 0.475478
0 0.919792 0.646296 0.125 0.681481 0.478262
0 0.73125 0.437037 0.0520833 0.288889 0.484051
0 0.470833 0.389815 0.01875 0.124074 0.489417
0 0.920313 0.647222 0.126042 0.683333 0.492585
0 0.470833 0.389815 0.01875 0.124074 0.494594
0 0.773438 0.623148 0.123958 0.631481 0.503871
0 0.245312 0.37963 0.0197917 0.122222 0.508645
0 0.598437 0.377778 0.0197917 0.0814815 0.520962
0 0.245312 0.37963 0.0197917 0.122222 0.524216
0 0.245312 0.373148 0.021875 0.101852 0.532179
0 0.76875 0.642593 0.125 0.662963 0.537324
0 0.768229 0.643519 0.123958 0.664815 0.538677
0 0.245312 0.378704 0.0197917 0.12037 0.542173
0 0.731771 0.421296 0.0510417 0.261111 0.544826
0 0.73125 0.437963 0.0520833 0.287037 0.547799
0 0.731771 0.437963 0.0510417 0.287037 0.550064
0 0.731771 0.437037 0.0510417 0.285185 0.550247
0 0.597396 0.380556 0.0197917 0.087037 0.554855
0 0.244792 0.374074 0.0208333 0.107407 0.55839
0 0.244792 0.374074 0.0229167 0.107407 0.56543
0 0.598437 0.377778 0.0197917 0.0814815 0.569285
0 0.598437 0.377778 0.0197917 0.0814815 0.572348
0 0.597396 0.378704 0.0197917 0.087037 0.590497
0 0.597917 0.37963 0.0208333 0.0888889 0.590804
0 0.923437 0.644444 0.130208 0.681481 0.59167
0 0.921354 0.639815 0.130208 0.668519 0.592058
0 0.597396 0.380556 0.0197917 0.087037 0.594565
0 0.925 0.640741 0.1375 0.688889 0.604764
0 0.347917 0.391667 0.0333333 0.153704 0.631606
0 0.597396 0.37963 0.0197917 0.0888889 0.631654
0 0.347917 0.392593 0.0333333 0.155556 0.635221
0 0.346354 0.389815 0.034375 0.153704 0.639528
0 0.346875 0.389815 0.0333333 0.153704 0.642348
0 0.346875 0.389815 0.0333333 0.153704 0.650688
0 0.345833 0.390741 0.0375 0.159259 0.651471
0 0.346354 0.389815 0.034375 0.153704 0.661576
0 0.550521 0.400926 0.0322917 0.146296 0.662946
0 0.552083 0.403704 0.03125 0.151852 0.663853
0 0.550521 0.4 0.0322917 0.148148 0.664156
0 0.245312 0.378704 0.021875 0.12037 0.666321
0 0.550521 0.399074 0.0322917 0.15 0.668474
0 0.345833 0.390741 0.0375 0.159259 0.670048
0 0.923437 0.643519 0.130208 0.672222 0.670462
0 0.552083 0.403704 0.03125 0.151852 0.673751
0 0.597917 0.380556 0.01875 0.087037 0.675456
0 0.550521 0.401852 0.0322917 0.148148 0.676063
0 0.346875 0.389815 0.0333333 0.153704 0.680353
0 0.550521 0.402778 0.0322917 0.146296 0.685961
0 0.552083 0.403704 0.03125 0.151852 0.687776
0 0.767708 0.642593 0.122917 0.655556 0.693107
0 0.346354 0.389815 0.034375 0.153704 0.694477
0 0.767708 0.642593 0.122917 0.655556 0.709829
0 0.769271 0.636111 0.123958 0.668519 0.710171
0 0.244792 0.377778 0.0208333 0.111111 0.71496
0 0.551562 0.401852 0.0322917 0.151852 0.715883
0 0.551562 0.401852 0.0322917 0.151852 0.721263
0 0.244271 0.377778 0.021875 0.114815 0.732812
0 0.551042 0.401852 0.03125 0.148148 0.744449
0 0.551042 0.401852 0.03125 0.148148 0.748551
0 0.244792 0.375926 0.0229167 0.114815 0.758351
0 0.244792 0.376852 0.0229167 0.116667 0.76531
0 0.244792 0.376852 0.0229167 0.116667 0.775963
0 0.550521 0.401852 0.0322917 0.148148 0.779073
0 0.769792 0.642593 0.125 0.655556 0.780223
0 0.922396 0.642593 0.134375 0.666667 0.783179
0 0.769792 0.638889 0.125 0.662963 0.785122
0 0.769792 0.642593 0.125 0.655556 0.806646
