0 0.591146 0.35 0.0239583 0.125926 0.251349
0 0.510417 0.353704 0.0291667 0.144444 0.252348
0 0.298958 0.325 0.0291667 0.087037 0.254428
0 0.177604 0.337963 0.0239583 0.105556 0.25491
0 0.104167 0.315741 0.0166667 0.0648148 0.255513
0 0.298958 0.323148 0.0333333 0.0833333 0.257896
0 0.538542 0.350926 0.0270833 0.135185 0.258807
0 0.0416667 0.377778 0.0375 0.181481 0.258919
0 0.172396 0.338889 0.0260417 0.107407 0.261027
0 0.298438 0.325 0.028125 0.087037 0.265732
0 0.950521 0.587963 0.0989583 0.698148 0.266681
0 0.798437 0.598148 0.111458 0.655556 0.267009
0 0.104167 0.315741 0.0166667 0.0648148 0.272859
0 0.590625 0.35 0.0229167 0.125926 0.279463
0 0.3 0.325926 0.03125 0.0851852 0.279611
0 0.302083 0.32037 0.03125 0.0851852 0.284196
0 0.591146 0.350926 0.0239583 0.127778 0.285276
0 0.504687 0.352778 0.0302083 0.138889 0.288667
0 0.513021 0.35 0.0239583 0.133333 0.289941
0 0.509896 0.351852 0.0260417 0.133333 0.292338
0 0.301562 0.318519 0.028125 0.0851852 0.294044
0 0.301042 0.323148 0.03125 0.087037 0.294121
0 0.649479 0.340741 0.021875 0.0814815 0.294519
0 0.302083 0.318519 0.0291667 0.0851852 0.298304
0 0.302083 0.318519 0.0291667 0.0851852 0.299317
0 0.0442708 0.373148 0.040625 0.17963 0.306738
0 0.516146 0.353704 0.0322917 0.140741 0.307056
0 0.175 0.339815 0.025 0.105556 0.307218
0 0.514583 0.348148 0.0229167 0.137037 0.307712
0 0.514583 0.348148 0.0229167 0.137037 0.311714
0 0.298438 0.325 0.0322917 0.087037 0.314446
0 0.298438 0.323148 0.0322917 0.0833333 0.320321
0 0.0442708 0.374074 0.040625 0.174074 0.322044
0 0.0473958 0.376852 0.0447917 0.17963 0.331265
0 0.539062 0.351852 0.0239583 0.137037 0.334907
0 0.509896 0.353704 0.028125 0.140741 0.335176
0 0.65 0.339815 0.0229167 0.0833333 0.336503
0 0.301042 0.322222 0.0291667 0.0851852 0.340932
0 0.649479 0.339815 0.021875 0.0833333 0.343683
0 0.597396 0.356481 0.034375 0.138889 0.345464
0 0.0473958 0.376852 0.0447917 0.17963 0.347401
0 0.515104 0.352778 0.0302083 0.138889 0.352047
0 0.173438 0.338889 0.021875 0.103704 0.353258
0 0.301562 0.323148 0.0302083 0.087037 0.354075
0 0.516146 0.352778 0.0322917 0.142593 0.358143
0 0.301042 0.322222 0.0291667 0.0851852 0.359987
0 0.176563 0.337963 0.0239583 0.101852 0.365469
0 0.173438 0.338889 0.021875 0.107407 0.366969
0 0.172917 0.338889 0.0208333 0.107407 0.367035
0 0.301042 0.322222 0.0291667 0.0851852 0.369231
0 0.651042 0.339815 0.0208333 0.0796296 0.369647
0 0.589583 0.348148 0.0229167 0.118519 0.376216
0 0.589063 0.348148 0.021875 0.118519 0.37663
0 0.809375 0.6 0.125 0.651852 0.378601
0 0.597396 0.356481 0.034375 0.138889 0.379161
0 0.176563 0.338889 0.0239583 0.103704 0.391237
0 0.176042 0.338889 0.025 0.103704 0.392015
0 0.589063 0.348148 0.021875 0.118519 0.395523
0 0.799479 0.600926 0.107292 0.642593 0.397762
0 0.535937 0.352778 0.028125 0.135185 0.399008
0 0.918229 0.448148 0.0760417 0.459259 0.399121
0 0.651563 0.337963 0.021875 0.087037 0.404468
0 0.805208 0.598148 0.11875 0.644444 0.406084
0 0.916146 0.442593 0.071875 0.448148 0.40806
0 0.510938 0.353704 0.0260417 0.144444 0.408739
0 0.534896 0.349074 0.028125 0.142593 0.415598
0 0.942708 0.589815 0.1125 0.698148 0.419761
0 0.916667 0.451852 0.0729167 0.466667 0.419782
0 0.513021 0.350926 0.0239583 0.142593 0.420989
0 0.597917 0.357407 0.0354167 0.137037 0.42268
0 0.919792 0.442593 0.075 0.459259 0.425174
0 0.917708 0.447222 0.0770833 0.457407 0.426015
0 0.534896 0.349074 0.028125 0.142593 0.427739
0 0.919792 0.441667 0.075 0.453704 0.427797
0 0.651563 0.339815 0.0197917 0.0796296 0.428025
0 0.592188 0.35463 0.0260417 0.127778 0.430854
0 0.597917 0.357407 0.0354167 0.137037 0.437114
0 0.513021 0.350926 0.0239583 0.142593 0.437484
0 0.916667 0.443519 0.0729167 0.45 0.437504
0 0.5375 0.35 0.0270833 0.133333 0.437916
0 0.595312 0.356481 0.0322917 0.135185 0.438235
0 0.651563 0.339815 0.0197917 0.0796296 0.440328
0 0.9125 0.455556 0.0666667 0.444444 0.443609
0 0.949479 0.591667 0.101042 0.705556 0.445745
0 0.605729 0.362037 0.0322917 0.142593 0.455227
0 0.916667 0.453704 0.0729167 0.481481 0.459945
0 0.60625 0.362037 0.03125 0.142593 0.461574
0 0.594792 0.357407 0.0333333 0.137037 0.463002
0 0.60625 0.363889 0.0270833 0.142593 0.471638
0 0.605729 0.365741 0.0322917 0.146296 0.473068
0 0.536979 0.352778 0.0302083 0.138889 0.479152
0 0.808333 0.593518 0.122917 0.635185 0.47916
0 0.600521 0.361111 0.0364583 0.144444 0.482017
0 0.601562 0.361111 0.0364583 0.144444 0.486791
0 0.9125 0.458333 0.0666667 0.453704 0.489285
0 0.916667 0.45463 0.0729167 0.483333 0.489698
0 0.509896 0.351852 0.0260417 0.140741 0.490343
0 0.606771 0.363889 0.028125 0.142593 0.490909
0 0.535937 0.353704 0.0302083 0.137037 0.492767
0 0.509896 0.350926 0.0260417 0.138889 0.495824
0 0.591667 0.353704 0.0270833 0.12963 0.503469
0 0.9125 0.457407 0.0666667 0.451852 0.508233
0 0.591667 0.353704 0.0270833 0.12963 0.514615
0 0.605729 0.365741 0.0322917 0.15 0.516763
0 0.600521 0.361111 0.0364583 0.144444 0.520149
0 0.651042 0.337037 0.0208333 0.0851852 0.523367
0 0.383854 0.352778 0.028125 0.164815 0.524927
0 0.650521 0.337037 0.0197917 0.0851852 0.525148
0 0.536979 0.352778 0.028125 0.138889 0.529572
0 0.383854 0.352778 0.028125 0.164815 0.530207
0 0.60625 0.364815 0.03125 0.148148 0.5324
0 0.535937 0.353704 0.0302083 0.137037 0.537351
0 0.535937 0.353704 0.0302083 0.137037 0.546616
0 0.383333 0.350926 0.0291667 0.161111 0.549021
0 0.651042 0.337037 0.0208333 0.0851852 0.551705
0 0.650521 0.337037 0.0197917 0.0851852 0.554543
0 0.383333 0.350926 0.0291667 0.161111 0.554614
0 0.808333 0.6 0.125 0.651852 0.55697
0 0.651042 0.337037 0.0208333 0.0851852 0.560892
0 0.536979 0.352778 0.028125 0.138889 0.563344
0 0.941667 0.585185 0.116667 0.722222 0.564897
0 0.651042 0.337037 0.0208333 0.0851852 0.56547
0 0.947396 0.600926 0.105208 0.724074 0.591342
0 0.807813 0.596296 0.123958 0.651852 0.604391
0 0.5375 0.35 0.0270833 0.137037 0.605908
0 0.942187 0.586111 0.115625 0.72037 0.610918
0 0.946875 0.59537 0.10625 0.690741 0.611068
0 0.5375 0.350926 0.0270833 0.135185 0.617578
0 0.947396 0.6 0.105208 0.722222 0.63044
0 0.65 0.338889 0.0208333 0.0851852 0.633828
0 0.0453125 0.376852 0.040625 0.175926 0.636762
0 0.535937 0.351852 0.028125 0.140741 0.656955
0 0.382812 0.35463 0.0302083 0.172222 0.65836
0 0.535937 0.351852 0.028125 0.140741 0.662113
0 0.651042 0.338889 0.0208333 0.0851852 0.671842
0 0.0458333 0.376852 0.0395833 0.175926 0.676988
0 0.382812 0.35463 0.0302083 0.172222 0.6846
0 0.382292 0.35463 0.0291667 0.172222 0.688571
0 0.382812 0.355556 0.0302083 0.166667 0.696511
0 0.382812 0.355556 0.0302083 0.166667 0.69774
0 0.382812 0.355556 0.0302083 0.166667 0.702817
0 0.382812 0.355556 0.0302083 0.166667 0.709054
0 0.382812 0.35463 0.0302083 0.164815 0.709796
0 0.798958 0.598148 0.108333 0.67037 0.734239
0 0.804688 0.593518 0.117708 0.675926 0.735661
0 0.0453125 0.376852 0.040625 0.175926 0.747107
0 0.382812 0.35463 0.0302083 0.168519 0.747474
0 0.946354 0.596296 0.107292 0.718518 0.754073
0 0.0447917 0.376852 0.0395833 0.17963 0.755324
0 0.946354 0.596296 0.107292 0.718518 0.76082
0 0.0447917 0.376852 0.0395833 0.17963 0.76214
0 0.0453125 0.375 0.040625 0.183333 0.77008
0 0.0447917 0.376852 0.0395833 0.17963 0.771537
0 0.382812 0.352778 0.028125 0.164815 0.776256
0 0.0453125 0.375 0.040625 0.183333 0.78127
0 0.0447917 0.376852 0.0395833 0.17963 0.781581
0 0.807292 0.605556 0.122917 0.666667 0.781619
0 0.382812 0.352778 0.028125 0.168519 0.78183
0 0.0447917 0.376852 0.0395833 0.17963 0.787815
0 0.0453125 0.376852 0.0385417 0.17963 0.790112
0 0.805729 0.606481 0.121875 0.668519 0.80097
0 0.805208 0.607407 0.120833 0.666667 0.802861
0 0.806771 0.60463 0.121875 0.664815 0.816305
