0 0.500521 0.346296 0.0239583 0.107407 0.254074
0 0.747396 0.376852 0.0635417 0.275926 0.255822
0 0.185937 0.335185 0.0447917 0.148148 0.26404
0 0.715625 0.388889 0.0270833 0.288889 0.267253
24 0.764063 0.344444 0.034375 0.111111 0.270927
24 0.761979 0.338889 0.0364583 0.111111 0.280408
0 0.384896 0.327778 0.021875 0.0888889 0.280654
0 0.5 0.347222 0.025 0.112963 0.283094
0 0.501042 0.347222 0.025 0.109259 0.283145
0 0.746875 0.378704 0.0625 0.275926 0.284599
0 0.453646 0.347222 0.028125 0.161111 0.287568
24 0.763542 0.343519 0.0333333 0.105556 0.290492
0 0.508854 0.336111 0.0177083 0.109259 0.291089
0 0.493229 0.358333 0.0239583 0.127778 0.297482
0 0.509375 0.337037 0.01875 0.111111 0.298136
0 0.491667 0.353704 0.0229167 0.12963 0.300594
0 0.493229 0.359259 0.0239583 0.12963 0.304112
0 0.493229 0.359259 0.0239583 0.125926 0.305061
0 0.384375 0.327778 0.0208333 0.0888889 0.307972
0 0.527604 0.340741 0.0197917 0.0962963 0.308489
0 0.552083 0.316667 0.0145833 0.062963 0.308817
0 0.453646 0.347222 0.028125 0.157407 0.309117
0 0.384375 0.328704 0.0208333 0.087037 0.309773
24 0.761979 0.338889 0.0364583 0.107407 0.310152
24 0.764063 0.343519 0.034375 0.105556 0.312433
0 0.509375 0.336111 0.01875 0.109259 0.312571
0 0.545313 0.323148 0.021875 0.0759259 0.316273
1 0.98125 0.397222 0.0354167 0.124074 0.320297
0 0.454167 0.347222 0.0270833 0.161111 0.321
1 0.981771 0.396296 0.034375 0.122222 0.321891
0 0.0791667 0.52963 0.158333 0.651852 0.322807
0 0.528125 0.342593 0.0229167 0.0925926 0.327482
0 0.551562 0.315741 0.015625 0.0648148 0.327662
0 0.405208 0.317593 0.0166667 0.0685185 0.32847
24 0.7625 0.340741 0.0333333 0.103704 0.329796
0 0.183333 0.344444 0.0541667 0.17037 0.330389
24 0.763542 0.346296 0.0333333 0.0962963 0.330471
0 0.527604 0.341667 0.0197917 0.0981481 0.33109
24 0.7625 0.341667 0.0354167 0.101852 0.331424
1 0.98125 0.39537 0.0375 0.124074 0.331961
24 0.763542 0.347222 0.0333333 0.0944444 0.332761
1 0.981771 0.39537 0.0364583 0.124074 0.334698
0 0.182812 0.338889 0.0489583 0.148148 0.33595
24 0.761979 0.341667 0.034375 0.101852 0.336182
0 0.184375 0.34537 0.0541667 0.172222 0.336531
24 0.764063 0.346296 0.0322917 0.0962963 0.337383
1 0.98125 0.39537 0.0375 0.124074 0.338555
0 0.492708 0.35463 0.0208333 0.138889 0.339733
0 0.527604 0.341667 0.0197917 0.0981481 0.340596
0 0.495833 0.35 0.0291667 0.137037 0.343749
0 0.405208 0.318519 0.0145833 0.0666667 0.345791
0 0.495833 0.35 0.0291667 0.137037 0.34626
0 0.627083 0.346296 0.0291667 0.125926 0.347802
0 0.741146 0.389815 0.071875 0.312963 0.352374
24 0.761979 0.339815 0.0364583 0.105556 0.359054
1 0.983854 0.396296 0.0302083 0.122222 0.364086
0 0.492188 0.35463 0.021875 0.138889 0.365804
0 0.405208 0.318519 0.0145833 0.0666667 0.374208
1 0.986979 0.400926 0.0260417 0.112963 0.374379
0 0.493229 0.347222 0.0239583 0.124074 0.375
0 0.494792 0.35 0.0291667 0.137037 0.37654
0 0.494792 0.353704 0.0291667 0.137037 0.379596
1 0.986458 0.4 0.0270833 0.114815 0.385714
1 0.986979 0.399074 0.0260417 0.112963 0.387112
1 0.989583 0.400926 0.0208333 0.112963 0.388936
1 0.989062 0.400926 0.021875 0.112963 0.392773
1 0.989583 0.400926 0.0208333 0.112963 0.393282
1 0.986979 0.399074 0.0260417 0.112963 0.394886
0 0.74375 0.37963 0.0729167 0.307407 0.398928
0 0.550521 0.316667 0.015625 0.062963 0.400019
0 0.551042 0.315741 0.0166667 0.0611111 0.40227
0 0.729688 0.384259 0.059375 0.32037 0.404727
0 0.380208 0.333333 0.0229167 0.103704 0.404803
0 0.55 0.317593 0.0166667 0.0648148 0.411044
0 0.549479 0.317593 0.015625 0.0648148 0.414815
0 0.493229 0.348148 0.0239583 0.125926 0.419093
0 0.380208 0.333333 0.0208333 0.103704 0.42103
0 0.494271 0.352778 0.028125 0.138889 0.422223
0 0.493229 0.348148 0.0239583 0.125926 0.422828
24 0.761979 0.338889 0.0364583 0.111111 0.436877
24 0.7625 0.340741 0.0354167 0.1 0.438603
0 0.74375 0.380556 0.0708333 0.305556 0.439529
0 0.405208 0.319444 0.0145833 0.0648148 0.443031
0 0.627604 0.346296 0.028125 0.125926 0.445485
0 0.08125 0.539815 0.1625 0.638889 0.446829
0 0.380208 0.333333 0.0229167 0.103704 0.447247
24 0.763021 0.340741 0.0364583 0.103704 0.450634
0 0.711458 0.37963 0.0333333 0.288889 0.454637
0 0.453125 0.347222 0.0270833 0.153704 0.456909
24 0.763021 0.340741 0.0364583 0.103704 0.457606
0 0.549479 0.316667 0.015625 0.062963 0.459633
0 0.627604 0.346296 0.028125 0.125926 0.460137
0 0.454167 0.342593 0.0291667 0.151852 0.461318
0 0.453646 0.347222 0.0260417 0.153704 0.462653
0 0.404687 0.318519 0.0135417 0.062963 0.464657
0 0.550521 0.316667 0.015625 0.062963 0.467177
24 0.761979 0.337037 0.0364583 0.107407 0.467543
0 0.380729 0.328704 0.021875 0.101852 0.469789
0 0.454167 0.341667 0.0291667 0.15 0.481723
0 0.551562 0.316667 0.0135417 0.0666667 0.484961
0 0.74375 0.383333 0.0708333 0.314815 0.487605
24 0.761979 0.337037 0.0364583 0.107407 0.4939
0 0.454167 0.341667 0.0291667 0.15 0.49396
0 0.550521 0.316667 0.015625 0.062963 0.494003
0 0.711458 0.37963 0.0333333 0.288889 0.494431
0 0.494271 0.353704 0.028125 0.133333 0.494817
0 0.711458 0.380556 0.0333333 0.287037 0.4952
0 0.551562 0.316667 0.0135417 0.062963 0.506054
0 0.0791667 0.530556 0.158333 0.646296 0.507135
0 0.742708 0.388889 0.06875 0.322222 0.511369
0 0.713021 0.380556 0.034375 0.294444 0.511466
24 0.7625 0.340741 0.0375 0.107407 0.51149
24 0.761979 0.338889 0.0364583 0.111111 0.514411
0 0.380208 0.32963 0.0208333 0.107407 0.517673
24 0.7625 0.338889 0.0375 0.111111 0.519482
0 0.7125 0.37963 0.0354167 0.292593 0.51972
0 0.49375 0.353704 0.0270833 0.137037 0.520518
0 0.380208 0.32963 0.0208333 0.107407 0.524609
0 0.493229 0.355556 0.0239583 0.12963 0.528927
0 0.627083 0.347222 0.0291667 0.131481 0.532326
0 0.627083 0.347222 0.0291667 0.131481 0.543858
0 0.627604 0.347222 0.028125 0.131481 0.545017
0 0.713021 0.37963 0.034375 0.292593 0.548485
0 0.627083 0.349074 0.03125 0.127778 0.551647
0 0.711979 0.376852 0.0385417 0.309259 0.566684
0 0.453646 0.338889 0.028125 0.151852 0.577797
0 0.453646 0.338889 0.028125 0.151852 0.586467
0 0.0807292 0.535185 0.161458 0.666667 0.58972
0 0.627604 0.34537 0.0302083 0.131481 0.602837
0 0.494271 0.353704 0.0260417 0.133333 0.656411
0 0.493229 0.355556 0.0239583 0.133333 0.657176
0 0.493229 0.355556 0.0239583 0.133333 0.664386
0 0.627604 0.348148 0.0302083 0.12963 0.665576
0 0.380729 0.330556 0.0197917 0.105556 0.66806
0 0.380729 0.332407 0.021875 0.105556 0.673883
0 0.716146 0.380556 0.0322917 0.316667 0.677833
0 0.627604 0.348148 0.0302083 0.125926 0.683183
0 0.742188 0.384259 0.071875 0.316667 0.694457
0 0.627604 0.34537 0.0302083 0.131481 0.703806
0 0.627604 0.34537 0.0302083 0.131481 0.707144
0 0.741146 0.385185 0.071875 0.318519 0.708626
0 0.741667 0.385185 0.0729167 0.314815 0.715414
0 0.742188 0.384259 0.0697917 0.316667 0.717868
0 0.627604 0.346296 0.0302083 0.125926 0.719777
0 0.49375 0.353704 0.025 0.137037 0.721704
0 0.38125 0.331481 0.0208333 0.103704 0.729352
0 0.740104 0.383333 0.0697917 0.314815 0.737645
0 0.741146 0.384259 0.071875 0.312963 0.740528
0 0.627604 0.34537 0.0302083 0.127778 0.746342
0 0.454167 0.34537 0.0291667 0.157407 0.753365
0 0.740104 0.384259 0.0697917 0.312963 0.756903
0 0.453646 0.34537 0.028125 0.157407 0.757118
0 0.453646 0.344444 0.028125 0.159259 0.760752
0 0.0796875 0.531482 0.159375 0.685185 0.762011
0 0.0802083 0.530556 0.160417 0.65 0.766728
0 0.740104 0.383333 0.0697917 0.314815 0.76795
0 0.627604 0.346296 0.0302083 0.125926 0.770113
0 0.627604 0.347222 0.0302083 0.127778 0.772601
0 0.453646 0.344444 0.028125 0.155556 0.775281
0 0.740625 0.384259 0.0708333 0.316667 0.785483
0 0.627604 0.346296 0.0302083 0.125926 0.787372
0 0.453646 0.34537 0.028125 0.157407 0.790821
0 0.454167 0.34537 0.0291667 0.157407 0.791263
0 0.380729 0.334259 0.0197917 0.101852 0.800379
0 0.627604 0.347222 0.0302083 0.127778 0.806877
0 0.380729 0.333333 0.0197917 0.103704 0.809184
0 0.0796875 0.532407 0.159375 0.657407 0.809377
0 0.0802083 0.531482 0.160417 0.651852 0.80967
0 0.380729 0.333333 0.0197917 0.103704 0.81395
0 0.0802083 0.52963 0.160417 0.648148 0.816368
0 0.0791667 0.535185 0.158333 0.662963 0.822829
0 0.0791667 0.528704 0.158333 0.668519 0.826739
0 0.0796875 0.531482 0.159375 0.659259 0.827632
0 0.453646 0.343519 0.028125 0.15 0.840825
0 0.453646 0.342593 0.028125 0.148148 0.844471
0 0.453125 0.342593 0.0270833 0.155556 0.859382
0 0.453125 0.342593 0.0270833 0.151852 0.861942
0 0.0796875 0.531482 0.159375 0.659259 0.872308
0 0.0796875 0.52963 0.159375 0.659259 0.904203
0 0.0796875 0.530556 0.159375 0.657407 0.912501
