0 0.330208 0.339815 0.0166667 0.0611111 0.250441
0 0.49375 0.373148 0.0270833 0.101852 0.250703
0 0.447917 0.372222 0.0270833 0.159259 0.252172
0 0.0421875 0.35463 0.0385417 0.101852 0.255296
0 0.503646 0.383333 0.0489583 0.1 0.255741
0 0.49375 0.373148 0.0270833 0.101852 0.256943
0 0.330208 0.339815 0.0166667 0.0574074 0.257896
0 0.490104 0.378704 0.028125 0.101852 0.258021
0 0.447396 0.382407 0.0260417 0.157407 0.259926
0 0.447917 0.372222 0.0270833 0.155556 0.266531
0 0.548437 0.346296 0.015625 0.0740741 0.26657
0 0.447396 0.382407 0.0260417 0.157407 0.268579
13 0.0645833 0.685185 0.127083 0.366667 0.271477
0 0.516146 0.381481 0.028125 0.114815 0.272172
13 0.0645833 0.685185 0.127083 0.366667 0.278341
13 0.0630208 0.678704 0.123958 0.353704 0.278959
0 0.0484375 0.356481 0.0260417 0.105556 0.279377
0 0.903125 0.493519 0.102083 0.62037 0.279994
13 0.0645833 0.685185 0.127083 0.366667 0.280237
13 0.0635417 0.678704 0.125 0.357407 0.288901
0 0.684896 0.368519 0.028125 0.133333 0.28914
0 0.684375 0.367593 0.03125 0.131481 0.291754
13 0.0645833 0.680556 0.127083 0.361111 0.2918
0 0.505729 0.383333 0.0489583 0.1 0.295759
13 0.0645833 0.680556 0.127083 0.361111 0.29726
13 0.0645833 0.680556 0.127083 0.364815 0.298971
0 0.504687 0.384259 0.046875 0.101852 0.299465
13 0.0635417 0.67963 0.125 0.355556 0.302635
13 0.0635417 0.680556 0.125 0.357407 0.304807
0 0.0489583 0.356481 0.0270833 0.105556 0.306458
0 0.493229 0.383333 0.028125 0.1 0.308276
0 0.517187 0.386111 0.028125 0.109259 0.311164
0 0.568229 0.34537 0.0135417 0.0648148 0.313068
0 0.503125 0.384259 0.0270833 0.101852 0.314311
0 0.552083 0.34537 0.0145833 0.0722222 0.315173
0 0.567708 0.34537 0.0125 0.0648148 0.31552
0 0.903125 0.493519 0.102083 0.635185 0.325485
0 0.0416667 0.355556 0.0375 0.1 0.327222
0 0.552083 0.346296 0.0145833 0.0703704 0.327678
0 0.503646 0.383333 0.028125 0.103704 0.336266
0 0.947917 0.513889 0.09375 0.694444 0.342236
0 0.49375 0.383333 0.0270833 0.1 0.344279
0 0.49375 0.383333 0.0270833 0.1 0.349051
0 0.504167 0.383333 0.0270833 0.103704 0.349806
0 0.548437 0.344444 0.0135417 0.0740741 0.353802
0 0.552083 0.34537 0.0145833 0.0722222 0.366734
0 0.548437 0.347222 0.015625 0.0759259 0.367464
0 0.552083 0.34537 0.0145833 0.0722222 0.369574
0 0.684375 0.367593 0.0291667 0.135185 0.370078
0 0.548437 0.344444 0.0135417 0.0740741 0.376119
0 0.516667 0.386111 0.0270833 0.109259 0.381842
0 0.0213542 0.35 0.0177083 0.0851852 0.387252
0 0.548437 0.346296 0.0135417 0.0703704 0.391769
0 0.609896 0.372222 0.0302083 0.12963 0.399715
0 0.608333 0.372222 0.0270833 0.125926 0.400692
0 0.548958 0.346296 0.0145833 0.0703704 0.418195
0 0.897917 0.492593 0.0895833 0.6 0.421343
0 0.899479 0.482407 0.090625 0.575926 0.421809
0 0.0489583 0.356481 0.025 0.105556 0.428412
0 0.492708 0.378704 0.03125 0.112963 0.433172
0 0.897917 0.494444 0.0895833 0.607407 0.436578
0 0.0213542 0.35 0.0177083 0.0851852 0.438797
0 0.0213542 0.35 0.0177083 0.0851852 0.441626
0 0.493229 0.37963 0.0302083 0.107407 0.442931
0 0.516667 0.381481 0.025 0.111111 0.446519
0 0.517708 0.386111 0.025 0.0981481 0.447873
0 0.608333 0.372222 0.0270833 0.12963 0.472309
0 0.684896 0.367593 0.028125 0.138889 0.472414
0 0.684896 0.367593 0.028125 0.138889 0.47487
0 0.608333 0.372222 0.0270833 0.12963 0.47605
0 0.492708 0.37963 0.0291667 0.107407 0.481791
0 0.517187 0.385185 0.0260417 0.107407 0.491737
0 0.493229 0.378704 0.0302083 0.112963 0.49184
0 0.517708 0.386111 0.025 0.0981481 0.502175
0 0.961979 0.510185 0.0760417 0.716667 0.507418
0 0.683854 0.37037 0.0302083 0.144444 0.508185
0 0.49375 0.37963 0.0270833 0.103704 0.512536
0 0.493229 0.378704 0.028125 0.105556 0.513684
0 0.0208333 0.351852 0.01875 0.0888889 0.517463
0 0.517708 0.386111 0.025 0.0981481 0.519002
0 0.608333 0.373148 0.0291667 0.131481 0.524169
0 0.683854 0.37037 0.0302083 0.144444 0.528762
0 0.517187 0.385185 0.0239583 0.1 0.535718
0 0.492708 0.378704 0.0291667 0.109259 0.536542
0 0.0203125 0.355556 0.0197917 0.0962963 0.536784
0 0.684375 0.369444 0.03125 0.142593 0.537582
0 0.49375 0.378704 0.0270833 0.105556 0.53829
0 0.683854 0.37037 0.0302083 0.144444 0.543868
0 0.0479167 0.356481 0.0229167 0.105556 0.550368
0 0.684375 0.369444 0.03125 0.138889 0.555029
0 0.49375 0.37963 0.0270833 0.103704 0.559281
0 0.517187 0.384259 0.0239583 0.101852 0.562855
0 0.0203125 0.355556 0.0197917 0.0962963 0.565279
0 0.0203125 0.355556 0.0197917 0.0962963 0.569257
0 0.407292 0.375 0.0333333 0.164815 0.570121
0 0.448438 0.377778 0.028125 0.159259 0.570665
0 0.9 0.481481 0.0916667 0.577778 0.570878
0 0.896875 0.482407 0.0875 0.572222 0.576479
0 0.607813 0.373148 0.028125 0.127778 0.577046
0 0.896875 0.482407 0.0875 0.572222 0.578261
0 0.0208333 0.351852 0.01875 0.0888889 0.578993
0 0.407813 0.375926 0.0322917 0.166667 0.579634
0 0.40625 0.373148 0.0354167 0.161111 0.582106
0 0.405729 0.373148 0.034375 0.161111 0.582995
0 0.517187 0.385185 0.0239583 0.103704 0.583178
0 0.608333 0.371296 0.0270833 0.131481 0.583224
0 0.0213542 0.351852 0.0197917 0.0925926 0.585174
0 0.959375 0.518519 0.08125 0.733333 0.590525
0 0.609896 0.372222 0.028125 0.125926 0.595576
0 0.609896 0.372222 0.028125 0.125926 0.597996
0 0.952604 0.521296 0.0927083 0.712963 0.600974
0 0.608854 0.372222 0.028125 0.12963 0.601514
0 0.608854 0.373148 0.028125 0.127778 0.604735
0 0.955208 0.522222 0.0895833 0.711111 0.615287
0 0.958854 0.518519 0.0822917 0.737037 0.619416
0 0.608333 0.374074 0.0270833 0.12963 0.6252
0 0.448438 0.377778 0.028125 0.155556 0.626327
0 0.448438 0.377778 0.028125 0.159259 0.628902
0 0.0213542 0.352778 0.0197917 0.0907407 0.628977
0 0.448438 0.375926 0.028125 0.159259 0.664918
0 0.608854 0.372222 0.028125 0.12963 0.667622
0 0.0208333 0.353704 0.01875 0.0925926 0.673131
0 0.05 0.355556 0.0229167 0.1 0.675931
0 0.608333 0.372222 0.0270833 0.12963 0.675937
0 0.448438 0.377778 0.028125 0.159259 0.679964
0 0.0489583 0.355556 0.0229167 0.1 0.683472
0 0.683854 0.368519 0.0302083 0.140741 0.69021
0 0.608854 0.372222 0.028125 0.12963 0.691127
0 0.683854 0.368519 0.0302083 0.140741 0.69436
0 0.608333 0.371296 0.0270833 0.131481 0.701997
0 0.05 0.355556 0.0229167 0.103704 0.702358
0 0.608333 0.372222 0.0270833 0.12963 0.705
0 0.683854 0.368519 0.0302083 0.140741 0.710255
0 0.684375 0.366667 0.0291667 0.140741 0.714159
0 0.0489583 0.356481 0.0229167 0.101852 0.71446
0 0.05 0.35463 0.0229167 0.101852 0.717585
0 0.683854 0.368519 0.0302083 0.140741 0.719179
0 0.448438 0.377778 0.028125 0.159259 0.721904
0 0.684375 0.367593 0.0291667 0.138889 0.725028
0 0.448438 0.375926 0.028125 0.159259 0.731409
0 0.0489583 0.356481 0.0229167 0.101852 0.73578
0 0.608333 0.373148 0.0270833 0.127778 0.73712
0 0.0489583 0.355556 0.0229167 0.103704 0.737692
0 0.448438 0.377778 0.028125 0.159259 0.738752
0 0.406771 0.375926 0.0322917 0.162963 0.740959
0 0.684375 0.368519 0.03125 0.144444 0.755804
0 0.898958 0.487037 0.0895833 0.611111 0.757464
0 0.683854 0.368519 0.0302083 0.140741 0.7599
0 0.406771 0.376852 0.0322917 0.161111 0.761086
0 0.407292 0.376852 0.0333333 0.161111 0.763674
0 0.901042 0.487037 0.0916667 0.585185 0.767444
0 0.898958 0.492593 0.0895833 0.618519 0.77325
0 0.407292 0.376852 0.0333333 0.161111 0.774403
0 0.407292 0.376852 0.0333333 0.161111 0.776068
0 0.447917 0.375926 0.0270833 0.159259 0.779948
0 0.900521 0.491667 0.0927083 0.594444 0.78242
0 0.960938 0.519444 0.078125 0.742593 0.786683
0 0.448958 0.378704 0.025 0.157407 0.787769
0 0.406771 0.375926 0.0322917 0.162963 0.792563
0 0.448958 0.378704 0.025 0.153704 0.794864
0 0.959375 0.521296 0.08125 0.727778 0.7977
0 0.448438 0.376852 0.0260417 0.157407 0.798298
0 0.898438 0.485185 0.0885417 0.574074 0.801087
0 0.898958 0.485185 0.0895833 0.574074 0.801786
0 0.448438 0.376852 0.0260417 0.153704 0.805946
0 0.406771 0.375926 0.0322917 0.162963 0.827202
0 0.406771 0.375926 0.0322917 0.162963 0.82785
0 0.961979 0.521296 0.0760417 0.742593 0.838314
0 0.406771 0.375 0.0322917 0.164815 0.842732
0 0.407292 0.374074 0.03125 0.159259 0.847133
0 0.407292 0.374074 0.03125 0.162963 0.848505
