0 0.395833 0.305556 0.0270833 0.133333 0.251395
0 0.396354 0.306481 0.0260417 0.127778 0.253367
0 0.0755208 0.30463 0.0260417 0.127778 0.255688
0 0.108333 0.267593 0.0208333 0.0685185 0.263888
0 0.107292 0.268519 0.0208333 0.0703704 0.264804
0 0.00729167 0.27963 0.0145833 0.0777778 0.266116
0 0.0760417 0.30463 0.0229167 0.124074 0.274967
0 0.319271 0.27963 0.0239583 0.0703704 0.276511
0 0.108333 0.266667 0.0208333 0.0666667 0.277866
0 0.466667 0.30463 0.0229167 0.142593 0.278847
0 0.466146 0.303704 0.0239583 0.144444 0.280789
0 0.107292 0.267593 0.0208333 0.0685185 0.28288
0 0.0078125 0.27963 0.0135417 0.0777778 0.283729
0 0.144792 0.3 0.0229167 0.0962963 0.285531
0 0.144792 0.298148 0.0208333 0.1 0.286474
0 0.0432292 0.275926 0.0177083 0.0814815 0.289035
0 0.108333 0.266667 0.0208333 0.0666667 0.29183
0 0.554167 0.302778 0.0270833 0.135185 0.292727
0 0.165625 0.326852 0.05 0.168519 0.298921
0 0.144271 0.297222 0.021875 0.101852 0.299204
0 0.144271 0.297222 0.021875 0.101852 0.301216
0 0.00729167 0.277778 0.0145833 0.0777778 0.302048
0 0.396875 0.30463 0.025 0.12037 0.305091
0 0.265104 0.280556 0.0322917 0.109259 0.305612
0 0.617188 0.294444 0.0197917 0.0962963 0.310394
0 0.265104 0.281481 0.0322917 0.107407 0.310897
0 0.31875 0.278704 0.0270833 0.0722222 0.311008
0 0.144792 0.3 0.0229167 0.1 0.311634
0 0.173958 0.324074 0.0375 0.17037 0.316336
0 0.396354 0.305556 0.0260417 0.12963 0.317163
0 0.0453125 0.280556 0.015625 0.0833333 0.317364
0 0.489062 0.30463 0.0260417 0.131481 0.318177
0 0.0453125 0.280556 0.015625 0.087037 0.321441
0 0.144792 0.3 0.0229167 0.1 0.321672
0 0.955208 0.553704 0.0895833 0.714815 0.324309
0 0.173958 0.324074 0.0375 0.17037 0.32436
0 0.265104 0.280556 0.0322917 0.109259 0.324899
0 0.00729167 0.277778 0.0145833 0.0777778 0.326821
0 0.617708 0.293519 0.01875 0.0981481 0.329861
0 0.554167 0.302778 0.0270833 0.131481 0.331833
0 0.955729 0.553704 0.0885417 0.711111 0.3337
0 0.617188 0.293519 0.0197917 0.0981481 0.336771
0 0.0453125 0.276852 0.015625 0.0833333 0.342943
0 0.398438 0.298148 0.021875 0.103704 0.343476
0 0.0458333 0.275926 0.0166667 0.0851852 0.345698
0 0.396875 0.305556 0.025 0.125926 0.346819
0 0.0755208 0.299074 0.021875 0.116667 0.348699
0 0.396875 0.302778 0.0229167 0.124074 0.348851
0 0.176042 0.332407 0.0354167 0.175926 0.348907
0 0.397917 0.298148 0.0208333 0.107407 0.352552
0 0.0755208 0.299074 0.021875 0.12037 0.353397
0 0.0453125 0.280556 0.015625 0.0833333 0.353447
0 0.834375 0.528704 0.125 0.642593 0.356371
0 0.396875 0.302778 0.0229167 0.124074 0.359976
0 0.0755208 0.299074 0.021875 0.12037 0.36017
0 0.145313 0.3 0.021875 0.103704 0.361152
0 0.489062 0.301852 0.0239583 0.12963 0.362469
0 0.397917 0.298148 0.0208333 0.107407 0.362952
0 0.0458333 0.276852 0.0166667 0.0833333 0.363456
0 0.170312 0.326852 0.0447917 0.168519 0.368401
0 0.175521 0.332407 0.034375 0.175926 0.369629
0 0.553646 0.302778 0.0260417 0.135185 0.369989
0 0.170312 0.327778 0.0447917 0.17037 0.375912
0 0.396875 0.302778 0.0229167 0.124074 0.376262
0 0.619792 0.290741 0.01875 0.0925926 0.377616
0 0.318229 0.278704 0.028125 0.0759259 0.380004
0 0.553646 0.297222 0.028125 0.127778 0.392363
0 0.619792 0.289815 0.01875 0.0944444 0.392533
0 0.489062 0.303704 0.0260417 0.133333 0.393196
0 0.264583 0.275926 0.0333333 0.111111 0.393789
0 0.264583 0.276852 0.0333333 0.109259 0.401433
0 0.264583 0.275926 0.0333333 0.111111 0.401566
0 0.553646 0.297222 0.028125 0.127778 0.403109
0 0.619792 0.289815 0.01875 0.0944444 0.405986
0 0.598437 0.310185 0.0447917 0.127778 0.409103
0 0.957292 0.535185 0.0854167 0.692593 0.410564
0 0.396354 0.303704 0.0239583 0.122222 0.420122
0 0.553646 0.297222 0.028125 0.127778 0.427541
0 0.597917 0.310185 0.0416667 0.127778 0.428826
0 0.466146 0.307407 0.0260417 0.151852 0.437198
0 0.0744792 0.303704 0.0239583 0.125926 0.441482
0 0.0744792 0.303704 0.0239583 0.125926 0.442568
0 0.075 0.303704 0.0229167 0.125926 0.44339
0 0.597396 0.310185 0.040625 0.127778 0.448899
0 0.552604 0.300926 0.0260417 0.127778 0.44992
0 0.396354 0.305556 0.0239583 0.12963 0.451528
0 0.2625 0.274074 0.0333333 0.122222 0.456981
0 0.466667 0.307407 0.0270833 0.151852 0.457552
0 0.263021 0.275 0.034375 0.116667 0.4707
0 0.263542 0.276852 0.0333333 0.116667 0.470955
0 0.264062 0.277778 0.0322917 0.118519 0.473136
0 0.264062 0.276852 0.0322917 0.116667 0.487163
0 0.447917 0.312963 0.0375 0.17037 0.48992
0 0.553125 0.296296 0.0270833 0.125926 0.490122
0 0.0765625 0.300926 0.021875 0.116667 0.49072
0 0.552604 0.300926 0.0260417 0.127778 0.491421
0 0.488542 0.30463 0.025 0.131481 0.491813
0 0.0744792 0.303704 0.021875 0.12963 0.494539
0 0.0765625 0.300926 0.021875 0.116667 0.496148
0 0.172917 0.328704 0.0375 0.175926 0.496259
0 0.171354 0.331481 0.0385417 0.17037 0.497071
0 0.263021 0.275 0.034375 0.116667 0.497205
0 0.552604 0.301852 0.0260417 0.125926 0.500671
0 0.0770833 0.300926 0.0208333 0.116667 0.500782
0 0.490625 0.30463 0.0229167 0.131481 0.500878
0 0.95625 0.557407 0.0875 0.696296 0.502403
0 0.171354 0.331481 0.0385417 0.17037 0.504194
0 0.172917 0.330556 0.0375 0.168519 0.504932
0 0.0760417 0.302778 0.0208333 0.12037 0.505614
0 0.553125 0.297222 0.0270833 0.127778 0.507677
0 0.449479 0.313889 0.0385417 0.172222 0.50845
0 0.0760417 0.301852 0.0208333 0.122222 0.50966
0 0.172917 0.327778 0.0375 0.177778 0.510746
0 0.836458 0.536111 0.13125 0.65 0.514209
0 0.172917 0.331481 0.0375 0.17037 0.518404
0 0.447917 0.313889 0.0375 0.172222 0.520637
0 0.553125 0.296296 0.0270833 0.125926 0.522385
0 0.318229 0.278704 0.0260417 0.0722222 0.522701
0 0.448958 0.313889 0.0375 0.172222 0.523351
0 0.0760417 0.302778 0.0208333 0.12037 0.526817
0 0.172917 0.331481 0.0375 0.17037 0.534837
0 0.318229 0.278704 0.0260417 0.0685185 0.540169
0 0.318229 0.278704 0.0260417 0.0685185 0.541274
0 0.171354 0.331481 0.0385417 0.17037 0.543741
0 0.318229 0.278704 0.0260417 0.0722222 0.551009
0 0.957292 0.531482 0.0854167 0.711111 0.552908
0 0.591146 0.313889 0.0302083 0.131481 0.553521
0 0.447396 0.312963 0.0385417 0.17037 0.55409
0 0.618229 0.294444 0.0197917 0.0888889 0.560455
0 0.31875 0.278704 0.025 0.0722222 0.57626
0 0.317708 0.278704 0.025 0.0722222 0.576342
0 0.833854 0.533333 0.126042 0.662963 0.587997
0 0.396875 0.3 0.0229167 0.114815 0.59207
0 0.396875 0.300926 0.0229167 0.112963 0.595396
0 0.396875 0.301852 0.0229167 0.122222 0.595954
0 0.396875 0.3 0.0229167 0.114815 0.600393
0 0.590104 0.316667 0.0302083 0.133333 0.602282
0 0.0755208 0.303704 0.021875 0.125926 0.602421
0 0.957292 0.531482 0.0854167 0.707407 0.604169
0 0.489583 0.302778 0.025 0.127778 0.604317
0 0.31875 0.277778 0.025 0.0703704 0.604947
0 0.31875 0.277778 0.025 0.0740741 0.614254
0 0.396875 0.300926 0.0229167 0.124074 0.619066
0 0.396875 0.300926 0.0229167 0.124074 0.620273
0 0.396875 0.30463 0.0229167 0.124074 0.624717
0 0.617708 0.294444 0.01875 0.0925926 0.625098
0 0.490625 0.30463 0.0229167 0.138889 0.627774
0 0.617708 0.294444 0.01875 0.0925926 0.627843
0 0.835938 0.530556 0.128125 0.65 0.634053
0 0.618229 0.291667 0.0197917 0.0944444 0.635818
0 0.490625 0.30463 0.0229167 0.138889 0.636528
0 0.489583 0.300926 0.0229167 0.131481 0.647602
0 0.489583 0.302778 0.0229167 0.131481 0.65874
0 0.591146 0.315741 0.0302083 0.131481 0.665129
0 0.617708 0.291667 0.0208333 0.0981481 0.666001
0 0.445312 0.318519 0.034375 0.177778 0.670509
0 0.264583 0.277778 0.03125 0.114815 0.672051
0 0.489583 0.303704 0.0229167 0.125926 0.673424
0 0.489583 0.303704 0.0229167 0.125926 0.676125
0 0.618229 0.290741 0.0197917 0.0962963 0.67613
0 0.489583 0.30463 0.0229167 0.131481 0.678776
0 0.264583 0.276852 0.03125 0.112963 0.680575
0 0.590104 0.316667 0.0302083 0.133333 0.684956
0 0.264583 0.276852 0.03125 0.112963 0.687208
0 0.590104 0.316667 0.0302083 0.133333 0.690295
0 0.618229 0.290741 0.0197917 0.0962963 0.693256
0 0.264062 0.275926 0.0322917 0.114815 0.698878
0 0.264062 0.276852 0.0322917 0.112963 0.699967
0 0.591146 0.314815 0.0302083 0.137037 0.701146
0 0.265104 0.278704 0.0322917 0.116667 0.701597
0 0.553646 0.301852 0.028125 0.133333 0.70891
0 0.264062 0.276852 0.0322917 0.112963 0.712238
0 0.265104 0.277778 0.0322917 0.118519 0.713039
0 0.396875 0.30463 0.0229167 0.12037 0.713544
0 0.591146 0.314815 0.0302083 0.137037 0.714022
0 0.265104 0.277778 0.0322917 0.114815 0.715997
0 0.444792 0.318519 0.0333333 0.177778 0.719828
0 0.553646 0.3 0.028125 0.12963 0.725031
0 0.264583 0.277778 0.0333333 0.114815 0.726718
0 0.553646 0.299074 0.028125 0.131481 0.726944
0 0.264583 0.277778 0.0333333 0.114815 0.729944
0 0.489062 0.301852 0.0239583 0.133333 0.731664
0 0.445312 0.318519 0.0322917 0.181481 0.733447
0 0.489583 0.301852 0.0229167 0.133333 0.73915
0 0.618229 0.292593 0.0197917 0.1 0.740826
0 0.553646 0.300926 0.028125 0.131481 0.742625
0 0.553646 0.301852 0.028125 0.133333 0.743114
0 0.553646 0.299074 0.028125 0.131481 0.745618
0 0.264583 0.277778 0.0333333 0.114815 0.747508
0 0.553646 0.299074 0.028125 0.131481 0.748114
0 0.445312 0.318519 0.0322917 0.181481 0.751512
0 0.553646 0.299074 0.028125 0.131481 0.752581
0 0.835417 0.532407 0.129167 0.668519 0.75709
0 0.446354 0.317593 0.0302083 0.183333 0.759287
0 0.444792 0.318519 0.0333333 0.177778 0.75996
0 0.553646 0.299074 0.028125 0.131481 0.763425
0 0.95625 0.541667 0.0875 0.698148 0.765307
0 0.553646 0.300926 0.028125 0.127778 0.770014
0 0.446354 0.316667 0.0302083 0.181481 0.771136
0 0.489583 0.302778 0.0229167 0.131481 0.771171
0 0.445312 0.318519 0.0322917 0.181481 0.771739
0 0.836458 0.537037 0.13125 0.677778 0.776159
0 0.445312 0.317593 0.0322917 0.17963 0.778508
0 0.553646 0.300926 0.028125 0.131481 0.788144
0 0.445312 0.317593 0.0322917 0.17963 0.789958
0 0.591667 0.312963 0.03125 0.137037 0.795361
0 0.591667 0.312963 0.03125 0.137037 0.799588
0 0.553646 0.300926 0.028125 0.131481 0.801595
0 0.957292 0.544444 0.0854167 0.707407 0.802814
0 0.835417 0.533333 0.129167 0.662963 0.814412
0 0.591146 0.315741 0.0302083 0.135185 0.819258
0 0.955729 0.537037 0.0885417 0.725926 0.822991
0 0.591146 0.315741 0.0302083 0.135185 0.823333
0 0.591667 0.313889 0.03125 0.135185 0.826985
0 0.590625 0.314815 0.03125 0.137037 0.83253
0 0.590625 0.314815 0.03125 0.137037 0.838316
0 0.835938 0.539815 0.132292 0.694444 0.841907
0 0.591146 0.314815 0.0322917 0.137037 0.853475
0 0.955729 0.537037 0.0885417 0.725926 0.856913
0 0.95625 0.537037 0.0875 0.733333 0.860364
0 0.95625 0.535185 0.0875 0.737037 0.875996
0 0.835938 0.539815 0.132292 0.690741 0.879085
0 0.835417 0.541667 0.13125 0.683333 0.908804
0 0.835417 0.542593 0.13125 0.681481 0.909424
0 0.835938 0.533333 0.128125 0.674074 0.932825
