0 0.942708 0.599074 0.1125 0.475926 0.251934
0 0.383333 0.413889 0.0333333 0.109259 0.255845
0 0.357812 0.42037 0.021875 0.107407 0.255977
13 0.207292 0.462037 0.0666667 0.087037 0.257747
0 0.258333 0.392593 0.0229167 0.0666667 0.261164
0 0.258333 0.392593 0.0229167 0.0666667 0.262496
0 0.314583 0.389815 0.0145833 0.0722222 0.268862
13 0.275521 0.516667 0.0989583 0.144444 0.274483
0 0.655208 0.42037 0.025 0.107407 0.275533
0 0.291146 0.397222 0.0177083 0.0759259 0.277906
0 0.258333 0.392593 0.0229167 0.0666667 0.283454
0 0.943229 0.597222 0.113542 0.475926 0.285279
13 0.277083 0.481481 0.0916667 0.0851852 0.285713
0 0.192188 0.390741 0.0197917 0.0703704 0.286409
0 0.376042 0.416667 0.025 0.111111 0.286755
0 0.192708 0.389815 0.01875 0.0722222 0.291511
0 0.192188 0.389815 0.0197917 0.0722222 0.292501
0 0.439063 0.436111 0.0322917 0.161111 0.293661
0 0.439063 0.436111 0.0322917 0.161111 0.294739
0 0.942708 0.598148 0.1125 0.474074 0.29614
13 0.372396 0.619444 0.238542 0.161111 0.297031
0 0.36875 0.416667 0.0354167 0.107407 0.297867
0 0.192188 0.387963 0.0197917 0.0685185 0.299036
0 0.291146 0.397222 0.0177083 0.0759259 0.299731
0 0.439063 0.436111 0.0322917 0.157407 0.299769
13 0.20625 0.464815 0.0666667 0.0888889 0.300727
0 0.376042 0.416667 0.025 0.111111 0.30187
0 0.192188 0.387963 0.0197917 0.0685185 0.302752
0 0.376042 0.416667 0.025 0.111111 0.303291
13 0.374479 0.625 0.240625 0.172222 0.304756
13 0.205729 0.463889 0.0635417 0.087037 0.311382
13 0.205208 0.464815 0.0645833 0.0888889 0.313576
13 0.205729 0.463889 0.0635417 0.087037 0.313963
0 0.291667 0.398148 0.0166667 0.0740741 0.318998
0 0.192188 0.387963 0.0197917 0.0685185 0.320107
0 0.192708 0.388889 0.01875 0.0703704 0.320485
13 0.20625 0.464815 0.0645833 0.0888889 0.321604
13 0.20625 0.464815 0.0645833 0.0888889 0.321985
0 0.357812 0.413889 0.0197917 0.0981481 0.322632
13 0.277083 0.47963 0.0916667 0.0703704 0.323024
13 0.278646 0.47963 0.090625 0.0703704 0.323095
13 0.204688 0.465741 0.065625 0.087037 0.325626
0 0.19375 0.388889 0.01875 0.0703704 0.32655
0 0.357812 0.415741 0.0197917 0.101852 0.32658
0 0.359375 0.415741 0.025 0.109259 0.328679
13 0.205208 0.465741 0.0666667 0.087037 0.331559
13 0.278646 0.47963 0.090625 0.0703704 0.34216
0 0.357812 0.413889 0.0197917 0.0981481 0.343729
13 0.277083 0.480556 0.0895833 0.0722222 0.345082
0 0.357812 0.415741 0.0197917 0.101852 0.351198
13 0.38125 0.631481 0.2375 0.17037 0.355188
0 0.357812 0.413889 0.0197917 0.0981481 0.356812
13 0.381771 0.631481 0.236458 0.17037 0.362878
0 0.395312 0.400926 0.015625 0.0796296 0.363277
0 0.357812 0.415741 0.0197917 0.101852 0.365643
13 0.380729 0.627778 0.251042 0.174074 0.368523
0 0.394792 0.401852 0.0166667 0.0814815 0.368804
0 0.314063 0.389815 0.0135417 0.0722222 0.373711
0 0.314583 0.387963 0.0125 0.0759259 0.380569
0 0.314063 0.389815 0.0135417 0.0685185 0.391993
0 0.395312 0.401852 0.015625 0.0814815 0.396161
0 0.314063 0.387963 0.0135417 0.0759259 0.403971
13 0.38125 0.628704 0.24375 0.172222 0.410377
0 0.378125 0.412963 0.0229167 0.107407 0.420645
0 0.384375 0.413889 0.03125 0.105556 0.438517
0 0.385938 0.412037 0.034375 0.105556 0.441339
0 0.378125 0.413889 0.0229167 0.109259 0.441783
0 0.378125 0.412963 0.0229167 0.107407 0.446027
13 0.381771 0.628704 0.242708 0.172222 0.44793
13 0.382292 0.628704 0.239583 0.168519 0.450622
13 0.381771 0.628704 0.242708 0.168519 0.455707
13 0.379687 0.621296 0.244792 0.161111 0.465678
0 0.440104 0.428704 0.0322917 0.157407 0.47836
0 0.440104 0.427778 0.0322917 0.159259 0.482453
0 0.394792 0.405556 0.01875 0.0925926 0.495187
0 0.440104 0.428704 0.0322917 0.157407 0.502891
13 0.379687 0.627778 0.242708 0.174074 0.533228
0 0.379167 0.412037 0.0270833 0.109259 0.541239
0 0.439063 0.431481 0.0322917 0.155556 0.548134
0 0.394792 0.411111 0.01875 0.1 0.558848
0 0.378646 0.412037 0.0260417 0.109259 0.567293
13 0.379687 0.626852 0.242708 0.172222 0.567828
0 0.439063 0.430556 0.0322917 0.157407 0.569334
0 0.378646 0.412037 0.0260417 0.109259 0.571026
0 0.939062 0.591667 0.115625 0.472222 0.5731
0 0.438542 0.435185 0.03125 0.159259 0.593543
0 0.394792 0.411111 0.01875 0.1 0.606683
0 0.438542 0.436111 0.03125 0.161111 0.609888
0 0.394792 0.411111 0.01875 0.1 0.61067
0 0.394271 0.410185 0.0177083 0.0981481 0.61076
0 0.394271 0.409259 0.0177083 0.1 0.642582
0 0.394271 0.409259 0.0177083 0.1 0.652917
0 0.940625 0.594444 0.1125 0.474074 0.65729
0 0.940625 0.594444 0.1125 0.474074 0.674543
0 0.439583 0.430556 0.0333333 0.164815 0.698625
0 0.439583 0.430556 0.0333333 0.164815 0.708239
0 0.439583 0.42963 0.0333333 0.162963 0.710544
0 0.440625 0.432407 0.0333333 0.157407 0.725927
0 0.440625 0.431481 0.0333333 0.159259 0.730484
0 0.440104 0.432407 0.0322917 0.161111 0.750007
0 0.939583 0.592593 0.116667 0.474074 0.760117
0 0.439583 0.433333 0.03125 0.159259 0.766584
0 0.439583 0.433333 0.03125 0.162963 0.772327
0 0.939062 0.591667 0.109375 0.475926 0.775133
0 0.939062 0.591667 0.117708 0.47963 0.775483
0 0.439583 0.432407 0.0333333 0.161111 0.775664
0 0.439583 0.432407 0.0333333 0.161111 0.801224
0 0.939062 0.590741 0.113542 0.474074 0.802387
0 0.939062 0.591667 0.109375 0.47963 0.856838
0 0.939062 0.590741 0.109375 0.477778 0.859259
0 0.939062 0.590741 0.113542 0.474074 0.869419
0 0.939583 0.592593 0.1125 0.47037 0.881052
0 0.939583 0.592593 0.1125 0.47037 0.897146
