0 0.461458 0.332407 0.025 0.0981481 0.250525
0 0.291146 0.323148 0.0322917 0.0759259 0.252566
0 0.289583 0.324074 0.0291667 0.0777778 0.257704
0 0.202604 0.317593 0.040625 0.131481 0.262763
0 0.650521 0.340741 0.0197917 0.0888889 0.265593
0 0.2875 0.324074 0.0270833 0.0740741 0.268919
0 0.457812 0.338889 0.028125 0.107407 0.269676
0 0.2875 0.324074 0.0270833 0.0740741 0.273594
13 0.393229 0.500926 0.084375 0.087037 0.27512
0 0.2875 0.324074 0.0270833 0.0740741 0.278866
13 0.393229 0.500926 0.084375 0.087037 0.279261
0 0.389583 0.364815 0.0520833 0.22963 0.281802
0 0.460417 0.333333 0.025 0.1 0.281937
0 0.951042 0.60463 0.0979167 0.742593 0.286039
0 0.651042 0.339815 0.01875 0.087037 0.286487
0 0.310937 0.317593 0.0239583 0.0796296 0.288869
0 0.620313 0.349074 0.0302083 0.127778 0.289592
0 0.460938 0.332407 0.0239583 0.0981481 0.291944
0 0.617708 0.353704 0.0333333 0.137037 0.295477
0 0.311458 0.317593 0.0229167 0.0796296 0.295491
0 0.948438 0.60463 0.101042 0.716667 0.297776
0 0.311458 0.317593 0.0229167 0.0796296 0.304023
0 0.617708 0.353704 0.0333333 0.137037 0.308096
0 0.571354 0.343519 0.0302083 0.135185 0.308137
13 0.393229 0.501852 0.084375 0.0888889 0.322656
13 0.393229 0.501852 0.084375 0.0888889 0.323305
0 0.0359375 0.382407 0.0677083 0.272222 0.362074
0 0.572917 0.341667 0.03125 0.142593 0.366415
0 0.496354 0.348148 0.028125 0.137037 0.3696
13 0.39375 0.500926 0.0854167 0.0907407 0.37214
0 0.457812 0.342593 0.028125 0.114815 0.372625
0 0.571875 0.342593 0.03125 0.140741 0.375472
0 0.619271 0.358333 0.0302083 0.131481 0.376261
0 0.620313 0.351852 0.0302083 0.140741 0.377304
0 0.620313 0.351852 0.0302083 0.137037 0.385258
0 0.496875 0.342593 0.0229167 0.125926 0.385354
0 0.496354 0.347222 0.0260417 0.135185 0.391488
0 0.458333 0.338889 0.0270833 0.103704 0.391573
0 0.651563 0.334259 0.0197917 0.0944444 0.397212
0 0.496354 0.347222 0.0239583 0.135185 0.40062
0 0.620313 0.356481 0.0302083 0.131481 0.404812
0 0.456771 0.340741 0.028125 0.114815 0.414819
0 0.289583 0.323148 0.0270833 0.0759259 0.420452
0 0.290625 0.324074 0.0270833 0.0777778 0.420837
0 0.496354 0.349074 0.0260417 0.135185 0.421269
0 0.291146 0.324074 0.0302083 0.0740741 0.421846
0 0.65 0.335185 0.01875 0.0925926 0.428614
0 0.203125 0.317593 0.0416667 0.142593 0.429189
0 0.290625 0.323148 0.0270833 0.0759259 0.429915
0 0.204688 0.319444 0.040625 0.131481 0.432297
0 0.309375 0.32037 0.0208333 0.0777778 0.432513
0 0.948958 0.60463 0.102083 0.742593 0.436629
0 0.290625 0.323148 0.0270833 0.0759259 0.436781
0 0.290625 0.324074 0.0270833 0.0777778 0.438796
0 0.290625 0.323148 0.0270833 0.0759259 0.448923
0 0.203125 0.317593 0.0416667 0.142593 0.449726
0 0.290625 0.324074 0.0270833 0.0777778 0.450832
0 0.457292 0.341667 0.0270833 0.112963 0.450987
0 0.496875 0.347222 0.0270833 0.135185 0.452362
0 0.650521 0.335185 0.0197917 0.0925926 0.457465
0 0.204167 0.317593 0.0416667 0.131481 0.460903
0 0.948958 0.60463 0.102083 0.742593 0.462459
0 0.496354 0.346296 0.0260417 0.133333 0.467125
0 0.308854 0.32037 0.021875 0.0777778 0.469564
0 0.309375 0.322222 0.0208333 0.0777778 0.473465
0 0.309375 0.322222 0.0208333 0.0777778 0.474379
0 0.650521 0.335185 0.0197917 0.0962963 0.47571
0 0.65 0.335185 0.01875 0.0962963 0.476318
0 0.61875 0.358333 0.0291667 0.135185 0.486221
0 0.309375 0.322222 0.0208333 0.0777778 0.488197
0 0.952083 0.602778 0.0958333 0.735185 0.488875
0 0.496354 0.348148 0.0239583 0.133333 0.491595
0 0.309375 0.323148 0.0208333 0.0796296 0.491879
0 0.309375 0.322222 0.0208333 0.0777778 0.492277
0 0.61875 0.358333 0.0291667 0.135185 0.492785
0 0.456771 0.341667 0.028125 0.112963 0.493242
0 0.650521 0.335185 0.0197917 0.0925926 0.494542
0 0.309375 0.323148 0.0208333 0.0759259 0.497023
0 0.650521 0.336111 0.0197917 0.0944444 0.497954
0 0.0333333 0.378704 0.0666667 0.257407 0.50346
0 0.496875 0.346296 0.0229167 0.137037 0.509555
0 0.0338542 0.378704 0.0677083 0.257407 0.509776
0 0.496875 0.346296 0.0229167 0.133333 0.511816
0 0.952083 0.602778 0.0958333 0.738889 0.51812
0 0.496354 0.348148 0.0260417 0.137037 0.518836
0 0.570833 0.340741 0.03125 0.148148 0.522933
0 0.457812 0.342593 0.0260417 0.111111 0.525906
0 0.0338542 0.37963 0.0677083 0.255556 0.528774
0 0.496354 0.349074 0.0260417 0.135185 0.539324
0 0.204688 0.319444 0.0427083 0.135185 0.539987
0 0.620313 0.357407 0.0302083 0.140741 0.543227
0 0.571354 0.340741 0.0302083 0.148148 0.543786
0 0.204688 0.319444 0.0427083 0.135185 0.54404
0 0.571354 0.340741 0.0302083 0.148148 0.54444
0 0.457812 0.340741 0.0260417 0.111111 0.546187
0 0.457292 0.341667 0.0270833 0.112963 0.547667
0 0.619792 0.356481 0.0291667 0.138889 0.549608
0 0.651563 0.336111 0.0197917 0.0944444 0.558847
0 0.0364583 0.376852 0.06875 0.261111 0.566834
0 0.456771 0.341667 0.0239583 0.127778 0.567915
0 0.203125 0.315741 0.04375 0.138889 0.578488
0 0.456771 0.341667 0.0239583 0.127778 0.578846
0 0.457292 0.341667 0.025 0.127778 0.585346
0 0.458333 0.340741 0.025 0.111111 0.585735
0 0.457812 0.340741 0.0239583 0.111111 0.590842
0 0.390625 0.362963 0.0520833 0.218519 0.592052
0 0.496354 0.348148 0.0239583 0.137037 0.600411
0 0.496875 0.346296 0.025 0.133333 0.60069
0 0.204167 0.315741 0.04375 0.138889 0.601882
0 0.204167 0.315741 0.04375 0.138889 0.601903
0 0.0364583 0.376852 0.06875 0.261111 0.607705
0 0.390625 0.362963 0.0520833 0.218519 0.615082
0 0.496354 0.348148 0.0239583 0.137037 0.621553
0 0.390625 0.362963 0.0520833 0.225926 0.622702
0 0.620833 0.352778 0.03125 0.142593 0.635526
0 0.390625 0.362963 0.0520833 0.218519 0.636753
0 0.204167 0.318519 0.04375 0.137037 0.638802
0 0.390104 0.361111 0.0510417 0.222222 0.638813
0 0.204688 0.318519 0.0427083 0.137037 0.643668
0 0.390104 0.360185 0.053125 0.224074 0.650803
0 0.496875 0.347222 0.025 0.135185 0.650905
0 0.620833 0.352778 0.03125 0.142593 0.65171
0 0.390625 0.363889 0.0520833 0.227778 0.654001
0 0.496875 0.348148 0.025 0.133333 0.656493
0 0.390104 0.361111 0.053125 0.214815 0.659097
0 0.0364583 0.377778 0.06875 0.262963 0.670405
0 0.204688 0.317593 0.0427083 0.135185 0.675192
0 0.620833 0.353704 0.03125 0.140741 0.67627
0 0.204688 0.317593 0.0427083 0.135185 0.677916
0 0.619271 0.357407 0.0302083 0.133333 0.678835
0 0.204688 0.317593 0.0427083 0.135185 0.685949
0 0.204167 0.317593 0.04375 0.135185 0.689054
0 0.204167 0.317593 0.04375 0.135185 0.697036
0 0.204167 0.317593 0.04375 0.135185 0.706339
0 0.496875 0.347222 0.025 0.135185 0.707877
0 0.571875 0.343519 0.03125 0.153704 0.70946
0 0.571875 0.342593 0.03125 0.148148 0.710359
0 0.571875 0.343519 0.03125 0.153704 0.712151
0 0.571875 0.342593 0.03125 0.148148 0.716877
0 0.0375 0.382407 0.06875 0.268519 0.721107
0 0.571354 0.343519 0.0302083 0.146296 0.722683
0 0.571354 0.343519 0.0302083 0.142593 0.724866
0 0.571875 0.341667 0.03125 0.15 0.727712
0 0.390625 0.362963 0.0520833 0.218519 0.730961
0 0.571354 0.343519 0.0302083 0.153704 0.735176
0 0.571354 0.343519 0.0302083 0.146296 0.739153
0 0.571875 0.341667 0.03125 0.15 0.741407
0 0.0348958 0.378704 0.0677083 0.264815 0.749125
0 0.0348958 0.376852 0.0677083 0.268519 0.751266
0 0.0359375 0.37963 0.0677083 0.266667 0.766375
0 0.389583 0.360185 0.0541667 0.224074 0.766456
0 0.390104 0.362963 0.053125 0.218519 0.766927
0 0.390104 0.359259 0.0552083 0.222222 0.769358
0 0.390625 0.362037 0.0520833 0.22037 0.774834
0 0.0369792 0.383333 0.0697917 0.27037 0.777711
0 0.619792 0.352778 0.03125 0.138889 0.778822
0 0.0348958 0.377778 0.0677083 0.262963 0.78426
0 0.390625 0.362037 0.0520833 0.22037 0.791907
0 0.619792 0.352778 0.03125 0.138889 0.792803
0 0.0348958 0.377778 0.0677083 0.262963 0.801282
0 0.619792 0.353704 0.03125 0.140741 0.804565
0 0.619792 0.353704 0.03125 0.140741 0.807699
0 0.390625 0.362037 0.0520833 0.22037 0.811227
0 0.619792 0.35463 0.03125 0.142593 0.811751
0 0.619271 0.357407 0.0302083 0.137037 0.813678
0 0.0348958 0.377778 0.0677083 0.262963 0.813853
0 0.0359375 0.378704 0.0677083 0.264815 0.814085
0 0.619271 0.357407 0.0302083 0.137037 0.816298
0 0.619271 0.353704 0.0322917 0.140741 0.816734
0 0.0348958 0.377778 0.0677083 0.266667 0.816826
0 0.0348958 0.378704 0.0677083 0.264815 0.819832
0 0.390625 0.362963 0.0520833 0.222222 0.825641
0 0.390625 0.363889 0.0520833 0.224074 0.829907
0 0.390625 0.362963 0.0520833 0.222222 0.831078
0 0.949479 0.602778 0.0989583 0.742593 0.841619
0 0.95 0.610185 0.1 0.75 0.868773
0 0.950521 0.610185 0.0989583 0.753704 0.870656
0 0.951042 0.609259 0.0979167 0.748148 0.877113
0 0.949479 0.601852 0.0989583 0.740741 0.878087
0 0.951042 0.609259 0.0979167 0.748148 0.879417
