13 0.351562 0.759259 0.226042 0.42963 0.250768
36 0.73125 0.534259 0.0583333 0.0351852 0.251942
24 0.764063 0.34537 0.034375 0.105556 0.26166
13 0.246875 0.480556 0.158333 0.172222 0.263042
0 0.184375 0.337037 0.04375 0.137037 0.26314
0 0.527604 0.352778 0.0239583 0.087037 0.264621
36 0.730729 0.533333 0.059375 0.0333333 0.267284
13 0.342708 0.67037 0.202083 0.251852 0.268538
0 0.728646 0.387963 0.0614583 0.32037 0.26858
0 0.379687 0.32963 0.0197917 0.1 0.270005
0 0.527604 0.351852 0.0239583 0.0851852 0.270025
13 0.342708 0.67037 0.202083 0.255556 0.27157
13 0.352083 0.758333 0.227083 0.427778 0.271722
0 0.379167 0.32963 0.0208333 0.1 0.273052
13 0.351562 0.759259 0.228125 0.42963 0.273961
0 0.178125 0.337963 0.04375 0.146296 0.279194
13 0.247396 0.481481 0.159375 0.17037 0.279392
0 0.527083 0.349074 0.025 0.0907407 0.281866
13 0.246875 0.47963 0.158333 0.17037 0.283099
24 0.761979 0.339815 0.0385417 0.112963 0.283653
0 0.0765625 0.52963 0.151042 0.648148 0.284487
0 0.715625 0.387963 0.0291667 0.301852 0.295557
0 0.728646 0.390741 0.071875 0.322222 0.298195
0 0.178125 0.337963 0.0416667 0.146296 0.303532
13 0.247396 0.480556 0.159375 0.168519 0.304911
0 0.626042 0.343519 0.0270833 0.127778 0.306677
71 0.936458 0.434259 0.125 0.0574074 0.308274
0 0.713021 0.37963 0.034375 0.281481 0.310554
0 0.626042 0.343519 0.0270833 0.127778 0.312527
0 0.181771 0.337963 0.0510417 0.142593 0.31593
24 0.761979 0.339815 0.0385417 0.109259 0.316031
24 0.763542 0.347222 0.0354167 0.0944444 0.32345
24 0.763542 0.348148 0.0354167 0.0925926 0.32885
0 0.181771 0.337963 0.0489583 0.142593 0.328879
24 0.763542 0.347222 0.0354167 0.0944444 0.332613
0 0.0729167 0.528704 0.145833 0.672222 0.332967
0 0.181771 0.337963 0.0489583 0.142593 0.333511
0 0.0729167 0.528704 0.145833 0.664815 0.33439
0 0.452083 0.349074 0.0270833 0.157407 0.338677
0 0.181771 0.337963 0.0510417 0.146296 0.3405
0 0.7125 0.37963 0.0354167 0.281481 0.345134
0 0.713021 0.380556 0.034375 0.27963 0.346634
0 0.451042 0.341667 0.0270833 0.131481 0.348338
0 0.182292 0.336111 0.05 0.142593 0.350727
71 0.936458 0.434259 0.125 0.0574074 0.352557
0 0.742708 0.392593 0.0708333 0.314815 0.352563
0 0.742708 0.392593 0.0708333 0.314815 0.355547
0 0.0776042 0.551852 0.151042 0.62963 0.356537
0 0.625521 0.347222 0.028125 0.127778 0.358356
24 0.761458 0.339815 0.0375 0.105556 0.35883
0 0.452083 0.349074 0.0270833 0.153704 0.360019
0 0.742708 0.392593 0.0708333 0.311111 0.362504
24 0.7625 0.341667 0.0333333 0.101852 0.365583
24 0.7625 0.342593 0.0354167 0.1 0.373402
0 0.715625 0.392593 0.0291667 0.292593 0.373645
13 0.342708 0.741667 0.20625 0.398148 0.38006
24 0.7625 0.342593 0.0354167 0.1 0.38279
0 0.743229 0.391667 0.071875 0.32037 0.393395
24 0.763021 0.342593 0.0364583 0.1 0.396154
13 0.343229 0.723148 0.205208 0.357407 0.399347
24 0.763021 0.341667 0.0364583 0.105556 0.403278
13 0.343229 0.728704 0.205208 0.368519 0.407976
24 0.763021 0.341667 0.0364583 0.105556 0.410623
0 0.451562 0.348148 0.0260417 0.155556 0.412788
0 0.626562 0.348148 0.028125 0.12963 0.414655
0 0.626042 0.347222 0.0270833 0.127778 0.419002
0 0.0739583 0.538889 0.147917 0.677778 0.419821
0 0.744271 0.385185 0.071875 0.303704 0.433395
0 0.451562 0.34537 0.0260417 0.135185 0.43482
0 0.0770833 0.547222 0.152083 0.653704 0.438137
24 0.761979 0.339815 0.0364583 0.112963 0.438192
0 0.626562 0.348148 0.028125 0.12963 0.443587
0 0.711458 0.382407 0.04375 0.305556 0.453844
0 0.627083 0.348148 0.0270833 0.12963 0.457244
0 0.625 0.347222 0.0270833 0.127778 0.459391
0 0.186979 0.334259 0.040625 0.142593 0.466101
24 0.761979 0.339815 0.0364583 0.105556 0.467124
0 0.186979 0.334259 0.040625 0.142593 0.46778
0 0.180729 0.337963 0.046875 0.146296 0.473396
0 0.714063 0.386111 0.0364583 0.298148 0.474381
0 0.74375 0.385185 0.0708333 0.3 0.475094
0 0.625521 0.347222 0.028125 0.131481 0.476618
0 0.625521 0.347222 0.0260417 0.127778 0.478276
24 0.7625 0.340741 0.0375 0.107407 0.486381
24 0.761979 0.340741 0.0364583 0.111111 0.488008
0 0.713542 0.385185 0.0375 0.296296 0.490913
0 0.0776042 0.535185 0.153125 0.640741 0.491801
24 0.7625 0.340741 0.0375 0.111111 0.49269
24 0.7625 0.338889 0.0375 0.107407 0.494505
0 0.18125 0.337963 0.0479167 0.146296 0.495924
0 0.74375 0.387963 0.0708333 0.309259 0.514131
0 0.626042 0.348148 0.0270833 0.133333 0.523937
0 0.713542 0.385185 0.0375 0.292593 0.526473
0 0.078125 0.533333 0.154167 0.666667 0.527326
0 0.18125 0.337037 0.0479167 0.144444 0.53477
0 0.451042 0.342593 0.0270833 0.137037 0.536035
0 0.626042 0.348148 0.0270833 0.133333 0.539559
0 0.183333 0.336111 0.0458333 0.138889 0.541828
0 0.717188 0.386111 0.0364583 0.316667 0.542677
0 0.451042 0.342593 0.0270833 0.137037 0.542975
0 0.183333 0.336111 0.0458333 0.138889 0.558339
0 0.741667 0.392593 0.0729167 0.318519 0.56236
0 0.0776042 0.532407 0.153125 0.668519 0.563996
0 0.0770833 0.532407 0.152083 0.668519 0.56784
0 0.451042 0.347222 0.0270833 0.146296 0.573626
0 0.183333 0.336111 0.0458333 0.138889 0.576706
0 0.451042 0.347222 0.0270833 0.142593 0.580432
0 0.625521 0.348148 0.028125 0.133333 0.581346
0 0.625521 0.348148 0.028125 0.133333 0.581874
0 0.182812 0.336111 0.046875 0.142593 0.582347
0 0.450521 0.348148 0.028125 0.151852 0.589302
0 0.182292 0.336111 0.0458333 0.142593 0.599484
0 0.379687 0.337037 0.0197917 0.103704 0.60056
0 0.184375 0.336111 0.04375 0.142593 0.601218
0 0.380208 0.334259 0.0208333 0.109259 0.602297
0 0.182292 0.335185 0.0458333 0.144444 0.605812
0 0.379167 0.337037 0.0208333 0.103704 0.612237
0 0.184375 0.336111 0.04375 0.142593 0.614646
0 0.451042 0.348148 0.0270833 0.151852 0.616984
0 0.626042 0.347222 0.0291667 0.127778 0.621124
0 0.379687 0.337037 0.0197917 0.107407 0.62346
0 0.626042 0.347222 0.0270833 0.127778 0.631107
0 0.379687 0.337037 0.0197917 0.103704 0.635591
0 0.379687 0.336111 0.0197917 0.109259 0.637004
0 0.379687 0.337963 0.0197917 0.105556 0.651597
0 0.451042 0.348148 0.0270833 0.151852 0.658487
0 0.450521 0.348148 0.028125 0.151852 0.659217
0 0.626042 0.347222 0.0270833 0.127778 0.663371
0 0.625521 0.348148 0.028125 0.12963 0.668122
0 0.451562 0.34537 0.0260417 0.142593 0.685442
0 0.451562 0.346296 0.028125 0.148148 0.687595
0 0.451562 0.34537 0.0260417 0.142593 0.691543
0 0.0765625 0.527778 0.151042 0.662963 0.697899
0 0.451562 0.346296 0.028125 0.144444 0.704373
0 0.742188 0.387963 0.071875 0.312963 0.705433
0 0.451042 0.348148 0.0270833 0.151852 0.708243
0 0.741667 0.387963 0.0729167 0.316667 0.711356
0 0.626042 0.347222 0.0270833 0.127778 0.718529
0 0.741146 0.387963 0.0739583 0.312963 0.71879
0 0.741146 0.388889 0.0739583 0.318519 0.719349
0 0.0760417 0.527778 0.152083 0.666667 0.719867
0 0.742188 0.387963 0.0739583 0.312963 0.720699
0 0.625521 0.348148 0.028125 0.12963 0.725625
0 0.741146 0.387037 0.071875 0.314815 0.736418
0 0.451042 0.348148 0.0270833 0.151852 0.738445
0 0.379687 0.335185 0.0197917 0.107407 0.739669
0 0.078125 0.534259 0.152083 0.664815 0.740787
0 0.741146 0.387037 0.071875 0.314815 0.751763
0 0.379167 0.338889 0.0208333 0.103704 0.753533
0 0.379167 0.336111 0.0208333 0.109259 0.753995
0 0.741146 0.387963 0.071875 0.316667 0.765492
0 0.0765625 0.527778 0.153125 0.674074 0.766722
0 0.379167 0.337963 0.0208333 0.105556 0.768581
0 0.740625 0.388889 0.0729167 0.314815 0.77983
0 0.379167 0.337963 0.0208333 0.105556 0.781377
0 0.0755208 0.526852 0.151042 0.668519 0.820973
0 0.0755208 0.526852 0.148958 0.664815 0.846736
0 0.0760417 0.526852 0.152083 0.675926 0.87211
0 0.0765625 0.526852 0.151042 0.672222 0.882838
