0 0.00677083 0.297222 0.0135417 0.0611111 0.258625
0 0.00625 0.296296 0.0125 0.062963 0.2663
0 0.107813 0.34537 0.0447917 0.209259 0.273465
0 0.317187 0.288889 0.0302083 0.0740741 0.27505
0 0.108333 0.34537 0.04375 0.212963 0.276227
0 0.0260417 0.297222 0.01875 0.087037 0.277584
0 0.355729 0.276852 0.015625 0.0648148 0.277723
0 0.31875 0.289815 0.0291667 0.0722222 0.279827
0 0.56875 0.309259 0.04375 0.140741 0.280099
0 0.0255208 0.297222 0.0197917 0.087037 0.284116
0 0.355729 0.277778 0.015625 0.062963 0.289448
0 0.318229 0.292593 0.0260417 0.0703704 0.291035
0 0.892187 0.506481 0.126042 0.694444 0.297741
0 0.00677083 0.296296 0.0135417 0.062963 0.29802
0 0.0260417 0.297222 0.01875 0.087037 0.298095
0 0.569792 0.310185 0.0395833 0.142593 0.30153
0 0.320312 0.287963 0.0260417 0.0722222 0.30242
0 0.2875 0.289815 0.0229167 0.0759259 0.305119
0 0.610417 0.315741 0.0270833 0.131481 0.306585
0 0.2875 0.288889 0.0229167 0.0740741 0.308277
0 0.318229 0.291667 0.0260417 0.0685185 0.316941
0 0.320312 0.288889 0.0260417 0.0703704 0.319034
0 0.460938 0.305556 0.028125 0.125926 0.319128
0 0.35625 0.277778 0.0166667 0.0666667 0.320397
0 0.318229 0.291667 0.0260417 0.0685185 0.32158
0 0.2875 0.288889 0.0229167 0.0740741 0.32248
0 0.561979 0.302778 0.028125 0.131481 0.324639
0 0.0619792 0.325 0.0260417 0.127778 0.327386
0 0.35625 0.276852 0.0166667 0.0648148 0.329165
0 0.320312 0.288889 0.0260417 0.0703704 0.332617
0 0.570312 0.310185 0.040625 0.138889 0.334961
0 0.291667 0.288889 0.0270833 0.0703704 0.335932
0 0.291667 0.288889 0.0270833 0.0703704 0.338143
0 0.5625 0.302778 0.0291667 0.131481 0.339574
0 0.460938 0.305556 0.028125 0.12963 0.342283
0 0.460938 0.305556 0.028125 0.12963 0.344257
0 0.31875 0.287963 0.0291667 0.0759259 0.345148
0 0.460938 0.307407 0.028125 0.125926 0.345945
0 0.494792 0.305556 0.0270833 0.137037 0.348602
0 0.459896 0.306481 0.028125 0.135185 0.350897
0 0.0296875 0.292593 0.0239583 0.0962963 0.354566
0 0.291667 0.288889 0.0270833 0.0703704 0.354793
0 0.115625 0.337037 0.0479167 0.207407 0.355377
0 0.111979 0.337037 0.046875 0.214815 0.356027
0 0.289583 0.289815 0.025 0.0722222 0.361502
0 0.111979 0.337037 0.0489583 0.214815 0.364326
0 0.0614583 0.324074 0.025 0.12963 0.366725
0 0.883854 0.510185 0.126042 0.701852 0.367642
0 0.316667 0.288889 0.0291667 0.0740741 0.369287
0 0.0270833 0.297222 0.0208333 0.0944444 0.379695
0 0.564062 0.305556 0.028125 0.133333 0.381768
0 0.495313 0.308333 0.021875 0.131481 0.391356
0 0.0270833 0.297222 0.0208333 0.0944444 0.39482
0 0.459896 0.302778 0.0260417 0.116667 0.397034
0 0.459896 0.306481 0.028125 0.135185 0.397688
0 0.117188 0.337963 0.0447917 0.209259 0.40181
0 0.639063 0.287963 0.0197917 0.0944444 0.402872
0 0.028125 0.297222 0.0229167 0.0944444 0.418071
0 0.0270833 0.297222 0.0208333 0.0944444 0.420315
0 0.0619792 0.325926 0.0260417 0.12963 0.420844
0 0.494792 0.306481 0.0270833 0.135185 0.422317
0 0.429167 0.32963 0.0395833 0.196296 0.42343
0 0.459375 0.303704 0.025 0.118519 0.425745
0 0.460938 0.307407 0.028125 0.125926 0.427412
0 0.459375 0.302778 0.025 0.12037 0.429476
0 0.288542 0.289815 0.0229167 0.0722222 0.431623
0 0.429167 0.32963 0.0395833 0.2 0.436024
0 0.494271 0.305556 0.0260417 0.137037 0.436519
0 0.117188 0.337037 0.0447917 0.207407 0.440347
0 0.427604 0.327778 0.0364583 0.196296 0.443758
0 0.117708 0.342593 0.04375 0.203704 0.444021
0 0.028125 0.297222 0.0229167 0.0907407 0.445138
0 0.117708 0.342593 0.04375 0.203704 0.450808
0 0.028125 0.29537 0.0229167 0.0944444 0.452389
0 0.427604 0.328704 0.0364583 0.194444 0.452701
0 0.428646 0.32963 0.040625 0.2 0.453237
0 0.610417 0.315741 0.0270833 0.135185 0.460133
0 0.609896 0.315741 0.0260417 0.135185 0.461413
0 0.028125 0.29537 0.0229167 0.0981481 0.46791
0 0.495313 0.305556 0.0239583 0.133333 0.468124
0 0.028125 0.29537 0.0229167 0.0981481 0.470463
0 0.31875 0.287963 0.0270833 0.0759259 0.485067
0 0.460417 0.306481 0.0270833 0.131481 0.485068
0 0.229687 0.285185 0.034375 0.122222 0.485652
0 0.0625 0.325 0.0229167 0.127778 0.491417
0 0.229687 0.285185 0.034375 0.122222 0.491485
0 0.458854 0.306481 0.0260417 0.127778 0.492704
0 0.0625 0.32037 0.0229167 0.125926 0.495161
0 0.229167 0.285185 0.0333333 0.118519 0.496797
0 0.494792 0.308333 0.0208333 0.135185 0.498411
0 0.564062 0.30463 0.028125 0.135185 0.505045
0 0.0630208 0.322222 0.021875 0.122222 0.5053
0 0.228646 0.285185 0.034375 0.125926 0.511605
0 0.494271 0.306481 0.0260417 0.135185 0.513129
0 0.0630208 0.321296 0.021875 0.124074 0.513624
0 0.0630208 0.322222 0.021875 0.125926 0.514695
0 0.494792 0.305556 0.0270833 0.137037 0.520233
0 0.0625 0.325926 0.0229167 0.125926 0.523222
0 0.0640625 0.323148 0.021875 0.124074 0.525406
0 0.458854 0.305556 0.0260417 0.12963 0.525804
0 0.495313 0.308333 0.021875 0.135185 0.526614
0 0.458854 0.305556 0.0260417 0.12963 0.528457
0 0.610937 0.314815 0.028125 0.137037 0.533229
0 0.460417 0.308333 0.0270833 0.124074 0.533957
0 0.0630208 0.325926 0.0239583 0.125926 0.534755
0 0.117188 0.340741 0.0427083 0.211111 0.53505
0 0.564062 0.305556 0.028125 0.137037 0.542959
0 0.119792 0.341667 0.0416667 0.212963 0.545641
0 0.564062 0.305556 0.028125 0.137037 0.545989
0 0.228646 0.285185 0.034375 0.125926 0.546158
0 0.0625 0.32037 0.0229167 0.12963 0.546661
0 0.319271 0.289815 0.0260417 0.0722222 0.552743
0 0.0625 0.319444 0.0229167 0.127778 0.553896
0 0.494271 0.30463 0.0260417 0.142593 0.556584
0 0.494271 0.306481 0.0260417 0.135185 0.55906
0 0.31875 0.287963 0.0270833 0.0722222 0.559449
0 0.0640625 0.322222 0.021875 0.125926 0.560214
0 0.119792 0.340741 0.0416667 0.214815 0.561338
0 0.117188 0.338889 0.0427083 0.214815 0.562285
0 0.117188 0.340741 0.0427083 0.211111 0.563531
0 0.494271 0.303704 0.0260417 0.140741 0.564298
0 0.636458 0.288889 0.0208333 0.1 0.564736
0 0.228646 0.285185 0.034375 0.125926 0.564748
0 0.611979 0.312963 0.028125 0.133333 0.564898
0 0.116667 0.338889 0.0416667 0.214815 0.566504
0 0.0640625 0.322222 0.021875 0.125926 0.567217
0 0.31875 0.287963 0.0270833 0.0722222 0.575209
0 0.119792 0.340741 0.0416667 0.214815 0.577251
0 0.31875 0.287963 0.0270833 0.0722222 0.577829
0 0.0625 0.325 0.0229167 0.127778 0.600659
0 0.563542 0.30463 0.0291667 0.135185 0.602611
0 0.117188 0.340741 0.0427083 0.211111 0.613105
0 0.494792 0.306481 0.025 0.135185 0.615775
0 0.6375 0.287963 0.01875 0.0944444 0.632106
0 0.635938 0.287037 0.0197917 0.0962963 0.645332
0 0.494792 0.305556 0.0229167 0.137037 0.648414
0 0.0625 0.324074 0.0229167 0.12963 0.658584
0 0.6375 0.288889 0.01875 0.0962963 0.659588
0 0.6375 0.288889 0.01875 0.0962963 0.661186
0 0.6375 0.287037 0.01875 0.0925926 0.664199
0 0.495313 0.305556 0.0239583 0.137037 0.66598
0 0.495313 0.305556 0.0239583 0.137037 0.67358
0 0.636979 0.287037 0.0197917 0.0962963 0.675291
0 0.6375 0.287037 0.01875 0.0962963 0.678227
0 0.884896 0.514815 0.132292 0.722222 0.678562
0 0.494792 0.305556 0.025 0.137037 0.679866
0 0.230208 0.287037 0.0354167 0.125926 0.697416
0 0.428125 0.32963 0.0395833 0.203704 0.699321
0 0.229687 0.286111 0.034375 0.12037 0.699324
0 0.229687 0.286111 0.034375 0.12037 0.703536
0 0.427604 0.32963 0.0385417 0.203704 0.709417
0 0.426042 0.334259 0.0395833 0.201852 0.709575
0 0.564062 0.305556 0.028125 0.140741 0.709698
0 0.428125 0.32963 0.0395833 0.203704 0.715388
0 0.229687 0.286111 0.034375 0.12037 0.718287
0 0.611458 0.313889 0.0291667 0.138889 0.71938
0 0.427604 0.32963 0.0385417 0.203704 0.721298
0 0.426562 0.333333 0.0385417 0.203704 0.726093
0 0.564062 0.30463 0.028125 0.138889 0.728253
0 0.427604 0.32963 0.0385417 0.203704 0.72838
0 0.230208 0.286111 0.0354167 0.124074 0.735221
0 0.886458 0.506481 0.127083 0.72037 0.735604
0 0.611458 0.312963 0.0291667 0.137037 0.738922
0 0.230208 0.286111 0.0354167 0.124074 0.74368
0 0.564062 0.303704 0.028125 0.140741 0.745615
0 0.230208 0.286111 0.0354167 0.124074 0.749806
0 0.428125 0.330556 0.0395833 0.201852 0.751978
0 0.564062 0.30463 0.028125 0.138889 0.754493
0 0.611458 0.312963 0.0291667 0.137037 0.75487
0 0.564062 0.30463 0.028125 0.138889 0.756937
0 0.564062 0.30463 0.028125 0.138889 0.757337
0 0.564062 0.305556 0.028125 0.140741 0.757707
0 0.230208 0.286111 0.0354167 0.124074 0.761048
0 0.610937 0.313889 0.028125 0.138889 0.761859
0 0.230208 0.286111 0.0354167 0.124074 0.765336
0 0.563542 0.30463 0.0291667 0.138889 0.768187
0 0.564062 0.305556 0.028125 0.140741 0.770488
0 0.229687 0.286111 0.034375 0.124074 0.771767
0 0.563542 0.30463 0.0291667 0.138889 0.77229
0 0.230208 0.286111 0.0354167 0.124074 0.780374
0 0.611458 0.313889 0.0291667 0.138889 0.781209
0 0.427083 0.333333 0.0395833 0.196296 0.785034
0 0.611458 0.313889 0.0291667 0.138889 0.785431
0 0.888021 0.515741 0.126042 0.712963 0.790351
0 0.230208 0.286111 0.0354167 0.124074 0.79062
0 0.427083 0.333333 0.0395833 0.2 0.794593
0 0.610937 0.313889 0.028125 0.138889 0.795642
0 0.610937 0.313889 0.028125 0.138889 0.810478
0 0.886458 0.506481 0.127083 0.716667 0.818812
0 0.8875 0.514815 0.127083 0.711111 0.822303
0 0.610937 0.314815 0.028125 0.140741 0.824282
0 0.610937 0.315741 0.028125 0.142593 0.827062
0 0.888021 0.513889 0.126042 0.712963 0.898363
0 0.888021 0.512963 0.126042 0.711111 0.904051
0 0.886979 0.506481 0.126042 0.716667 0.911459
