0 0.549479 0.387037 0.0177083 0.0925926 0.25052
28 0.984375 0.685185 0.03125 0.125926 0.251284
0 0.106771 0.387037 0.021875 0.1 0.25171
28 0.984375 0.685185 0.03125 0.125926 0.253603
24 0.967708 0.54537 0.0645833 0.224074 0.255993
13 0.188542 0.824074 0.191667 0.32963 0.256717
0 0.106771 0.387037 0.021875 0.1 0.259681
0 0.324479 0.40463 0.021875 0.127778 0.262361
0 0.107813 0.381481 0.021875 0.0962963 0.26286
0 0.549479 0.387037 0.0177083 0.0925926 0.263144
28 0.984896 0.681481 0.0302083 0.137037 0.263289
13 0.188542 0.824074 0.191667 0.32963 0.263466
0 0.325521 0.408333 0.0239583 0.12037 0.264718
0 0.923958 0.596296 0.110417 0.596296 0.264753
28 0.984375 0.680556 0.0291667 0.138889 0.265405
28 0.984896 0.680556 0.0302083 0.138889 0.268092
13 0.338542 0.497222 0.15 0.12037 0.270461
0 0.106771 0.387037 0.021875 0.1 0.272291
0 0.516667 0.413889 0.0270833 0.138889 0.272474
0 0.518229 0.412963 0.0302083 0.133333 0.27295
28 0.984896 0.681481 0.0302083 0.137037 0.273308
0 0.478646 0.390741 0.053125 0.111111 0.273376
28 0.984896 0.682407 0.0302083 0.124074 0.275694
13 0.339063 0.498148 0.151042 0.122222 0.278944
0 0.788021 0.617593 0.105208 0.612963 0.280804
28 0.984896 0.682407 0.0302083 0.127778 0.286004
13 0.191667 0.824074 0.1875 0.333333 0.286275
28 0.984896 0.682407 0.0302083 0.127778 0.28922
0 0.935938 0.596296 0.123958 0.555556 0.289345
13 0.191667 0.823148 0.1875 0.335185 0.289677
13 0.191667 0.823148 0.189583 0.331481 0.291645
0 0.325521 0.408333 0.0239583 0.124074 0.293681
0 0.325521 0.407407 0.0239583 0.122222 0.296638
0 0.932292 0.600926 0.11875 0.601852 0.30492
13 0.189583 0.824074 0.189583 0.333333 0.305385
13 0.191146 0.824074 0.188542 0.333333 0.306257
0 0.7875 0.618519 0.104167 0.6 0.307746
13 0.190104 0.823148 0.188542 0.335185 0.30838
13 0.190625 0.824074 0.189583 0.333333 0.308773
0 0.465104 0.387037 0.0239583 0.122222 0.310599
13 0.189583 0.824074 0.189583 0.333333 0.313076
0 0.439583 0.392593 0.0270833 0.125926 0.318247
24 0.966667 0.542593 0.0666667 0.214815 0.32577
0 0.324479 0.4 0.028125 0.140741 0.330111
0 0.495833 0.382407 0.0208333 0.0981481 0.330134
24 0.967188 0.541667 0.065625 0.22037 0.33658
0 0.465625 0.387037 0.0229167 0.125926 0.338789
0 0.465625 0.386111 0.0229167 0.124074 0.341722
13 0.191146 0.823148 0.186458 0.335185 0.342267
0 0.465104 0.391667 0.0260417 0.127778 0.343531
24 0.967188 0.536111 0.065625 0.227778 0.345067
24 0.967188 0.536111 0.065625 0.231481 0.346634
13 0.190625 0.824074 0.1875 0.333333 0.347679
0 0.323958 0.403704 0.025 0.140741 0.349138
24 0.967188 0.536111 0.065625 0.231481 0.349174
13 0.191146 0.823148 0.186458 0.335185 0.353014
13 0.339583 0.485185 0.15625 0.118519 0.360716
0 0.439583 0.392593 0.0270833 0.125926 0.369697
0 0.324479 0.398148 0.028125 0.140741 0.372366
0 0.439583 0.391667 0.0270833 0.127778 0.373443
24 0.963542 0.530556 0.0729167 0.231481 0.378657
0 0.109375 0.387037 0.01875 0.103704 0.385568
0 0.548437 0.384259 0.0177083 0.0796296 0.386457
0 0.109375 0.387037 0.01875 0.1 0.387389
13 0.338542 0.488889 0.15 0.12963 0.38965
0 0.109375 0.387037 0.01875 0.103704 0.395399
24 0.964063 0.531482 0.071875 0.22963 0.396576
0 0.466667 0.385185 0.0229167 0.125926 0.398406
0 0.434896 0.392593 0.0260417 0.12963 0.400321
13 0.338021 0.487037 0.151042 0.122222 0.403477
0 0.790625 0.60463 0.110417 0.587037 0.404592
0 0.497396 0.387963 0.021875 0.109259 0.409849
0 0.548958 0.377778 0.01875 0.0814815 0.409994
0 0.324479 0.4 0.0260417 0.140741 0.414626
13 0.338542 0.486111 0.15 0.124074 0.414677
0 0.784896 0.613889 0.096875 0.590741 0.415334
0 0.516667 0.412037 0.03125 0.146296 0.416044
0 0.324479 0.398148 0.0260417 0.140741 0.420195
0 0.646354 0.427778 0.046875 0.244444 0.422645
0 0.548437 0.383333 0.0177083 0.0814815 0.427033
13 0.334896 0.485185 0.161458 0.12963 0.427081
0 0.324479 0.399074 0.0239583 0.127778 0.428705
0 0.497396 0.387963 0.021875 0.109259 0.430341
0 0.497396 0.387963 0.021875 0.109259 0.430377
0 0.788542 0.598148 0.10625 0.566667 0.430734
0 0.516146 0.413889 0.028125 0.146296 0.434113
0 0.516146 0.412963 0.028125 0.148148 0.435093
13 0.336979 0.489815 0.157292 0.135185 0.437606
0 0.548437 0.383333 0.0177083 0.0814815 0.440915
0 0.791146 0.60463 0.109375 0.583333 0.444975
0 0.784375 0.616667 0.0958333 0.585185 0.449341
0 0.325521 0.398148 0.0239583 0.12963 0.45276
0 0.645833 0.428704 0.0479167 0.242593 0.45454
0 0.435417 0.392593 0.0270833 0.137037 0.457626
0 0.516667 0.412037 0.03125 0.146296 0.465462
0 0.497396 0.387963 0.021875 0.105556 0.466251
0 0.920833 0.602778 0.102083 0.609259 0.469842
0 0.547396 0.37963 0.0197917 0.0814815 0.471961
0 0.921354 0.602778 0.103125 0.612963 0.472286
0 0.516667 0.412037 0.03125 0.146296 0.47284
24 0.964063 0.538889 0.071875 0.237037 0.473377
0 0.466146 0.392593 0.021875 0.125926 0.475398
0 0.645833 0.427778 0.05 0.244444 0.48049
24 0.966667 0.541667 0.0666667 0.231481 0.480518
0 0.435937 0.394444 0.028125 0.12963 0.481421
0 0.466667 0.392593 0.0208333 0.12963 0.482911
0 0.435417 0.393519 0.0291667 0.131481 0.486547
24 0.966146 0.542593 0.0677083 0.22963 0.486992
0 0.518229 0.413889 0.0302083 0.146296 0.491546
0 0.497396 0.387963 0.021875 0.105556 0.4934
0 0.549479 0.378704 0.0177083 0.0796296 0.494889
0 0.466667 0.392593 0.0208333 0.12963 0.496547
24 0.966667 0.541667 0.0666667 0.231481 0.498822
0 0.646875 0.42963 0.04375 0.240741 0.500168
0 0.518229 0.413889 0.0302083 0.146296 0.502969
0 0.497396 0.387963 0.021875 0.105556 0.505611
0 0.789062 0.599074 0.105208 0.568519 0.507837
0 0.435417 0.392593 0.0270833 0.133333 0.510416
0 0.518229 0.413889 0.0302083 0.146296 0.515856
0 0.548958 0.37963 0.01875 0.0814815 0.524648
0 0.435937 0.393519 0.028125 0.131481 0.531723
0 0.645312 0.426852 0.0447917 0.242593 0.536748
0 0.325 0.398148 0.025 0.140741 0.54173
24 0.964063 0.538889 0.071875 0.240741 0.542796
0 0.549479 0.378704 0.0177083 0.0796296 0.545114
0 0.549479 0.37963 0.0177083 0.0777778 0.54779
0 0.436458 0.391667 0.0270833 0.131481 0.548488
0 0.324479 0.398148 0.0239583 0.137037 0.550481
0 0.435417 0.394444 0.0270833 0.12963 0.551127
0 0.325521 0.398148 0.0239583 0.137037 0.552613
0 0.325 0.399074 0.025 0.135185 0.557039
0 0.548958 0.37963 0.01875 0.0851852 0.558688
0 0.325521 0.397222 0.0239583 0.138889 0.560669
0 0.325 0.399074 0.025 0.138889 0.565399
0 0.548958 0.378704 0.01875 0.0833333 0.569747
0 0.434896 0.393519 0.0260417 0.131481 0.570385
24 0.965104 0.536111 0.0697917 0.235185 0.583237
24 0.965104 0.536111 0.0697917 0.235185 0.584061
0 0.434896 0.393519 0.0260417 0.131481 0.588381
0 0.434896 0.393519 0.0260417 0.135185 0.590675
0 0.434896 0.392593 0.0260417 0.12963 0.5954
0 0.436458 0.392593 0.0270833 0.133333 0.596842
24 0.965104 0.536111 0.0697917 0.235185 0.60001
0 0.194792 0.39537 0.0270833 0.116667 0.601333
0 0.466146 0.392593 0.021875 0.12963 0.601767
0 0.436458 0.392593 0.0270833 0.133333 0.606621
0 0.435417 0.394444 0.0270833 0.12963 0.607021
0 0.435417 0.393519 0.0270833 0.131481 0.610788
0 0.465625 0.390741 0.0229167 0.125926 0.614804
0 0.645833 0.428704 0.04375 0.242593 0.62226
0 0.195833 0.397222 0.0270833 0.112963 0.623627
0 0.195312 0.397222 0.0260417 0.112963 0.631754
0 0.195833 0.397222 0.025 0.112963 0.638033
0 0.434896 0.393519 0.0260417 0.135185 0.647182
0 0.434896 0.393519 0.0260417 0.135185 0.647529
0 0.548958 0.380556 0.01875 0.0833333 0.64941
0 0.195312 0.393519 0.0260417 0.116667 0.64986
0 0.51875 0.412963 0.0291667 0.148148 0.657843
0 0.518229 0.412963 0.028125 0.144444 0.667151
0 0.194792 0.393519 0.0270833 0.12037 0.676629
0 0.194792 0.394444 0.0270833 0.114815 0.679414
0 0.646354 0.428704 0.0447917 0.25 0.679687
0 0.645312 0.426852 0.0447917 0.253704 0.683664
0 0.194792 0.394444 0.025 0.114815 0.68875
0 0.195312 0.394444 0.0260417 0.118519 0.692426
0 0.466146 0.388889 0.0239583 0.122222 0.699197
0 0.788542 0.611111 0.104167 0.588889 0.699593
0 0.922917 0.608333 0.10625 0.601852 0.700716
0 0.195312 0.394444 0.0260417 0.118519 0.705829
0 0.466146 0.387963 0.0239583 0.124074 0.707628
0 0.517187 0.412037 0.0302083 0.142593 0.707923
0 0.465625 0.388889 0.0229167 0.122222 0.709058
0 0.194792 0.393519 0.025 0.116667 0.71028
0 0.466146 0.387963 0.0239583 0.12037 0.710565
0 0.465625 0.387963 0.0229167 0.12037 0.714103
0 0.465625 0.388889 0.0229167 0.118519 0.724189
0 0.194792 0.393519 0.0270833 0.116667 0.724347
0 0.517708 0.412963 0.0291667 0.144444 0.7437
0 0.922917 0.609259 0.10625 0.611111 0.757855
0 0.517708 0.412037 0.0291667 0.142593 0.757965
0 0.517187 0.412963 0.028125 0.148148 0.759075
0 0.195312 0.393519 0.0260417 0.12037 0.761618
0 0.923437 0.607407 0.105208 0.596296 0.763374
0 0.646354 0.427778 0.0447917 0.240741 0.768184
0 0.194792 0.393519 0.025 0.116667 0.768945
0 0.517187 0.413889 0.028125 0.146296 0.771083
0 0.194271 0.394444 0.0260417 0.114815 0.778518
0 0.926042 0.601852 0.110417 0.614815 0.779056
0 0.922396 0.608333 0.107292 0.609259 0.78177
0 0.646354 0.427778 0.0447917 0.240741 0.785975
0 0.646354 0.427778 0.0447917 0.240741 0.787026
0 0.195312 0.39537 0.0260417 0.12037 0.788413
0 0.195312 0.39537 0.0260417 0.12037 0.798124
0 0.194792 0.39537 0.025 0.12037 0.80203
0 0.926562 0.601852 0.111458 0.614815 0.810407
0 0.788542 0.611111 0.104167 0.588889 0.816546
0 0.789062 0.611111 0.105208 0.592593 0.831571
0 0.646875 0.425926 0.04375 0.237037 0.839345
0 0.788542 0.610185 0.104167 0.605556 0.84572
0 0.647396 0.425926 0.0447917 0.240741 0.849681
0 0.789062 0.612963 0.103125 0.592593 0.85371
0 0.646875 0.425926 0.0458333 0.240741 0.857292
0 0.789062 0.611111 0.105208 0.592593 0.859135
0 0.646875 0.426852 0.04375 0.242593 0.865374
0 0.788542 0.611111 0.104167 0.6 0.865956
0 0.646875 0.426852 0.04375 0.246296 0.870619
0 0.646875 0.425926 0.04375 0.244444 0.870707
0 0.646354 0.428704 0.0447917 0.253704 0.876765
0 0.789062 0.612963 0.103125 0.592593 0.882419
