0 0.497396 0.375 0.028125 0.12037 0.252522
0 0.496354 0.383333 0.021875 0.125926 0.253919
0 0.504167 0.37037 0.0229167 0.103704 0.254431
0 0.695833 0.403704 0.06875 0.277778 0.256369
24 0.714583 0.37037 0.0354167 0.107407 0.257301
0 0.51875 0.372222 0.01875 0.103704 0.261043
0 0.354688 0.360185 0.0177083 0.0981481 0.261873
0 0.385938 0.346296 0.0197917 0.0703704 0.266662
0 0.673958 0.344444 0.0333333 0.144444 0.269852
0 0.673958 0.344444 0.0333333 0.144444 0.271504
0 0.354688 0.360185 0.0177083 0.0981481 0.276002
0 0.2 0.439815 0.05 0.242593 0.277515
0 0.383854 0.350926 0.0197917 0.0648148 0.277913
0 0.532292 0.347222 0.0145833 0.0685185 0.279426
0 0.495313 0.369444 0.021875 0.109259 0.28416
0 0.498437 0.377778 0.028125 0.122222 0.285857
0 0.673958 0.34537 0.0333333 0.15 0.288467
0 0.152604 0.514815 0.146875 0.488889 0.292366
0 0.201042 0.436111 0.0520833 0.257407 0.294236
0 0.504167 0.37037 0.0229167 0.107407 0.295514
0 0.695833 0.40463 0.0708333 0.27963 0.295674
0 0.495833 0.37037 0.0229167 0.111111 0.296823
0 0.383854 0.350926 0.0197917 0.0648148 0.3022
0 0.51875 0.371296 0.01875 0.105556 0.308056
0 0.495313 0.37037 0.021875 0.111111 0.308998
0 0.504167 0.37037 0.0229167 0.107407 0.313929
0 0.701042 0.407407 0.0583333 0.274074 0.315119
0 0.695833 0.406481 0.06875 0.275926 0.315583
0 0.519271 0.372222 0.0177083 0.103704 0.316675
0 0.529688 0.349074 0.0177083 0.0685185 0.319523
0 0.154687 0.509259 0.151042 0.481481 0.319779
0 0.705208 0.4 0.0541667 0.266667 0.324933
0 0.201042 0.433333 0.0479167 0.240741 0.337335
0 0.497917 0.377778 0.0291667 0.122222 0.342849
0 0.388542 0.348148 0.0145833 0.0666667 0.344978
0 0.445833 0.375 0.0270833 0.135185 0.346789
0 0.497917 0.377778 0.0270833 0.122222 0.351016
0 0.445312 0.371296 0.0302083 0.127778 0.356231
0 0.203125 0.438889 0.05 0.259259 0.363541
0 0.672917 0.346296 0.0333333 0.140741 0.365483
0 0.202604 0.438889 0.0489583 0.259259 0.37222
0 0.202083 0.438889 0.05 0.262963 0.373099
0 0.672917 0.347222 0.0333333 0.142593 0.374399
0 0.388542 0.348148 0.0145833 0.0666667 0.374546
0 0.672917 0.346296 0.0333333 0.140741 0.374884
0 0.153125 0.511111 0.147917 0.488889 0.381779
0 0.201042 0.434259 0.0479167 0.242593 0.382863
0 0.704687 0.4 0.053125 0.262963 0.395961
0 0.676562 0.39537 0.0364583 0.242593 0.41068
0 0.495313 0.374074 0.0260417 0.118519 0.414547
0 0.498437 0.377778 0.028125 0.122222 0.416304
0 0.501042 0.373148 0.025 0.109259 0.417335
0 0.676042 0.394444 0.0375 0.244444 0.418957
0 0.386458 0.348148 0.0166667 0.062963 0.419041
0 0.676562 0.392593 0.0364583 0.237037 0.420269
0 0.705208 0.403704 0.05 0.274074 0.425261
0 0.705729 0.40463 0.0489583 0.275926 0.426421
0 0.705208 0.40463 0.05 0.275926 0.426858
0 0.155729 0.518519 0.157292 0.503704 0.427387
0 0.532292 0.348148 0.0145833 0.0703704 0.428551
0 0.611979 0.376852 0.0322917 0.135185 0.428599
0 0.696354 0.408333 0.0572917 0.272222 0.429867
0 0.155729 0.513889 0.153125 0.494444 0.443775
0 0.613542 0.378704 0.0291667 0.135185 0.456662
0 0.611979 0.376852 0.0322917 0.135185 0.457162
0 0.532812 0.348148 0.0135417 0.0666667 0.457518
0 0.532812 0.348148 0.0135417 0.0703704 0.460965
0 0.613021 0.376852 0.0302083 0.135185 0.467747
0 0.501042 0.374074 0.025 0.107407 0.46814
0 0.501042 0.373148 0.025 0.109259 0.469199
0 0.704167 0.400926 0.0541667 0.268519 0.470201
0 0.201042 0.433333 0.05 0.251852 0.472167
0 0.613542 0.377778 0.0291667 0.133333 0.472669
0 0.498437 0.378704 0.0260417 0.12037 0.474126
0 0.444792 0.373148 0.0291667 0.138889 0.480116
0 0.532812 0.348148 0.0135417 0.0666667 0.481211
0 0.611458 0.376852 0.03125 0.131481 0.481301
0 0.685938 0.401852 0.0489583 0.266667 0.48359
0 0.444792 0.373148 0.0291667 0.135185 0.48668
0 0.445312 0.375926 0.0260417 0.12963 0.497171
0 0.497396 0.376852 0.0239583 0.116667 0.498025
0 0.2 0.437037 0.05 0.251852 0.503128
0 0.152083 0.514815 0.15 0.5 0.503729
0 0.497396 0.377778 0.0260417 0.122222 0.506748
0 0.694271 0.402778 0.0677083 0.272222 0.5145
0 0.694792 0.40463 0.0625 0.275926 0.519635
0 0.497396 0.377778 0.0239583 0.114815 0.519774
0 0.696875 0.403704 0.0645833 0.277778 0.522626
0 0.705208 0.405556 0.0520833 0.27037 0.528774
0 0.497396 0.376852 0.0239583 0.112963 0.531715
0 0.694271 0.401852 0.0677083 0.274074 0.53205
0 0.35625 0.362037 0.01875 0.0981481 0.541006
0 0.153125 0.514815 0.152083 0.5 0.542338
0 0.154167 0.512037 0.152083 0.494444 0.565317
0 0.695312 0.406481 0.065625 0.272222 0.572851
0 0.694271 0.402778 0.0677083 0.275926 0.574838
0 0.199479 0.439815 0.0510417 0.257407 0.576972
0 0.154687 0.512037 0.153125 0.498148 0.580665
0 0.446354 0.377778 0.028125 0.144444 0.592746
0 0.692708 0.403704 0.0625 0.274074 0.618141
0 0.692708 0.403704 0.0604167 0.274074 0.61885
0 0.692708 0.403704 0.0604167 0.274074 0.625982
0 0.201042 0.434259 0.05 0.253704 0.626097
0 0.446354 0.376852 0.028125 0.142593 0.628064
0 0.35625 0.362963 0.01875 0.103704 0.630713
0 0.155208 0.517593 0.152083 0.501852 0.644534
0 0.201042 0.438889 0.05 0.262963 0.646635
0 0.445833 0.375926 0.025 0.137037 0.651919
0 0.445833 0.375926 0.025 0.137037 0.654782
0 0.445312 0.377778 0.028125 0.148148 0.665573
0 0.446354 0.377778 0.028125 0.144444 0.670619
0 0.445312 0.376852 0.028125 0.15 0.686315
0 0.6125 0.376852 0.03125 0.131481 0.688659
0 0.694792 0.40463 0.05625 0.272222 0.699582
0 0.356771 0.363889 0.0197917 0.101852 0.703361
0 0.2 0.438889 0.0479167 0.259259 0.703428
0 0.445312 0.377778 0.028125 0.148148 0.706091
0 0.445312 0.377778 0.028125 0.148148 0.710994
0 0.200521 0.437963 0.0489583 0.257407 0.711208
0 0.200521 0.437963 0.0489583 0.257407 0.715316
0 0.6125 0.378704 0.03125 0.131481 0.715952
0 0.200521 0.438889 0.0489583 0.259259 0.717076
0 0.200521 0.438889 0.0489583 0.259259 0.720886
0 0.200521 0.437963 0.0489583 0.257407 0.721678
0 0.6125 0.376852 0.03125 0.131481 0.723304
0 0.356771 0.363889 0.0197917 0.105556 0.730232
0 0.6125 0.378704 0.03125 0.131481 0.735593
0 0.35625 0.362037 0.01875 0.101852 0.737633
0 0.445312 0.375926 0.028125 0.148148 0.740434
0 0.356771 0.363889 0.0197917 0.105556 0.743378
0 0.445312 0.376852 0.028125 0.15 0.771198
0 0.35625 0.362037 0.01875 0.105556 0.774202
0 0.6125 0.378704 0.03125 0.131481 0.775304
0 0.35625 0.362037 0.01875 0.105556 0.777123
0 0.35625 0.364815 0.01875 0.103704 0.781621
0 0.6125 0.378704 0.03125 0.131481 0.784643
0 0.6125 0.377778 0.03125 0.133333 0.794537
0 0.445833 0.374074 0.0270833 0.148148 0.804161
0 0.6125 0.376852 0.03125 0.131481 0.804699
0 0.6125 0.376852 0.03125 0.131481 0.810364
0 0.6125 0.378704 0.03125 0.135185 0.814091
0 0.445833 0.374074 0.0270833 0.144444 0.818826
0 0.6125 0.376852 0.03125 0.131481 0.826262
0 0.6125 0.376852 0.03125 0.131481 0.827083
0 0.153125 0.510185 0.15 0.498148 0.866703
0 0.153125 0.510185 0.147917 0.494444 0.867283
0 0.152604 0.514815 0.146875 0.496296 0.867606
0 0.152604 0.513889 0.148958 0.505556 0.868805
0 0.152604 0.514815 0.146875 0.496296 0.872175
0 0.152604 0.514815 0.146875 0.5 0.87597
0 0.152604 0.513889 0.146875 0.498148 0.888296
0 0.152604 0.514815 0.146875 0.496296 0.891376
