0 0.2875 0.316667 0.01875 0.0814815 0.251566
26 0.850521 0.487037 0.0447917 0.137037 0.251605
0 0.108854 0.305556 0.015625 0.0666667 0.254085
0 0.241667 0.337963 0.0354167 0.138889 0.254611
0 0.132292 0.327778 0.0229167 0.103704 0.25855
0 0.2875 0.316667 0.01875 0.0814815 0.261075
0 0.464583 0.335185 0.0229167 0.140741 0.268877
0 0.108854 0.305556 0.015625 0.062963 0.268921
0 0.465104 0.335185 0.021875 0.140741 0.270632
0 0.246354 0.334259 0.028125 0.127778 0.270742
26 0.850521 0.485185 0.040625 0.151852 0.271284
0 0.132292 0.328704 0.0229167 0.109259 0.271537
0 0.8 0.550926 0.135417 0.624074 0.27196
0 0.127604 0.332407 0.028125 0.112963 0.273169
26 0.85 0.485185 0.0395833 0.148148 0.273472
0 0.109375 0.305556 0.0145833 0.062963 0.273508
0 0.485417 0.340741 0.0291667 0.155556 0.27624
0 0.246354 0.334259 0.028125 0.127778 0.276627
0 0.485417 0.341667 0.0291667 0.153704 0.278619
0 0.516146 0.337963 0.0197917 0.124074 0.281696
0 0.132292 0.328704 0.0229167 0.109259 0.281848
26 0.85 0.485185 0.0395833 0.148148 0.282312
0 0.00989583 0.367593 0.0177083 0.138889 0.287683
0 0.109375 0.305556 0.0145833 0.062963 0.288513
0 0.289062 0.314815 0.021875 0.0777778 0.289815
0 0.810938 0.556481 0.151042 0.642593 0.290573
24 0.969792 0.459259 0.0604167 0.237037 0.304279
0 0.461458 0.331481 0.0208333 0.12963 0.307644
0 0.596354 0.346296 0.028125 0.137037 0.314949
0 0.009375 0.366667 0.0166667 0.140741 0.316829
0 0.515625 0.337963 0.0208333 0.124074 0.320995
0 0.939583 0.575 0.116667 0.687037 0.322176
26 0.853125 0.488889 0.04375 0.140741 0.322587
0 0.939583 0.563889 0.120833 0.657407 0.330826
0 0.516146 0.337963 0.0197917 0.124074 0.330895
26 0.853125 0.487963 0.04375 0.138889 0.335054
0 0.933854 0.561111 0.121875 0.692593 0.344388
0 0.591667 0.346296 0.0375 0.140741 0.346272
0 0.0104167 0.360185 0.0208333 0.142593 0.346676
26 0.853125 0.488889 0.04375 0.140741 0.351164
0 0.00989583 0.361111 0.0197917 0.144444 0.352402
0 0.129688 0.333333 0.021875 0.111111 0.35342
0 0.940104 0.551852 0.119792 0.7 0.357533
0 0.940625 0.556481 0.11875 0.705556 0.36041
0 0.129688 0.333333 0.0239583 0.111111 0.360583
0 0.00885417 0.362963 0.0177083 0.140741 0.365206
0 0.130208 0.333333 0.0229167 0.111111 0.365641
0 0.00885417 0.362963 0.0177083 0.140741 0.366085
0 0.596354 0.347222 0.0302083 0.131481 0.369464
0 0.130208 0.334259 0.0229167 0.109259 0.384792
0 0.486458 0.341667 0.0291667 0.15 0.389249
0 0.485938 0.343519 0.028125 0.146296 0.393554
0 0.486458 0.341667 0.0291667 0.146296 0.398524
0 0.59375 0.346296 0.0354167 0.140741 0.403323
0 0.632812 0.32963 0.0197917 0.103704 0.40536
0 0.570833 0.328704 0.0270833 0.124074 0.407223
0 0.485938 0.343519 0.028125 0.146296 0.408374
0 0.514063 0.337963 0.0260417 0.127778 0.41062
0 0.595833 0.348148 0.0291667 0.148148 0.427275
0 0.570833 0.32963 0.0270833 0.12963 0.429442
0 0.632812 0.32963 0.0197917 0.103704 0.430941
0 0.130729 0.333333 0.0239583 0.114815 0.434153
0 0.481771 0.346296 0.0322917 0.155556 0.434412
0 0.594271 0.346296 0.034375 0.140741 0.435406
0 0.484375 0.348148 0.0291667 0.155556 0.438531
0 0.570312 0.337037 0.028125 0.12963 0.440129
0 0.570312 0.32963 0.0260417 0.125926 0.440139
0 0.632812 0.32963 0.0197917 0.103704 0.441016
0 0.286979 0.317593 0.0177083 0.0796296 0.443743
0 0.514063 0.337037 0.0260417 0.133333 0.465065
0 0.514063 0.337037 0.0239583 0.133333 0.465541
0 0.596354 0.35 0.028125 0.148148 0.468129
0 0.2875 0.315741 0.01875 0.0796296 0.468381
0 0.596354 0.348148 0.0302083 0.148148 0.470301
0 0.596354 0.35 0.028125 0.148148 0.470382
0 0.2875 0.316667 0.01875 0.0777778 0.471867
0 0.009375 0.364815 0.01875 0.144444 0.475831
0 0.570312 0.337963 0.028125 0.135185 0.476919
0 0.346354 0.350926 0.0364583 0.187037 0.479238
0 0.484896 0.348148 0.028125 0.151852 0.480516
0 0.483333 0.34537 0.0291667 0.157407 0.481895
0 0.346875 0.350926 0.0354167 0.187037 0.492585
0 0.009375 0.362963 0.01875 0.144444 0.503949
0 0.483333 0.346296 0.0291667 0.155556 0.510809
0 0.484375 0.347222 0.0270833 0.153704 0.511768
0 0.570312 0.337037 0.0260417 0.133333 0.512195
0 0.130729 0.333333 0.0260417 0.107407 0.522148
0 0.596354 0.348148 0.028125 0.148148 0.530307
0 0.130729 0.333333 0.0260417 0.111111 0.541766
0 0.810417 0.552778 0.141667 0.672222 0.549312
0 0.130729 0.333333 0.0260417 0.107407 0.555299
0 0.515625 0.334259 0.01875 0.127778 0.556844
0 0.345833 0.349074 0.0333333 0.198148 0.565279
0 0.515104 0.335185 0.0197917 0.133333 0.582386
0 0.484896 0.34537 0.0302083 0.153704 0.584455
0 0.597396 0.348148 0.0302083 0.144444 0.584564
0 0.516146 0.334259 0.0197917 0.127778 0.585897
0 0.597396 0.348148 0.0302083 0.144444 0.587127
0 0.345313 0.349074 0.034375 0.198148 0.592775
0 0.940104 0.557407 0.119792 0.718518 0.595686
0 0.516146 0.334259 0.0197917 0.127778 0.596679
0 0.632292 0.325 0.01875 0.0981481 0.603564
0 0.570833 0.330556 0.0270833 0.127778 0.607244
0 0.345313 0.349074 0.034375 0.198148 0.607396
0 0.631771 0.325926 0.0197917 0.1 0.607782
0 0.809896 0.552778 0.140625 0.668519 0.620192
0 0.485417 0.34537 0.0291667 0.153704 0.621083
0 0.570312 0.330556 0.0260417 0.127778 0.622026
0 0.597396 0.347222 0.0302083 0.142593 0.635124
0 0.515104 0.334259 0.0197917 0.131481 0.635667
0 0.596354 0.348148 0.0302083 0.140741 0.637813
0 0.632812 0.325 0.0197917 0.105556 0.638104
0 0.484896 0.34537 0.0302083 0.153704 0.643452
0 0.595833 0.349074 0.0291667 0.138889 0.645328
0 0.632292 0.325 0.01875 0.0981481 0.646564
0 0.939583 0.556481 0.11875 0.709259 0.647573
0 0.632292 0.325 0.01875 0.0981481 0.657981
0 0.286979 0.314815 0.0197917 0.0851852 0.659939
0 0.631771 0.325926 0.0197917 0.1 0.668009
0 0.516146 0.336111 0.0197917 0.135185 0.668257
0 0.632812 0.325 0.0197917 0.105556 0.674048
0 0.631771 0.325926 0.0197917 0.1 0.674526
0 0.807292 0.548148 0.141667 0.625926 0.683654
0 0.570312 0.330556 0.0260417 0.127778 0.686448
0 0.286979 0.313889 0.0197917 0.0833333 0.695396
0 0.570833 0.331481 0.0270833 0.125926 0.698749
0 0.346354 0.35 0.034375 0.188889 0.702699
0 0.286979 0.316667 0.0197917 0.0851852 0.70274
0 0.807813 0.557407 0.140625 0.648148 0.708236
0 0.345313 0.346296 0.034375 0.185185 0.709563
0 0.286979 0.315741 0.0197917 0.0833333 0.715899
0 0.484896 0.346296 0.028125 0.159259 0.716784
0 0.286979 0.316667 0.0197917 0.0851852 0.716814
0 0.940625 0.557407 0.11875 0.707407 0.717347
0 0.484375 0.346296 0.0270833 0.155556 0.71882
0 0.345313 0.347222 0.034375 0.183333 0.719056
0 0.485417 0.34537 0.0291667 0.153704 0.720352
0 0.570833 0.330556 0.0270833 0.127778 0.720429
0 0.596354 0.346296 0.028125 0.148148 0.722023
0 0.803646 0.561111 0.130208 0.62963 0.724605
0 0.484896 0.34537 0.028125 0.153704 0.725535
0 0.806771 0.552778 0.140625 0.631481 0.727416
0 0.570312 0.330556 0.0260417 0.127778 0.72957
0 0.345833 0.350926 0.0354167 0.190741 0.731577
0 0.596354 0.347222 0.028125 0.146296 0.737348
0 0.803646 0.559259 0.128125 0.625926 0.738718
0 0.286979 0.315741 0.0197917 0.087037 0.73887
0 0.570833 0.330556 0.0270833 0.127778 0.754143
0 0.286979 0.314815 0.0197917 0.0851852 0.759662
0 0.345833 0.349074 0.0354167 0.190741 0.760844
0 0.570833 0.330556 0.0270833 0.127778 0.761341
0 0.2875 0.314815 0.0208333 0.0851852 0.763038
0 0.345833 0.35 0.0354167 0.192593 0.765705
0 0.571354 0.331481 0.0260417 0.125926 0.770499
0 0.345833 0.35 0.0354167 0.192593 0.773042
0 0.940625 0.555556 0.11875 0.703704 0.773418
0 0.807813 0.557407 0.140625 0.644444 0.779023
0 0.345313 0.348148 0.0364583 0.188889 0.783331
0 0.345833 0.349074 0.0354167 0.194444 0.783839
0 0.345313 0.349074 0.0364583 0.190741 0.793553
0 0.80625 0.558333 0.135417 0.638889 0.808963
0 0.940104 0.562037 0.119792 0.698148 0.810989
0 0.939062 0.558333 0.121875 0.683333 0.812623
0 0.940104 0.561111 0.119792 0.696296 0.838022
0 0.806771 0.558333 0.136458 0.638889 0.845087
0 0.80625 0.556481 0.139583 0.638889 0.865814
0 0.80625 0.556481 0.139583 0.638889 0.873964
