0 0.152083 0.5 0.0333333 0.17037 0.25233
0 0.510417 0.458333 0.0291667 0.0944444 0.254896
28 0.576563 0.59537 0.0864583 0.0648148 0.257692
0 0.0338542 0.440741 0.0197917 0.0814815 0.257892
0 0.0348958 0.440741 0.015625 0.0777778 0.259883
0 0.100521 0.503704 0.0364583 0.177778 0.264068
0 0.328125 0.447222 0.01875 0.0796296 0.26548
0 0.46875 0.45 0.0166667 0.0777778 0.265986
0 0.301562 0.442593 0.0135417 0.0740741 0.267252
0 0.30625 0.444444 0.01875 0.0740741 0.268274
0 0.214583 0.516667 0.0479167 0.237037 0.268483
28 0.576042 0.597222 0.0875 0.0648148 0.269673
0 0.327604 0.448148 0.0197917 0.0814815 0.270851
0 0.302083 0.443519 0.0145833 0.0722222 0.271225
0 0.670833 0.525 0.0520833 0.261111 0.271264
0 0.673958 0.521296 0.04375 0.242593 0.274689
0 0.46875 0.45 0.0166667 0.0777778 0.275147
0 0.100521 0.503704 0.0364583 0.177778 0.275716
0 0.276042 0.44537 0.0166667 0.0611111 0.275773
0 0.210417 0.52037 0.0520833 0.251852 0.276728
0 0.214583 0.516667 0.0479167 0.237037 0.277056
0 0.30625 0.444444 0.01875 0.0740741 0.282509
0 0.673958 0.523148 0.04375 0.246296 0.283559
0 0.328125 0.447222 0.01875 0.0796296 0.2866
0 0.214583 0.516667 0.0479167 0.237037 0.287147
0 0.510938 0.458333 0.0302083 0.0981481 0.288352
0 0.276042 0.446296 0.0166667 0.0592593 0.291469
0 0.498437 0.458333 0.0197917 0.0944444 0.293036
0 0.510938 0.458333 0.0302083 0.0944444 0.294733
0 0.46875 0.45 0.0166667 0.0777778 0.297631
0 0.203646 0.514815 0.0552083 0.22963 0.29803
26 0.182812 0.564815 0.0322917 0.0703704 0.2999
26 0.182812 0.564815 0.034375 0.0703704 0.306755
0 0.274479 0.444444 0.015625 0.062963 0.30718
0 0.152083 0.5 0.0333333 0.17037 0.310398
0 0.167187 0.503704 0.0364583 0.185185 0.314914
0 0.497396 0.459259 0.0197917 0.0925926 0.315161
0 0.673437 0.527778 0.0427083 0.262963 0.317021
26 0.182812 0.563889 0.034375 0.0685185 0.317964
26 0.183333 0.564815 0.0333333 0.0703704 0.318047
28 0.182292 0.563889 0.0333333 0.0722222 0.320009
0 0.498437 0.458333 0.0197917 0.0944444 0.322192
0 0.498437 0.458333 0.0197917 0.0944444 0.324885
0 0.166146 0.50463 0.0364583 0.183333 0.330057
0 0.274479 0.44537 0.015625 0.0648148 0.33191
0 0.149479 0.501852 0.0322917 0.166667 0.33535
0 0.46875 0.449074 0.0166667 0.0796296 0.339886
0 0.982292 0.45463 0.0354167 0.301852 0.33994
0 0.497917 0.456481 0.01875 0.0907407 0.340143
0 0.46875 0.449074 0.0166667 0.0759259 0.342944
0 0.46875 0.45 0.0166667 0.0777778 0.343391
26 0.182292 0.563889 0.0333333 0.0685185 0.344477
0 0.498437 0.456481 0.0197917 0.0907407 0.349039
26 0.182292 0.564815 0.0333333 0.0740741 0.352785
0 0.673437 0.527778 0.0427083 0.262963 0.3534
28 0.567708 0.594444 0.075 0.062963 0.364777
0 0.497917 0.456481 0.01875 0.0907407 0.366984
0 0.46875 0.449074 0.0166667 0.0759259 0.368448
0 0.468229 0.45 0.015625 0.0740741 0.370281
0 0.149479 0.501852 0.0302083 0.162963 0.370537
28 0.568229 0.59537 0.0760417 0.0611111 0.376115
28 0.567708 0.594444 0.0729167 0.062963 0.378301
0 0.673437 0.526852 0.0427083 0.257407 0.378354
0 0.672396 0.524074 0.0510417 0.259259 0.37964
0 0.209896 0.517593 0.0489583 0.238889 0.380582
0 0.0359375 0.441667 0.015625 0.0722222 0.382312
28 0.568229 0.596296 0.078125 0.062963 0.385851
0 0.982292 0.463889 0.0354167 0.287037 0.386472
0 0.149479 0.502778 0.0322917 0.168519 0.389001
0 0.632812 0.49537 0.0364583 0.172222 0.389786
0 0.982292 0.455556 0.0354167 0.281481 0.391428
0 0.633333 0.49537 0.0354167 0.172222 0.400119
0 0.982292 0.455556 0.0354167 0.281481 0.404524
0 0.673437 0.524074 0.0489583 0.259259 0.412023
0 0.982292 0.456481 0.0354167 0.27963 0.419636
0 0.982292 0.455556 0.0354167 0.281481 0.420433
0 0.982292 0.455556 0.0354167 0.281481 0.423063
0 0.0359375 0.442593 0.015625 0.0740741 0.42347
0 0.0359375 0.443519 0.015625 0.0722222 0.426261
0 0.0354167 0.442593 0.0166667 0.0703704 0.433449
0 0.0359375 0.442593 0.0177083 0.0703704 0.433967
0 0.149479 0.502778 0.0322917 0.168519 0.438463
0 0.0364583 0.442593 0.0166667 0.0703704 0.440615
0 0.0359375 0.443519 0.015625 0.0722222 0.442025
0 0.517187 0.457407 0.021875 0.0925926 0.449539
0 0.0364583 0.442593 0.0166667 0.0703704 0.455812
0 0.982813 0.45463 0.034375 0.27963 0.456853
0 0.148958 0.501852 0.0291667 0.162963 0.461302
0 0.148958 0.501852 0.0291667 0.162963 0.474547
0 0.516667 0.457407 0.0208333 0.0962963 0.495513
0 0.101042 0.50463 0.0375 0.17963 0.507353
0 0.209896 0.519444 0.0489583 0.25 0.512262
0 0.149479 0.502778 0.0322917 0.168519 0.514773
0 0.516146 0.456481 0.021875 0.0981481 0.521325
0 0.213542 0.514815 0.0479167 0.237037 0.531799
0 0.101562 0.505556 0.0364583 0.177778 0.532082
0 0.148958 0.503704 0.03125 0.17037 0.535911
0 0.675 0.523148 0.0416667 0.261111 0.536104
0 0.210417 0.518519 0.05 0.240741 0.538941
0 0.148958 0.503704 0.03125 0.17037 0.553751
0 0.673437 0.521296 0.0447917 0.257407 0.560195
0 0.147396 0.501852 0.0302083 0.17037 0.576254
0 0.211458 0.513889 0.05 0.238889 0.577361
0 0.147396 0.501852 0.0302083 0.17037 0.582169
0 0.516667 0.455556 0.0208333 0.0962963 0.583542
0 0.516667 0.456481 0.0208333 0.0944444 0.588867
0 0.148438 0.503704 0.0302083 0.166667 0.598369
0 0.148438 0.503704 0.0302083 0.166667 0.604941
0 0.516667 0.455556 0.0208333 0.0962963 0.613207
0 0.633854 0.49537 0.034375 0.157407 0.617283
0 0.516667 0.456481 0.0208333 0.0981481 0.618707
0 0.211458 0.513889 0.05 0.238889 0.620385
0 0.213021 0.514815 0.0489583 0.244444 0.620633
0 0.210938 0.515741 0.053125 0.242593 0.621871
0 0.516667 0.456481 0.0208333 0.0981481 0.63049
0 0.633333 0.49537 0.0333333 0.157407 0.634308
0 0.101562 0.505556 0.0364583 0.177778 0.634604
0 0.516667 0.456481 0.0208333 0.0981481 0.636797
0 0.633333 0.496296 0.0354167 0.159259 0.637071
0 0.148438 0.503704 0.0302083 0.166667 0.645902
0 0.147396 0.503704 0.0302083 0.166667 0.654907
0 0.211458 0.513889 0.05 0.238889 0.659009
0 0.210938 0.516667 0.053125 0.244444 0.661743
0 0.101042 0.505556 0.0354167 0.177778 0.664448
0 0.210938 0.515741 0.053125 0.242593 0.665147
0 0.147396 0.503704 0.0302083 0.166667 0.671965
0 0.675 0.524074 0.04375 0.262963 0.684458
0 0.101042 0.505556 0.0354167 0.181481 0.703695
0 0.147396 0.502778 0.0302083 0.168519 0.713017
0 0.210938 0.516667 0.0510417 0.240741 0.717072
0 0.101562 0.505556 0.0385417 0.181481 0.719297
0 0.673958 0.524074 0.0458333 0.262963 0.720038
0 0.673958 0.522222 0.0458333 0.255556 0.736398
0 0.101562 0.50463 0.0364583 0.17963 0.738354
0 0.632812 0.493519 0.034375 0.168519 0.743145
0 0.210938 0.515741 0.0510417 0.242593 0.747715
0 0.632812 0.494444 0.034375 0.17037 0.749204
0 0.673958 0.522222 0.0458333 0.255556 0.752411
0 0.632812 0.497222 0.034375 0.164815 0.75378
0 0.101042 0.50463 0.0375 0.175926 0.756803
0 0.210417 0.518519 0.05 0.251852 0.763144
0 0.633333 0.49537 0.0333333 0.168519 0.763567
0 0.633333 0.497222 0.0333333 0.164815 0.771378
0 0.633333 0.49537 0.0333333 0.168519 0.772429
0 0.102083 0.505556 0.0375 0.177778 0.775487
0 0.673958 0.522222 0.0458333 0.255556 0.77684
0 0.101042 0.50463 0.0375 0.175926 0.778053
0 0.102083 0.50463 0.0375 0.17963 0.778379
0 0.210938 0.515741 0.0510417 0.242593 0.781417
0 0.633333 0.497222 0.0333333 0.164815 0.786876
0 0.101042 0.50463 0.0375 0.175926 0.790558
0 0.633333 0.49537 0.0333333 0.161111 0.792509
0 0.102083 0.50463 0.0375 0.17963 0.793571
0 0.632812 0.49537 0.0322917 0.161111 0.798855
0 0.673958 0.523148 0.04375 0.261111 0.80282
0 0.633333 0.494444 0.0333333 0.162963 0.808235
0 0.673958 0.523148 0.04375 0.261111 0.812773
0 0.101042 0.50463 0.0375 0.17963 0.814578
0 0.101042 0.50463 0.0375 0.17963 0.8233
0 0.674479 0.522222 0.0447917 0.259259 0.82461
