0 0.260938 0.341667 0.0239583 0.0833333 0.250812
0 0.284896 0.339815 0.021875 0.0759259 0.25161
13 0.417708 0.459259 0.0375 0.0814815 0.2537
0 0.194271 0.32963 0.0635417 0.159259 0.256315
0 0.260938 0.340741 0.0239583 0.0814815 0.257327
0 0.479167 0.37037 0.025 0.12963 0.257419
0 0.654167 0.362037 0.01875 0.0907407 0.259091
0 0.19375 0.330556 0.0645833 0.157407 0.260286
0 0.658333 0.359259 0.0208333 0.0962963 0.2607
0 0.261458 0.339815 0.0229167 0.0833333 0.260838
0 0.479167 0.37037 0.025 0.12963 0.26237
0 0.658333 0.360185 0.0208333 0.0981481 0.264589
0 0.260938 0.340741 0.0239583 0.0814815 0.264784
0 0.266667 0.343519 0.025 0.0796296 0.265655
0 0.284375 0.339815 0.0208333 0.0759259 0.266843
0 0.450521 0.352778 0.0239583 0.087037 0.268566
0 0.266667 0.343519 0.025 0.0796296 0.26986
13 0.364583 0.553704 0.1 0.107407 0.272409
0 0.478125 0.37037 0.0229167 0.12963 0.276068
13 0.364583 0.553704 0.1 0.107407 0.279058
0 0.461458 0.35463 0.0166667 0.0833333 0.280764
0 0.658333 0.360185 0.0208333 0.0981481 0.282021
0 0.266667 0.343519 0.025 0.0796296 0.282262
0 0.270312 0.343519 0.0364583 0.0796296 0.283727
0 0.563021 0.37037 0.0322917 0.151852 0.284541
13 0.365104 0.553704 0.101042 0.107407 0.290158
0 0.477604 0.37037 0.0239583 0.12963 0.294384
0 0.283854 0.340741 0.021875 0.0777778 0.298147
0 0.563021 0.37037 0.0322917 0.151852 0.299761
0 0.448958 0.353704 0.025 0.0925926 0.300341
0 0.192708 0.337037 0.0625 0.155556 0.300669
0 0.449479 0.352778 0.0239583 0.0907407 0.307658
0 0.323438 0.409259 0.0635417 0.311111 0.308093
0 0.444792 0.359259 0.025 0.107407 0.311598
0 0.193229 0.337037 0.0614583 0.155556 0.311848
0 0.195833 0.335185 0.0645833 0.162963 0.31423
0 0.266146 0.343519 0.0239583 0.0759259 0.317622
0 0.266146 0.343519 0.0239583 0.0759259 0.320438
0 0.282292 0.341667 0.025 0.0796296 0.32298
0 0.195833 0.335185 0.0645833 0.159259 0.327578
0 0.266146 0.344444 0.0239583 0.0740741 0.329672
0 0.951563 0.642593 0.096875 0.703704 0.344424
0 0.951563 0.641667 0.0947917 0.705556 0.351085
0 0.283333 0.342593 0.0229167 0.0777778 0.369629
0 0.283333 0.342593 0.0229167 0.0777778 0.369659
0 0.283333 0.342593 0.0229167 0.0777778 0.382051
0 0.283333 0.342593 0.0229167 0.0777778 0.382847
0 0.283333 0.342593 0.0229167 0.0777778 0.384113
0 0.283333 0.342593 0.0229167 0.0740741 0.39068
0 0.951563 0.619444 0.096875 0.746296 0.424594
0 0.655208 0.368519 0.0208333 0.0925926 0.438493
0 0.951563 0.618519 0.096875 0.744444 0.441481
13 0.361458 0.553704 0.104167 0.107407 0.449891
13 0.360417 0.55463 0.10625 0.105556 0.459911
0 0.44375 0.368519 0.0270833 0.12963 0.459968
0 0.322917 0.417593 0.0645833 0.309259 0.463572
0 0.655208 0.362037 0.01875 0.0981481 0.465312
13 0.361458 0.553704 0.104167 0.107407 0.470227
0 0.655729 0.362963 0.0197917 0.0888889 0.478364
13 0.361458 0.555556 0.108333 0.107407 0.481173
13 0.361458 0.553704 0.104167 0.107407 0.483055
0 0.655208 0.367593 0.0208333 0.0981481 0.485135
13 0.360938 0.553704 0.105208 0.107407 0.486029
0 0.655208 0.367593 0.0208333 0.0944444 0.487336
0 0.655208 0.367593 0.0208333 0.0944444 0.48917
0 0.608333 0.383333 0.0291667 0.133333 0.49442
0 0.65625 0.364815 0.0208333 0.1 0.497887
0 0.479688 0.367593 0.021875 0.12037 0.501155
0 0.655729 0.362037 0.0197917 0.0907407 0.506437
13 0.360938 0.553704 0.105208 0.107407 0.508053
0 0.191146 0.333333 0.0614583 0.159259 0.508933
13 0.360417 0.55463 0.104167 0.109259 0.509431
0 0.655729 0.362963 0.0197917 0.0925926 0.510987
13 0.360417 0.552778 0.10625 0.109259 0.521457
0 0.479688 0.367593 0.021875 0.12037 0.525278
0 0.480729 0.367593 0.021875 0.12037 0.529329
0 0.191667 0.333333 0.0625 0.159259 0.530592
0 0.444271 0.368519 0.028125 0.133333 0.552772
0 0.44375 0.368519 0.0270833 0.12963 0.558312
0 0.44375 0.364815 0.025 0.133333 0.57194
0 0.608333 0.37963 0.0333333 0.133333 0.584611
0 0.564583 0.372222 0.03125 0.155556 0.584899
0 0.607813 0.380556 0.0364583 0.142593 0.588642
0 0.951042 0.634259 0.0979167 0.731481 0.590638
0 0.321875 0.413889 0.0604167 0.305556 0.592434
0 0.564583 0.373148 0.03125 0.153704 0.601331
0 0.444792 0.362963 0.0270833 0.114815 0.601463
0 0.608333 0.380556 0.0333333 0.142593 0.605808
0 0.608333 0.382407 0.0291667 0.135185 0.607405
0 0.479688 0.37037 0.021875 0.12963 0.607543
0 0.608333 0.382407 0.0291667 0.135185 0.610441
0 0.323438 0.415741 0.0635417 0.316667 0.611859
0 0.192188 0.334259 0.0677083 0.157407 0.622038
0 0.480208 0.369444 0.0208333 0.127778 0.622904
0 0.323438 0.418519 0.065625 0.307407 0.625134
0 0.44375 0.367593 0.0270833 0.135185 0.627199
0 0.444271 0.368519 0.0260417 0.12963 0.63107
0 0.479688 0.37037 0.021875 0.12963 0.635194
0 0.192708 0.334259 0.0666667 0.157407 0.637394
0 0.444792 0.363889 0.0270833 0.116667 0.638151
0 0.444792 0.363889 0.025 0.116667 0.641712
0 0.608333 0.381481 0.0333333 0.140741 0.654736
0 0.480208 0.369444 0.0208333 0.127778 0.656723
0 0.480208 0.368519 0.0208333 0.125926 0.664601
0 0.193229 0.333333 0.0677083 0.159259 0.674401
0 0.323438 0.419444 0.0635417 0.309259 0.676211
0 0.323438 0.419444 0.0614583 0.309259 0.676719
0 0.323438 0.418519 0.0614583 0.311111 0.677574
0 0.444271 0.368519 0.0260417 0.133333 0.680442
0 0.323438 0.419444 0.0635417 0.309259 0.687063
0 0.193229 0.334259 0.0635417 0.157407 0.688039
0 0.608854 0.380556 0.0322917 0.135185 0.689905
0 0.323438 0.418519 0.065625 0.311111 0.690456
0 0.44375 0.364815 0.025 0.137037 0.694103
0 0.44375 0.364815 0.025 0.137037 0.70356
0 0.193229 0.333333 0.0635417 0.159259 0.706355
0 0.951042 0.623148 0.0979167 0.724074 0.722288
0 0.193229 0.334259 0.0635417 0.161111 0.726957
0 0.950521 0.625 0.0989583 0.75 0.733847
0 0.608333 0.380556 0.0333333 0.135185 0.738395
0 0.608333 0.380556 0.03125 0.135185 0.744582
0 0.192708 0.333333 0.0645833 0.155556 0.745982
0 0.192708 0.333333 0.0645833 0.155556 0.757755
0 0.608854 0.381481 0.0302083 0.137037 0.768158
0 0.563542 0.371296 0.03125 0.153704 0.768181
0 0.564583 0.372222 0.03125 0.151852 0.769669
0 0.563542 0.373148 0.03125 0.153704 0.770134
0 0.609375 0.381481 0.03125 0.137037 0.771143
0 0.192708 0.333333 0.0645833 0.155556 0.771557
0 0.563542 0.371296 0.03125 0.15 0.772261
0 0.564062 0.372222 0.0302083 0.151852 0.774169
0 0.609375 0.381481 0.03125 0.137037 0.77536
0 0.192188 0.334259 0.065625 0.157407 0.77732
0 0.192188 0.333333 0.0635417 0.155556 0.777768
0 0.563542 0.373148 0.03125 0.153704 0.780396
0 0.608854 0.380556 0.0302083 0.138889 0.781839
0 0.192708 0.333333 0.0645833 0.155556 0.783487
0 0.193229 0.332407 0.0635417 0.157407 0.783565
0 0.192708 0.333333 0.0625 0.155556 0.786261
0 0.193229 0.333333 0.065625 0.159259 0.790978
0 0.563542 0.371296 0.03125 0.153704 0.7912
0 0.609375 0.381481 0.03125 0.137037 0.795762
0 0.608854 0.380556 0.0302083 0.138889 0.79693
0 0.951042 0.636111 0.0979167 0.727778 0.798134
0 0.563542 0.371296 0.03125 0.15 0.799268
0 0.192708 0.333333 0.0645833 0.155556 0.799527
0 0.563542 0.373148 0.03125 0.153704 0.803568
0 0.564062 0.372222 0.0302083 0.151852 0.805166
0 0.192708 0.334259 0.0645833 0.157407 0.808123
0 0.321875 0.413889 0.0604167 0.309259 0.821819
0 0.608854 0.380556 0.0322917 0.135185 0.824838
0 0.608333 0.381481 0.03125 0.137037 0.825062
0 0.323958 0.42037 0.0625 0.311111 0.837703
0 0.323958 0.42037 0.0625 0.311111 0.845201
0 0.323438 0.419444 0.0635417 0.309259 0.847755
0 0.323438 0.417593 0.0635417 0.309259 0.849961
0 0.322917 0.418519 0.0625 0.311111 0.855352
0 0.323438 0.418519 0.0635417 0.311111 0.856568
0 0.322917 0.417593 0.0625 0.309259 0.859047
0 0.322917 0.418519 0.0625 0.311111 0.860041
0 0.951563 0.621296 0.096875 0.731481 0.899624
0 0.951042 0.625926 0.0979167 0.72963 0.902489
0 0.951042 0.622222 0.0958333 0.733333 0.904604
0 0.951042 0.626852 0.0979167 0.727778 0.906131
