0 0.392188 0.347222 0.015625 0.087037 0.252225
0 0.452604 0.393519 0.0260417 0.135185 0.252295
0 0.338021 0.35 0.0177083 0.0666667 0.256243
0 0.0411458 0.369444 0.0260417 0.109259 0.260616
0 0.0401042 0.37037 0.0260417 0.111111 0.261526
0 0.040625 0.372222 0.025 0.111111 0.266477
0 0.0119792 0.371296 0.0239583 0.12037 0.266526
0 0.524479 0.399074 0.0302083 0.105556 0.266862
0 0.516667 0.398148 0.0333333 0.1 0.268308
0 0.555208 0.359259 0.0166667 0.0703704 0.269358
0 0.333854 0.350926 0.0177083 0.0685185 0.273365
0 0.452083 0.392593 0.0291667 0.137037 0.27748
26 0.973958 0.411111 0.0520833 0.248148 0.27901
0 0.333333 0.351852 0.0166667 0.0703704 0.281839
0 0.333854 0.351852 0.0177083 0.0666667 0.282853
0 0.392188 0.347222 0.015625 0.087037 0.287985
0 0.521875 0.399074 0.0291667 0.101852 0.290104
26 0.976042 0.417593 0.0479167 0.261111 0.298615
0 0.333854 0.350926 0.0177083 0.0648148 0.300963
26 0.977083 0.408333 0.0458333 0.257407 0.302133
0 0.525 0.399074 0.0270833 0.105556 0.303561
0 0.0119792 0.372222 0.0239583 0.118519 0.304919
0 0.0119792 0.372222 0.0239583 0.118519 0.30519
26 0.976562 0.409259 0.046875 0.259259 0.311559
0 0.553125 0.359259 0.0166667 0.0703704 0.313298
26 0.976042 0.418519 0.0458333 0.262963 0.313722
0 0.0125 0.375926 0.025 0.111111 0.313963
26 0.976562 0.408333 0.046875 0.257407 0.314471
26 0.976042 0.417593 0.0479167 0.257407 0.322006
0 0.504167 0.394444 0.0270833 0.103704 0.326252
0 0.552604 0.359259 0.0177083 0.0703704 0.326839
0 0.521875 0.399074 0.0291667 0.101852 0.331119
0 0.0130208 0.374074 0.0260417 0.111111 0.336436
0 0.521875 0.399074 0.0291667 0.101852 0.337868
0 0.525521 0.399074 0.028125 0.105556 0.346474
0 0.947917 0.511111 0.104167 0.637037 0.347669
0 0.504167 0.39537 0.0270833 0.105556 0.352978
0 0.335417 0.35 0.0166667 0.0666667 0.353632
0 0.503646 0.39537 0.028125 0.105556 0.359677
0 0.501042 0.393519 0.025 0.105556 0.360679
0 0.525 0.400926 0.0270833 0.105556 0.361502
0 0.525 0.400926 0.0270833 0.105556 0.363171
0 0.555729 0.358333 0.0135417 0.0722222 0.363734
0 0.552604 0.359259 0.0177083 0.0703704 0.363916
0 0.555208 0.358333 0.0145833 0.0685185 0.378737
0 0.505729 0.387963 0.0239583 0.112963 0.379496
0 0.0395833 0.369444 0.025 0.112963 0.380467
0 0.702604 0.387037 0.0322917 0.155556 0.380585
0 0.553646 0.358333 0.0177083 0.0722222 0.398121
0 0.947917 0.513889 0.104167 0.642593 0.400525
26 0.977083 0.42037 0.0458333 0.248148 0.402062
0 0.0411458 0.369444 0.0260417 0.109259 0.403071
0 0.555208 0.358333 0.0166667 0.0685185 0.404385
26 0.976562 0.42037 0.046875 0.251852 0.41259
0 0.702604 0.386111 0.0322917 0.153704 0.412956
0 0.947917 0.513889 0.104167 0.646296 0.414532
0 0.505729 0.388889 0.0239583 0.111111 0.414691
0 0.505729 0.388889 0.0239583 0.111111 0.418212
26 0.977083 0.42037 0.0458333 0.244444 0.419083
0 0.702604 0.385185 0.0322917 0.151852 0.431882
0 0.040625 0.372222 0.025 0.111111 0.434747
0 0.555208 0.357407 0.0166667 0.0666667 0.451526
0 0.956771 0.494444 0.0864583 0.688889 0.45473
0 0.55625 0.357407 0.0166667 0.0666667 0.457534
0 0.450521 0.391667 0.0322917 0.142593 0.46131
0 0.4125 0.387037 0.03125 0.166667 0.474181
0 0.450521 0.391667 0.0322917 0.142593 0.476081
0 0.702604 0.385185 0.0322917 0.155556 0.490486
0 0.4125 0.387037 0.03125 0.166667 0.497132
0 0.555208 0.358333 0.0145833 0.0685185 0.50495
0 0.451042 0.392593 0.0333333 0.140741 0.509072
0 0.948438 0.513889 0.103125 0.646296 0.518751
0 0.555208 0.358333 0.0145833 0.0685185 0.529993
0 0.414062 0.383333 0.0364583 0.166667 0.54822
0 0.413542 0.383333 0.0354167 0.166667 0.561183
0 0.702604 0.385185 0.0322917 0.151852 0.572001
0 0.0125 0.375 0.0229167 0.105556 0.574863
0 0.0130208 0.374074 0.0239583 0.107407 0.578574
0 0.0411458 0.372222 0.0239583 0.111111 0.578597
0 0.452604 0.391667 0.028125 0.146296 0.595822
0 0.413542 0.383333 0.0354167 0.162963 0.598355
0 0.614583 0.385185 0.0270833 0.125926 0.60186
0 0.614583 0.384259 0.0270833 0.124074 0.604771
0 0.614062 0.384259 0.0260417 0.124074 0.6094
0 0.452604 0.391667 0.028125 0.142593 0.619044
0 0.0119792 0.374074 0.0239583 0.107407 0.619284
0 0.0411458 0.372222 0.021875 0.107407 0.623319
0 0.0125 0.375 0.0229167 0.109259 0.623716
0 0.0130208 0.374074 0.0239583 0.111111 0.625142
0 0.453125 0.392593 0.0270833 0.144444 0.628643
0 0.0125 0.374074 0.0229167 0.107407 0.631175
0 0.0130208 0.373148 0.0239583 0.109259 0.632128
0 0.614583 0.383333 0.0270833 0.133333 0.632675
0 0.0411458 0.369444 0.0239583 0.109259 0.634025
0 0.0411458 0.373148 0.0239583 0.112963 0.634916
0 0.614583 0.383333 0.0270833 0.133333 0.644389
0 0.453125 0.393519 0.0270833 0.15 0.646696
0 0.0411458 0.373148 0.021875 0.109259 0.650553
0 0.453125 0.393519 0.0270833 0.146296 0.653475
0 0.0411458 0.373148 0.021875 0.109259 0.656688
0 0.040625 0.373148 0.0229167 0.112963 0.662747
0 0.614062 0.383333 0.028125 0.122222 0.66518
0 0.614583 0.382407 0.0270833 0.131481 0.665474
0 0.702083 0.388889 0.03125 0.155556 0.676038
0 0.614583 0.380556 0.0270833 0.127778 0.681881
0 0.0125 0.374074 0.0229167 0.111111 0.686554
0 0.0395833 0.37037 0.0229167 0.111111 0.691446
0 0.614583 0.383333 0.0270833 0.12963 0.691874
0 0.702083 0.388889 0.03125 0.155556 0.693512
0 0.040625 0.371296 0.0229167 0.109259 0.698561
0 0.614062 0.382407 0.028125 0.124074 0.70753
0 0.614583 0.381481 0.0270833 0.125926 0.714336
0 0.702604 0.386111 0.0302083 0.153704 0.719813
0 0.702604 0.387037 0.0302083 0.151852 0.720088
0 0.453125 0.391667 0.0291667 0.146296 0.723062
0 0.413021 0.386111 0.0322917 0.168519 0.725078
0 0.703125 0.386111 0.03125 0.153704 0.726199
0 0.413542 0.387037 0.03125 0.17037 0.726484
0 0.614062 0.383333 0.028125 0.122222 0.730042
0 0.614583 0.381481 0.0270833 0.125926 0.732845
0 0.614583 0.382407 0.0270833 0.124074 0.733477
0 0.040625 0.37037 0.0229167 0.111111 0.734302
0 0.614583 0.382407 0.0270833 0.127778 0.736762
0 0.614062 0.383333 0.028125 0.122222 0.737645
0 0.0401042 0.371296 0.021875 0.109259 0.73855
0 0.614583 0.382407 0.0270833 0.124074 0.744137
0 0.703125 0.386111 0.03125 0.153704 0.7472
0 0.452604 0.391667 0.028125 0.146296 0.747968
0 0.702604 0.386111 0.0302083 0.15 0.751622
0 0.452604 0.393519 0.028125 0.146296 0.752227
0 0.614583 0.383333 0.0270833 0.125926 0.758471
0 0.452604 0.393519 0.028125 0.146296 0.761287
0 0.452604 0.391667 0.028125 0.146296 0.770101
0 0.702604 0.387037 0.0302083 0.151852 0.780325
0 0.040625 0.372222 0.0229167 0.111111 0.788591
0 0.703125 0.386111 0.03125 0.153704 0.793509
0 0.702604 0.386111 0.0302083 0.15 0.795138
0 0.4125 0.382407 0.0333333 0.161111 0.804692
0 0.452083 0.392593 0.0291667 0.151852 0.806431
0 0.948438 0.516667 0.103125 0.625926 0.807454
0 0.413021 0.382407 0.0322917 0.164815 0.811988
0 0.452083 0.392593 0.0291667 0.148148 0.813499
0 0.413542 0.387037 0.0333333 0.162963 0.819675
0 0.948438 0.516667 0.103125 0.659259 0.825413
0 0.948958 0.514815 0.102083 0.637037 0.828993
0 0.948958 0.513889 0.102083 0.653704 0.829029
0 0.413021 0.384259 0.034375 0.168519 0.830882
0 0.413542 0.387037 0.0333333 0.162963 0.831997
0 0.413021 0.384259 0.034375 0.164815 0.833032
0 0.948958 0.512963 0.102083 0.651852 0.843246
0 0.413542 0.387037 0.0333333 0.162963 0.844231
0 0.948438 0.517593 0.103125 0.646296 0.865667
0 0.948438 0.513889 0.103125 0.642593 0.876454
0 0.948438 0.514815 0.103125 0.644444 0.8826
