0 0.205729 0.45 0.0177083 0.062963 0.255251
0 0.0588542 0.55463 0.0614583 0.294444 0.263095
13 0.466146 0.587963 0.165625 0.0833333 0.264599
0 0.406771 0.448148 0.015625 0.0777778 0.267597
0 0.407292 0.448148 0.0166667 0.0777778 0.267857
0 0.440104 0.452778 0.015625 0.0833333 0.268764
0 0.440104 0.450926 0.0239583 0.0833333 0.269255
0 0.0375 0.506481 0.0270833 0.172222 0.269857
0 0.205729 0.449074 0.0177083 0.0648148 0.275616
0 0.436979 0.448148 0.0197917 0.0703704 0.276282
0 0.0375 0.500926 0.0270833 0.161111 0.276786
0 0.124479 0.500926 0.0364583 0.172222 0.279162
0 0.440625 0.452778 0.0166667 0.0833333 0.279301
0 0.125521 0.5 0.0364583 0.174074 0.279783
0 0.411979 0.447222 0.0239583 0.0759259 0.280136
0 0.207292 0.449074 0.01875 0.0648148 0.282464
0 0.205729 0.449074 0.0177083 0.0648148 0.284157
0 0.956771 0.458333 0.053125 0.294444 0.284458
0 0.205729 0.45 0.0177083 0.0592593 0.284591
0 0.411979 0.447222 0.0239583 0.0759259 0.284876
0 0.065625 0.55 0.0666667 0.288889 0.28495
0 0.405208 0.44537 0.0145833 0.0759259 0.289479
0 0.0375 0.488889 0.0208333 0.12963 0.29162
13 0.451042 0.580556 0.129167 0.0796296 0.291712
0 0.957812 0.446296 0.0552083 0.288889 0.292839
0 0.440104 0.453704 0.015625 0.0814815 0.294012
0 0.436979 0.448148 0.0197917 0.0703704 0.294028
13 0.454688 0.582407 0.134375 0.087037 0.295491
0 0.0369792 0.505556 0.0260417 0.17037 0.296101
0 0.0375 0.488889 0.0208333 0.12963 0.29654
0 0.0380208 0.509259 0.0239583 0.17037 0.298074
0 0.0354167 0.512037 0.0229167 0.164815 0.298537
0 0.0645833 0.549074 0.0625 0.283333 0.29871
0 0.406771 0.448148 0.015625 0.0777778 0.299197
0 0.0380208 0.509259 0.0239583 0.17037 0.303831
0 0.0359375 0.512963 0.0239583 0.162963 0.304413
0 0.205729 0.45 0.0177083 0.062963 0.305023
13 0.446354 0.580556 0.126042 0.0759259 0.305269
0 0.00885417 0.512963 0.0177083 0.166667 0.307658
0 0.411979 0.447222 0.0239583 0.0759259 0.308237
0 0.957812 0.446296 0.0552083 0.288889 0.309144
13 0.451562 0.581481 0.132292 0.0814815 0.310279
13 0.446354 0.580556 0.130208 0.0796296 0.31147
0 0.408333 0.446296 0.01875 0.0777778 0.311644
0 0.256771 0.455556 0.0177083 0.0888889 0.312307
0 0.440625 0.451852 0.0166667 0.0814815 0.312504
13 0.446875 0.580556 0.125 0.0759259 0.313776
0 0.256771 0.45463 0.0177083 0.087037 0.31645
0 0.405208 0.44537 0.0145833 0.0759259 0.318028
0 0.00885417 0.512963 0.0177083 0.162963 0.318855
26 0.693229 0.602778 0.0260417 0.0833333 0.320948
28 0.0328125 0.625926 0.046875 0.0814815 0.324437
28 0.0348958 0.624074 0.0510417 0.0851852 0.325763
0 0.957812 0.446296 0.0552083 0.288889 0.333206
28 0.0322917 0.625 0.0479167 0.0796296 0.333509
0 0.257812 0.45463 0.0177083 0.087037 0.338153
28 0.0328125 0.625 0.0489583 0.0833333 0.338559
28 0.0328125 0.625926 0.046875 0.0777778 0.339626
0 0.256771 0.455556 0.0177083 0.0888889 0.340228
0 0.257292 0.45463 0.01875 0.0907407 0.345028
0 0.0078125 0.513889 0.015625 0.168519 0.346529
0 0.257812 0.45463 0.0177083 0.087037 0.347115
13 0.452604 0.582407 0.136458 0.0796296 0.347877
0 0.95625 0.448148 0.0541667 0.277778 0.350707
0 0.257812 0.453704 0.0177083 0.0888889 0.35133
0 0.455208 0.453704 0.0229167 0.0925926 0.354822
0 0.257812 0.45463 0.0177083 0.087037 0.357045
28 0.0328125 0.623148 0.0489583 0.0833333 0.360441
28 0.0328125 0.625 0.046875 0.0833333 0.360922
0 0.440625 0.45 0.0166667 0.0777778 0.361647
28 0.0322917 0.625 0.0479167 0.0833333 0.361684
0 0.667708 0.537037 0.0583333 0.325926 0.362027
0 0.440104 0.45 0.0177083 0.0814815 0.363443
28 0.0328125 0.623148 0.046875 0.0833333 0.376677
0 0.455208 0.453704 0.0229167 0.0925926 0.381548
0 0.440625 0.450926 0.0166667 0.0796296 0.383551
0 0.455208 0.453704 0.0229167 0.0925926 0.389413
28 0.0328125 0.625 0.0489583 0.0833333 0.409842
0 0.123438 0.500926 0.0385417 0.172222 0.411426
28 0.0328125 0.623148 0.0489583 0.0833333 0.416199
28 0.0328125 0.623148 0.0489583 0.0833333 0.417775
28 0.0328125 0.625 0.0489583 0.0833333 0.421137
0 0.457812 0.450926 0.0239583 0.0944444 0.426594
0 0.1125 0.50463 0.0395833 0.175926 0.42815
0 0.407292 0.447222 0.0166667 0.0759259 0.432037
0 0.122917 0.501852 0.0375 0.174074 0.440074
0 0.406771 0.446296 0.015625 0.0777778 0.444642
0 0.0645833 0.551852 0.0645833 0.303704 0.447464
0 0.406771 0.44537 0.015625 0.0796296 0.451784
0 0.0375 0.5 0.025 0.159259 0.456277
0 0.458333 0.451852 0.025 0.0962963 0.458738
0 0.961458 0.44537 0.0604167 0.283333 0.459855
26 0.694271 0.603704 0.0260417 0.0851852 0.461778
0 0.458333 0.451852 0.025 0.0962963 0.464323
0 0.113021 0.50463 0.0385417 0.175926 0.465679
0 0.959375 0.444444 0.0583333 0.288889 0.466378
0 0.958333 0.447222 0.0583333 0.290741 0.471464
0 0.464063 0.450926 0.021875 0.0981481 0.472745
0 0.959375 0.444444 0.0583333 0.288889 0.47722
0 0.959375 0.447222 0.0583333 0.27963 0.479497
0 0.958333 0.446296 0.0583333 0.288889 0.483413
0 0.406771 0.444444 0.015625 0.0777778 0.484053
0 0.0364583 0.506481 0.0229167 0.168519 0.488219
0 0.960938 0.446296 0.059375 0.277778 0.495892
0 0.958854 0.44537 0.0572917 0.287037 0.497429
0 0.958333 0.446296 0.0583333 0.288889 0.499644
0 0.406771 0.444444 0.015625 0.0777778 0.521552
0 0.00729167 0.518519 0.0145833 0.162963 0.522706
0 0.0078125 0.519444 0.015625 0.157407 0.522871
0 0.465104 0.452778 0.0197917 0.0981481 0.527811
0 0.0078125 0.518519 0.015625 0.162963 0.538742
0 0.06875 0.55 0.0625 0.307407 0.55056
0 0.466146 0.450926 0.0177083 0.0981481 0.559018
0 0.120833 0.503704 0.0375 0.174074 0.563644
0 0.467187 0.450926 0.0177083 0.0944444 0.571295
0 0.553125 0.483333 0.0333333 0.155556 0.571616
0 0.0666667 0.550926 0.0583333 0.294444 0.579137
0 0.552604 0.483333 0.0322917 0.155556 0.580862
0 0.0677083 0.550926 0.0583333 0.301852 0.583134
0 0.467187 0.450926 0.0177083 0.0944444 0.592201
0 0.00729167 0.519444 0.0145833 0.157407 0.596994
0 0.0677083 0.550926 0.0583333 0.301852 0.600114
0 0.467708 0.450926 0.0166667 0.0944444 0.606322
0 0.467187 0.450926 0.0177083 0.0944444 0.60835
0 0.0677083 0.550926 0.0583333 0.305556 0.613554
0 0.0666667 0.550926 0.0583333 0.294444 0.61409
0 0.121875 0.50463 0.0354167 0.175926 0.614446
0 0.00729167 0.518519 0.0145833 0.162963 0.619109
0 0.467708 0.450926 0.01875 0.0981481 0.627982
0 0.468229 0.450926 0.0177083 0.0981481 0.630485
0 0.553125 0.486111 0.0333333 0.157407 0.631851
0 0.121354 0.505556 0.034375 0.174074 0.641583
0 0.120833 0.503704 0.0375 0.174074 0.642468
0 0.667708 0.534259 0.05625 0.346296 0.643033
0 0.553125 0.486111 0.0333333 0.157407 0.644374
0 0.0666667 0.550926 0.0583333 0.294444 0.650244
0 0.0671875 0.55 0.059375 0.285185 0.682931
0 0.120833 0.505556 0.0375 0.177778 0.697443
0 0.120312 0.50463 0.0364583 0.17963 0.705109
0 0.120833 0.50463 0.0375 0.175926 0.707268
0 0.121354 0.50463 0.0364583 0.17963 0.714742
0 0.120312 0.50463 0.0364583 0.17963 0.719557
0 0.120833 0.50463 0.0375 0.17963 0.731082
0 0.120312 0.50463 0.0364583 0.17963 0.739671
0 0.0682292 0.55 0.059375 0.3 0.748784
0 0.0671875 0.549074 0.059375 0.294444 0.756066
0 0.553125 0.485185 0.0333333 0.151852 0.768104
0 0.0677083 0.548148 0.0583333 0.296296 0.770979
0 0.553125 0.485185 0.0333333 0.155556 0.771269
0 0.66875 0.535185 0.0583333 0.344444 0.781314
0 0.0677083 0.548148 0.0583333 0.296296 0.789001
0 0.66875 0.535185 0.0583333 0.340741 0.790862
0 0.553125 0.486111 0.0333333 0.153704 0.791646
0 0.66875 0.535185 0.0583333 0.340741 0.792407
0 0.553125 0.486111 0.0333333 0.153704 0.797015
0 0.553125 0.486111 0.0333333 0.153704 0.805128
0 0.553125 0.486111 0.0333333 0.153704 0.806844
0 0.553125 0.486111 0.0333333 0.153704 0.811736
0 0.553125 0.486111 0.0333333 0.153704 0.820471
0 0.553125 0.486111 0.0333333 0.153704 0.82164
0 0.553125 0.486111 0.0333333 0.153704 0.821882
0 0.668229 0.535185 0.0572917 0.348148 0.822625
0 0.120833 0.502778 0.0354167 0.175926 0.831976
0 0.553125 0.486111 0.0333333 0.153704 0.833796
0 0.668229 0.535185 0.0572917 0.348148 0.837347
0 0.120833 0.502778 0.0354167 0.17963 0.837958
0 0.668229 0.537037 0.0572917 0.337037 0.839593
0 0.668229 0.536111 0.0572917 0.335185 0.841379
0 0.668229 0.535185 0.0572917 0.337037 0.846403
0 0.668229 0.535185 0.0572917 0.344444 0.858862
0 0.668229 0.536111 0.0572917 0.342593 0.865289
0 0.668229 0.535185 0.0572917 0.340741 0.872694
