0 0.703125 0.387963 0.0458333 0.216667 0.252714
0 0.66875 0.351852 0.03125 0.148148 0.253299
0 0.530729 0.347222 0.015625 0.0722222 0.254425
0 0.332812 0.35 0.015625 0.0703704 0.255689
0 0.383854 0.351852 0.0177083 0.0703704 0.255792
0 0.695312 0.40463 0.0572917 0.272222 0.260802
0 0.353125 0.369444 0.01875 0.0981481 0.264546
0 0.444792 0.372222 0.0291667 0.133333 0.264701
0 0.496875 0.378704 0.0291667 0.131481 0.264806
24 0.709375 0.356481 0.0333333 0.101852 0.266419
24 0.709375 0.356481 0.0333333 0.101852 0.267265
0 0.444792 0.37963 0.0270833 0.151852 0.26796
0 0.445312 0.37963 0.0260417 0.155556 0.269119
0 0.614062 0.372222 0.028125 0.125926 0.269976
24 0.708854 0.361111 0.034375 0.107407 0.270055
0 0.353646 0.368519 0.0197917 0.103704 0.270508
0 0.158854 0.508333 0.138542 0.475926 0.273302
24 0.709375 0.357407 0.0333333 0.1 0.277954
0 0.669271 0.390741 0.0322917 0.244444 0.279844
0 0.691667 0.400926 0.06875 0.268519 0.285607
0 0.611458 0.373148 0.03125 0.131481 0.290674
0 0.353646 0.368519 0.0197917 0.103704 0.292584
0 0.610937 0.374074 0.0302083 0.133333 0.293325
0 0.386979 0.353704 0.0135417 0.062963 0.293628
0 0.691667 0.400926 0.06875 0.272222 0.297508
0 0.691146 0.4 0.0697917 0.274074 0.301546
0 0.383333 0.35463 0.0166667 0.0648148 0.303165
24 0.709375 0.360185 0.0333333 0.105556 0.30645
0 0.614062 0.373148 0.028125 0.127778 0.31053
0 0.703125 0.388889 0.0458333 0.222222 0.311453
0 0.613542 0.373148 0.0291667 0.127778 0.31619
0 0.386458 0.353704 0.0145833 0.062963 0.317676
0 0.350521 0.364815 0.0239583 0.0962963 0.319056
0 0.159375 0.507407 0.139583 0.481481 0.321272
0 0.353125 0.363889 0.0208333 0.0944444 0.322273
0 0.202083 0.42963 0.0354167 0.233333 0.327495
0 0.496354 0.37963 0.028125 0.12963 0.327885
0 0.383333 0.35463 0.0166667 0.0648148 0.32853
0 0.496354 0.381481 0.028125 0.133333 0.328857
0 0.332812 0.352778 0.015625 0.0722222 0.329277
0 0.611458 0.373148 0.03125 0.127778 0.32975
0 0.346875 0.361111 0.0291667 0.0925926 0.330671
0 0.352604 0.362963 0.021875 0.0925926 0.336814
0 0.444271 0.375926 0.028125 0.137037 0.340083
0 0.496875 0.371296 0.0229167 0.116667 0.345861
0 0.528646 0.35 0.0177083 0.0703704 0.349357
0 0.159375 0.508333 0.139583 0.47963 0.35345
0 0.496875 0.372222 0.0229167 0.114815 0.357967
0 0.202083 0.428704 0.0375 0.242593 0.363164
0 0.353125 0.363889 0.0208333 0.0944444 0.369808
0 0.496875 0.372222 0.0229167 0.114815 0.371584
0 0.203646 0.434259 0.0385417 0.238889 0.37525
0 0.205208 0.427778 0.0354167 0.248148 0.378764
0 0.165625 0.512963 0.141667 0.462963 0.379751
0 0.445312 0.376852 0.0260417 0.135185 0.380557
0 0.701563 0.396296 0.0489583 0.255556 0.384346
0 0.498437 0.378704 0.0260417 0.124074 0.385572
0 0.204688 0.428704 0.0364583 0.25 0.391303
0 0.497396 0.381481 0.028125 0.133333 0.398014
0 0.204688 0.428704 0.0364583 0.246296 0.399997
0 0.333333 0.350926 0.0166667 0.0722222 0.401484
0 0.495833 0.381481 0.0270833 0.133333 0.402589
0 0.332812 0.35 0.0177083 0.0740741 0.409954
0 0.166146 0.511111 0.142708 0.47037 0.413381
0 0.383854 0.352778 0.015625 0.0611111 0.419375
0 0.165625 0.512963 0.141667 0.466667 0.421369
0 0.530208 0.348148 0.0145833 0.0703704 0.421538
0 0.701563 0.402778 0.0510417 0.268519 0.423157
0 0.498437 0.378704 0.0260417 0.124074 0.430887
0 0.498437 0.378704 0.0260417 0.124074 0.433893
0 0.333333 0.350926 0.0166667 0.0722222 0.439062
0 0.669792 0.398148 0.0333333 0.251852 0.441591
0 0.496875 0.384259 0.0229167 0.127778 0.447671
0 0.496875 0.384259 0.0229167 0.127778 0.451991
0 0.496875 0.384259 0.0229167 0.131481 0.452501
0 0.530208 0.347222 0.0145833 0.0685185 0.453866
0 0.669792 0.398148 0.0333333 0.248148 0.454527
0 0.669792 0.397222 0.0333333 0.246296 0.464485
0 0.531771 0.346296 0.0135417 0.0703704 0.475319
0 0.496875 0.380556 0.0270833 0.131481 0.47943
0 0.496354 0.378704 0.0260417 0.127778 0.483093
0 0.688542 0.4 0.0645833 0.266667 0.483805
0 0.204167 0.430556 0.0375 0.238889 0.484916
0 0.692187 0.399074 0.0635417 0.272222 0.491217
0 0.53125 0.346296 0.0145833 0.0703704 0.494126
0 0.444271 0.373148 0.028125 0.138889 0.494999
0 0.444792 0.374074 0.0291667 0.140741 0.498966
0 0.688542 0.4 0.0645833 0.266667 0.516452
0 0.613542 0.374074 0.0291667 0.133333 0.518419
0 0.496354 0.380556 0.0239583 0.124074 0.518975
0 0.690625 0.400926 0.0645833 0.268519 0.536089
0 0.204167 0.435185 0.0395833 0.248148 0.542922
0 0.613542 0.373148 0.0291667 0.131481 0.543431
0 0.613542 0.374074 0.0291667 0.133333 0.543947
0 0.690625 0.400926 0.0625 0.268519 0.554181
0 0.496875 0.381481 0.0270833 0.133333 0.562329
0 0.496875 0.380556 0.0229167 0.127778 0.562916
0 0.688542 0.400926 0.0645833 0.268519 0.570667
0 0.496875 0.37963 0.0229167 0.125926 0.571371
0 0.352604 0.364815 0.0197917 0.107407 0.57531
0 0.671354 0.399074 0.034375 0.242593 0.57616
0 0.496875 0.381481 0.025 0.133333 0.589799
0 0.671354 0.398148 0.034375 0.244444 0.595638
0 0.691667 0.399074 0.0604167 0.264815 0.60648
0 0.691667 0.4 0.0604167 0.266667 0.609517
0 0.671354 0.397222 0.0322917 0.253704 0.615493
0 0.671354 0.398148 0.034375 0.244444 0.618017
0 0.203646 0.432407 0.0385417 0.253704 0.622153
0 0.203646 0.432407 0.0385417 0.253704 0.630684
0 0.692187 0.399074 0.0614583 0.264815 0.631657
0 0.203646 0.432407 0.0385417 0.257407 0.636113
0 0.204688 0.430556 0.0385417 0.25 0.643914
0 0.444792 0.376852 0.025 0.142593 0.644596
0 0.445312 0.376852 0.0260417 0.142593 0.650308
0 0.444792 0.377778 0.0291667 0.148148 0.65259
0 0.163021 0.505556 0.144792 0.477778 0.663568
0 0.203125 0.432407 0.0375 0.25 0.680181
0 0.204167 0.432407 0.0375 0.25 0.681891
0 0.352604 0.366667 0.0197917 0.1 0.682787
0 0.203125 0.432407 0.0375 0.25 0.687918
0 0.677083 0.399074 0.04375 0.268519 0.689564
0 0.444792 0.377778 0.0291667 0.148148 0.691759
0 0.444271 0.376852 0.028125 0.15 0.694747
0 0.163021 0.50463 0.140625 0.483333 0.70045
0 0.163021 0.506481 0.140625 0.483333 0.707017
0 0.445312 0.377778 0.028125 0.148148 0.712997
0 0.352604 0.365741 0.0197917 0.105556 0.71374
0 0.6125 0.375926 0.0291667 0.12963 0.723806
0 0.352604 0.366667 0.0197917 0.103704 0.724347
0 0.613021 0.374074 0.0302083 0.12963 0.726396
0 0.444271 0.377778 0.028125 0.148148 0.726565
0 0.445312 0.376852 0.028125 0.146296 0.727034
0 0.613021 0.375926 0.0302083 0.12963 0.736131
0 0.444271 0.378704 0.028125 0.15 0.736886
0 0.444271 0.376852 0.028125 0.15 0.748387
0 0.613021 0.376852 0.0302083 0.131481 0.756012
0 0.613021 0.376852 0.0302083 0.131481 0.756019
0 0.164062 0.506481 0.142708 0.475926 0.76502
0 0.352604 0.366667 0.0197917 0.103704 0.765981
0 0.353125 0.364815 0.01875 0.1 0.773705
0 0.6125 0.374074 0.03125 0.12963 0.77596
0 0.6125 0.375926 0.03125 0.12963 0.78009
0 0.613021 0.375926 0.0302083 0.133333 0.781923
0 0.6125 0.374074 0.0291667 0.12963 0.791386
0 0.444792 0.376852 0.0270833 0.15 0.796875
0 0.352604 0.363889 0.0177083 0.101852 0.799091
0 0.694271 0.402778 0.0572917 0.272222 0.799455
0 0.353125 0.364815 0.01875 0.103704 0.80095
0 0.6125 0.374074 0.0291667 0.12963 0.801146
0 0.163542 0.506481 0.145833 0.483333 0.828131
0 0.6125 0.374074 0.03125 0.12963 0.828597
0 0.613021 0.374074 0.0302083 0.12963 0.831238
0 0.163542 0.507407 0.147917 0.485185 0.83519
0 0.444271 0.375926 0.028125 0.148148 0.835973
0 0.444271 0.375 0.028125 0.146296 0.847744
0 0.164062 0.50463 0.142708 0.47963 0.852926
0 0.164583 0.506481 0.14375 0.475926 0.88567
0 0.164583 0.506481 0.145833 0.47963 0.890663
0 0.164062 0.503704 0.142708 0.477778 0.892054
0 0.163021 0.503704 0.140625 0.477778 0.909334
0 0.163021 0.503704 0.140625 0.477778 0.910206
