0 0.550521 0.431481 0.0177083 0.0814815 0.250422
0 0.550521 0.435185 0.0177083 0.0777778 0.257319
0 0.591146 0.437963 0.0177083 0.0833333 0.257445
0 0.551042 0.431481 0.01875 0.0814815 0.259882
0 0.28125 0.485185 0.0291667 0.155556 0.272123
0 0.550521 0.431481 0.0177083 0.0814815 0.27676
0 0.323958 0.481481 0.0333333 0.177778 0.281058
0 0.591667 0.440741 0.0208333 0.0888889 0.291959
0 0.323958 0.481481 0.0333333 0.177778 0.292153
0 0.592188 0.440741 0.021875 0.0888889 0.298736
0 0.586458 0.442593 0.01875 0.0814815 0.298736
0 0.592188 0.440741 0.021875 0.0888889 0.308608
0 0.586458 0.442593 0.01875 0.0851852 0.3185
0 0.281771 0.485185 0.028125 0.151852 0.327634
0 0.586458 0.442593 0.01875 0.0851852 0.331281
0 0.734896 0.500926 0.046875 0.227778 0.343874
0 0.253646 0.484259 0.0302083 0.157407 0.350806
0 0.299479 0.47963 0.0260417 0.166667 0.351815
0 0.299479 0.480556 0.0260417 0.168519 0.359837
0 0.734896 0.500926 0.046875 0.231481 0.361079
0 0.552083 0.434259 0.0166667 0.0796296 0.363615
0 0.253646 0.484259 0.0302083 0.157407 0.366482
0 0.291146 0.481481 0.0447917 0.159259 0.381357
0 0.607292 0.439815 0.0229167 0.0907407 0.396205
0 0.607292 0.439815 0.0208333 0.0944444 0.397674
0 0.291667 0.481481 0.0416667 0.159259 0.398198
0 0.607813 0.439815 0.021875 0.0944444 0.41264
0 0.734896 0.497222 0.0489583 0.235185 0.414168
0 0.603125 0.437963 0.025 0.0944444 0.418271
0 0.734896 0.49537 0.0489583 0.235185 0.418519
0 0.318229 0.484259 0.046875 0.17963 0.422174
0 0.552604 0.433333 0.015625 0.0777778 0.424953
0 0.298958 0.483333 0.0333333 0.162963 0.429036
0 0.258333 0.485185 0.0395833 0.155556 0.429127
0 0.291667 0.480556 0.0416667 0.161111 0.437067
0 0.209896 0.483333 0.034375 0.17037 0.437741
0 0.733854 0.5 0.0447917 0.22963 0.440571
0 0.298958 0.483333 0.0333333 0.162963 0.44066
0 0.552604 0.433333 0.015625 0.0777778 0.447399
0 0.552604 0.434259 0.015625 0.0759259 0.447759
0 0.552083 0.433333 0.0166667 0.0814815 0.452856
0 0.733854 0.499074 0.0447917 0.231481 0.45291
0 0.209896 0.483333 0.034375 0.17037 0.455709
0 0.257812 0.485185 0.0385417 0.155556 0.457542
0 0.733333 0.497222 0.0458333 0.231481 0.457646
0 0.552604 0.434259 0.015625 0.0759259 0.463404
0 0.552604 0.432407 0.015625 0.0759259 0.470035
0 0.279167 0.484259 0.0270833 0.157407 0.473001
0 0.327083 0.486111 0.0354167 0.17963 0.473203
0 0.280729 0.485185 0.0260417 0.151852 0.474039
0 0.327083 0.486111 0.0354167 0.17963 0.478657
0 0.254687 0.486111 0.0322917 0.153704 0.479477
0 0.279167 0.484259 0.0270833 0.161111 0.480083
0 0.326562 0.486111 0.0364583 0.17963 0.483322
0 0.272396 0.486111 0.0322917 0.157407 0.485822
0 0.251563 0.487037 0.0260417 0.155556 0.486289
0 0.272917 0.486111 0.0333333 0.157407 0.486838
0 0.733333 0.497222 0.0458333 0.231481 0.488017
0 0.251563 0.487037 0.0260417 0.155556 0.488215
0 0.552604 0.433333 0.015625 0.0740741 0.49179
0 0.319792 0.483333 0.0375 0.174074 0.496712
0 0.301562 0.481481 0.0260417 0.166667 0.496922
0 0.319792 0.483333 0.0375 0.174074 0.499488
0 0.320312 0.484259 0.0427083 0.17963 0.502768
0 0.302083 0.481481 0.0270833 0.166667 0.503356
0 0.257812 0.486111 0.0385417 0.157407 0.506638
0 0.254687 0.486111 0.0322917 0.153704 0.506983
0 0.607813 0.438889 0.0197917 0.0925926 0.512712
0 0.319792 0.483333 0.0375 0.174074 0.514597
0 0.255208 0.486111 0.03125 0.153704 0.523139
0 0.303125 0.484259 0.0291667 0.168519 0.528441
0 0.733333 0.496296 0.0458333 0.233333 0.52917
0 0.320312 0.484259 0.0427083 0.17963 0.534244
0 0.303125 0.484259 0.0291667 0.172222 0.537489
0 0.252083 0.485185 0.0291667 0.155556 0.539682
0 0.607813 0.437963 0.0197917 0.0944444 0.550253
2 0.0520833 0.507407 0.104167 0.32963 0.556888
0 0.607813 0.438889 0.0197917 0.0925926 0.558627
0 0.252083 0.485185 0.0291667 0.155556 0.558797
2 0.0520833 0.506481 0.104167 0.331481 0.560829
2 0.0520833 0.507407 0.104167 0.32963 0.56486
0 0.252083 0.486111 0.0291667 0.153704 0.581584
2 0.0526042 0.506481 0.105208 0.327778 0.586141
2 0.0526042 0.506481 0.105208 0.327778 0.592827
0 0.606771 0.438889 0.021875 0.0925926 0.599605
0 0.210938 0.487963 0.034375 0.168519 0.602376
0 0.60625 0.438889 0.0208333 0.0925926 0.609362
2 0.0520833 0.507407 0.102083 0.325926 0.622119
0 0.210938 0.487963 0.034375 0.168519 0.62266
0 0.210938 0.487037 0.034375 0.17037 0.624427
2 0.0520833 0.507407 0.102083 0.325926 0.625221
0 0.254167 0.487037 0.0291667 0.159259 0.63228
0 0.254167 0.487037 0.0291667 0.155556 0.638368
2 0.0520833 0.506481 0.102083 0.327778 0.640741
2 0.0520833 0.506481 0.102083 0.327778 0.644424
0 0.606771 0.437963 0.021875 0.0907407 0.64631
0 0.733854 0.497222 0.0447917 0.227778 0.651465
0 0.606771 0.438889 0.021875 0.0925926 0.668968
2 0.0515625 0.508333 0.101042 0.331481 0.669031
0 0.606771 0.437963 0.021875 0.0944444 0.66934
2 0.0515625 0.508333 0.101042 0.331481 0.670324
2 0.0515625 0.508333 0.101042 0.331481 0.674092
2 0.0520833 0.509259 0.102083 0.325926 0.698725
2 0.0520833 0.508333 0.102083 0.327778 0.699911
0 0.325521 0.486111 0.034375 0.183333 0.711389
2 0.0520833 0.508333 0.102083 0.327778 0.713119
0 0.733854 0.497222 0.0447917 0.227778 0.713436
0 0.325521 0.486111 0.034375 0.183333 0.726482
0 0.733854 0.5 0.0427083 0.22963 0.734087
0 0.733854 0.5 0.0427083 0.22963 0.735247
0 0.324479 0.486111 0.034375 0.175926 0.740778
0 0.734375 0.497222 0.0458333 0.231481 0.741293
0 0.211458 0.487037 0.0333333 0.17037 0.743824
0 0.325521 0.486111 0.034375 0.183333 0.75649
0 0.324479 0.487037 0.034375 0.177778 0.757279
0 0.324479 0.487037 0.034375 0.181481 0.762292
0 0.733854 0.498148 0.0447917 0.22963 0.764807
0 0.733854 0.498148 0.0447917 0.22963 0.764991
0 0.211458 0.487963 0.0333333 0.172222 0.768455
0 0.324479 0.487037 0.034375 0.185185 0.769961
0 0.211458 0.487963 0.0333333 0.168519 0.772005
0 0.733854 0.497222 0.0447917 0.227778 0.772096
0 0.211458 0.487963 0.0333333 0.168519 0.774557
0 0.734375 0.497222 0.0458333 0.231481 0.776275
0 0.211979 0.487963 0.034375 0.168519 0.777684
0 0.734375 0.497222 0.0458333 0.231481 0.789807
0 0.210938 0.486111 0.034375 0.172222 0.793901
0 0.211458 0.486111 0.0333333 0.172222 0.796178
0 0.211458 0.486111 0.0354167 0.172222 0.797522
0 0.211979 0.486111 0.034375 0.175926 0.798883
0 0.210938 0.486111 0.034375 0.172222 0.802056
