26 0.696354 0.611111 0.0322917 0.0888889 0.251226
13 0.460417 0.585185 0.172917 0.0888889 0.252628
0 0.429688 0.45 0.015625 0.0925926 0.253515
0 0.0869792 0.502778 0.053125 0.172222 0.253941
0 0.246354 0.448148 0.0177083 0.0740741 0.255318
0 0.231771 0.446296 0.0177083 0.0740741 0.256895
0 0.0984375 0.497222 0.0364583 0.175926 0.257837
0 0.538021 0.480556 0.0322917 0.15 0.258519
26 0.696354 0.611111 0.0322917 0.0888889 0.260005
0 0.194792 0.439815 0.01875 0.0648148 0.260183
0 0.0869792 0.502778 0.0552083 0.172222 0.260603
0 0.246354 0.447222 0.0197917 0.0759259 0.262469
0 0.195312 0.439815 0.0197917 0.0648148 0.263371
24 0.0677083 0.500926 0.03125 0.15 0.26582
26 0.696354 0.611111 0.0322917 0.0888889 0.267607
0 0.398958 0.44537 0.01875 0.087037 0.268526
13 0.457292 0.589815 0.175 0.0907407 0.269679
0 0.24375 0.447222 0.0229167 0.0759259 0.269886
0 0.538021 0.481481 0.0322917 0.151852 0.270378
0 0.246875 0.446296 0.01875 0.0777778 0.271207
0 0.951563 0.444444 0.0552083 0.281481 0.271862
0 0.231771 0.446296 0.0177083 0.0740741 0.272551
0 0.195312 0.440741 0.0177083 0.062963 0.276311
0 0.429167 0.45 0.0166667 0.0962963 0.278873
0 0.427083 0.446296 0.0208333 0.0888889 0.279187
0 0.194792 0.439815 0.01875 0.0648148 0.279255
0 0.244271 0.446296 0.021875 0.0740741 0.282192
0 0.426562 0.44537 0.0197917 0.087037 0.282349
0 0.246875 0.447222 0.01875 0.0759259 0.283177
0 0.398958 0.44537 0.01875 0.0833333 0.286739
0 0.0671875 0.503704 0.0302083 0.166667 0.288926
0 0.0661458 0.50463 0.0322917 0.164815 0.29181
0 0.240625 0.447222 0.0208333 0.0722222 0.292075
0 0.244271 0.447222 0.021875 0.0722222 0.293041
0 0.429688 0.45 0.015625 0.0962963 0.293924
26 0.696875 0.609259 0.03125 0.0962963 0.295758
0 0.0666667 0.50463 0.0333333 0.168519 0.300756
0 0.246875 0.446296 0.01875 0.0740741 0.301087
0 0.398958 0.444444 0.01875 0.0851852 0.30852
0 0.426562 0.446296 0.0197917 0.0888889 0.309861
0 0.397396 0.442593 0.0177083 0.0851852 0.310579
13 0.466146 0.589815 0.182292 0.0907407 0.315197
0 0.444792 0.45 0.0208333 0.0962963 0.316899
0 0.0692708 0.500926 0.028125 0.168519 0.322607
0 0.0692708 0.501852 0.028125 0.17037 0.331359
0 0.0369792 0.546296 0.0614583 0.314815 0.337165
0 0.954687 0.44537 0.0572917 0.27963 0.352896
13 0.464063 0.591667 0.184375 0.0944444 0.356418
0 0.444792 0.449074 0.0208333 0.0981481 0.358489
13 0.465625 0.584259 0.179167 0.0907407 0.358574
26 0.696875 0.612037 0.03125 0.0944444 0.359072
0 0.954167 0.446296 0.0583333 0.281481 0.360171
0 0.952604 0.441667 0.0552083 0.283333 0.363029
0 0.121875 0.486111 0.0229167 0.157407 0.364948
0 0.952604 0.441667 0.0552083 0.283333 0.367281
0 0.444792 0.449074 0.0208333 0.0981481 0.369679
0 0.95625 0.442593 0.0604167 0.281481 0.381512
0 0.953646 0.446296 0.0572917 0.281481 0.386842
13 0.463021 0.588889 0.182292 0.0888889 0.388599
26 0.696875 0.610185 0.03125 0.0944444 0.388805
0 0.952604 0.442593 0.0552083 0.281481 0.389729
0 0.398438 0.443519 0.0177083 0.087037 0.391821
0 0.101562 0.494444 0.040625 0.177778 0.39853
0 0.398438 0.441667 0.0177083 0.087037 0.399621
0 0.4375 0.45 0.0208333 0.0962963 0.405993
0 0.398438 0.442593 0.0177083 0.0888889 0.407612
0 0.954167 0.441667 0.05625 0.287037 0.412507
0 0.953646 0.444444 0.0572917 0.274074 0.416913
0 0.954167 0.441667 0.05625 0.287037 0.424536
0 0.398438 0.442593 0.0177083 0.0888889 0.425101
0 0.117188 0.487037 0.028125 0.174074 0.429497
0 0.116667 0.487037 0.0291667 0.174074 0.43008
26 0.696875 0.610185 0.03125 0.0907407 0.430434
0 0.429167 0.448148 0.0166667 0.0925926 0.432669
0 0.954167 0.441667 0.05625 0.287037 0.438481
0 0.458854 0.449074 0.0177083 0.0944444 0.443676
0 0.459375 0.449074 0.0166667 0.0907407 0.443832
0 0.429688 0.447222 0.0177083 0.0944444 0.44719
0 0.1 0.493519 0.0375 0.17963 0.448128
0 0.954687 0.442593 0.059375 0.277778 0.448417
26 0.696875 0.610185 0.03125 0.0944444 0.449503
0 0.0380208 0.546296 0.0635417 0.311111 0.450102
0 0.429688 0.447222 0.0177083 0.0944444 0.456815
0 0.0416667 0.551852 0.06875 0.325926 0.458874
0 0.101562 0.494444 0.040625 0.177778 0.45976
0 0.0411458 0.551852 0.0677083 0.325926 0.462185
0 0.458854 0.448148 0.0177083 0.0925926 0.465573
0 0.0411458 0.550926 0.0677083 0.327778 0.4664
0 0.444271 0.449074 0.0197917 0.0944444 0.469593
0 0.1 0.494444 0.0375 0.177778 0.473136
0 0.444271 0.448148 0.0197917 0.0962963 0.473562
0 0.0390625 0.546296 0.071875 0.318519 0.473752
0 0.444271 0.448148 0.0197917 0.0962963 0.47671
0 0.105729 0.492593 0.0427083 0.174074 0.486462
26 0.697396 0.610185 0.0322917 0.0907407 0.490239
0 0.104687 0.493519 0.040625 0.172222 0.498539
0 0.458854 0.447222 0.0197917 0.0981481 0.511738
0 0.104167 0.494444 0.0416667 0.174074 0.515629
0 0.101562 0.494444 0.040625 0.177778 0.529718
0 0.104687 0.492593 0.0427083 0.174074 0.535344
0 0.105729 0.496296 0.0427083 0.181481 0.544518
0 0.0401042 0.551852 0.0677083 0.325926 0.555076
0 0.0390625 0.55 0.0635417 0.314815 0.555716
0 0.0395833 0.547222 0.0708333 0.312963 0.563886
0 0.672917 0.537963 0.05625 0.357407 0.565531
0 0.105729 0.49537 0.0427083 0.17963 0.56648
0 0.104687 0.493519 0.0427083 0.175926 0.588239
0 0.458854 0.447222 0.0177083 0.0981481 0.592432
0 0.0395833 0.55 0.0645833 0.314815 0.592931
0 0.105729 0.496296 0.0427083 0.181481 0.596211
0 0.0390625 0.551852 0.0677083 0.322222 0.597757
0 0.539062 0.482407 0.0322917 0.15 0.616383
0 0.104167 0.490741 0.0416667 0.177778 0.616533
0 0.539062 0.482407 0.0322917 0.15 0.621234
0 0.672396 0.542593 0.0572917 0.344444 0.623036
0 0.459375 0.448148 0.01875 0.0962963 0.623649
0 0.458854 0.448148 0.0177083 0.0925926 0.624801
0 0.672917 0.541667 0.0583333 0.346296 0.628779
0 0.672396 0.541667 0.0572917 0.346296 0.629191
0 0.458854 0.447222 0.0177083 0.0944444 0.630814
0 0.104167 0.490741 0.0416667 0.177778 0.632875
0 0.0395833 0.552778 0.0666667 0.324074 0.635487
0 0.0390625 0.550926 0.0635417 0.312963 0.642065
0 0.672396 0.537963 0.0572917 0.353704 0.649516
0 0.459896 0.44537 0.0177083 0.0907407 0.65209
0 0.459896 0.446296 0.0177083 0.0925926 0.665846
0 0.459896 0.446296 0.0177083 0.0925926 0.670626
0 0.0395833 0.550926 0.0666667 0.324074 0.681231
0 0.539062 0.483333 0.0322917 0.151852 0.685378
0 0.673958 0.539815 0.0583333 0.357407 0.685411
0 0.539062 0.483333 0.0322917 0.151852 0.704214
0 0.673958 0.539815 0.0583333 0.353704 0.706307
0 0.539062 0.483333 0.0322917 0.151852 0.709846
0 0.673958 0.539815 0.0583333 0.353704 0.71005
0 0.539062 0.483333 0.0322917 0.155556 0.736893
0 0.539062 0.483333 0.0322917 0.155556 0.743566
0 0.539062 0.482407 0.0322917 0.153704 0.746065
0 0.0390625 0.552778 0.0635417 0.324074 0.749397
0 0.0385417 0.550926 0.0666667 0.32037 0.768015
0 0.538542 0.483333 0.0333333 0.151852 0.772673
0 0.538542 0.483333 0.0333333 0.155556 0.78186
0 0.672917 0.538889 0.0583333 0.355556 0.788923
0 0.0385417 0.549074 0.0645833 0.316667 0.795089
0 0.0380208 0.548148 0.0635417 0.318519 0.802652
0 0.0380208 0.549074 0.0635417 0.316667 0.806589
0 0.539062 0.483333 0.0322917 0.151852 0.809316
0 0.539062 0.482407 0.0322917 0.15 0.825163
0 0.539062 0.483333 0.0322917 0.151852 0.825943
0 0.672396 0.539815 0.0572917 0.357407 0.826792
0 0.539062 0.482407 0.0322917 0.153704 0.827049
0 0.539062 0.482407 0.0322917 0.153704 0.844067
0 0.672917 0.539815 0.05625 0.353704 0.845193
0 0.672917 0.539815 0.05625 0.353704 0.847246
