0 0.157292 0.344444 0.0270833 0.114815 0.251437
0 0.575521 0.385185 0.034375 0.148148 0.251615
13 0.439583 0.449074 0.05 0.0685185 0.254201
13 0.309896 0.428704 0.0822917 0.101852 0.254522
0 0.572917 0.382407 0.0354167 0.131481 0.257838
13 0.438021 0.456481 0.0447917 0.0722222 0.258093
0 0.0927083 0.318519 0.0145833 0.0592593 0.258139
0 0.619792 0.367593 0.025 0.109259 0.25841
0 0.920833 0.62963 0.152083 0.651852 0.259273
0 0.621354 0.37037 0.021875 0.107407 0.260565
0 0.160938 0.337037 0.0239583 0.0962963 0.261516
0 0.484896 0.372222 0.0260417 0.12963 0.262226
0 0.621875 0.371296 0.0208333 0.105556 0.264019
0 0.0239583 0.388889 0.04375 0.188889 0.265719
13 0.309896 0.428704 0.0822917 0.105556 0.268899
0 0.821875 0.441667 0.0541667 0.342593 0.270135
0 0.160417 0.337037 0.0229167 0.0962963 0.270316
28 0.0583333 0.403704 0.0333333 0.0592593 0.272932
13 0.311458 0.423148 0.08125 0.0907407 0.273302
0 0.524479 0.366667 0.0260417 0.125926 0.273848
0 0.771354 0.597222 0.140625 0.624074 0.274302
0 0.2875 0.337037 0.0375 0.103704 0.276484
0 0.285417 0.330556 0.0375 0.087037 0.277847
0 0.525 0.366667 0.025 0.125926 0.278361
0 0.288021 0.32963 0.0364583 0.0851852 0.279746
28 0.0583333 0.403704 0.0333333 0.0592593 0.280802
0 0.160417 0.337963 0.0229167 0.0944444 0.282649
0 0.776563 0.597222 0.138542 0.62037 0.286894
0 0.0239583 0.388889 0.04375 0.188889 0.286989
0 0.491146 0.371296 0.028125 0.138889 0.287538
0 0.291146 0.331481 0.0322917 0.0851852 0.2877
13 0.307813 0.425926 0.0864583 0.103704 0.287779
13 0.311458 0.424074 0.0833333 0.0925926 0.29266
13 0.310417 0.424074 0.08125 0.0962963 0.293276
0 0.158854 0.339815 0.021875 0.0981481 0.296122
0 0.771354 0.599074 0.138542 0.616667 0.29719
0 0.46875 0.350926 0.0270833 0.101852 0.299557
13 0.309375 0.426852 0.0875 0.101852 0.302394
0 0.490104 0.37037 0.028125 0.137037 0.302676
0 0.288542 0.32963 0.0354167 0.0851852 0.304794
0 0.493229 0.365741 0.021875 0.124074 0.306745
0 0.484896 0.373148 0.0260417 0.131481 0.308155
0 0.776563 0.598148 0.140625 0.611111 0.311669
0 0.484896 0.373148 0.0260417 0.131481 0.313815
0 0.621875 0.361111 0.0208333 0.0888889 0.315212
28 0.0588542 0.402778 0.034375 0.0611111 0.319605
28 0.0588542 0.402778 0.034375 0.0611111 0.319963
0 0.285417 0.330556 0.0375 0.087037 0.320486
0 0.291667 0.331481 0.03125 0.0851852 0.320521
13 0.309375 0.424074 0.08125 0.0962963 0.325148
0 0.285417 0.330556 0.0375 0.087037 0.329227
0 0.820312 0.396296 0.0510417 0.262963 0.330912
0 0.290104 0.328704 0.0302083 0.0833333 0.332687
0 0.572396 0.381481 0.034375 0.144444 0.336277
0 0.15625 0.346296 0.025 0.111111 0.340938
0 0.820833 0.39537 0.05 0.261111 0.34204
13 0.310417 0.427778 0.0895833 0.103704 0.342747
0 0.820312 0.396296 0.0510417 0.262963 0.344437
0 0.2875 0.331481 0.0375 0.0888889 0.344765
0 0.522396 0.369444 0.028125 0.131481 0.350264
0 0.572396 0.381481 0.034375 0.140741 0.352899
0 0.290104 0.32963 0.0302083 0.0851852 0.35722
0 0.571354 0.381481 0.034375 0.140741 0.359745
0 0.621354 0.360185 0.021875 0.0907407 0.361814
0 0.823438 0.434259 0.053125 0.331481 0.362692
0 0.290104 0.32963 0.0302083 0.0851852 0.362728
0 0.2875 0.331481 0.0375 0.0888889 0.363273
0 0.621354 0.360185 0.021875 0.0907407 0.36799
0 0.823438 0.434259 0.053125 0.335185 0.36807
13 0.308854 0.425926 0.0864583 0.1 0.369438
0 0.822917 0.433333 0.0541667 0.333333 0.375525
13 0.308854 0.426852 0.0864583 0.0981481 0.378965
0 0.491667 0.37037 0.0229167 0.12963 0.381525
0 0.522396 0.369444 0.028125 0.131481 0.395718
0 0.620833 0.369444 0.0208333 0.109259 0.396221
0 0.522396 0.371296 0.028125 0.127778 0.396596
0 0.772396 0.613889 0.134375 0.638889 0.398221
0 0.821875 0.426852 0.0520833 0.32037 0.403877
0 0.49375 0.366667 0.0229167 0.133333 0.407281
0 0.523958 0.371296 0.025 0.12037 0.40779
0 0.493229 0.366667 0.021875 0.133333 0.408226
0 0.923437 0.614815 0.151042 0.640741 0.408632
0 0.772396 0.613889 0.134375 0.638889 0.409921
0 0.523958 0.371296 0.025 0.12037 0.410392
0 0.524479 0.371296 0.0239583 0.12037 0.412301
0 0.520833 0.366667 0.025 0.122222 0.417991
0 0.365104 0.372222 0.0322917 0.17037 0.428807
0 0.492188 0.37037 0.0239583 0.137037 0.42914
0 0.15625 0.34537 0.025 0.112963 0.430815
0 0.521875 0.37037 0.0291667 0.12963 0.436228
0 0.520833 0.369444 0.0291667 0.131481 0.442029
0 0.620833 0.362037 0.0208333 0.101852 0.444594
0 0.365625 0.372222 0.03125 0.17037 0.44877
0 0.491667 0.371296 0.0229167 0.131481 0.453137
0 0.522396 0.371296 0.028125 0.127778 0.455392
0 0.822396 0.440741 0.0552083 0.351852 0.458821
0 0.492188 0.37037 0.0239583 0.133333 0.459004
0 0.921875 0.62037 0.141667 0.648148 0.466383
0 0.366667 0.37037 0.0354167 0.17037 0.470108
0 0.522917 0.37037 0.0270833 0.12963 0.472708
0 0.520833 0.367593 0.025 0.124074 0.476777
0 0.520833 0.367593 0.025 0.124074 0.477456
0 0.917188 0.623148 0.146875 0.65 0.477545
0 0.821354 0.428704 0.053125 0.324074 0.479789
0 0.521875 0.37037 0.0291667 0.12963 0.483224
0 0.821354 0.42963 0.053125 0.325926 0.48496
0 0.521354 0.37037 0.028125 0.12963 0.488063
0 0.821354 0.428704 0.053125 0.327778 0.489748
0 0.921354 0.614815 0.151042 0.662963 0.490433
0 0.366667 0.37037 0.0354167 0.17037 0.494965
0 0.572917 0.386111 0.0333333 0.15 0.502732
0 0.572396 0.383333 0.0364583 0.144444 0.519674
0 0.572917 0.386111 0.0333333 0.15 0.519865
0 0.572917 0.383333 0.0354167 0.144444 0.529034
0 0.366667 0.369444 0.0354167 0.172222 0.534157
0 0.158333 0.346296 0.0229167 0.107407 0.536583
0 0.521875 0.371296 0.0270833 0.124074 0.537105
0 0.0229167 0.384259 0.0416667 0.187037 0.541429
0 0.521875 0.371296 0.0270833 0.124074 0.548502
0 0.919271 0.622222 0.157292 0.688889 0.550714
0 0.919792 0.621296 0.15625 0.661111 0.556279
0 0.78125 0.615741 0.133333 0.664815 0.559299
0 0.521875 0.371296 0.0270833 0.124074 0.559823
0 0.921354 0.615741 0.151042 0.657407 0.5625
0 0.576042 0.388889 0.0333333 0.151852 0.564425
0 0.576042 0.388889 0.0333333 0.151852 0.565785
0 0.0234375 0.383333 0.040625 0.185185 0.569562
0 0.620833 0.362963 0.0208333 0.0925926 0.572911
0 0.921354 0.624074 0.157292 0.692593 0.573349
0 0.158854 0.344444 0.021875 0.107407 0.577189
0 0.157292 0.343519 0.025 0.112963 0.581501
0 0.0234375 0.383333 0.040625 0.185185 0.589703
0 0.158854 0.34537 0.021875 0.109259 0.594373
0 0.576042 0.387037 0.0333333 0.148148 0.594718
0 0.158854 0.34537 0.021875 0.109259 0.599836
0 0.0229167 0.384259 0.0416667 0.187037 0.600013
0 0.576042 0.387963 0.0333333 0.15 0.602504
0 0.156771 0.343519 0.0239583 0.112963 0.608185
0 0.923437 0.618519 0.146875 0.648148 0.608189
0 0.620833 0.362963 0.0208333 0.0962963 0.609474
0 0.156771 0.343519 0.0239583 0.112963 0.609842
0 0.78125 0.614815 0.133333 0.659259 0.610805
0 0.620833 0.362963 0.0208333 0.0962963 0.618938
0 0.620313 0.367593 0.021875 0.0981481 0.625637
0 0.921354 0.624074 0.153125 0.688889 0.627155
0 0.574479 0.386111 0.034375 0.15 0.650037
0 0.921875 0.624074 0.1375 0.637037 0.653145
0 0.777604 0.602778 0.132292 0.631481 0.665154
0 0.620313 0.367593 0.021875 0.0981481 0.668881
0 0.620313 0.367593 0.021875 0.0981481 0.670723
0 0.917708 0.622222 0.145833 0.67037 0.675285
0 0.366146 0.368519 0.0364583 0.166667 0.677867
0 0.365625 0.369444 0.0333333 0.172222 0.679857
0 0.574479 0.385185 0.034375 0.151852 0.680891
0 0.021875 0.384259 0.04375 0.183333 0.681874
0 0.919271 0.623148 0.153125 0.687037 0.684108
0 0.620313 0.366667 0.021875 0.107407 0.686678
0 0.021875 0.384259 0.04375 0.183333 0.692655
0 0.0229167 0.383333 0.0416667 0.188889 0.697887
0 0.776563 0.602778 0.132292 0.627778 0.699389
0 0.365625 0.369444 0.0333333 0.168519 0.701113
0 0.0213542 0.382407 0.040625 0.183333 0.701947
0 0.574479 0.386111 0.034375 0.15 0.703147
0 0.919271 0.622222 0.153125 0.688889 0.705205
0 0.365625 0.369444 0.0354167 0.168519 0.713722
0 0.0213542 0.383333 0.040625 0.185185 0.720681
0 0.575 0.387037 0.0333333 0.148148 0.723613
0 0.620313 0.366667 0.021875 0.107407 0.724651
0 0.0213542 0.382407 0.040625 0.183333 0.727606
0 0.776563 0.60463 0.134375 0.635185 0.731195
0 0.365625 0.368519 0.0354167 0.17037 0.732578
0 0.777604 0.60463 0.134375 0.642593 0.739963
0 0.365625 0.369444 0.0354167 0.168519 0.741593
0 0.575 0.387037 0.0333333 0.148148 0.74211
0 0.366146 0.369444 0.034375 0.168519 0.748026
0 0.365625 0.368519 0.0333333 0.17037 0.748687
0 0.365625 0.369444 0.0333333 0.168519 0.752823
0 0.921354 0.623148 0.153125 0.690741 0.763443
0 0.574479 0.387037 0.034375 0.148148 0.770215
0 0.365625 0.369444 0.0333333 0.168519 0.776513
0 0.778125 0.609259 0.135417 0.637037 0.777023
0 0.021875 0.384259 0.0416667 0.183333 0.800404
0 0.021875 0.385185 0.0395833 0.181481 0.804611
0 0.021875 0.385185 0.0395833 0.185185 0.815228
0 0.021875 0.383333 0.0416667 0.185185 0.82229
0 0.778125 0.609259 0.135417 0.637037 0.827084
0 0.021875 0.383333 0.0416667 0.185185 0.840935
0 0.776563 0.612963 0.134375 0.648148 0.847694
0 0.777083 0.612963 0.133333 0.648148 0.853397
