0 0.513021 0.364815 0.028125 0.133333 0.251666
0 0.114583 0.37037 0.0520833 0.148148 0.252152
0 0.581771 0.324074 0.015625 0.0777778 0.253184
0 0.510938 0.366667 0.028125 0.133333 0.254064
0 0.513021 0.365741 0.028125 0.131481 0.25432
2 0.407292 0.317593 0.0354167 0.0611111 0.260756
0 0.4875 0.340741 0.0229167 0.0925926 0.263404
2 0.406771 0.317593 0.0322917 0.0611111 0.265104
0 0.35 0.332407 0.0291667 0.087037 0.270948
0 0.4875 0.339815 0.0229167 0.0907407 0.271481
0 0.528125 0.333333 0.0145833 0.062963 0.271946
0 0.152604 0.374074 0.0260417 0.125926 0.275352
2 0.407813 0.316667 0.0364583 0.062963 0.27614
0 0.513021 0.361111 0.0302083 0.12963 0.276172
0 0.152604 0.374074 0.0260417 0.125926 0.278523
0 0.152083 0.361111 0.025 0.122222 0.282123
2 0.381771 0.308333 0.0302083 0.0611111 0.284733
0 0.513542 0.361111 0.0291667 0.12963 0.284946
2 0.406771 0.316667 0.0322917 0.0592593 0.294561
0 0.349479 0.332407 0.0302083 0.087037 0.298266
0 0.113021 0.375 0.0447917 0.135185 0.298535
0 0.35 0.332407 0.0291667 0.087037 0.300504
2 0.407292 0.317593 0.0354167 0.0611111 0.301938
0 0.365104 0.327778 0.0197917 0.0851852 0.303428
0 0.365104 0.327778 0.0197917 0.0851852 0.309683
0 0.113021 0.375 0.0447917 0.135185 0.309846
2 0.406771 0.316667 0.0322917 0.0592593 0.310244
2 0.381771 0.308333 0.0302083 0.0574074 0.312691
0 0.528125 0.333333 0.0145833 0.062963 0.315095
2 0.381771 0.308333 0.0302083 0.0574074 0.321678
0 0.365104 0.328704 0.0197917 0.0833333 0.327939
0 0.346875 0.337963 0.0229167 0.0833333 0.330954
0 0.510938 0.362963 0.0322917 0.12963 0.334218
0 0.152083 0.360185 0.025 0.112963 0.335322
0 0.467187 0.357407 0.0302083 0.12963 0.335358
0 0.467187 0.358333 0.0302083 0.127778 0.337447
0 0.115625 0.364815 0.0416667 0.155556 0.3553
0 0.510938 0.366667 0.028125 0.137037 0.356037
0 0.510938 0.367593 0.028125 0.135185 0.35962
0 0.465104 0.359259 0.028125 0.137037 0.363174
0 0.510938 0.363889 0.0322917 0.127778 0.365415
0 0.152083 0.361111 0.025 0.114815 0.366892
0 0.115104 0.375926 0.0427083 0.140741 0.373632
0 0.152083 0.361111 0.025 0.114815 0.374548
0 0.152604 0.367593 0.0260417 0.135185 0.375586
0 0.115625 0.364815 0.0416667 0.159259 0.377088
0 0.510938 0.367593 0.0322917 0.135185 0.380593
0 0.114583 0.375926 0.04375 0.140741 0.380841
0 0.466667 0.358333 0.0291667 0.127778 0.38146
0 0.511458 0.366667 0.03125 0.133333 0.382861
0 0.290625 0.35463 0.0333333 0.116667 0.414386
0 0.114063 0.37037 0.0447917 0.148148 0.416917
0 0.153125 0.37037 0.0270833 0.137037 0.421964
0 0.114063 0.366667 0.0447917 0.151852 0.422119
0 0.511458 0.366667 0.03125 0.137037 0.423858
0 0.152604 0.366667 0.0260417 0.133333 0.431141
0 0.510938 0.361111 0.0302083 0.137037 0.437874
0 0.153125 0.37037 0.025 0.122222 0.438373
0 0.114063 0.37037 0.0447917 0.148148 0.443579
0 0.114063 0.365741 0.0447917 0.15 0.443671
0 0.290625 0.35463 0.0333333 0.116667 0.448016
0 0.511458 0.361111 0.0291667 0.137037 0.452827
0 0.114583 0.37037 0.0458333 0.148148 0.472414
0 0.152604 0.362037 0.0239583 0.116667 0.482387
0 0.290625 0.35463 0.0333333 0.116667 0.484329
0 0.114063 0.367593 0.0447917 0.15 0.484641
0 0.152604 0.369444 0.0260417 0.138889 0.486507
0 0.291667 0.362963 0.03125 0.0962963 0.48706
0 0.153646 0.37037 0.0239583 0.125926 0.49315
0 0.511458 0.366667 0.0291667 0.133333 0.496239
0 0.153646 0.37037 0.0239583 0.125926 0.50113
0 0.153125 0.366667 0.025 0.133333 0.505715
0 0.646875 0.367593 0.0395833 0.198148 0.519013
0 0.153125 0.362037 0.0229167 0.116667 0.525085
0 0.291146 0.362963 0.0322917 0.1 0.525163
0 0.153125 0.362037 0.0229167 0.116667 0.525325
0 0.153125 0.37037 0.025 0.137037 0.529613
0 0.291146 0.362037 0.0322917 0.0981481 0.538644
0 0.290625 0.353704 0.0333333 0.111111 0.54074
0 0.291146 0.35463 0.034375 0.109259 0.555367
0 0.646875 0.369444 0.0395833 0.205556 0.569265
0 0.344792 0.336111 0.0208333 0.0907407 0.571039
0 0.291146 0.353704 0.034375 0.107407 0.590065
0 0.646875 0.37037 0.0395833 0.211111 0.592527
0 0.647917 0.37037 0.0375 0.196296 0.603359
0 0.291667 0.357407 0.0333333 0.111111 0.606364
0 0.291146 0.359259 0.034375 0.111111 0.607277
0 0.647396 0.369444 0.0364583 0.198148 0.608827
0 0.646875 0.367593 0.0395833 0.198148 0.609157
0 0.291146 0.359259 0.034375 0.111111 0.609379
0 0.291667 0.357407 0.0333333 0.111111 0.619448
0 0.647396 0.37037 0.040625 0.196296 0.62513
0 0.291146 0.359259 0.034375 0.111111 0.628974
0 0.647396 0.371296 0.040625 0.198148 0.629932
0 0.465104 0.358333 0.028125 0.131481 0.638713
0 0.291146 0.35463 0.0322917 0.112963 0.642302
0 0.647396 0.371296 0.040625 0.198148 0.642814
0 0.291667 0.357407 0.0333333 0.111111 0.643693
0 0.291146 0.35463 0.0322917 0.109259 0.65388
0 0.464583 0.359259 0.0291667 0.133333 0.664938
0 0.465104 0.360185 0.028125 0.142593 0.665873
0 0.344792 0.338889 0.0208333 0.0851852 0.667733
0 0.646875 0.368519 0.0395833 0.2 0.6718
0 0.465625 0.359259 0.0291667 0.140741 0.672167
0 0.345313 0.337037 0.021875 0.0851852 0.673556
0 0.646354 0.368519 0.0385417 0.2 0.674203
0 0.646875 0.368519 0.0416667 0.2 0.677205
0 0.291146 0.35463 0.0322917 0.109259 0.681634
0 0.646354 0.369444 0.040625 0.201852 0.690147
0 0.344792 0.338889 0.0208333 0.0851852 0.694431
0 0.646354 0.368519 0.0385417 0.2 0.699116
0 0.344792 0.338889 0.0208333 0.0851852 0.702175
0 0.344792 0.340741 0.0208333 0.0888889 0.711049
0 0.465625 0.362037 0.0291667 0.138889 0.713378
0 0.646354 0.368519 0.0385417 0.2 0.713914
0 0.465625 0.362037 0.0291667 0.138889 0.725177
0 0.344792 0.339815 0.0208333 0.087037 0.733345
0 0.344792 0.339815 0.0208333 0.087037 0.737925
0 0.21875 0.418519 0.0895833 0.355556 0.739788
0 0.465104 0.359259 0.028125 0.133333 0.750827
0 0.21875 0.418519 0.0895833 0.355556 0.753628
0 0.465625 0.359259 0.0270833 0.133333 0.75916
0 0.218229 0.418519 0.0885417 0.355556 0.762996
0 0.465625 0.362037 0.0291667 0.138889 0.763153
0 0.465625 0.362963 0.0291667 0.140741 0.77478
0 0.465625 0.362963 0.0291667 0.140741 0.784304
0 0.465625 0.362037 0.0291667 0.142593 0.79625
0 0.218229 0.417593 0.0927083 0.353704 0.829521
0 0.464583 0.360185 0.0291667 0.131481 0.829914
0 0.464583 0.359259 0.0291667 0.133333 0.831259
0 0.218229 0.419444 0.0927083 0.353704 0.834201
0 0.217187 0.419444 0.090625 0.357407 0.835445
0 0.217187 0.419444 0.090625 0.357407 0.837232
0 0.217187 0.418519 0.090625 0.355556 0.83874
0 0.218229 0.418519 0.0927083 0.351852 0.894817
0 0.218229 0.419444 0.0927083 0.35 0.89588
0 0.217708 0.418519 0.0916667 0.351852 0.899351
0 0.21875 0.419444 0.0916667 0.35 0.899951
0 0.218229 0.417593 0.0927083 0.35 0.901881
0 0.217708 0.417593 0.0916667 0.353704 0.902455
0 0.217708 0.418519 0.0916667 0.351852 0.904707
