0 0.442708 0.316667 0.0229167 0.0925926 0.254262
36 0.926562 0.859259 0.0614583 0.155556 0.25647
0 0.586458 0.340741 0.0291667 0.133333 0.25747
0 0.806771 0.552778 0.153125 0.690741 0.258153
36 0.926562 0.860185 0.0614583 0.153704 0.262847
0 0.223438 0.337037 0.0322917 0.137037 0.26366
0 0.223438 0.337037 0.0322917 0.137037 0.269774
0 0.441667 0.32037 0.025 0.0925926 0.271314
0 0.501562 0.325 0.0197917 0.116667 0.275415
0 0.442187 0.322222 0.0239583 0.1 0.2783
0 0.586458 0.341667 0.0291667 0.131481 0.280542
0 0.586458 0.341667 0.0291667 0.131481 0.288191
0 0.221354 0.338889 0.0364583 0.148148 0.288342
0 0.502083 0.325 0.01875 0.116667 0.290778
0 0.219792 0.355556 0.0416667 0.188889 0.291928
0 0.475 0.336111 0.025 0.131481 0.293839
0 0.497396 0.32963 0.028125 0.122222 0.295861
0 0.442187 0.321296 0.0239583 0.0981481 0.295988
0 0.221354 0.339815 0.0364583 0.15 0.298821
0 0.496875 0.32963 0.0270833 0.122222 0.303859
0 0.219792 0.356481 0.0416667 0.187037 0.306192
0 0.497396 0.32963 0.0260417 0.122222 0.315579
0 0.617188 0.315741 0.0197917 0.087037 0.320314
0 0.80625 0.552778 0.15 0.675926 0.3206
0 0.5875 0.344444 0.0291667 0.137037 0.320865
0 0.557813 0.326852 0.0260417 0.127778 0.330773
0 0.441146 0.316667 0.0239583 0.0888889 0.331674
0 0.5875 0.343519 0.0291667 0.135185 0.336903
24 0.970833 0.457407 0.0583333 0.277778 0.341096
0 0.617708 0.315741 0.01875 0.0907407 0.344403
0 0.469271 0.340741 0.0260417 0.137037 0.346842
0 0.586979 0.34537 0.028125 0.135185 0.351876
0 0.469271 0.339815 0.0302083 0.15 0.35297
0 0.568229 0.330556 0.0489583 0.127778 0.35326
0 0.617708 0.315741 0.01875 0.0907407 0.357845
0 0.558333 0.327778 0.0270833 0.12963 0.359617
0 0.219792 0.365741 0.0395833 0.201852 0.366702
0 0.474479 0.336111 0.0260417 0.135185 0.369678
0 0.475 0.336111 0.025 0.135185 0.37393
0 0.220313 0.365741 0.040625 0.201852 0.376459
0 0.572396 0.330556 0.046875 0.127778 0.378163
0 0.585938 0.34537 0.028125 0.135185 0.378458
0 0.469792 0.339815 0.0291667 0.15 0.381681
0 0.220313 0.364815 0.040625 0.2 0.38897
0 0.807292 0.551852 0.152083 0.67037 0.389758
0 0.221875 0.353704 0.0354167 0.188889 0.405928
0 0.221354 0.35463 0.0364583 0.190741 0.407028
0 0.221875 0.353704 0.0375 0.185185 0.407421
0 0.572917 0.330556 0.0479167 0.131481 0.408069
0 0.326562 0.347222 0.040625 0.183333 0.408496
0 0.469271 0.338889 0.0302083 0.148148 0.412995
0 0.326562 0.347222 0.040625 0.183333 0.417263
0 0.586458 0.348148 0.0291667 0.137037 0.422277
0 0.469271 0.342593 0.0260417 0.137037 0.427723
0 0.617708 0.316667 0.0208333 0.0962963 0.428742
0 0.617188 0.316667 0.0197917 0.0888889 0.438602
0 0.219792 0.355556 0.0395833 0.188889 0.442258
0 0.805208 0.539815 0.145833 0.642593 0.447178
0 0.586458 0.347222 0.0291667 0.135185 0.454296
0 0.936458 0.552778 0.127083 0.727778 0.460541
0 0.220313 0.355556 0.0385417 0.188889 0.464705
0 0.585938 0.34537 0.0260417 0.135185 0.4672
0 0.220313 0.355556 0.0385417 0.192593 0.468782
0 0.501562 0.32963 0.0197917 0.122222 0.484559
0 0.326562 0.352778 0.0447917 0.194444 0.489432
0 0.585938 0.347222 0.028125 0.135185 0.489481
0 0.502604 0.327778 0.0197917 0.125926 0.490683
0 0.80625 0.553704 0.145833 0.692593 0.492667
0 0.557813 0.327778 0.0260417 0.125926 0.494518
0 0.501042 0.330556 0.01875 0.12037 0.500495
0 0.801042 0.546296 0.1375 0.677778 0.501698
0 0.617708 0.313889 0.0208333 0.0907407 0.507659
0 0.80625 0.552778 0.145833 0.690741 0.513344
0 0.327083 0.352778 0.0395833 0.198148 0.515207
0 0.326562 0.352778 0.0447917 0.194444 0.515315
0 0.327083 0.352778 0.0395833 0.198148 0.515841
0 0.501042 0.330556 0.01875 0.12037 0.519733
0 0.327083 0.352778 0.0395833 0.198148 0.532302
0 0.617188 0.316667 0.0197917 0.0888889 0.535518
0 0.46875 0.342593 0.0291667 0.148148 0.536633
0 0.617188 0.317593 0.0197917 0.0907407 0.54209
0 0.469271 0.339815 0.0260417 0.15 0.546011
0 0.46875 0.339815 0.0270833 0.15 0.549971
0 0.502083 0.32963 0.0208333 0.122222 0.551941
0 0.585938 0.34537 0.028125 0.135185 0.554415
0 0.325521 0.351852 0.0427083 0.196296 0.560669
0 0.272396 0.316667 0.0197917 0.0814815 0.560984
0 0.617708 0.315741 0.0208333 0.0907407 0.562052
0 0.272396 0.315741 0.021875 0.0833333 0.568599
0 0.557813 0.327778 0.0239583 0.12963 0.572229
0 0.557813 0.325 0.0239583 0.124074 0.575144
0 0.271875 0.316667 0.0208333 0.0777778 0.57591
0 0.585938 0.34537 0.028125 0.135185 0.577132
0 0.271875 0.316667 0.0208333 0.0777778 0.578536
0 0.46875 0.339815 0.0270833 0.15 0.585607
0 0.586979 0.34537 0.028125 0.135185 0.585761
0 0.586979 0.346296 0.028125 0.137037 0.587482
0 0.557813 0.325 0.0239583 0.124074 0.594277
0 0.930729 0.561111 0.126042 0.692593 0.597638
0 0.469271 0.342593 0.028125 0.148148 0.597714
0 0.557813 0.325 0.0239583 0.124074 0.599476
0 0.617708 0.315741 0.0208333 0.0944444 0.6022
0 0.617708 0.315741 0.0208333 0.0944444 0.606251
0 0.326562 0.352778 0.0427083 0.198148 0.610076
0 0.327083 0.352778 0.0416667 0.190741 0.613835
0 0.271875 0.316667 0.0208333 0.0814815 0.616972
0 0.327083 0.351852 0.0416667 0.196296 0.627073
0 0.327083 0.352778 0.0416667 0.190741 0.629728
0 0.586458 0.344444 0.0291667 0.137037 0.63514
0 0.586458 0.34537 0.0291667 0.135185 0.639214
0 0.272396 0.315741 0.021875 0.0796296 0.639953
0 0.46875 0.341667 0.0270833 0.15 0.643024
0 0.271875 0.315741 0.0208333 0.0796296 0.644394
0 0.616667 0.316667 0.0208333 0.0962963 0.647042
0 0.586458 0.344444 0.0270833 0.137037 0.647096
0 0.586458 0.34537 0.0270833 0.138889 0.651288
0 0.557292 0.325 0.025 0.124074 0.654055
0 0.271875 0.315741 0.0208333 0.0833333 0.665685
0 0.271875 0.317593 0.0208333 0.0833333 0.666109
0 0.556771 0.324074 0.0239583 0.122222 0.670153
0 0.556771 0.324074 0.0239583 0.122222 0.671419
0 0.936458 0.558333 0.127083 0.727778 0.673399
0 0.272396 0.316667 0.021875 0.0814815 0.679093
0 0.272396 0.317593 0.021875 0.0833333 0.680427
0 0.586458 0.34537 0.0291667 0.135185 0.683338
0 0.326562 0.351852 0.040625 0.192593 0.69554
0 0.469271 0.340741 0.0260417 0.144444 0.697739
0 0.798958 0.55 0.1375 0.688889 0.70435
0 0.326562 0.352778 0.040625 0.194444 0.704871
0 0.558333 0.327778 0.025 0.125926 0.71144
0 0.469271 0.340741 0.0260417 0.144444 0.711486
0 0.271875 0.314815 0.0208333 0.0814815 0.712196
0 0.805208 0.552778 0.14375 0.672222 0.71527
0 0.326562 0.351852 0.040625 0.196296 0.718341
0 0.936458 0.557407 0.127083 0.718518 0.725096
0 0.469271 0.343519 0.0260417 0.146296 0.737017
0 0.469271 0.342593 0.0260417 0.144444 0.751638
0 0.804167 0.54537 0.145833 0.694444 0.753954
0 0.805208 0.543519 0.145833 0.683333 0.77555
0 0.935417 0.560185 0.129167 0.724074 0.796333
0 0.936979 0.558333 0.126042 0.72037 0.802529
0 0.935417 0.556481 0.129167 0.694444 0.805485
0 0.805208 0.551852 0.14375 0.67037 0.806132
0 0.935417 0.559259 0.129167 0.722222 0.812557
0 0.936979 0.556481 0.126042 0.716667 0.842597
0 0.805208 0.552778 0.141667 0.664815 0.878041
0 0.804688 0.551852 0.142708 0.666667 0.88581
