0 0.484896 0.366667 0.0239583 0.12963 0.251941
13 0.181771 0.492593 0.153125 0.159259 0.254444
0 0.468229 0.349074 0.015625 0.0833333 0.255755
13 0.179688 0.490741 0.151042 0.162963 0.256355
0 0.276563 0.340741 0.0260417 0.0814815 0.256756
0 0.201042 0.336111 0.0541667 0.135185 0.257736
0 0.952604 0.618519 0.0947917 0.659259 0.260178
13 0.181771 0.493519 0.153125 0.157407 0.26156
0 0.566667 0.371296 0.03125 0.138889 0.263488
0 0.949479 0.619444 0.0989583 0.709259 0.263861
0 0.00729167 0.327778 0.0145833 0.0777778 0.264307
0 0.484375 0.366667 0.0229167 0.12963 0.266302
13 0.18125 0.494444 0.154167 0.159259 0.268295
0 0.525521 0.346296 0.015625 0.0481481 0.27018
0 0.659375 0.356481 0.0166667 0.0944444 0.270706
0 0.484375 0.366667 0.0229167 0.12963 0.270773
0 0.485938 0.363889 0.021875 0.124074 0.271139
0 0.277083 0.340741 0.0270833 0.0814815 0.272638
0 0.277083 0.341667 0.0270833 0.0796296 0.274497
0 0.449479 0.366667 0.0260417 0.12963 0.275621
0 0.528646 0.35 0.015625 0.0444444 0.27598
0 0.528646 0.35 0.015625 0.0444444 0.277552
0 0.468229 0.349074 0.015625 0.0833333 0.27919
13 0.376563 0.541667 0.0927083 0.101852 0.286671
0 0.448958 0.367593 0.03125 0.131481 0.295662
0 0.448958 0.367593 0.0270833 0.131481 0.295799
0 0.448958 0.367593 0.0270833 0.131481 0.298592
13 0.425521 0.455556 0.0427083 0.0814815 0.299266
13 0.425521 0.455556 0.0427083 0.0814815 0.308298
13 0.423438 0.460185 0.0364583 0.0796296 0.312774
13 0.423958 0.460185 0.0375 0.0796296 0.319673
13 0.375 0.548148 0.09375 0.103704 0.321124
0 0.653646 0.363889 0.021875 0.0907407 0.321211
0 0.651042 0.359259 0.0208333 0.0925926 0.321246
13 0.427083 0.455556 0.04375 0.0814815 0.32154
0 0.485417 0.364815 0.0229167 0.12963 0.327559
13 0.426562 0.455556 0.0447917 0.0814815 0.329405
13 0.424479 0.460185 0.0385417 0.0796296 0.329504
13 0.372396 0.549074 0.0927083 0.101852 0.329568
0 0.485938 0.364815 0.021875 0.12963 0.330776
13 0.179688 0.494444 0.153125 0.162963 0.335775
0 0.449479 0.367593 0.028125 0.127778 0.345131
0 0.651042 0.359259 0.0208333 0.0925926 0.345909
0 0.449479 0.363889 0.028125 0.12037 0.349415
13 0.180208 0.49537 0.15 0.161111 0.352561
0 0.342187 0.405556 0.059375 0.311111 0.356166
0 0.199479 0.332407 0.0552083 0.15 0.358019
13 0.423958 0.459259 0.0375 0.0814815 0.361521
0 0.651042 0.360185 0.0208333 0.0907407 0.361822
0 0.294271 0.343519 0.0197917 0.0833333 0.362814
13 0.423958 0.459259 0.0375 0.0814815 0.366091
13 0.423958 0.459259 0.0395833 0.0814815 0.366306
0 0.29375 0.343519 0.0208333 0.0833333 0.367546
0 0.294792 0.343519 0.01875 0.0833333 0.367996
0 0.653646 0.362963 0.021875 0.0925926 0.368034
0 0.00885417 0.360185 0.0177083 0.142593 0.368728
0 0.199479 0.332407 0.0552083 0.15 0.368891
13 0.375521 0.540741 0.0989583 0.103704 0.371733
0 0.654167 0.363889 0.0208333 0.0907407 0.377261
0 0.199479 0.332407 0.0552083 0.15 0.377607
0 0.269792 0.339815 0.0166667 0.0796296 0.377669
0 0.294271 0.342593 0.0197917 0.0814815 0.380044
0 0.00729167 0.361111 0.0145833 0.133333 0.380808
0 0.197396 0.334259 0.0552083 0.153704 0.381741
0 0.29375 0.342593 0.0208333 0.0814815 0.381793
0 0.294792 0.342593 0.01875 0.0814815 0.385787
0 0.00885417 0.360185 0.0177083 0.142593 0.386608
13 0.373958 0.541667 0.0958333 0.105556 0.391598
13 0.374479 0.542593 0.0947917 0.103704 0.398454
0 0.483854 0.363889 0.021875 0.12037 0.399427
0 0.448958 0.363889 0.0270833 0.12037 0.400064
13 0.179688 0.494444 0.153125 0.159259 0.405873
0 0.270312 0.340741 0.0177083 0.0777778 0.409467
0 0.952083 0.612037 0.0958333 0.67963 0.409803
0 0.567187 0.373148 0.0322917 0.146296 0.410344
13 0.180208 0.494444 0.15 0.159259 0.410687
13 0.425 0.459259 0.0395833 0.0814815 0.410703
13 0.425 0.459259 0.0395833 0.0814815 0.416929
0 0.567708 0.373148 0.0333333 0.142593 0.417515
0 0.269271 0.341667 0.0177083 0.0796296 0.418187
0 0.269271 0.340741 0.0177083 0.0814815 0.418526
0 0.655208 0.357407 0.0208333 0.0925926 0.419773
13 0.374479 0.543519 0.0947917 0.101852 0.420331
0 0.26875 0.340741 0.0166667 0.0814815 0.421821
0 0.952083 0.612037 0.0958333 0.67963 0.422877
0 0.00833333 0.363889 0.0166667 0.146296 0.432668
0 0.201562 0.334259 0.0572917 0.15 0.433041
0 0.449479 0.363889 0.028125 0.12037 0.434085
13 0.373437 0.548148 0.0947917 0.103704 0.435557
0 0.567187 0.374074 0.034375 0.144444 0.437753
13 0.373958 0.543519 0.0958333 0.101852 0.438029
0 0.269271 0.341667 0.0177083 0.0796296 0.43968
0 0.00833333 0.363889 0.0166667 0.15 0.444949
0 0.201562 0.333333 0.0572917 0.151852 0.445244
0 0.654688 0.361111 0.021875 0.1 0.448053
0 0.269271 0.339815 0.0177083 0.0796296 0.448185
0 0.483854 0.364815 0.021875 0.125926 0.451029
0 0.655208 0.358333 0.0208333 0.0944444 0.452665
0 0.654688 0.358333 0.021875 0.0944444 0.453284
13 0.426042 0.458333 0.0416667 0.0833333 0.456335
0 0.269271 0.340741 0.0177083 0.0777778 0.458227
0 0.448438 0.364815 0.028125 0.122222 0.458273
13 0.375 0.547222 0.0979167 0.105556 0.458572
0 0.484375 0.367593 0.0229167 0.127778 0.45953
0 0.294792 0.342593 0.01875 0.0851852 0.460608
0 0.483854 0.364815 0.021875 0.125926 0.464653
13 0.426042 0.458333 0.0416667 0.0833333 0.465278
0 0.201562 0.333333 0.0572917 0.151852 0.468976
0 0.655208 0.360185 0.0208333 0.101852 0.46972
0 0.448438 0.366667 0.028125 0.125926 0.480236
13 0.372396 0.544444 0.096875 0.103704 0.484176
0 0.45 0.362963 0.0270833 0.114815 0.510743
13 0.372396 0.55 0.096875 0.103704 0.511243
0 0.484375 0.366667 0.0208333 0.12963 0.511446
0 0.202083 0.334259 0.0541667 0.153704 0.522005
13 0.373958 0.547222 0.09375 0.105556 0.522349
0 0.484375 0.365741 0.0208333 0.131481 0.523685
0 0.484375 0.365741 0.0208333 0.131481 0.527527
13 0.373958 0.546296 0.09375 0.103704 0.530234
0 0.484375 0.368519 0.0208333 0.12963 0.533838
0 0.448958 0.364815 0.025 0.12963 0.535197
0 0.447917 0.364815 0.0270833 0.122222 0.538628
0 0.00833333 0.361111 0.0166667 0.144444 0.540262
13 0.373958 0.546296 0.09375 0.103704 0.546387
0 0.566667 0.371296 0.0291667 0.15 0.54753
0 0.0078125 0.362037 0.015625 0.138889 0.548951
0 0.448958 0.364815 0.025 0.133333 0.549993
0 0.614062 0.377778 0.028125 0.144444 0.550707
0 0.653125 0.358333 0.0208333 0.101852 0.552501
0 0.45 0.362963 0.0270833 0.118519 0.557404
0 0.00833333 0.362037 0.0166667 0.15 0.559083
0 0.448958 0.366667 0.0270833 0.12963 0.559128
0 0.614062 0.378704 0.028125 0.146296 0.560941
0 0.449479 0.364815 0.0260417 0.133333 0.562548
0 0.45 0.362963 0.0270833 0.118519 0.562582
0 0.566146 0.37037 0.0302083 0.148148 0.563464
0 0.0078125 0.362037 0.015625 0.138889 0.564725
13 0.373437 0.546296 0.0947917 0.103704 0.574956
13 0.373437 0.546296 0.0947917 0.103704 0.581862
13 0.373437 0.54537 0.0947917 0.105556 0.582768
0 0.344271 0.406481 0.0552083 0.290741 0.595252
0 0.614062 0.376852 0.028125 0.142593 0.595434
0 0.946354 0.611111 0.107292 0.7 0.600048
0 0.946354 0.609259 0.107292 0.696296 0.611069
0 0.448438 0.364815 0.0260417 0.118519 0.612174
13 0.372917 0.542593 0.0958333 0.103704 0.614003
0 0.448958 0.362037 0.0270833 0.112963 0.619405
0 0.448438 0.366667 0.0260417 0.125926 0.628147
13 0.372917 0.542593 0.0958333 0.103704 0.629353
13 0.372917 0.542593 0.09375 0.103704 0.629652
0 0.344271 0.407407 0.0552083 0.292593 0.630812
0 0.344271 0.407407 0.0552083 0.292593 0.651228
0 0.448438 0.362963 0.0260417 0.114815 0.651895
0 0.566667 0.372222 0.03125 0.148148 0.654726
0 0.448438 0.362037 0.0260417 0.112963 0.670008
0 0.566667 0.373148 0.03125 0.146296 0.672213
0 0.34375 0.40463 0.05625 0.290741 0.673225
0 0.613021 0.380556 0.0302083 0.135185 0.678237
0 0.613021 0.380556 0.0302083 0.135185 0.697621
0 0.201042 0.335185 0.05625 0.155556 0.712282
13 0.373958 0.543519 0.0958333 0.105556 0.716028
0 0.200521 0.335185 0.0552083 0.155556 0.728743
0 0.566667 0.372222 0.03125 0.148148 0.745234
0 0.566667 0.373148 0.03125 0.15 0.745735
0 0.343229 0.409259 0.0572917 0.3 0.753152
0 0.2 0.334259 0.05625 0.153704 0.76015
0 0.200521 0.334259 0.0552083 0.153704 0.761528
0 0.199479 0.334259 0.0552083 0.153704 0.763769
0 0.566667 0.373148 0.03125 0.142593 0.769172
0 0.566667 0.373148 0.03125 0.15 0.770929
0 0.566667 0.37037 0.03125 0.148148 0.775132
0 0.567187 0.372222 0.0302083 0.144444 0.780178
0 0.200521 0.334259 0.0552083 0.153704 0.781171
0 0.343229 0.410185 0.0572917 0.298148 0.782178
0 0.342708 0.407407 0.05625 0.296296 0.788723
0 0.566667 0.371296 0.03125 0.146296 0.788803
0 0.34375 0.406481 0.05625 0.290741 0.796482
0 0.613021 0.378704 0.0302083 0.138889 0.796918
0 0.2 0.334259 0.0541667 0.153704 0.799
0 0.200521 0.334259 0.0552083 0.153704 0.801023
0 0.566667 0.372222 0.03125 0.144444 0.801059
0 0.34375 0.407407 0.05625 0.292593 0.8029
0 0.200521 0.335185 0.0552083 0.155556 0.804234
0 0.613021 0.378704 0.0302083 0.138889 0.804294
0 0.613021 0.37963 0.0302083 0.140741 0.805124
0 0.200521 0.334259 0.0552083 0.157407 0.805147
0 0.34375 0.407407 0.05625 0.296296 0.806417
0 0.2 0.334259 0.05625 0.153704 0.808864
0 0.613021 0.378704 0.0302083 0.138889 0.813266
0 0.613021 0.378704 0.0302083 0.138889 0.820443
0 0.34375 0.406481 0.05625 0.290741 0.827038
0 0.34375 0.408333 0.05625 0.290741 0.82743
0 0.200521 0.334259 0.0552083 0.153704 0.827875
0 0.613021 0.37963 0.0302083 0.137037 0.830784
0 0.344271 0.408333 0.0552083 0.290741 0.836174
0 0.34375 0.407407 0.05625 0.288889 0.840515
0 0.613021 0.380556 0.0302083 0.138889 0.854397
0 0.6125 0.380556 0.0291667 0.138889 0.85793
0 0.613021 0.37963 0.0302083 0.137037 0.858065
0 0.613021 0.37963 0.0302083 0.137037 0.858427
0 0.951042 0.619444 0.0958333 0.694444 0.892991
0 0.944792 0.613889 0.110417 0.690741 0.899549
0 0.945312 0.612037 0.109375 0.690741 0.905026
0 0.952083 0.618519 0.0958333 0.685185 0.908247
0 0.945833 0.612963 0.108333 0.688889 0.913253
0 0.945833 0.612963 0.108333 0.688889 0.919318
