0 0.153125 0.326852 0.0479167 0.175926 0.251122
28 0.339063 0.499074 0.107292 0.101852 0.253064
0 0.440104 0.316667 0.034375 0.192593 0.253471
0 0.483333 0.307407 0.0291667 0.133333 0.253607
0 0.433333 0.312037 0.0520833 0.190741 0.254375
28 0.338542 0.5 0.104167 0.1 0.254392
0 0.0177083 0.272222 0.0145833 0.0666667 0.25478
0 0.3875 0.305556 0.0229167 0.125926 0.257718
0 0.547917 0.301852 0.025 0.133333 0.258983
0 0.95625 0.523148 0.0875 0.646296 0.259303
0 0.133854 0.305556 0.028125 0.12963 0.264274
0 0.957292 0.538889 0.0854167 0.651852 0.265424
28 0.338021 0.500926 0.107292 0.101852 0.26629
0 0.439583 0.317593 0.0375 0.194444 0.270361
28 0.338021 0.500926 0.107292 0.101852 0.27656
0 0.133333 0.310185 0.0270833 0.135185 0.277224
0 0.0640625 0.302778 0.0239583 0.131481 0.277906
28 0.338021 0.5 0.105208 0.1 0.280701
0 0.956771 0.526852 0.0864583 0.65 0.281219
28 0.336979 0.499074 0.115625 0.101852 0.286379
28 0.338021 0.5 0.113542 0.103704 0.286605
0 0.4375 0.317593 0.0354167 0.194444 0.289535
0 0.155208 0.327778 0.0458333 0.177778 0.291362
0 0.484375 0.303704 0.0270833 0.125926 0.295322
0 0.0348958 0.276852 0.015625 0.087037 0.297421
0 0.611458 0.292593 0.0270833 0.103704 0.299167
0 0.436979 0.316667 0.034375 0.192593 0.306332
0 0.251042 0.271296 0.0333333 0.12037 0.307443
0 0.160938 0.322222 0.0364583 0.185185 0.308049
0 0.385417 0.298148 0.0208333 0.122222 0.308557
0 0.831771 0.52963 0.117708 0.674074 0.308558
0 0.0348958 0.274074 0.015625 0.0814815 0.314817
0 0.0645833 0.3 0.025 0.12963 0.315197
0 0.155208 0.327778 0.0458333 0.181481 0.315746
0 0.161458 0.322222 0.0354167 0.181481 0.320638
0 0.161458 0.330556 0.0333333 0.201852 0.321344
0 0.161458 0.331481 0.0333333 0.203704 0.322876
0 0.482812 0.307407 0.028125 0.137037 0.323165
0 0.0322917 0.273148 0.0166667 0.0833333 0.326776
0 0.0348958 0.276852 0.0135417 0.0833333 0.331011
0 0.0182292 0.273148 0.015625 0.0685185 0.332704
0 0.3875 0.294444 0.0208333 0.114815 0.333174
0 0.065625 0.29537 0.0229167 0.124074 0.338644
0 0.034375 0.274074 0.0145833 0.0777778 0.339462
0 0.0348958 0.273148 0.015625 0.0796296 0.340391
0 0.311458 0.275926 0.0270833 0.0740741 0.341867
0 0.548437 0.296296 0.028125 0.12963 0.346773
0 0.483333 0.30463 0.025 0.127778 0.347575
0 0.310937 0.275926 0.021875 0.0703704 0.348802
0 0.01875 0.272222 0.0145833 0.0666667 0.35161
0 0.133333 0.292593 0.025 0.1 0.353236
0 0.0630208 0.301852 0.0260417 0.125926 0.358454
0 0.253125 0.275 0.03125 0.109259 0.359325
0 0.131771 0.297222 0.0260417 0.101852 0.360928
0 0.311458 0.275926 0.0270833 0.0740741 0.361176
0 0.0354167 0.276852 0.0145833 0.0833333 0.361309
0 0.831771 0.517593 0.119792 0.668519 0.361456
0 0.588021 0.318519 0.0302083 0.12963 0.363904
0 0.251042 0.271296 0.0333333 0.12037 0.364873
0 0.0635417 0.301852 0.0270833 0.125926 0.372844
0 0.0630208 0.301852 0.0260417 0.125926 0.372973
0 0.588021 0.319444 0.0302083 0.131481 0.376956
0 0.251042 0.271296 0.0333333 0.12037 0.377854
0 0.386979 0.300926 0.0239583 0.124074 0.379041
0 0.131771 0.297222 0.0260417 0.101852 0.382314
0 0.131771 0.29537 0.0239583 0.105556 0.384505
0 0.311458 0.278704 0.0229167 0.0685185 0.387347
0 0.311979 0.274074 0.0260417 0.0740741 0.389336
0 0.614583 0.292593 0.0208333 0.0851852 0.392938
0 0.253125 0.275 0.03125 0.112963 0.393399
0 0.311979 0.273148 0.0260417 0.0722222 0.394678
0 0.133333 0.298148 0.025 0.111111 0.39484
0 0.483333 0.306481 0.0270833 0.135185 0.395011
0 0.588021 0.318519 0.0302083 0.12963 0.395416
0 0.311458 0.278704 0.025 0.0685185 0.395628
0 0.253125 0.275 0.03125 0.112963 0.395639
0 0.311979 0.273148 0.0260417 0.0722222 0.396794
0 0.131771 0.296296 0.0260417 0.1 0.397782
0 0.310937 0.277778 0.0239583 0.0666667 0.400612
0 0.548958 0.296296 0.0270833 0.12963 0.402689
0 0.388021 0.3 0.021875 0.125926 0.406566
0 0.386979 0.300926 0.0239583 0.124074 0.418286
0 0.386979 0.300926 0.0239583 0.124074 0.419662
0 0.483854 0.30463 0.0260417 0.124074 0.420142
0 0.548958 0.301852 0.0291667 0.122222 0.420889
0 0.549479 0.301852 0.028125 0.125926 0.435562
0 0.614583 0.291667 0.0208333 0.087037 0.436861
0 0.388021 0.3 0.021875 0.125926 0.439447
0 0.0651042 0.296296 0.0239583 0.122222 0.441411
0 0.548437 0.301852 0.028125 0.125926 0.444693
0 0.252604 0.271296 0.0322917 0.12037 0.448308
0 0.132292 0.29537 0.0229167 0.101852 0.449575
0 0.0651042 0.296296 0.0239583 0.125926 0.450017
0 0.0651042 0.296296 0.0239583 0.125926 0.453284
0 0.388021 0.299074 0.021875 0.127778 0.454191
0 0.159375 0.325 0.0395833 0.183333 0.456957
0 0.132292 0.294444 0.0229167 0.103704 0.457516
0 0.614583 0.292593 0.0208333 0.0851852 0.458138
0 0.586979 0.318519 0.0302083 0.12963 0.458321
0 0.252083 0.271296 0.0333333 0.12037 0.462831
0 0.548437 0.3 0.028125 0.12963 0.470925
0 0.132812 0.294444 0.0239583 0.103704 0.470953
0 0.160417 0.327778 0.0375 0.196296 0.475276
0 0.386979 0.297222 0.0197917 0.116667 0.476644
0 0.252083 0.271296 0.0333333 0.12037 0.477754
0 0.586979 0.319444 0.0302083 0.131481 0.479532
0 0.548958 0.297222 0.0291667 0.124074 0.484601
0 0.253125 0.272222 0.03125 0.118519 0.487549
0 0.159896 0.326852 0.0364583 0.194444 0.489498
0 0.252604 0.27037 0.0302083 0.122222 0.48964
0 0.3875 0.297222 0.0208333 0.116667 0.492215
0 0.388021 0.297222 0.0197917 0.116667 0.494186
0 0.159375 0.325 0.0395833 0.183333 0.498286
0 0.548437 0.3 0.028125 0.12963 0.501678
0 0.548958 0.298148 0.0291667 0.125926 0.504054
0 0.586979 0.318519 0.0302083 0.12963 0.504094
0 0.388021 0.298148 0.0197917 0.118519 0.505077
0 0.386979 0.297222 0.0197917 0.116667 0.50762
0 0.253125 0.271296 0.03125 0.12037 0.509981
0 0.310417 0.277778 0.025 0.0703704 0.511837
0 0.253125 0.272222 0.03125 0.118519 0.512013
0 0.253125 0.271296 0.03125 0.12037 0.512485
0 0.310937 0.277778 0.0239583 0.0703704 0.513441
0 0.252604 0.271296 0.0322917 0.12037 0.516395
0 0.252604 0.271296 0.0322917 0.12037 0.517497
0 0.548437 0.297222 0.028125 0.124074 0.518089
0 0.253125 0.272222 0.03125 0.118519 0.518655
0 0.310417 0.277778 0.025 0.0703704 0.520185
0 0.388021 0.298148 0.0197917 0.118519 0.521786
0 0.548437 0.3 0.0260417 0.12963 0.524189
0 0.310417 0.277778 0.025 0.0703704 0.525305
0 0.310417 0.277778 0.025 0.0703704 0.525384
0 0.0651042 0.3 0.021875 0.12963 0.52834
0 0.3875 0.301852 0.0208333 0.122222 0.529815
0 0.159375 0.325 0.0395833 0.183333 0.531169
0 0.310417 0.277778 0.025 0.0703704 0.532244
0 0.6125 0.293519 0.025 0.101852 0.532421
0 0.252604 0.271296 0.0322917 0.12037 0.535599
0 0.548437 0.297222 0.0260417 0.127778 0.543434
0 0.159896 0.325 0.040625 0.183333 0.553096
0 0.614062 0.289815 0.021875 0.0907407 0.556008
0 0.833333 0.523148 0.120833 0.642593 0.563324
0 0.832812 0.521296 0.121875 0.65 0.568915
0 0.160417 0.325 0.0395833 0.183333 0.576315
0 0.065625 0.299074 0.0229167 0.127778 0.590322
0 0.95625 0.52037 0.0875 0.681481 0.592967
0 0.065625 0.299074 0.0229167 0.127778 0.593271
0 0.159896 0.325 0.040625 0.183333 0.597588
0 0.310937 0.275 0.0239583 0.0722222 0.597879
0 0.065625 0.299074 0.0229167 0.127778 0.602976
0 0.614062 0.290741 0.021875 0.0925926 0.603044
0 0.586979 0.316667 0.0302083 0.133333 0.608926
0 0.0645833 0.299074 0.0229167 0.127778 0.609616
0 0.310937 0.275 0.0239583 0.0722222 0.616061
0 0.614062 0.290741 0.021875 0.0925926 0.617497
0 0.0651042 0.298148 0.021875 0.125926 0.618891
0 0.0651042 0.299074 0.021875 0.124074 0.625151
0 0.0651042 0.299074 0.021875 0.124074 0.625521
0 0.547917 0.298148 0.0270833 0.133333 0.631724
0 0.484375 0.303704 0.025 0.125926 0.636923
0 0.614062 0.290741 0.021875 0.0962963 0.637116
0 0.957292 0.535185 0.0854167 0.688889 0.640557
0 0.484375 0.303704 0.025 0.12963 0.642476
0 0.483854 0.303704 0.0239583 0.125926 0.642487
0 0.588021 0.315741 0.0302083 0.127778 0.664724
0 0.614062 0.289815 0.021875 0.0944444 0.669666
0 0.614062 0.289815 0.021875 0.0944444 0.670039
0 0.484375 0.30463 0.025 0.124074 0.676245
0 0.4375 0.315741 0.0354167 0.183333 0.678085
0 0.4375 0.314815 0.0354167 0.188889 0.689449
0 0.547917 0.299074 0.0270833 0.131481 0.693443
0 0.957292 0.525 0.0854167 0.698148 0.699815
0 0.614062 0.289815 0.021875 0.0944444 0.699945
0 0.484375 0.30463 0.025 0.124074 0.707442
0 0.614062 0.289815 0.021875 0.0944444 0.708117
0 0.484375 0.30463 0.025 0.124074 0.713357
0 0.4375 0.315741 0.0354167 0.187037 0.718619
0 0.4375 0.315741 0.0354167 0.183333 0.721908
0 0.5875 0.314815 0.0291667 0.137037 0.722101
0 0.5875 0.314815 0.0291667 0.137037 0.722313
0 0.438021 0.314815 0.034375 0.185185 0.723201
0 0.548437 0.299074 0.0260417 0.127778 0.727531
0 0.483854 0.30463 0.021875 0.127778 0.730353
0 0.547396 0.299074 0.0260417 0.131481 0.732663
0 0.438021 0.314815 0.034375 0.185185 0.734231
0 0.4375 0.315741 0.0354167 0.190741 0.737153
0 0.588021 0.315741 0.0302083 0.131481 0.738804
0 0.547396 0.299074 0.0260417 0.131481 0.743369
0 0.588021 0.315741 0.0302083 0.131481 0.750487
0 0.831771 0.523148 0.123958 0.672222 0.751269
0 0.483854 0.30463 0.0239583 0.124074 0.751787
0 0.5875 0.314815 0.0291667 0.137037 0.754316
0 0.957292 0.525 0.0854167 0.694444 0.756233
0 0.4375 0.315741 0.0354167 0.183333 0.760438
0 0.547396 0.299074 0.0260417 0.127778 0.761089
0 0.832292 0.522222 0.120833 0.67037 0.768803
0 0.484375 0.303704 0.0229167 0.12963 0.770303
0 0.547917 0.299074 0.0270833 0.131481 0.771805
0 0.586979 0.316667 0.0302083 0.133333 0.772405
0 0.484375 0.303704 0.0229167 0.12963 0.774197
0 0.547396 0.3 0.0260417 0.12963 0.776145
0 0.436979 0.316667 0.034375 0.188889 0.776721
0 0.484375 0.303704 0.0229167 0.12963 0.779118
0 0.436979 0.316667 0.034375 0.188889 0.784786
0 0.586458 0.316667 0.0291667 0.133333 0.786109
0 0.547396 0.299074 0.0260417 0.127778 0.788339
0 0.5875 0.317593 0.0291667 0.135185 0.7885
0 0.956771 0.52963 0.0864583 0.714815 0.788759
0 0.5875 0.316667 0.0291667 0.133333 0.789599
0 0.831771 0.521296 0.123958 0.668519 0.803388
0 0.956771 0.525926 0.0864583 0.681481 0.806689
0 0.5875 0.316667 0.0291667 0.137037 0.81627
0 0.95625 0.527778 0.0875 0.714815 0.830585
0 0.832812 0.524074 0.119792 0.662963 0.830804
0 0.956771 0.52963 0.0864583 0.714815 0.835494
0 0.831771 0.523148 0.119792 0.668519 0.858723
0 0.956771 0.525 0.0864583 0.716667 0.870899
0 0.831771 0.525 0.121875 0.675926 0.905396
0 0.832292 0.525926 0.120833 0.674074 0.908742
0 0.832812 0.519444 0.121875 0.668519 0.930697
