0 0.497917 0.392593 0.03125 0.103704 0.250412
0 0.983333 0.556481 0.0333333 0.524074 0.252663
0 0.333333 0.347222 0.0166667 0.0648148 0.258659
0 0.507812 0.389815 0.0489583 0.105556 0.25957
0 0.980208 0.536111 0.0395833 0.55 0.261902
0 0.521354 0.388889 0.0239583 0.111111 0.265548
0 0.979167 0.537037 0.0416667 0.562963 0.266038
0 0.497917 0.386111 0.0291667 0.109259 0.269241
0 0.520312 0.396296 0.028125 0.0962963 0.27682
0 0.508854 0.389815 0.0489583 0.105556 0.276997
0 0.691146 0.380556 0.0322917 0.146296 0.278191
0 0.500521 0.393519 0.0322917 0.101852 0.278906
0 0.520312 0.396296 0.028125 0.1 0.278998
0 0.691146 0.380556 0.0322917 0.15 0.282747
0 0.522917 0.391667 0.0291667 0.109259 0.285
0 0.934896 0.515741 0.123958 0.605556 0.28711
0 0.497917 0.387037 0.0291667 0.107407 0.287392
0 0.05 0.367593 0.025 0.109259 0.289761
0 0.521875 0.389815 0.025 0.109259 0.290369
0 0.498437 0.387037 0.0302083 0.107407 0.293342
0 0.500521 0.392593 0.0322917 0.103704 0.294014
0 0.936979 0.513889 0.126042 0.605556 0.296385
0 0.614062 0.378704 0.0302083 0.135185 0.299872
0 0.521354 0.389815 0.0239583 0.109259 0.300187
0 0.611458 0.378704 0.025 0.135185 0.300214
0 0.0479167 0.362963 0.025 0.111111 0.306495
0 0.500521 0.392593 0.0322917 0.103704 0.306652
0 0.507812 0.390741 0.0489583 0.107407 0.308298
0 0.05 0.367593 0.025 0.109259 0.310882
0 0.0484375 0.363889 0.028125 0.109259 0.314584
0 0.05 0.367593 0.025 0.109259 0.317332
0 0.502083 0.387037 0.0291667 0.111111 0.319952
0 0.0203125 0.363889 0.0177083 0.0981481 0.320136
0 0.614062 0.37963 0.028125 0.133333 0.320642
0 0.451042 0.387037 0.0270833 0.159259 0.320803
0 0.451042 0.387963 0.0270833 0.157407 0.321239
0 0.613542 0.377778 0.0291667 0.133333 0.32306
0 0.05 0.366667 0.025 0.107407 0.325412
0 0.0203125 0.363889 0.0177083 0.0981481 0.330358
0 0.0203125 0.363889 0.0177083 0.0981481 0.330991
0 0.552083 0.351852 0.0166667 0.0703704 0.342465
0 0.986458 0.557407 0.0270833 0.503704 0.34821
0 0.502083 0.387963 0.0291667 0.112963 0.348238
0 0.523438 0.391667 0.028125 0.105556 0.348564
0 0.552604 0.352778 0.015625 0.0685185 0.350011
0 0.502083 0.387963 0.0291667 0.112963 0.350582
0 0.498958 0.389815 0.03125 0.109259 0.361904
0 0.0489583 0.362963 0.0270833 0.107407 0.364525
0 0.410937 0.381481 0.0302083 0.166667 0.370815
0 0.498958 0.389815 0.0291667 0.109259 0.377507
0 0.410937 0.381481 0.0302083 0.166667 0.379858
0 0.611979 0.378704 0.0239583 0.131481 0.381686
0 0.921875 0.508333 0.104167 0.590741 0.382822
0 0.552604 0.352778 0.015625 0.0685185 0.390381
0 0.921354 0.508333 0.103125 0.594444 0.39545
0 0.0463542 0.362963 0.028125 0.107407 0.434507
0 0.498958 0.388889 0.03125 0.111111 0.438737
0 0.552604 0.357407 0.0177083 0.0740741 0.447699
0 0.552604 0.355556 0.015625 0.0740741 0.452012
0 0.553125 0.356481 0.0166667 0.0722222 0.452799
0 0.552083 0.355556 0.0166667 0.0703704 0.500086
0 0.0484375 0.365741 0.0239583 0.105556 0.502193
0 0.553125 0.353704 0.0166667 0.0703704 0.50766
0 0.691667 0.377778 0.03125 0.148148 0.510651
0 0.452604 0.384259 0.0302083 0.157407 0.516285
0 0.021875 0.365741 0.0166667 0.0944444 0.519384
0 0.0484375 0.362963 0.0239583 0.111111 0.520898
0 0.924479 0.502778 0.105208 0.587037 0.522982
0 0.553646 0.353704 0.0177083 0.0666667 0.526964
0 0.691146 0.376852 0.0302083 0.146296 0.529386
0 0.452083 0.384259 0.03125 0.157407 0.52979
0 0.0213542 0.365741 0.0177083 0.0944444 0.534999
0 0.0484375 0.362963 0.0239583 0.107407 0.535301
0 0.6125 0.37963 0.0270833 0.12963 0.536255
0 0.6125 0.380556 0.0270833 0.127778 0.536754
0 0.0484375 0.362963 0.0239583 0.107407 0.546639
0 0.021875 0.365741 0.0166667 0.0981481 0.560238
0 0.611458 0.37963 0.0229167 0.133333 0.560889
0 0.0479167 0.364815 0.025 0.103704 0.564089
0 0.552604 0.353704 0.015625 0.0703704 0.564665
0 0.0473958 0.364815 0.0239583 0.107407 0.566478
0 0.0223958 0.365741 0.0177083 0.0981481 0.568911
0 0.927604 0.497222 0.107292 0.609259 0.569301
0 0.0213542 0.366667 0.0177083 0.0962963 0.57276
0 0.0484375 0.362963 0.0239583 0.111111 0.574153
0 0.0213542 0.366667 0.0177083 0.0962963 0.575411
0 0.922396 0.500926 0.103125 0.572222 0.582191
0 0.452083 0.383333 0.03125 0.155556 0.5831
0 0.552604 0.353704 0.015625 0.0703704 0.592092
0 0.922917 0.501852 0.104167 0.588889 0.594462
0 0.0479167 0.363889 0.0229167 0.109259 0.598907
0 0.0484375 0.363889 0.0239583 0.105556 0.60429
0 0.451042 0.386111 0.0291667 0.157407 0.608637
0 0.0484375 0.363889 0.0239583 0.105556 0.609749
0 0.410937 0.381481 0.034375 0.162963 0.609791
0 0.552604 0.353704 0.015625 0.0703704 0.610416
0 0.0208333 0.365741 0.01875 0.0981481 0.615207
0 0.0479167 0.364815 0.0229167 0.107407 0.622144
0 0.611979 0.378704 0.0260417 0.131481 0.626913
0 0.410937 0.380556 0.034375 0.164815 0.637833
0 0.451042 0.385185 0.0291667 0.155556 0.638364
0 0.927604 0.500926 0.107292 0.590741 0.641194
0 0.451042 0.385185 0.0291667 0.155556 0.64445
0 0.410937 0.381481 0.034375 0.162963 0.645389
0 0.6125 0.381481 0.0270833 0.12963 0.651849
0 0.691146 0.380556 0.0322917 0.142593 0.658611
0 0.0208333 0.364815 0.01875 0.0962963 0.666915
0 0.924479 0.502778 0.105208 0.590741 0.677977
0 0.451562 0.386111 0.0302083 0.161111 0.692612
0 0.613021 0.37963 0.0260417 0.12963 0.693089
0 0.691667 0.37963 0.03125 0.144444 0.694471
0 0.451562 0.387037 0.0302083 0.159259 0.696879
0 0.611979 0.37963 0.0260417 0.133333 0.69782
0 0.411979 0.380556 0.034375 0.161111 0.707819
0 0.691146 0.37963 0.0322917 0.144444 0.709476
0 0.691667 0.37963 0.03125 0.144444 0.71545
0 0.451562 0.383333 0.028125 0.155556 0.72144
0 0.451562 0.383333 0.028125 0.155556 0.73092
0 0.451562 0.385185 0.0302083 0.159259 0.731607
0 0.411979 0.380556 0.034375 0.161111 0.73538
0 0.691146 0.378704 0.0322917 0.146296 0.745882
0 0.690625 0.377778 0.03125 0.148148 0.746285
0 0.926562 0.512963 0.111458 0.603704 0.746716
0 0.691146 0.377778 0.0322917 0.148148 0.751421
0 0.691146 0.378704 0.0322917 0.146296 0.755321
0 0.691667 0.37963 0.03125 0.144444 0.759735
0 0.452083 0.384259 0.0291667 0.157407 0.760511
0 0.691146 0.378704 0.0322917 0.146296 0.761371
0 0.927083 0.512963 0.110417 0.603704 0.763161
0 0.6125 0.380556 0.025 0.127778 0.764202
0 0.691146 0.380556 0.0322917 0.142593 0.764663
0 0.451562 0.385185 0.0302083 0.159259 0.770527
0 0.411979 0.380556 0.034375 0.161111 0.77075
0 0.613021 0.37963 0.0260417 0.12963 0.773927
0 0.613021 0.37963 0.0260417 0.12963 0.774063
0 0.6125 0.37963 0.025 0.12963 0.791034
0 0.926042 0.510185 0.108333 0.605556 0.793928
0 0.451562 0.385185 0.028125 0.155556 0.795021
0 0.411458 0.381481 0.0333333 0.162963 0.79573
0 0.451562 0.385185 0.028125 0.155556 0.796984
0 0.411458 0.382407 0.0333333 0.164815 0.809598
0 0.411458 0.380556 0.0354167 0.161111 0.815897
0 0.411458 0.380556 0.0354167 0.164815 0.817349
0 0.611979 0.37963 0.0260417 0.133333 0.819403
0 0.926042 0.509259 0.110417 0.603704 0.823549
0 0.411979 0.382407 0.034375 0.164815 0.824241
0 0.611979 0.37963 0.0260417 0.133333 0.828298
0 0.923958 0.506481 0.108333 0.594444 0.830065
0 0.410417 0.378704 0.0333333 0.161111 0.840191
0 0.923958 0.506481 0.108333 0.594444 0.84251
0 0.410937 0.377778 0.0322917 0.162963 0.845364
