13 0.0953125 0.87037 0.180208 0.240741 0.252045
0 0.557813 0.326852 0.015625 0.05 0.252894
13 0.0953125 0.856481 0.180208 0.201852 0.256522
0 0.463542 0.343519 0.0291667 0.124074 0.260625
0 0.501042 0.350926 0.0291667 0.135185 0.269105
0 0.632812 0.357407 0.028125 0.133333 0.270283
0 0.55625 0.324074 0.0166667 0.0518519 0.273659
13 0.0963542 0.874074 0.190625 0.240741 0.274305
0 0.296354 0.336111 0.0260417 0.0833333 0.276011
0 0.346875 0.299074 0.0125 0.0537037 0.283906
0 0.55625 0.325 0.0166667 0.0537037 0.28864
0 0.55625 0.324074 0.0166667 0.0518519 0.288999
0 0.480208 0.335185 0.0145833 0.0851852 0.289652
0 0.503125 0.348148 0.0270833 0.140741 0.292692
0 0.172917 0.452778 0.11875 0.475926 0.294324
0 0.501562 0.350926 0.028125 0.135185 0.294993
0 0.346875 0.299074 0.0125 0.0537037 0.295347
0 0.55625 0.325 0.0166667 0.05 0.301075
0 0.502604 0.348148 0.028125 0.140741 0.30147
0 0.296354 0.335185 0.0260417 0.0814815 0.302937
0 0.296354 0.336111 0.0260417 0.0833333 0.303052
0 0.978125 0.598148 0.04375 0.174074 0.303072
0 0.978125 0.598148 0.04375 0.174074 0.305369
0 0.498958 0.350926 0.0291667 0.135185 0.305801
0 0.172396 0.452778 0.117708 0.475926 0.309486
0 0.463021 0.343519 0.0302083 0.131481 0.311663
0 0.463542 0.343519 0.0291667 0.131481 0.313909
0 0.184375 0.44537 0.13125 0.472222 0.319393
13 0.0927083 0.87037 0.179167 0.240741 0.328844
0 0.323438 0.316667 0.0197917 0.0777778 0.329285
0 0.498437 0.351852 0.028125 0.133333 0.340497
0 0.226042 0.375926 0.05 0.281481 0.343546
0 0.556771 0.325 0.0177083 0.05 0.345596
0 0.296875 0.331481 0.0291667 0.0925926 0.345948
0 0.296354 0.330556 0.028125 0.0944444 0.349628
0 0.347396 0.297222 0.0114583 0.05 0.353578
0 0.980208 0.594444 0.0395833 0.181481 0.354561
0 0.346875 0.298148 0.0125 0.0481481 0.356606
13 0.0963542 0.873148 0.190625 0.235185 0.357069
0 0.226042 0.376852 0.05 0.27963 0.357592
0 0.178646 0.45 0.128125 0.481481 0.357855
0 0.632292 0.358333 0.0270833 0.138889 0.358033
0 0.556771 0.325 0.015625 0.05 0.358168
0 0.980208 0.593518 0.0395833 0.183333 0.358351
0 0.55625 0.325926 0.0166667 0.0518519 0.361597
0 0.632812 0.357407 0.028125 0.140741 0.36579
0 0.226042 0.376852 0.05 0.27963 0.366255
0 0.556771 0.325 0.015625 0.05 0.36634
0 0.183333 0.432407 0.122917 0.442593 0.371229
13 0.096875 0.873148 0.191667 0.235185 0.372545
0 0.323438 0.313889 0.021875 0.0685185 0.388582
13 0.0963542 0.856481 0.184375 0.205556 0.391921
13 0.0963542 0.857407 0.186458 0.207407 0.392292
0 0.323438 0.312963 0.021875 0.0703704 0.400547
0 0.296354 0.331481 0.028125 0.0925926 0.408221
13 0.0958333 0.867593 0.189583 0.231481 0.408731
0 0.500521 0.35 0.028125 0.133333 0.411848
0 0.498958 0.349074 0.0291667 0.131481 0.413252
0 0.222396 0.378704 0.053125 0.290741 0.419016
13 0.0958333 0.866667 0.189583 0.22963 0.420723
0 0.323438 0.313889 0.021875 0.0685185 0.422851
13 0.0953125 0.869444 0.186458 0.238889 0.424908
13 0.0958333 0.869444 0.185417 0.238889 0.425299
0 0.222396 0.378704 0.053125 0.290741 0.426809
13 0.0963542 0.87037 0.190625 0.233333 0.428678
0 0.222396 0.37963 0.053125 0.288889 0.43511
0 0.296354 0.328704 0.0260417 0.087037 0.436416
13 0.0963542 0.87037 0.190625 0.233333 0.43932
0 0.497917 0.350926 0.0270833 0.131481 0.447294
0 0.175521 0.460185 0.119792 0.475926 0.450435
0 0.460938 0.349074 0.0260417 0.131481 0.455867
0 0.296875 0.32963 0.0270833 0.0851852 0.457663
0 0.175 0.460185 0.11875 0.47963 0.461295
0 0.296354 0.331481 0.028125 0.0888889 0.465496
0 0.499479 0.350926 0.0302083 0.131481 0.466381
0 0.296875 0.32963 0.0270833 0.0851852 0.467115
0 0.613021 0.356481 0.046875 0.161111 0.469665
13 0.09375 0.87037 0.183333 0.240741 0.475792
0 0.5 0.351852 0.0291667 0.133333 0.482706
0 0.321875 0.32037 0.0229167 0.0814815 0.483642
13 0.09375 0.87037 0.183333 0.240741 0.487444
0 0.297396 0.331481 0.028125 0.0925926 0.487763
0 0.220313 0.389815 0.059375 0.316667 0.48987
0 0.978125 0.597222 0.04375 0.175926 0.510532
0 0.5 0.35 0.0291667 0.133333 0.516859
0 0.978125 0.598148 0.04375 0.174074 0.521057
0 0.296875 0.332407 0.0270833 0.0907407 0.522152
0 0.296875 0.332407 0.0270833 0.0944444 0.522154
0 0.611979 0.355556 0.046875 0.162963 0.52431
0 0.176563 0.453704 0.123958 0.47037 0.526441
0 0.176563 0.462037 0.123958 0.483333 0.539811
0 0.460417 0.346296 0.0291667 0.133333 0.542953
0 0.460417 0.347222 0.0270833 0.135185 0.548258
0 0.611979 0.355556 0.046875 0.162963 0.557538
0 0.978125 0.599074 0.04375 0.175926 0.557783
0 0.322917 0.322222 0.0208333 0.0814815 0.565968
0 0.460417 0.349074 0.0270833 0.138889 0.566376
0 0.460417 0.349074 0.0270833 0.138889 0.570202
0 0.978646 0.599074 0.0427083 0.175926 0.570924
0 0.978125 0.599074 0.04375 0.17963 0.574545
0 0.977604 0.599074 0.0447917 0.175926 0.575208
0 0.978125 0.599074 0.04375 0.175926 0.582124
0 0.498437 0.35 0.0302083 0.133333 0.583816
0 0.978646 0.6 0.0427083 0.177778 0.585181
0 0.977604 0.598148 0.0447917 0.177778 0.585497
0 0.322917 0.322222 0.0208333 0.0814815 0.587987
0 0.498437 0.35 0.0302083 0.133333 0.593147
0 0.322917 0.321296 0.0208333 0.0833333 0.59728
0 0.978646 0.6 0.0427083 0.177778 0.599183
0 0.322917 0.322222 0.0208333 0.0814815 0.600152
0 0.500521 0.352778 0.0302083 0.135185 0.601482
0 0.177083 0.455556 0.122917 0.462963 0.60199
0 0.977604 0.599074 0.0447917 0.17963 0.605307
0 0.176042 0.453704 0.125 0.466667 0.608823
0 0.460417 0.349074 0.0291667 0.142593 0.615471
0 0.500521 0.35 0.028125 0.137037 0.621444
0 0.295833 0.330556 0.0270833 0.087037 0.624836
0 0.322917 0.321296 0.0208333 0.0833333 0.626957
0 0.322917 0.321296 0.0208333 0.0833333 0.628461
0 0.500521 0.351852 0.0302083 0.133333 0.630866
0 0.633854 0.358333 0.0302083 0.131481 0.631149
0 0.501042 0.35 0.0291667 0.137037 0.63473
0 0.460417 0.35 0.0291667 0.144444 0.637205
0 0.172917 0.452778 0.116667 0.472222 0.639711
0 0.500521 0.352778 0.0302083 0.135185 0.647009
0 0.460417 0.349074 0.0291667 0.142593 0.647561
0 0.298438 0.32963 0.0260417 0.0925926 0.653322
0 0.174479 0.460185 0.119792 0.475926 0.668739
0 0.176563 0.462037 0.121875 0.487037 0.669736
0 0.296875 0.332407 0.0270833 0.0907407 0.670033
0 0.633854 0.358333 0.028125 0.135185 0.670868
0 0.604688 0.355556 0.0322917 0.162963 0.676858
0 0.298438 0.330556 0.0260417 0.0907407 0.678113
0 0.176563 0.462037 0.123958 0.487037 0.67886
0 0.604688 0.355556 0.0322917 0.162963 0.680143
0 0.296875 0.331481 0.0270833 0.0888889 0.680978
0 0.460417 0.348148 0.0291667 0.137037 0.681005
0 0.226562 0.377778 0.0489583 0.274074 0.683393
0 0.298438 0.330556 0.0260417 0.0907407 0.68465
0 0.460417 0.348148 0.0291667 0.137037 0.687427
0 0.460417 0.348148 0.0291667 0.137037 0.691417
0 0.604688 0.35463 0.0322917 0.161111 0.696083
0 0.634896 0.357407 0.028125 0.137037 0.69722
0 0.224479 0.375 0.0552083 0.283333 0.697995
0 0.172917 0.453704 0.11875 0.477778 0.700648
0 0.173438 0.455556 0.117708 0.474074 0.701451
0 0.461458 0.349074 0.0291667 0.135185 0.709262
0 0.296875 0.331481 0.0270833 0.0888889 0.709301
0 0.460938 0.349074 0.028125 0.135185 0.716221
0 0.297396 0.331481 0.0260417 0.0888889 0.719536
0 0.604167 0.355556 0.0291667 0.166667 0.72415
0 0.603646 0.355556 0.028125 0.166667 0.735477
0 0.633854 0.358333 0.0302083 0.135185 0.735787
0 0.633333 0.358333 0.0291667 0.131481 0.740243
0 0.223438 0.380556 0.0552083 0.290741 0.741272
0 0.634896 0.357407 0.028125 0.137037 0.741505
0 0.461458 0.348148 0.0291667 0.133333 0.742476
0 0.222917 0.377778 0.0541667 0.285185 0.743166
0 0.460417 0.347222 0.0291667 0.131481 0.746334
0 0.633854 0.357407 0.028125 0.137037 0.746446
0 0.174479 0.459259 0.119792 0.474074 0.74737
0 0.223438 0.377778 0.0552083 0.285185 0.748681
0 0.223438 0.377778 0.0552083 0.285185 0.752726
0 0.459896 0.346296 0.028125 0.12963 0.757486
0 0.175521 0.459259 0.121875 0.477778 0.76338
0 0.459896 0.347222 0.028125 0.138889 0.766853
0 0.459896 0.347222 0.028125 0.138889 0.767389
0 0.634896 0.357407 0.028125 0.137037 0.774028
0 0.634375 0.357407 0.0270833 0.137037 0.778143
0 0.605208 0.356481 0.03125 0.168519 0.782645
0 0.605208 0.355556 0.03125 0.166667 0.794306
0 0.605208 0.356481 0.03125 0.168519 0.797367
0 0.223438 0.37963 0.0552083 0.296296 0.808577
0 0.604167 0.357407 0.0291667 0.166667 0.809462
0 0.222917 0.377778 0.0541667 0.296296 0.81191
0 0.603646 0.357407 0.0302083 0.17037 0.816997
0 0.223438 0.377778 0.0552083 0.296296 0.819068
0 0.634375 0.357407 0.0270833 0.137037 0.819429
0 0.633854 0.359259 0.028125 0.140741 0.821894
0 0.633854 0.358333 0.028125 0.138889 0.824189
0 0.176042 0.455556 0.120833 0.477778 0.849768
0 0.176042 0.455556 0.120833 0.477778 0.870646
