0 0.583854 0.446296 0.0364583 0.0925926 0.252918
0 0.291146 0.498148 0.040625 0.177778 0.254675
0 0.571875 0.440741 0.0208333 0.0851852 0.259048
0 0.727604 0.506481 0.053125 0.25 0.268736
0 0.797396 0.465741 0.0197917 0.109259 0.271245
0 0.540104 0.437963 0.015625 0.0722222 0.286023
0 0.540104 0.437963 0.015625 0.0722222 0.292774
0 0.725 0.502778 0.04375 0.238889 0.296375
0 0.292708 0.497222 0.0416667 0.17963 0.296937
0 0.589063 0.447222 0.0260417 0.0907407 0.301156
0 0.538542 0.439815 0.0166667 0.0759259 0.312479
0 0.192188 0.487963 0.0385417 0.172222 0.318217
0 0.538021 0.439815 0.015625 0.0759259 0.319344
7 0.0421875 0.512963 0.084375 0.348148 0.327451
0 0.540104 0.438889 0.015625 0.0703704 0.329006
0 0.195312 0.489815 0.0385417 0.175926 0.331661
7 0.0432292 0.499074 0.084375 0.390741 0.332168
7 0.0432292 0.500926 0.084375 0.387037 0.336938
0 0.308333 0.501852 0.0395833 0.192593 0.339565
0 0.725 0.502778 0.04375 0.238889 0.339886
0 0.5375 0.439815 0.0166667 0.0759259 0.340823
0 0.195312 0.490741 0.0385417 0.177778 0.341672
7 0.0442708 0.518519 0.0864583 0.344444 0.343424
0 0.192188 0.487963 0.0385417 0.172222 0.344474
0 0.538021 0.440741 0.0177083 0.0777778 0.346282
0 0.539062 0.439815 0.015625 0.0759259 0.348845
0 0.309375 0.498148 0.0416667 0.196296 0.349007
7 0.0442708 0.517593 0.0864583 0.346296 0.351076
0 0.308854 0.501852 0.0385417 0.192593 0.352858
7 0.0421875 0.513889 0.084375 0.346296 0.353717
0 0.309375 0.499074 0.0395833 0.194444 0.356668
0 0.539062 0.439815 0.015625 0.0759259 0.357725
0 0.292188 0.498148 0.040625 0.177778 0.358407
7 0.0432292 0.5 0.084375 0.388889 0.360045
7 0.0442708 0.517593 0.0864583 0.346296 0.361519
0 0.28125 0.486111 0.03125 0.161111 0.36372
0 0.725 0.501852 0.04375 0.237037 0.368045
0 0.28125 0.486111 0.03125 0.161111 0.374091
7 0.0416667 0.519444 0.0833333 0.338889 0.378492
0 0.5375 0.439815 0.0166667 0.0759259 0.380507
0 0.591667 0.45 0.0229167 0.0925926 0.385866
0 0.539062 0.439815 0.015625 0.0759259 0.391829
0 0.240104 0.499074 0.034375 0.161111 0.393015
0 0.281771 0.486111 0.0302083 0.161111 0.393406
0 0.240104 0.499074 0.034375 0.161111 0.394688
2 0.0416667 0.517593 0.0833333 0.35 0.395469
0 0.725 0.496296 0.0458333 0.22963 0.395707
7 0.0416667 0.518519 0.0833333 0.340741 0.401206
0 0.234375 0.497222 0.0270833 0.164815 0.405419
0 0.234896 0.497222 0.028125 0.164815 0.4062
2 0.0416667 0.518519 0.0833333 0.348148 0.40886
2 0.0421875 0.517593 0.084375 0.35 0.40989
7 0.0416667 0.516667 0.0833333 0.340741 0.410751
0 0.593229 0.447222 0.021875 0.0907407 0.414095
0 0.282813 0.472222 0.0260417 0.122222 0.420248
0 0.592708 0.447222 0.0229167 0.0907407 0.430195
0 0.724479 0.496296 0.0447917 0.233333 0.430344
7 0.0416667 0.517593 0.0833333 0.342593 0.432768
0 0.593229 0.447222 0.021875 0.0907407 0.436448
0 0.592708 0.448148 0.0208333 0.0888889 0.444813
0 0.283333 0.473148 0.025 0.127778 0.471512
0 0.282813 0.473148 0.0260417 0.127778 0.478249
0 0.285417 0.490741 0.0333333 0.177778 0.490749
0 0.284896 0.490741 0.0322917 0.177778 0.498156
0 0.194271 0.491667 0.0364583 0.168519 0.504857
0 0.727604 0.50463 0.046875 0.242593 0.50575
0 0.285417 0.490741 0.0333333 0.177778 0.509637
0 0.194271 0.491667 0.0364583 0.168519 0.511301
0 0.726042 0.505556 0.05 0.251852 0.5136
0 0.726042 0.503704 0.0479167 0.233333 0.518241
0 0.727083 0.506481 0.05 0.25 0.525038
0 0.194271 0.491667 0.0364583 0.168519 0.533984
0 0.726042 0.50463 0.0479167 0.238889 0.554597
0 0.727083 0.50463 0.0479167 0.242593 0.566984
0 0.726562 0.501852 0.046875 0.240741 0.583415
0 0.193229 0.492593 0.0364583 0.177778 0.587843
0 0.236979 0.497222 0.0302083 0.161111 0.599688
0 0.725521 0.500926 0.0427083 0.231481 0.602637
0 0.238542 0.493519 0.03125 0.161111 0.605085
0 0.193229 0.492593 0.0364583 0.177778 0.608235
0 0.725521 0.50463 0.046875 0.246296 0.61378
0 0.235417 0.49537 0.0270833 0.161111 0.62158
0 0.238542 0.493519 0.03125 0.161111 0.623762
0 0.283333 0.485185 0.0270833 0.17037 0.628438
0 0.283333 0.486111 0.0270833 0.172222 0.632173
0 0.725521 0.5 0.0427083 0.237037 0.63302
0 0.726562 0.501852 0.046875 0.240741 0.634886
0 0.235417 0.49537 0.0270833 0.161111 0.637954
0 0.235938 0.496296 0.0302083 0.159259 0.641173
0 0.725521 0.50463 0.046875 0.246296 0.647347
0 0.236979 0.496296 0.028125 0.162963 0.656161
0 0.726562 0.503704 0.046875 0.237037 0.657161
0 0.727083 0.50463 0.0479167 0.242593 0.657849
0 0.725521 0.503704 0.046875 0.244444 0.667209
0 0.236458 0.496296 0.0270833 0.159259 0.667763
0 0.726562 0.501852 0.046875 0.240741 0.673938
0 0.235938 0.49537 0.0302083 0.161111 0.675346
0 0.236458 0.496296 0.0291667 0.159259 0.679391
0 0.307813 0.498148 0.040625 0.192593 0.708915
0 0.308333 0.498148 0.0395833 0.188889 0.722801
0 0.307813 0.498148 0.040625 0.192593 0.736588
0 0.307813 0.499074 0.0385417 0.190741 0.738562
0 0.19375 0.493519 0.0375 0.172222 0.761782
0 0.19375 0.491667 0.0375 0.172222 0.762431
0 0.307813 0.498148 0.040625 0.192593 0.764892
0 0.193229 0.492593 0.0364583 0.17037 0.774665
0 0.726562 0.50463 0.046875 0.242593 0.776048
0 0.308333 0.498148 0.0395833 0.188889 0.779409
0 0.19375 0.488889 0.0375 0.174074 0.780077
0 0.19375 0.492593 0.0375 0.174074 0.783792
0 0.19375 0.488889 0.0375 0.174074 0.788047
0 0.308333 0.498148 0.0395833 0.188889 0.789667
0 0.19375 0.492593 0.0375 0.17037 0.790085
0 0.308333 0.498148 0.0395833 0.188889 0.793828
0 0.19375 0.491667 0.0375 0.172222 0.801662
0 0.307813 0.497222 0.040625 0.194444 0.8058
0 0.307813 0.497222 0.040625 0.194444 0.809375
