0 0.346354 0.340741 0.0177083 0.0666667 0.252242
0 0.284375 0.363889 0.03125 0.135185 0.257732
0 0.488021 0.363889 0.0197917 0.105556 0.260979
0 0.484896 0.37037 0.021875 0.122222 0.266601
0 0.125 0.37037 0.025 0.114815 0.268083
0 0.488021 0.363889 0.0197917 0.101852 0.270624
0 0.282292 0.359259 0.03125 0.137037 0.271588
0 0.467187 0.373148 0.0239583 0.124074 0.275577
0 0.429167 0.359259 0.0458333 0.111111 0.279089
0 0.442708 0.359259 0.01875 0.103704 0.28622
13 0.268229 0.676852 0.215625 0.201852 0.287407
13 0.323438 0.784259 0.311458 0.42037 0.28957
0 0.125 0.37037 0.025 0.118519 0.291794
0 0.125 0.371296 0.025 0.116667 0.293488
13 0.268229 0.675926 0.215625 0.2 0.296291
0 0.414062 0.361111 0.0260417 0.122222 0.301721
0 0.442708 0.359259 0.01875 0.103704 0.302504
0 0.467187 0.373148 0.0239583 0.131481 0.315861
13 0.324479 0.785185 0.313542 0.414815 0.316473
0 0.467187 0.374074 0.0239583 0.12963 0.320207
0 0.800521 0.562963 0.128125 0.592593 0.324951
0 0.485417 0.376852 0.0229167 0.131481 0.325528
0 0.486979 0.362963 0.0197917 0.111111 0.326136
0 0.485417 0.375926 0.0229167 0.12963 0.327026
13 0.327604 0.783333 0.290625 0.414815 0.328438
0 0.442708 0.358333 0.01875 0.101852 0.328724
0 0.565104 0.380556 0.0364583 0.209259 0.332655
0 0.0489583 0.365741 0.0229167 0.101852 0.333385
0 0.414583 0.361111 0.025 0.125926 0.335609
0 0.126042 0.372222 0.0270833 0.122222 0.336137
0 0.466667 0.378704 0.0291667 0.131481 0.338764
13 0.327083 0.784259 0.2875 0.412963 0.339126
0 0.564583 0.380556 0.0375 0.205556 0.339179
24 0.95 0.480556 0.0854167 0.224074 0.339954
24 0.95625 0.477778 0.08125 0.222222 0.34221
0 0.489062 0.356481 0.0197917 0.105556 0.344024
24 0.950521 0.480556 0.084375 0.22037 0.344336
0 0.801042 0.562963 0.127083 0.592593 0.34925
0 0.0510417 0.366667 0.0229167 0.0962963 0.350512
0 0.0484375 0.366667 0.021875 0.103704 0.353354
0 0.124479 0.374074 0.0239583 0.122222 0.354543
0 0.0489583 0.365741 0.0229167 0.105556 0.356129
0 0.0489583 0.364815 0.0229167 0.103704 0.358963
0 0.800521 0.546296 0.128125 0.566667 0.360472
0 0.565625 0.374074 0.0375 0.203704 0.361481
0 0.565625 0.375 0.0375 0.201852 0.362945
24 0.950521 0.47963 0.084375 0.222222 0.367502
13 0.315104 0.785185 0.309375 0.411111 0.373989
13 0.315104 0.784259 0.309375 0.409259 0.37471
0 0.486979 0.362963 0.0197917 0.111111 0.377967
0 0.488542 0.358333 0.0208333 0.101852 0.382823
0 0.4875 0.362963 0.0208333 0.111111 0.385062
24 0.953646 0.477778 0.084375 0.214815 0.386611
0 0.0510417 0.366667 0.0229167 0.1 0.387821
0 0.0515625 0.366667 0.021875 0.1 0.388389
24 0.958854 0.480556 0.0802083 0.209259 0.391723
0 0.0489583 0.362963 0.0229167 0.107407 0.392103
13 0.315625 0.784259 0.310417 0.409259 0.392674
0 0.467708 0.383333 0.0291667 0.133333 0.396383
0 0.0510417 0.365741 0.0229167 0.0981481 0.401091
0 0.376042 0.358333 0.0229167 0.12037 0.404996
13 0.317187 0.781482 0.313542 0.411111 0.417826
13 0.316146 0.781482 0.311458 0.411111 0.434889
0 0.488542 0.357407 0.0208333 0.103704 0.437113
0 0.0505208 0.364815 0.021875 0.1 0.43722
0 0.488542 0.357407 0.0208333 0.103704 0.437451
13 0.316146 0.782407 0.311458 0.409259 0.439711
0 0.801042 0.547222 0.127083 0.553704 0.44115
0 0.125521 0.373148 0.0260417 0.12037 0.443861
0 0.378646 0.357407 0.0197917 0.122222 0.447822
0 0.0494792 0.363889 0.021875 0.101852 0.450673
0 0.488021 0.357407 0.0197917 0.107407 0.451655
0 0.0505208 0.364815 0.021875 0.103704 0.453304
0 0.796354 0.552778 0.123958 0.594444 0.454258
24 0.960938 0.481481 0.078125 0.214815 0.454297
0 0.0510417 0.364815 0.0208333 0.103704 0.454504
0 0.378125 0.356481 0.0208333 0.116667 0.45842
24 0.958854 0.481481 0.078125 0.207407 0.458626
0 0.466667 0.377778 0.03125 0.144444 0.459403
24 0.960938 0.481481 0.078125 0.214815 0.464466
0 0.0494792 0.363889 0.021875 0.105556 0.465393
0 0.0494792 0.363889 0.021875 0.105556 0.466981
0 0.466146 0.377778 0.028125 0.137037 0.472161
24 0.960938 0.481481 0.078125 0.214815 0.477487
0 0.796354 0.552778 0.126042 0.575926 0.485214
0 0.0505208 0.363889 0.021875 0.101852 0.486626
0 0.378125 0.357407 0.0208333 0.122222 0.488299
0 0.466667 0.377778 0.0270833 0.137037 0.488897
13 0.316667 0.783333 0.30625 0.411111 0.491886
0 0.468229 0.382407 0.028125 0.138889 0.504514
0 0.466667 0.378704 0.03125 0.142593 0.504719
0 0.126563 0.372222 0.0260417 0.122222 0.506299
0 0.468229 0.382407 0.028125 0.138889 0.507115
13 0.316667 0.784259 0.308333 0.412963 0.508494
13 0.316146 0.783333 0.307292 0.411111 0.509541
0 0.466667 0.378704 0.0333333 0.142593 0.51056
0 0.442708 0.357407 0.0166667 0.111111 0.511799
0 0.443229 0.355556 0.0197917 0.1 0.512706
0 0.283854 0.361111 0.0322917 0.148148 0.515616
0 0.413542 0.357407 0.025 0.125926 0.516235
0 0.441146 0.358333 0.0197917 0.101852 0.517988
0 0.283333 0.361111 0.03125 0.148148 0.520483
0 0.415104 0.360185 0.021875 0.124074 0.527408
0 0.441667 0.357407 0.0208333 0.103704 0.527694
0 0.126563 0.372222 0.0260417 0.122222 0.529091
0 0.126042 0.373148 0.025 0.12037 0.53191
0 0.442708 0.356481 0.01875 0.109259 0.5335
0 0.919792 0.555556 0.133333 0.6 0.533735
0 0.441667 0.357407 0.0208333 0.103704 0.536445
0 0.415625 0.360185 0.0208333 0.124074 0.541687
0 0.46875 0.37963 0.03125 0.148148 0.544675
0 0.46875 0.380556 0.0291667 0.15 0.547408
0 0.442708 0.357407 0.0166667 0.111111 0.548825
0 0.415104 0.360185 0.021875 0.124074 0.560028
0 0.378125 0.361111 0.0208333 0.122222 0.561262
0 0.378646 0.361111 0.0197917 0.122222 0.565114
0 0.919271 0.552778 0.134375 0.587037 0.567447
0 0.467708 0.382407 0.0270833 0.135185 0.572201
0 0.378646 0.360185 0.021875 0.12037 0.573393
0 0.413542 0.358333 0.025 0.127778 0.577398
0 0.413542 0.358333 0.025 0.127778 0.577493
0 0.283333 0.362963 0.03125 0.144444 0.57878
0 0.283333 0.362963 0.03125 0.144444 0.583111
0 0.468229 0.37963 0.0302083 0.151852 0.583222
0 0.126042 0.373148 0.025 0.12037 0.58535
0 0.283333 0.362963 0.03125 0.144444 0.58651
0 0.378646 0.362037 0.0197917 0.12037 0.587413
0 0.797396 0.564815 0.128125 0.585185 0.588123
0 0.797396 0.563889 0.128125 0.587037 0.599576
0 0.919271 0.552778 0.134375 0.561111 0.605872
0 0.125 0.374074 0.0270833 0.122222 0.606842
0 0.415104 0.361111 0.0239583 0.122222 0.613865
0 0.125 0.374074 0.0270833 0.122222 0.615048
0 0.378125 0.361111 0.0208333 0.122222 0.629477
0 0.378125 0.362037 0.0208333 0.12037 0.630292
0 0.378125 0.362037 0.0208333 0.12037 0.633674
0 0.467187 0.380556 0.028125 0.142593 0.643563
0 0.378125 0.362037 0.0208333 0.12037 0.646295
0 0.919271 0.555556 0.132292 0.6 0.650788
0 0.415104 0.359259 0.021875 0.122222 0.654792
0 0.283854 0.363889 0.0322917 0.146296 0.658429
0 0.283854 0.363889 0.0322917 0.142593 0.66776
0 0.920833 0.555556 0.135417 0.577778 0.676518
0 0.125521 0.373148 0.0260417 0.12037 0.68031
0 0.125 0.374074 0.0270833 0.125926 0.685988
0 0.920313 0.555556 0.134375 0.577778 0.687827
0 0.415104 0.360185 0.021875 0.12037 0.69248
0 0.467187 0.380556 0.028125 0.142593 0.693254
0 0.467187 0.380556 0.028125 0.142593 0.698532
0 0.415104 0.360185 0.021875 0.12037 0.698842
0 0.915625 0.559259 0.13125 0.596296 0.7052
0 0.282813 0.359259 0.0322917 0.148148 0.708538
0 0.283333 0.365741 0.0333333 0.142593 0.712232
0 0.283333 0.365741 0.0333333 0.142593 0.716645
0 0.282813 0.359259 0.0322917 0.148148 0.719023
0 0.414583 0.362037 0.0229167 0.124074 0.72111
0 0.283333 0.365741 0.0333333 0.142593 0.721388
0 0.917188 0.558333 0.132292 0.605556 0.723268
0 0.916146 0.560185 0.132292 0.598148 0.725525
0 0.283333 0.365741 0.0333333 0.142593 0.725754
0 0.917188 0.557407 0.132292 0.603704 0.734568
0 0.283333 0.365741 0.0333333 0.146296 0.73537
0 0.283333 0.365741 0.0333333 0.142593 0.74325
0 0.467708 0.382407 0.0270833 0.138889 0.745126
0 0.467708 0.382407 0.0270833 0.138889 0.748257
0 0.125521 0.374074 0.0260417 0.122222 0.760813
0 0.125521 0.374074 0.0260417 0.122222 0.777086
0 0.8 0.562963 0.127083 0.581481 0.78041
0 0.564583 0.378704 0.0375 0.205556 0.799053
0 0.125521 0.373148 0.0239583 0.12037 0.801527
0 0.565104 0.378704 0.0364583 0.205556 0.802767
0 0.125521 0.372222 0.0260417 0.122222 0.806846
0 0.125521 0.372222 0.0260417 0.122222 0.80745
0 0.565104 0.377778 0.0364583 0.207407 0.808503
0 0.125521 0.374074 0.0239583 0.122222 0.815168
0 0.799479 0.55463 0.126042 0.572222 0.824239
0 0.125521 0.372222 0.0260417 0.122222 0.824609
0 0.125521 0.373148 0.0239583 0.12037 0.830717
0 0.799479 0.55463 0.126042 0.587037 0.83361
0 0.919792 0.55463 0.13125 0.583333 0.834502
0 0.919792 0.552778 0.13125 0.57963 0.834756
0 0.564583 0.376852 0.0375 0.205556 0.845046
0 0.565104 0.377778 0.0385417 0.203704 0.85038
0 0.565104 0.377778 0.0385417 0.203704 0.850987
0 0.564583 0.378704 0.0375 0.205556 0.856376
0 0.564583 0.377778 0.0375 0.207407 0.861352
0 0.8 0.562037 0.127083 0.57963 0.861788
0 0.564583 0.377778 0.0375 0.207407 0.864219
0 0.564583 0.378704 0.0375 0.205556 0.868738
0 0.564583 0.378704 0.0375 0.205556 0.879512
0 0.798437 0.556481 0.123958 0.57963 0.881178
0 0.798958 0.556481 0.122917 0.575926 0.88649
0 0.799479 0.563889 0.126042 0.572222 0.893803
0 0.564583 0.377778 0.0375 0.203704 0.896521
0 0.564583 0.376852 0.0375 0.205556 0.899573
0 0.799479 0.564815 0.126042 0.574074 0.902889
