26 0.820312 0.55 0.0447917 0.151852 0.251908
13 0.317187 0.485185 0.163542 0.166667 0.252903
0 0.453125 0.39537 0.025 0.131481 0.255617
0 0.533854 0.393519 0.021875 0.0944444 0.256501
0 0.232812 0.394444 0.015625 0.1 0.256933
24 0.950521 0.541667 0.0885417 0.246296 0.261651
0 0.315625 0.406481 0.025 0.124074 0.266195
0 0.0859375 0.381481 0.0239583 0.114815 0.266402
0 0.435417 0.39537 0.05625 0.127778 0.268509
0 0.532812 0.392593 0.0197917 0.103704 0.272647
0 0.178125 0.387963 0.025 0.109259 0.273323
13 0.323438 0.505556 0.157292 0.151852 0.273931
0 0.178125 0.387963 0.025 0.109259 0.274213
0 0.453125 0.396296 0.025 0.125926 0.274934
0 0.505729 0.42037 0.028125 0.137037 0.275136
0 0.420833 0.39537 0.0291667 0.135185 0.275898
0 0.533333 0.393519 0.0208333 0.0944444 0.280243
13 0.323438 0.50463 0.157292 0.153704 0.281606
0 0.436458 0.39537 0.05625 0.124074 0.282836
13 0.326562 0.503704 0.159375 0.148148 0.284332
13 0.323438 0.506481 0.157292 0.153704 0.284722
26 0.822396 0.566667 0.0427083 0.125926 0.285837
0 0.786458 0.626852 0.108333 0.594444 0.28802
13 0.326562 0.503704 0.159375 0.148148 0.289012
24 0.955729 0.546296 0.084375 0.251852 0.291782
0 0.533333 0.393519 0.0208333 0.0944444 0.292231
0 0.0828125 0.383333 0.021875 0.114815 0.293391
0 0.0828125 0.383333 0.021875 0.114815 0.294729
0 0.485417 0.386111 0.0208333 0.109259 0.295044
13 0.326562 0.50463 0.159375 0.15 0.295427
0 0.0828125 0.382407 0.021875 0.112963 0.298162
0 0.940625 0.592593 0.110417 0.433333 0.300669
26 0.822396 0.565741 0.0427083 0.127778 0.303481
0 0.485417 0.386111 0.0208333 0.109259 0.3036
24 0.955729 0.54537 0.084375 0.253704 0.303624
24 0.955729 0.546296 0.084375 0.255556 0.304592
26 0.822396 0.565741 0.0427083 0.127778 0.306614
0 0.486979 0.386111 0.0239583 0.105556 0.321108
0 0.315104 0.406481 0.0239583 0.131481 0.324228
0 0.485417 0.385185 0.0208333 0.107407 0.324524
0 0.484375 0.380556 0.01875 0.101852 0.324921
0 0.423958 0.393519 0.0270833 0.131481 0.326705
0 0.315104 0.406481 0.0239583 0.131481 0.327749
0 0.626042 0.430556 0.04375 0.235185 0.327963
0 0.316146 0.400926 0.028125 0.138889 0.3283
0 0.453125 0.396296 0.025 0.12963 0.330596
0 0.452083 0.394444 0.0229167 0.125926 0.332464
0 0.421875 0.393519 0.0291667 0.138889 0.33484
0 0.420312 0.39537 0.028125 0.131481 0.335953
0 0.0916667 0.385185 0.025 0.107407 0.33621
0 0.420833 0.390741 0.025 0.125926 0.337609
0 0.782292 0.639815 0.10625 0.601852 0.338829
0 0.0932292 0.386111 0.0239583 0.105556 0.339055
0 0.315104 0.397222 0.0239583 0.131481 0.340576
0 0.0932292 0.385185 0.0239583 0.107407 0.344743
0 0.178125 0.393519 0.025 0.116667 0.346574
0 0.503125 0.416667 0.0333333 0.144444 0.349662
0 0.626042 0.430556 0.04375 0.242593 0.350274
26 0.821875 0.562963 0.0416667 0.133333 0.353591
0 0.503125 0.416667 0.03125 0.144444 0.360358
26 0.821875 0.562037 0.0416667 0.127778 0.360667
0 0.485417 0.384259 0.01875 0.105556 0.361451
0 0.485417 0.383333 0.01875 0.103704 0.362442
0 0.782292 0.639815 0.10625 0.609259 0.37102
13 0.322396 0.489815 0.165625 0.161111 0.372565
0 0.453125 0.397222 0.025 0.124074 0.374711
0 0.178646 0.392593 0.0260417 0.114815 0.377576
0 0.485417 0.384259 0.01875 0.105556 0.378386
0 0.316146 0.403704 0.028125 0.137037 0.378938
13 0.327604 0.491667 0.161458 0.15 0.379951
0 0.315625 0.400926 0.0270833 0.138889 0.382005
13 0.322396 0.489815 0.163542 0.161111 0.385532
26 0.821354 0.562963 0.0427083 0.12963 0.385937
13 0.322396 0.490741 0.163542 0.159259 0.390178
0 0.178125 0.392593 0.0270833 0.114815 0.390575
0 0.786458 0.627778 0.108333 0.592593 0.39111
13 0.327083 0.491667 0.1625 0.146296 0.392488
24 0.955729 0.560185 0.084375 0.242593 0.394525
0 0.533333 0.380556 0.0229167 0.0833333 0.395263
24 0.955729 0.559259 0.084375 0.244444 0.395553
0 0.50625 0.416667 0.0291667 0.148148 0.398324
13 0.327083 0.490741 0.160417 0.148148 0.401475
13 0.322396 0.494444 0.169792 0.17037 0.402128
24 0.955729 0.559259 0.084375 0.244444 0.405589
0 0.421354 0.392593 0.028125 0.137037 0.408573
0 0.315104 0.401852 0.028125 0.137037 0.412317
0 0.423958 0.394444 0.0270833 0.137037 0.417119
0 0.420833 0.393519 0.025 0.131481 0.418251
0 0.316146 0.403704 0.0260417 0.137037 0.418637
24 0.953125 0.555556 0.0875 0.244444 0.420065
0 0.917188 0.624074 0.109375 0.585185 0.424225
0 0.506771 0.416667 0.0302083 0.144444 0.426784
0 0.420833 0.392593 0.025 0.133333 0.427508
13 0.323438 0.494444 0.165625 0.174074 0.429308
0 0.420833 0.391667 0.025 0.135185 0.43061
0 0.423958 0.394444 0.0270833 0.137037 0.43196
0 0.533333 0.380556 0.0208333 0.0833333 0.437671
24 0.953646 0.555556 0.0864583 0.251852 0.441134
0 0.533333 0.380556 0.0229167 0.0833333 0.442596
0 0.505729 0.417593 0.0302083 0.146296 0.444248
0 0.420312 0.39537 0.0260417 0.131481 0.445379
0 0.917708 0.622222 0.108333 0.592593 0.447041
0 0.783854 0.625926 0.105208 0.585185 0.448175
0 0.316146 0.400926 0.0260417 0.138889 0.454002
0 0.315104 0.399074 0.0239583 0.131481 0.455126
24 0.953646 0.55463 0.0864583 0.246296 0.456702
0 0.178125 0.393519 0.025 0.116667 0.465435
0 0.783333 0.628704 0.104167 0.594444 0.469848
0 0.50625 0.415741 0.0291667 0.15 0.470478
0 0.532812 0.383333 0.021875 0.0925926 0.471966
0 0.50625 0.415741 0.0291667 0.15 0.480336
0 0.178646 0.392593 0.0260417 0.114815 0.488579
0 0.452083 0.394444 0.0229167 0.12963 0.490366
0 0.452604 0.394444 0.021875 0.12963 0.491699
0 0.421354 0.393519 0.0260417 0.135185 0.492228
0 0.420833 0.393519 0.025 0.135185 0.492351
0 0.927083 0.605556 0.13125 0.611111 0.49412
0 0.420833 0.393519 0.025 0.135185 0.495405
0 0.315104 0.400926 0.028125 0.135185 0.496656
0 0.919792 0.612037 0.114583 0.598148 0.499682
0 0.315104 0.397222 0.0239583 0.138889 0.500298
0 0.919271 0.612037 0.111458 0.594444 0.501955
13 0.322396 0.492593 0.169792 0.162963 0.50409
0 0.453125 0.396296 0.0229167 0.12963 0.505926
24 0.955208 0.556481 0.0854167 0.246296 0.508757
0 0.315104 0.397222 0.0239583 0.138889 0.510673
0 0.533333 0.383333 0.0208333 0.0925926 0.522869
13 0.322917 0.493519 0.164583 0.164815 0.525339
24 0.955208 0.556481 0.0854167 0.25 0.527941
0 0.177604 0.392593 0.0260417 0.114815 0.529854
0 0.453646 0.39537 0.021875 0.127778 0.531252
0 0.925521 0.612963 0.123958 0.592593 0.535019
0 0.533333 0.389815 0.0208333 0.0944444 0.536093
13 0.203646 0.817593 0.205208 0.331481 0.539297
0 0.316146 0.402778 0.0239583 0.135185 0.540511
13 0.205208 0.819444 0.2 0.335185 0.541317
13 0.205208 0.819444 0.2 0.335185 0.544287
0 0.505208 0.418519 0.03125 0.148148 0.545635
0 0.505208 0.418519 0.03125 0.148148 0.550625
13 0.204167 0.818519 0.204167 0.333333 0.55254
13 0.204688 0.819444 0.205208 0.331481 0.557247
0 0.179167 0.393519 0.0229167 0.116667 0.557631
0 0.533333 0.383333 0.0208333 0.0925926 0.557674
13 0.204167 0.818519 0.20625 0.333333 0.558234
13 0.205208 0.819444 0.2 0.335185 0.559285
0 0.533333 0.383333 0.0208333 0.0925926 0.562102
0 0.315625 0.400926 0.0270833 0.135185 0.568986
0 0.505729 0.417593 0.0302083 0.146296 0.572681
0 0.927083 0.609259 0.133333 0.592593 0.573708
0 0.533333 0.388889 0.0208333 0.0962963 0.583735
0 0.453646 0.397222 0.0197917 0.131481 0.585703
0 0.533333 0.389815 0.0208333 0.0944444 0.587411
0 0.179167 0.394444 0.0229167 0.114815 0.595085
0 0.315104 0.4 0.0239583 0.137037 0.598218
0 0.453125 0.39537 0.0229167 0.127778 0.599076
0 0.785417 0.639815 0.10625 0.635185 0.603898
0 0.532812 0.385185 0.021875 0.0962963 0.605922
0 0.179167 0.394444 0.0229167 0.114815 0.60616
0 0.315104 0.4 0.0239583 0.137037 0.607336
0 0.453125 0.396296 0.0208333 0.12963 0.608087
0 0.625521 0.42963 0.0447917 0.233333 0.608137
0 0.785417 0.640741 0.10625 0.633333 0.612862
0 0.626042 0.430556 0.0458333 0.238889 0.621139
0 0.627083 0.428704 0.0416667 0.235185 0.643115
0 0.925 0.613889 0.122917 0.590741 0.645409
0 0.453125 0.394444 0.0229167 0.125926 0.647306
0 0.453125 0.394444 0.0229167 0.125926 0.648825
0 0.178125 0.393519 0.0229167 0.116667 0.649896
0 0.627083 0.428704 0.0416667 0.235185 0.654691
0 0.627083 0.428704 0.0416667 0.235185 0.654881
0 0.453125 0.396296 0.0229167 0.125926 0.669509
13 0.204167 0.819444 0.204167 0.331481 0.670654
13 0.204688 0.819444 0.203125 0.331481 0.680633
0 0.785937 0.639815 0.107292 0.624074 0.692012
0 0.626562 0.42963 0.0427083 0.233333 0.698702
13 0.204688 0.819444 0.198958 0.335185 0.706742
13 0.204688 0.818519 0.198958 0.333333 0.708738
13 0.205729 0.818519 0.198958 0.333333 0.710583
0 0.50625 0.42037 0.0291667 0.148148 0.71172
0 0.505729 0.416667 0.0302083 0.144444 0.713856
13 0.204688 0.818519 0.198958 0.333333 0.715306
0 0.506771 0.419444 0.028125 0.146296 0.715797
13 0.205208 0.819444 0.2 0.335185 0.716204
0 0.505729 0.416667 0.0302083 0.144444 0.723599
13 0.205208 0.818519 0.2 0.333333 0.724553
0 0.178646 0.391667 0.0260417 0.112963 0.732384
0 0.179167 0.391667 0.025 0.112963 0.73694
0 0.178125 0.392593 0.025 0.114815 0.739982
0 0.178646 0.393519 0.0239583 0.112963 0.743549
0 0.626562 0.42963 0.0427083 0.240741 0.750515
0 0.178125 0.392593 0.025 0.111111 0.750765
0 0.505729 0.416667 0.0302083 0.144444 0.751665
0 0.921354 0.612037 0.115625 0.605556 0.752503
0 0.178646 0.392593 0.0239583 0.118519 0.754279
0 0.178646 0.391667 0.0239583 0.116667 0.756037
0 0.920833 0.613889 0.116667 0.605556 0.76267
0 0.178646 0.392593 0.0239583 0.114815 0.773415
0 0.627083 0.42963 0.0416667 0.233333 0.78936
0 0.785937 0.638889 0.107292 0.622222 0.796989
0 0.626562 0.42963 0.0427083 0.237037 0.814707
0 0.782812 0.631481 0.107292 0.614815 0.835715
0 0.782812 0.62963 0.107292 0.625926 0.836265
0 0.627083 0.42963 0.04375 0.233333 0.83896
0 0.784375 0.631481 0.108333 0.592593 0.84051
0 0.784375 0.632407 0.108333 0.594444 0.848312
0 0.627083 0.42963 0.04375 0.233333 0.851418
0 0.627083 0.42963 0.04375 0.233333 0.851438
0 0.627083 0.42963 0.0416667 0.237037 0.86163
0 0.627083 0.42963 0.0416667 0.233333 0.862087
0 0.627083 0.428704 0.0416667 0.235185 0.862748
0 0.785937 0.643519 0.105208 0.624074 0.86364
0 0.785937 0.642593 0.105208 0.622222 0.872087
