0 0.421354 0.32963 0.0427083 0.196296 0.251068
0 0.471875 0.301852 0.025 0.0925926 0.253001
0 0.504687 0.32037 0.0260417 0.133333 0.254626
0 0.324479 0.299074 0.0239583 0.0685185 0.257801
0 0.325 0.299074 0.025 0.0685185 0.260362
0 0.931771 0.561111 0.130208 0.714815 0.26162
0 0.059375 0.292593 0.01875 0.0592593 0.263991
0 0.421354 0.32963 0.0427083 0.192593 0.268188
0 0.470833 0.316667 0.0354167 0.137037 0.270031
0 0.102604 0.355556 0.053125 0.22963 0.275296
0 0.102604 0.355556 0.053125 0.22963 0.275332
0 0.324479 0.299074 0.0239583 0.0685185 0.275627
0 0.102604 0.355556 0.053125 0.22963 0.276159
0 0.469792 0.30463 0.025 0.101852 0.27617
0 0.471875 0.315741 0.0354167 0.135185 0.276296
0 0.324479 0.296296 0.028125 0.0740741 0.280614
0 0.469271 0.303704 0.0260417 0.1 0.282481
0 0.575521 0.312963 0.028125 0.144444 0.284815
0 0.577083 0.314815 0.0270833 0.137037 0.296548
0 0.577604 0.314815 0.028125 0.137037 0.303183
0 0.225 0.300926 0.0375 0.12037 0.305268
0 0.504687 0.319444 0.0239583 0.135185 0.314145
0 0.225 0.299074 0.0375 0.124074 0.318402
0 0.928125 0.574074 0.133333 0.744444 0.322006
0 0.298958 0.298148 0.0270833 0.0777778 0.323994
0 0.3125 0.296296 0.0333333 0.0740741 0.332906
0 0.225 0.299074 0.0375 0.12037 0.335944
0 0.63125 0.323148 0.0354167 0.135185 0.336631
0 0.298438 0.297222 0.0239583 0.0722222 0.337271
0 0.0604167 0.318519 0.0229167 0.118519 0.339322
0 0.225 0.299074 0.0354167 0.127778 0.339946
0 0.0958333 0.362037 0.0604167 0.224074 0.34359
0 0.00625 0.303704 0.0125 0.0777778 0.345323
0 0.00625 0.30463 0.0125 0.0759259 0.357617
0 0.504687 0.32037 0.0239583 0.133333 0.359044
0 0.224479 0.299074 0.0364583 0.127778 0.359337
0 0.575 0.313889 0.0270833 0.142593 0.359391
0 0.222917 0.29537 0.0375 0.127778 0.359933
0 0.630729 0.323148 0.0364583 0.135185 0.360133
0 0.222917 0.294444 0.0375 0.12963 0.363868
0 0.324479 0.296296 0.0260417 0.0703704 0.365874
0 0.325 0.296296 0.025 0.0703704 0.366406
0 0.224479 0.299074 0.0364583 0.127778 0.367132
0 0.0958333 0.362037 0.0604167 0.227778 0.368537
0 0.63125 0.322222 0.0354167 0.133333 0.376849
0 0.222917 0.29537 0.0375 0.127778 0.37894
0 0.325 0.296296 0.025 0.0703704 0.379261
0 0.323438 0.299074 0.021875 0.0685185 0.380467
0 0.223438 0.296296 0.0364583 0.12963 0.396568
0 0.652604 0.30463 0.021875 0.0944444 0.397289
0 0.322917 0.299074 0.0229167 0.0685185 0.401898
0 0.00677083 0.302778 0.0135417 0.0796296 0.404804
0 0.322917 0.299074 0.0229167 0.0685185 0.404826
0 0.300521 0.298148 0.0260417 0.0740741 0.412702
0 0.653125 0.302778 0.0208333 0.0907407 0.415061
0 0.301042 0.298148 0.025 0.0740741 0.415338
0 0.0958333 0.358333 0.0666667 0.227778 0.415503
0 0.300521 0.298148 0.0260417 0.0740741 0.422264
0 0.652604 0.30463 0.021875 0.0981481 0.434664
0 0.652604 0.305556 0.021875 0.0962963 0.444618
0 0.00677083 0.301852 0.0135417 0.0777778 0.445342
0 0.223958 0.296296 0.0375 0.125926 0.448524
0 0.0963542 0.353704 0.065625 0.233333 0.451324
0 0.322917 0.296296 0.025 0.0703704 0.451759
0 0.577083 0.313889 0.0291667 0.142593 0.459419
0 0.0958333 0.355556 0.0666667 0.233333 0.460635
0 0.627083 0.327778 0.0270833 0.133333 0.466299
0 0.324479 0.296296 0.0260417 0.0703704 0.470948
0 0.304688 0.297222 0.034375 0.0722222 0.470962
0 0.223438 0.296296 0.0364583 0.12963 0.473594
0 0.322917 0.297222 0.025 0.0685185 0.476093
0 0.322917 0.296296 0.025 0.0703704 0.479165
0 0.223438 0.296296 0.0364583 0.12963 0.479217
0 0.223958 0.297222 0.0375 0.124074 0.488325
0 0.627083 0.326852 0.0291667 0.131481 0.493759
0 0.577083 0.313889 0.0291667 0.142593 0.500842
0 0.469271 0.317593 0.0260417 0.135185 0.501061
0 0.298958 0.298148 0.025 0.0740741 0.502688
0 0.298958 0.297222 0.025 0.0722222 0.504081
0 0.223958 0.297222 0.0375 0.124074 0.505793
0 0.577083 0.313889 0.0291667 0.142593 0.507922
0 0.420833 0.335185 0.0395833 0.196296 0.509307
0 0.421354 0.336111 0.040625 0.209259 0.509676
0 0.298958 0.297222 0.025 0.0722222 0.51335
0 0.420833 0.334259 0.0395833 0.198148 0.518352
0 0.420833 0.336111 0.0395833 0.205556 0.520585
0 0.575 0.312037 0.0270833 0.135185 0.540768
0 0.301042 0.298148 0.0270833 0.0740741 0.550631
0 0.469271 0.319444 0.028125 0.131481 0.552612
0 0.301042 0.297222 0.0270833 0.0722222 0.568619
0 0.301042 0.297222 0.0270833 0.0722222 0.570567
0 0.626562 0.326852 0.028125 0.135185 0.572112
0 0.651563 0.300926 0.0197917 0.0981481 0.581424
0 0.299479 0.299074 0.0260417 0.0759259 0.582412
0 0.096875 0.358333 0.0645833 0.227778 0.583267
0 0.469271 0.318519 0.028125 0.137037 0.588913
0 0.299479 0.298148 0.0260417 0.0740741 0.589438
0 0.576042 0.312037 0.0291667 0.135185 0.591798
0 0.101562 0.35463 0.053125 0.231481 0.595747
0 0.299479 0.298148 0.0260417 0.0740741 0.600365
0 0.652083 0.299074 0.0208333 0.0944444 0.605985
0 0.626562 0.326852 0.028125 0.138889 0.606197
0 0.0958333 0.357407 0.0645833 0.225926 0.608693
0 0.651563 0.3 0.0197917 0.1 0.608717
0 0.46875 0.319444 0.0270833 0.131481 0.612515
0 0.469792 0.315741 0.0270833 0.12037 0.612888
0 0.651563 0.3 0.0197917 0.1 0.619807
0 0.0958333 0.357407 0.0645833 0.225926 0.623709
0 0.101042 0.35463 0.0520833 0.231481 0.626934
0 0.469271 0.317593 0.0260417 0.135185 0.632363
0 0.505208 0.317593 0.0229167 0.127778 0.63378
0 0.469271 0.316667 0.0260417 0.137037 0.634187
0 0.096875 0.356481 0.0625 0.231481 0.638899
0 0.299479 0.298148 0.0239583 0.0740741 0.640664
0 0.223958 0.296296 0.0375 0.12963 0.641405
0 0.0958333 0.357407 0.0645833 0.225926 0.642803
0 0.469792 0.317593 0.0270833 0.138889 0.643865
0 0.651563 0.298148 0.0197917 0.0962963 0.646392
0 0.627083 0.326852 0.0291667 0.142593 0.649214
0 0.652083 0.298148 0.0208333 0.0962963 0.650236
0 0.469271 0.319444 0.0260417 0.131481 0.651814
0 0.627083 0.326852 0.0270833 0.138889 0.657327
0 0.0979167 0.35463 0.0604167 0.231481 0.657333
0 0.626562 0.326852 0.028125 0.138889 0.658427
0 0.469792 0.318519 0.0270833 0.137037 0.658749
0 0.096875 0.356481 0.0625 0.231481 0.660469
0 0.0973958 0.355556 0.0635417 0.22963 0.66201
0 0.223958 0.296296 0.0375 0.12963 0.668676
0 0.420312 0.334259 0.040625 0.194444 0.671835
0 0.223958 0.296296 0.0375 0.12963 0.672581
0 0.504687 0.321296 0.021875 0.127778 0.673244
0 0.469792 0.315741 0.0270833 0.124074 0.673413
0 0.626562 0.326852 0.028125 0.138889 0.676721
0 0.627083 0.327778 0.0291667 0.140741 0.676843
0 0.469792 0.315741 0.0270833 0.124074 0.683422
0 0.223958 0.297222 0.0375 0.127778 0.686375
0 0.0979167 0.356481 0.0625 0.235185 0.687313
0 0.224479 0.296296 0.0364583 0.125926 0.688235
0 0.0979167 0.35463 0.0604167 0.231481 0.690378
0 0.651563 0.300926 0.0197917 0.0944444 0.697445
0 0.224479 0.296296 0.0364583 0.125926 0.69794
0 0.505208 0.321296 0.0208333 0.127778 0.699306
0 0.505208 0.317593 0.0229167 0.131481 0.700662
0 0.626562 0.326852 0.028125 0.138889 0.701391
0 0.096875 0.356481 0.0625 0.231481 0.702776
0 0.505208 0.318519 0.0229167 0.12963 0.703445
0 0.505208 0.321296 0.0208333 0.127778 0.704865
0 0.627083 0.326852 0.0270833 0.138889 0.707158
0 0.0979167 0.355556 0.0604167 0.233333 0.713278
0 0.420312 0.334259 0.040625 0.194444 0.715753
0 0.627083 0.327778 0.0291667 0.140741 0.717961
0 0.505208 0.319444 0.0229167 0.135185 0.721501
0 0.627083 0.327778 0.0291667 0.140741 0.72207
0 0.575521 0.312963 0.028125 0.140741 0.726994
0 0.575521 0.312963 0.028125 0.140741 0.735238
0 0.576042 0.313889 0.0291667 0.142593 0.738874
0 0.575521 0.313889 0.028125 0.142593 0.745379
0 0.576042 0.312963 0.0291667 0.140741 0.746146
0 0.420312 0.334259 0.040625 0.194444 0.747236
0 0.096875 0.356481 0.0625 0.231481 0.747262
0 0.576042 0.312037 0.0291667 0.138889 0.748984
0 0.504687 0.32037 0.021875 0.133333 0.752457
0 0.0973958 0.35463 0.0614583 0.231481 0.755499
0 0.575521 0.312037 0.028125 0.138889 0.769054
0 0.575521 0.312963 0.028125 0.140741 0.776371
0 0.575521 0.313889 0.028125 0.142593 0.77954
0 0.420833 0.335185 0.0416667 0.196296 0.783501
0 0.929688 0.57037 0.134375 0.737037 0.784109
0 0.575521 0.312963 0.028125 0.140741 0.791981
0 0.420312 0.336111 0.040625 0.198148 0.792728
0 0.626562 0.327778 0.028125 0.140741 0.794026
0 0.627083 0.326852 0.0291667 0.138889 0.795523
0 0.930208 0.569444 0.135417 0.738889 0.796857
0 0.420312 0.335185 0.040625 0.196296 0.807282
0 0.420833 0.333333 0.0395833 0.196296 0.810123
0 0.420833 0.333333 0.0395833 0.196296 0.814867
0 0.420312 0.334259 0.0427083 0.201852 0.826293
0 0.420833 0.333333 0.0395833 0.196296 0.8279
0 0.420312 0.334259 0.0427083 0.201852 0.833766
0 0.929688 0.566667 0.136458 0.733333 0.895419
0 0.929167 0.573148 0.1375 0.738889 0.907354
0 0.928646 0.573148 0.136458 0.738889 0.908227
0 0.928646 0.569444 0.136458 0.727778 0.915274
0 0.928646 0.569444 0.136458 0.731481 0.916376
0 0.929167 0.574074 0.13125 0.740741 0.924912
