0 0.463021 0.452778 0.040625 0.0944444 0.254042
28 0.516146 0.600926 0.084375 0.0648148 0.254867
0 0.0161458 0.50463 0.0322917 0.194444 0.256557
0 0.564062 0.478704 0.0364583 0.15 0.257052
28 0.515104 0.600926 0.0739583 0.0648148 0.265298
28 0.516667 0.601852 0.0854167 0.0666667 0.266026
0 0.564062 0.478704 0.0364583 0.15 0.26866
0 0.0161458 0.505556 0.0322917 0.192593 0.26964
28 0.515625 0.601852 0.0729167 0.062963 0.269898
0 0.957812 0.444444 0.0510417 0.3 0.27934
0 0.959375 0.45463 0.05 0.27963 0.280293
0 0.475521 0.452778 0.0177083 0.0907407 0.289644
0 0.0578125 0.491667 0.0302083 0.131481 0.294511
0 0.454688 0.45463 0.021875 0.0944444 0.311868
26 0.0604167 0.596296 0.04375 0.107407 0.313345
0 0.958333 0.444444 0.05 0.292593 0.316149
0 0.476042 0.452778 0.0166667 0.0907407 0.318376
0 0.415625 0.448148 0.0166667 0.0851852 0.323102
0 0.415625 0.441667 0.0166667 0.0833333 0.323906
0 0.415625 0.441667 0.0166667 0.0833333 0.327106
0 0.415625 0.448148 0.0166667 0.0851852 0.330636
0 0.0567708 0.491667 0.0322917 0.138889 0.33333
0 0.0572917 0.491667 0.03125 0.138889 0.336796
26 0.0598958 0.589815 0.040625 0.12037 0.341156
0 0.475521 0.452778 0.0177083 0.0907407 0.341572
0 0.454688 0.453704 0.021875 0.0962963 0.346105
0 0.468229 0.45463 0.0260417 0.0981481 0.346139
0 0.476042 0.452778 0.0166667 0.0907407 0.348312
0 0.454167 0.453704 0.0208333 0.0962963 0.350661
26 0.0604167 0.597222 0.04375 0.105556 0.351209
0 0.958333 0.443519 0.05 0.301852 0.352186
0 0.415625 0.441667 0.0166667 0.0833333 0.353978
0 0.0572917 0.490741 0.03125 0.137037 0.355015
0 0.415625 0.448148 0.0166667 0.0851852 0.362476
0 0.138021 0.501852 0.0364583 0.177778 0.363187
0 0.960938 0.446296 0.053125 0.292593 0.37335
26 0.0604167 0.596296 0.04375 0.103704 0.385354
26 0.059375 0.593518 0.0416667 0.112963 0.385453
26 0.059375 0.588889 0.0416667 0.122222 0.390498
0 0.446354 0.452778 0.0177083 0.0944444 0.394155
0 0.1375 0.501852 0.0354167 0.174074 0.399845
0 0.476562 0.450926 0.015625 0.0907407 0.403397
26 0.059375 0.588889 0.0416667 0.122222 0.404829
0 0.476042 0.450926 0.0166667 0.0944444 0.415462
26 0.0588542 0.59537 0.040625 0.109259 0.418062
0 0.476042 0.45 0.0166667 0.0925926 0.42197
0 0.448438 0.452778 0.015625 0.0907407 0.426231
0 0.447917 0.450926 0.0166667 0.087037 0.437399
0 0.664062 0.52963 0.059375 0.322222 0.440896
0 0.0942708 0.532407 0.0552083 0.272222 0.442517
0 0.473958 0.452778 0.01875 0.0944444 0.44253
0 0.0932292 0.537963 0.059375 0.287037 0.447916
26 0.0588542 0.59537 0.040625 0.105556 0.450894
0 0.447917 0.450926 0.0166667 0.0907407 0.453334
0 0.448438 0.452778 0.015625 0.0907407 0.454665
0 0.473437 0.452778 0.0197917 0.0981481 0.457354
0 0.472917 0.452778 0.0208333 0.0981481 0.457599
0 0.448438 0.452778 0.015625 0.0907407 0.461818
0 0.473958 0.451852 0.01875 0.0962963 0.468931
0 0.447917 0.45 0.0166667 0.0888889 0.475255
0 0.0572917 0.494444 0.03125 0.140741 0.481016
0 0.0583333 0.503704 0.0291667 0.159259 0.48427
0 0.0578125 0.494444 0.0322917 0.140741 0.486162
0 0.958854 0.448148 0.0489583 0.288889 0.486212
0 0.45 0.452778 0.0166667 0.0907407 0.48773
0 0.0916667 0.538889 0.0583333 0.281481 0.487884
0 0.0942708 0.532407 0.0552083 0.268519 0.488519
0 0.0583333 0.503704 0.03125 0.159259 0.493243
0 0.0901042 0.537963 0.0697917 0.312963 0.498714
0 0.0161458 0.515741 0.0322917 0.190741 0.504823
0 0.015625 0.514815 0.03125 0.188889 0.504843
0 0.415104 0.443519 0.015625 0.0833333 0.50612
0 0.960938 0.444444 0.053125 0.281481 0.508117
0 0.0578125 0.496296 0.0322917 0.151852 0.509618
0 0.449479 0.450926 0.0177083 0.0944444 0.511772
0 0.0578125 0.496296 0.0322917 0.151852 0.512837
0 0.959375 0.444444 0.0520833 0.288889 0.516655
0 0.45 0.451852 0.0166667 0.0925926 0.519183
0 0.959375 0.44537 0.0520833 0.287037 0.525611
0 0.961458 0.444444 0.0541667 0.285185 0.525932
0 0.0942708 0.531482 0.0552083 0.274074 0.530412
0 0.140625 0.502778 0.0375 0.175926 0.530555
0 0.0572917 0.496296 0.0333333 0.151852 0.533795
0 0.470833 0.452778 0.0229167 0.0944444 0.535679
0 0.140625 0.501852 0.0375 0.177778 0.542217
0 0.960417 0.444444 0.0520833 0.281481 0.546048
0 0.140104 0.501852 0.0364583 0.177778 0.547539
0 0.959375 0.44537 0.0520833 0.287037 0.552536
0 0.0578125 0.499074 0.0322917 0.161111 0.560857
0 0.470833 0.452778 0.0229167 0.0944444 0.563041
0 0.470833 0.452778 0.0229167 0.0944444 0.563669
0 0.959375 0.444444 0.0520833 0.292593 0.564229
0 0.415625 0.443519 0.0145833 0.0833333 0.5735
0 0.959375 0.443519 0.0520833 0.290741 0.579687
0 0.565104 0.481481 0.0364583 0.151852 0.582828
0 0.0578125 0.500926 0.0322917 0.161111 0.585933
0 0.416146 0.443519 0.015625 0.0833333 0.586645
0 0.415104 0.44537 0.015625 0.0833333 0.587064
0 0.0572917 0.499074 0.03125 0.157407 0.587799
0 0.565104 0.481481 0.0364583 0.151852 0.587807
0 0.959375 0.443519 0.0520833 0.290741 0.588256
0 0.015625 0.512037 0.03125 0.190741 0.606625
0 0.415104 0.444444 0.015625 0.0851852 0.608017
0 0.415625 0.444444 0.0166667 0.0851852 0.614844
0 0.415625 0.444444 0.0145833 0.0814815 0.615403
0 0.015625 0.512963 0.03125 0.192593 0.626983
0 0.415104 0.444444 0.015625 0.0851852 0.6352
0 0.015625 0.512037 0.03125 0.190741 0.639239
0 0.139062 0.501852 0.0364583 0.174074 0.644267
0 0.140104 0.500926 0.0364583 0.172222 0.646957
0 0.0932292 0.541667 0.0572917 0.290741 0.655338
0 0.140104 0.501852 0.0364583 0.174074 0.658389
0 0.663021 0.533333 0.059375 0.325926 0.662225
0 0.138542 0.501852 0.0375 0.177778 0.662444
0 0.0916667 0.541667 0.0583333 0.298148 0.673542
0 0.0161458 0.511111 0.0322917 0.192593 0.676038
0 0.0932292 0.541667 0.0572917 0.290741 0.678782
0 0.0161458 0.511111 0.0322917 0.192593 0.687327
0 0.138021 0.501852 0.0364583 0.181481 0.689905
0 0.0161458 0.512037 0.0322917 0.194444 0.692166
0 0.564583 0.483333 0.0375 0.151852 0.703405
0 0.0927083 0.540741 0.0583333 0.288889 0.705025
0 0.139062 0.501852 0.0364583 0.174074 0.705831
0 0.564583 0.483333 0.0375 0.151852 0.715642
0 0.564062 0.484259 0.0364583 0.15 0.716518
0 0.564062 0.485185 0.0364583 0.151852 0.716988
0 0.564583 0.483333 0.0375 0.151852 0.719163
0 0.0932292 0.541667 0.0572917 0.290741 0.719333
0 0.139583 0.500926 0.0375 0.17963 0.719716
0 0.0927083 0.539815 0.0583333 0.290741 0.729056
0 0.564583 0.484259 0.0375 0.153704 0.736263
0 0.665625 0.530556 0.05625 0.324074 0.736352
0 0.0161458 0.512037 0.0322917 0.194444 0.740908
0 0.139062 0.500926 0.0364583 0.17963 0.743926
0 0.09375 0.537963 0.0583333 0.283333 0.746355
0 0.564062 0.485185 0.0364583 0.151852 0.747493
0 0.564062 0.484259 0.0364583 0.153704 0.74786
0 0.139062 0.500926 0.0364583 0.175926 0.750841
0 0.0927083 0.539815 0.0583333 0.290741 0.755582
0 0.139583 0.500926 0.0375 0.17963 0.761903
0 0.564062 0.484259 0.0364583 0.153704 0.765778
0 0.139583 0.499074 0.0375 0.175926 0.76579
0 0.564062 0.484259 0.0364583 0.15 0.767905
0 0.0161458 0.510185 0.0322917 0.194444 0.769166
0 0.139583 0.499074 0.0375 0.17963 0.774914
0 0.0161458 0.512037 0.0322917 0.194444 0.780462
0 0.0927083 0.543519 0.0604167 0.305556 0.791661
0 0.565104 0.484259 0.0364583 0.153704 0.793345
0 0.0161458 0.510185 0.0322917 0.194444 0.794382
0 0.666667 0.531482 0.0583333 0.325926 0.798739
0 0.666667 0.530556 0.0583333 0.324074 0.803412
0 0.666667 0.530556 0.0583333 0.324074 0.80667
0 0.015625 0.510185 0.03125 0.190741 0.811564
0 0.665625 0.532407 0.0583333 0.327778 0.812687
0 0.665625 0.531482 0.0583333 0.322222 0.814689
0 0.015625 0.509259 0.03125 0.188889 0.815105
0 0.565104 0.484259 0.0364583 0.153704 0.815162
0 0.666146 0.531482 0.0572917 0.32963 0.815499
0 0.0161458 0.511111 0.0322917 0.192593 0.818403
0 0.666146 0.532407 0.0572917 0.32037 0.820198
0 0.666667 0.530556 0.0583333 0.324074 0.821443
0 0.565104 0.483333 0.0364583 0.151852 0.824009
0 0.665625 0.531482 0.0583333 0.322222 0.828992
0 0.666667 0.531482 0.0583333 0.322222 0.829828
0 0.666667 0.530556 0.0583333 0.324074 0.844818
