0 0.848437 0.578704 0.107292 0.612963 0.252237
0 0.215625 0.376852 0.0208333 0.112963 0.252552
0 0.241146 0.361111 0.015625 0.062963 0.254586
24 0.973437 0.485185 0.053125 0.237037 0.2561
0 0.207292 0.382407 0.01875 0.101852 0.256295
0 0.788021 0.390741 0.0260417 0.140741 0.256712
24 0.973958 0.484259 0.0520833 0.231481 0.257148
0 0.451042 0.365741 0.0145833 0.0833333 0.257732
0 0.379687 0.376852 0.0260417 0.12037 0.258675
0 0.240104 0.359259 0.015625 0.0666667 0.259957
0 0.789062 0.386111 0.0239583 0.15 0.260063
0 0.126563 0.392593 0.0260417 0.114815 0.260079
0 0.241667 0.357407 0.0166667 0.0666667 0.260577
13 0.372917 0.786111 0.329167 0.416667 0.260931
0 0.789062 0.384259 0.028125 0.15 0.261733
0 0.789062 0.386111 0.0239583 0.15 0.264721
0 0.789583 0.385185 0.025 0.151852 0.265697
0 0.848437 0.578704 0.107292 0.609259 0.267275
0 0.451562 0.366667 0.015625 0.0851852 0.26795
0 0.215625 0.377778 0.0208333 0.107407 0.268233
24 0.973958 0.484259 0.0520833 0.231481 0.270804
0 0.288542 0.381481 0.03125 0.137037 0.271134
0 0.790104 0.381481 0.0260417 0.144444 0.271182
13 0.372917 0.786111 0.329167 0.416667 0.27903
0 0.476562 0.383333 0.028125 0.133333 0.281069
13 0.373437 0.787037 0.328125 0.414815 0.281266
0 0.241146 0.361111 0.015625 0.062963 0.281286
0 0.0588542 0.386111 0.0197917 0.0981481 0.281473
0 0.422917 0.371296 0.025 0.109259 0.291697
0 0.059375 0.387037 0.01875 0.0962963 0.293031
0 0.059375 0.386111 0.01875 0.0981481 0.293706
0 0.247396 0.353704 0.0197917 0.0703704 0.293718
0 0.422917 0.371296 0.025 0.109259 0.303591
0 0.789062 0.384259 0.0260417 0.15 0.305458
0 0.422917 0.371296 0.025 0.109259 0.312308
0 0.241146 0.357407 0.015625 0.0666667 0.314392
0 0.384375 0.375 0.0208333 0.12037 0.318152
0 0.384375 0.375 0.0208333 0.12037 0.325017
24 0.96875 0.491667 0.0625 0.238889 0.327656
0 0.380208 0.375926 0.025 0.118519 0.333764
0 0.384375 0.375 0.0208333 0.12037 0.334365
0 0.289062 0.383333 0.0302083 0.137037 0.335174
24 0.969792 0.485185 0.0604167 0.244444 0.336868
24 0.970312 0.485185 0.059375 0.244444 0.339769
0 0.241146 0.357407 0.015625 0.0666667 0.339931
0 0.43125 0.372222 0.0333333 0.107407 0.341088
0 0.127083 0.391667 0.025 0.112963 0.350581
24 0.970312 0.485185 0.059375 0.240741 0.362984
0 0.847917 0.578704 0.10625 0.583333 0.374213
0 0.422396 0.369444 0.0197917 0.12037 0.38546
0 0.847917 0.578704 0.10625 0.587037 0.386729
0 0.476042 0.389815 0.0270833 0.146296 0.387605
0 0.476042 0.389815 0.0270833 0.146296 0.39289
0 0.126563 0.390741 0.0260417 0.111111 0.396964
0 0.789062 0.385185 0.0260417 0.148148 0.407708
0 0.479167 0.384259 0.0333333 0.15 0.416282
0 0.948438 0.55463 0.103125 0.583333 0.41763
0 0.478125 0.385185 0.0333333 0.151852 0.423017
0 0.127604 0.391667 0.0260417 0.109259 0.425323
0 0.126042 0.387037 0.025 0.107407 0.425385
0 0.44375 0.366667 0.0208333 0.1 0.426378
0 0.422396 0.369444 0.0197917 0.12037 0.427478
0 0.0572917 0.384259 0.01875 0.0981481 0.43543
0 0.422396 0.369444 0.0197917 0.12037 0.438672
0 0.126042 0.387963 0.025 0.109259 0.441227
0 0.126042 0.387963 0.025 0.109259 0.447598
0 0.379687 0.376852 0.0197917 0.112963 0.448759
0 0.478125 0.385185 0.0333333 0.148148 0.452746
0 0.948438 0.551852 0.103125 0.566667 0.464022
0 0.421875 0.372222 0.0208333 0.122222 0.464462
0 0.379167 0.376852 0.0208333 0.112963 0.464697
0 0.948958 0.553704 0.102083 0.566667 0.479059
0 0.379687 0.376852 0.0197917 0.112963 0.485232
0 0.422917 0.372222 0.0208333 0.118519 0.494272
0 0.44375 0.366667 0.01875 0.0925926 0.494401
0 0.380208 0.372222 0.0229167 0.114815 0.497302
0 0.422917 0.372222 0.0208333 0.118519 0.500084
0 0.379687 0.373148 0.021875 0.112963 0.501837
0 0.422917 0.371296 0.0208333 0.12037 0.506691
0 0.126563 0.393519 0.0239583 0.112963 0.512525
0 0.44375 0.366667 0.01875 0.0962963 0.517291
0 0.44375 0.366667 0.01875 0.0962963 0.518561
0 0.379687 0.376852 0.0239583 0.12037 0.519097
0 0.127083 0.391667 0.0229167 0.112963 0.519833
0 0.44375 0.366667 0.0208333 0.0925926 0.520153
0 0.380208 0.372222 0.0229167 0.114815 0.520328
0 0.0572917 0.387037 0.0208333 0.0962963 0.523763
0 0.126563 0.390741 0.0260417 0.111111 0.527038
0 0.127083 0.389815 0.025 0.109259 0.528375
0 0.476562 0.384259 0.028125 0.146296 0.528443
0 0.476562 0.384259 0.028125 0.146296 0.534578
0 0.127083 0.393519 0.025 0.112963 0.536073
0 0.444271 0.365741 0.0197917 0.0944444 0.539549
0 0.127083 0.393519 0.025 0.112963 0.542123
0 0.444271 0.366667 0.0197917 0.0925926 0.550336
0 0.852604 0.576852 0.105208 0.583333 0.550433
0 0.0572917 0.387037 0.01875 0.1 0.560298
0 0.852604 0.575926 0.105208 0.585185 0.580036
0 0.0578125 0.386111 0.0197917 0.0981481 0.58493
0 0.291146 0.383333 0.0302083 0.148148 0.587101
0 0.289583 0.385185 0.03125 0.148148 0.59159
0 0.559896 0.382407 0.034375 0.194444 0.592848
0 0.290625 0.383333 0.03125 0.148148 0.594248
0 0.422917 0.372222 0.0208333 0.122222 0.596764
0 0.559896 0.382407 0.034375 0.194444 0.599638
0 0.852083 0.576852 0.104167 0.583333 0.603772
0 0.0578125 0.387037 0.0197917 0.1 0.604847
0 0.0588542 0.388889 0.0197917 0.1 0.607339
0 0.289583 0.385185 0.03125 0.148148 0.607736
0 0.0578125 0.387037 0.0197917 0.1 0.610613
0 0.948438 0.551852 0.103125 0.562963 0.618063
0 0.289583 0.384259 0.03125 0.146296 0.618526
0 0.477083 0.387963 0.03125 0.15 0.619529
0 0.380729 0.374074 0.021875 0.118519 0.619703
0 0.0588542 0.387963 0.0197917 0.101852 0.623015
0 0.289062 0.384259 0.0322917 0.142593 0.629159
0 0.0588542 0.387963 0.0197917 0.101852 0.629546
0 0.289062 0.383333 0.0322917 0.144444 0.63249
0 0.477083 0.387037 0.03125 0.151852 0.643513
0 0.380729 0.375 0.021875 0.116667 0.660237
0 0.289062 0.383333 0.0322917 0.140741 0.663776
0 0.476562 0.387037 0.0302083 0.151852 0.666826
0 0.477083 0.387037 0.03125 0.151852 0.668033
0 0.477083 0.387037 0.03125 0.148148 0.672403
0 0.379687 0.374074 0.021875 0.114815 0.673108
0 0.288542 0.381481 0.03125 0.148148 0.674869
0 0.379687 0.374074 0.021875 0.114815 0.675751
0 0.477604 0.387037 0.0302083 0.151852 0.676146
0 0.379687 0.374074 0.021875 0.114815 0.676498
0 0.288542 0.381481 0.03125 0.148148 0.67743
0 0.477083 0.386111 0.0291667 0.153704 0.684892
0 0.947396 0.555556 0.105208 0.551852 0.685481
0 0.289583 0.384259 0.03125 0.146296 0.688926
0 0.127604 0.391667 0.0239583 0.112963 0.698065
0 0.289583 0.384259 0.03125 0.146296 0.698426
0 0.946875 0.556481 0.10625 0.557407 0.701343
0 0.477083 0.387037 0.03125 0.148148 0.70419
0 0.127604 0.391667 0.0239583 0.112963 0.715157
0 0.477083 0.387037 0.03125 0.148148 0.715196
0 0.289583 0.382407 0.03125 0.146296 0.715808
0 0.289583 0.384259 0.03125 0.146296 0.716777
0 0.127083 0.391667 0.025 0.109259 0.727415
0 0.289583 0.383333 0.03125 0.144444 0.727417
0 0.127604 0.391667 0.0239583 0.112963 0.727531
0 0.947396 0.558333 0.105208 0.572222 0.729747
0 0.126563 0.391667 0.0239583 0.109259 0.740151
0 0.128125 0.390741 0.025 0.111111 0.743856
0 0.947396 0.556481 0.105208 0.572222 0.745085
0 0.128125 0.390741 0.025 0.111111 0.750162
0 0.477083 0.387037 0.03125 0.148148 0.750357
0 0.851562 0.576852 0.103125 0.583333 0.756361
0 0.560417 0.383333 0.0333333 0.181481 0.761118
0 0.127604 0.390741 0.0239583 0.111111 0.762129
0 0.560417 0.383333 0.0333333 0.181481 0.773147
0 0.560417 0.383333 0.0333333 0.181481 0.774887
0 0.560417 0.383333 0.0354167 0.181481 0.782986
0 0.851562 0.576852 0.103125 0.575926 0.786443
0 0.560417 0.384259 0.0354167 0.183333 0.792347
0 0.947917 0.558333 0.104167 0.561111 0.793377
0 0.560417 0.384259 0.0354167 0.183333 0.808054
0 0.559896 0.383333 0.034375 0.188889 0.808393
0 0.559375 0.383333 0.0333333 0.188889 0.811891
0 0.945833 0.556481 0.108333 0.55 0.828701
0 0.851562 0.576852 0.103125 0.575926 0.831885
0 0.560417 0.383333 0.0333333 0.185185 0.842144
0 0.853125 0.572222 0.102083 0.566667 0.844388
0 0.945833 0.555556 0.10625 0.551852 0.847734
0 0.947917 0.558333 0.104167 0.561111 0.850645
0 0.559896 0.384259 0.034375 0.187037 0.852166
0 0.559896 0.383333 0.034375 0.188889 0.86455
0 0.560417 0.384259 0.0333333 0.187037 0.864761
0 0.852604 0.573148 0.103125 0.572222 0.864898
0 0.559896 0.383333 0.034375 0.188889 0.867167
0 0.851562 0.575 0.103125 0.557407 0.870898
0 0.851042 0.575 0.104167 0.561111 0.876331
