0 0.495833 0.301852 0.025 0.125926 0.250294
0 0.328646 0.282407 0.0239583 0.0648148 0.250864
0 0.453646 0.312963 0.034375 0.177778 0.252476
0 0.189583 0.332407 0.04375 0.216667 0.256104
0 0.19375 0.344444 0.0458333 0.237037 0.258876
0 0.495833 0.302778 0.025 0.127778 0.259563
0 0.0614583 0.286111 0.0208333 0.0796296 0.261448
0 0.190104 0.332407 0.0447917 0.22037 0.262389
0 0.0625 0.290741 0.01875 0.0925926 0.265237
0 0.0609375 0.286111 0.0197917 0.0796296 0.26638
0 0.0619792 0.290741 0.0197917 0.0925926 0.267934
0 0.0916667 0.310185 0.025 0.124074 0.268021
26 0.891146 0.437963 0.0385417 0.168519 0.271379
0 0.0911458 0.312037 0.0260417 0.12037 0.271707
26 0.891146 0.437037 0.0385417 0.162963 0.271929
0 0.0609375 0.286111 0.0197917 0.0796296 0.280183
0 0.0625 0.290741 0.01875 0.0925926 0.283483
0 0.592708 0.311111 0.025 0.133333 0.283621
0 0.592708 0.311111 0.025 0.133333 0.284904
0 0.285937 0.280556 0.034375 0.109259 0.287492
26 0.891146 0.437037 0.0385417 0.162963 0.28882
0 0.622917 0.287963 0.025 0.0981481 0.294339
0 0.835417 0.513889 0.152083 0.716667 0.294755
0 0.288021 0.277778 0.0302083 0.111111 0.294832
0 0.285937 0.280556 0.034375 0.109259 0.295865
0 0.285937 0.280556 0.034375 0.109259 0.298545
0 0.410937 0.296296 0.028125 0.103704 0.300822
0 0.288021 0.277778 0.0302083 0.114815 0.301397
0 0.288021 0.277778 0.0302083 0.111111 0.303745
0 0.0614583 0.288889 0.01875 0.0851852 0.311222
0 0.090625 0.309259 0.025 0.122222 0.311278
0 0.0916667 0.311111 0.025 0.122222 0.313488
0 0.0911458 0.314815 0.021875 0.107407 0.319746
0 0.411979 0.296296 0.028125 0.103704 0.321811
0 0.411458 0.296296 0.0270833 0.103704 0.326426
0 0.0609375 0.287037 0.0197917 0.0851852 0.337142
0 0.952083 0.524074 0.0958333 0.733333 0.338004
0 0.622917 0.293519 0.0208333 0.0907407 0.338605
0 0.194271 0.34537 0.046875 0.246296 0.342964
0 0.835938 0.514815 0.153125 0.707407 0.346728
0 0.0921875 0.306481 0.021875 0.112963 0.348401
0 0.593229 0.314815 0.0302083 0.12963 0.350853
0 0.945312 0.523148 0.109375 0.735185 0.352885
0 0.0927083 0.307407 0.0208333 0.114815 0.353682
0 0.0921875 0.306481 0.021875 0.116667 0.368591
0 0.952083 0.525926 0.0958333 0.733333 0.372141
0 0.0916667 0.314815 0.0208333 0.114815 0.379956
0 0.0911458 0.314815 0.021875 0.114815 0.380433
0 0.495833 0.302778 0.0208333 0.127778 0.382641
0 0.595833 0.311111 0.03125 0.12963 0.383169
0 0.328646 0.278704 0.0239583 0.0685185 0.383979
0 0.329167 0.276852 0.025 0.0722222 0.385177
0 0.329167 0.276852 0.025 0.0685185 0.389598
0 0.622917 0.292593 0.0208333 0.0925926 0.392099
0 0.836458 0.513889 0.152083 0.701852 0.392979
0 0.328646 0.278704 0.0239583 0.0685185 0.394492
0 0.193229 0.333333 0.0427083 0.218519 0.395033
0 0.329167 0.277778 0.025 0.0666667 0.395521
0 0.495833 0.302778 0.0229167 0.127778 0.397256
0 0.495833 0.302778 0.0208333 0.127778 0.401188
0 0.622917 0.292593 0.0208333 0.0925926 0.40311
0 0.328646 0.27963 0.0239583 0.0666667 0.403798
0 0.415625 0.29537 0.0208333 0.105556 0.40453
0 0.600521 0.310185 0.040625 0.138889 0.405309
0 0.329167 0.277778 0.025 0.0666667 0.40628
0 0.329167 0.277778 0.025 0.0666667 0.411105
0 0.945833 0.522222 0.108333 0.740741 0.411123
0 0.950521 0.537037 0.0989583 0.737037 0.416324
0 0.559896 0.299074 0.028125 0.131481 0.418766
0 0.415104 0.298148 0.021875 0.103704 0.425927
0 0.192708 0.333333 0.0416667 0.218519 0.426942
0 0.6 0.310185 0.0395833 0.138889 0.431972
0 0.192708 0.333333 0.0416667 0.218519 0.443883
0 0.947917 0.546296 0.102083 0.759259 0.444205
0 0.415625 0.29537 0.0229167 0.109259 0.449617
0 0.599479 0.310185 0.0385417 0.138889 0.452957
0 0.595312 0.311111 0.0302083 0.137037 0.46879
0 0.416146 0.29537 0.021875 0.109259 0.471093
0 0.595312 0.311111 0.0302083 0.137037 0.473671
0 0.459375 0.308333 0.0375 0.168519 0.477894
0 0.286458 0.281481 0.03125 0.111111 0.481685
0 0.495833 0.303704 0.0208333 0.12963 0.487712
0 0.459375 0.308333 0.0375 0.168519 0.489303
0 0.285937 0.280556 0.0322917 0.109259 0.490236
0 0.559375 0.299074 0.0270833 0.135185 0.49147
0 0.285937 0.27963 0.0322917 0.118519 0.492774
0 0.0916667 0.311111 0.0229167 0.122222 0.494288
0 0.559375 0.298148 0.0270833 0.133333 0.498767
0 0.286458 0.280556 0.03125 0.109259 0.501549
0 0.416146 0.29537 0.021875 0.109259 0.503369
0 0.285937 0.280556 0.0322917 0.109259 0.504628
0 0.286458 0.280556 0.03125 0.109259 0.505669
0 0.559375 0.296296 0.0270833 0.133333 0.51117
0 0.415625 0.296296 0.0208333 0.103704 0.521678
0 0.559375 0.296296 0.0270833 0.137037 0.52358
0 0.415625 0.296296 0.0208333 0.103704 0.529633
0 0.593229 0.315741 0.0302083 0.135185 0.52986
0 0.593229 0.315741 0.0302083 0.135185 0.533865
0 0.19375 0.337037 0.0416667 0.225926 0.536483
0 0.415625 0.296296 0.0208333 0.103704 0.542679
0 0.455729 0.315741 0.0364583 0.175926 0.560003
0 0.286458 0.281481 0.03125 0.111111 0.560961
0 0.19375 0.336111 0.0416667 0.227778 0.56127
0 0.831771 0.512037 0.138542 0.687037 0.566749
0 0.286458 0.27963 0.0333333 0.111111 0.567009
0 0.286458 0.280556 0.03125 0.109259 0.571
0 0.495833 0.3 0.0208333 0.12963 0.5718
0 0.496354 0.303704 0.021875 0.125926 0.5776
0 0.495833 0.3 0.0208333 0.12963 0.57788
0 0.495833 0.3 0.0208333 0.12963 0.577901
0 0.286458 0.27963 0.0333333 0.111111 0.577958
0 0.286458 0.280556 0.03125 0.109259 0.57948
0 0.286458 0.27963 0.0333333 0.111111 0.584452
0 0.623438 0.288889 0.021875 0.0925926 0.586044
0 0.559375 0.29537 0.0270833 0.131481 0.590351
0 0.622396 0.287963 0.021875 0.0944444 0.594224
0 0.0916667 0.312037 0.0229167 0.116667 0.594244
0 0.495833 0.301852 0.0229167 0.125926 0.595789
0 0.0911458 0.312037 0.0239583 0.116667 0.595798
0 0.623958 0.287037 0.0229167 0.0925926 0.599627
0 0.0916667 0.312037 0.0229167 0.116667 0.600649
0 0.558854 0.297222 0.0260417 0.135185 0.606686
0 0.194271 0.342593 0.0427083 0.248148 0.607227
0 0.194792 0.339815 0.0416667 0.235185 0.60728
0 0.194271 0.343519 0.0427083 0.246296 0.60904
0 0.194792 0.342593 0.04375 0.244444 0.610551
0 0.559375 0.298148 0.0270833 0.137037 0.61299
0 0.495833 0.302778 0.0229167 0.124074 0.614175
0 0.495833 0.302778 0.0229167 0.124074 0.617746
0 0.594271 0.314815 0.0302083 0.133333 0.618418
0 0.194792 0.339815 0.0416667 0.238889 0.619157
0 0.194792 0.338889 0.0416667 0.237037 0.623618
0 0.623438 0.288889 0.021875 0.0962963 0.624308
0 0.0916667 0.310185 0.0229167 0.12037 0.624556
0 0.835417 0.514815 0.141667 0.707407 0.630402
0 0.457292 0.314815 0.0333333 0.177778 0.631139
0 0.457292 0.315741 0.0333333 0.175926 0.631644
0 0.286979 0.27963 0.0322917 0.114815 0.632646
0 0.286458 0.27963 0.03125 0.114815 0.634066
0 0.623438 0.288889 0.021875 0.0962963 0.636852
0 0.623958 0.287037 0.0229167 0.0925926 0.637311
0 0.623958 0.287037 0.0229167 0.0925926 0.63872
0 0.286979 0.27963 0.0322917 0.114815 0.645248
0 0.0911458 0.311111 0.021875 0.114815 0.64602
0 0.0911458 0.311111 0.021875 0.114815 0.648133
0 0.0911458 0.311111 0.021875 0.114815 0.652385
0 0.559375 0.296296 0.0270833 0.133333 0.652934
0 0.0916667 0.312037 0.0229167 0.12037 0.654404
0 0.457812 0.315741 0.034375 0.17963 0.665778
0 0.559375 0.298148 0.0270833 0.137037 0.674385
0 0.457812 0.315741 0.034375 0.17963 0.678959
0 0.558854 0.296296 0.0260417 0.133333 0.681606
0 0.594271 0.312037 0.0302083 0.135185 0.702953
0 0.496354 0.302778 0.021875 0.124074 0.708652
0 0.559896 0.298148 0.0260417 0.137037 0.712255
0 0.594271 0.312037 0.0302083 0.135185 0.715865
0 0.623438 0.287963 0.021875 0.0944444 0.716338
0 0.558854 0.29537 0.0260417 0.135185 0.717491
0 0.457292 0.315741 0.0354167 0.175926 0.7176
0 0.558854 0.29537 0.0260417 0.135185 0.718822
0 0.951042 0.534259 0.0979167 0.735185 0.734963
0 0.558854 0.296296 0.0260417 0.12963 0.735563
0 0.594271 0.312037 0.0302083 0.135185 0.740597
0 0.457292 0.316667 0.0354167 0.174074 0.744495
0 0.949479 0.52963 0.101042 0.737037 0.750069
0 0.558854 0.296296 0.0260417 0.137037 0.757715
0 0.457812 0.314815 0.034375 0.177778 0.759059
0 0.558854 0.297222 0.0239583 0.131481 0.765964
0 0.835938 0.514815 0.146875 0.718518 0.770032
0 0.558854 0.297222 0.0239583 0.131481 0.770743
0 0.457292 0.315741 0.0354167 0.175926 0.775895
0 0.59375 0.312037 0.03125 0.138889 0.780857
0 0.594271 0.314815 0.0302083 0.137037 0.782536
0 0.944792 0.528704 0.110417 0.742593 0.783025
0 0.594271 0.314815 0.0302083 0.137037 0.783343
0 0.457812 0.314815 0.034375 0.177778 0.783645
0 0.835938 0.514815 0.146875 0.714815 0.790093
0 0.835938 0.513889 0.146875 0.694444 0.791018
0 0.594271 0.312037 0.0302083 0.138889 0.794783
0 0.59375 0.312037 0.03125 0.138889 0.801615
0 0.457812 0.314815 0.034375 0.177778 0.802317
0 0.456771 0.314815 0.034375 0.177778 0.812744
0 0.456771 0.314815 0.034375 0.181481 0.818815
0 0.945312 0.528704 0.109375 0.746296 0.823896
0 0.835938 0.512963 0.146875 0.696296 0.83547
0 0.94375 0.528704 0.1125 0.75 0.847433
0 0.94375 0.528704 0.1125 0.742593 0.875424
0 0.835417 0.514815 0.145833 0.703704 0.894531
0 0.835938 0.514815 0.144792 0.7 0.894899
0 0.833854 0.510185 0.142708 0.72037 0.905358
