0 0.04375 0.371296 0.04375 0.161111 0.250701
26 0.659375 0.342593 0.025 0.0555556 0.252284
0 0.478125 0.346296 0.0229167 0.0851852 0.256587
0 0.378646 0.321296 0.0177083 0.0759259 0.257322
0 0.376042 0.328704 0.0166667 0.0722222 0.25877
26 0.658854 0.342593 0.0260417 0.0555556 0.260342
0 0.651042 0.365741 0.04375 0.205556 0.260473
0 0.518229 0.348148 0.015625 0.107407 0.261712
0 0.378125 0.325926 0.0166667 0.0740741 0.264226
0 0.478125 0.340741 0.0229167 0.0888889 0.26633
0 0.267188 0.351852 0.0322917 0.103704 0.270536
0 0.517187 0.353704 0.0177083 0.118519 0.27461
0 0.267188 0.351852 0.0322917 0.103704 0.278819
26 0.658854 0.343519 0.0260417 0.0574074 0.282451
0 0.478125 0.340741 0.0229167 0.0925926 0.283188
0 0.378646 0.321296 0.0177083 0.0759259 0.286603
0 0.376042 0.328704 0.0166667 0.0722222 0.291898
0 0.517708 0.352778 0.0166667 0.116667 0.293345
0 0.478125 0.340741 0.0229167 0.0925926 0.295797
0 0.504167 0.361111 0.0291667 0.137037 0.29767
0 0.51875 0.330556 0.0166667 0.0574074 0.299154
0 0.104687 0.362963 0.0322917 0.144444 0.345427
0 0.377604 0.325926 0.015625 0.0740741 0.358114
0 0.644792 0.368519 0.0520833 0.211111 0.358825
0 0.644271 0.368519 0.0510417 0.211111 0.361438
0 0.453646 0.360185 0.028125 0.135185 0.365037
0 0.103125 0.369444 0.03125 0.146296 0.374302
0 0.104687 0.362963 0.0322917 0.144444 0.379657
0 0.103125 0.369444 0.0291667 0.146296 0.38424
0 0.104167 0.367593 0.0333333 0.146296 0.386767
0 0.501042 0.357407 0.025 0.125926 0.389023
0 0.104167 0.367593 0.0333333 0.146296 0.389916
0 0.333854 0.336111 0.0260417 0.0833333 0.392645
0 0.377604 0.325926 0.015625 0.0740741 0.395103
0 0.104167 0.366667 0.0333333 0.144444 0.407361
0 0.453646 0.359259 0.0260417 0.12963 0.408374
0 0.0447917 0.375926 0.05 0.151852 0.408832
0 0.104687 0.362963 0.0322917 0.144444 0.410163
0 0.0447917 0.375 0.05 0.153704 0.410387
0 0.645312 0.366667 0.0489583 0.203704 0.417387
0 0.334375 0.337963 0.0208333 0.0796296 0.420206
0 0.502604 0.359259 0.028125 0.133333 0.421155
0 0.334375 0.337963 0.0208333 0.0796296 0.435444
0 0.334375 0.337963 0.0208333 0.0796296 0.449635
0 0.503125 0.360185 0.0291667 0.138889 0.457796
0 0.502083 0.361111 0.0291667 0.137037 0.458744
0 0.647917 0.369444 0.0458333 0.209259 0.468614
0 0.647396 0.369444 0.0447917 0.212963 0.471987
0 0.0453125 0.375 0.0489583 0.153704 0.472162
0 0.502604 0.360185 0.028125 0.135185 0.496333
0 0.645833 0.37037 0.0479167 0.211111 0.500282
0 0.645312 0.366667 0.0489583 0.203704 0.508047
0 0.334375 0.337963 0.01875 0.0796296 0.508076
0 0.0473958 0.377778 0.0385417 0.148148 0.518609
0 0.645833 0.369444 0.0479167 0.212963 0.519736
0 0.104167 0.368519 0.0333333 0.151852 0.521313
0 0.645833 0.369444 0.0479167 0.212963 0.53572
0 0.104167 0.368519 0.0333333 0.148148 0.537066
0 0.503646 0.360185 0.0302083 0.138889 0.537223
0 0.502604 0.362037 0.0302083 0.138889 0.539301
0 0.0473958 0.377778 0.0385417 0.148148 0.544221
0 0.503646 0.361111 0.0302083 0.137037 0.557007
0 0.646354 0.366667 0.046875 0.211111 0.573968
0 0.501562 0.357407 0.0239583 0.140741 0.580848
0 0.0447917 0.375 0.0479167 0.153704 0.582537
0 0.501562 0.357407 0.0239583 0.140741 0.587941
0 0.502083 0.359259 0.0270833 0.137037 0.591038
0 0.503125 0.362037 0.0291667 0.138889 0.591507
0 0.504687 0.363889 0.0302083 0.138889 0.592228
0 0.0442708 0.372222 0.046875 0.155556 0.592649
0 0.646875 0.367593 0.0458333 0.216667 0.595497
0 0.645312 0.366667 0.0489583 0.207407 0.602789
0 0.453646 0.362963 0.028125 0.148148 0.605206
0 0.502604 0.362037 0.0302083 0.138889 0.608577
0 0.453646 0.362037 0.028125 0.146296 0.61184
0 0.502604 0.359259 0.028125 0.133333 0.614817
0 0.504687 0.362963 0.0302083 0.140741 0.620345
0 0.104687 0.364815 0.0322917 0.140741 0.622549
0 0.0453125 0.375926 0.046875 0.151852 0.623956
0 0.454167 0.362037 0.0270833 0.146296 0.626034
0 0.454167 0.362963 0.0291667 0.148148 0.632097
0 0.220833 0.417593 0.102083 0.375926 0.633206
0 0.220833 0.416667 0.102083 0.377778 0.633737
0 0.220833 0.416667 0.102083 0.377778 0.635233
0 0.0453125 0.372222 0.046875 0.155556 0.637813
0 0.453646 0.362037 0.028125 0.146296 0.639691
0 0.0447917 0.375 0.0458333 0.153704 0.640788
0 0.0453125 0.375 0.046875 0.153704 0.642041
0 0.504687 0.363889 0.0302083 0.138889 0.647269
0 0.64375 0.367593 0.0479167 0.212963 0.648078
0 0.222396 0.418519 0.103125 0.381481 0.652747
0 0.453646 0.360185 0.0260417 0.146296 0.658988
0 0.453646 0.362963 0.028125 0.148148 0.659566
0 0.0453125 0.375926 0.046875 0.151852 0.659718
0 0.453646 0.359259 0.0260417 0.144444 0.662206
0 0.0447917 0.375 0.0458333 0.153704 0.663705
0 0.104687 0.364815 0.0322917 0.140741 0.663949
0 0.222396 0.418519 0.103125 0.381481 0.67802
0 0.454167 0.362963 0.0291667 0.148148 0.678625
0 0.333854 0.338889 0.0197917 0.0814815 0.682428
0 0.645833 0.369444 0.0479167 0.216667 0.686054
0 0.645833 0.37037 0.0479167 0.214815 0.686883
0 0.644792 0.367593 0.0479167 0.212963 0.686897
0 0.333854 0.337963 0.0197917 0.0796296 0.687098
0 0.104687 0.366667 0.0322917 0.144444 0.693597
0 0.0447917 0.372222 0.0458333 0.155556 0.693727
0 0.0453125 0.375926 0.046875 0.151852 0.694528
0 0.333854 0.337963 0.0197917 0.0833333 0.70097
0 0.0453125 0.375 0.046875 0.153704 0.706429
0 0.333854 0.338889 0.0197917 0.0814815 0.709427
0 0.104687 0.366667 0.0322917 0.144444 0.709788
0 0.453646 0.361111 0.028125 0.148148 0.71046
0 0.334375 0.339815 0.0208333 0.087037 0.714108
0 0.104687 0.364815 0.0322917 0.140741 0.714658
0 0.644792 0.367593 0.0479167 0.212963 0.717359
0 0.453646 0.360185 0.028125 0.146296 0.717747
0 0.104167 0.365741 0.0333333 0.142593 0.717828
0 0.104167 0.365741 0.0333333 0.146296 0.720379
0 0.454167 0.362037 0.0291667 0.15 0.722165
0 0.334896 0.339815 0.0197917 0.087037 0.731301
0 0.334375 0.339815 0.0208333 0.087037 0.732635
0 0.104687 0.366667 0.0322917 0.144444 0.748308
0 0.453646 0.361111 0.028125 0.144444 0.756527
0 0.453646 0.360185 0.028125 0.142593 0.765137
0 0.454167 0.362963 0.0270833 0.148148 0.765346
0 0.223438 0.417593 0.105208 0.375926 0.829362
0 0.223438 0.416667 0.105208 0.374074 0.834426
0 0.223438 0.417593 0.105208 0.375926 0.840641
0 0.223958 0.419444 0.104167 0.375926 0.841796
0 0.222917 0.418519 0.104167 0.377778 0.876448
0 0.222917 0.419444 0.104167 0.375926 0.883783
0 0.223438 0.417593 0.101042 0.37963 0.883864
0 0.223958 0.418519 0.102083 0.374074 0.884414
0 0.222917 0.418519 0.102083 0.377778 0.887416
0 0.223958 0.419444 0.104167 0.375926 0.888227
