0 0.575521 0.478704 0.034375 0.153704 0.251297
0 0.575521 0.484259 0.0322917 0.135185 0.251544
26 0.0848958 0.601852 0.0385417 0.0851852 0.252474
0 0.482292 0.449074 0.0145833 0.0981481 0.252796
13 0.465625 0.580556 0.120833 0.0685185 0.254823
25 0.0447917 0.34537 0.0875 0.0685185 0.255699
0 0.223438 0.449074 0.015625 0.0685185 0.255723
0 0.660937 0.530556 0.0572917 0.294444 0.255813
0 0.071875 0.494444 0.03125 0.12963 0.256085
0 0.464583 0.456481 0.0270833 0.0944444 0.257643
0 0.422917 0.449074 0.0166667 0.0796296 0.258375
0 0.278646 0.455556 0.0197917 0.0851852 0.25986
13 0.465104 0.578704 0.134375 0.0759259 0.260653
13 0.465625 0.57963 0.120833 0.0666667 0.262554
0 0.0713542 0.494444 0.0302083 0.12963 0.264231
13 0.470313 0.57963 0.140625 0.0814815 0.265764
13 0.464063 0.577778 0.121875 0.0703704 0.266449
0 0.423438 0.447222 0.0177083 0.0796296 0.273907
0 0.223438 0.448148 0.015625 0.0666667 0.280055
0 0.442187 0.45 0.015625 0.0740741 0.280676
13 0.464583 0.57963 0.122917 0.0703704 0.285183
0 0.0723958 0.493519 0.0302083 0.138889 0.286323
0 0.117188 0.546296 0.0510417 0.281481 0.288616
28 0.0848958 0.602778 0.0385417 0.0796296 0.290952
28 0.0854167 0.602778 0.0416667 0.0833333 0.291135
0 0.470833 0.455556 0.025 0.0925926 0.295034
0 0.665104 0.534259 0.065625 0.301852 0.295288
0 0.117188 0.546296 0.0510417 0.281481 0.298088
0 0.0723958 0.493519 0.0322917 0.138889 0.299992
0 0.442187 0.45 0.015625 0.0740741 0.306791
0 0.423438 0.446296 0.0177083 0.0777778 0.307761
0 0.071875 0.493519 0.03125 0.138889 0.309554
28 0.0859375 0.602778 0.0427083 0.0833333 0.310283
28 0.0854167 0.600926 0.0395833 0.0796296 0.310693
28 0.0854167 0.600926 0.0395833 0.0796296 0.311834
28 0.0859375 0.602778 0.0427083 0.0833333 0.312929
0 0.470833 0.45463 0.025 0.0944444 0.313627
28 0.0854167 0.602778 0.0375 0.0796296 0.313728
0 0.480729 0.452778 0.0177083 0.0944444 0.315677
0 0.478646 0.452778 0.0197917 0.0981481 0.317672
0 0.117188 0.54537 0.0510417 0.283333 0.317985
0 0.470833 0.45463 0.025 0.0944444 0.320025
0 0.423438 0.447222 0.0177083 0.0796296 0.32412
0 0.482812 0.448148 0.0135417 0.0962963 0.326481
0 0.135417 0.512963 0.0645833 0.2 0.32708
0 0.660417 0.523148 0.05 0.298148 0.331328
0 0.0723958 0.512963 0.0322917 0.17037 0.331665
0 0.480208 0.452778 0.01875 0.0981481 0.334114
0 0.482812 0.448148 0.0135417 0.0962963 0.33559
0 0.665104 0.533333 0.065625 0.3 0.341529
0 0.421875 0.441667 0.0166667 0.0833333 0.342031
0 0.151042 0.498148 0.0333333 0.166667 0.344196
0 0.0729167 0.512963 0.0333333 0.17037 0.348169
0 0.151042 0.499074 0.0333333 0.164815 0.352504
0 0.0723958 0.512963 0.0322917 0.17037 0.354175
0 0.470313 0.453704 0.0239583 0.0925926 0.360727
0 0.151042 0.499074 0.0333333 0.168519 0.365744
0 0.132812 0.512963 0.065625 0.203704 0.36632
0 0.132812 0.512963 0.065625 0.2 0.371007
0 0.150521 0.499074 0.0322917 0.164815 0.371514
0 0.457812 0.457407 0.015625 0.0888889 0.377641
0 0.470833 0.453704 0.025 0.0962963 0.378915
28 0.0848958 0.601852 0.040625 0.0814815 0.381507
0 0.422917 0.44537 0.0166667 0.0833333 0.382941
0 0.151042 0.498148 0.0333333 0.166667 0.386309
0 0.071875 0.489815 0.03125 0.116667 0.388102
0 0.470833 0.453704 0.025 0.0962963 0.388396
0 0.114583 0.54537 0.05625 0.264815 0.390362
0 0.457812 0.45463 0.015625 0.087037 0.393662
0 0.458333 0.457407 0.0166667 0.0888889 0.394451
0 0.151562 0.502778 0.0322917 0.164815 0.399844
0 0.479688 0.451852 0.0177083 0.1 0.400487
0 0.457292 0.45463 0.0145833 0.0833333 0.408211
0 0.458333 0.457407 0.0166667 0.0888889 0.4134
0 0.151562 0.502778 0.0322917 0.164815 0.415811
0 0.479167 0.451852 0.01875 0.1 0.417306
28 0.0848958 0.600926 0.040625 0.0796296 0.417585
28 0.0854167 0.600926 0.0416667 0.0833333 0.419527
0 0.115625 0.537963 0.0520833 0.268519 0.425007
0 0.423438 0.44537 0.015625 0.0833333 0.435737
0 0.422917 0.44537 0.0166667 0.087037 0.439161
0 0.457292 0.453704 0.0145833 0.0851852 0.453449
0 0.478125 0.450926 0.0208333 0.0981481 0.453629
0 0.0723958 0.489815 0.0302083 0.12037 0.457499
0 0.423438 0.44537 0.015625 0.0833333 0.46082
0 0.0723958 0.489815 0.0302083 0.12037 0.464462
0 0.479167 0.45 0.01875 0.0962963 0.473512
0 0.479688 0.450926 0.0177083 0.0944444 0.475769
0 0.665104 0.534259 0.0635417 0.298148 0.525358
0 0.115104 0.540741 0.0552083 0.274074 0.530299
0 0.665104 0.533333 0.0614583 0.296296 0.555244
0 0.071875 0.501852 0.03125 0.151852 0.558054
0 0.071875 0.502778 0.03125 0.153704 0.559716
0 0.115625 0.540741 0.0541667 0.266667 0.560207
0 0.576563 0.482407 0.034375 0.153704 0.576014
0 0.071875 0.501852 0.03125 0.151852 0.577932
0 0.665104 0.534259 0.0614583 0.298148 0.58253
0 0.0265625 0.511111 0.040625 0.188889 0.586108
0 0.576563 0.482407 0.034375 0.153704 0.586572
0 0.153125 0.499074 0.0333333 0.164815 0.59482
0 0.071875 0.500926 0.03125 0.15 0.597472
0 0.0265625 0.511111 0.040625 0.188889 0.598739
0 0.071875 0.500926 0.03125 0.15 0.601725
0 0.071875 0.507407 0.03125 0.151852 0.606571
0 0.028125 0.514815 0.0395833 0.188889 0.60875
0 0.0713542 0.507407 0.0302083 0.151852 0.61028
0 0.153125 0.5 0.0333333 0.166667 0.618997
0 0.028125 0.513889 0.0395833 0.187037 0.623977
0 0.071875 0.500926 0.03125 0.15 0.628018
0 0.576563 0.484259 0.0322917 0.153704 0.641583
0 0.576042 0.484259 0.0333333 0.153704 0.647633
0 0.576042 0.483333 0.0333333 0.151852 0.660178
0 0.154167 0.5 0.03125 0.159259 0.665745
0 0.154167 0.5 0.03125 0.162963 0.667392
0 0.0286458 0.513889 0.040625 0.187037 0.668302
0 0.153125 0.5 0.0333333 0.166667 0.675322
0 0.153125 0.500926 0.0333333 0.168519 0.678155
0 0.153646 0.500926 0.0322917 0.168519 0.679966
0 0.115625 0.543519 0.0520833 0.264815 0.682733
0 0.0286458 0.513889 0.040625 0.187037 0.691595
0 0.153646 0.501852 0.034375 0.17037 0.695193
0 0.575 0.485185 0.0333333 0.151852 0.695608
0 0.575 0.485185 0.0333333 0.151852 0.698115
0 0.116146 0.540741 0.053125 0.262963 0.706544
0 0.665104 0.531482 0.059375 0.3 0.708863
0 0.115625 0.543519 0.0541667 0.272222 0.713816
0 0.0286458 0.512963 0.040625 0.188889 0.719268
0 0.665625 0.531482 0.0604167 0.3 0.733442
0 0.115625 0.542593 0.0520833 0.274074 0.736448
0 0.663021 0.52963 0.0510417 0.311111 0.744475
0 0.153646 0.499074 0.0322917 0.161111 0.746026
0 0.115104 0.543519 0.053125 0.272222 0.746189
0 0.153646 0.498148 0.0322917 0.162963 0.750709
0 0.663542 0.531482 0.0583333 0.296296 0.751653
0 0.115625 0.542593 0.0520833 0.274074 0.756477
0 0.576042 0.484259 0.0333333 0.153704 0.761426
0 0.575521 0.484259 0.034375 0.15 0.765602
0 0.115625 0.542593 0.0520833 0.27037 0.766029
0 0.575521 0.486111 0.034375 0.15 0.766683
0 0.664062 0.532407 0.0572917 0.301852 0.768524
0 0.665104 0.531482 0.059375 0.3 0.771707
0 0.664062 0.532407 0.0572917 0.301852 0.778342
0 0.0286458 0.512963 0.040625 0.188889 0.779223
0 0.664583 0.533333 0.0604167 0.3 0.780311
0 0.664062 0.531482 0.0572917 0.303704 0.781049
0 0.115625 0.542593 0.0520833 0.274074 0.782639
0 0.115625 0.542593 0.0520833 0.274074 0.784696
0 0.664583 0.534259 0.0604167 0.298148 0.788615
0 0.575521 0.485185 0.034375 0.151852 0.788799
0 0.0286458 0.512963 0.040625 0.188889 0.792169
0 0.575521 0.485185 0.034375 0.151852 0.792541
0 0.0286458 0.512963 0.040625 0.188889 0.796444
0 0.0286458 0.512037 0.040625 0.187037 0.80065
0 0.0286458 0.512963 0.040625 0.188889 0.805215
0 0.576042 0.485185 0.0333333 0.151852 0.810755
0 0.6625 0.532407 0.0541667 0.316667 0.815491
0 0.576042 0.485185 0.0333333 0.151852 0.819245
0 0.0286458 0.512963 0.040625 0.188889 0.819544
0 0.0265625 0.512963 0.040625 0.185185 0.831799
0 0.576042 0.485185 0.0333333 0.151852 0.834669
0 0.0265625 0.513889 0.040625 0.187037 0.836933
