0 0.357812 0.339815 0.015625 0.0611111 0.250099
0 0.357812 0.338889 0.0177083 0.062963 0.253684
0 0.476042 0.384259 0.0291667 0.138889 0.259308
0 0.476562 0.382407 0.028125 0.135185 0.261195
0 0.560938 0.381481 0.028125 0.125926 0.26177
0 0.559896 0.390741 0.028125 0.118519 0.269018
0 0.357292 0.338889 0.0145833 0.0666667 0.273846
0 0.436458 0.371296 0.03125 0.164815 0.275919
0 0.475521 0.387037 0.0302083 0.148148 0.280496
0 0.586979 0.344444 0.015625 0.0703704 0.281825
0 0.476042 0.387037 0.0291667 0.151852 0.282788
0 0.540625 0.384259 0.0208333 0.116667 0.282871
0 0.539583 0.386111 0.05 0.116667 0.284703
0 0.540625 0.385185 0.01875 0.114815 0.287252
0 0.559896 0.390741 0.028125 0.118519 0.288486
0 0.436458 0.372222 0.03125 0.162963 0.289195
0 0.540104 0.385185 0.0197917 0.114815 0.289325
0 0.559896 0.391667 0.028125 0.116667 0.290704
0 0.415104 0.334259 0.0177083 0.0907407 0.29924
0 0.440625 0.373148 0.03125 0.168519 0.300618
0 0.559896 0.384259 0.028125 0.12037 0.30258
0 0.357292 0.339815 0.0145833 0.0611111 0.307637
0 0.416667 0.334259 0.0166667 0.0907407 0.30866
0 0.439583 0.372222 0.03125 0.166667 0.31417
0 0.539583 0.386111 0.0479167 0.116667 0.315018
0 0.415104 0.337963 0.015625 0.0833333 0.325673
0 0.357812 0.339815 0.015625 0.0611111 0.327586
0 0.586979 0.346296 0.015625 0.0703704 0.331256
0 0.586458 0.344444 0.0145833 0.0703704 0.333371
0 0.791146 0.383333 0.0427083 0.192593 0.33378
0 0.415625 0.337037 0.0166667 0.0851852 0.334948
0 0.476042 0.385185 0.0291667 0.137037 0.335544
0 0.789062 0.382407 0.0489583 0.190741 0.336382
0 0.357292 0.339815 0.0145833 0.0648148 0.339647
0 0.00989583 0.373148 0.0197917 0.112963 0.34183
0 0.559896 0.385185 0.028125 0.122222 0.343291
0 0.5875 0.347222 0.0145833 0.0759259 0.345099
0 0.791146 0.382407 0.0427083 0.194444 0.348253
0 0.559896 0.384259 0.028125 0.12037 0.348901
0 0.539062 0.386111 0.0489583 0.116667 0.349223
0 0.586458 0.344444 0.0145833 0.0703704 0.353365
0 0.357292 0.338889 0.0145833 0.062963 0.356719
0 0.638021 0.366667 0.028125 0.12963 0.356835
0 0.558333 0.389815 0.0291667 0.116667 0.36629
0 0.415104 0.337963 0.015625 0.0833333 0.366329
0 0.529688 0.382407 0.034375 0.124074 0.372629
0 0.00989583 0.374074 0.0197917 0.118519 0.384356
0 0.530729 0.386111 0.0302083 0.12037 0.386435
0 0.00989583 0.374074 0.0197917 0.114815 0.387892
0 0.586458 0.346296 0.0145833 0.0703704 0.390072
0 0.530208 0.382407 0.0333333 0.12037 0.392412
0 0.789062 0.382407 0.0510417 0.190741 0.394896
0 0.529688 0.382407 0.034375 0.12037 0.395382
0 0.789583 0.382407 0.05 0.187037 0.400268
0 0.436458 0.375 0.03125 0.161111 0.409751
0 0.529688 0.386111 0.0302083 0.116667 0.410973
0 0.558333 0.389815 0.0291667 0.116667 0.411924
0 0.530208 0.386111 0.03125 0.116667 0.415463
0 0.636458 0.367593 0.0291667 0.131481 0.416185
0 0.436979 0.374074 0.0302083 0.162963 0.41671
0 0.586979 0.346296 0.015625 0.0703704 0.417078
0 0.529167 0.384259 0.03125 0.12037 0.451693
0 0.636979 0.368519 0.028125 0.133333 0.453814
0 0.529167 0.384259 0.03125 0.12037 0.454888
0 0.558854 0.388889 0.028125 0.114815 0.458163
0 0.789583 0.382407 0.0458333 0.190741 0.45992
0 0.436979 0.375 0.0302083 0.161111 0.461546
0 0.636458 0.371296 0.0291667 0.138889 0.462177
0 0.557813 0.389815 0.028125 0.116667 0.466951
0 0.530208 0.382407 0.03125 0.116667 0.470419
0 0.589583 0.346296 0.0125 0.0703704 0.473418
0 0.558854 0.387963 0.0260417 0.116667 0.477236
0 0.589583 0.346296 0.0125 0.0666667 0.480806
0 0.530729 0.383333 0.0322917 0.114815 0.489211
0 0.557813 0.389815 0.028125 0.116667 0.492522
0 0.636458 0.37037 0.0291667 0.137037 0.497753
0 0.530208 0.383333 0.0333333 0.114815 0.498002
0 0.557813 0.389815 0.028125 0.116667 0.503109
0 0.558854 0.388889 0.0260417 0.118519 0.503712
0 0.558854 0.388889 0.0260417 0.118519 0.506485
0 0.636458 0.371296 0.0291667 0.138889 0.50651
0 0.636458 0.368519 0.0270833 0.137037 0.511319
0 0.6375 0.366667 0.0291667 0.140741 0.514284
0 0.6375 0.366667 0.0291667 0.140741 0.516516
0 0.789583 0.382407 0.0458333 0.190741 0.537854
0 0.589063 0.34537 0.0135417 0.0722222 0.543399
0 0.589063 0.344444 0.0135417 0.0703704 0.545097
0 0.529167 0.384259 0.03125 0.12037 0.547763
0 0.789583 0.380556 0.0479167 0.194444 0.549443
0 0.789583 0.380556 0.0458333 0.194444 0.567763
0 0.476562 0.383333 0.0302083 0.148148 0.56875
0 0.477083 0.383333 0.0291667 0.148148 0.570559
0 0.789062 0.382407 0.0447917 0.190741 0.577335
0 0.790625 0.382407 0.0458333 0.190741 0.606533
0 0.476042 0.385185 0.0291667 0.148148 0.608935
0 0.0109375 0.376852 0.021875 0.124074 0.613633
0 0.476562 0.382407 0.0302083 0.146296 0.613906
0 0.636458 0.366667 0.0291667 0.137037 0.623138
0 0.790625 0.382407 0.04375 0.190741 0.624709
0 0.789583 0.382407 0.0458333 0.190741 0.625395
0 0.789062 0.382407 0.0447917 0.190741 0.631648
0 0.636458 0.366667 0.0291667 0.137037 0.635504
0 0.0104167 0.376852 0.0208333 0.124074 0.638045
0 0.476562 0.384259 0.0302083 0.15 0.638324
0 0.476042 0.385185 0.0291667 0.148148 0.640135
0 0.0104167 0.376852 0.0208333 0.124074 0.640231
0 0.0109375 0.377778 0.021875 0.125926 0.641743
0 0.790625 0.382407 0.04375 0.190741 0.64343
0 0.476562 0.384259 0.0302083 0.15 0.65198
0 0.476042 0.384259 0.0291667 0.146296 0.653629
0 0.636979 0.368519 0.028125 0.133333 0.657141
0 0.636979 0.368519 0.028125 0.133333 0.66137
0 0.0104167 0.376852 0.0208333 0.124074 0.663112
0 0.0104167 0.376852 0.0208333 0.124074 0.667543
0 0.4375 0.375 0.0333333 0.161111 0.684704
0 0.789062 0.382407 0.0447917 0.190741 0.695348
0 0.436979 0.375 0.0322917 0.161111 0.696882
0 0.0104167 0.378704 0.0208333 0.124074 0.70038
0 0.636458 0.369444 0.0291667 0.131481 0.701069
0 0.789062 0.381481 0.0427083 0.192593 0.703527
0 0.0104167 0.377778 0.0208333 0.125926 0.708582
0 0.789062 0.381481 0.0427083 0.196296 0.71743
0 0.635938 0.368519 0.028125 0.137037 0.736973
0 0.636979 0.37037 0.028125 0.133333 0.738483
0 0.635938 0.368519 0.028125 0.140741 0.743765
0 0.436979 0.375926 0.0322917 0.162963 0.745306
0 0.636458 0.369444 0.0291667 0.131481 0.753815
0 0.636458 0.369444 0.0291667 0.131481 0.760572
0 0.476562 0.385185 0.0302083 0.148148 0.766268
0 0.636979 0.371296 0.028125 0.135185 0.767421
0 0.636979 0.37037 0.028125 0.133333 0.775512
0 0.477083 0.382407 0.0291667 0.146296 0.785536
0 0.477083 0.382407 0.0291667 0.15 0.786211
0 0.476042 0.384259 0.0291667 0.15 0.793006
0 0.476042 0.384259 0.0291667 0.15 0.79761
0 0.438021 0.376852 0.0322917 0.164815 0.804946
0 0.4375 0.375926 0.03125 0.166667 0.806214
0 0.476562 0.384259 0.0302083 0.146296 0.811965
0 0.476562 0.384259 0.0302083 0.146296 0.815565
0 0.438021 0.375926 0.0322917 0.166667 0.824305
0 0.4375 0.374074 0.03125 0.159259 0.853561
0 0.438021 0.375926 0.0322917 0.166667 0.854087
0 0.438021 0.375926 0.0322917 0.162963 0.854668
0 0.4375 0.373148 0.03125 0.164815 0.856543
