0 0.463542 0.344444 0.0291667 0.133333 0.255088
0 0.464063 0.343519 0.028125 0.131481 0.261394
0 0.557292 0.325926 0.0145833 0.0518519 0.261395
0 0.501042 0.351852 0.0291667 0.137037 0.262769
13 0.100521 0.844444 0.198958 0.192593 0.26361
0 0.480208 0.335185 0.0145833 0.0851852 0.265627
0 0.503125 0.348148 0.0270833 0.144444 0.269031
0 0.322917 0.323148 0.0208333 0.0796296 0.275573
0 0.297396 0.331481 0.028125 0.0925926 0.277453
0 0.502083 0.349074 0.0270833 0.142593 0.277637
0 0.603125 0.358333 0.03125 0.164815 0.284106
13 0.100521 0.837037 0.198958 0.181481 0.285255
0 0.602604 0.358333 0.0322917 0.164815 0.285682
13 0.101042 0.842593 0.19375 0.188889 0.286406
0 0.346875 0.299074 0.0125 0.0537037 0.286637
0 0.55625 0.324074 0.0166667 0.0518519 0.287841
13 0.101042 0.843518 0.19375 0.190741 0.28789
0 0.501562 0.350926 0.028125 0.135185 0.288876
13 0.100521 0.866667 0.194792 0.240741 0.290148
0 0.632812 0.358333 0.028125 0.131481 0.290877
13 0.100521 0.867593 0.194792 0.242593 0.290909
0 0.982292 0.616667 0.0354167 0.181481 0.293708
0 0.297917 0.331481 0.0291667 0.0925926 0.294484
0 0.347396 0.299074 0.0114583 0.0537037 0.299153
0 0.556771 0.325 0.015625 0.0537037 0.300758
0 0.227604 0.375 0.0510417 0.283333 0.310042
0 0.556771 0.324074 0.015625 0.0518519 0.311226
0 0.297396 0.332407 0.028125 0.0907407 0.318572
0 0.556771 0.324074 0.015625 0.0481481 0.323652
0 0.323958 0.315741 0.01875 0.0759259 0.324304
0 0.498437 0.350926 0.0302083 0.135185 0.330644
13 0.1 0.85 0.197917 0.207407 0.331548
0 0.981771 0.610185 0.0364583 0.183333 0.336282
13 0.1 0.866667 0.197917 0.237037 0.342812
0 0.297396 0.32963 0.0260417 0.0851852 0.343513
13 0.101042 0.867593 0.197917 0.235185 0.344098
0 0.296354 0.336111 0.0260417 0.0833333 0.346941
13 0.1 0.866667 0.197917 0.237037 0.351173
0 0.632812 0.358333 0.0260417 0.138889 0.353243
0 0.347396 0.297222 0.0114583 0.05 0.355352
13 0.100521 0.84537 0.198958 0.198148 0.355545
0 0.981771 0.610185 0.0364583 0.183333 0.356324
13 0.1 0.868519 0.197917 0.237037 0.358637
0 0.632812 0.358333 0.028125 0.138889 0.359573
0 0.346875 0.298148 0.0104167 0.0481481 0.359678
0 0.498437 0.350926 0.028125 0.135185 0.362575
0 0.297396 0.32963 0.0260417 0.0851852 0.363528
0 0.297396 0.32963 0.0260417 0.0851852 0.369095
13 0.096875 0.865741 0.189583 0.238889 0.370346
0 0.556771 0.325 0.015625 0.05 0.373809
0 0.500521 0.350926 0.028125 0.135185 0.375788
0 0.296875 0.336111 0.0270833 0.0796296 0.376452
13 0.1 0.842593 0.19375 0.185185 0.37839
0 0.296875 0.336111 0.025 0.0796296 0.378411
13 0.0979167 0.865741 0.189583 0.242593 0.379607
0 0.55625 0.325926 0.0166667 0.0518519 0.381499
0 0.498437 0.349074 0.0302083 0.131481 0.381603
0 0.182292 0.450926 0.122917 0.461111 0.387436
0 0.182292 0.450926 0.122917 0.468519 0.387526
13 0.0989583 0.842593 0.19375 0.188889 0.388954
0 0.982292 0.615741 0.0354167 0.183333 0.39288
0 0.556771 0.325 0.015625 0.05 0.394129
0 0.323958 0.312963 0.0208333 0.0666667 0.396203
0 0.982292 0.616667 0.0354167 0.185185 0.397932
0 0.182292 0.451852 0.122917 0.466667 0.399104
0 0.556771 0.325 0.015625 0.05 0.403519
0 0.184896 0.459259 0.123958 0.481481 0.404482
0 0.323438 0.313889 0.021875 0.0685185 0.408607
0 0.982292 0.616667 0.0354167 0.185185 0.409523
0 0.296875 0.332407 0.0291667 0.087037 0.41005
0 0.185417 0.459259 0.125 0.477778 0.413266
0 0.982292 0.615741 0.0354167 0.183333 0.424416
0 0.982292 0.615741 0.0354167 0.183333 0.425346
0 0.982292 0.616667 0.0354167 0.185185 0.425526
0 0.323438 0.313889 0.021875 0.0685185 0.430382
0 0.460417 0.347222 0.0291667 0.131481 0.444318
0 0.229687 0.371296 0.046875 0.272222 0.445305
0 0.981771 0.612037 0.0364583 0.183333 0.446361
0 0.98125 0.612963 0.0354167 0.181481 0.448189
0 0.497917 0.351852 0.0270833 0.133333 0.452098
0 0.297917 0.333333 0.0270833 0.0925926 0.461496
0 0.498958 0.351852 0.03125 0.133333 0.464669
0 0.321875 0.322222 0.0229167 0.0814815 0.464886
0 0.460938 0.349074 0.0260417 0.135185 0.473017
0 0.6125 0.357407 0.0458333 0.159259 0.474008
0 0.499479 0.350926 0.0302083 0.135185 0.483925
0 0.298438 0.332407 0.0260417 0.0907407 0.497256
0 0.297917 0.333333 0.0270833 0.0888889 0.497934
0 0.5 0.350926 0.0291667 0.135185 0.520288
0 0.611458 0.357407 0.0458333 0.159259 0.525509
0 0.460938 0.349074 0.028125 0.135185 0.537491
0 0.611458 0.356481 0.0458333 0.161111 0.557567
0 0.186458 0.449074 0.129167 0.468519 0.567245
0 0.323438 0.322222 0.0197917 0.0814815 0.575123
0 0.498437 0.35 0.0302083 0.137037 0.581824
0 0.498437 0.35 0.0302083 0.137037 0.591745
0 0.322917 0.322222 0.0208333 0.0814815 0.597746
0 0.322917 0.322222 0.0208333 0.0851852 0.600248
0 0.500521 0.352778 0.0302083 0.135185 0.60808
0 0.296875 0.332407 0.0270833 0.0833333 0.608504
0 0.186458 0.450926 0.129167 0.468519 0.608512
0 0.322917 0.322222 0.0208333 0.0814815 0.611051
0 0.460938 0.349074 0.028125 0.138889 0.614608
0 0.460938 0.349074 0.028125 0.138889 0.616622
0 0.227083 0.375 0.0520833 0.27963 0.622832
0 0.322917 0.322222 0.0208333 0.0851852 0.629126
0 0.322917 0.323148 0.0208333 0.0833333 0.630844
0 0.500521 0.350926 0.028125 0.138889 0.630941
0 0.227083 0.375 0.0520833 0.27963 0.631896
0 0.500521 0.352778 0.0302083 0.135185 0.631929
0 0.227083 0.375 0.0520833 0.27963 0.642749
0 0.500521 0.350926 0.028125 0.138889 0.646576
0 0.603646 0.355556 0.0322917 0.159259 0.6508
0 0.603646 0.355556 0.0322917 0.159259 0.652628
0 0.500521 0.353704 0.0302083 0.137037 0.652711
0 0.226042 0.37963 0.0541667 0.288889 0.656005
0 0.633854 0.358333 0.0302083 0.131481 0.656654
0 0.460417 0.350926 0.0291667 0.142593 0.662597
0 0.298958 0.330556 0.025 0.0907407 0.667938
0 0.297917 0.332407 0.0270833 0.087037 0.668246
0 0.23125 0.373148 0.0458333 0.275926 0.670795
0 0.603646 0.355556 0.0322917 0.159259 0.672844
0 0.460417 0.349074 0.0291667 0.138889 0.676907
0 0.297396 0.333333 0.0260417 0.0888889 0.682408
0 0.460417 0.35 0.0291667 0.137037 0.682537
0 0.460417 0.35 0.0291667 0.144444 0.682629
0 0.460417 0.348148 0.0291667 0.12963 0.68451
0 0.460417 0.35 0.0291667 0.137037 0.686705
0 0.460417 0.35 0.0291667 0.140741 0.689659
0 0.634896 0.357407 0.028125 0.137037 0.691442
0 0.1875 0.453704 0.127083 0.474074 0.69288
0 0.298958 0.331481 0.025 0.0888889 0.693315
0 0.297917 0.332407 0.0270833 0.087037 0.694077
0 0.634375 0.358333 0.0270833 0.135185 0.695818
0 0.460417 0.348148 0.0291667 0.12963 0.697934
0 0.298958 0.330556 0.025 0.0907407 0.699437
0 0.297917 0.332407 0.0270833 0.087037 0.703717
0 0.461458 0.35 0.0291667 0.133333 0.71491
0 0.461458 0.350926 0.0291667 0.135185 0.715037
0 0.229687 0.377778 0.0510417 0.288889 0.733793
0 0.226562 0.375 0.053125 0.27963 0.735484
0 0.634896 0.357407 0.028125 0.137037 0.73569
0 0.226562 0.375 0.053125 0.27963 0.737716
0 0.634896 0.357407 0.028125 0.137037 0.738622
0 0.603646 0.356481 0.0302083 0.164815 0.739963
0 0.226562 0.375 0.053125 0.27963 0.745052
0 0.461458 0.35 0.0291667 0.133333 0.746254
0 0.633854 0.358333 0.0302083 0.131481 0.748214
0 0.603125 0.356481 0.0291667 0.164815 0.752801
0 0.633854 0.358333 0.028125 0.131481 0.752854
0 0.229167 0.378704 0.0520833 0.287037 0.757514
0 0.229167 0.377778 0.0520833 0.288889 0.762697
0 0.634375 0.357407 0.0270833 0.137037 0.771902
0 0.460417 0.348148 0.0291667 0.140741 0.772377
0 0.460417 0.348148 0.0291667 0.137037 0.772617
0 0.634896 0.357407 0.028125 0.137037 0.780205
0 0.604688 0.356481 0.0322917 0.164815 0.783873
0 0.604688 0.357407 0.0322917 0.162963 0.794975
0 0.604688 0.356481 0.0322917 0.164815 0.797946
0 0.603646 0.357407 0.0302083 0.166667 0.802817
0 0.603646 0.357407 0.0302083 0.166667 0.80973
0 0.185417 0.45463 0.129167 0.472222 0.816009
0 0.1875 0.452778 0.127083 0.475926 0.8191
0 0.634375 0.357407 0.0270833 0.137037 0.822668
0 0.633854 0.359259 0.028125 0.140741 0.830271
0 0.633854 0.358333 0.028125 0.138889 0.831931
0 0.185417 0.452778 0.127083 0.475926 0.836404
0 0.185417 0.453704 0.129167 0.47037 0.888609
0 0.186458 0.455556 0.129167 0.47037 0.891325
0 0.185417 0.45463 0.127083 0.475926 0.892695
0 0.185417 0.452778 0.127083 0.475926 0.894179
0 0.185417 0.45463 0.127083 0.475926 0.897605
0 0.185417 0.452778 0.127083 0.47963 0.903372
