0 0.579687 0.331481 0.0135417 0.0666667 0.254494
0 0.580729 0.327778 0.0135417 0.0666667 0.255076
0 0.464583 0.361111 0.0291667 0.137037 0.256516
0 0.579687 0.331481 0.0135417 0.062963 0.259728
24 0.658854 0.343519 0.0197917 0.05 0.260465
0 0.470833 0.361111 0.0395833 0.137037 0.267775
0 0.486979 0.347222 0.021875 0.087037 0.268365
0 0.580729 0.327778 0.0135417 0.0666667 0.271741
0 0.526563 0.333333 0.015625 0.0666667 0.276723
0 0.484896 0.341667 0.021875 0.0944444 0.277725
0 0.154167 0.353704 0.0229167 0.103704 0.279419
0 0.113021 0.351852 0.0385417 0.137037 0.281292
0 0.486458 0.346296 0.0208333 0.0851852 0.281943
0 0.526563 0.333333 0.015625 0.0666667 0.283048
0 0.579687 0.330556 0.0135417 0.0611111 0.283318
0 0.114063 0.360185 0.0385417 0.131481 0.286407
0 0.484896 0.340741 0.021875 0.0925926 0.286882
0 0.520833 0.350926 0.0229167 0.112963 0.290498
0 0.364583 0.327778 0.01875 0.0814815 0.291324
0 0.113021 0.351852 0.0385417 0.137037 0.294252
0 0.365104 0.327778 0.0177083 0.0814815 0.294976
0 0.154167 0.353704 0.0208333 0.103704 0.295105
0 0.113542 0.361111 0.0395833 0.133333 0.297329
0 0.470313 0.361111 0.0385417 0.137037 0.298467
0 0.153646 0.361111 0.0239583 0.122222 0.299138
0 0.345313 0.339815 0.0197917 0.0759259 0.30661
0 0.154687 0.368519 0.0239583 0.118519 0.308436
0 0.510938 0.362037 0.0302083 0.131481 0.312333
0 0.513542 0.360185 0.03125 0.127778 0.313513
0 0.113542 0.360185 0.0395833 0.131481 0.313592
0 0.342187 0.337963 0.0197917 0.087037 0.317211
0 0.154167 0.353704 0.0208333 0.103704 0.317382
0 0.365104 0.327778 0.0177083 0.0814815 0.317607
0 0.342187 0.337963 0.0197917 0.087037 0.318322
0 0.526563 0.333333 0.015625 0.0666667 0.320145
0 0.153646 0.367593 0.0239583 0.135185 0.322801
0 0.580729 0.330556 0.0135417 0.0648148 0.326567
0 0.115104 0.35 0.0364583 0.125926 0.328863
0 0.342187 0.337963 0.0197917 0.087037 0.3347
0 0.115104 0.349074 0.0364583 0.127778 0.338654
0 0.5125 0.365741 0.0291667 0.135185 0.344841
0 0.580729 0.32963 0.0135417 0.0666667 0.345473
0 0.5125 0.364815 0.0291667 0.133333 0.347795
0 0.510938 0.364815 0.028125 0.133333 0.359907
0 0.114063 0.355556 0.0364583 0.133333 0.381483
0 0.154167 0.37037 0.0229167 0.122222 0.381602
0 0.154687 0.37037 0.0239583 0.118519 0.383799
0 0.289583 0.352778 0.03125 0.116667 0.396772
0 0.114063 0.356481 0.0364583 0.135185 0.397146
0 0.114063 0.355556 0.0364583 0.133333 0.422251
0 0.154167 0.358333 0.0229167 0.109259 0.428783
0 0.290104 0.362037 0.0302083 0.0981481 0.432178
0 0.647396 0.367593 0.0427083 0.198148 0.432409
0 0.289583 0.352778 0.03125 0.116667 0.452671
0 0.289583 0.352778 0.03125 0.116667 0.459723
0 0.154167 0.357407 0.0229167 0.111111 0.463323
0 0.154167 0.360185 0.0229167 0.12037 0.463679
0 0.647917 0.368519 0.04375 0.203704 0.467687
0 0.154167 0.357407 0.0229167 0.111111 0.468457
0 0.154167 0.367593 0.0229167 0.135185 0.475431
0 0.290104 0.361111 0.0302083 0.1 0.475652
0 0.513542 0.361111 0.0333333 0.137037 0.481612
0 0.513542 0.361111 0.0333333 0.137037 0.482661
0 0.290104 0.361111 0.0302083 0.1 0.485264
0 0.646354 0.37037 0.040625 0.196296 0.501734
0 0.464583 0.359259 0.0270833 0.133333 0.509103
0 0.342708 0.339815 0.01875 0.0833333 0.52526
0 0.510417 0.364815 0.0291667 0.137037 0.534222
0 0.510417 0.364815 0.0291667 0.137037 0.540689
0 0.215104 0.419444 0.090625 0.353704 0.547898
0 0.215104 0.419444 0.090625 0.353704 0.553208
0 0.215625 0.418519 0.0895833 0.351852 0.554229
0 0.510938 0.364815 0.0322917 0.133333 0.575541
0 0.464583 0.359259 0.0291667 0.133333 0.577987
0 0.510938 0.364815 0.0322917 0.133333 0.587328
0 0.289062 0.35463 0.0322917 0.112963 0.595309
0 0.646354 0.37037 0.040625 0.196296 0.603363
0 0.646875 0.374074 0.0416667 0.192593 0.606742
0 0.289583 0.35463 0.0333333 0.109259 0.611007
0 0.290104 0.357407 0.0322917 0.111111 0.616154
0 0.647396 0.374074 0.040625 0.192593 0.621119
0 0.510417 0.362037 0.03125 0.142593 0.624782
0 0.510938 0.365741 0.0322917 0.135185 0.627565
0 0.289583 0.359259 0.0333333 0.111111 0.629426
0 0.290104 0.357407 0.0322917 0.111111 0.629547
0 0.290104 0.359259 0.0322917 0.111111 0.629625
0 0.510417 0.362037 0.03125 0.142593 0.638579
0 0.289062 0.35463 0.0322917 0.109259 0.641756
0 0.289583 0.355556 0.03125 0.111111 0.65226
0 0.290104 0.359259 0.0322917 0.111111 0.654864
0 0.511458 0.365741 0.03125 0.135185 0.65996
0 0.464583 0.360185 0.0291667 0.142593 0.660126
0 0.290104 0.357407 0.0322917 0.111111 0.662025
0 0.290104 0.355556 0.0322917 0.111111 0.666528
0 0.464583 0.360185 0.0291667 0.142593 0.670777
0 0.646354 0.37037 0.040625 0.196296 0.68156
0 0.342708 0.338889 0.01875 0.0814815 0.683178
0 0.289583 0.35463 0.03125 0.109259 0.689227
0 0.511458 0.364815 0.03125 0.137037 0.692958
0 0.645833 0.372222 0.0395833 0.196296 0.699178
0 0.465104 0.362963 0.0302083 0.140741 0.702424
0 0.646875 0.375 0.0395833 0.190741 0.702635
0 0.342708 0.340741 0.01875 0.0814815 0.704796
0 0.511458 0.365741 0.03125 0.135185 0.706466
0 0.342708 0.342593 0.01875 0.0851852 0.709617
0 0.646875 0.375 0.0395833 0.190741 0.712633
0 0.464583 0.362963 0.0291667 0.140741 0.723347
0 0.342708 0.340741 0.01875 0.0814815 0.724149
0 0.646875 0.375 0.0395833 0.190741 0.725663
0 0.645833 0.372222 0.0395833 0.196296 0.727095
0 0.342708 0.343519 0.01875 0.0833333 0.730671
0 0.342708 0.340741 0.01875 0.0814815 0.731045
0 0.465104 0.359259 0.028125 0.137037 0.734774
0 0.342708 0.342593 0.01875 0.0851852 0.734969
0 0.464583 0.360185 0.0270833 0.138889 0.741468
0 0.645833 0.372222 0.0395833 0.196296 0.747859
0 0.465104 0.362963 0.0302083 0.140741 0.753002
0 0.646875 0.372222 0.0416667 0.196296 0.762386
0 0.465104 0.362963 0.028125 0.140741 0.772662
0 0.646875 0.372222 0.0416667 0.196296 0.781261
0 0.465104 0.362963 0.028125 0.140741 0.781485
0 0.465104 0.362963 0.028125 0.144444 0.791138
0 0.464583 0.360185 0.0291667 0.135185 0.808294
0 0.464583 0.359259 0.0291667 0.137037 0.808619
0 0.213542 0.42037 0.0895833 0.355556 0.843866
0 0.214062 0.42037 0.0885417 0.355556 0.847964
0 0.213542 0.42037 0.0895833 0.355556 0.85084
0 0.214583 0.419444 0.0916667 0.353704 0.855486
0 0.214583 0.418519 0.0916667 0.355556 0.857974
0 0.214062 0.419444 0.0927083 0.353704 0.897849
0 0.215104 0.418519 0.090625 0.351852 0.898649
0 0.214583 0.419444 0.0916667 0.353704 0.899084
0 0.215104 0.418519 0.090625 0.355556 0.902099
0 0.215104 0.417593 0.090625 0.353704 0.902539
0 0.214062 0.418519 0.0927083 0.351852 0.902893
0 0.214583 0.419444 0.0916667 0.353704 0.904754
