13 0.314063 0.500926 0.148958 0.135185 0.251632
0 0.445312 0.389815 0.0427083 0.124074 0.252425
0 0.439063 0.392593 0.028125 0.133333 0.253413
0 0.303125 0.407407 0.025 0.114815 0.253626
0 0.489583 0.409259 0.0354167 0.148148 0.254049
0 0.917188 0.612037 0.128125 0.572222 0.256073
26 0.819792 0.562037 0.04375 0.135185 0.257474
0 0.511979 0.389815 0.0322917 0.105556 0.259261
0 0.439063 0.389815 0.028125 0.135185 0.259334
9 0.431771 0.0425926 0.046875 0.0814815 0.259429
0 0.610417 0.424074 0.0458333 0.22963 0.259801
13 0.314063 0.500926 0.148958 0.135185 0.262605
0 0.516667 0.380556 0.01875 0.0796296 0.263773
0 0.489583 0.410185 0.0354167 0.146296 0.264473
0 0.403125 0.39537 0.0270833 0.135185 0.264737
0 0.303125 0.407407 0.025 0.118519 0.264767
9 0.432292 0.0425926 0.0479167 0.0814815 0.265111
26 0.819792 0.561111 0.04375 0.133333 0.266755
13 0.314063 0.501852 0.148958 0.137037 0.267115
26 0.819792 0.561111 0.04375 0.133333 0.268717
0 0.403125 0.39537 0.0270833 0.135185 0.270326
0 0.608854 0.425 0.040625 0.227778 0.272036
0 0.438542 0.391667 0.025 0.131481 0.27216
13 0.233854 0.812963 0.246875 0.351852 0.27506
13 0.234375 0.812037 0.245833 0.353704 0.275213
0 0.303125 0.407407 0.025 0.118519 0.275691
13 0.233854 0.812037 0.246875 0.35 0.276594
0 0.302604 0.399074 0.0239583 0.12037 0.278854
13 0.313021 0.493519 0.148958 0.142593 0.281982
13 0.313021 0.493519 0.148958 0.142593 0.283948
0 0.302604 0.398148 0.0239583 0.122222 0.285783
0 0.917188 0.615741 0.128125 0.568519 0.286823
0 0.608854 0.425 0.040625 0.227778 0.288535
0 0.405208 0.391667 0.0270833 0.135185 0.289013
0 0.438542 0.393519 0.0270833 0.131481 0.295694
0 0.302604 0.398148 0.0239583 0.122222 0.296164
0 0.304167 0.400926 0.0291667 0.127778 0.302833
24 0.940625 0.551852 0.08125 0.255556 0.305312
0 0.492188 0.410185 0.028125 0.135185 0.306327
24 0.940104 0.551852 0.0822917 0.262963 0.306804
26 0.818229 0.547222 0.0447917 0.15 0.310172
26 0.817708 0.548148 0.04375 0.144444 0.311355
13 0.313542 0.491667 0.154167 0.142593 0.313341
0 0.919792 0.607407 0.133333 0.588889 0.318976
0 0.438542 0.390741 0.0270833 0.133333 0.320522
26 0.818229 0.548148 0.0447917 0.144444 0.323677
0 0.491146 0.412963 0.028125 0.137037 0.323793
0 0.517708 0.386111 0.01875 0.0759259 0.32501
24 0.941667 0.547222 0.0791667 0.272222 0.326841
24 0.940625 0.550926 0.08125 0.261111 0.328839
24 0.939583 0.534259 0.0833333 0.246296 0.334239
26 0.81875 0.559259 0.0416667 0.133333 0.334834
0 0.439583 0.388889 0.025 0.125926 0.339714
26 0.819271 0.559259 0.040625 0.133333 0.340184
24 0.939583 0.534259 0.08125 0.25 0.341625
0 0.304167 0.398148 0.0270833 0.133333 0.343492
0 0.161458 0.387037 0.025 0.118519 0.362497
24 0.939583 0.533333 0.08125 0.248148 0.362624
0 0.438542 0.392593 0.025 0.137037 0.362818
0 0.159896 0.392593 0.028125 0.118519 0.365501
26 0.819271 0.559259 0.0427083 0.133333 0.370109
24 0.942187 0.548148 0.0760417 0.27037 0.37167
0 0.304167 0.400926 0.0270833 0.127778 0.371814
0 0.161458 0.387963 0.025 0.116667 0.382552
0 0.438542 0.391667 0.025 0.135185 0.387091
0 0.517708 0.386111 0.01875 0.0759259 0.387486
13 0.3125 0.49537 0.152083 0.138889 0.387577
0 0.161458 0.387963 0.025 0.116667 0.388143
0 0.303125 0.399074 0.025 0.12037 0.394201
0 0.439583 0.393519 0.025 0.131481 0.394645
0 0.517708 0.386111 0.01875 0.0759259 0.401843
0 0.439063 0.391667 0.0260417 0.127778 0.402666
0 0.493229 0.412037 0.0302083 0.146296 0.404921
0 0.303125 0.399074 0.025 0.124074 0.407341
0 0.303125 0.399074 0.025 0.124074 0.407573
0 0.493229 0.412037 0.0302083 0.146296 0.407692
0 0.160417 0.389815 0.0270833 0.116667 0.408351
0 0.608854 0.418519 0.040625 0.222222 0.408818
13 0.219792 0.796296 0.216667 0.322222 0.417501
0 0.159896 0.392593 0.028125 0.118519 0.417807
0 0.439583 0.389815 0.025 0.127778 0.419045
0 0.609375 0.417593 0.0416667 0.224074 0.424495
0 0.439583 0.389815 0.025 0.127778 0.42713
0 0.303125 0.403704 0.025 0.122222 0.428055
0 0.493229 0.412037 0.0302083 0.146296 0.433492
0 0.160417 0.390741 0.0270833 0.118519 0.438603
13 0.219271 0.798148 0.215625 0.322222 0.43886
0 0.517708 0.377778 0.0208333 0.0814815 0.439745
0 0.304167 0.400926 0.025 0.127778 0.444686
0 0.439063 0.391667 0.0260417 0.127778 0.446584
0 0.439063 0.391667 0.0260417 0.127778 0.455463
0 0.160938 0.390741 0.0260417 0.122222 0.457119
0 0.160417 0.391667 0.025 0.12037 0.457353
0 0.160417 0.390741 0.025 0.122222 0.45958
0 0.405208 0.392593 0.0291667 0.133333 0.459933
0 0.160417 0.389815 0.0270833 0.116667 0.473375
0 0.903125 0.62037 0.102083 0.622222 0.474473
0 0.406771 0.392593 0.0260417 0.140741 0.478405
0 0.439063 0.390741 0.0260417 0.133333 0.478742
0 0.404687 0.392593 0.028125 0.133333 0.479776
0 0.406771 0.392593 0.0260417 0.140741 0.480315
0 0.159896 0.391667 0.0260417 0.116667 0.485597
0 0.405208 0.391667 0.0291667 0.138889 0.492798
0 0.518229 0.377778 0.0197917 0.0814815 0.493128
0 0.518229 0.377778 0.0197917 0.0851852 0.496841
0 0.517708 0.378704 0.0208333 0.0833333 0.497815
0 0.405208 0.392593 0.0291667 0.137037 0.500341
0 0.903125 0.621296 0.102083 0.601852 0.501253
0 0.490104 0.413889 0.0302083 0.146296 0.519597
0 0.404687 0.392593 0.028125 0.133333 0.521466
0 0.915104 0.62037 0.123958 0.625926 0.521878
0 0.490104 0.413889 0.0322917 0.146296 0.524761
0 0.160417 0.389815 0.0270833 0.116667 0.528899
13 0.216667 0.805556 0.21875 0.32963 0.528952
0 0.405729 0.391667 0.028125 0.135185 0.531643
0 0.405208 0.391667 0.0291667 0.135185 0.535666
0 0.405208 0.393519 0.0291667 0.135185 0.539182
13 0.216667 0.806481 0.21875 0.331481 0.545011
0 0.160417 0.388889 0.025 0.118519 0.547235
0 0.405729 0.392593 0.028125 0.137037 0.559954
0 0.780729 0.619444 0.105208 0.635185 0.562211
0 0.492188 0.412037 0.0302083 0.146296 0.569144
0 0.404687 0.391667 0.028125 0.142593 0.579622
0 0.518229 0.37963 0.0197917 0.0851852 0.581678
0 0.404687 0.391667 0.028125 0.142593 0.583471
0 0.160417 0.388889 0.025 0.114815 0.586774
13 0.214583 0.799074 0.2125 0.327778 0.5966
0 0.160417 0.389815 0.025 0.112963 0.597061
13 0.214583 0.8 0.214583 0.325926 0.598935
13 0.214583 0.8 0.2125 0.32963 0.600215
0 0.492188 0.411111 0.0302083 0.144444 0.601139
0 0.160417 0.389815 0.025 0.116667 0.611406
0 0.492188 0.411111 0.0302083 0.144444 0.614287
0 0.160417 0.391667 0.025 0.12037 0.6236
13 0.214583 0.798148 0.2125 0.322222 0.624989
0 0.160417 0.391667 0.025 0.12037 0.626375
13 0.215625 0.79537 0.214583 0.316667 0.629699
0 0.780208 0.62037 0.104167 0.633333 0.630107
13 0.215625 0.79537 0.216667 0.316667 0.632769
0 0.160417 0.390741 0.025 0.118519 0.633197
0 0.782292 0.62037 0.102083 0.603704 0.635935
13 0.214583 0.798148 0.2125 0.322222 0.63921
13 0.215625 0.79537 0.214583 0.312963 0.640292
0 0.915104 0.62037 0.123958 0.622222 0.641639
0 0.492708 0.411111 0.0291667 0.144444 0.646944
0 0.782292 0.622222 0.104167 0.607407 0.652241
0 0.492188 0.411111 0.028125 0.144444 0.652681
0 0.160417 0.390741 0.025 0.114815 0.66759
0 0.910417 0.627778 0.116667 0.603704 0.683618
0 0.910937 0.627778 0.117708 0.614815 0.695114
0 0.492188 0.412037 0.0302083 0.142593 0.6953
0 0.491146 0.412963 0.028125 0.144444 0.704311
0 0.608854 0.422222 0.0427083 0.225926 0.715107
0 0.491667 0.412963 0.0291667 0.140741 0.716251
13 0.21875 0.80463 0.21875 0.335185 0.721497
0 0.492188 0.412037 0.0302083 0.142593 0.722618
0 0.492708 0.412037 0.0291667 0.142593 0.727265
13 0.217187 0.803704 0.217708 0.333333 0.730032
0 0.609375 0.421296 0.04375 0.227778 0.730322
0 0.609375 0.422222 0.04375 0.225926 0.731816
13 0.217708 0.803704 0.21875 0.333333 0.740186
0 0.782292 0.621296 0.104167 0.605556 0.757133
0 0.781771 0.621296 0.103125 0.605556 0.761747
0 0.911458 0.621296 0.114583 0.624074 0.763461
0 0.910417 0.623148 0.114583 0.624074 0.798838
0 0.608854 0.422222 0.040625 0.225926 0.79902
0 0.608854 0.421296 0.0427083 0.227778 0.804646
0 0.781771 0.621296 0.101042 0.605556 0.809343
0 0.781771 0.625 0.101042 0.62037 0.811814
0 0.910937 0.62037 0.115625 0.625926 0.820544
0 0.910937 0.619444 0.117708 0.627778 0.823778
0 0.609375 0.422222 0.0416667 0.225926 0.828506
0 0.609375 0.422222 0.0416667 0.225926 0.843097
0 0.609375 0.422222 0.0416667 0.22963 0.84854
0 0.609896 0.421296 0.0427083 0.224074 0.854099
0 0.609375 0.422222 0.0416667 0.225926 0.864198
0 0.782292 0.626852 0.102083 0.612963 0.866218
0 0.780729 0.62037 0.103125 0.607407 0.868236
0 0.609375 0.422222 0.0416667 0.225926 0.868974
0 0.782292 0.626852 0.102083 0.612963 0.875072
0 0.609896 0.422222 0.0427083 0.22963 0.87578
0 0.780729 0.623148 0.103125 0.612963 0.879681
0 0.609896 0.422222 0.0427083 0.233333 0.887744
