13 0.464583 0.582407 0.152083 0.0759259 0.256607
0 0.0822917 0.548148 0.0645833 0.281481 0.257213
0 0.208854 0.451852 0.015625 0.062963 0.257941
0 0.0473958 0.486111 0.0302083 0.127778 0.263149
26 0.0458333 0.616667 0.0479167 0.0925926 0.264218
0 0.209896 0.450926 0.0177083 0.0648148 0.26498
0 0.259896 0.453704 0.0177083 0.0851852 0.272421
0 0.444271 0.450926 0.0177083 0.0796296 0.274172
0 0.259896 0.453704 0.0177083 0.0851852 0.274915
0 0.0479167 0.485185 0.0291667 0.125926 0.27696
0 0.208854 0.450926 0.0177083 0.0611111 0.278635
0 0.046875 0.486111 0.0291667 0.112963 0.279007
0 0.046875 0.486111 0.0291667 0.112963 0.279278
0 0.135417 0.5 0.0333333 0.166667 0.281513
0 0.0776042 0.550926 0.065625 0.287037 0.281699
0 0.95625 0.456481 0.0520833 0.298148 0.284582
0 0.260417 0.455556 0.01875 0.0851852 0.286389
0 0.208854 0.450926 0.015625 0.0611111 0.287082
0 0.209375 0.450926 0.0166667 0.0611111 0.287461
0 0.260417 0.455556 0.01875 0.0851852 0.289276
0 0.95625 0.44537 0.0541667 0.287037 0.290906
0 0.259896 0.453704 0.0177083 0.0851852 0.291178
0 0.135417 0.5 0.0333333 0.166667 0.291211
0 0.44375 0.452778 0.0145833 0.0796296 0.292189
0 0.443229 0.452778 0.015625 0.0796296 0.2952
0 0.261458 0.455556 0.01875 0.0888889 0.297786
0 0.260417 0.455556 0.01875 0.0851852 0.308155
0 0.209375 0.450926 0.0166667 0.0611111 0.309569
0 0.0125 0.513889 0.025 0.183333 0.310562
26 0.0453125 0.616667 0.046875 0.0851852 0.316912
0 0.665625 0.52963 0.0583333 0.322222 0.318544
0 0.956771 0.446296 0.053125 0.285185 0.319896
0 0.411458 0.448148 0.01875 0.0777778 0.321431
0 0.208854 0.45 0.0177083 0.062963 0.324833
0 0.44375 0.452778 0.0145833 0.0759259 0.325226
0 0.261458 0.45463 0.01875 0.087037 0.327015
0 0.0125 0.510185 0.025 0.187037 0.327711
0 0.046875 0.492593 0.0291667 0.137037 0.328257
0 0.464063 0.452778 0.0260417 0.0944444 0.328445
0 0.0833333 0.55 0.0625 0.277778 0.333281
0 0.0479167 0.499074 0.0291667 0.153704 0.337086
26 0.0453125 0.616667 0.046875 0.0851852 0.34078
0 0.410417 0.449074 0.0166667 0.0796296 0.341328
26 0.0453125 0.616667 0.046875 0.0851852 0.343706
26 0.692187 0.605556 0.021875 0.0814815 0.343917
0 0.443229 0.450926 0.015625 0.0796296 0.345125
0 0.0473958 0.5 0.028125 0.151852 0.350258
0 0.046875 0.492593 0.0291667 0.133333 0.350879
0 0.410417 0.449074 0.0166667 0.0796296 0.351604
0 0.956771 0.44537 0.053125 0.290741 0.355682
0 0.0479167 0.5 0.0291667 0.151852 0.362931
26 0.0453125 0.616667 0.046875 0.0851852 0.364979
0 0.046875 0.492593 0.0291667 0.133333 0.368695
26 0.0453125 0.615741 0.046875 0.087037 0.372632
0 0.410417 0.45 0.0125 0.0777778 0.373352
0 0.443229 0.45 0.0135417 0.0777778 0.373673
0 0.410417 0.449074 0.0166667 0.0796296 0.378397
0 0.411458 0.448148 0.0166667 0.0777778 0.388571
0 0.0817708 0.550926 0.0635417 0.27963 0.392582
0 0.465104 0.45463 0.021875 0.0944444 0.394826
0 0.0822917 0.551852 0.0604167 0.277778 0.395272
0 0.456771 0.452778 0.021875 0.0907407 0.400337
0 0.0838542 0.549074 0.0614583 0.283333 0.40279
0 0.411458 0.448148 0.0166667 0.0777778 0.402846
26 0.0463542 0.615741 0.0489583 0.0833333 0.408454
0 0.0822917 0.550926 0.0625 0.275926 0.413278
26 0.0458333 0.615741 0.0479167 0.0833333 0.421934
0 0.955208 0.448148 0.0520833 0.292593 0.42385
26 0.0458333 0.616667 0.0458333 0.0851852 0.424427
0 0.667188 0.524074 0.053125 0.318519 0.425957
0 0.456771 0.452778 0.021875 0.0944444 0.427212
0 0.456771 0.452778 0.021875 0.0944444 0.429348
0 0.127083 0.50463 0.0375 0.172222 0.430442
0 0.442708 0.45 0.0145833 0.0777778 0.430715
0 0.471354 0.450926 0.015625 0.0944444 0.432056
0 0.410417 0.449074 0.0166667 0.0796296 0.435696
26 0.0453125 0.616667 0.0447917 0.0851852 0.436902
26 0.0453125 0.616667 0.0447917 0.0851852 0.440535
0 0.457812 0.45463 0.0197917 0.0944444 0.443472
0 0.127604 0.50463 0.0364583 0.172222 0.44652
0 0.470313 0.451852 0.0177083 0.0962963 0.451501
0 0.559375 0.483333 0.0333333 0.151852 0.452007
0 0.957812 0.444444 0.0552083 0.288889 0.45428
0 0.470833 0.453704 0.0166667 0.0925926 0.458337
0 0.559375 0.483333 0.0333333 0.151852 0.465313
0 0.471354 0.450926 0.015625 0.0907407 0.469271
0 0.957812 0.44537 0.0552083 0.290741 0.469383
0 0.0109375 0.518519 0.021875 0.17037 0.471875
0 0.470313 0.452778 0.0177083 0.0944444 0.476309
0 0.470833 0.452778 0.0166667 0.0944444 0.478378
0 0.0822917 0.550926 0.0625 0.27963 0.479064
0 0.959896 0.44537 0.0572917 0.283333 0.488236
0 0.457812 0.45463 0.0197917 0.0981481 0.489362
0 0.471354 0.45 0.015625 0.0925926 0.494628
0 0.0109375 0.518519 0.021875 0.17037 0.495001
0 0.457812 0.45463 0.0197917 0.0981481 0.497219
0 0.956771 0.44537 0.0552083 0.290741 0.497988
0 0.410417 0.449074 0.0166667 0.0796296 0.500755
0 0.957292 0.44537 0.05625 0.290741 0.513122
0 0.959375 0.447222 0.05625 0.27963 0.51872
0 0.130729 0.505556 0.0364583 0.17037 0.518954
0 0.957292 0.446296 0.05625 0.277778 0.519164
0 0.957292 0.44537 0.05625 0.290741 0.528219
0 0.410937 0.447222 0.015625 0.0796296 0.530727
0 0.130729 0.506481 0.0364583 0.172222 0.534344
0 0.957292 0.44537 0.05625 0.290741 0.538931
0 0.411458 0.447222 0.0166667 0.0833333 0.548664
0 0.130729 0.506481 0.0364583 0.172222 0.548794
0 0.0109375 0.510185 0.021875 0.17963 0.552701
0 0.470313 0.451852 0.015625 0.0925926 0.55384
0 0.470313 0.451852 0.0177083 0.0962963 0.558123
0 0.0109375 0.510185 0.021875 0.17963 0.56138
0 0.410937 0.447222 0.015625 0.0833333 0.564166
0 0.470313 0.451852 0.015625 0.0962963 0.565963
0 0.0114583 0.511111 0.0229167 0.188889 0.586551
0 0.0828125 0.548148 0.0572917 0.277778 0.603798
0 0.132292 0.501852 0.0375 0.17037 0.626862
0 0.0109375 0.512963 0.021875 0.181481 0.641073
0 0.0833333 0.549074 0.05625 0.275926 0.644438
0 0.666146 0.530556 0.0572917 0.324074 0.645533
0 0.0109375 0.512963 0.021875 0.181481 0.651269
0 0.0828125 0.549074 0.0572917 0.275926 0.661065
0 0.131771 0.501852 0.0364583 0.17037 0.663063
0 0.558854 0.487037 0.0364583 0.151852 0.665558
0 0.132812 0.501852 0.034375 0.17037 0.666651
0 0.558854 0.487037 0.034375 0.151852 0.675594
0 0.132812 0.501852 0.034375 0.17037 0.681162
0 0.0114583 0.513889 0.0229167 0.17963 0.690229
0 0.132292 0.503704 0.0375 0.174074 0.693776
0 0.0833333 0.549074 0.05625 0.275926 0.695713
0 0.131771 0.501852 0.0364583 0.17037 0.70165
0 0.132292 0.503704 0.0375 0.174074 0.710262
0 0.132292 0.50463 0.0375 0.175926 0.734405
0 0.666146 0.52963 0.053125 0.32963 0.736358
0 0.0833333 0.549074 0.0583333 0.275926 0.743362
0 0.558854 0.487037 0.034375 0.155556 0.767295
0 0.0838542 0.55 0.0572917 0.277778 0.769946
0 0.558854 0.488889 0.034375 0.155556 0.774225
0 0.0828125 0.549074 0.059375 0.275926 0.777989
0 0.558854 0.487963 0.034375 0.153704 0.783734
0 0.558854 0.488889 0.034375 0.155556 0.785266
0 0.131771 0.501852 0.0385417 0.17037 0.786789
0 0.558854 0.487037 0.034375 0.155556 0.790293
0 0.558854 0.487963 0.034375 0.153704 0.792272
0 0.131771 0.501852 0.0385417 0.174074 0.794189
0 0.558854 0.487963 0.034375 0.153704 0.799726
0 0.558854 0.487963 0.034375 0.153704 0.806017
0 0.558333 0.486111 0.0354167 0.153704 0.806224
0 0.558854 0.487037 0.034375 0.155556 0.807891
0 0.558333 0.487037 0.0354167 0.155556 0.809949
0 0.0833333 0.55 0.0583333 0.281481 0.813836
0 0.667188 0.532407 0.0572917 0.324074 0.822259
0 0.0833333 0.549074 0.0583333 0.27963 0.824925
0 0.666146 0.530556 0.0552083 0.331481 0.82629
0 0.667188 0.531482 0.0552083 0.32963 0.82794
0 0.667188 0.532407 0.0572917 0.324074 0.828394
0 0.667188 0.530556 0.0552083 0.327778 0.830839
0 0.667188 0.530556 0.0552083 0.327778 0.831115
0 0.0833333 0.549074 0.0583333 0.27963 0.831151
0 0.667188 0.531482 0.0572917 0.325926 0.834908
0 0.666667 0.531482 0.0541667 0.337037 0.845848
0 0.667188 0.530556 0.0552083 0.331481 0.868836
0 0.667188 0.531482 0.0552083 0.32963 0.873012
0 0.667188 0.531482 0.0552083 0.32963 0.879917
