0 0.379687 0.310185 0.0177083 0.0685185 0.255153
0 0.485938 0.323148 0.0177083 0.087037 0.256616
0 0.373437 0.306481 0.015625 0.0759259 0.25955
0 0.509375 0.349074 0.0270833 0.135185 0.273247
0 0.485938 0.323148 0.0197917 0.0907407 0.285651
0 0.486458 0.319444 0.0166667 0.0907407 0.29003
0 0.485938 0.323148 0.0177083 0.087037 0.30379
0 0.485938 0.32037 0.0177083 0.0925926 0.307189
0 0.466146 0.347222 0.028125 0.161111 0.320884
0 0.466146 0.347222 0.028125 0.164815 0.320888
0 0.300521 0.325 0.0302083 0.0944444 0.321285
0 0.485938 0.32037 0.0177083 0.0925926 0.324402
0 0.466146 0.341667 0.028125 0.135185 0.338923
0 0.300521 0.324074 0.0302083 0.0962963 0.346013
0 0.50625 0.34537 0.0270833 0.131481 0.349995
0 0.300521 0.325 0.0302083 0.0981481 0.350583
0 0.466146 0.339815 0.0302083 0.142593 0.367839
0 0.466146 0.349074 0.028125 0.168519 0.373233
0 0.466146 0.349074 0.028125 0.168519 0.392912
0 0.64375 0.351852 0.0270833 0.144444 0.394137
0 0.204167 0.371296 0.0875 0.312963 0.395624
0 0.507812 0.346296 0.0260417 0.137037 0.398404
0 0.466146 0.349074 0.028125 0.168519 0.398892
0 0.466667 0.339815 0.0291667 0.138889 0.418734
0 0.466146 0.340741 0.028125 0.151852 0.422509
0 0.466667 0.339815 0.0291667 0.138889 0.422676
0 0.466146 0.340741 0.028125 0.151852 0.425841
0 0.339583 0.314815 0.01875 0.0777778 0.426025
0 0.339063 0.313889 0.0177083 0.0759259 0.430442
0 0.627083 0.353704 0.0291667 0.166667 0.444019
0 0.644792 0.350926 0.025 0.142593 0.447949
0 0.509375 0.349074 0.0270833 0.138889 0.4486
0 0.644792 0.35 0.025 0.140741 0.454306
0 0.339583 0.314815 0.01875 0.0740741 0.459293
0 0.509375 0.35 0.0270833 0.137037 0.466302
0 0.636979 0.353704 0.0364583 0.151852 0.4679
0 0.296875 0.325 0.03125 0.0944444 0.472036
0 0.627083 0.353704 0.0291667 0.166667 0.475475
0 0.507812 0.348148 0.028125 0.137037 0.489804
0 0.296875 0.325 0.03125 0.0981481 0.499886
0 0.641146 0.355556 0.0302083 0.155556 0.50001
0 0.643229 0.351852 0.0260417 0.140741 0.503702
0 0.296875 0.325 0.03125 0.0981481 0.508811
0 0.201562 0.375 0.0864583 0.316667 0.510105
0 0.6375 0.352778 0.0354167 0.153704 0.520476
0 0.626562 0.355556 0.021875 0.17037 0.52727
0 0.507812 0.348148 0.028125 0.137037 0.528831
0 0.626562 0.35463 0.021875 0.172222 0.531171
0 0.6375 0.352778 0.0354167 0.153704 0.537129
0 0.641146 0.355556 0.0302083 0.155556 0.542952
0 0.297917 0.326852 0.03125 0.0981481 0.545746
0 0.626042 0.353704 0.0270833 0.166667 0.547042
0 0.297396 0.324074 0.0322917 0.1 0.569225
0 0.338021 0.315741 0.0177083 0.0722222 0.575427
0 0.297917 0.326852 0.03125 0.0981481 0.576855
0 0.507812 0.348148 0.0260417 0.137037 0.58238
0 0.297917 0.326852 0.03125 0.0981481 0.584531
0 0.296875 0.324074 0.03125 0.1 0.591957
0 0.338542 0.314815 0.01875 0.0740741 0.592433
0 0.297917 0.326852 0.03125 0.0981481 0.592555
0 0.338542 0.314815 0.01875 0.0740741 0.593453
0 0.642187 0.355556 0.028125 0.155556 0.600717
0 0.338542 0.315741 0.01875 0.0759259 0.607248
0 0.338542 0.314815 0.01875 0.0740741 0.612495
0 0.297917 0.325926 0.03125 0.1 0.615905
0 0.339063 0.314815 0.0197917 0.0740741 0.62087
0 0.297396 0.325926 0.0322917 0.1 0.621334
0 0.296875 0.324074 0.03125 0.1 0.621363
0 0.296875 0.325926 0.03125 0.0962963 0.622231
0 0.507812 0.347222 0.028125 0.135185 0.623875
0 0.297917 0.325926 0.03125 0.1 0.62711
0 0.338542 0.314815 0.01875 0.0740741 0.637255
0 0.507812 0.347222 0.028125 0.135185 0.644852
0 0.297396 0.325926 0.0322917 0.1 0.652242
0 0.296875 0.326852 0.03125 0.0981481 0.654772
0 0.50625 0.34537 0.0270833 0.142593 0.661333
0 0.297396 0.326852 0.0322917 0.101852 0.663165
0 0.50625 0.34537 0.0270833 0.142593 0.663492
0 0.338542 0.314815 0.01875 0.0703704 0.664182
0 0.203125 0.378704 0.0833333 0.312963 0.666859
0 0.507812 0.346296 0.028125 0.133333 0.669155
0 0.202604 0.376852 0.084375 0.312963 0.670235
0 0.296875 0.326852 0.03125 0.0981481 0.673863
0 0.507812 0.346296 0.0260417 0.140741 0.676644
0 0.636458 0.353704 0.0375 0.162963 0.678714
0 0.202604 0.377778 0.084375 0.314815 0.682685
0 0.203125 0.377778 0.0833333 0.311111 0.687961
0 0.507812 0.346296 0.0260417 0.140741 0.688352
0 0.636458 0.35463 0.0375 0.164815 0.69863
0 0.466146 0.347222 0.028125 0.153704 0.707081
0 0.203125 0.378704 0.0833333 0.309259 0.710361
0 0.644271 0.351852 0.0239583 0.140741 0.71985
0 0.644271 0.352778 0.0260417 0.157407 0.72814
0 0.204688 0.375 0.0864583 0.305556 0.734634
0 0.644271 0.352778 0.0260417 0.157407 0.735201
0 0.466146 0.347222 0.028125 0.153704 0.737002
0 0.466146 0.34537 0.028125 0.153704 0.737547
0 0.466146 0.342593 0.028125 0.148148 0.768924
0 0.466146 0.342593 0.028125 0.148148 0.772817
0 0.466146 0.340741 0.028125 0.155556 0.79255
0 0.202604 0.377778 0.0864583 0.318519 0.79357
0 0.466146 0.340741 0.028125 0.151852 0.803434
0 0.202083 0.376852 0.0854167 0.316667 0.819894
0 0.202083 0.377778 0.0854167 0.318519 0.820615
0 0.202604 0.378704 0.084375 0.312963 0.866053
0 0.202083 0.378704 0.0854167 0.316667 0.87166
0 0.202604 0.378704 0.084375 0.312963 0.87381
0 0.202083 0.378704 0.0854167 0.316667 0.87642
0 0.203125 0.376852 0.0854167 0.312963 0.876521
0 0.203125 0.376852 0.0854167 0.312963 0.878119
0 0.202604 0.377778 0.0864583 0.314815 0.87874
