0 0.380729 0.441667 0.0177083 0.087037 0.266641
0 0.413542 0.443519 0.0229167 0.0944444 0.266839
0 0.413021 0.443519 0.0239583 0.0944444 0.267035
0 0.511979 0.474074 0.0322917 0.151852 0.270435
0 0.0901042 0.487037 0.028125 0.177778 0.27139
13 0.415104 0.57963 0.119792 0.0814815 0.272975
0 0.380208 0.442593 0.0166667 0.0851852 0.273197
26 0.716667 0.628704 0.0291667 0.105556 0.273241
0 0.511458 0.475 0.03125 0.15 0.274367
0 0.511979 0.475 0.0322917 0.135185 0.275938
0 0.378646 0.438889 0.015625 0.0888889 0.277379
0 0.511979 0.474074 0.0322917 0.148148 0.27984
0 0.435937 0.443519 0.0385417 0.101852 0.281707
13 0.415104 0.581481 0.119792 0.0814815 0.285051
0 0.513542 0.480556 0.03125 0.153704 0.286129
0 0.380208 0.442593 0.0166667 0.0851852 0.289747
0 0.513021 0.480556 0.0302083 0.153704 0.293617
0 0.389062 0.444444 0.0177083 0.0888889 0.294497
13 0.425521 0.586111 0.144792 0.087037 0.296813
0 0.0208333 0.505556 0.0395833 0.17037 0.299207
0 0.513542 0.481481 0.03125 0.151852 0.302636
0 0.445312 0.440741 0.0197917 0.111111 0.309218
0 0.0901042 0.487037 0.028125 0.17037 0.314139
0 0.0213542 0.506481 0.040625 0.172222 0.319657
0 0.445833 0.440741 0.0208333 0.111111 0.319663
0 0.445833 0.440741 0.0208333 0.111111 0.325514
0 0.513542 0.476852 0.03125 0.135185 0.327818
13 0.416667 0.580556 0.133333 0.0833333 0.331276
0 0.0901042 0.487037 0.028125 0.174074 0.345594
0 0.0213542 0.506481 0.040625 0.172222 0.346926
24 0.0619792 0.466667 0.034375 0.0703704 0.347787
0 0.392708 0.443519 0.0166667 0.087037 0.35177
0 0.0609375 0.5 0.040625 0.181481 0.354
0 0.0203125 0.512963 0.040625 0.155556 0.35481
0 0.0260417 0.508333 0.0458333 0.17963 0.358094
0 0.0203125 0.512963 0.040625 0.155556 0.365835
0 0.392708 0.443519 0.0166667 0.087037 0.368688
24 0.0619792 0.466667 0.034375 0.0703704 0.369719
24 0.0619792 0.466667 0.034375 0.0703704 0.370468
24 0.0604167 0.466667 0.0354167 0.0703704 0.374257
0 0.0260417 0.508333 0.0458333 0.17963 0.374293
0 0.0880208 0.490741 0.0302083 0.174074 0.377686
0 0.426042 0.443519 0.0333333 0.101852 0.379303
0 0.0640625 0.492593 0.0427083 0.185185 0.385003
0 0.392708 0.443519 0.0166667 0.087037 0.390276
0 0.0885417 0.490741 0.0291667 0.174074 0.396832
24 0.0604167 0.465741 0.0354167 0.0722222 0.398235
0 0.0260417 0.508333 0.0458333 0.17963 0.398546
24 0.0609375 0.465741 0.0364583 0.0722222 0.399477
0 0.021875 0.512037 0.0416667 0.168519 0.405501
0 0.425521 0.443519 0.034375 0.101852 0.408
0 0.0640625 0.494444 0.0427083 0.185185 0.413365
0 0.0265625 0.509259 0.040625 0.174074 0.415547
0 0.0609375 0.500926 0.040625 0.183333 0.420878
0 0.021875 0.512963 0.0416667 0.17037 0.423604
0 0.41875 0.441667 0.0229167 0.0981481 0.425039
0 0.0265625 0.509259 0.040625 0.174074 0.426836
0 0.0885417 0.491667 0.03125 0.17963 0.432166
0 0.426042 0.443519 0.0333333 0.101852 0.432949
0 0.0635417 0.5 0.0416667 0.192593 0.435688
0 0.0885417 0.489815 0.0291667 0.187037 0.444755
0 0.44375 0.439815 0.0208333 0.0981481 0.444782
0 0.021875 0.512037 0.0416667 0.172222 0.448535
0 0.0885417 0.491667 0.03125 0.17963 0.449489
0 0.0635417 0.499074 0.0416667 0.190741 0.451601
0 0.0880208 0.490741 0.0302083 0.174074 0.4523
0 0.0885417 0.490741 0.0291667 0.185185 0.455479
0 0.419792 0.437963 0.0208333 0.0907407 0.463165
0 0.443229 0.440741 0.0197917 0.1 0.464168
0 0.0890625 0.491667 0.0302083 0.17963 0.481843
0 0.443229 0.440741 0.0197917 0.1 0.483397
0 0.41875 0.442593 0.0229167 0.1 0.492126
0 0.059375 0.503704 0.0416667 0.188889 0.503652
0 0.419792 0.437963 0.0208333 0.0907407 0.506953
0 0.419792 0.437963 0.0208333 0.0907407 0.51415
0 0.0609375 0.503704 0.040625 0.192593 0.517773
0 0.513542 0.474074 0.0333333 0.144444 0.519665
0 0.0895833 0.487037 0.0270833 0.174074 0.522233
0 0.0895833 0.487037 0.0270833 0.174074 0.524816
0 0.059375 0.503704 0.0416667 0.188889 0.525905
0 0.513542 0.473148 0.0333333 0.142593 0.528717
0 0.514063 0.476852 0.0322917 0.15 0.532011
0 0.513542 0.473148 0.0333333 0.142593 0.545673
0 0.514063 0.476852 0.0322917 0.15 0.547698
0 0.0614583 0.501852 0.04375 0.192593 0.548504
0 0.420312 0.439815 0.021875 0.0907407 0.55134
0 0.514063 0.475926 0.0322917 0.148148 0.553729
0 0.0609375 0.501852 0.0447917 0.192593 0.559893
0 0.0604167 0.501852 0.04375 0.192593 0.580463
0 0.420312 0.438889 0.021875 0.0925926 0.587274
0 0.420312 0.438889 0.021875 0.0925926 0.588605
0 0.683854 0.55463 0.065625 0.375926 0.59034
0 0.511979 0.476852 0.0322917 0.142593 0.6042
0 0.683854 0.553704 0.065625 0.374074 0.606109
0 0.44375 0.444444 0.0208333 0.103704 0.608065
0 0.683854 0.553704 0.065625 0.377778 0.613035
0 0.5125 0.47963 0.03125 0.144444 0.614418
0 0.511979 0.476852 0.0322917 0.142593 0.617061
0 0.513021 0.478704 0.0322917 0.146296 0.618145
0 0.443229 0.442593 0.0197917 0.103704 0.647169
0 0.443229 0.444444 0.0197917 0.107407 0.655644
0 0.44375 0.442593 0.0208333 0.107407 0.664662
0 0.513542 0.477778 0.03125 0.144444 0.667232
0 0.513542 0.475926 0.0333333 0.144444 0.667781
0 0.513542 0.478704 0.03125 0.142593 0.668545
0 0.44375 0.442593 0.0208333 0.107407 0.6698
0 0.513542 0.475926 0.0333333 0.144444 0.67204
0 0.686458 0.551852 0.06875 0.377778 0.71595
0 0.685938 0.552778 0.0677083 0.37963 0.732433
0 0.513021 0.476852 0.0322917 0.146296 0.741005
0 0.688021 0.555556 0.0739583 0.388889 0.741819
0 0.685938 0.551852 0.0677083 0.381481 0.7427
0 0.686979 0.551852 0.071875 0.392593 0.758523
0 0.6875 0.55463 0.0729167 0.390741 0.759998
0 0.686458 0.552778 0.0708333 0.390741 0.763215
0 0.513021 0.477778 0.0322917 0.148148 0.76368
0 0.513021 0.476852 0.0322917 0.146296 0.781579
0 0.684375 0.555556 0.0708333 0.385185 0.80612
0 0.684896 0.55463 0.0697917 0.387037 0.81313
0 0.686979 0.55463 0.071875 0.394444 0.818208
0 0.684375 0.555556 0.0708333 0.385185 0.820377
0 0.686458 0.55463 0.0708333 0.394444 0.823664
