0 0.497917 0.330556 0.01875 0.127778 0.250781
0 0.267188 0.312037 0.021875 0.0981481 0.251278
0 0.480208 0.336111 0.01875 0.138889 0.252516
0 0.465625 0.343519 0.025 0.138889 0.253955
1 0.976562 0.667593 0.046875 0.105556 0.254503
0 0.269271 0.317593 0.028125 0.0907407 0.254849
1 0.976562 0.666667 0.046875 0.107407 0.257695
0 0.31875 0.360185 0.0395833 0.209259 0.258896
0 0.26875 0.318519 0.0270833 0.0925926 0.258966
0 0.31875 0.360185 0.0395833 0.205556 0.259615
0 0.321354 0.353704 0.0427083 0.181481 0.259647
1 0.977083 0.666667 0.0458333 0.107407 0.262468
0 0.270312 0.317593 0.0239583 0.0907407 0.26305
0 0.267708 0.312037 0.0229167 0.0981481 0.263315
0 0.585417 0.340741 0.0270833 0.133333 0.268526
0 0.321354 0.352778 0.0427083 0.17963 0.277272
0 0.497917 0.331481 0.0166667 0.125926 0.279576
24 0.969271 0.464815 0.0614583 0.27037 0.286559
0 0.464583 0.349074 0.0291667 0.153704 0.296325
0 0.585417 0.346296 0.0270833 0.133333 0.303999
0 0.466667 0.340741 0.03125 0.155556 0.317551
0 0.585938 0.343519 0.028125 0.135185 0.318943
0 0.616146 0.313889 0.0197917 0.0833333 0.320579
0 0.585938 0.343519 0.028125 0.135185 0.331108
0 0.316146 0.353704 0.034375 0.192593 0.332574
0 0.270312 0.318519 0.0239583 0.0888889 0.332841
0 0.464063 0.348148 0.028125 0.151852 0.335719
0 0.933854 0.576852 0.132292 0.709259 0.338195
0 0.466667 0.339815 0.03125 0.153704 0.338639
0 0.270833 0.318519 0.0229167 0.0888889 0.338861
0 0.316146 0.35463 0.034375 0.194444 0.339496
0 0.270833 0.318519 0.0229167 0.0888889 0.345224
0 0.466667 0.339815 0.03125 0.153704 0.34853
0 0.217708 0.338889 0.0333333 0.162963 0.363975
0 0.213021 0.361111 0.040625 0.211111 0.365754
0 0.584375 0.347222 0.0270833 0.138889 0.366168
0 0.4625 0.344444 0.0291667 0.148148 0.366664
0 0.616146 0.312963 0.0197917 0.0851852 0.367716
0 0.616146 0.312963 0.0197917 0.0851852 0.373264
0 0.213021 0.362037 0.040625 0.212963 0.374722
0 0.217708 0.338889 0.0333333 0.162963 0.375817
0 0.4625 0.343519 0.0291667 0.15 0.380574
0 0.465104 0.348148 0.0260417 0.151852 0.386689
0 0.216146 0.352778 0.034375 0.205556 0.390992
0 0.216146 0.352778 0.034375 0.201852 0.392627
0 0.216146 0.352778 0.034375 0.201852 0.401823
0 0.565625 0.328704 0.0479167 0.131481 0.407655
0 0.584375 0.348148 0.0270833 0.137037 0.423236
0 0.615625 0.318519 0.01875 0.0888889 0.423974
0 0.616146 0.312963 0.0197917 0.0888889 0.428694
0 0.214583 0.362037 0.0375 0.209259 0.441813
0 0.215104 0.360185 0.0364583 0.201852 0.449629
0 0.214583 0.361111 0.0375 0.211111 0.449764
0 0.565625 0.328704 0.0479167 0.131481 0.452097
0 0.214583 0.362037 0.0375 0.209259 0.456284
0 0.565625 0.328704 0.0479167 0.131481 0.464743
0 0.215104 0.361111 0.0364583 0.203704 0.466343
0 0.464063 0.349074 0.0260417 0.146296 0.468078
0 0.464063 0.35 0.0260417 0.144444 0.483366
0 0.584375 0.343519 0.025 0.135185 0.483916
0 0.214583 0.355556 0.0375 0.2 0.485335
0 0.584375 0.347222 0.0270833 0.135185 0.487052
0 0.553646 0.326852 0.0260417 0.124074 0.497115
0 0.214583 0.356481 0.0375 0.201852 0.497595
0 0.615625 0.319444 0.01875 0.0907407 0.50432
0 0.466667 0.341667 0.0270833 0.153704 0.509256
0 0.615625 0.318519 0.01875 0.0888889 0.51266
0 0.466667 0.341667 0.0270833 0.153704 0.514691
0 0.214583 0.356481 0.0375 0.205556 0.515778
0 0.935417 0.553704 0.129167 0.718518 0.518101
0 0.616146 0.315741 0.0197917 0.0944444 0.522477
0 0.555729 0.325926 0.028125 0.12963 0.527224
0 0.316146 0.348148 0.0322917 0.177778 0.527525
0 0.583854 0.348148 0.0260417 0.137037 0.52916
0 0.466667 0.341667 0.0270833 0.153704 0.529767
0 0.466146 0.34537 0.0302083 0.15 0.530911
0 0.553646 0.327778 0.0239583 0.122222 0.533183
0 0.584896 0.347222 0.0260417 0.138889 0.535855
0 0.555729 0.325926 0.0302083 0.12963 0.536583
0 0.316146 0.349074 0.0322917 0.175926 0.536854
0 0.553646 0.327778 0.0260417 0.122222 0.536925
0 0.584896 0.347222 0.0260417 0.138889 0.539517
0 0.615625 0.315741 0.0208333 0.0944444 0.555207
0 0.466667 0.344444 0.0291667 0.148148 0.558173
0 0.616146 0.315741 0.0197917 0.0944444 0.562518
0 0.616146 0.315741 0.0197917 0.0944444 0.56484
0 0.55625 0.325926 0.0291667 0.12963 0.570682
0 0.466667 0.343519 0.0291667 0.146296 0.570957
0 0.584375 0.34537 0.0270833 0.138889 0.575541
0 0.804688 0.558333 0.140625 0.701852 0.583252
0 0.465625 0.34537 0.0291667 0.15 0.587682
0 0.318229 0.356481 0.0385417 0.198148 0.588826
0 0.318229 0.353704 0.0364583 0.192593 0.590345
0 0.465625 0.343519 0.025 0.146296 0.596014
0 0.555729 0.325926 0.028125 0.12963 0.600788
0 0.317708 0.357407 0.0375 0.196296 0.600997
0 0.555729 0.326852 0.028125 0.131481 0.60732
0 0.318229 0.356481 0.0385417 0.198148 0.607763
0 0.318229 0.353704 0.0364583 0.192593 0.611762
0 0.615625 0.315741 0.0208333 0.0944444 0.614239
0 0.555729 0.326852 0.028125 0.131481 0.61595
0 0.318229 0.35463 0.0364583 0.190741 0.622874
0 0.465625 0.343519 0.025 0.142593 0.623382
0 0.318229 0.353704 0.0364583 0.192593 0.627125
0 0.466146 0.34537 0.028125 0.15 0.629255
0 0.934896 0.561111 0.130208 0.733333 0.634001
0 0.555208 0.325926 0.0291667 0.125926 0.638804
0 0.584375 0.347222 0.0270833 0.138889 0.643632
0 0.93125 0.562963 0.13125 0.696296 0.645284
0 0.269271 0.316667 0.0239583 0.0888889 0.650721
0 0.584375 0.34537 0.0270833 0.135185 0.651797
0 0.318229 0.35463 0.0364583 0.190741 0.652958
0 0.31875 0.353704 0.0395833 0.192593 0.65553
0 0.555729 0.327778 0.028125 0.12963 0.656855
0 0.584375 0.347222 0.0270833 0.138889 0.657031
0 0.31875 0.353704 0.0395833 0.192593 0.667252
0 0.584375 0.34537 0.0270833 0.138889 0.668269
0 0.555208 0.325926 0.0291667 0.122222 0.672614
0 0.318229 0.35463 0.0364583 0.190741 0.674272
0 0.583854 0.344444 0.0260417 0.140741 0.674884
0 0.934896 0.559259 0.130208 0.725926 0.67604
0 0.555729 0.326852 0.028125 0.124074 0.676824
0 0.583854 0.344444 0.0260417 0.140741 0.68043
0 0.269271 0.317593 0.021875 0.087037 0.70441
0 0.555729 0.327778 0.028125 0.12963 0.713674
0 0.555729 0.327778 0.028125 0.12963 0.715991
0 0.269271 0.317593 0.021875 0.087037 0.726485
0 0.805729 0.564815 0.138542 0.688889 0.729804
0 0.270312 0.316667 0.021875 0.0888889 0.731719
0 0.269271 0.317593 0.021875 0.087037 0.732914
0 0.269271 0.315741 0.021875 0.0907407 0.748374
0 0.80625 0.559259 0.141667 0.7 0.751393
0 0.269792 0.32037 0.0229167 0.0925926 0.758062
0 0.269792 0.32037 0.0229167 0.0925926 0.771328
0 0.933333 0.564815 0.133333 0.722222 0.772866
0 0.269792 0.32037 0.0229167 0.0925926 0.777038
0 0.80625 0.558333 0.141667 0.698148 0.779267
0 0.934896 0.560185 0.130208 0.727778 0.796827
0 0.933333 0.564815 0.133333 0.718518 0.809635
0 0.805208 0.564815 0.1375 0.685185 0.824231
0 0.934896 0.559259 0.130208 0.725926 0.824944
0 0.804167 0.562963 0.1375 0.714815 0.8332
0 0.933333 0.559259 0.133333 0.707407 0.840612
0 0.804167 0.563889 0.141667 0.724074 0.895543
0 0.805208 0.564815 0.1375 0.681481 0.895586
0 0.804688 0.564815 0.138542 0.681481 0.903059
