0 0.358333 0.302778 0.0145833 0.0611111 0.257206
0 0.301562 0.328704 0.0239583 0.087037 0.258207
13 0.289583 0.441667 0.09375 0.127778 0.2612
28 0.443229 0.462963 0.046875 0.1 0.26129
13 0.35625 0.614815 0.15 0.177778 0.261951
28 0.443229 0.462037 0.0489583 0.101852 0.265877
13 0.290625 0.444444 0.0916667 0.12963 0.266091
28 0.443229 0.462037 0.0489583 0.0981481 0.273988
13 0.357812 0.615741 0.146875 0.190741 0.276011
0 0.982292 0.807407 0.0333333 0.374074 0.276386
0 0.464063 0.347222 0.028125 0.127778 0.276469
0 0.981771 0.807407 0.034375 0.374074 0.278225
0 0.983333 0.803704 0.0333333 0.37037 0.280923
28 0.44375 0.462963 0.0479167 0.1 0.281423
0 0.555729 0.327778 0.015625 0.0518519 0.281715
0 0.301562 0.32963 0.0239583 0.0851852 0.282805
13 0.356771 0.608333 0.148958 0.172222 0.283191
0 0.300521 0.335185 0.0260417 0.0925926 0.284226
0 0.497396 0.351852 0.0260417 0.133333 0.293605
0 0.555208 0.327778 0.0145833 0.0481481 0.294068
0 0.301562 0.32963 0.0239583 0.0851852 0.294394
0 0.984375 0.807407 0.03125 0.374074 0.294552
13 0.290625 0.444444 0.09375 0.12963 0.295201
13 0.356771 0.608333 0.148958 0.168519 0.295527
13 0.357292 0.608333 0.147917 0.168519 0.296275
13 0.288542 0.444444 0.0958333 0.125926 0.297832
13 0.288542 0.44537 0.0958333 0.124074 0.300033
13 0.289583 0.442593 0.0916667 0.125926 0.305606
13 0.357812 0.611111 0.146875 0.181481 0.30791
13 0.288542 0.44537 0.0958333 0.124074 0.312723
13 0.288542 0.444444 0.09375 0.125926 0.314752
0 0.498437 0.349074 0.0302083 0.131481 0.31866
13 0.288542 0.444444 0.09375 0.125926 0.327552
0 0.501042 0.35 0.0291667 0.133333 0.328767
13 0.288542 0.444444 0.09375 0.125926 0.329758
0 0.557292 0.32963 0.0145833 0.0555556 0.329776
0 0.3 0.335185 0.0270833 0.0888889 0.330197
0 0.302083 0.337037 0.025 0.0851852 0.331095
13 0.289062 0.441667 0.0927083 0.127778 0.331995
0 0.501042 0.350926 0.0291667 0.135185 0.334212
0 0.323438 0.325926 0.0197917 0.0703704 0.347266
0 0.557292 0.32963 0.0145833 0.0555556 0.354964
0 0.461458 0.347222 0.0291667 0.135185 0.355163
0 0.503646 0.348148 0.0260417 0.140741 0.362279
0 0.501042 0.351852 0.0291667 0.137037 0.364642
0 0.498437 0.351852 0.034375 0.133333 0.366844
0 0.502604 0.349074 0.0260417 0.138889 0.367936
0 0.322917 0.325926 0.0208333 0.0703704 0.372554
0 0.461458 0.347222 0.0291667 0.135185 0.376069
0 0.302083 0.336111 0.025 0.0833333 0.381585
0 0.301562 0.337037 0.0239583 0.0851852 0.381674
0 0.464583 0.347222 0.0291667 0.135185 0.383035
0 0.463542 0.347222 0.0291667 0.135185 0.383775
0 0.323438 0.325926 0.0197917 0.0703704 0.38567
0 0.556771 0.327778 0.015625 0.0555556 0.391951
0 0.501562 0.350926 0.028125 0.135185 0.394012
0 0.556771 0.327778 0.015625 0.0555556 0.395691
0 0.298438 0.334259 0.0239583 0.0833333 0.398342
0 0.5 0.350926 0.03125 0.135185 0.40048
0 0.556771 0.327778 0.015625 0.0518519 0.411158
0 0.556771 0.328704 0.015625 0.0574074 0.415145
0 0.322396 0.328704 0.0197917 0.0759259 0.436092
0 0.5 0.350926 0.03125 0.135185 0.436229
0 0.461979 0.350926 0.0260417 0.135185 0.450818
0 0.461458 0.35 0.0291667 0.140741 0.451841
0 0.314063 0.330556 0.0302083 0.087037 0.46262
0 0.556771 0.327778 0.015625 0.0518519 0.467845
0 0.556771 0.32963 0.015625 0.0518519 0.471379
0 0.4625 0.349074 0.0270833 0.135185 0.473321
0 0.461979 0.349074 0.028125 0.138889 0.478856
0 0.55625 0.328704 0.0166667 0.0537037 0.486556
0 0.461458 0.35 0.0270833 0.140741 0.489227
0 0.608333 0.360185 0.0395833 0.157407 0.49596
0 0.556771 0.328704 0.015625 0.05 0.501099
0 0.556771 0.327778 0.015625 0.0518519 0.518487
0 0.602083 0.360185 0.0333333 0.161111 0.523045
0 0.322396 0.325926 0.0197917 0.0777778 0.525024
0 0.602083 0.360185 0.0333333 0.161111 0.525488
0 0.498958 0.35 0.03125 0.137037 0.528104
0 0.302083 0.333333 0.0270833 0.0888889 0.530803
0 0.607813 0.360185 0.040625 0.157407 0.532743
0 0.498437 0.35 0.0302083 0.137037 0.543221
0 0.633854 0.359259 0.0260417 0.133333 0.553304
0 0.322396 0.325926 0.0197917 0.0777778 0.555692
0 0.501042 0.352778 0.03125 0.135185 0.560276
0 0.607292 0.360185 0.0395833 0.157407 0.566552
0 0.501042 0.350926 0.0291667 0.138889 0.567658
0 0.322396 0.325926 0.0197917 0.0777778 0.575474
0 0.322396 0.326852 0.0197917 0.0796296 0.584357
0 0.501042 0.35 0.0291667 0.137037 0.585319
0 0.501042 0.352778 0.0291667 0.135185 0.602769
0 0.633854 0.358333 0.0260417 0.138889 0.603298
0 0.633333 0.358333 0.0270833 0.138889 0.604752
0 0.3 0.334259 0.025 0.087037 0.619018
0 0.322396 0.327778 0.0197917 0.0777778 0.61902
0 0.500521 0.352778 0.0302083 0.135185 0.62038
0 0.322396 0.327778 0.0197917 0.0777778 0.620924
0 0.603646 0.360185 0.0322917 0.157407 0.63433
0 0.603646 0.360185 0.0322917 0.157407 0.636383
0 0.635417 0.359259 0.0270833 0.137037 0.6398
0 0.3 0.335185 0.025 0.0851852 0.641676
0 0.3 0.334259 0.025 0.0833333 0.650755
0 0.603646 0.360185 0.0322917 0.157407 0.662557
0 0.203125 0.440741 0.1125 0.451852 0.671081
0 0.202604 0.440741 0.113542 0.448148 0.672552
0 0.634896 0.359259 0.028125 0.12963 0.678733
0 0.203125 0.440741 0.1125 0.448148 0.682168
0 0.461979 0.350926 0.028125 0.142593 0.682277
0 0.3 0.334259 0.0229167 0.087037 0.691494
0 0.635417 0.360185 0.0270833 0.135185 0.697473
0 0.4625 0.350926 0.0291667 0.138889 0.700887
0 0.635417 0.360185 0.0270833 0.135185 0.702363
0 0.461979 0.35 0.028125 0.144444 0.702839
0 0.4625 0.350926 0.0291667 0.138889 0.71437
0 0.461979 0.350926 0.028125 0.142593 0.715146
0 0.301042 0.333333 0.025 0.0888889 0.715714
0 0.4625 0.349074 0.0291667 0.142593 0.724347
0 0.634896 0.361111 0.0260417 0.133333 0.725434
0 0.4625 0.349074 0.0291667 0.142593 0.730614
0 0.202083 0.438889 0.114583 0.448148 0.730905
0 0.634896 0.360185 0.028125 0.131481 0.732012
0 0.603646 0.358333 0.0302083 0.157407 0.732964
0 0.301042 0.332407 0.025 0.087037 0.737256
0 0.634896 0.360185 0.028125 0.131481 0.738357
0 0.4625 0.350926 0.0291667 0.138889 0.742264
0 0.301042 0.333333 0.025 0.0851852 0.74666
0 0.603646 0.358333 0.0302083 0.161111 0.748109
0 0.635417 0.360185 0.0270833 0.138889 0.749938
0 0.461979 0.350926 0.028125 0.138889 0.76198
0 0.461979 0.350926 0.028125 0.142593 0.763587
0 0.202604 0.439815 0.113542 0.45 0.772602
0 0.635417 0.360185 0.0270833 0.135185 0.779835
0 0.604167 0.360185 0.0333333 0.161111 0.780276
0 0.604167 0.359259 0.03125 0.159259 0.78371
0 0.603646 0.359259 0.0322917 0.162963 0.788527
0 0.604167 0.360185 0.0333333 0.161111 0.795403
0 0.202083 0.443519 0.114583 0.45 0.800882
0 0.604167 0.360185 0.0333333 0.161111 0.801308
0 0.634375 0.361111 0.0270833 0.137037 0.829943
0 0.634375 0.361111 0.0270833 0.137037 0.835537
0 0.635417 0.360185 0.0270833 0.135185 0.839332
0 0.202083 0.443519 0.114583 0.45 0.853867
0 0.201042 0.446296 0.114583 0.448148 0.891422
0 0.202083 0.44537 0.114583 0.457407 0.892594
0 0.201042 0.446296 0.114583 0.448148 0.894261
0 0.201042 0.44537 0.114583 0.45 0.895971
0 0.202083 0.44537 0.114583 0.446296 0.904208
0 0.202083 0.443519 0.114583 0.446296 0.907248
0 0.202083 0.444444 0.114583 0.455556 0.912585
0 0.202083 0.444444 0.114583 0.455556 0.91417
