0 0.175 0.5 0.0416667 0.17037 0.252174
26 0.208333 0.556481 0.0333333 0.0685185 0.252933
0 0.0604167 0.440741 0.0145833 0.0740741 0.253124
0 0.329167 0.443519 0.0208333 0.0722222 0.254081
0 0.345833 0.449074 0.0145833 0.0759259 0.254638
28 0.705208 0.566667 0.0229167 0.0740741 0.25658
0 0.234896 0.506481 0.0489583 0.227778 0.26106
26 0.208854 0.558333 0.034375 0.0648148 0.26215
26 0.208333 0.556481 0.0333333 0.0685185 0.265359
0 0.484375 0.448148 0.0166667 0.0740741 0.265709
0 0.538021 0.455556 0.0197917 0.0925926 0.270805
0 0.174479 0.501852 0.0427083 0.166667 0.27331
0 0.514063 0.452778 0.0197917 0.0907407 0.274467
26 0.208854 0.558333 0.034375 0.0648148 0.275442
0 0.180729 0.5 0.0510417 0.166667 0.275659
0 0.990625 0.477778 0.01875 0.222222 0.276551
28 0.705208 0.564815 0.0208333 0.0777778 0.276665
0 0.0609375 0.443519 0.015625 0.0685185 0.276826
0 0.181771 0.499074 0.046875 0.168519 0.279619
0 0.234896 0.505556 0.0489583 0.233333 0.282287
28 0.705208 0.566667 0.0229167 0.0740741 0.282915
0 0.342187 0.44537 0.0177083 0.0759259 0.283318
26 0.208333 0.558333 0.0333333 0.0648148 0.285304
26 0.207813 0.556481 0.0322917 0.0685185 0.286124
0 0.685938 0.518519 0.0385417 0.244444 0.287439
0 0.5375 0.455556 0.0208333 0.0962963 0.291895
0 0.193229 0.5 0.0322917 0.174074 0.292203
0 0.193229 0.500926 0.0322917 0.175926 0.298747
28 0.705208 0.566667 0.0229167 0.0740741 0.300107
0 0.0598958 0.441667 0.0135417 0.0722222 0.30103
0 0.34375 0.446296 0.0166667 0.0740741 0.301044
0 0.291667 0.440741 0.0145833 0.0666667 0.301651
0 0.176042 0.5 0.0395833 0.17037 0.30575
0 0.538021 0.455556 0.0197917 0.0962963 0.30595
0 0.520312 0.453704 0.0302083 0.0962963 0.310947
0 0.514583 0.452778 0.01875 0.0907407 0.311478
0 0.34375 0.446296 0.0166667 0.0740741 0.312695
0 0.180208 0.5 0.05 0.166667 0.314141
0 0.685417 0.518519 0.04375 0.244444 0.317805
0 0.514583 0.452778 0.01875 0.0907407 0.322253
0 0.320312 0.439815 0.015625 0.0722222 0.32667
0 0.0598958 0.441667 0.0135417 0.0722222 0.328965
0 0.176042 0.5 0.0395833 0.17037 0.329296
0 0.291667 0.440741 0.0145833 0.0666667 0.330654
0 0.292708 0.440741 0.0166667 0.0666667 0.335074
0 0.192708 0.500926 0.0354167 0.17963 0.335505
0 0.320312 0.439815 0.015625 0.0722222 0.338832
0 0.181771 0.499074 0.046875 0.168519 0.339419
0 0.23125 0.511111 0.05625 0.218519 0.341985
0 0.0614583 0.442593 0.0166667 0.0666667 0.346627
0 0.192708 0.5 0.0354167 0.177778 0.346668
0 0.291146 0.439815 0.015625 0.0685185 0.349403
0 0.180208 0.5 0.05 0.166667 0.362549
0 0.292188 0.442593 0.015625 0.0666667 0.365668
0 0.686979 0.519444 0.0447917 0.25 0.366694
0 0.0614583 0.442593 0.0145833 0.0703704 0.369683
0 0.0619792 0.442593 0.0177083 0.0703704 0.39166
0 0.124479 0.5 0.0364583 0.174074 0.396982
0 0.290625 0.439815 0.0145833 0.0685185 0.409909
0 0.0614583 0.443519 0.0145833 0.0648148 0.411552
0 0.124479 0.5 0.0364583 0.174074 0.421724
0 0.0609375 0.443519 0.0135417 0.0685185 0.428814
0 0.0619792 0.443519 0.015625 0.0685185 0.429787
0 0.685938 0.515741 0.0427083 0.242593 0.434314
0 0.515625 0.455556 0.0208333 0.0925926 0.435218
0 0.653646 0.492593 0.034375 0.159259 0.441167
0 0.0614583 0.443519 0.0145833 0.0685185 0.445283
0 0.291146 0.439815 0.015625 0.0648148 0.447122
0 0.0619792 0.443519 0.015625 0.0685185 0.448136
0 0.514583 0.456481 0.01875 0.0944444 0.450756
0 0.534375 0.452778 0.025 0.0944444 0.454982
0 0.124479 0.500926 0.0364583 0.175926 0.456192
0 0.653646 0.492593 0.034375 0.159259 0.457815
0 0.516146 0.453704 0.0197917 0.0925926 0.459994
0 0.515625 0.455556 0.0208333 0.0925926 0.463686
0 0.660937 0.49537 0.046875 0.172222 0.471468
0 0.659896 0.49537 0.0447917 0.168519 0.472871
0 0.515625 0.455556 0.0208333 0.0925926 0.47769
0 0.516146 0.452778 0.0197917 0.0944444 0.480599
0 0.516146 0.452778 0.0197917 0.0944444 0.483575
0 0.659896 0.49537 0.046875 0.172222 0.486612
0 0.534375 0.451852 0.025 0.0962963 0.489128
0 0.534375 0.452778 0.025 0.0981481 0.490132
0 0.292708 0.441667 0.0166667 0.0648148 0.493225
0 0.536458 0.451852 0.0208333 0.1 0.498666
0 0.292188 0.442593 0.015625 0.0666667 0.504207
0 0.485417 0.444444 0.0166667 0.0777778 0.504961
0 0.123958 0.499074 0.0354167 0.172222 0.505697
0 0.485417 0.444444 0.0166667 0.0777778 0.507122
0 0.485417 0.446296 0.0166667 0.0777778 0.510581
0 0.536458 0.451852 0.0208333 0.1 0.514419
0 0.536458 0.451852 0.0208333 0.1 0.517587
0 0.123958 0.498148 0.0354167 0.174074 0.523221
0 0.484375 0.444444 0.0145833 0.0777778 0.523257
0 0.485417 0.44537 0.0166667 0.0759259 0.529895
0 0.292188 0.441667 0.015625 0.0648148 0.531501
0 0.484896 0.443519 0.015625 0.0796296 0.531773
0 0.534896 0.452778 0.021875 0.101852 0.534867
0 0.533854 0.451852 0.0239583 0.1 0.535104
0 0.535937 0.451852 0.021875 0.1 0.535528
0 0.234375 0.509259 0.05 0.22963 0.544541
0 0.485417 0.444444 0.0145833 0.0777778 0.548427
0 0.484896 0.444444 0.015625 0.0777778 0.552278
0 0.533854 0.451852 0.0239583 0.103704 0.560265
0 0.533854 0.451852 0.0239583 0.103704 0.571716
0 0.234896 0.510185 0.0510417 0.227778 0.578679
0 0.485417 0.444444 0.0145833 0.0740741 0.580487
0 0.234896 0.509259 0.0510417 0.237037 0.608858
0 0.685938 0.516667 0.0427083 0.255556 0.61203
0 0.122917 0.502778 0.0354167 0.175926 0.637256
0 0.685417 0.518519 0.0458333 0.259259 0.642118
0 0.123958 0.500926 0.0375 0.175926 0.645518
0 0.170312 0.5 0.0322917 0.162963 0.646417
0 0.124479 0.500926 0.0385417 0.175926 0.657853
0 0.122917 0.503704 0.0354167 0.174074 0.659493
0 0.124479 0.500926 0.0385417 0.175926 0.659913
0 0.123958 0.500926 0.0375 0.175926 0.662053
0 0.685938 0.518519 0.040625 0.259259 0.662361
0 0.123438 0.500926 0.0364583 0.175926 0.664254
0 0.170312 0.501852 0.0302083 0.162963 0.664582
0 0.652083 0.490741 0.03125 0.159259 0.665107
0 0.653125 0.492593 0.03125 0.159259 0.665388
0 0.685938 0.516667 0.0427083 0.255556 0.66909
0 0.124479 0.500926 0.0385417 0.175926 0.67521
0 0.170312 0.501852 0.0302083 0.162963 0.677592
0 0.169792 0.5 0.03125 0.162963 0.683586
0 0.236458 0.509259 0.0479167 0.22963 0.685356
0 0.652083 0.490741 0.03125 0.159259 0.685889
0 0.653125 0.492593 0.03125 0.159259 0.689979
0 0.685417 0.515741 0.04375 0.253704 0.694245
0 0.123438 0.500926 0.0364583 0.175926 0.706831
0 0.16875 0.499074 0.03125 0.164815 0.707816
0 0.685938 0.515741 0.0427083 0.257407 0.70823
0 0.652604 0.490741 0.0322917 0.151852 0.70866
0 0.123438 0.500926 0.0364583 0.175926 0.709323
0 0.652083 0.490741 0.03125 0.159259 0.710122
0 0.123438 0.5 0.0385417 0.177778 0.710433
0 0.16875 0.499074 0.03125 0.164815 0.71165
0 0.16875 0.500926 0.03125 0.164815 0.723308
0 0.236458 0.509259 0.0479167 0.22963 0.724274
0 0.652604 0.489815 0.0322917 0.15 0.726994
0 0.169792 0.500926 0.03125 0.164815 0.730247
0 0.123438 0.500926 0.0364583 0.175926 0.730353
0 0.123438 0.500926 0.0364583 0.175926 0.731418
0 0.652604 0.490741 0.0322917 0.151852 0.733282
0 0.123438 0.5 0.0385417 0.177778 0.735405
0 0.16875 0.500926 0.03125 0.164815 0.737814
0 0.684896 0.513889 0.0427083 0.25 0.74245
0 0.123438 0.500926 0.0364583 0.175926 0.749904
0 0.235938 0.509259 0.0489583 0.22963 0.755669
0 0.234896 0.509259 0.0489583 0.22963 0.758913
0 0.16875 0.501852 0.03125 0.166667 0.767346
0 0.652604 0.490741 0.0302083 0.155556 0.769006
0 0.652604 0.489815 0.0302083 0.157407 0.769568
0 0.684896 0.513889 0.0427083 0.253704 0.773674
0 0.236979 0.510185 0.0447917 0.231481 0.785446
0 0.235417 0.510185 0.0479167 0.231481 0.787437
0 0.684896 0.513889 0.0427083 0.253704 0.806105
0 0.236979 0.510185 0.0447917 0.235185 0.810833
0 0.235938 0.510185 0.0489583 0.231481 0.812809
0 0.236458 0.510185 0.0458333 0.235185 0.854121
0 0.236458 0.510185 0.0479167 0.238889 0.8733
