0 0.315625 0.289815 0.0375 0.0759259 0.250947
0 0.641667 0.294444 0.0208333 0.0925926 0.251017
0 0.1125 0.339815 0.0541667 0.224074 0.254961
0 0.224479 0.287037 0.040625 0.12963 0.256196
0 0.0307292 0.294444 0.021875 0.0925926 0.260592
0 0.425 0.333333 0.0375 0.203704 0.261823
0 0.364583 0.286111 0.01875 0.0574074 0.262725
0 0.366667 0.285185 0.0208333 0.0555556 0.263159
0 0.223958 0.287963 0.0395833 0.131481 0.264573
0 0.367708 0.284259 0.01875 0.0574074 0.264637
0 0.625 0.310185 0.0416667 0.127778 0.26618
0 0.223958 0.287963 0.0395833 0.131481 0.268053
0 0.567708 0.308333 0.0270833 0.131481 0.27844
0 0.497396 0.309259 0.028125 0.137037 0.28713
0 0.104687 0.344444 0.0510417 0.211111 0.288475
0 0.0854167 0.318519 0.025 0.125926 0.290076
0 0.425 0.333333 0.0375 0.2 0.290869
0 0.368229 0.284259 0.0177083 0.0574074 0.292585
0 0.1125 0.339815 0.0541667 0.224074 0.295205
0 0.368229 0.284259 0.0177083 0.0574074 0.299938
0 0.028125 0.302778 0.01875 0.087037 0.310548
0 0.497917 0.308333 0.0270833 0.135185 0.317796
0 0.895312 0.530556 0.142708 0.735185 0.317908
0 0.00677083 0.300926 0.0135417 0.0722222 0.323271
0 0.028125 0.302778 0.01875 0.087037 0.324039
0 0.627604 0.309259 0.040625 0.125926 0.326508
0 0.00677083 0.300926 0.0135417 0.0759259 0.328178
0 0.294271 0.292593 0.021875 0.0740741 0.332678
0 0.49375 0.309259 0.0375 0.133333 0.334197
0 0.105208 0.344444 0.0520833 0.211111 0.336397
0 0.321354 0.292593 0.0239583 0.0777778 0.336599
0 0.499479 0.308333 0.0239583 0.135185 0.339292
0 0.294271 0.291667 0.021875 0.0722222 0.339565
0 0.494271 0.308333 0.0364583 0.131481 0.341611
0 0.0645833 0.324074 0.025 0.12963 0.341694
0 0.896875 0.525 0.15 0.727778 0.345697
0 0.00677083 0.301852 0.0135417 0.0703704 0.345756
0 0.028125 0.302778 0.01875 0.087037 0.345971
0 0.0625 0.32037 0.025 0.125926 0.353044
0 0.294271 0.292593 0.021875 0.0703704 0.353344
0 0.320833 0.292593 0.0229167 0.0777778 0.354053
0 0.494271 0.309259 0.0364583 0.133333 0.354574
0 0.320833 0.291667 0.0229167 0.0759259 0.367226
0 0.617708 0.317593 0.0270833 0.138889 0.368781
0 0.00677083 0.300926 0.0135417 0.0759259 0.371723
0 0.617708 0.316667 0.0270833 0.137037 0.374903
0 0.569271 0.306481 0.028125 0.135185 0.376184
0 0.465104 0.303704 0.0260417 0.114815 0.377801
0 0.568229 0.309259 0.0260417 0.137037 0.378256
0 0.618229 0.317593 0.028125 0.135185 0.384666
0 0.465104 0.303704 0.0260417 0.114815 0.395472
0 0.568229 0.309259 0.0260417 0.137037 0.395954
0 0.497917 0.309259 0.0270833 0.133333 0.397109
0 0.294271 0.292593 0.021875 0.0740741 0.399031
0 0.294271 0.292593 0.021875 0.0740741 0.399187
0 0.465104 0.30463 0.0260417 0.116667 0.400512
0 0.294271 0.292593 0.021875 0.0740741 0.41327
0 0.110417 0.344444 0.0479167 0.222222 0.414338
0 0.0619792 0.325926 0.028125 0.137037 0.420405
0 0.0645833 0.324074 0.025 0.133333 0.421857
0 0.0645833 0.324074 0.025 0.133333 0.42607
0 0.0619792 0.325926 0.028125 0.137037 0.42675
0 0.497917 0.308333 0.0270833 0.131481 0.427966
0 0.0625 0.32037 0.025 0.133333 0.432108
0 0.0625 0.32037 0.025 0.133333 0.432899
0 0.110417 0.344444 0.0479167 0.222222 0.434275
0 0.225 0.288889 0.0395833 0.133333 0.439531
0 0.294792 0.291667 0.0208333 0.0722222 0.442234
0 0.321875 0.289815 0.025 0.0759259 0.443907
0 0.645833 0.291667 0.01875 0.0944444 0.446945
0 0.321875 0.289815 0.025 0.0759259 0.452224
0 0.226562 0.287963 0.040625 0.131481 0.45567
0 0.465625 0.310185 0.0270833 0.127778 0.458747
0 0.645833 0.292593 0.01875 0.0962963 0.459981
0 0.0630208 0.325926 0.028125 0.133333 0.460216
0 0.645833 0.292593 0.01875 0.0962963 0.463718
0 0.570833 0.310185 0.0291667 0.127778 0.46674
0 0.29375 0.292593 0.0208333 0.0740741 0.468263
0 0.0619792 0.324074 0.028125 0.133333 0.46839
0 0.227604 0.287963 0.0385417 0.127778 0.47041
0 0.427083 0.333333 0.0395833 0.2 0.470914
0 0.321875 0.289815 0.025 0.0759259 0.472257
0 0.0625 0.325926 0.0270833 0.133333 0.473093
0 0.464583 0.309259 0.0270833 0.133333 0.473205
0 0.0640625 0.322222 0.0239583 0.125926 0.474228
0 0.227604 0.287963 0.0385417 0.124074 0.476731
0 0.427083 0.333333 0.0395833 0.2 0.487295
0 0.321354 0.291667 0.0260417 0.0796296 0.488182
0 0.227604 0.288889 0.0385417 0.125926 0.489649
0 0.897917 0.527778 0.152083 0.714815 0.48969
0 0.115104 0.34537 0.046875 0.224074 0.490427
0 0.321354 0.289815 0.0239583 0.0796296 0.494944
0 0.321354 0.289815 0.0239583 0.0796296 0.498072
0 0.116146 0.346296 0.0510417 0.225926 0.499261
0 0.0645833 0.322222 0.0229167 0.12963 0.502853
0 0.321354 0.289815 0.0239583 0.0759259 0.505856
0 0.570312 0.310185 0.028125 0.131481 0.506372
0 0.571354 0.310185 0.028125 0.131481 0.506978
0 0.0640625 0.322222 0.0239583 0.12963 0.508094
0 0.115104 0.34537 0.046875 0.224074 0.508804
0 0.0291667 0.302778 0.0208333 0.0944444 0.509591
0 0.427083 0.333333 0.0395833 0.2 0.513309
0 0.113021 0.349074 0.053125 0.22037 0.515698
0 0.116146 0.34537 0.0510417 0.227778 0.515786
0 0.0286458 0.300926 0.021875 0.0907407 0.520751
0 0.464063 0.309259 0.0260417 0.125926 0.524661
0 0.116146 0.34537 0.0510417 0.227778 0.528499
0 0.0291667 0.299074 0.0208333 0.0944444 0.531072
0 0.569271 0.306481 0.028125 0.135185 0.532002
0 0.569271 0.307407 0.028125 0.137037 0.533119
0 0.0625 0.324074 0.0270833 0.133333 0.538794
0 0.0625 0.325926 0.0270833 0.133333 0.539825
0 0.897396 0.52963 0.153125 0.714815 0.541056
0 0.464063 0.310185 0.0260417 0.127778 0.543089
0 0.109896 0.347222 0.0489583 0.224074 0.546211
0 0.111979 0.349074 0.053125 0.22037 0.546893
0 0.465104 0.309259 0.0260417 0.133333 0.547037
0 0.321354 0.289815 0.0239583 0.0796296 0.547291
0 0.0291667 0.298148 0.0208333 0.0962963 0.548524
0 0.464583 0.310185 0.025 0.127778 0.549028
0 0.0291667 0.298148 0.0208333 0.0962963 0.549347
0 0.465625 0.309259 0.0270833 0.125926 0.556446
0 0.109896 0.347222 0.0489583 0.22037 0.558211
0 0.0286458 0.3 0.0197917 0.0925926 0.559811
0 0.0625 0.324074 0.0270833 0.133333 0.566358
0 0.111979 0.348148 0.053125 0.222222 0.574582
0 0.498958 0.308333 0.0270833 0.135185 0.575383
0 0.226042 0.287963 0.0416667 0.135185 0.58088
0 0.226042 0.287963 0.0416667 0.135185 0.581622
0 0.64375 0.291667 0.0208333 0.0944444 0.585592
0 0.0286458 0.3 0.0197917 0.0925926 0.587633
0 0.0286458 0.3 0.0197917 0.0925926 0.594178
0 0.111979 0.346296 0.0552083 0.22963 0.595213
0 0.644792 0.294444 0.01875 0.0888889 0.598623
0 0.114583 0.344444 0.05 0.218519 0.598997
0 0.114583 0.344444 0.05 0.218519 0.601078
0 0.464583 0.309259 0.025 0.125926 0.602813
0 0.498437 0.308333 0.0260417 0.135185 0.6158
0 0.498958 0.309259 0.0270833 0.137037 0.619773
0 0.497917 0.308333 0.0270833 0.135185 0.620803
0 0.111979 0.346296 0.0552083 0.225926 0.622526
0 0.111979 0.346296 0.053125 0.222222 0.623122
0 0.644792 0.294444 0.01875 0.0888889 0.625546
0 0.498958 0.308333 0.025 0.142593 0.626389
0 0.225 0.288889 0.0416667 0.137037 0.634327
0 0.464583 0.309259 0.025 0.125926 0.635302
0 0.225521 0.288889 0.040625 0.137037 0.635472
0 0.644792 0.294444 0.01875 0.0888889 0.636978
0 0.464583 0.309259 0.025 0.125926 0.639047
0 0.111979 0.344444 0.0552083 0.225926 0.643828
0 0.618229 0.316667 0.028125 0.137037 0.644017
0 0.465104 0.311111 0.0260417 0.125926 0.647445
0 0.644792 0.289815 0.01875 0.0944444 0.651505
0 0.498958 0.308333 0.025 0.138889 0.655783
0 0.619271 0.316667 0.0302083 0.12963 0.656157
0 0.896875 0.525926 0.145833 0.72963 0.656314
0 0.570312 0.310185 0.028125 0.135185 0.657646
0 0.618229 0.317593 0.028125 0.135185 0.657815
0 0.111458 0.34537 0.0541667 0.224074 0.66057
0 0.498958 0.308333 0.0270833 0.135185 0.661626
0 0.644271 0.293519 0.0177083 0.0944444 0.669073
0 0.896875 0.526852 0.145833 0.727778 0.670135
0 0.569271 0.307407 0.028125 0.140741 0.674345
0 0.644792 0.292593 0.01875 0.0962963 0.675976
0 0.644792 0.292593 0.01875 0.0962963 0.679783
0 0.226042 0.287963 0.0395833 0.131481 0.686262
0 0.226562 0.287963 0.040625 0.131481 0.68882
0 0.111979 0.34537 0.053125 0.224074 0.70063
0 0.465625 0.308333 0.025 0.131481 0.703955
0 0.226562 0.287963 0.040625 0.131481 0.70508
0 0.569271 0.307407 0.028125 0.140741 0.7079
0 0.226042 0.287963 0.0395833 0.131481 0.711338
0 0.569271 0.307407 0.028125 0.140741 0.719882
0 0.569792 0.307407 0.0291667 0.137037 0.724753
0 0.226042 0.287963 0.0395833 0.131481 0.728348
0 0.569271 0.307407 0.028125 0.140741 0.733704
0 0.226042 0.287037 0.0395833 0.12963 0.734414
0 0.569271 0.307407 0.028125 0.140741 0.735697
0 0.569792 0.307407 0.0291667 0.137037 0.738159
0 0.619792 0.314815 0.0291667 0.137037 0.750163
0 0.569792 0.307407 0.0291667 0.137037 0.751012
0 0.426562 0.331481 0.040625 0.2 0.756691
0 0.426042 0.332407 0.0395833 0.201852 0.76118
0 0.426042 0.335185 0.0395833 0.207407 0.762622
0 0.569271 0.307407 0.028125 0.140741 0.767487
0 0.61875 0.316667 0.0291667 0.140741 0.770256
0 0.619792 0.316667 0.0291667 0.133333 0.771345
0 0.619792 0.316667 0.0291667 0.133333 0.772434
0 0.426042 0.332407 0.0395833 0.201852 0.776922
0 0.425521 0.331481 0.0385417 0.2 0.777205
0 0.426042 0.335185 0.0395833 0.207407 0.77872
0 0.619792 0.314815 0.0291667 0.137037 0.77911
0 0.425521 0.336111 0.0385417 0.205556 0.781846
0 0.425521 0.330556 0.0385417 0.201852 0.784117
0 0.619792 0.314815 0.0291667 0.137037 0.785963
0 0.570312 0.310185 0.028125 0.138889 0.787259
0 0.425521 0.335185 0.0385417 0.207407 0.788925
0 0.425521 0.330556 0.0385417 0.198148 0.791021
0 0.570312 0.310185 0.028125 0.138889 0.791401
0 0.61875 0.316667 0.0291667 0.140741 0.79514
0 0.61875 0.316667 0.0291667 0.140741 0.806927
0 0.896875 0.525926 0.15 0.733333 0.85142
0 0.897917 0.524074 0.15 0.72963 0.864815
0 0.898438 0.527778 0.146875 0.711111 0.885421
0 0.898438 0.527778 0.146875 0.711111 0.889449
0 0.898438 0.530556 0.148958 0.712963 0.892995
0 0.897917 0.52963 0.147917 0.711111 0.899553
