0 0.434896 0.375926 0.0239583 0.0962963 0.251335
0 0.446354 0.356481 0.0114583 0.0574074 0.254258
0 0.435417 0.375926 0.0229167 0.0962963 0.258111
13 0.392188 0.463889 0.0885417 0.0685185 0.263436
0 0.279687 0.386111 0.0177083 0.0981481 0.266845
13 0.434375 0.598148 0.179167 0.107407 0.272099
0 0.319792 0.368519 0.0229167 0.062963 0.274489
0 0.0630208 0.433333 0.053125 0.207407 0.279204
13 0.433854 0.596296 0.182292 0.107407 0.281076
13 0.433854 0.596296 0.182292 0.107407 0.288143
0 0.065625 0.432407 0.0541667 0.201852 0.288346
0 0.430208 0.381481 0.0208333 0.1 0.292617
13 0.389583 0.455556 0.0875 0.0814815 0.295373
13 0.389062 0.456481 0.0864583 0.0796296 0.295641
0 0.279687 0.387963 0.0177083 0.0907407 0.296069
0 0.429688 0.381481 0.0197917 0.103704 0.300437
0 0.322917 0.369444 0.01875 0.0611111 0.305289
0 0.279687 0.386111 0.0177083 0.0981481 0.30774
13 0.439063 0.6 0.188542 0.118519 0.314233
0 0.322396 0.368519 0.0197917 0.062963 0.316854
13 0.390104 0.462037 0.090625 0.0685185 0.321053
0 0.429688 0.381481 0.0197917 0.103704 0.32544
0 0.478125 0.384259 0.0270833 0.109259 0.327662
0 0.31875 0.368519 0.0208333 0.062963 0.330618
0 0.322917 0.369444 0.01875 0.0611111 0.336201
0 0.279167 0.386111 0.01875 0.0981481 0.337037
0 0.279687 0.385185 0.0177083 0.0962963 0.340242
0 0.320312 0.367593 0.0197917 0.0648148 0.340272
0 0.320833 0.367593 0.0208333 0.0611111 0.345388
0 0.966146 0.556481 0.0677083 0.524074 0.345477
13 0.389583 0.462963 0.0895833 0.0666667 0.346437
0 0.185417 0.403704 0.0270833 0.114815 0.353681
0 0.966146 0.557407 0.065625 0.525926 0.35558
0 0.320312 0.367593 0.0197917 0.0611111 0.356159
13 0.433333 0.598148 0.185417 0.111111 0.361729
0 0.536979 0.408333 0.034375 0.153704 0.363972
13 0.432813 0.599074 0.184375 0.109259 0.36467
0 0.536458 0.408333 0.0333333 0.153704 0.365687
13 0.432813 0.598148 0.184375 0.111111 0.370553
0 0.185937 0.406481 0.0260417 0.116667 0.372927
0 0.320833 0.368519 0.0208333 0.062963 0.382893
0 0.539583 0.402778 0.0333333 0.153704 0.383596
0 0.539583 0.403704 0.0333333 0.155556 0.388349
0 0.967708 0.575 0.0645833 0.505556 0.389146
0 0.0583333 0.436111 0.0479167 0.216667 0.389739
0 0.320312 0.368519 0.0197917 0.062963 0.39306
0 0.588542 0.386111 0.03125 0.157407 0.395492
0 0.279167 0.386111 0.0166667 0.0944444 0.395506
0 0.478125 0.384259 0.0270833 0.109259 0.397173
0 0.477083 0.385185 0.0270833 0.114815 0.398087
0 0.539583 0.402778 0.0333333 0.15 0.398971
0 0.320833 0.368519 0.0208333 0.062963 0.405426
0 0.588542 0.386111 0.03125 0.157407 0.407819
0 0.0583333 0.435185 0.0479167 0.214815 0.408018
0 0.588542 0.386111 0.03125 0.157407 0.408636
0 0.967708 0.575 0.0645833 0.512963 0.409012
0 0.186458 0.406481 0.0270833 0.116667 0.41218
0 0.279167 0.386111 0.0166667 0.0981481 0.414532
13 0.434375 0.597222 0.1875 0.112963 0.416139
0 0.0125 0.453704 0.025 0.177778 0.419086
0 0.185937 0.40463 0.0239583 0.124074 0.430754
0 0.0125 0.452778 0.025 0.175926 0.433499
0 0.588021 0.391667 0.0302083 0.157407 0.450697
0 0.538021 0.408333 0.034375 0.153704 0.455902
0 0.185417 0.403704 0.025 0.125926 0.456786
0 0.588021 0.391667 0.0302083 0.157407 0.457488
0 0.538021 0.408333 0.034375 0.153704 0.45792
0 0.185417 0.403704 0.025 0.125926 0.462293
0 0.588021 0.391667 0.0302083 0.157407 0.465287
0 0.477604 0.385185 0.0260417 0.114815 0.474637
0 0.477083 0.386111 0.0270833 0.112963 0.481077
0 0.185417 0.402778 0.025 0.112963 0.486198
0 0.185937 0.406481 0.0260417 0.116667 0.508996
0 0.429688 0.378704 0.0197917 0.101852 0.514653
0 0.429688 0.378704 0.0197917 0.101852 0.516269
0 0.185937 0.407407 0.0260417 0.118519 0.524261
0 0.477604 0.385185 0.0260417 0.114815 0.527515
0 0.428646 0.381481 0.021875 0.107407 0.535073
0 0.0578125 0.437963 0.0510417 0.22037 0.537564
0 0.478646 0.384259 0.0260417 0.109259 0.541698
0 0.429688 0.378704 0.0197917 0.101852 0.542812
0 0.478125 0.385185 0.025 0.111111 0.549127
0 0.588021 0.387963 0.0302083 0.153704 0.55072
0 0.0588542 0.437963 0.0510417 0.22037 0.551407
0 0.477604 0.384259 0.0260417 0.116667 0.560326
0 0.0135417 0.451852 0.0270833 0.174074 0.562851
0 0.477604 0.384259 0.0260417 0.116667 0.568175
0 0.588021 0.387037 0.0302083 0.155556 0.568642
0 0.0135417 0.45463 0.0270833 0.172222 0.569609
0 0.0588542 0.438889 0.0510417 0.222222 0.57017
0 0.430729 0.380556 0.021875 0.101852 0.573175
0 0.0135417 0.453704 0.0270833 0.174074 0.579435
0 0.477604 0.383333 0.0239583 0.111111 0.580874
0 0.478125 0.382407 0.025 0.105556 0.592358
0 0.477604 0.386111 0.0260417 0.112963 0.597301
0 0.0130208 0.451852 0.0260417 0.174074 0.600259
0 0.478125 0.383333 0.025 0.107407 0.60863
0 0.0614583 0.440741 0.0541667 0.218519 0.609151
0 0.477604 0.383333 0.0239583 0.111111 0.610266
0 0.477604 0.383333 0.0239583 0.111111 0.611393
0 0.429688 0.380556 0.021875 0.0981481 0.617282
0 0.477604 0.383333 0.0239583 0.107407 0.624064
0 0.0630208 0.438889 0.0552083 0.218519 0.626343
0 0.0135417 0.451852 0.0270833 0.177778 0.628996
0 0.0609375 0.438889 0.0510417 0.214815 0.630971
0 0.477604 0.386111 0.0239583 0.112963 0.645789
0 0.0630208 0.438889 0.0552083 0.214815 0.647289
0 0.0125 0.450926 0.025 0.172222 0.651432
0 0.966667 0.561111 0.0666667 0.511111 0.652345
0 0.0125 0.450926 0.025 0.172222 0.652764
0 0.967708 0.562963 0.0645833 0.511111 0.656969
0 0.0609375 0.440741 0.0510417 0.214815 0.667287
0 0.0614583 0.440741 0.0541667 0.218519 0.673465
0 0.588021 0.391667 0.0302083 0.157407 0.675533
0 0.0614583 0.440741 0.0520833 0.218519 0.678082
0 0.589063 0.387963 0.0302083 0.161111 0.681636
0 0.0609375 0.438889 0.0510417 0.214815 0.681823
0 0.0609375 0.440741 0.0510417 0.214815 0.684621
0 0.588021 0.390741 0.0302083 0.159259 0.68835
0 0.966667 0.562037 0.0666667 0.512963 0.688473
0 0.589063 0.387963 0.0302083 0.161111 0.689518
0 0.429167 0.381481 0.0208333 0.0962963 0.692856
0 0.589063 0.387963 0.0302083 0.161111 0.693404
0 0.0130208 0.450926 0.0260417 0.175926 0.69429
0 0.5375 0.40463 0.0354167 0.153704 0.694525
0 0.0145833 0.451852 0.0291667 0.174074 0.694547
0 0.0609375 0.440741 0.0510417 0.214815 0.697374
0 0.429167 0.381481 0.0208333 0.1 0.699575
0 0.429167 0.381481 0.0208333 0.1 0.700877
0 0.184896 0.403704 0.0239583 0.111111 0.706669
0 0.5375 0.40463 0.0354167 0.153704 0.711891
0 0.0145833 0.452778 0.0291667 0.172222 0.712211
0 0.538542 0.405556 0.0354167 0.155556 0.719695
0 0.0614583 0.438889 0.05 0.211111 0.720719
0 0.0609375 0.438889 0.0510417 0.214815 0.73501
0 0.967708 0.569444 0.0645833 0.509259 0.735994
0 0.0614583 0.438889 0.05 0.214815 0.736449
0 0.967188 0.569444 0.065625 0.509259 0.737261
0 0.538021 0.405556 0.0364583 0.155556 0.74512
0 0.185937 0.40463 0.0239583 0.116667 0.751352
0 0.185417 0.406481 0.025 0.116667 0.759892
0 0.538542 0.406481 0.0354167 0.157407 0.761462
0 0.185937 0.40463 0.0239583 0.116667 0.764322
0 0.185937 0.403704 0.0239583 0.118519 0.764698
0 0.538021 0.405556 0.0364583 0.155556 0.765731
0 0.185937 0.406481 0.0239583 0.116667 0.768248
0 0.588542 0.390741 0.03125 0.155556 0.769136
0 0.539062 0.405556 0.034375 0.159259 0.770003
0 0.588542 0.390741 0.03125 0.159259 0.77131
0 0.538542 0.406481 0.0354167 0.153704 0.77171
0 0.588021 0.391667 0.0302083 0.157407 0.774341
0 0.588542 0.391667 0.0291667 0.161111 0.778857
0 0.538542 0.406481 0.0354167 0.153704 0.785473
0 0.0130208 0.450926 0.0260417 0.175926 0.787157
0 0.968229 0.562963 0.0635417 0.511111 0.787788
0 0.967188 0.561111 0.0635417 0.511111 0.789298
0 0.538542 0.405556 0.0354167 0.155556 0.795036
0 0.0130208 0.452778 0.0260417 0.175926 0.796211
0 0.588021 0.388889 0.0302083 0.159259 0.800675
0 0.588542 0.388889 0.03125 0.159259 0.808705
0 0.185937 0.40463 0.0239583 0.116667 0.820978
0 0.185937 0.40463 0.0239583 0.116667 0.82116
0 0.967708 0.566667 0.0645833 0.518519 0.823435
0 0.967188 0.567593 0.065625 0.512963 0.826763
0 0.588021 0.388889 0.0302083 0.159259 0.830636
0 0.185937 0.403704 0.0239583 0.114815 0.83457
0 0.967708 0.561111 0.0645833 0.511111 0.84224
