0 0.275521 0.387963 0.0197917 0.0944444 0.250899
0 0.473437 0.388889 0.0260417 0.111111 0.251041
36 0.967188 0.80463 0.0635417 0.12037 0.252471
0 0.384896 0.359259 0.0239583 0.0814815 0.253518
0 0.809375 0.400926 0.0291667 0.131481 0.255858
0 0.519271 0.37037 0.015625 0.0851852 0.257303
0 0.313542 0.369444 0.0208333 0.0648148 0.258248
0 0.271875 0.387963 0.0166667 0.0907407 0.259139
0 0.271354 0.388889 0.015625 0.0888889 0.259853
36 0.967188 0.80463 0.0635417 0.124074 0.262328
13 0.385938 0.462963 0.0927083 0.0703704 0.262333
0 0.808333 0.4 0.0270833 0.133333 0.26366
36 0.967188 0.80463 0.065625 0.124074 0.26971
0 0.0546875 0.437963 0.040625 0.216667 0.273672
36 0.964063 0.8 0.0614583 0.12963 0.276628
0 0.313542 0.369444 0.0208333 0.0648148 0.276637
36 0.967708 0.80463 0.0645833 0.124074 0.278646
0 0.968229 0.564815 0.0635417 0.518519 0.281076
0 0.428125 0.377778 0.0208333 0.111111 0.282014
0 0.0125 0.453704 0.025 0.166667 0.283322
13 0.430729 0.598148 0.182292 0.107407 0.284345
0 0.807813 0.408333 0.0260417 0.146296 0.288008
0 0.179688 0.412963 0.0260417 0.125926 0.288069
0 0.0546875 0.437037 0.040625 0.214815 0.290769
0 0.0125 0.452778 0.025 0.168519 0.29105
36 0.967188 0.80463 0.065625 0.124074 0.291542
13 0.43125 0.598148 0.18125 0.107407 0.29296
36 0.964063 0.8 0.0635417 0.12963 0.292981
36 0.966667 0.803704 0.0645833 0.125926 0.293889
0 0.383333 0.358333 0.0208333 0.0796296 0.294197
0 0.271875 0.387963 0.0166667 0.0907407 0.296121
0 0.807813 0.408333 0.0260417 0.146296 0.299326
0 0.383333 0.362037 0.01875 0.0759259 0.302121
0 0.0125 0.449074 0.025 0.168519 0.306827
13 0.431771 0.596296 0.176042 0.111111 0.307847
0 0.383854 0.362037 0.0177083 0.0759259 0.308557
0 0.383333 0.360185 0.01875 0.0796296 0.309
0 0.969271 0.563889 0.0614583 0.524074 0.322346
0 0.382812 0.359259 0.0177083 0.0777778 0.32279
0 0.382812 0.360185 0.0177083 0.0796296 0.323073
36 0.967188 0.803704 0.0635417 0.122222 0.325046
0 0.581771 0.385185 0.0302083 0.155556 0.325475
0 0.968229 0.565741 0.0635417 0.52037 0.325924
36 0.967188 0.803704 0.0635417 0.125926 0.326874
0 0.581771 0.386111 0.0302083 0.153704 0.328845
0 0.969271 0.556481 0.0614583 0.527778 0.332634
0 0.383333 0.362037 0.0166667 0.0759259 0.335131
0 0.0130208 0.45 0.0260417 0.17037 0.337478
0 0.316146 0.368519 0.0197917 0.062963 0.339217
0 0.581771 0.386111 0.0302083 0.153704 0.340297
13 0.432292 0.596296 0.18125 0.111111 0.342221
0 0.476042 0.387963 0.0270833 0.112963 0.345589
0 0.316146 0.368519 0.0197917 0.062963 0.346883
0 0.970312 0.575926 0.059375 0.525926 0.352084
0 0.969271 0.556481 0.0614583 0.527778 0.358637
0 0.316146 0.368519 0.0197917 0.062963 0.360926
0 0.314063 0.37037 0.0197917 0.0666667 0.363819
0 0.519271 0.371296 0.0135417 0.0833333 0.364237
0 0.476042 0.387963 0.0270833 0.112963 0.368311
0 0.476042 0.387963 0.0270833 0.112963 0.373741
0 0.808854 0.4 0.028125 0.137037 0.37386
0 0.970312 0.575926 0.059375 0.540741 0.377038
0 0.519271 0.371296 0.0135417 0.0833333 0.377822
0 0.808854 0.4 0.028125 0.137037 0.387358
0 0.517708 0.37037 0.0145833 0.0814815 0.39088
0 0.474479 0.388889 0.028125 0.114815 0.391519
0 0.475 0.389815 0.0270833 0.112963 0.392386
0 0.059375 0.443519 0.0520833 0.212963 0.394318
0 0.00989583 0.451852 0.0197917 0.166667 0.41055
0 0.581771 0.392593 0.0302083 0.155556 0.411885
0 0.315104 0.37037 0.0197917 0.0666667 0.418135
0 0.315625 0.37037 0.0208333 0.0666667 0.418403
0 0.315625 0.37037 0.0208333 0.0666667 0.41855
0 0.179688 0.405556 0.028125 0.114815 0.42123
0 0.581771 0.392593 0.0302083 0.155556 0.425692
0 0.180208 0.407407 0.0270833 0.118519 0.435157
0 0.581771 0.392593 0.0302083 0.155556 0.436312
0 0.009375 0.451852 0.01875 0.166667 0.437053
0 0.476042 0.385185 0.025 0.103704 0.437478
0 0.315625 0.369444 0.0208333 0.0648148 0.44162
0 0.473958 0.385185 0.0270833 0.107407 0.441997
0 0.179688 0.406481 0.0260417 0.116667 0.442786
0 0.808333 0.4 0.0270833 0.137037 0.447708
0 0.0125 0.449074 0.025 0.168519 0.448399
0 0.476042 0.385185 0.025 0.103704 0.45519
0 0.474479 0.387963 0.028125 0.112963 0.455432
0 0.179688 0.406481 0.0260417 0.116667 0.455619
0 0.476042 0.384259 0.025 0.105556 0.456689
0 0.808333 0.402778 0.0291667 0.138889 0.45691
0 0.519792 0.371296 0.0145833 0.0833333 0.457855
0 0.519271 0.372222 0.015625 0.0851852 0.459185
0 0.473958 0.386111 0.0270833 0.109259 0.460119
0 0.475 0.387963 0.0270833 0.112963 0.462054
0 0.53125 0.40463 0.0375 0.157407 0.462132
0 0.808333 0.402778 0.0291667 0.138889 0.462789
0 0.808333 0.4 0.0270833 0.137037 0.466666
0 0.473958 0.385185 0.0270833 0.107407 0.47349
0 0.0588542 0.442593 0.0510417 0.214815 0.481818
0 0.808854 0.402778 0.028125 0.138889 0.486652
0 0.180208 0.407407 0.0270833 0.114815 0.488736
0 0.519271 0.372222 0.015625 0.0851852 0.496965
0 0.059375 0.443519 0.05 0.216667 0.501545
0 0.808854 0.403704 0.028125 0.140741 0.502913
0 0.474479 0.388889 0.0260417 0.111111 0.503129
0 0.808854 0.401852 0.028125 0.140741 0.509473
0 0.533854 0.40463 0.0364583 0.161111 0.512088
0 0.533854 0.403704 0.0364583 0.159259 0.514776
0 0.474479 0.387963 0.0260417 0.112963 0.519702
0 0.808854 0.401852 0.028125 0.140741 0.525293
0 0.808854 0.401852 0.028125 0.140741 0.526311
0 0.0130208 0.450926 0.0260417 0.172222 0.527987
0 0.808854 0.403704 0.028125 0.144444 0.528625
0 0.423958 0.37963 0.0208333 0.111111 0.535138
0 0.425 0.37963 0.0208333 0.103704 0.548553
0 0.0130208 0.451852 0.0260417 0.17037 0.549024
0 0.808854 0.40463 0.028125 0.142593 0.554372
0 0.0114583 0.451852 0.0229167 0.166667 0.556082
0 0.425 0.37963 0.0208333 0.107407 0.561031
0 0.0114583 0.451852 0.0229167 0.166667 0.562715
0 0.425 0.37963 0.0208333 0.107407 0.567318
0 0.180208 0.408333 0.0270833 0.116667 0.572834
0 0.426042 0.380556 0.0208333 0.101852 0.579296
0 0.426042 0.380556 0.0208333 0.105556 0.587331
0 0.0609375 0.443519 0.0510417 0.22037 0.592707
0 0.426042 0.380556 0.0208333 0.105556 0.595365
0 0.425 0.380556 0.0208333 0.101852 0.597319
0 0.0578125 0.441667 0.046875 0.216667 0.597591
0 0.180208 0.409259 0.0270833 0.122222 0.598692
0 0.533854 0.405556 0.0322917 0.155556 0.608188
0 0.0552083 0.438889 0.0458333 0.218519 0.609857
0 0.0609375 0.443519 0.0510417 0.216667 0.609869
0 0.180208 0.410185 0.0270833 0.124074 0.615166
0 0.533854 0.406481 0.0322917 0.153704 0.617697
0 0.0552083 0.438889 0.0458333 0.218519 0.631197
0 0.0552083 0.438889 0.0458333 0.218519 0.651208
0 0.0572917 0.441667 0.0458333 0.216667 0.652
0 0.534896 0.405556 0.034375 0.155556 0.66348
0 0.0578125 0.444444 0.046875 0.211111 0.668914
0 0.179688 0.409259 0.0260417 0.122222 0.671705
0 0.535417 0.40463 0.0333333 0.153704 0.673013
0 0.0114583 0.45 0.0229167 0.17037 0.673421
0 0.535417 0.40463 0.0333333 0.153704 0.682519
0 0.534375 0.405556 0.0333333 0.155556 0.682619
0 0.58125 0.389815 0.03125 0.161111 0.684911
0 0.0578125 0.444444 0.046875 0.211111 0.688418
0 0.58125 0.390741 0.03125 0.159259 0.695529
0 0.180208 0.410185 0.0270833 0.124074 0.695707
0 0.58125 0.390741 0.03125 0.159259 0.696521
0 0.0578125 0.444444 0.046875 0.211111 0.703767
0 0.0119792 0.449074 0.0239583 0.168519 0.705394
0 0.534375 0.405556 0.0333333 0.155556 0.712361
0 0.969792 0.564815 0.0604167 0.511111 0.713895
0 0.180208 0.408333 0.0270833 0.12037 0.717403
0 0.0572917 0.441667 0.0458333 0.216667 0.721159
0 0.581771 0.390741 0.0302083 0.159259 0.732674
0 0.179688 0.409259 0.0260417 0.122222 0.736029
0 0.581771 0.390741 0.0302083 0.159259 0.736462
0 0.180208 0.408333 0.0270833 0.116667 0.739417
0 0.533854 0.40463 0.0322917 0.15 0.744751
0 0.533854 0.403704 0.0322917 0.151852 0.749235
0 0.180208 0.408333 0.0270833 0.116667 0.755524
0 0.969792 0.568519 0.0604167 0.533333 0.759454
0 0.0588542 0.443519 0.046875 0.209259 0.762308
0 0.969271 0.569444 0.0614583 0.531482 0.762943
0 0.581771 0.390741 0.0302083 0.159259 0.765101
0 0.582292 0.389815 0.0291667 0.15 0.769434
0 0.534896 0.406481 0.034375 0.153704 0.770072
0 0.582292 0.389815 0.0291667 0.15 0.771348
0 0.0588542 0.443519 0.046875 0.212963 0.776811
0 0.534896 0.406481 0.034375 0.153704 0.777951
0 0.971354 0.564815 0.0572917 0.522222 0.77828
0 0.180208 0.408333 0.0270833 0.127778 0.78417
0 0.179688 0.409259 0.0260417 0.122222 0.786446
0 0.534896 0.405556 0.034375 0.155556 0.791822
0 0.582292 0.389815 0.0291667 0.157407 0.792249
0 0.582292 0.388889 0.0291667 0.155556 0.794429
0 0.180208 0.408333 0.0270833 0.127778 0.810417
0 0.180208 0.408333 0.0270833 0.127778 0.81812
0 0.970833 0.565741 0.0583333 0.52037 0.820251
0 0.969792 0.567593 0.0604167 0.538889 0.831699
0 0.969792 0.568519 0.0604167 0.537037 0.835136
