0 0.607813 0.437963 0.028125 0.0981481 0.255515
0 0.280208 0.483333 0.0291667 0.159259 0.25843
0 0.279167 0.483333 0.0291667 0.162963 0.261416
0 0.608333 0.438889 0.0270833 0.0962963 0.264739
0 0.278646 0.483333 0.0302083 0.162963 0.273376
0 0.555729 0.430556 0.015625 0.0759259 0.277324
0 0.608333 0.438889 0.0270833 0.0962963 0.282182
0 0.736979 0.497222 0.0489583 0.227778 0.282742
0 0.280208 0.483333 0.0291667 0.155556 0.290093
0 0.305729 0.483333 0.0322917 0.177778 0.297933
0 0.555208 0.430556 0.0145833 0.0796296 0.298822
0 0.330208 0.491667 0.0375 0.194444 0.303347
0 0.736979 0.497222 0.0489583 0.231481 0.304088
0 0.330208 0.491667 0.0375 0.194444 0.314019
0 0.555208 0.427778 0.0145833 0.0777778 0.31933
0 0.305729 0.483333 0.0322917 0.174074 0.319592
0 0.305729 0.482407 0.0322917 0.175926 0.3243
0 0.230729 0.487037 0.071875 0.162963 0.333116
0 0.554167 0.428704 0.0145833 0.0833333 0.335743
0 0.55625 0.431481 0.0145833 0.0740741 0.346285
0 0.555729 0.428704 0.015625 0.0796296 0.354302
0 0.230208 0.487037 0.06875 0.162963 0.36259
0 0.280208 0.483333 0.0270833 0.155556 0.367968
0 0.300521 0.480556 0.034375 0.164815 0.372218
0 0.295833 0.478704 0.0416667 0.161111 0.373507
0 0.55625 0.431481 0.0145833 0.0740741 0.374173
0 0.60625 0.438889 0.0270833 0.0962963 0.376744
0 0.320833 0.485185 0.0541667 0.181481 0.381915
0 0.229687 0.487037 0.0697917 0.162963 0.385915
0 0.301042 0.47963 0.0354167 0.162963 0.395484
0 0.609375 0.439815 0.025 0.0944444 0.395838
0 0.55625 0.42963 0.0145833 0.0777778 0.405798
0 0.608854 0.438889 0.0239583 0.0962963 0.411638
0 0.609375 0.438889 0.025 0.0962963 0.412921
0 0.296875 0.478704 0.0395833 0.161111 0.423362
0 0.555729 0.42963 0.015625 0.0777778 0.425499
0 0.263021 0.482407 0.040625 0.153704 0.42894
0 0.25625 0.483333 0.0291667 0.159259 0.432878
0 0.332812 0.488889 0.0385417 0.192593 0.43805
0 0.302604 0.477778 0.0260417 0.166667 0.443541
0 0.25625 0.484259 0.0291667 0.157407 0.447314
0 0.302604 0.477778 0.0260417 0.166667 0.447547
0 0.609375 0.438889 0.025 0.0925926 0.447612
0 0.333333 0.488889 0.0375 0.192593 0.451619
0 0.322396 0.484259 0.0510417 0.183333 0.454384
0 0.296875 0.477778 0.0395833 0.159259 0.458225
0 0.329167 0.484259 0.0354167 0.187037 0.459202
0 0.736979 0.494444 0.0510417 0.233333 0.465172
0 0.261979 0.483333 0.040625 0.155556 0.470594
0 0.609375 0.437963 0.025 0.0944444 0.476831
0 0.329167 0.484259 0.0354167 0.183333 0.477296
0 0.609896 0.437963 0.0239583 0.0944444 0.478085
0 0.322917 0.484259 0.05 0.183333 0.479831
0 0.214062 0.484259 0.034375 0.172222 0.484815
0 0.272396 0.483333 0.034375 0.159259 0.49943
0 0.214062 0.484259 0.034375 0.172222 0.500089
0 0.609375 0.438889 0.025 0.0925926 0.504435
0 0.257292 0.482407 0.0291667 0.157407 0.512892
0 0.261979 0.482407 0.040625 0.157407 0.514322
0 0.735417 0.493519 0.0479167 0.227778 0.51843
0 0.271875 0.483333 0.0354167 0.159259 0.522391
0 0.278125 0.482407 0.03125 0.164815 0.525657
0 0.277604 0.481481 0.0322917 0.162963 0.527649
0 0.608333 0.440741 0.025 0.0925926 0.528285
0 0.735937 0.496296 0.046875 0.22963 0.542297
0 0.735417 0.493519 0.0479167 0.227778 0.543688
0 0.257292 0.483333 0.0291667 0.155556 0.548199
0 0.328646 0.487037 0.0364583 0.177778 0.558318
0 0.735937 0.496296 0.046875 0.233333 0.558369
0 0.608854 0.438889 0.0260417 0.0925926 0.57115
0 0.735417 0.493519 0.0479167 0.231481 0.578102
0 0.328125 0.487037 0.0354167 0.177778 0.58329
0 0.608854 0.439815 0.0260417 0.0944444 0.590568
0 0.608854 0.439815 0.0260417 0.0944444 0.599898
0 0.257292 0.482407 0.0291667 0.157407 0.600854
0 0.735937 0.492593 0.0489583 0.233333 0.604128
0 0.736458 0.493519 0.05 0.231481 0.608194
0 0.303125 0.478704 0.0270833 0.161111 0.617465
0 0.735937 0.493519 0.046875 0.227778 0.624514
0 0.303125 0.478704 0.0270833 0.161111 0.627771
0 0.25625 0.483333 0.0270833 0.159259 0.642361
0 0.25625 0.483333 0.0270833 0.159259 0.64523
2 0.0546875 0.506481 0.107292 0.324074 0.650771
2 0.0546875 0.507407 0.107292 0.322222 0.657078
0 0.303646 0.478704 0.0322917 0.168519 0.657973
0 0.303125 0.47963 0.0333333 0.17037 0.663869
0 0.735417 0.496296 0.0458333 0.22963 0.673415
0 0.735417 0.49537 0.0479167 0.231481 0.684783
0 0.735937 0.493519 0.046875 0.227778 0.693459
2 0.0541667 0.507407 0.108333 0.32963 0.700483
2 0.0552083 0.507407 0.108333 0.325926 0.702338
2 0.0546875 0.508333 0.107292 0.331481 0.705482
2 0.0552083 0.507407 0.108333 0.325926 0.705726
2 0.0541667 0.507407 0.108333 0.32963 0.7061
2 0.0546875 0.506481 0.109375 0.327778 0.70841
2 0.0546875 0.50463 0.109375 0.324074 0.713286
2 0.0546875 0.50463 0.107292 0.324074 0.724248
2 0.0546875 0.50463 0.109375 0.324074 0.72953
0 0.735937 0.494444 0.046875 0.22963 0.733363
2 0.0552083 0.50463 0.108333 0.324074 0.735944
0 0.214062 0.485185 0.034375 0.17037 0.73623
0 0.735937 0.49537 0.046875 0.231481 0.747164
0 0.330729 0.487963 0.0364583 0.190741 0.74852
0 0.214062 0.485185 0.034375 0.17037 0.751603
0 0.735937 0.494444 0.046875 0.233333 0.752611
0 0.735937 0.493519 0.046875 0.227778 0.752896
0 0.214583 0.487037 0.0333333 0.17037 0.761367
0 0.735937 0.494444 0.046875 0.22963 0.764002
0 0.330208 0.487963 0.0375 0.190741 0.764664
2 0.0552083 0.506481 0.108333 0.324074 0.768736
2 0.0546875 0.506481 0.107292 0.324074 0.768937
0 0.735937 0.493519 0.046875 0.231481 0.770611
0 0.215104 0.487963 0.034375 0.168519 0.777625
0 0.215104 0.487037 0.034375 0.17037 0.778247
0 0.214583 0.487963 0.0333333 0.168519 0.77836
2 0.0546875 0.507407 0.107292 0.325926 0.780389
0 0.330208 0.487963 0.0375 0.194444 0.780527
0 0.330208 0.488889 0.0375 0.192593 0.781594
0 0.330208 0.487963 0.0375 0.194444 0.784309
0 0.329167 0.488889 0.0375 0.188889 0.784711
0 0.214583 0.487037 0.0333333 0.17037 0.785756
0 0.329688 0.487963 0.0364583 0.190741 0.787263
0 0.329167 0.488889 0.0375 0.188889 0.793407
0 0.214583 0.486111 0.0333333 0.172222 0.812227
0 0.214062 0.486111 0.034375 0.172222 0.82576
0 0.214062 0.485185 0.034375 0.174074 0.829878
