0 0.596875 0.441667 0.0166667 0.0907407 0.250513
0 0.607292 0.440741 0.0166667 0.0851852 0.250844
0 0.611979 0.440741 0.0364583 0.0888889 0.258267
0 0.598437 0.441667 0.0197917 0.087037 0.263579
0 0.606771 0.440741 0.015625 0.0851852 0.264172
0 0.311458 0.476852 0.0354167 0.168519 0.266844
0 0.292188 0.482407 0.0302083 0.157407 0.268198
0 0.316667 0.481481 0.0291667 0.166667 0.273397
0 0.732813 0.482407 0.040625 0.231481 0.273762
0 0.621875 0.437963 0.0208333 0.0944444 0.274747
0 0.621354 0.437037 0.021875 0.0962963 0.275552
0 0.621875 0.437037 0.0208333 0.0962963 0.285104
0 0.758854 0.453704 0.0239583 0.103704 0.289608
0 0.757292 0.467593 0.0291667 0.153704 0.289843
0 0.735937 0.486111 0.0510417 0.227778 0.294997
2 0.06875 0.483333 0.133333 0.374074 0.303729
0 0.606771 0.440741 0.015625 0.0851852 0.306446
0 0.735937 0.487037 0.0510417 0.225926 0.306654
2 0.0682292 0.485185 0.132292 0.366667 0.314927
2 0.0682292 0.485185 0.132292 0.366667 0.321244
0 0.293229 0.482407 0.028125 0.157407 0.327977
0 0.6125 0.441667 0.01875 0.0907407 0.343454
0 0.565104 0.427778 0.015625 0.0777778 0.344126
0 0.565625 0.428704 0.0166667 0.0796296 0.34444
0 0.316667 0.474074 0.0291667 0.174074 0.357071
0 0.565104 0.42963 0.015625 0.0740741 0.36411
2 0.0661458 0.507407 0.132292 0.325926 0.364503
2 0.0661458 0.508333 0.132292 0.327778 0.369839
0 0.621875 0.437963 0.01875 0.087037 0.371518
0 0.317187 0.474074 0.028125 0.17037 0.374389
0 0.758333 0.452778 0.0229167 0.109259 0.375579
0 0.758333 0.452778 0.0229167 0.109259 0.380778
0 0.566146 0.428704 0.015625 0.0759259 0.380913
0 0.621875 0.437963 0.01875 0.087037 0.382371
0 0.565104 0.427778 0.015625 0.0777778 0.382717
0 0.566146 0.428704 0.015625 0.0759259 0.391511
0 0.271354 0.482407 0.028125 0.153704 0.391681
2 0.0666667 0.476852 0.133333 0.37963 0.394997
0 0.316667 0.475 0.0291667 0.172222 0.395986
0 0.621875 0.437963 0.01875 0.087037 0.397794
0 0.566667 0.430556 0.0145833 0.0759259 0.39802
0 0.271875 0.483333 0.0270833 0.151852 0.398376
0 0.619792 0.438889 0.0229167 0.0888889 0.400195
0 0.229687 0.486111 0.0385417 0.168519 0.400983
2 0.0677083 0.50463 0.13125 0.324074 0.405589
0 0.619792 0.439815 0.025 0.0907407 0.408786
2 0.0666667 0.478704 0.133333 0.375926 0.408967
2 0.0677083 0.505556 0.13125 0.322222 0.409142
2 0.0677083 0.50463 0.13125 0.324074 0.413961
0 0.341146 0.483333 0.034375 0.185185 0.414116
0 0.620313 0.439815 0.0239583 0.0907407 0.414237
0 0.271354 0.483333 0.028125 0.155556 0.419107
0 0.229687 0.486111 0.0364583 0.164815 0.423155
0 0.758854 0.458333 0.0239583 0.12037 0.428503
0 0.566146 0.42963 0.015625 0.0777778 0.430445
0 0.280208 0.482407 0.04375 0.157407 0.433536
0 0.60625 0.444444 0.01875 0.0888889 0.437926
0 0.341146 0.483333 0.034375 0.181481 0.440176
0 0.342187 0.482407 0.0447917 0.187037 0.443415
0 0.60625 0.443519 0.01875 0.087037 0.445333
0 0.598437 0.444444 0.0177083 0.0888889 0.449689
0 0.598437 0.444444 0.0197917 0.0888889 0.450904
0 0.60625 0.443519 0.01875 0.087037 0.451424
0 0.565625 0.42963 0.0145833 0.0740741 0.454844
0 0.566146 0.42963 0.015625 0.0740741 0.460284
0 0.598437 0.444444 0.0177083 0.0888889 0.468403
0 0.279687 0.482407 0.0427083 0.157407 0.474179
0 0.566146 0.428704 0.015625 0.0759259 0.476238
0 0.343229 0.482407 0.0427083 0.187037 0.495414
0 0.292708 0.480556 0.0291667 0.168519 0.497536
0 0.229687 0.484259 0.0364583 0.164815 0.49972
0 0.274479 0.483333 0.034375 0.159259 0.501878
0 0.271354 0.486111 0.028125 0.153704 0.504377
0 0.271354 0.483333 0.028125 0.151852 0.505539
0 0.292708 0.481481 0.0291667 0.17037 0.512017
0 0.229687 0.484259 0.0364583 0.164815 0.512659
0 0.279687 0.482407 0.0427083 0.157407 0.521099
0 0.291146 0.477778 0.0302083 0.17037 0.523737
0 0.274479 0.482407 0.034375 0.161111 0.525073
0 0.343229 0.482407 0.0427083 0.187037 0.526929
0 0.290625 0.478704 0.03125 0.168519 0.529506
0 0.621875 0.438889 0.01875 0.0925926 0.537607
0 0.233854 0.484259 0.0322917 0.168519 0.540193
0 0.347396 0.482407 0.040625 0.187037 0.54609
0 0.233854 0.483333 0.0322917 0.17037 0.54646
0 0.344792 0.481481 0.0395833 0.188889 0.553062
0 0.314583 0.475 0.0291667 0.168519 0.558667
0 0.344792 0.483333 0.0395833 0.188889 0.568485
0 0.347396 0.482407 0.040625 0.187037 0.571978
0 0.314583 0.475 0.0291667 0.172222 0.573864
0 0.270833 0.483333 0.0270833 0.159259 0.574379
0 0.270833 0.483333 0.0270833 0.159259 0.580344
0 0.271354 0.486111 0.028125 0.153704 0.586498
2 0.0671875 0.496296 0.132292 0.344444 0.590313
0 0.315104 0.477778 0.0322917 0.17037 0.59923
2 0.0671875 0.497222 0.132292 0.338889 0.604978
0 0.270833 0.486111 0.0270833 0.153704 0.6068
0 0.315104 0.478704 0.0322917 0.172222 0.609085
0 0.735417 0.487037 0.04375 0.222222 0.61829
0 0.270833 0.484259 0.0270833 0.153704 0.623704
0 0.315104 0.477778 0.0322917 0.174074 0.642201
0 0.733333 0.487037 0.0416667 0.222222 0.647718
2 0.0666667 0.500926 0.13125 0.335185 0.666604
2 0.0666667 0.5 0.13125 0.333333 0.666907
0 0.732813 0.487037 0.040625 0.222222 0.669794
0 0.732813 0.487037 0.040625 0.222222 0.670819
2 0.0677083 0.489815 0.13125 0.357407 0.671075
0 0.734896 0.487963 0.0427083 0.224074 0.676465
2 0.0666667 0.5 0.133333 0.340741 0.676741
2 0.0671875 0.5 0.132292 0.340741 0.679202
0 0.345313 0.483333 0.0385417 0.185185 0.681919
2 0.0666667 0.5 0.13125 0.340741 0.682069
2 0.0671875 0.490741 0.132292 0.355556 0.684409
0 0.317187 0.474074 0.0302083 0.181481 0.686567
0 0.344792 0.483333 0.0375 0.185185 0.688422
2 0.0671875 0.490741 0.132292 0.359259 0.68954
0 0.317187 0.474074 0.0302083 0.181481 0.695634
0 0.345833 0.483333 0.0395833 0.188889 0.70414
0 0.736458 0.487963 0.0458333 0.224074 0.706719
0 0.344792 0.483333 0.0375 0.185185 0.707862
0 0.736979 0.487963 0.0447917 0.224074 0.70931
0 0.734896 0.487963 0.0427083 0.224074 0.725264
0 0.345833 0.483333 0.0395833 0.188889 0.726744
0 0.734375 0.486111 0.04375 0.227778 0.731799
0 0.734896 0.487037 0.0427083 0.225926 0.731937
0 0.734375 0.486111 0.04375 0.224074 0.738051
0 0.230729 0.485185 0.034375 0.166667 0.739891
0 0.345833 0.484259 0.0395833 0.190741 0.749219
0 0.230208 0.485185 0.0354167 0.166667 0.763279
0 0.34375 0.483333 0.0395833 0.188889 0.767058
0 0.230729 0.486111 0.034375 0.168519 0.771095
0 0.316667 0.476852 0.0291667 0.172222 0.774242
0 0.735417 0.485185 0.04375 0.22963 0.777601
0 0.316667 0.477778 0.0291667 0.174074 0.778036
0 0.230729 0.486111 0.034375 0.168519 0.780199
0 0.34375 0.483333 0.0395833 0.188889 0.782376
0 0.735417 0.485185 0.04375 0.225926 0.787369
0 0.23125 0.487037 0.0354167 0.166667 0.791075
0 0.230729 0.485185 0.034375 0.166667 0.79525
0 0.230729 0.486111 0.0364583 0.164815 0.806758
0 0.230729 0.487037 0.0364583 0.166667 0.809091
0 0.23125 0.485185 0.0354167 0.166667 0.815886
0 0.23125 0.485185 0.0354167 0.166667 0.816806
0 0.23125 0.485185 0.0354167 0.166667 0.822037
