0 0.519792 0.347222 0.0208333 0.109259 0.250718
24 0.652604 0.338889 0.0197917 0.062963 0.258545
0 0.482812 0.359259 0.0552083 0.140741 0.26343
0 0.485938 0.340741 0.0177083 0.0703704 0.269796
0 0.508333 0.360185 0.025 0.135185 0.274184
0 0.360938 0.313889 0.0135417 0.0722222 0.276794
0 0.642187 0.358333 0.0385417 0.168519 0.279885
0 0.525521 0.327778 0.015625 0.062963 0.283984
0 0.639583 0.364815 0.0333333 0.185185 0.284357
0 0.485417 0.339815 0.01875 0.0833333 0.286469
0 0.364062 0.327778 0.0135417 0.0703704 0.288372
0 0.639063 0.363889 0.0322917 0.183333 0.294964
0 0.131771 0.336111 0.0322917 0.101852 0.296991
0 0.13125 0.348148 0.0333333 0.118519 0.297754
0 0.525 0.327778 0.0166667 0.062963 0.301581
0 0.485417 0.339815 0.01875 0.0833333 0.319781
0 0.130729 0.336111 0.0322917 0.0981481 0.324879
0 0.364062 0.328704 0.0135417 0.0685185 0.326982
0 0.485417 0.339815 0.01875 0.0833333 0.332941
0 0.290104 0.341667 0.0322917 0.105556 0.337082
0 0.290625 0.339815 0.0333333 0.105556 0.340639
0 0.290625 0.340741 0.0333333 0.107407 0.345031
0 0.13125 0.335185 0.0333333 0.0962963 0.348475
0 0.368229 0.325926 0.015625 0.062963 0.354071
0 0.290104 0.341667 0.0322917 0.105556 0.358846
0 0.290625 0.340741 0.0333333 0.103704 0.3652
0 0.368229 0.326852 0.015625 0.0648148 0.375911
0 0.290104 0.341667 0.0322917 0.105556 0.37936
0 0.291146 0.347222 0.0322917 0.105556 0.380501
0 0.642708 0.363889 0.0375 0.187037 0.38209
0 0.290104 0.346296 0.0322917 0.107407 0.38539
0 0.465104 0.357407 0.0260417 0.137037 0.397344
0 0.340104 0.333333 0.021875 0.0777778 0.401481
0 0.290625 0.34537 0.0333333 0.105556 0.403568
0 0.291146 0.346296 0.0322917 0.107407 0.409099
0 0.132292 0.35 0.0333333 0.122222 0.41408
0 0.132292 0.350926 0.0333333 0.124074 0.416688
0 0.291146 0.347222 0.0322917 0.109259 0.417779
0 0.290625 0.346296 0.0333333 0.107407 0.424292
0 0.131771 0.337963 0.0322917 0.101852 0.437327
0 0.510417 0.357407 0.0291667 0.12963 0.448001
0 0.465104 0.359259 0.0260417 0.144444 0.450248
0 0.640625 0.362037 0.0375 0.187037 0.453022
0 0.508333 0.359259 0.025 0.140741 0.459685
0 0.507812 0.359259 0.0260417 0.140741 0.46684
0 0.465104 0.359259 0.0260417 0.140741 0.467743
0 0.131771 0.337037 0.0322917 0.103704 0.470804
0 0.131771 0.337037 0.0322917 0.103704 0.473055
0 0.13125 0.342593 0.0333333 0.118519 0.479107
0 0.13125 0.342593 0.0333333 0.118519 0.481668
0 0.640625 0.362963 0.0375 0.181481 0.49134
0 0.640625 0.362037 0.0354167 0.187037 0.494789
0 0.464583 0.357407 0.0270833 0.137037 0.496485
0 0.13125 0.342593 0.0333333 0.118519 0.504244
0 0.13125 0.344444 0.0333333 0.118519 0.506053
0 0.13125 0.344444 0.0333333 0.118519 0.522089
0 0.13125 0.346296 0.0333333 0.122222 0.522105
0 0.508333 0.359259 0.0291667 0.133333 0.524812
0 0.291146 0.341667 0.0322917 0.112963 0.539642
0 0.290625 0.341667 0.03125 0.112963 0.542826
0 0.339063 0.332407 0.0177083 0.0722222 0.545465
0 0.508333 0.359259 0.0270833 0.12963 0.565835
0 0.508333 0.359259 0.0291667 0.133333 0.586565
0 0.640625 0.364815 0.0375 0.181481 0.592073
0 0.642187 0.362963 0.0385417 0.188889 0.60358
0 0.510417 0.358333 0.0291667 0.135185 0.604266
0 0.510417 0.358333 0.0291667 0.135185 0.607226
0 0.508333 0.360185 0.0291667 0.135185 0.607603
0 0.290625 0.340741 0.03125 0.111111 0.615116
0 0.508333 0.359259 0.0291667 0.133333 0.620045
0 0.642187 0.363889 0.0385417 0.187037 0.627178
0 0.338542 0.32963 0.01875 0.0777778 0.63725
0 0.339063 0.332407 0.0177083 0.0759259 0.647711
0 0.291146 0.34537 0.0322917 0.109259 0.654382
0 0.290625 0.344444 0.03125 0.107407 0.656826
0 0.507812 0.360185 0.028125 0.138889 0.665186
0 0.465104 0.359259 0.028125 0.140741 0.667178
0 0.339583 0.331481 0.01875 0.0777778 0.673037
0 0.291146 0.34537 0.0322917 0.109259 0.674776
0 0.339063 0.32963 0.0197917 0.0777778 0.676594
0 0.290625 0.344444 0.03125 0.107407 0.678939
0 0.640625 0.363889 0.0375 0.183333 0.67971
0 0.204167 0.406481 0.0958333 0.342593 0.681883
0 0.338542 0.32963 0.01875 0.0777778 0.682387
0 0.339063 0.331481 0.0197917 0.0777778 0.686708
0 0.290625 0.34537 0.03125 0.109259 0.688412
0 0.290625 0.344444 0.03125 0.107407 0.692333
0 0.507812 0.359259 0.0260417 0.133333 0.692873
0 0.507812 0.359259 0.0260417 0.133333 0.693608
0 0.339063 0.331481 0.0197917 0.0777778 0.694291
0 0.640104 0.362963 0.0322917 0.181481 0.711647
0 0.290625 0.343519 0.0333333 0.105556 0.716196
0 0.465104 0.358333 0.028125 0.142593 0.718763
0 0.640104 0.362037 0.0322917 0.17963 0.722692
0 0.290625 0.342593 0.0333333 0.107407 0.724043
0 0.640625 0.364815 0.0354167 0.185185 0.730307
0 0.465104 0.359259 0.028125 0.140741 0.736037
0 0.640625 0.364815 0.0354167 0.185185 0.739465
0 0.291146 0.342593 0.0322917 0.107407 0.74501
0 0.640625 0.364815 0.0354167 0.185185 0.750911
0 0.464583 0.359259 0.0270833 0.144444 0.753998
0 0.465625 0.357407 0.0270833 0.144444 0.763355
0 0.465104 0.358333 0.0260417 0.146296 0.765308
0 0.508333 0.360185 0.0270833 0.135185 0.767609
0 0.204688 0.405556 0.096875 0.344444 0.767637
0 0.464583 0.359259 0.0270833 0.140741 0.7681
0 0.203125 0.405556 0.09375 0.344444 0.780173
0 0.203125 0.407407 0.09375 0.344444 0.787601
0 0.203125 0.406481 0.09375 0.342593 0.78917
0 0.465104 0.358333 0.0260417 0.142593 0.798841
0 0.205208 0.407407 0.0958333 0.337037 0.819476
0 0.464583 0.358333 0.0270833 0.142593 0.828645
0 0.464583 0.357407 0.0270833 0.140741 0.832515
0 0.204688 0.407407 0.0947917 0.337037 0.835265
0 0.205208 0.408333 0.0958333 0.346296 0.853889
0 0.205208 0.408333 0.0958333 0.346296 0.856748
0 0.205208 0.408333 0.0958333 0.346296 0.861618
0 0.204688 0.406481 0.0947917 0.338889 0.88158
0 0.204688 0.406481 0.096875 0.338889 0.893743
0 0.205208 0.407407 0.0958333 0.344444 0.908363
0 0.204688 0.407407 0.0947917 0.344444 0.908534
0 0.204688 0.407407 0.0947917 0.340741 0.908903
