0 0.219271 0.391667 0.0260417 0.12037 0.251975
13 0.110417 0.837963 0.18125 0.309259 0.252922
0 0.220833 0.386111 0.0208333 0.112963 0.253559
13 0.110937 0.837037 0.178125 0.311111 0.255725
26 0.826042 0.574074 0.0395833 0.107407 0.257305
0 0.369271 0.367593 0.0135417 0.0388889 0.257845
13 0.35 0.507407 0.172917 0.166667 0.258805
13 0.110937 0.838889 0.178125 0.311111 0.259385
13 0.110417 0.836111 0.18125 0.312963 0.259933
0 0.369271 0.367593 0.0135417 0.0388889 0.261134
0 0.256771 0.387963 0.015625 0.0796296 0.261639
0 0.257812 0.384259 0.015625 0.0796296 0.262698
0 0.772917 0.643519 0.120833 0.624074 0.262794
26 0.826042 0.575 0.0395833 0.109259 0.265122
0 0.452604 0.39537 0.028125 0.138889 0.265376
13 0.349479 0.498148 0.173958 0.155556 0.267657
0 0.772917 0.643519 0.120833 0.627778 0.267697
13 0.1125 0.837963 0.177083 0.309259 0.267808
0 0.570833 0.384259 0.01875 0.0907407 0.268173
0 0.46875 0.398148 0.0520833 0.125926 0.269964
0 0.219271 0.387037 0.021875 0.107407 0.270703
13 0.329167 0.487963 0.15625 0.146296 0.273407
0 0.257292 0.380556 0.0145833 0.0648148 0.275319
0 0.219792 0.39537 0.0208333 0.116667 0.277958
13 0.350521 0.507407 0.176042 0.166667 0.279071
13 0.351042 0.507407 0.175 0.166667 0.282017
0 0.569792 0.386111 0.01875 0.0944444 0.282719
0 0.472396 0.398148 0.046875 0.125926 0.284688
0 0.125 0.382407 0.0208333 0.109259 0.287048
13 0.305729 0.469444 0.101042 0.138889 0.288128
0 0.925521 0.623148 0.146875 0.631481 0.288479
0 0.219271 0.390741 0.0239583 0.114815 0.288574
0 0.125 0.382407 0.0208333 0.109259 0.289518
13 0.110937 0.837037 0.182292 0.314815 0.29037
13 0.328125 0.472222 0.160417 0.162963 0.291182
0 0.219792 0.394444 0.0208333 0.114815 0.292733
0 0.125521 0.382407 0.0197917 0.109259 0.292823
0 0.570833 0.385185 0.01875 0.0925926 0.297446
0 0.570833 0.385185 0.01875 0.0925926 0.298164
0 0.219792 0.39537 0.0208333 0.116667 0.298576
13 0.348437 0.482407 0.176042 0.164815 0.300346
0 0.921875 0.624074 0.120833 0.577778 0.30373
13 0.111458 0.837037 0.18125 0.314815 0.304706
13 0.344792 0.501852 0.16875 0.166667 0.305854
0 0.257292 0.380556 0.0145833 0.0685185 0.30591
26 0.826042 0.567593 0.0416667 0.135185 0.306002
13 0.110937 0.837963 0.182292 0.312963 0.308822
0 0.338021 0.414815 0.028125 0.125926 0.310055
0 0.451562 0.398148 0.0239583 0.122222 0.314101
26 0.825521 0.566667 0.040625 0.133333 0.316494
26 0.826042 0.571296 0.0416667 0.12037 0.32138
0 0.473437 0.397222 0.046875 0.127778 0.324571
0 0.256771 0.387963 0.0135417 0.0796296 0.325986
0 0.3375 0.407407 0.0229167 0.12963 0.327141
13 0.345313 0.501852 0.171875 0.17037 0.334472
0 0.451562 0.399074 0.0239583 0.124074 0.33451
13 0.345313 0.501852 0.171875 0.17037 0.334534
26 0.825521 0.566667 0.040625 0.133333 0.336942
13 0.311979 0.471296 0.111458 0.146296 0.338275
0 0.127604 0.380556 0.021875 0.109259 0.341879
0 0.338021 0.413889 0.0260417 0.127778 0.346126
13 0.311458 0.471296 0.110417 0.146296 0.347447
26 0.826042 0.569444 0.0416667 0.12037 0.348863
0 0.451562 0.399074 0.0239583 0.124074 0.349872
13 0.311458 0.472222 0.1125 0.148148 0.350738
0 0.453125 0.393519 0.0270833 0.138889 0.351024
0 0.256771 0.387037 0.0135417 0.0777778 0.351072
13 0.351042 0.482407 0.175 0.135185 0.352945
13 0.34375 0.482407 0.172917 0.168519 0.355233
13 0.1125 0.838889 0.179167 0.307407 0.356374
13 0.111979 0.837963 0.180208 0.309259 0.357323
0 0.128646 0.378704 0.021875 0.112963 0.359042
26 0.826042 0.569444 0.0416667 0.12037 0.361523
0 0.219271 0.391667 0.0260417 0.116667 0.369129
0 0.533333 0.412037 0.03125 0.146296 0.371929
0 0.452083 0.393519 0.0229167 0.127778 0.372428
0 0.533333 0.412037 0.03125 0.146296 0.373301
0 0.452604 0.396296 0.0239583 0.133333 0.37464
0 0.482812 0.397222 0.028125 0.131481 0.386345
13 0.351042 0.483333 0.175 0.140741 0.386566
0 0.519792 0.392593 0.01875 0.114815 0.38717
0 0.21875 0.390741 0.025 0.114815 0.387734
0 0.127604 0.383333 0.021875 0.103704 0.389809
0 0.127604 0.383333 0.021875 0.103704 0.398027
0 0.127604 0.383333 0.021875 0.103704 0.3992
0 0.778125 0.626852 0.122917 0.601852 0.400424
0 0.570312 0.394444 0.0177083 0.107407 0.410875
0 0.570312 0.39537 0.0177083 0.105556 0.411227
0 0.519792 0.390741 0.0166667 0.103704 0.411323
13 0.343229 0.487037 0.173958 0.181481 0.411616
0 0.219271 0.389815 0.0239583 0.112963 0.412667
13 0.342708 0.481481 0.170833 0.166667 0.416079
0 0.921354 0.630556 0.126042 0.612963 0.41679
0 0.685417 0.437037 0.05 0.266667 0.417967
0 0.482292 0.394444 0.025 0.125926 0.424452
0 0.570312 0.394444 0.0177083 0.107407 0.424454
0 0.532292 0.413889 0.0333333 0.15 0.425622
0 0.3375 0.412037 0.0291667 0.124074 0.426729
13 0.351042 0.483333 0.175 0.133333 0.427046
0 0.519792 0.390741 0.01875 0.107407 0.430873
0 0.519271 0.390741 0.0177083 0.107407 0.440906
0 0.518229 0.389815 0.015625 0.109259 0.447598
0 0.533333 0.414815 0.03125 0.148148 0.44785
0 0.338542 0.413889 0.025 0.12037 0.450832
0 0.518229 0.389815 0.0177083 0.109259 0.452686
13 0.349479 0.47963 0.173958 0.140741 0.455476
0 0.338542 0.413889 0.025 0.12037 0.458957
0 0.485417 0.39537 0.0270833 0.127778 0.459663
0 0.924479 0.642593 0.138542 0.640741 0.46301
0 0.482292 0.39537 0.025 0.131481 0.466596
0 0.482292 0.39537 0.025 0.127778 0.472836
0 0.338021 0.411111 0.0239583 0.125926 0.474077
0 0.482292 0.397222 0.0270833 0.131481 0.474437
13 0.342708 0.485185 0.172917 0.174074 0.475914
0 0.453125 0.39537 0.025 0.135185 0.476284
0 0.339063 0.413889 0.0260417 0.12037 0.476822
0 0.485417 0.396296 0.0270833 0.125926 0.481408
0 0.518229 0.390741 0.015625 0.107407 0.482186
0 0.3375 0.407407 0.0229167 0.133333 0.482717
0 0.338542 0.413889 0.025 0.12037 0.485097
0 0.338021 0.406481 0.0239583 0.131481 0.48595
0 0.338542 0.414815 0.025 0.122222 0.489513
0 0.776563 0.640741 0.123958 0.644444 0.489849
0 0.485417 0.39537 0.0270833 0.127778 0.489972
13 0.344271 0.481481 0.173958 0.17037 0.491427
0 0.482292 0.397222 0.0270833 0.127778 0.495604
13 0.344271 0.481481 0.173958 0.166667 0.497794
0 0.532812 0.413889 0.0302083 0.146296 0.498317
0 0.776563 0.641667 0.123958 0.646296 0.500475
0 0.338021 0.413889 0.0239583 0.124074 0.501286
0 0.338542 0.414815 0.025 0.122222 0.504764
0 0.532292 0.414815 0.0333333 0.148148 0.504901
0 0.3375 0.411111 0.0270833 0.122222 0.505504
0 0.570833 0.393519 0.01875 0.109259 0.513463
0 0.778125 0.636111 0.125 0.627778 0.515491
0 0.338021 0.411111 0.0239583 0.125926 0.521112
0 0.452083 0.394444 0.0229167 0.12963 0.523206
0 0.338021 0.410185 0.0239583 0.124074 0.524079
0 0.532812 0.412963 0.0322917 0.148148 0.525996
0 0.452083 0.392593 0.0229167 0.137037 0.528523
13 0.343229 0.475926 0.171875 0.148148 0.528859
0 0.778125 0.626852 0.122917 0.601852 0.52969
0 0.532812 0.414815 0.0302083 0.148148 0.533965
0 0.452083 0.392593 0.0229167 0.137037 0.53655
0 0.482292 0.396296 0.0270833 0.12963 0.550288
0 0.452604 0.393519 0.021875 0.131481 0.570829
0 0.338021 0.411111 0.0260417 0.122222 0.578745
0 0.920833 0.639815 0.135417 0.646296 0.592222
0 0.452604 0.393519 0.021875 0.131481 0.592552
0 0.779167 0.636111 0.125 0.624074 0.594353
0 0.919792 0.642593 0.145833 0.633333 0.596993
0 0.534375 0.414815 0.0270833 0.144444 0.597027
0 0.534896 0.415741 0.0302083 0.146296 0.597696
0 0.534375 0.415741 0.0270833 0.142593 0.597977
0 0.482292 0.396296 0.025 0.12963 0.602345
0 0.923958 0.641667 0.1375 0.642593 0.612657
0 0.920833 0.639815 0.135417 0.65 0.614049
0 0.776563 0.624074 0.115625 0.6 0.617197
0 0.482812 0.398148 0.0260417 0.12963 0.62144
0 0.919271 0.642593 0.142708 0.633333 0.631773
0 0.570833 0.388889 0.01875 0.0962963 0.639791
0 0.774479 0.636111 0.119792 0.605556 0.640055
0 0.219271 0.391667 0.0239583 0.116667 0.64336
0 0.776563 0.628704 0.117708 0.605556 0.643885
0 0.534896 0.416667 0.0302083 0.148148 0.650688
0 0.570833 0.388889 0.01875 0.0962963 0.671648
0 0.773958 0.635185 0.11875 0.607407 0.67194
0 0.570833 0.388889 0.01875 0.0962963 0.67684
0 0.535417 0.415741 0.0291667 0.146296 0.678509
0 0.570312 0.392593 0.0197917 0.1 0.679459
0 0.570312 0.391667 0.0197917 0.101852 0.680163
0 0.482292 0.396296 0.025 0.12963 0.695059
0 0.923437 0.643519 0.138542 0.661111 0.697205
0 0.219271 0.391667 0.021875 0.112963 0.70178
0 0.482292 0.39537 0.025 0.127778 0.702536
0 0.570312 0.391667 0.0197917 0.101852 0.710594
0 0.482292 0.396296 0.025 0.12963 0.711057
0 0.570312 0.391667 0.0197917 0.101852 0.715156
0 0.777083 0.634259 0.120833 0.605556 0.727267
0 0.923437 0.644444 0.138542 0.659259 0.727469
0 0.684896 0.443519 0.0510417 0.264815 0.727868
0 0.684896 0.442593 0.0510417 0.262963 0.732682
0 0.684896 0.441667 0.0510417 0.264815 0.737026
0 0.219792 0.389815 0.0229167 0.112963 0.73728
0 0.570312 0.392593 0.0177083 0.103704 0.740416
0 0.777604 0.633333 0.119792 0.611111 0.740477
0 0.534375 0.413889 0.025 0.15 0.747657
0 0.219792 0.389815 0.0229167 0.112963 0.754207
0 0.533854 0.413889 0.0260417 0.146296 0.755137
0 0.686458 0.443519 0.0520833 0.268519 0.763943
0 0.920313 0.637963 0.134375 0.635185 0.765584
0 0.219271 0.391667 0.0239583 0.112963 0.765667
0 0.219792 0.389815 0.0229167 0.112963 0.766966
0 0.685938 0.442593 0.0510417 0.266667 0.767057
0 0.684896 0.443519 0.0510417 0.268519 0.775043
0 0.684896 0.443519 0.0510417 0.268519 0.789856
0 0.219271 0.389815 0.0239583 0.116667 0.795175
0 0.685938 0.443519 0.0510417 0.268519 0.799552
0 0.684896 0.443519 0.0510417 0.268519 0.800104
0 0.920313 0.639815 0.134375 0.631481 0.800915
0 0.685938 0.440741 0.0489583 0.27037 0.801098
0 0.219792 0.389815 0.0229167 0.116667 0.807235
0 0.219792 0.389815 0.0229167 0.116667 0.813567
0 0.778646 0.627778 0.119792 0.6 0.846863
0 0.686979 0.442593 0.0510417 0.274074 0.857324
0 0.778646 0.631481 0.119792 0.596296 0.862499
0 0.685938 0.441667 0.0510417 0.268519 0.865651
0 0.685938 0.441667 0.0510417 0.268519 0.870658
0 0.685938 0.440741 0.0510417 0.266667 0.877872
0 0.777083 0.639815 0.122917 0.624074 0.879299
0 0.777083 0.638889 0.122917 0.625926 0.884739
