13 0.372917 0.573148 0.145833 0.0722222 0.250994
13 0.278646 0.484259 0.0864583 0.0796296 0.252239
13 0.279687 0.484259 0.0864583 0.0796296 0.255629
0 0.228125 0.400926 0.01875 0.0648148 0.255686
13 0.476042 0.642593 0.0770833 0.0925926 0.25596
0 0.394271 0.425 0.028125 0.105556 0.257733
74 0.398958 0.075 0.04375 0.142593 0.260145
0 0.318229 0.408333 0.015625 0.0611111 0.261225
0 0.651563 0.438889 0.0260417 0.114815 0.263458
13 0.348958 0.578704 0.127083 0.087037 0.263658
0 0.441667 0.436111 0.01875 0.124074 0.264828
74 0.398958 0.075 0.04375 0.146296 0.26548
74 0.398958 0.075 0.04375 0.146296 0.272227
0 0.31875 0.409259 0.0145833 0.0592593 0.272667
0 0.0078125 0.440741 0.015625 0.0888889 0.274098
13 0.284375 0.483333 0.08125 0.0777778 0.274852
0 0.318229 0.403704 0.015625 0.0666667 0.275526
0 0.0078125 0.440741 0.015625 0.0888889 0.277018
74 0.398958 0.075 0.04375 0.146296 0.278012
74 0.398958 0.075 0.04375 0.146296 0.28371
13 0.292188 0.482407 0.0947917 0.0722222 0.288288
13 0.289583 0.485185 0.0875 0.0740741 0.289125
0 0.31875 0.409259 0.0145833 0.0555556 0.290704
13 0.291667 0.482407 0.0916667 0.0722222 0.291966
0 0.31875 0.408333 0.0145833 0.0574074 0.293728
13 0.366146 0.577778 0.151042 0.0851852 0.295705
13 0.366146 0.577778 0.151042 0.0851852 0.296769
13 0.284896 0.483333 0.084375 0.0777778 0.298126
74 0.399479 0.075 0.0427083 0.146296 0.302009
13 0.290104 0.486111 0.0885417 0.0722222 0.305472
0 0.31875 0.409259 0.0145833 0.0555556 0.307343
0 0.394792 0.425926 0.0270833 0.107407 0.309554
74 0.399479 0.075 0.0427083 0.146296 0.311805
0 0.39375 0.425926 0.0270833 0.107407 0.312024
74 0.399479 0.0740741 0.0427083 0.144444 0.312064
74 0.399479 0.0740741 0.0447917 0.148148 0.313101
74 0.399479 0.0740741 0.0447917 0.144444 0.314954
0 0.651563 0.438889 0.021875 0.118519 0.324895
0 0.394792 0.425 0.0270833 0.109259 0.325566
0 0.651563 0.438889 0.021875 0.122222 0.329542
13 0.289062 0.485185 0.090625 0.0740741 0.335262
0 0.652604 0.438889 0.0239583 0.114815 0.335486
0 0.651563 0.438889 0.021875 0.118519 0.335852
0 0.461458 0.455556 0.0333333 0.155556 0.337366
0 0.955729 0.625 0.0885417 0.709259 0.342883
0 0.365625 0.427778 0.0166667 0.107407 0.345536
13 0.365625 0.581481 0.154167 0.0925926 0.347735
0 0.228646 0.405556 0.0177083 0.062963 0.351129
13 0.288542 0.486111 0.0916667 0.0722222 0.352168
0 0.460938 0.456481 0.034375 0.153704 0.35377
13 0.289062 0.484259 0.090625 0.0759259 0.357784
0 0.444792 0.434259 0.0270833 0.131481 0.358371
0 0.230208 0.402778 0.01875 0.0685185 0.358691
0 0.651563 0.437963 0.0239583 0.116667 0.359394
0 0.651563 0.437037 0.0239583 0.118519 0.365118
0 0.228646 0.405556 0.0177083 0.062963 0.366293
13 0.455729 0.642593 0.111458 0.1 0.372689
0 0.365625 0.426852 0.0166667 0.109259 0.374177
13 0.450521 0.639815 0.126042 0.101852 0.374971
13 0.455729 0.642593 0.111458 0.1 0.377629
13 0.364062 0.578704 0.155208 0.087037 0.379886
13 0.451042 0.638889 0.127083 0.103704 0.380304
0 0.651563 0.437963 0.0239583 0.116667 0.380558
0 0.230208 0.403704 0.01875 0.0703704 0.38357
13 0.455729 0.641667 0.111458 0.101852 0.384682
13 0.451042 0.639815 0.125 0.101852 0.385923
0 0.228646 0.405556 0.0177083 0.062963 0.389162
13 0.2875 0.481481 0.0895833 0.0777778 0.393663
0 0.955729 0.625926 0.0885417 0.703704 0.398081
0 0.392188 0.425926 0.028125 0.103704 0.398107
13 0.286458 0.484259 0.0916667 0.0796296 0.398404
0 0.365625 0.426852 0.0166667 0.109259 0.399543
13 0.290104 0.482407 0.090625 0.0759259 0.402071
0 0.230208 0.402778 0.01875 0.0648148 0.415993
0 0.229167 0.402778 0.01875 0.0648148 0.422849
13 0.289583 0.482407 0.0895833 0.0759259 0.427895
74 0.398438 0.0740741 0.0427083 0.144444 0.431837
74 0.398438 0.0740741 0.0427083 0.144444 0.434318
0 0.440625 0.421296 0.0166667 0.101852 0.436848
0 0.954687 0.640741 0.090625 0.696296 0.436897
0 0.229167 0.402778 0.01875 0.0648148 0.437393
0 0.440104 0.421296 0.015625 0.101852 0.44481
0 0.651563 0.438889 0.0239583 0.114815 0.44561
0 0.652083 0.439815 0.0229167 0.112963 0.448628
13 0.45 0.637963 0.125 0.101852 0.449768
0 0.440625 0.425 0.01875 0.101852 0.451788
0 0.955208 0.639815 0.0895833 0.694444 0.452643
0 0.366146 0.425 0.0177083 0.112963 0.455754
0 0.440625 0.425926 0.01875 0.103704 0.457873
0 0.229167 0.402778 0.01875 0.0648148 0.459891
13 0.452083 0.641667 0.120833 0.0981481 0.460528
0 0.440625 0.421296 0.0166667 0.101852 0.460816
0 0.392188 0.426852 0.0239583 0.0981481 0.463413
0 0.440625 0.425926 0.01875 0.103704 0.465558
0 0.459375 0.458333 0.0354167 0.15 0.477865
0 0.366146 0.425 0.0177083 0.112963 0.477897
0 0.459375 0.458333 0.0354167 0.15 0.486054
0 0.400521 0.424074 0.0177083 0.0962963 0.488661
0 0.459375 0.457407 0.0354167 0.148148 0.497802
0 0.366146 0.425 0.0177083 0.112963 0.505439
0 0.392188 0.426852 0.0239583 0.101852 0.510132
0 0.392188 0.426852 0.0239583 0.101852 0.514706
0 0.400521 0.423148 0.0177083 0.0981481 0.521087
0 0.4 0.423148 0.01875 0.0981481 0.522589
0 0.439583 0.42037 0.01875 0.107407 0.535882
0 0.955208 0.64537 0.0895833 0.705556 0.544455
0 0.955729 0.625 0.0885417 0.687037 0.545273
0 0.395312 0.424074 0.0239583 0.107407 0.546563
0 0.459896 0.459259 0.0322917 0.148148 0.56902
0 0.459896 0.458333 0.034375 0.146296 0.576574
0 0.365625 0.425 0.0166667 0.101852 0.578319
0 0.458854 0.455556 0.0364583 0.155556 0.579484
0 0.458854 0.455556 0.0364583 0.155556 0.592571
0 0.365625 0.424074 0.0166667 0.103704 0.608718
0 0.366146 0.425926 0.0177083 0.107407 0.610361
0 0.365625 0.424074 0.0166667 0.103704 0.611397
0 0.459375 0.45463 0.0354167 0.153704 0.615227
0 0.391146 0.425 0.0197917 0.105556 0.627484
0 0.394271 0.425 0.0260417 0.101852 0.630294
0 0.392708 0.426852 0.025 0.105556 0.63225
0 0.458854 0.45463 0.0364583 0.153704 0.637445
0 0.365625 0.425 0.0166667 0.105556 0.645349
0 0.391667 0.425 0.01875 0.105556 0.648755
0 0.391667 0.425 0.01875 0.105556 0.649433
0 0.394271 0.424074 0.0260417 0.103704 0.6534
0 0.394271 0.424074 0.0260417 0.103704 0.662432
0 0.458854 0.455556 0.0364583 0.155556 0.667536
0 0.459896 0.456481 0.0322917 0.153704 0.743976
0 0.460417 0.456481 0.0333333 0.15 0.754045
0 0.460417 0.456481 0.0354167 0.153704 0.755445
0 0.460417 0.457407 0.0354167 0.151852 0.7684
0 0.460417 0.457407 0.0354167 0.155556 0.783379
0 0.955208 0.627778 0.0895833 0.722222 0.80454
0 0.95625 0.630556 0.0875 0.72037 0.807101
0 0.955729 0.636111 0.0885417 0.67963 0.833385
0 0.955208 0.630556 0.0895833 0.72037 0.859171
0 0.95625 0.630556 0.0875 0.72037 0.863223
0 0.955729 0.627778 0.0885417 0.722222 0.884028
