0 0.455729 0.355556 0.028125 0.133333 0.25283
0 0.472917 0.342593 0.01875 0.0851852 0.253423
0 0.471875 0.339815 0.0166667 0.087037 0.255556
0 0.472917 0.343519 0.01875 0.087037 0.270282
0 0.96875 0.559259 0.0625 0.82963 0.271012
0 0.452604 0.353704 0.0239583 0.125926 0.272504
0 0.00677083 0.365741 0.0135417 0.135185 0.272863
0 0.370833 0.321296 0.0166667 0.0722222 0.273795
0 0.353125 0.325926 0.01875 0.0703704 0.276858
0 0.625 0.369444 0.0291667 0.131481 0.277027
0 0.351562 0.327778 0.015625 0.062963 0.277609
0 0.3 0.422222 0.0729167 0.322222 0.277697
0 0.352604 0.321296 0.0177083 0.0722222 0.278344
0 0.259896 0.336111 0.0177083 0.0907407 0.279686
0 0.352604 0.321296 0.0177083 0.0722222 0.281152
0 0.689062 0.351852 0.0177083 0.111111 0.283428
0 0.272396 0.341667 0.0177083 0.0907407 0.283797
0 0.452604 0.353704 0.0239583 0.125926 0.284272
0 0.454688 0.355556 0.028125 0.125926 0.287822
0 0.353125 0.326852 0.01875 0.0685185 0.28914
0 0.472917 0.342593 0.01875 0.0851852 0.293392
0 0.36875 0.324074 0.0166667 0.0703704 0.297348
0 0.300521 0.416667 0.0677083 0.344444 0.299842
0 0.259375 0.335185 0.0166667 0.0888889 0.302492
0 0.259896 0.336111 0.0177083 0.0907407 0.306457
0 0.353125 0.325926 0.01875 0.0666667 0.306949
0 0.6875 0.35 0.01875 0.103704 0.307962
0 0.36875 0.324074 0.0166667 0.0703704 0.308877
0 0.454688 0.351852 0.028125 0.118519 0.309602
0 0.352604 0.322222 0.0177083 0.0703704 0.311337
0 0.00729167 0.365741 0.0145833 0.131481 0.311648
0 0.968229 0.533333 0.0635417 0.837037 0.313268
0 0.6875 0.35 0.01875 0.103704 0.317602
0 0.967708 0.561111 0.0645833 0.8 0.324443
0 0.3 0.416667 0.06875 0.348148 0.326944
0 0.455208 0.355556 0.0270833 0.133333 0.332798
0 0.6875 0.35 0.01875 0.103704 0.335061
0 0.454688 0.359259 0.028125 0.12963 0.335153
0 0.688021 0.35 0.0177083 0.107407 0.335466
0 0.625521 0.37037 0.028125 0.133333 0.336493
0 0.688021 0.35 0.0177083 0.107407 0.337963
0 0.688021 0.351852 0.0177083 0.107407 0.33799
0 0.688542 0.35 0.01875 0.103704 0.348562
0 0.688021 0.35 0.0177083 0.107407 0.359681
0 0.454167 0.34537 0.025 0.101852 0.366854
0 0.454167 0.350926 0.0270833 0.12037 0.369505
13 0.374479 0.566667 0.109375 0.125926 0.378552
0 0.495313 0.362037 0.028125 0.135185 0.378952
0 0.967708 0.539815 0.0645833 0.835185 0.381503
0 0.300521 0.421296 0.065625 0.35 0.389986
13 0.374479 0.568519 0.109375 0.125926 0.391546
13 0.374479 0.567593 0.109375 0.127778 0.393719
13 0.374479 0.566667 0.113542 0.12963 0.398177
13 0.373437 0.567593 0.111458 0.124074 0.401212
0 0.495833 0.362037 0.0270833 0.135185 0.401753
0 0.454688 0.34537 0.0239583 0.105556 0.402506
0 0.454688 0.34537 0.0239583 0.105556 0.403069
0 0.219792 0.32963 0.0666667 0.159259 0.40714
13 0.373958 0.568519 0.1125 0.12963 0.409223
0 0.219792 0.328704 0.0645833 0.161111 0.410243
0 0.301042 0.421296 0.0645833 0.35 0.415652
0 0.455729 0.353704 0.0260417 0.122222 0.415903
13 0.374479 0.568519 0.113542 0.12963 0.416443
0 0.301042 0.421296 0.0645833 0.346296 0.417782
0 0.624479 0.369444 0.0302083 0.135185 0.418269
0 0.624479 0.369444 0.0302083 0.135185 0.418416
0 0.626042 0.369444 0.0291667 0.135185 0.428493
0 0.624479 0.369444 0.0302083 0.142593 0.432593
0 0.454167 0.349074 0.025 0.12037 0.434437
13 0.373958 0.567593 0.108333 0.127778 0.435048
0 0.495313 0.358333 0.0239583 0.131481 0.438881
0 0.00729167 0.365741 0.0145833 0.142593 0.444971
0 0.624479 0.368519 0.0302083 0.140741 0.446625
0 0.298958 0.423148 0.0666667 0.35 0.449422
0 0.624479 0.369444 0.0302083 0.135185 0.45176
0 0.298958 0.423148 0.0666667 0.353704 0.455425
0 0.00729167 0.365741 0.0145833 0.142593 0.457422
0 0.495313 0.362037 0.0260417 0.135185 0.458634
0 0.626042 0.37037 0.0291667 0.140741 0.467706
0 0.626042 0.369444 0.0291667 0.135185 0.468689
0 0.298958 0.423148 0.0666667 0.35 0.46972
0 0.626562 0.369444 0.0302083 0.135185 0.471337
0 0.297917 0.416667 0.06875 0.351852 0.471956
0 0.625521 0.37037 0.028125 0.137037 0.473771
0 0.453646 0.351852 0.0260417 0.118519 0.479339
0 0.455729 0.35463 0.0260417 0.131481 0.482186
0 0.219271 0.332407 0.065625 0.157407 0.491667
0 0.00729167 0.365741 0.0145833 0.142593 0.493602
0 0.96875 0.54537 0.0625 0.883333 0.500463
0 0.495313 0.361111 0.0260417 0.133333 0.500489
0 0.454688 0.353704 0.0260417 0.122222 0.508924
0 0.454688 0.352778 0.0260417 0.124074 0.511673
0 0.219271 0.333333 0.065625 0.159259 0.520032
0 0.0078125 0.363889 0.015625 0.15 0.524864
0 0.0078125 0.365741 0.015625 0.146296 0.527835
0 0.495313 0.362963 0.0260417 0.133333 0.531164
0 0.495833 0.360185 0.0229167 0.135185 0.546728
0 0.219271 0.333333 0.065625 0.159259 0.547455
0 0.298438 0.416667 0.0677083 0.351852 0.547749
0 0.21875 0.330556 0.06875 0.157407 0.552465
0 0.495313 0.360185 0.0239583 0.135185 0.555912
0 0.00729167 0.365741 0.0145833 0.138889 0.559184
0 0.219271 0.334259 0.0677083 0.161111 0.577773
0 0.625 0.371296 0.0291667 0.131481 0.578908
0 0.970312 0.566667 0.059375 0.785185 0.578991
0 0.495313 0.362963 0.0260417 0.133333 0.613565
0 0.495313 0.362037 0.0260417 0.135185 0.621349
0 0.969271 0.537037 0.0614583 0.82963 0.630799
0 0.21875 0.333333 0.06875 0.166667 0.646268
0 0.21875 0.333333 0.0666667 0.159259 0.652443
0 0.218229 0.32963 0.065625 0.159259 0.663651
0 0.584896 0.361111 0.0302083 0.151852 0.664984
0 0.218229 0.330556 0.065625 0.157407 0.66535
0 0.495313 0.361111 0.0239583 0.125926 0.6654
0 0.21875 0.330556 0.0645833 0.157407 0.671581
0 0.495313 0.361111 0.0260417 0.133333 0.673576
0 0.584896 0.361111 0.0302083 0.148148 0.674705
0 0.494792 0.362037 0.025 0.131481 0.675366
0 0.21875 0.330556 0.0645833 0.157407 0.678795
0 0.218229 0.330556 0.065625 0.157407 0.679023
0 0.218229 0.330556 0.0677083 0.157407 0.683932
0 0.625 0.371296 0.0291667 0.131481 0.694039
0 0.218229 0.331481 0.0635417 0.159259 0.694427
0 0.584896 0.361111 0.0322917 0.159259 0.700965
0 0.969271 0.537963 0.059375 0.812963 0.703009
0 0.21875 0.32963 0.0645833 0.162963 0.711176
0 0.584896 0.361111 0.0322917 0.159259 0.711861
0 0.585417 0.361111 0.0333333 0.155556 0.712193
0 0.584896 0.361111 0.0322917 0.159259 0.713394
0 0.21875 0.330556 0.0645833 0.161111 0.715542
0 0.584896 0.361111 0.0322917 0.155556 0.721255
0 0.625 0.37037 0.0291667 0.137037 0.722153
0 0.495313 0.361111 0.0239583 0.125926 0.723328
0 0.495313 0.361111 0.0239583 0.125926 0.729874
0 0.494792 0.362037 0.025 0.131481 0.737631
0 0.494792 0.362037 0.025 0.131481 0.740616
0 0.625 0.37037 0.0291667 0.137037 0.743306
0 0.299479 0.419444 0.0677083 0.35 0.743593
0 0.299479 0.419444 0.0677083 0.35 0.745615
0 0.585417 0.362037 0.03125 0.157407 0.751919
0 0.968229 0.553704 0.0614583 0.818519 0.754243
0 0.218229 0.332407 0.0677083 0.164815 0.758514
0 0.625 0.37037 0.0291667 0.137037 0.761401
0 0.624479 0.371296 0.0302083 0.135185 0.76333
0 0.585417 0.360185 0.03125 0.153704 0.765677
0 0.625521 0.372222 0.0302083 0.137037 0.767404
0 0.585417 0.362037 0.03125 0.157407 0.768224
0 0.495313 0.363889 0.0239583 0.131481 0.768965
0 0.624479 0.371296 0.0302083 0.135185 0.772228
0 0.585417 0.359259 0.03125 0.155556 0.773235
0 0.299479 0.418519 0.0677083 0.348148 0.780615
0 0.625521 0.372222 0.0302083 0.137037 0.780723
0 0.625521 0.371296 0.0302083 0.138889 0.790825
0 0.585417 0.362037 0.03125 0.157407 0.795733
0 0.625 0.371296 0.03125 0.135185 0.815055
0 0.625 0.371296 0.0291667 0.135185 0.815635
0 0.3 0.42037 0.0666667 0.344444 0.82714
0 0.585417 0.361111 0.03125 0.155556 0.827897
0 0.585417 0.360185 0.03125 0.157407 0.829731
0 0.3 0.42037 0.0666667 0.344444 0.830362
0 0.299479 0.419444 0.0677083 0.35 0.837009
0 0.3 0.42037 0.0666667 0.344444 0.840797
0 0.585417 0.361111 0.03125 0.159259 0.84233
0 0.3 0.419444 0.0666667 0.346296 0.864271
0 0.3 0.42037 0.0666667 0.348148 0.866776
0 0.3 0.419444 0.0666667 0.346296 0.871411
