0 0.457812 0.334259 0.0260417 0.116667 0.250784
0 0.939062 0.305556 0.0385417 0.181481 0.259607
0 0.0421875 0.324074 0.021875 0.118519 0.260962
24 0.89375 0.349074 0.0645833 0.190741 0.264306
0 0.867708 0.425 0.0979167 0.457407 0.265935
24 0.894271 0.362037 0.0572917 0.161111 0.267847
0 0.457812 0.336111 0.0260417 0.116667 0.267938
0 0.0109375 0.376852 0.021875 0.146296 0.271574
0 0.659896 0.309259 0.0239583 0.0666667 0.273859
0 0.0104167 0.376852 0.0208333 0.146296 0.282517
0 0.659896 0.308333 0.0239583 0.0648148 0.285639
0 0.418229 0.338889 0.0364583 0.144444 0.286873
0 0.009375 0.376852 0.01875 0.142593 0.287731
24 0.894792 0.362037 0.05625 0.161111 0.296225
0 0.659896 0.323148 0.0239583 0.109259 0.296822
0 0.804688 0.414815 0.0677083 0.440741 0.298445
0 0.00989583 0.375926 0.0197917 0.140741 0.299196
0 0.458854 0.338889 0.0239583 0.125926 0.299235
0 0.0416667 0.321296 0.0229167 0.112963 0.300199
0 0.939062 0.311111 0.0364583 0.188889 0.303077
0 0.00885417 0.376852 0.0177083 0.142593 0.305676
0 0.459375 0.337963 0.0229167 0.124074 0.309639
0 0.0416667 0.321296 0.0229167 0.112963 0.313021
0 0.0416667 0.321296 0.0229167 0.112963 0.314132
0 0.0927083 0.319444 0.0208333 0.0833333 0.314289
0 0.457812 0.337037 0.0239583 0.122222 0.319705
0 0.659375 0.307407 0.0229167 0.0703704 0.319803
0 0.0427083 0.322222 0.0229167 0.118519 0.321115
0 0.939062 0.311111 0.0364583 0.188889 0.321195
0 0.0927083 0.318519 0.0208333 0.0851852 0.323046
0 0.0927083 0.322222 0.0208333 0.0925926 0.330017
0 0.457812 0.334259 0.0260417 0.116667 0.334135
0 0.852083 0.424074 0.0770833 0.488889 0.339036
0 0.853125 0.423148 0.08125 0.490741 0.342565
0 0.0921875 0.322222 0.021875 0.0925926 0.343383
0 0.0104167 0.374074 0.0208333 0.148148 0.344008
0 0.0927083 0.318519 0.0208333 0.0851852 0.344702
0 0.418229 0.339815 0.0364583 0.146296 0.352497
0 0.0927083 0.322222 0.0208333 0.0925926 0.35445
24 0.89375 0.344444 0.0583333 0.192593 0.360521
0 0.391146 0.331481 0.021875 0.103704 0.361565
0 0.0921875 0.318519 0.0197917 0.0814815 0.363974
0 0.0921875 0.319444 0.0197917 0.0833333 0.366173
24 0.89375 0.344444 0.0583333 0.196296 0.369626
0 0.659375 0.308333 0.0208333 0.0685185 0.3701
0 0.938021 0.312037 0.0385417 0.187037 0.371431
0 0.659896 0.308333 0.021875 0.0722222 0.371694
0 0.659896 0.308333 0.021875 0.0722222 0.375793
0 0.852604 0.421296 0.0822917 0.498148 0.380099
0 0.457812 0.339815 0.0239583 0.135185 0.381933
0 0.938021 0.312037 0.0385417 0.187037 0.387392
0 0.938021 0.312037 0.0385417 0.187037 0.387398
0 0.659896 0.327778 0.0239583 0.114815 0.398621
0 0.659896 0.327778 0.0239583 0.111111 0.400865
0 0.391667 0.332407 0.0208333 0.105556 0.401976
0 0.457812 0.339815 0.0239583 0.135185 0.406561
0 0.457812 0.335185 0.0239583 0.114815 0.408052
0 0.391667 0.332407 0.0208333 0.105556 0.417499
24 0.895833 0.35463 0.0583333 0.17963 0.422193
0 0.809896 0.410185 0.071875 0.453704 0.42525
0 0.805729 0.407407 0.0635417 0.433333 0.432234
0 0.804167 0.414815 0.0645833 0.440741 0.433549
0 0.608854 0.327778 0.0260417 0.114815 0.437129
24 0.895833 0.357407 0.0583333 0.177778 0.438752
0 0.415104 0.339815 0.0260417 0.142593 0.439851
24 0.89375 0.35463 0.0604167 0.172222 0.440672
0 0.805729 0.407407 0.0635417 0.437037 0.44232
0 0.938021 0.308333 0.0385417 0.175926 0.442644
0 0.805729 0.407407 0.0635417 0.433333 0.443304
0 0.9375 0.308333 0.0375 0.17963 0.447896
24 0.895312 0.357407 0.0572917 0.177778 0.448238
0 0.415104 0.339815 0.0260417 0.142593 0.448486
0 0.391146 0.325926 0.021875 0.1 0.451062
0 0.413542 0.336111 0.0291667 0.131481 0.454297
0 0.938021 0.307407 0.0364583 0.177778 0.454839
24 0.895312 0.357407 0.0572917 0.177778 0.455203
0 0.659896 0.314815 0.0239583 0.0851852 0.459805
24 0.894271 0.353704 0.059375 0.174074 0.46042
0 0.414062 0.335185 0.028125 0.133333 0.460933
0 0.608854 0.328704 0.0260417 0.116667 0.462432
0 0.608854 0.327778 0.0260417 0.118519 0.464017
0 0.457812 0.339815 0.0239583 0.127778 0.470241
0 0.659375 0.319444 0.0229167 0.0907407 0.473439
0 0.806771 0.408333 0.0635417 0.45 0.474397
0 0.391146 0.326852 0.021875 0.101852 0.483405
0 0.391146 0.326852 0.021875 0.101852 0.496498
0 0.414062 0.336111 0.028125 0.135185 0.499196
0 0.414062 0.336111 0.028125 0.131481 0.502137
0 0.804167 0.407407 0.0604167 0.440741 0.509969
0 0.414062 0.337037 0.028125 0.133333 0.513268
0 0.457812 0.334259 0.0239583 0.112963 0.521346
0 0.413542 0.335185 0.0270833 0.133333 0.53534
0 0.413542 0.335185 0.0270833 0.122222 0.538002
24 0.894792 0.350926 0.0604167 0.187037 0.539842
0 0.414062 0.336111 0.028125 0.131481 0.541247
0 0.413542 0.335185 0.0270833 0.122222 0.554217
0 0.414062 0.335185 0.0260417 0.122222 0.55622
0 0.457812 0.339815 0.0239583 0.131481 0.560842
0 0.607292 0.338889 0.0270833 0.125926 0.56167
0 0.391146 0.331481 0.021875 0.103704 0.567547
0 0.457812 0.339815 0.0239583 0.131481 0.568822
24 0.894792 0.355556 0.0583333 0.181481 0.570357
0 0.8375 0.425926 0.102083 0.503704 0.575406
24 0.894792 0.355556 0.0583333 0.181481 0.578691
0 0.607813 0.338889 0.0260417 0.122222 0.579085
0 0.607813 0.338889 0.0260417 0.122222 0.579381
24 0.895312 0.35463 0.0572917 0.17963 0.579765
0 0.392188 0.327778 0.0197917 0.103704 0.586961
0 0.608854 0.335185 0.028125 0.12963 0.605147
0 0.607813 0.335185 0.028125 0.12963 0.609177
0 0.391667 0.331481 0.0208333 0.107407 0.611376
0 0.608854 0.336111 0.028125 0.124074 0.619375
0 0.608854 0.336111 0.028125 0.127778 0.624401
0 0.391146 0.331481 0.021875 0.107407 0.625046
0 0.390625 0.327778 0.0208333 0.107407 0.636959
0 0.852083 0.425 0.0791667 0.505556 0.653164
0 0.848437 0.426852 0.0864583 0.512963 0.656795
0 0.608333 0.335185 0.0270833 0.12963 0.65779
0 0.608854 0.336111 0.028125 0.124074 0.667747
0 0.852083 0.424074 0.0770833 0.507407 0.670038
0 0.608854 0.336111 0.028125 0.127778 0.671125
0 0.608854 0.336111 0.028125 0.124074 0.671172
0 0.608333 0.336111 0.0270833 0.127778 0.675585
0 0.608333 0.336111 0.0270833 0.127778 0.696126
0 0.414062 0.337037 0.028125 0.133333 0.697369
0 0.414062 0.337037 0.028125 0.133333 0.699782
0 0.608333 0.335185 0.0270833 0.12963 0.700976
0 0.608854 0.335185 0.028125 0.12963 0.707754
0 0.853646 0.430556 0.0802083 0.516667 0.707845
0 0.853646 0.430556 0.0802083 0.516667 0.727358
0 0.608333 0.336111 0.0270833 0.124074 0.730842
0 0.806771 0.406481 0.0677083 0.442593 0.751845
0 0.806771 0.407407 0.0677083 0.440741 0.752199
0 0.806771 0.406481 0.0677083 0.438889 0.752454
0 0.608333 0.336111 0.0270833 0.124074 0.761327
0 0.805208 0.407407 0.0645833 0.440741 0.767594
0 0.608333 0.336111 0.0270833 0.124074 0.773242
0 0.805208 0.406481 0.0645833 0.442593 0.78005
0 0.805208 0.407407 0.0645833 0.440741 0.78073
0 0.854688 0.426852 0.0864583 0.509259 0.804707
0 0.854167 0.426852 0.0854167 0.501852 0.813328
