0 0.0645833 0.383333 0.0208333 0.114815 0.250856
13 0.289583 0.510185 0.120833 0.116667 0.251938
13 0.252604 0.447222 0.0739583 0.109259 0.253087
0 0.209375 0.386111 0.0145833 0.101852 0.255951
0 0.26875 0.362037 0.025 0.0537037 0.257698
0 0.229167 0.362963 0.025 0.0666667 0.259405
26 0.813542 0.542593 0.0416667 0.122222 0.26222
6 0.046875 0.340741 0.09375 0.244444 0.264478
13 0.303125 0.490741 0.158333 0.159259 0.267169
0 0.410417 0.386111 0.05625 0.124074 0.267747
0 0.178125 0.362963 0.0125 0.0592593 0.267817
6 0.0463542 0.341667 0.0927083 0.242593 0.269608
0 0.0666667 0.381481 0.0208333 0.1 0.270962
0 0.26875 0.359259 0.025 0.062963 0.27134
0 0.0666667 0.382407 0.0208333 0.101852 0.271689
24 0.926562 0.527778 0.0947917 0.274074 0.272472
0 0.178125 0.362963 0.0125 0.0592593 0.272574
0 0.146875 0.392593 0.0270833 0.114815 0.273206
0 0.413542 0.386111 0.05 0.124074 0.278439
0 0.0666667 0.381481 0.0208333 0.1 0.287112
24 0.920833 0.510185 0.0833333 0.227778 0.287164
0 0.26875 0.362037 0.025 0.0537037 0.287279
0 0.26875 0.362037 0.025 0.0537037 0.290128
0 0.896354 0.605556 0.107292 0.614815 0.293564
0 0.209896 0.386111 0.0135417 0.101852 0.295205
13 0.305729 0.498148 0.151042 0.133333 0.297235
13 0.305729 0.497222 0.151042 0.135185 0.297653
24 0.919792 0.510185 0.0854167 0.216667 0.299106
0 0.427083 0.388889 0.0229167 0.125926 0.300273
24 0.926562 0.528704 0.0927083 0.272222 0.302235
0 0.397396 0.386111 0.0260417 0.135185 0.307222
0 0.458854 0.382407 0.0197917 0.105556 0.307511
0 0.26875 0.359259 0.025 0.0592593 0.309683
13 0.306771 0.498148 0.151042 0.137037 0.309913
0 0.458854 0.383333 0.0197917 0.107407 0.313082
0 0.427604 0.388889 0.0239583 0.12963 0.315095
0 0.458854 0.383333 0.0197917 0.107407 0.315136
0 0.427083 0.388889 0.0229167 0.12963 0.3164
0 0.293229 0.390741 0.0260417 0.12963 0.316949
13 0.219271 0.781482 0.211458 0.3 0.319254
0 0.295312 0.398148 0.0239583 0.122222 0.321274
0 0.26875 0.359259 0.025 0.0592593 0.32145
0 0.484375 0.401852 0.0291667 0.144444 0.322022
0 0.397396 0.388889 0.021875 0.12963 0.322336
0 0.397396 0.388889 0.021875 0.12963 0.324968
0 0.458854 0.382407 0.0177083 0.0981481 0.329158
0 0.209896 0.386111 0.015625 0.101852 0.332091
0 0.26875 0.359259 0.025 0.0592593 0.33523
0 0.484375 0.401852 0.0291667 0.144444 0.336999
0 0.426562 0.384259 0.0260417 0.131481 0.338247
0 0.294271 0.396296 0.028125 0.137037 0.338568
0 0.397396 0.388889 0.021875 0.12963 0.338874
0 0.597396 0.412037 0.040625 0.227778 0.340092
13 0.21875 0.781482 0.2125 0.3 0.341402
0 0.295312 0.398148 0.0239583 0.122222 0.346913
0 0.209375 0.386111 0.0145833 0.0981481 0.348652
0 0.597396 0.411111 0.0427083 0.22963 0.353264
0 0.295312 0.398148 0.0239583 0.122222 0.353268
0 0.294792 0.39537 0.0270833 0.135185 0.35822
0 0.458854 0.382407 0.0177083 0.101852 0.360454
13 0.213542 0.775 0.210417 0.290741 0.360777
0 0.147396 0.390741 0.0260417 0.111111 0.36765
13 0.301042 0.490741 0.158333 0.133333 0.372375
13 0.300521 0.493519 0.157292 0.138889 0.372843
0 0.778646 0.600926 0.103125 0.616667 0.373211
24 0.932813 0.525926 0.0822917 0.259259 0.37476
26 0.813021 0.537037 0.0427083 0.137037 0.375246
13 0.213542 0.775926 0.210417 0.288889 0.379481
26 0.813021 0.536111 0.0427083 0.135185 0.37986
0 0.209896 0.385185 0.015625 0.1 0.380093
0 0.428125 0.384259 0.025 0.127778 0.383299
0 0.458854 0.382407 0.0177083 0.101852 0.385562
13 0.300521 0.490741 0.155208 0.133333 0.386523
0 0.146875 0.391667 0.025 0.112963 0.387
24 0.932813 0.526852 0.0822917 0.261111 0.389997
26 0.813021 0.537037 0.0427083 0.137037 0.397355
0 0.426562 0.384259 0.0260417 0.131481 0.402678
0 0.474479 0.400926 0.0427083 0.142593 0.402738
13 0.297917 0.480556 0.1625 0.146296 0.412695
13 0.215625 0.782407 0.214583 0.305556 0.428427
13 0.215625 0.783333 0.216667 0.307407 0.429303
13 0.215625 0.782407 0.214583 0.305556 0.434436
0 0.508333 0.374074 0.0166667 0.0814815 0.435363
13 0.30625 0.491667 0.152083 0.135185 0.436638
13 0.305729 0.491667 0.153125 0.135185 0.441259
13 0.305208 0.489815 0.152083 0.127778 0.453682
13 0.30625 0.488889 0.152083 0.12963 0.454254
0 0.395833 0.382407 0.0229167 0.135185 0.459648
0 0.148958 0.388889 0.0229167 0.111111 0.472874
0 0.479688 0.4 0.040625 0.144444 0.476023
0 0.779167 0.602778 0.104167 0.612963 0.476365
0 0.458333 0.376852 0.0166667 0.109259 0.477463
0 0.508333 0.374074 0.0166667 0.0814815 0.478704
0 0.294792 0.396296 0.025 0.133333 0.479212
0 0.480208 0.399074 0.0395833 0.142593 0.481148
0 0.428125 0.385185 0.025 0.125926 0.481717
0 0.508333 0.375 0.0166667 0.0796296 0.482222
0 0.294271 0.393519 0.028125 0.138889 0.482529
0 0.294271 0.392593 0.028125 0.137037 0.490038
13 0.304167 0.487037 0.15625 0.133333 0.490657
0 0.148958 0.387963 0.0229167 0.109259 0.490749
0 0.147396 0.390741 0.0260417 0.111111 0.492513
0 0.508333 0.374074 0.01875 0.0851852 0.497066
0 0.148958 0.387963 0.0229167 0.109259 0.500764
0 0.147917 0.390741 0.025 0.111111 0.501328
0 0.294271 0.39537 0.0260417 0.131481 0.505438
0 0.427604 0.384259 0.0239583 0.131481 0.506754
0 0.508333 0.373148 0.01875 0.087037 0.511514
0 0.426562 0.383333 0.0260417 0.122222 0.512012
0 0.458854 0.378704 0.0177083 0.105556 0.534629
24 0.930729 0.522222 0.084375 0.251852 0.537335
0 0.508333 0.373148 0.01875 0.087037 0.538444
0 0.905208 0.608333 0.120833 0.62037 0.538701
0 0.29375 0.392593 0.025 0.140741 0.538718
0 0.458854 0.378704 0.0177083 0.109259 0.539576
13 0.214062 0.77963 0.209375 0.296296 0.539954
0 0.508333 0.373148 0.01875 0.087037 0.542078
0 0.397396 0.385185 0.021875 0.125926 0.542537
24 0.930208 0.523148 0.0854167 0.253704 0.543762
0 0.29375 0.391667 0.025 0.138889 0.545511
0 0.458854 0.378704 0.0177083 0.105556 0.54645
0 0.29375 0.392593 0.0270833 0.137037 0.547037
24 0.930729 0.521296 0.084375 0.253704 0.549631
0 0.427083 0.384259 0.025 0.124074 0.555569
0 0.596875 0.413889 0.0416667 0.227778 0.557302
13 0.215625 0.781482 0.214583 0.3 0.558551
0 0.482812 0.406481 0.0322917 0.15 0.559684
0 0.397396 0.385185 0.021875 0.125926 0.560566
0 0.596875 0.414815 0.0416667 0.22963 0.560766
0 0.427083 0.384259 0.025 0.124074 0.560985
0 0.508333 0.374074 0.01875 0.0851852 0.562035
0 0.508333 0.375 0.01875 0.087037 0.562443
0 0.397396 0.385185 0.021875 0.125926 0.564389
0 0.29375 0.392593 0.0270833 0.137037 0.566209
13 0.215625 0.77963 0.214583 0.3 0.566482
13 0.215625 0.77963 0.214583 0.296296 0.567264
0 0.146354 0.391667 0.0239583 0.112963 0.569289
13 0.214062 0.77963 0.209375 0.296296 0.571947
13 0.215625 0.781482 0.214583 0.307407 0.574485
0 0.482292 0.406481 0.03125 0.153704 0.574634
24 0.929167 0.523148 0.0875 0.257407 0.579728
24 0.929167 0.52037 0.0895833 0.255556 0.582732
0 0.147396 0.390741 0.0260417 0.111111 0.5857
24 0.929167 0.525 0.0875 0.253704 0.591654
13 0.215625 0.778704 0.214583 0.301852 0.591775
24 0.929167 0.52037 0.0895833 0.255556 0.593164
13 0.216146 0.778704 0.215625 0.301852 0.59736
0 0.147396 0.391667 0.0239583 0.112963 0.599011
0 0.508333 0.375 0.01875 0.0907407 0.603249
0 0.779688 0.610185 0.105208 0.605556 0.604485
24 0.929167 0.519444 0.0895833 0.253704 0.606051
0 0.482292 0.407407 0.03125 0.151852 0.60707
0 0.428125 0.385185 0.025 0.125926 0.609948
0 0.294271 0.393519 0.0260417 0.138889 0.612044
0 0.294271 0.393519 0.0260417 0.138889 0.613247
0 0.147396 0.391667 0.0239583 0.112963 0.613446
0 0.508333 0.372222 0.01875 0.0851852 0.616231
0 0.779167 0.610185 0.104167 0.609259 0.626887
0 0.147396 0.391667 0.0239583 0.112963 0.630312
0 0.482292 0.406481 0.03125 0.153704 0.633385
0 0.294271 0.392593 0.0260417 0.137037 0.634428
0 0.396875 0.386111 0.0229167 0.131481 0.643695
0 0.482292 0.406481 0.0333333 0.15 0.645265
0 0.147396 0.388889 0.0239583 0.107407 0.651076
0 0.396354 0.385185 0.021875 0.12963 0.659529
0 0.294271 0.392593 0.0260417 0.137037 0.660061
0 0.396354 0.386111 0.021875 0.131481 0.663091
0 0.396354 0.385185 0.021875 0.133333 0.665712
0 0.905208 0.608333 0.120833 0.616667 0.670333
0 0.147917 0.391667 0.0229167 0.112963 0.680516
0 0.147396 0.388889 0.0239583 0.107407 0.683153
0 0.396354 0.386111 0.021875 0.124074 0.683842
0 0.780208 0.608333 0.104167 0.601852 0.691134
0 0.482292 0.406481 0.0291667 0.153704 0.692432
0 0.482812 0.405556 0.0302083 0.151852 0.69306
0 0.396354 0.386111 0.021875 0.127778 0.696636
0 0.901042 0.606481 0.110417 0.609259 0.697116
0 0.596354 0.413889 0.0427083 0.227778 0.70042
0 0.147917 0.391667 0.0229167 0.112963 0.701891
0 0.396354 0.387037 0.021875 0.125926 0.703255
0 0.903646 0.606481 0.117708 0.624074 0.704437
0 0.596354 0.414815 0.0427083 0.22963 0.704603
0 0.596354 0.414815 0.0427083 0.22963 0.704618
0 0.147396 0.388889 0.0239583 0.107407 0.710458
0 0.901042 0.605556 0.1125 0.607407 0.711262
0 0.427604 0.385185 0.0239583 0.125926 0.722186
0 0.427604 0.384259 0.0239583 0.124074 0.723549
0 0.427604 0.385185 0.0239583 0.125926 0.726159
0 0.903125 0.605556 0.11875 0.633333 0.732638
0 0.147917 0.391667 0.0229167 0.112963 0.733597
0 0.427604 0.386111 0.0239583 0.124074 0.737324
0 0.147396 0.391667 0.0239583 0.109259 0.749333
0 0.427604 0.387037 0.0239583 0.122222 0.757069
0 0.427604 0.387037 0.0239583 0.122222 0.763082
0 0.147396 0.390741 0.0239583 0.111111 0.769161
0 0.779167 0.611111 0.104167 0.611111 0.770084
0 0.482812 0.406481 0.0322917 0.146296 0.77016
0 0.482812 0.405556 0.0322917 0.148148 0.773734
0 0.596354 0.414815 0.0427083 0.225926 0.78549
0 0.778646 0.605556 0.105208 0.62963 0.785699
0 0.596354 0.413889 0.0427083 0.227778 0.788104
0 0.482812 0.405556 0.0322917 0.148148 0.793289
0 0.596354 0.413889 0.0427083 0.227778 0.800826
0 0.596354 0.412963 0.0427083 0.225926 0.808811
0 0.778646 0.606481 0.101042 0.624074 0.814553
0 0.596354 0.413889 0.0427083 0.227778 0.821342
0 0.596354 0.413889 0.0427083 0.227778 0.829436
0 0.904167 0.605556 0.11875 0.618519 0.831584
0 0.596354 0.414815 0.0427083 0.225926 0.831649
0 0.903646 0.60463 0.119792 0.616667 0.833664
0 0.596354 0.413889 0.0427083 0.227778 0.838021
0 0.779167 0.608333 0.102083 0.631481 0.842289
0 0.779167 0.612037 0.104167 0.612963 0.844311
0 0.779167 0.603704 0.10625 0.633333 0.857367
0 0.779167 0.611111 0.104167 0.611111 0.864595
0 0.596354 0.412963 0.0447917 0.22963 0.865833
0 0.596354 0.413889 0.0427083 0.227778 0.867799
