13 0.292708 0.462963 0.08125 0.133333 0.250229
13 0.305208 0.460185 0.10625 0.135185 0.251037
0 0.488021 0.398148 0.0302083 0.125926 0.251797
0 0.486979 0.397222 0.028125 0.127778 0.255237
0 0.257812 0.387963 0.0177083 0.105556 0.25736
13 0.416146 0.468519 0.0427083 0.0592593 0.257573
26 0.821875 0.556481 0.0416667 0.157407 0.257685
0 0.580208 0.394444 0.01875 0.103704 0.259921
0 0.464583 0.394444 0.0354167 0.12963 0.260623
0 0.694792 0.516667 0.03125 0.137037 0.261168
13 0.415625 0.471296 0.0416667 0.0722222 0.26485
24 0.923958 0.553704 0.122917 0.288889 0.265898
0 0.228646 0.388889 0.0260417 0.114815 0.267317
0 0.457292 0.39537 0.0270833 0.131481 0.26846
0 0.257292 0.386111 0.0166667 0.101852 0.270029
0 0.483854 0.394444 0.021875 0.118519 0.27235
24 0.923958 0.553704 0.120833 0.296296 0.272535
13 0.292708 0.459259 0.08125 0.125926 0.273602
13 0.416146 0.471296 0.0427083 0.0722222 0.274189
0 0.694792 0.517593 0.03125 0.138889 0.277371
13 0.292708 0.459259 0.08125 0.125926 0.277929
24 0.952083 0.567593 0.0875 0.290741 0.278175
24 0.940625 0.544444 0.104167 0.274074 0.278415
13 0.419271 0.456481 0.0427083 0.0537037 0.279015
13 0.416146 0.469444 0.0427083 0.0611111 0.280257
0 0.340625 0.406481 0.0270833 0.138889 0.282324
26 0.817708 0.546296 0.0520833 0.162963 0.28295
0 0.340625 0.4 0.025 0.140741 0.283678
24 0.951563 0.567593 0.0864583 0.287037 0.284044
26 0.817187 0.547222 0.053125 0.161111 0.284617
0 0.707292 0.425 0.05 0.290741 0.287537
0 0.540625 0.413889 0.03125 0.157407 0.287641
24 0.952083 0.567593 0.0875 0.290741 0.287664
0 0.540104 0.413889 0.0322917 0.157407 0.287677
26 0.817187 0.547222 0.053125 0.164815 0.287761
24 0.923958 0.552778 0.122917 0.287037 0.289103
24 0.940625 0.544444 0.104167 0.274074 0.289189
13 0.416146 0.469444 0.0427083 0.0611111 0.291144
0 0.708854 0.441667 0.0510417 0.294444 0.292239
0 0.458333 0.393519 0.025 0.135185 0.294845
13 0.302604 0.466667 0.107292 0.148148 0.296704
24 0.941146 0.544444 0.103125 0.274074 0.300168
0 0.258854 0.383333 0.015625 0.1 0.301149
0 0.340625 0.4 0.025 0.133333 0.303271
13 0.329167 0.475926 0.152083 0.137037 0.304785
0 0.257292 0.387963 0.0166667 0.101852 0.30764
0 0.694792 0.516667 0.03125 0.137037 0.308947
0 0.70625 0.449074 0.0520833 0.298148 0.309809
0 0.4875 0.397222 0.0291667 0.124074 0.310636
0 0.919792 0.625 0.1375 0.65 0.311977
0 0.276042 0.359259 0.0229167 0.0703704 0.313938
13 0.323958 0.471296 0.141667 0.161111 0.314225
0 0.540625 0.413889 0.03125 0.157407 0.315556
13 0.350521 0.475926 0.180208 0.133333 0.316307
26 0.816667 0.555556 0.05 0.166667 0.317572
26 0.816667 0.555556 0.05 0.162963 0.31842
0 0.275521 0.360185 0.021875 0.0685185 0.318816
0 0.758854 0.622222 0.119792 0.655556 0.320157
24 0.931771 0.569444 0.123958 0.331481 0.320191
0 0.259375 0.377778 0.0166667 0.0888889 0.321754
26 0.816667 0.55463 0.05 0.164815 0.323716
0 0.258333 0.383333 0.0145833 0.0962963 0.324168
13 0.331771 0.471296 0.153125 0.15 0.324644
0 0.484375 0.394444 0.0208333 0.122222 0.329343
0 0.228646 0.387963 0.0239583 0.116667 0.330702
0 0.483854 0.39537 0.021875 0.124074 0.331823
24 0.93125 0.567593 0.127083 0.316667 0.335154
0 0.486458 0.397222 0.0270833 0.124074 0.335966
0 0.275521 0.360185 0.021875 0.0685185 0.338224
0 0.341146 0.400926 0.028125 0.138889 0.339456
13 0.331771 0.475 0.151042 0.138889 0.339719
0 0.258333 0.383333 0.0145833 0.0962963 0.360273
0 0.922396 0.627778 0.138542 0.659259 0.366722
13 0.317708 0.468519 0.133333 0.155556 0.370353
0 0.694792 0.515741 0.03125 0.135185 0.374543
0 0.4625 0.39537 0.03125 0.127778 0.37489
13 0.294271 0.466667 0.090625 0.140741 0.375886
13 0.29375 0.465741 0.0895833 0.142593 0.376559
13 0.29375 0.465741 0.0895833 0.142593 0.380229
0 0.457812 0.389815 0.021875 0.124074 0.385017
0 0.459375 0.39537 0.0270833 0.127778 0.391354
0 0.926562 0.603704 0.142708 0.614815 0.394685
0 0.228646 0.387963 0.0239583 0.116667 0.395384
13 0.324479 0.47037 0.140625 0.151852 0.400124
0 0.342187 0.406481 0.0260417 0.124074 0.40021
0 0.459375 0.39537 0.025 0.131481 0.402092
0 0.536979 0.409259 0.0385417 0.155556 0.403542
0 0.459375 0.39537 0.025 0.131481 0.408989
0 0.340625 0.399074 0.0229167 0.138889 0.41159
0 0.341667 0.4 0.0270833 0.137037 0.420462
0 0.536979 0.409259 0.0385417 0.155556 0.42756
0 0.921875 0.627778 0.139583 0.651852 0.428246
13 0.313542 0.467593 0.122917 0.15 0.433625
0 0.342187 0.407407 0.0260417 0.12963 0.433703
0 0.342187 0.406481 0.0260417 0.127778 0.434833
0 0.76875 0.62037 0.129167 0.614815 0.435115
0 0.457812 0.393519 0.0239583 0.135185 0.437821
13 0.313542 0.468519 0.122917 0.148148 0.43847
13 0.313542 0.468519 0.122917 0.148148 0.442001
0 0.457812 0.390741 0.021875 0.12963 0.449775
0 0.457812 0.390741 0.021875 0.12963 0.457454
0 0.229167 0.384259 0.025 0.109259 0.464154
0 0.535417 0.409259 0.0375 0.159259 0.466152
0 0.341146 0.402778 0.0239583 0.131481 0.469077
24 0.94375 0.560185 0.102083 0.287037 0.483963
24 0.948438 0.559259 0.0947917 0.281481 0.489114
0 0.535417 0.409259 0.0375 0.155556 0.490558
13 0.3 0.463889 0.104167 0.142593 0.49155
0 0.580208 0.391667 0.0208333 0.109259 0.493531
0 0.58125 0.393519 0.0208333 0.109259 0.49411
0 0.486979 0.398148 0.028125 0.122222 0.495422
0 0.340625 0.405556 0.025 0.137037 0.500575
24 0.948438 0.559259 0.0927083 0.285185 0.50062
24 0.943229 0.560185 0.103125 0.294444 0.505816
0 0.341146 0.4 0.0239583 0.144444 0.507893
0 0.457812 0.39537 0.0239583 0.131481 0.510517
24 0.94375 0.559259 0.102083 0.288889 0.512756
0 0.341146 0.399074 0.0239583 0.146296 0.515759
13 0.319271 0.466667 0.136458 0.148148 0.516979
0 0.229167 0.384259 0.025 0.109259 0.527254
0 0.919792 0.617593 0.135417 0.65 0.529821
0 0.919271 0.624074 0.136458 0.655556 0.532678
0 0.228125 0.386111 0.0208333 0.112963 0.538029
0 0.769271 0.610185 0.126042 0.612963 0.541663
0 0.229167 0.383333 0.025 0.107407 0.546263
0 0.488021 0.394444 0.028125 0.118519 0.549232
0 0.458333 0.393519 0.0229167 0.127778 0.551143
0 0.488021 0.394444 0.028125 0.122222 0.553327
0 0.488021 0.39537 0.028125 0.12037 0.555428
0 0.341667 0.400926 0.025 0.135185 0.556683
0 0.58125 0.387963 0.0208333 0.0944444 0.570947
0 0.920313 0.627778 0.138542 0.666667 0.573471
0 0.458333 0.392593 0.0229167 0.12963 0.574513
0 0.767708 0.62037 0.127083 0.637037 0.577005
0 0.766667 0.621296 0.129167 0.642593 0.577835
0 0.458333 0.392593 0.0229167 0.12963 0.578521
0 0.919792 0.626852 0.139583 0.661111 0.596921
0 0.484896 0.39537 0.021875 0.124074 0.602629
0 0.539062 0.410185 0.0364583 0.153704 0.605909
0 0.58125 0.387963 0.01875 0.0981481 0.609992
0 0.341146 0.4 0.0239583 0.140741 0.612944
0 0.58125 0.393519 0.0208333 0.101852 0.613395
0 0.769271 0.610185 0.128125 0.616667 0.614011
0 0.341146 0.4 0.0239583 0.140741 0.61444
0 0.70625 0.441667 0.0520833 0.301852 0.618918
0 0.581771 0.387963 0.0197917 0.0981481 0.61913
0 0.485417 0.39537 0.0229167 0.124074 0.623427
0 0.70625 0.441667 0.0520833 0.298148 0.624793
0 0.484896 0.39537 0.021875 0.124074 0.625319
0 0.58125 0.392593 0.0208333 0.107407 0.62727
0 0.538542 0.410185 0.0354167 0.153704 0.635053
0 0.768229 0.621296 0.128125 0.612963 0.645956
0 0.58125 0.393519 0.0208333 0.101852 0.646778
0 0.70625 0.441667 0.0520833 0.301852 0.64874
0 0.485938 0.397222 0.0239583 0.124074 0.650856
0 0.58125 0.393519 0.0208333 0.101852 0.652853
0 0.542188 0.411111 0.0322917 0.155556 0.656791
0 0.541667 0.411111 0.03125 0.155556 0.664813
0 0.707812 0.437963 0.053125 0.298148 0.665921
0 0.538542 0.410185 0.0354167 0.153704 0.677433
0 0.707292 0.441667 0.05 0.287037 0.678333
0 0.228646 0.387037 0.0239583 0.111111 0.702542
0 0.919792 0.622222 0.135417 0.637037 0.705188
0 0.229167 0.388889 0.0229167 0.114815 0.707996
0 0.540625 0.409259 0.03125 0.159259 0.709741
0 0.540625 0.408333 0.03125 0.157407 0.712571
0 0.706771 0.438889 0.053125 0.292593 0.71319
0 0.707812 0.437963 0.0510417 0.301852 0.721871
0 0.229167 0.387037 0.0229167 0.111111 0.726669
0 0.539583 0.411111 0.0354167 0.151852 0.737986
0 0.707292 0.440741 0.0520833 0.296296 0.742717
0 0.228646 0.386111 0.0239583 0.116667 0.747087
0 0.229167 0.387037 0.0229167 0.111111 0.74729
0 0.539062 0.411111 0.034375 0.151852 0.747792
0 0.707292 0.439815 0.0520833 0.298148 0.753076
0 0.767187 0.619444 0.128125 0.646296 0.755153
0 0.228646 0.388889 0.021875 0.114815 0.759816
0 0.707292 0.440741 0.0520833 0.3 0.761038
0 0.539583 0.410185 0.0354167 0.153704 0.766949
0 0.229167 0.385185 0.0229167 0.118519 0.771855
0 0.229167 0.385185 0.0229167 0.118519 0.773076
0 0.767708 0.624074 0.13125 0.622222 0.790193
0 0.707812 0.437963 0.0510417 0.298148 0.79202
0 0.707812 0.437037 0.0510417 0.296296 0.794195
0 0.707812 0.437963 0.0510417 0.298148 0.794275
0 0.765104 0.624074 0.126042 0.622222 0.802002
0 0.765104 0.625926 0.126042 0.622222 0.804546
0 0.767708 0.623148 0.129167 0.62037 0.827933
0 0.766667 0.621296 0.129167 0.65 0.89179
