0 0.118229 0.390741 0.0197917 0.0962963 0.252973
0 0.118229 0.390741 0.0197917 0.0962963 0.256969
0 0.823438 0.396296 0.0260417 0.151852 0.257884
0 0.822917 0.4 0.025 0.151852 0.259949
0 0.179688 0.397222 0.0260417 0.12037 0.260463
13 0.405208 0.624074 0.195833 0.133333 0.260474
0 0.427604 0.375 0.028125 0.116667 0.263864
13 0.405208 0.623148 0.195833 0.131481 0.264166
0 0.118229 0.390741 0.0197917 0.1 0.26455
0 0.823438 0.39537 0.0260417 0.15 0.270943
0 0.825 0.393519 0.0291667 0.153704 0.271993
0 0.822917 0.399074 0.025 0.15 0.272106
0 0.294792 0.364815 0.0145833 0.0518519 0.277696
0 0.118229 0.391667 0.0197917 0.0981481 0.27798
0 0.825 0.39537 0.0270833 0.153704 0.278963
0 0.265104 0.383333 0.0177083 0.0925926 0.282974
0 0.265104 0.384259 0.0177083 0.0944444 0.283632
0 0.182292 0.400926 0.0229167 0.12037 0.286611
0 0.333333 0.363889 0.0229167 0.087037 0.28665
0 0.294792 0.364815 0.0145833 0.0518519 0.292245
13 0.404167 0.621296 0.19375 0.135185 0.293293
13 0.454167 0.743519 0.320833 0.375926 0.295247
0 0.182812 0.400926 0.021875 0.12037 0.296642
13 0.458854 0.740741 0.321875 0.366667 0.297263
0 0.825 0.39537 0.0270833 0.153704 0.297439
0 0.825521 0.394444 0.028125 0.151852 0.298929
0 0.182812 0.4 0.0239583 0.118519 0.300694
0 0.333854 0.363889 0.021875 0.087037 0.301031
0 0.179688 0.398148 0.0260417 0.118519 0.30212
0 0.261458 0.384259 0.0145833 0.0907407 0.302677
13 0.459896 0.752778 0.321875 0.338889 0.303404
13 0.405208 0.621296 0.195833 0.135185 0.304461
0 0.179688 0.398148 0.0260417 0.118519 0.308345
0 0.11875 0.390741 0.0208333 0.0962963 0.308828
13 0.459896 0.755556 0.323958 0.340741 0.312012
13 0.453646 0.743519 0.321875 0.375926 0.312548
13 0.405729 0.62037 0.194792 0.12963 0.318086
13 0.458854 0.740741 0.321875 0.362963 0.319451
0 0.333854 0.363889 0.021875 0.087037 0.320397
13 0.454688 0.743519 0.321875 0.375926 0.320764
13 0.40625 0.621296 0.19375 0.131481 0.322501
13 0.459375 0.741667 0.320833 0.364815 0.322956
0 0.427604 0.373148 0.028125 0.112963 0.323513
0 0.261979 0.384259 0.0135417 0.0907407 0.325054
0 0.119271 0.391667 0.0177083 0.0981481 0.32775
13 0.459896 0.756481 0.323958 0.338889 0.33066
0 0.427604 0.374074 0.0260417 0.118519 0.338701
0 0.119792 0.390741 0.01875 0.1 0.340095
0 0.119271 0.390741 0.0177083 0.1 0.352
0 0.428125 0.374074 0.0270833 0.114815 0.355441
0 0.824479 0.39537 0.0260417 0.153704 0.364121
0 0.934896 0.575 0.128125 0.564815 0.377841
0 0.934896 0.573148 0.128125 0.561111 0.387839
0 0.334375 0.377778 0.0229167 0.122222 0.389825
0 0.334375 0.377778 0.0229167 0.122222 0.399942
0 0.334375 0.377778 0.0229167 0.122222 0.401388
0 0.179688 0.398148 0.0260417 0.118519 0.402904
0 0.427604 0.373148 0.0260417 0.112963 0.407033
0 0.333854 0.375 0.0239583 0.112963 0.417946
0 0.0265625 0.434259 0.053125 0.231481 0.426212
0 0.467187 0.373148 0.0197917 0.105556 0.429741
0 0.467187 0.375 0.0177083 0.12037 0.437593
0 0.482812 0.374074 0.0239583 0.0962963 0.444065
0 0.466667 0.374074 0.01875 0.107407 0.444268
0 0.179688 0.398148 0.0260417 0.118519 0.446596
0 0.591146 0.386111 0.0322917 0.168519 0.449159
0 0.179688 0.398148 0.0260417 0.114815 0.451238
0 0.333333 0.376852 0.0229167 0.112963 0.451469
0 0.467187 0.374074 0.0197917 0.111111 0.454236
0 0.0265625 0.433333 0.053125 0.233333 0.455427
0 0.427083 0.375 0.025 0.116667 0.458813
0 0.466667 0.375 0.01875 0.12037 0.468301
0 0.591146 0.386111 0.0322917 0.168519 0.469036
0 0.467187 0.375 0.0177083 0.12037 0.469825
0 0.428125 0.374074 0.0270833 0.114815 0.47773
0 0.427604 0.374074 0.0239583 0.107407 0.479746
0 0.333854 0.37963 0.0239583 0.122222 0.490799
0 0.179688 0.39537 0.0239583 0.116667 0.497592
0 0.428125 0.374074 0.0229167 0.107407 0.498165
0 0.333854 0.380556 0.0239583 0.124074 0.500174
0 0.428125 0.373148 0.0229167 0.109259 0.501962
0 0.333854 0.380556 0.0239583 0.124074 0.504845
0 0.527604 0.394444 0.034375 0.155556 0.510746
0 0.467187 0.374074 0.0197917 0.103704 0.513869
0 0.485417 0.373148 0.01875 0.0944444 0.516219
0 0.428646 0.371296 0.0260417 0.105556 0.516943
0 0.180208 0.396296 0.0229167 0.114815 0.519103
0 0.179688 0.396296 0.0239583 0.118519 0.521367
0 0.467187 0.373148 0.0197917 0.105556 0.524218
0 0.527604 0.39537 0.034375 0.153704 0.524268
0 0.467187 0.373148 0.0197917 0.105556 0.524686
0 0.938542 0.577778 0.122917 0.562963 0.526678
0 0.429167 0.372222 0.025 0.103704 0.536357
0 0.485938 0.373148 0.0197917 0.0944444 0.536387
0 0.938542 0.576852 0.122917 0.553704 0.541306
0 0.429167 0.371296 0.025 0.105556 0.545468
0 0.485417 0.373148 0.01875 0.0944444 0.546581
0 0.485417 0.373148 0.01875 0.0944444 0.559234
0 0.428125 0.373148 0.025 0.112963 0.585804
0 0.467187 0.375 0.0177083 0.109259 0.589099
0 0.468229 0.374074 0.0177083 0.111111 0.594709
0 0.486458 0.373148 0.01875 0.0907407 0.599881
0 0.0265625 0.437963 0.0510417 0.224074 0.606624
0 0.179167 0.397222 0.025 0.116667 0.60914
0 0.485938 0.372222 0.0197917 0.0962963 0.609402
0 0.179167 0.398148 0.0229167 0.118519 0.609585
0 0.486458 0.373148 0.01875 0.0907407 0.610633
0 0.0265625 0.437963 0.0510417 0.224074 0.61412
0 0.486458 0.372222 0.0208333 0.0962963 0.618138
0 0.486458 0.373148 0.01875 0.0907407 0.620892
0 0.485938 0.372222 0.0197917 0.0962963 0.623097
0 0.428646 0.373148 0.0239583 0.112963 0.625746
0 0.178646 0.398148 0.0239583 0.118519 0.626598
0 0.0265625 0.437037 0.0510417 0.222222 0.626697
0 0.0265625 0.437037 0.0510417 0.222222 0.641933
0 0.0270833 0.437037 0.0520833 0.22963 0.645713
0 0.428125 0.372222 0.025 0.114815 0.647107
0 0.427604 0.372222 0.0239583 0.114815 0.655038
0 0.427604 0.373148 0.0239583 0.112963 0.657011
0 0.0265625 0.437037 0.053125 0.233333 0.68158
0 0.527083 0.397222 0.0354167 0.153704 0.687824
0 0.591667 0.384259 0.0333333 0.172222 0.689263
0 0.591667 0.385185 0.0333333 0.174074 0.697319
0 0.527083 0.398148 0.0354167 0.155556 0.701738
0 0.591667 0.384259 0.0333333 0.172222 0.709874
0 0.0265625 0.437963 0.053125 0.227778 0.7102
0 0.0260417 0.437963 0.0520833 0.227778 0.715251
0 0.9375 0.574074 0.125 0.559259 0.727239
0 0.527083 0.396296 0.0333333 0.155556 0.731562
0 0.9375 0.575 0.125 0.568519 0.736824
0 0.527083 0.396296 0.0333333 0.155556 0.744522
0 0.527604 0.396296 0.034375 0.159259 0.746605
0 0.527604 0.39537 0.034375 0.157407 0.747935
0 0.527083 0.396296 0.0333333 0.155556 0.753461
0 0.527604 0.39537 0.034375 0.157407 0.755479
0 0.0270833 0.437037 0.0520833 0.225926 0.765146
0 0.179688 0.399074 0.0239583 0.116667 0.772382
0 0.0270833 0.437963 0.0520833 0.227778 0.777768
0 0.0260417 0.439815 0.0520833 0.227778 0.783906
0 0.527083 0.397222 0.0354167 0.153704 0.786173
0 0.527083 0.397222 0.0354167 0.157407 0.792266
0 0.179688 0.398148 0.0239583 0.118519 0.794884
0 0.0255208 0.438889 0.0510417 0.225926 0.795805
0 0.527604 0.397222 0.034375 0.153704 0.803122
0 0.936458 0.581481 0.127083 0.566667 0.807953
0 0.0265625 0.438889 0.0510417 0.225926 0.810385
0 0.0260417 0.437037 0.0520833 0.22963 0.810524
0 0.936458 0.581481 0.127083 0.566667 0.81256
0 0.527604 0.397222 0.034375 0.153704 0.812839
0 0.180208 0.397222 0.0229167 0.124074 0.822892
0 0.592188 0.386111 0.0322917 0.172222 0.823033
0 0.179688 0.398148 0.0239583 0.118519 0.826045
0 0.0265625 0.438889 0.0510417 0.225926 0.829358
0 0.592188 0.386111 0.0322917 0.172222 0.830359
0 0.527604 0.396296 0.034375 0.155556 0.83065
0 0.180208 0.397222 0.0229167 0.124074 0.830922
0 0.592188 0.386111 0.0322917 0.172222 0.834861
0 0.0260417 0.437963 0.0520833 0.231481 0.836474
0 0.180208 0.397222 0.0229167 0.124074 0.839061
0 0.591667 0.385185 0.0333333 0.174074 0.840415
0 0.592188 0.385185 0.0322917 0.174074 0.840916
0 0.592188 0.387037 0.034375 0.17037 0.840976
0 0.592188 0.387037 0.034375 0.174074 0.845911
0 0.591667 0.383333 0.0333333 0.177778 0.847675
0 0.0265625 0.438889 0.0510417 0.225926 0.85111
0 0.591146 0.383333 0.0322917 0.177778 0.854586
0 0.0260417 0.437037 0.0520833 0.22963 0.855112
0 0.592188 0.386111 0.0322917 0.172222 0.855416
0 0.936458 0.57963 0.127083 0.566667 0.922157
0 0.936458 0.583333 0.127083 0.57037 0.923971
0 0.936458 0.582407 0.127083 0.568519 0.92639
0 0.936458 0.580556 0.127083 0.564815 0.929213
0 0.9375 0.578704 0.125 0.561111 0.930579
0 0.936979 0.57963 0.126042 0.562963 0.931356
