0 0.0109375 0.387037 0.021875 0.151852 0.257469
0 0.513021 0.347222 0.0197917 0.0759259 0.258074
0 0.575521 0.350926 0.0177083 0.0648148 0.263225
0 0.470833 0.35463 0.0270833 0.101852 0.263287
0 0.488542 0.372222 0.0291667 0.122222 0.266729
0 0.441146 0.37037 0.0302083 0.137037 0.274232
0 0.513021 0.342593 0.0177083 0.0703704 0.278503
0 0.513021 0.347222 0.0197917 0.0796296 0.283305
0 0.0109375 0.387037 0.021875 0.151852 0.283642
0 0.470833 0.35463 0.0270833 0.101852 0.284384
0 0.209375 0.450926 0.0895833 0.435185 0.285113
0 0.209896 0.450926 0.0885417 0.435185 0.286936
0 0.209896 0.45 0.0885417 0.440741 0.290139
0 0.5125 0.342593 0.0166667 0.0703704 0.292146
0 0.470833 0.35463 0.0270833 0.101852 0.293526
0 0.513542 0.34537 0.01875 0.0796296 0.303391
0 0.576042 0.349074 0.0166667 0.0685185 0.306102
0 0.659375 0.389815 0.0458333 0.227778 0.310503
0 0.513021 0.346296 0.0197917 0.0777778 0.311909
0 0.0114583 0.383333 0.0229167 0.148148 0.312485
0 0.328125 0.355556 0.0208333 0.0814815 0.312792
0 0.660937 0.383333 0.0427083 0.225926 0.313855
0 0.659375 0.391667 0.0458333 0.227778 0.317173
0 0.578125 0.349074 0.0166667 0.0685185 0.32233
0 0.0114583 0.382407 0.0229167 0.146296 0.322744
0 0.327604 0.355556 0.021875 0.0814815 0.324209
0 0.659375 0.392593 0.0479167 0.22963 0.335715
0 0.489583 0.374074 0.0291667 0.12963 0.336862
0 0.489583 0.375 0.0291667 0.131481 0.337289
0 0.367708 0.337963 0.01875 0.0907407 0.338302
0 0.658854 0.391667 0.0489583 0.231481 0.344176
0 0.577083 0.348148 0.0166667 0.0703704 0.348503
0 0.658854 0.391667 0.0489583 0.227778 0.350597
0 0.328125 0.355556 0.0208333 0.0814815 0.353196
0 0.578125 0.349074 0.0145833 0.0685185 0.355693
0 0.0109375 0.37963 0.021875 0.151852 0.358109
0 0.514583 0.341667 0.0166667 0.0685185 0.358581
0 0.491667 0.375 0.0291667 0.138889 0.358759
0 0.515104 0.340741 0.0177083 0.0666667 0.359235
0 0.514063 0.342593 0.015625 0.0666667 0.361548
0 0.492188 0.375 0.028125 0.142593 0.362072
0 0.576563 0.349074 0.015625 0.0685185 0.367529
0 0.333854 0.352778 0.021875 0.0833333 0.368441
0 0.493229 0.371296 0.0260417 0.124074 0.372591
0 0.660937 0.384259 0.0427083 0.231481 0.373937
0 0.333333 0.352778 0.0208333 0.0833333 0.375209
0 0.33125 0.358333 0.0166667 0.0796296 0.377418
0 0.578125 0.349074 0.0145833 0.0685185 0.379984
0 0.33125 0.358333 0.0166667 0.0796296 0.387747
0 0.6625 0.383333 0.0416667 0.22963 0.389357
0 0.333333 0.352778 0.0208333 0.0833333 0.39062
0 0.608333 0.372222 0.025 0.125926 0.398752
0 0.00885417 0.382407 0.0177083 0.153704 0.400816
0 0.514583 0.342593 0.0166667 0.0666667 0.401976
0 0.576563 0.349074 0.015625 0.0685185 0.405302
0 0.33125 0.357407 0.0166667 0.0777778 0.406025
0 0.513542 0.342593 0.0166667 0.0666667 0.406155
0 0.369792 0.339815 0.0166667 0.087037 0.408522
0 0.492188 0.375 0.028125 0.142593 0.412717
0 0.00885417 0.382407 0.0177083 0.153704 0.417236
0 0.0109375 0.384259 0.021875 0.146296 0.421236
0 0.608333 0.375 0.025 0.131481 0.422069
0 0.369792 0.340741 0.0166667 0.0851852 0.422205
0 0.514063 0.342593 0.015625 0.0666667 0.424479
0 0.641146 0.391667 0.0239583 0.216667 0.425058
0 0.663021 0.382407 0.040625 0.231481 0.428247
0 0.608333 0.372222 0.025 0.133333 0.430654
0 0.577083 0.348148 0.0166667 0.0703704 0.43092
0 0.641146 0.391667 0.0239583 0.212963 0.436021
0 0.491667 0.375 0.0291667 0.138889 0.438359
0 0.369792 0.341667 0.0166667 0.0833333 0.442336
0 0.492188 0.374074 0.028125 0.137037 0.445702
0 0.370833 0.338889 0.01875 0.0851852 0.452094
0 0.370313 0.341667 0.0177083 0.0833333 0.45296
0 0.513542 0.342593 0.0166667 0.0666667 0.460595
0 0.608333 0.373148 0.0270833 0.131481 0.462224
0 0.369792 0.341667 0.0166667 0.0833333 0.463449
0 0.369792 0.340741 0.0166667 0.0851852 0.46441
0 0.608333 0.372222 0.025 0.133333 0.472223
0 0.608333 0.373148 0.025 0.131481 0.47594
0 0.655729 0.389815 0.0552083 0.227778 0.485555
0 0.369792 0.341667 0.01875 0.0833333 0.488339
0 0.492708 0.375926 0.025 0.133333 0.489072
0 0.33125 0.35463 0.01875 0.0796296 0.492693
0 0.657292 0.389815 0.05 0.235185 0.494818
0 0.492708 0.371296 0.025 0.131481 0.496084
0 0.492708 0.371296 0.025 0.127778 0.498668
0 0.657292 0.387963 0.05 0.235185 0.50093
0 0.657292 0.390741 0.05 0.233333 0.515491
0 0.492188 0.375926 0.0260417 0.140741 0.516902
0 0.492188 0.374074 0.0260417 0.137037 0.525857
0 0.608333 0.372222 0.0270833 0.12963 0.527162
0 0.492188 0.375 0.0260417 0.138889 0.532726
0 0.608333 0.372222 0.025 0.12963 0.533475
0 0.329688 0.35463 0.0197917 0.0796296 0.537106
0 0.657812 0.389815 0.053125 0.231481 0.547059
0 0.608854 0.373148 0.0260417 0.131481 0.571637
0 0.657812 0.389815 0.053125 0.231481 0.573071
0 0.330729 0.355556 0.0177083 0.0777778 0.584079
0 0.330729 0.355556 0.0177083 0.0814815 0.597281
0 0.442187 0.375 0.0322917 0.15 0.605422
0 0.608333 0.375 0.025 0.138889 0.607875
0 0.330729 0.355556 0.0177083 0.0814815 0.608713
0 0.608333 0.375 0.025 0.138889 0.610961
0 0.330729 0.355556 0.0177083 0.0814815 0.619081
0 0.608333 0.372222 0.025 0.133333 0.619688
0 0.442187 0.375 0.0322917 0.15 0.622798
0 0.608333 0.373148 0.025 0.131481 0.626348
0 0.608333 0.373148 0.0270833 0.131481 0.633817
0 0.658333 0.388889 0.05 0.22963 0.643713
0 0.441146 0.371296 0.0302083 0.142593 0.650227
0 0.492708 0.374074 0.025 0.137037 0.653909
0 0.441146 0.371296 0.0302083 0.142593 0.654534
0 0.442187 0.373148 0.0322917 0.15 0.659605
0 0.608854 0.373148 0.0260417 0.131481 0.675172
0 0.658333 0.389815 0.0479167 0.231481 0.690432
0 0.659375 0.389815 0.04375 0.231481 0.690581
0 0.492708 0.376852 0.025 0.135185 0.696485
0 0.659375 0.389815 0.04375 0.235185 0.696492
0 0.441146 0.374074 0.0322917 0.148148 0.701029
0 0.492708 0.376852 0.025 0.135185 0.702579
0 0.441146 0.374074 0.0322917 0.148148 0.712815
0 0.658333 0.389815 0.04375 0.231481 0.719051
0 0.211979 0.448148 0.090625 0.437037 0.719284
0 0.658854 0.389815 0.0427083 0.231481 0.724382
0 0.658333 0.388889 0.0479167 0.22963 0.739161
0 0.440625 0.372222 0.0291667 0.155556 0.740711
0 0.441146 0.372222 0.0302083 0.151852 0.742968
0 0.608333 0.373148 0.025 0.131481 0.743058
0 0.211979 0.448148 0.090625 0.437037 0.743323
0 0.441146 0.374074 0.0322917 0.148148 0.757992
0 0.608333 0.372222 0.025 0.133333 0.762443
0 0.608333 0.372222 0.025 0.133333 0.769908
0 0.441146 0.375 0.0302083 0.15 0.793443
0 0.441146 0.374074 0.0302083 0.151852 0.794422
0 0.441146 0.374074 0.0302083 0.151852 0.812044
0 0.440104 0.372222 0.0302083 0.151852 0.841031
0 0.440625 0.372222 0.03125 0.148148 0.848251
0 0.211458 0.449074 0.0875 0.457407 0.85876
0 0.211458 0.45 0.0875 0.448148 0.861806
0 0.2125 0.455556 0.0875 0.448148 0.867873
0 0.2125 0.453704 0.0875 0.448148 0.86864
0 0.210938 0.45 0.0885417 0.451852 0.871382
0 0.211979 0.455556 0.0885417 0.448148 0.873871
0 0.211458 0.449074 0.0875 0.438889 0.882845
0 0.211979 0.45 0.0885417 0.440741 0.883315
0 0.211458 0.449074 0.0875 0.438889 0.884835
0 0.211979 0.45 0.0885417 0.437037 0.888978
