0 0.203125 0.326852 0.0354167 0.183333 0.251146
0 0.621354 0.285185 0.0197917 0.0962963 0.251167
0 0.946354 0.5 0.107292 0.696296 0.254149
0 0.329167 0.282407 0.0270833 0.0648148 0.256145
0 0.425521 0.299074 0.0177083 0.105556 0.256577
0 0.420833 0.298148 0.025 0.1 0.26162
26 0.874479 0.465741 0.040625 0.168519 0.262487
0 0.329167 0.283333 0.0270833 0.062963 0.268588
0 0.422917 0.297222 0.0208333 0.101852 0.270746
26 0.874479 0.448148 0.0427083 0.148148 0.271886
26 0.874479 0.448148 0.0427083 0.148148 0.273207
0 0.329167 0.283333 0.0270833 0.062963 0.27606
0 0.422917 0.298148 0.01875 0.1 0.27651
0 0.425521 0.299074 0.0177083 0.105556 0.277414
0 0.420833 0.297222 0.025 0.0981481 0.278065
0 0.288542 0.289815 0.0479167 0.0981481 0.279078
26 0.873438 0.447222 0.040625 0.142593 0.282076
0 0.0963542 0.317593 0.0260417 0.124074 0.283253
0 0.495313 0.305556 0.0260417 0.140741 0.283288
0 0.494271 0.306481 0.0260417 0.138889 0.287593
0 0.947396 0.50463 0.105208 0.705556 0.287729
0 0.426042 0.298148 0.0166667 0.103704 0.288352
0 0.599479 0.306481 0.0552083 0.131481 0.288827
26 0.873438 0.447222 0.040625 0.142593 0.289806
0 0.557813 0.303704 0.028125 0.12963 0.289919
26 0.875 0.467593 0.0416667 0.157407 0.290381
0 0.423438 0.298148 0.0197917 0.1 0.291851
0 0.496354 0.30463 0.0260417 0.135185 0.29306
0 0.288542 0.290741 0.0458333 0.1 0.295873
0 0.425521 0.299074 0.0177083 0.105556 0.298796
0 0.557292 0.297222 0.0270833 0.124074 0.301563
0 0.298438 0.287037 0.0302083 0.1 0.302727
0 0.286979 0.288889 0.0510417 0.0962963 0.304509
0 0.204167 0.342593 0.0375 0.218519 0.306494
0 0.0963542 0.316667 0.0260417 0.122222 0.307662
26 0.875 0.466667 0.0416667 0.159259 0.30981
26 0.875521 0.466667 0.0427083 0.159259 0.315213
0 0.604167 0.30463 0.0479167 0.127778 0.317466
0 0.6 0.305556 0.0520833 0.12963 0.319201
0 0.204167 0.343519 0.0375 0.22037 0.320023
0 0.273438 0.292593 0.0260417 0.1 0.320568
0 0.296354 0.285185 0.028125 0.0962963 0.320652
26 0.874479 0.450926 0.0427083 0.17963 0.325658
26 0.875 0.451852 0.04375 0.177778 0.32608
0 0.272396 0.294444 0.0239583 0.0851852 0.329478
0 0.298438 0.287037 0.0302083 0.1 0.331475
26 0.875 0.451852 0.04375 0.181481 0.331882
0 0.0958333 0.315741 0.025 0.12037 0.332577
0 0.273438 0.292593 0.0260417 0.1 0.335354
0 0.296354 0.285185 0.028125 0.1 0.33917
0 0.329167 0.285185 0.0270833 0.0703704 0.341451
0 0.953125 0.503704 0.09375 0.703704 0.342557
0 0.296354 0.285185 0.028125 0.1 0.345073
0 0.0963542 0.316667 0.0260417 0.122222 0.345775
0 0.298438 0.286111 0.0302083 0.0981481 0.348365
0 0.947917 0.50463 0.104167 0.701852 0.348983
0 0.557292 0.297222 0.0270833 0.124074 0.349206
0 0.421875 0.299074 0.0229167 0.101852 0.36152
0 0.0963542 0.317593 0.0260417 0.124074 0.364083
26 0.873958 0.44537 0.0416667 0.187037 0.365151
0 0.273438 0.292593 0.0260417 0.1 0.365159
0 0.296875 0.287037 0.03125 0.1 0.365745
0 0.296875 0.287037 0.0291667 0.103704 0.366435
0 0.495313 0.306481 0.0260417 0.138889 0.367328
0 0.621875 0.292593 0.01875 0.0888889 0.373904
26 0.873958 0.447222 0.0416667 0.190741 0.374703
0 0.557813 0.302778 0.0260417 0.131481 0.377639
0 0.590625 0.314815 0.03125 0.133333 0.378093
0 0.329688 0.287037 0.0260417 0.0740741 0.380382
26 0.873958 0.446296 0.0416667 0.188889 0.381966
0 0.330208 0.287037 0.025 0.0740741 0.394523
0 0.204167 0.331481 0.0354167 0.181481 0.398489
0 0.495833 0.30463 0.025 0.135185 0.401092
0 0.495833 0.30463 0.025 0.127778 0.401448
0 0.948958 0.519444 0.102083 0.653704 0.403465
0 0.203646 0.331481 0.034375 0.181481 0.414424
0 0.0963542 0.318519 0.0260417 0.118519 0.415746
0 0.329688 0.287037 0.0260417 0.0740741 0.416123
0 0.0963542 0.319444 0.0239583 0.12037 0.41767
0 0.621875 0.292593 0.01875 0.0925926 0.419886
0 0.557813 0.297222 0.0260417 0.124074 0.422671
0 0.0963542 0.319444 0.0239583 0.12037 0.423855
0 0.329167 0.285185 0.0270833 0.0666667 0.427418
0 0.953125 0.50463 0.09375 0.705556 0.429315
0 0.591146 0.316667 0.0302083 0.133333 0.432642
0 0.621354 0.292593 0.0177083 0.0925926 0.43415
0 0.203125 0.330556 0.0354167 0.187037 0.454196
0 0.464063 0.319444 0.034375 0.164815 0.45802
0 0.557292 0.298148 0.0270833 0.12963 0.461065
0 0.464063 0.318519 0.034375 0.166667 0.464373
0 0.329688 0.285185 0.0260417 0.0666667 0.468054
0 0.203125 0.327778 0.0354167 0.185185 0.470177
0 0.495833 0.307407 0.0229167 0.12963 0.473712
0 0.203125 0.331481 0.0354167 0.188889 0.476235
0 0.495313 0.303704 0.021875 0.133333 0.483754
0 0.495313 0.305556 0.0239583 0.137037 0.490426
0 0.203125 0.327778 0.0354167 0.185185 0.490822
0 0.096875 0.316667 0.025 0.122222 0.491572
0 0.203125 0.330556 0.0354167 0.187037 0.493318
0 0.0958333 0.316667 0.025 0.122222 0.494287
0 0.832812 0.514815 0.117708 0.640741 0.505444
0 0.296875 0.287037 0.0291667 0.0962963 0.506224
0 0.495313 0.306481 0.021875 0.138889 0.513507
0 0.0963542 0.316667 0.0239583 0.122222 0.517947
0 0.203125 0.327778 0.0354167 0.185185 0.520201
0 0.296875 0.287037 0.0291667 0.1 0.523267
0 0.296354 0.287963 0.0302083 0.0981481 0.524378
0 0.329167 0.286111 0.0270833 0.0685185 0.528465
0 0.296875 0.287963 0.0291667 0.0981481 0.529057
0 0.0963542 0.317593 0.0239583 0.116667 0.531632
0 0.0958333 0.316667 0.025 0.125926 0.533506
0 0.0963542 0.318519 0.0239583 0.118519 0.53728
0 0.0958333 0.315741 0.025 0.124074 0.537636
0 0.329167 0.286111 0.0270833 0.0685185 0.538775
0 0.496354 0.305556 0.0239583 0.133333 0.541066
0 0.495833 0.308333 0.0229167 0.131481 0.541172
0 0.495833 0.30463 0.0229167 0.135185 0.542979
0 0.0963542 0.318519 0.0239583 0.118519 0.546233
0 0.329167 0.286111 0.0270833 0.0685185 0.5464
0 0.557292 0.299074 0.0270833 0.127778 0.551241
0 0.272396 0.297222 0.0239583 0.087037 0.551322
0 0.495833 0.308333 0.0229167 0.131481 0.556703
0 0.557813 0.300926 0.028125 0.131481 0.562206
0 0.297396 0.287037 0.0302083 0.1 0.56436
0 0.203646 0.333333 0.0364583 0.196296 0.56892
0 0.272396 0.297222 0.0239583 0.087037 0.570466
0 0.272396 0.297222 0.0239583 0.087037 0.575811
0 0.621875 0.287037 0.01875 0.0888889 0.579785
0 0.0963542 0.317593 0.0239583 0.124074 0.580266
0 0.591146 0.313889 0.0302083 0.142593 0.582958
0 0.203646 0.333333 0.0364583 0.196296 0.585885
0 0.296875 0.287037 0.03125 0.103704 0.592556
0 0.272917 0.3 0.0229167 0.0888889 0.59446
0 0.464063 0.313889 0.0364583 0.161111 0.595063
0 0.495833 0.303704 0.0229167 0.137037 0.596628
0 0.464583 0.314815 0.0354167 0.159259 0.598371
0 0.297396 0.287037 0.0302083 0.103704 0.604488
0 0.591146 0.313889 0.0302083 0.142593 0.604553
0 0.495833 0.303704 0.0229167 0.137037 0.605658
0 0.272917 0.299074 0.0229167 0.087037 0.610646
0 0.951042 0.509259 0.0979167 0.659259 0.611335
0 0.621875 0.287963 0.01875 0.0907407 0.611653
0 0.203646 0.32963 0.0364583 0.188889 0.615117
0 0.621875 0.287963 0.01875 0.0907407 0.615365
0 0.590104 0.316667 0.0302083 0.140741 0.61732
0 0.203646 0.32963 0.0364583 0.188889 0.619737
0 0.590625 0.316667 0.03125 0.140741 0.61997
0 0.557813 0.300926 0.0260417 0.131481 0.620638
0 0.621875 0.287963 0.01875 0.0944444 0.621372
0 0.272917 0.3 0.0229167 0.0888889 0.622171
0 0.203646 0.32963 0.0364583 0.188889 0.63061
0 0.832812 0.511111 0.119792 0.648148 0.632083
0 0.461979 0.318519 0.0322917 0.159259 0.633826
0 0.95 0.511111 0.1 0.707407 0.63523
0 0.463021 0.321296 0.034375 0.164815 0.637224
0 0.271875 0.297222 0.0229167 0.0833333 0.638119
0 0.461979 0.317593 0.0322917 0.161111 0.643165
0 0.461458 0.323148 0.03125 0.164815 0.644093
0 0.557813 0.300926 0.0260417 0.131481 0.653559
0 0.832292 0.514815 0.11875 0.659259 0.654485
0 0.461458 0.322222 0.03125 0.166667 0.656535
0 0.621875 0.288889 0.01875 0.0962963 0.657238
0 0.463021 0.32037 0.034375 0.159259 0.659085
0 0.622396 0.288889 0.0197917 0.0962963 0.661765
0 0.832812 0.512963 0.117708 0.644444 0.67356
0 0.834375 0.511111 0.125 0.666667 0.675155
0 0.557813 0.299074 0.0260417 0.127778 0.676208
0 0.557813 0.299074 0.0260417 0.131481 0.677747
0 0.463021 0.322222 0.034375 0.162963 0.679618
0 0.463021 0.32037 0.034375 0.159259 0.683277
0 0.557813 0.299074 0.0260417 0.131481 0.685661
0 0.557292 0.299074 0.025 0.124074 0.68806
0 0.557292 0.299074 0.025 0.127778 0.701697
0 0.620833 0.287963 0.0208333 0.0944444 0.711071
0 0.948958 0.512963 0.102083 0.67037 0.712954
0 0.557292 0.3 0.025 0.125926 0.714107
0 0.463021 0.319444 0.034375 0.161111 0.720701
0 0.832292 0.503704 0.120833 0.633333 0.72409
0 0.463021 0.321296 0.034375 0.164815 0.725915
0 0.557292 0.299074 0.025 0.127778 0.731756
0 0.591146 0.316667 0.0302083 0.144444 0.73194
0 0.495833 0.30463 0.0229167 0.135185 0.732223
0 0.621354 0.287963 0.0197917 0.0981481 0.733708
0 0.950521 0.509259 0.0989583 0.703704 0.73623
0 0.834375 0.508333 0.122917 0.661111 0.739851
0 0.591146 0.314815 0.0322917 0.140741 0.742352
0 0.591146 0.316667 0.0302083 0.144444 0.743213
0 0.591146 0.314815 0.0322917 0.140741 0.747723
0 0.832812 0.511111 0.119792 0.648148 0.766862
0 0.950521 0.509259 0.0989583 0.707407 0.771778
0 0.832812 0.507407 0.121875 0.640741 0.774071
0 0.591146 0.314815 0.0322917 0.140741 0.783448
0 0.591146 0.315741 0.0322917 0.142593 0.800612
0 0.950521 0.507407 0.0989583 0.707407 0.803137
0 0.591146 0.315741 0.0322917 0.142593 0.805117
0 0.591146 0.315741 0.0322917 0.142593 0.822876
0 0.834375 0.512963 0.120833 0.659259 0.891241
0 0.832812 0.509259 0.119792 0.655556 0.891363
0 0.833854 0.511111 0.119792 0.655556 0.895796
