0 0.507292 0.335185 0.0166667 0.0666667 0.254736
0 0.488542 0.373148 0.0270833 0.15 0.256859
2 0.246354 0.27963 0.0322917 0.0333333 0.261006
0 0.504167 0.337963 0.0125 0.0722222 0.264309
2 0.246354 0.27963 0.0322917 0.0333333 0.26511
0 0.483854 0.366667 0.034375 0.133333 0.266162
0 0.639063 0.381481 0.0489583 0.218519 0.276087
0 0.466146 0.348148 0.021875 0.107407 0.276874
0 0.503646 0.337037 0.0135417 0.0703704 0.283009
0 0.436979 0.365741 0.0302083 0.138889 0.283671
0 0.436979 0.365741 0.0302083 0.138889 0.284063
2 0.405729 0.316667 0.0322917 0.0518519 0.284349
2 0.405729 0.316667 0.0322917 0.0518519 0.284746
2 0.40625 0.316667 0.0333333 0.0518519 0.287532
0 0.466667 0.348148 0.0208333 0.107407 0.289127
13 0.406771 0.547222 0.0739583 0.161111 0.290112
0 0.484896 0.367593 0.0322917 0.131481 0.293595
13 0.40625 0.548148 0.0729167 0.162963 0.297998
13 0.40625 0.547222 0.0729167 0.161111 0.298896
0 0.0546875 0.374074 0.0302083 0.133333 0.305624
0 0.504687 0.337037 0.015625 0.0703704 0.311777
0 0.0546875 0.374074 0.0302083 0.12963 0.314182
0 0.561979 0.34537 0.015625 0.0685185 0.314186
0 0.610417 0.37037 0.025 0.162963 0.315885
0 0.610417 0.368519 0.0270833 0.144444 0.317079
0 0.488542 0.364815 0.0270833 0.144444 0.317332
0 0.488542 0.365741 0.0270833 0.142593 0.317728
0 0.502604 0.340741 0.0197917 0.0777778 0.319828
0 0.610417 0.37037 0.025 0.162963 0.320805
0 0.639063 0.381481 0.0489583 0.218519 0.321992
13 0.40625 0.547222 0.075 0.161111 0.328319
0 0.638021 0.37963 0.0510417 0.218519 0.334549
0 0.5625 0.34537 0.0166667 0.0722222 0.341722
0 0.5625 0.34537 0.0166667 0.0722222 0.347957
13 0.406771 0.546296 0.0739583 0.162963 0.348441
0 0.504687 0.337037 0.015625 0.0703704 0.356892
0 0.561979 0.341667 0.015625 0.0685185 0.359015
13 0.40625 0.548148 0.0729167 0.159259 0.360993
13 0.406771 0.546296 0.0739583 0.159259 0.368935
13 0.406771 0.548148 0.0739583 0.159259 0.371787
0 0.486979 0.37037 0.0260417 0.137037 0.372123
13 0.406771 0.548148 0.0739583 0.159259 0.372973
0 0.609896 0.366667 0.0239583 0.133333 0.374697
0 0.360417 0.332407 0.01875 0.0833333 0.393457
0 0.360417 0.334259 0.0166667 0.0833333 0.393464
0 0.359896 0.332407 0.0177083 0.0833333 0.393589
13 0.406771 0.546296 0.0739583 0.159259 0.393712
0 0.505208 0.336111 0.0166667 0.0648148 0.394244
0 0.640625 0.383333 0.0416667 0.211111 0.395019
0 0.640625 0.383333 0.0416667 0.207407 0.400754
0 0.5625 0.342593 0.0166667 0.0703704 0.407155
0 0.608854 0.369444 0.0239583 0.131481 0.407491
0 0.504687 0.337963 0.015625 0.0685185 0.4108
0 0.486458 0.37037 0.0270833 0.137037 0.410911
0 0.563021 0.343519 0.015625 0.0685185 0.41218
0 0.360938 0.334259 0.0177083 0.0833333 0.413633
0 0.563021 0.343519 0.015625 0.0685185 0.416456
0 0.609896 0.367593 0.0260417 0.142593 0.42301
0 0.0536458 0.378704 0.0302083 0.131481 0.427658
0 0.5625 0.343519 0.0166667 0.0685185 0.432967
0 0.360417 0.334259 0.0166667 0.0833333 0.43956
0 0.563021 0.342593 0.015625 0.0703704 0.439687
0 0.563021 0.342593 0.0177083 0.0703704 0.441197
0 0.610937 0.366667 0.028125 0.144444 0.442011
0 0.5625 0.342593 0.0166667 0.0703704 0.45063
0 0.563021 0.343519 0.015625 0.0685185 0.452593
0 0.563021 0.343519 0.015625 0.0685185 0.455117
0 0.319792 0.35 0.0208333 0.0851852 0.457353
0 0.319792 0.35 0.0208333 0.0851852 0.464453
0 0.361979 0.332407 0.015625 0.0796296 0.473186
0 0.319792 0.35 0.0208333 0.0851852 0.480663
0 0.611458 0.367593 0.0270833 0.146296 0.487608
0 0.561979 0.343519 0.015625 0.0685185 0.488755
0 0.361979 0.333333 0.0177083 0.0814815 0.495218
0 0.504687 0.337037 0.015625 0.062963 0.495422
0 0.220313 0.428704 0.0989583 0.401852 0.51497
0 0.361458 0.332407 0.0166667 0.0796296 0.518119
0 0.639063 0.37963 0.0427083 0.214815 0.518326
0 0.220313 0.42963 0.0989583 0.4 0.531325
0 0.485938 0.366667 0.028125 0.148148 0.531373
0 0.640625 0.380556 0.0479167 0.212963 0.531736
0 0.220313 0.42963 0.0989583 0.4 0.53193
0 0.486458 0.37037 0.0291667 0.148148 0.533027
0 0.504687 0.337037 0.015625 0.062963 0.53877
0 0.486458 0.37037 0.0291667 0.144444 0.544972
0 0.485938 0.366667 0.028125 0.148148 0.545738
0 0.0546875 0.378704 0.0302083 0.131481 0.562502
0 0.640104 0.37963 0.046875 0.214815 0.567538
0 0.319271 0.34537 0.021875 0.0907407 0.569221
0 0.609896 0.366667 0.0239583 0.140741 0.583469
0 0.609375 0.367593 0.025 0.138889 0.594387
0 0.640104 0.378704 0.046875 0.212963 0.595293
0 0.486458 0.372222 0.0291667 0.148148 0.598819
0 0.610417 0.365741 0.025 0.142593 0.604746
0 0.0541667 0.378704 0.0291667 0.138889 0.606845
0 0.0536458 0.37963 0.0302083 0.137037 0.607268
0 0.434896 0.372222 0.0302083 0.148148 0.613976
0 0.609896 0.365741 0.0260417 0.146296 0.616923
0 0.639063 0.37963 0.0427083 0.214815 0.619214
0 0.0541667 0.375926 0.0291667 0.137037 0.620262
0 0.609896 0.367593 0.0239583 0.142593 0.622931
0 0.609896 0.365741 0.0260417 0.146296 0.624829
0 0.434896 0.372222 0.0302083 0.148148 0.628968
0 0.435417 0.372222 0.0291667 0.148148 0.631282
0 0.0541667 0.375926 0.0291667 0.137037 0.636431
0 0.435937 0.369444 0.0302083 0.15 0.641447
0 0.435937 0.37037 0.0302083 0.148148 0.649407
0 0.319792 0.35 0.0208333 0.0888889 0.658007
0 0.486458 0.37037 0.0291667 0.144444 0.661829
0 0.319271 0.348148 0.0197917 0.0888889 0.672664
0 0.0541667 0.377778 0.0291667 0.140741 0.673282
0 0.0541667 0.375926 0.0291667 0.140741 0.674007
0 0.0541667 0.377778 0.0291667 0.140741 0.676071
0 0.0541667 0.375926 0.0291667 0.137037 0.683886
0 0.0546875 0.375926 0.0302083 0.140741 0.686464
0 0.319271 0.34537 0.021875 0.087037 0.69362
0 0.0541667 0.377778 0.0291667 0.140741 0.695872
0 0.434375 0.37037 0.0291667 0.144444 0.698214
0 0.319792 0.35 0.0208333 0.0925926 0.698822
0 0.434375 0.37037 0.0291667 0.144444 0.699271
0 0.434896 0.37037 0.0302083 0.144444 0.699983
0 0.434896 0.37037 0.0302083 0.144444 0.701001
0 0.486979 0.371296 0.028125 0.146296 0.70202
0 0.486979 0.37037 0.0260417 0.140741 0.705183
0 0.319792 0.35 0.0208333 0.0925926 0.707247
0 0.639063 0.37963 0.0427083 0.214815 0.711886
0 0.486979 0.37037 0.0260417 0.140741 0.719395
0 0.0546875 0.37963 0.0302083 0.137037 0.725032
0 0.639063 0.377778 0.0447917 0.203704 0.728022
0 0.0546875 0.378704 0.0302083 0.135185 0.73019
0 0.486979 0.37037 0.028125 0.144444 0.732487
0 0.0546875 0.375 0.0302083 0.142593 0.733364
0 0.638021 0.37963 0.0447917 0.211111 0.736666
0 0.486458 0.37037 0.0270833 0.140741 0.737119
0 0.486458 0.37037 0.0270833 0.140741 0.740125
0 0.435417 0.37037 0.03125 0.144444 0.744921
0 0.639583 0.378704 0.04375 0.205556 0.748718
0 0.638021 0.37963 0.0447917 0.211111 0.766787
0 0.435417 0.37037 0.0291667 0.144444 0.768621
0 0.221354 0.431481 0.103125 0.4 0.778636
0 0.319792 0.346296 0.0208333 0.0888889 0.783919
0 0.221354 0.431481 0.103125 0.4 0.787998
0 0.638021 0.37963 0.0447917 0.211111 0.788004
0 0.435417 0.37037 0.0291667 0.144444 0.794146
0 0.435417 0.371296 0.0291667 0.146296 0.794389
0 0.641146 0.377778 0.0427083 0.211111 0.801145
0 0.319792 0.346296 0.0208333 0.0888889 0.803385
0 0.641146 0.377778 0.0427083 0.214815 0.803809
0 0.434896 0.368519 0.0302083 0.155556 0.804085
0 0.319792 0.346296 0.0208333 0.0888889 0.80487
0 0.434896 0.368519 0.0302083 0.151852 0.813373
0 0.221875 0.42963 0.102083 0.4 0.820511
0 0.221875 0.428704 0.102083 0.398148 0.830197
0 0.221875 0.42963 0.102083 0.403704 0.833371
0 0.222396 0.428704 0.103125 0.390741 0.861708
0 0.222396 0.42963 0.103125 0.396296 0.879393
0 0.222396 0.42963 0.103125 0.396296 0.887437
0 0.222396 0.427778 0.103125 0.392593 0.901837
0 0.222396 0.427778 0.103125 0.4 0.91221
0 0.221875 0.428704 0.102083 0.401852 0.913178
0 0.221875 0.428704 0.102083 0.401852 0.915213
