0 0.286458 0.315741 0.0270833 0.0907407 0.252681
0 0.95 0.581481 0.1 0.651852 0.253357
0 0.286458 0.315741 0.0270833 0.0907407 0.256175
0 0.491667 0.339815 0.025 0.124074 0.256782
0 0.658333 0.337963 0.0166667 0.087037 0.256832
0 0.532292 0.338889 0.0270833 0.140741 0.260444
0 0.827083 0.582407 0.125 0.646296 0.260567
0 0.595833 0.333333 0.0270833 0.125926 0.262671
0 0.286458 0.315741 0.0270833 0.0907407 0.263037
0 0.53125 0.342593 0.0291667 0.137037 0.264654
0 0.515625 0.348148 0.0395833 0.140741 0.268869
0 0.823438 0.584259 0.130208 0.661111 0.272215
0 0.49375 0.350926 0.03125 0.142593 0.277402
0 0.510417 0.35 0.0270833 0.148148 0.285947
0 0.499479 0.352778 0.0385417 0.142593 0.286818
0 0.289062 0.314815 0.0302083 0.0888889 0.287975
0 0.614062 0.352778 0.046875 0.15 0.288896
0 0.288021 0.313889 0.0302083 0.087037 0.2929
0 0.620833 0.356481 0.0291667 0.138889 0.293237
0 0.620833 0.356481 0.0291667 0.138889 0.294518
0 0.493229 0.350926 0.0322917 0.142593 0.295708
0 0.535937 0.338889 0.028125 0.137037 0.296614
0 0.536979 0.338889 0.028125 0.137037 0.29912
0 0.286979 0.315741 0.028125 0.0907407 0.301633
0 0.288021 0.312963 0.0302083 0.0888889 0.304788
0 0.288021 0.312963 0.0302083 0.0888889 0.307472
0 0.615104 0.352778 0.046875 0.146296 0.31634
0 0.515625 0.348148 0.0354167 0.140741 0.320321
0 0.515625 0.347222 0.0395833 0.142593 0.320658
0 0.531771 0.342593 0.028125 0.137037 0.327517
0 0.498958 0.352778 0.0375 0.142593 0.330253
0 0.595312 0.333333 0.0260417 0.122222 0.344799
0 0.499479 0.351852 0.0385417 0.144444 0.360099
0 0.597396 0.340741 0.0239583 0.122222 0.361894
0 0.379167 0.350926 0.0354167 0.183333 0.367675
0 0.947396 0.591667 0.105208 0.709259 0.369937
0 0.619271 0.356481 0.0302083 0.135185 0.378982
0 0.947396 0.590741 0.105208 0.707407 0.379582
0 0.597396 0.341667 0.0239583 0.124074 0.381959
0 0.379167 0.350926 0.0333333 0.183333 0.384908
0 0.948438 0.59537 0.103125 0.646296 0.387036
0 0.658854 0.328704 0.0177083 0.0944444 0.388538
0 0.596875 0.340741 0.0229167 0.122222 0.399252
0 0.532812 0.338889 0.0260417 0.140741 0.409523
0 0.658854 0.328704 0.0177083 0.0981481 0.421142
0 0.658854 0.328704 0.0177083 0.0981481 0.425415
0 0.596875 0.338889 0.0270833 0.12963 0.4293
0 0.513542 0.347222 0.025 0.146296 0.431643
0 0.511458 0.35 0.0229167 0.148148 0.440724
0 0.827604 0.576852 0.134375 0.65 0.443261
0 0.53125 0.343519 0.0229167 0.131481 0.446031
0 0.596354 0.337037 0.0260417 0.122222 0.44729
0 0.514063 0.346296 0.0239583 0.144444 0.449281
0 0.510417 0.348148 0.0270833 0.151852 0.457446
0 0.61875 0.360185 0.0291667 0.142593 0.463431
0 0.617188 0.357407 0.034375 0.144444 0.464598
0 0.596354 0.337963 0.0260417 0.12037 0.465636
0 0.532812 0.342593 0.0239583 0.12963 0.468466
0 0.61875 0.359259 0.0291667 0.140741 0.472368
0 0.596875 0.338889 0.0270833 0.125926 0.473335
0 0.658854 0.331481 0.0197917 0.0888889 0.47379
0 0.619792 0.358333 0.0291667 0.142593 0.473794
0 0.313542 0.314815 0.0229167 0.0925926 0.477204
0 0.510417 0.348148 0.0270833 0.151852 0.478585
0 0.596354 0.337963 0.0260417 0.12037 0.478986
0 0.531771 0.343519 0.0260417 0.135185 0.481543
0 0.824479 0.581481 0.123958 0.67037 0.482504
0 0.595833 0.333333 0.025 0.122222 0.482781
0 0.619792 0.359259 0.0291667 0.140741 0.486297
0 0.313542 0.314815 0.0229167 0.0925926 0.48856
0 0.827604 0.575926 0.134375 0.651852 0.493948
0 0.314063 0.314815 0.0239583 0.0925926 0.497405
0 0.314583 0.316667 0.0208333 0.0888889 0.497584
0 0.61875 0.358333 0.0333333 0.142593 0.510703
0 0.619271 0.358333 0.0302083 0.138889 0.512594
0 0.314583 0.316667 0.0208333 0.0888889 0.523167
0 0.658854 0.331481 0.0197917 0.0925926 0.523179
0 0.658854 0.331481 0.0197917 0.0888889 0.525576
0 0.596354 0.338889 0.0260417 0.125926 0.534089
0 0.532812 0.341667 0.0239583 0.135185 0.534263
0 0.658333 0.330556 0.01875 0.0944444 0.534819
0 0.532812 0.341667 0.0239583 0.135185 0.535699
0 0.315104 0.318519 0.0197917 0.0851852 0.552801
0 0.619271 0.357407 0.0322917 0.140741 0.554178
0 0.315104 0.318519 0.0197917 0.0851852 0.575117
0 0.315104 0.319444 0.0197917 0.0907407 0.583429
0 0.034375 0.375 0.0416667 0.17963 0.583603
0 0.827604 0.581481 0.126042 0.67037 0.585448
0 0.658854 0.330556 0.0197917 0.0944444 0.586834
0 0.658333 0.330556 0.01875 0.0944444 0.58716
0 0.315104 0.317593 0.0197917 0.0833333 0.589127
0 0.315104 0.319444 0.0197917 0.0907407 0.590812
0 0.314583 0.319444 0.0208333 0.0907407 0.59276
0 0.658333 0.330556 0.01875 0.0981481 0.601869
0 0.53125 0.344444 0.0229167 0.137037 0.610011
0 0.53125 0.343519 0.0229167 0.138889 0.613274
0 0.0354167 0.375 0.0395833 0.17963 0.617687
0 0.0354167 0.371296 0.0416667 0.17963 0.61926
0 0.510417 0.350926 0.0270833 0.146296 0.62101
0 0.0354167 0.375 0.0416667 0.17963 0.62176
0 0.314583 0.315741 0.0208333 0.0907407 0.623057
0 0.0348958 0.372222 0.040625 0.181481 0.625015
0 0.658854 0.330556 0.0197917 0.0981481 0.626685
0 0.510417 0.35 0.0270833 0.148148 0.626858
0 0.0354167 0.37037 0.0416667 0.177778 0.633175
0 0.0348958 0.372222 0.040625 0.181481 0.636176
0 0.949479 0.584259 0.101042 0.675926 0.645246
0 0.95 0.586111 0.1 0.687037 0.647808
0 0.380208 0.35 0.0333333 0.192593 0.65335
0 0.380208 0.35 0.0333333 0.188889 0.657568
0 0.947917 0.591667 0.104167 0.672222 0.664162
0 0.380208 0.35 0.0333333 0.188889 0.673812
0 0.946354 0.574074 0.107292 0.692593 0.681063
0 0.619792 0.356481 0.03125 0.146296 0.712396
0 0.619792 0.356481 0.03125 0.142593 0.713462
0 0.951563 0.590741 0.096875 0.688889 0.714207
0 0.946875 0.575 0.10625 0.694444 0.725336
0 0.826042 0.575926 0.133333 0.640741 0.728969
0 0.380729 0.348148 0.0322917 0.177778 0.747812
0 0.380729 0.347222 0.0322917 0.175926 0.748303
0 0.619792 0.359259 0.03125 0.144444 0.754916
0 0.380729 0.350926 0.0322917 0.183333 0.756817
0 0.944271 0.581481 0.111458 0.711111 0.7569
0 0.826042 0.575 0.133333 0.631481 0.762079
0 0.619792 0.359259 0.03125 0.144444 0.768506
0 0.0354167 0.372222 0.0395833 0.177778 0.773456
0 0.944792 0.581481 0.110417 0.714815 0.77391
0 0.380729 0.35 0.0322917 0.185185 0.773947
0 0.380729 0.350926 0.0322917 0.183333 0.776532
0 0.619792 0.358333 0.03125 0.146296 0.777265
0 0.0354167 0.372222 0.0395833 0.177778 0.787855
0 0.0359375 0.371296 0.040625 0.183333 0.796397
0 0.38125 0.35 0.0333333 0.185185 0.798116
0 0.380729 0.350926 0.034375 0.183333 0.798974
0 0.0348958 0.371296 0.040625 0.17963 0.802087
0 0.379687 0.349074 0.034375 0.187037 0.802471
0 0.0354167 0.371296 0.0395833 0.183333 0.803171
0 0.0354167 0.372222 0.0395833 0.177778 0.803471
0 0.379687 0.349074 0.034375 0.187037 0.810941
0 0.38125 0.35 0.0333333 0.185185 0.81223
0 0.0348958 0.372222 0.0385417 0.177778 0.818094
0 0.825 0.581481 0.133333 0.651852 0.818751
0 0.944271 0.576852 0.111458 0.701852 0.822024
0 0.0348958 0.371296 0.0385417 0.17963 0.826669
0 0.826563 0.580556 0.132292 0.638889 0.839569
0 0.944271 0.577778 0.111458 0.7 0.856284
0 0.825521 0.586111 0.130208 0.672222 0.857636
0 0.825521 0.585185 0.130208 0.67037 0.875696
0 0.826563 0.587037 0.130208 0.685185 0.897133
0 0.826042 0.587963 0.129167 0.683333 0.901133
