0 0.423958 0.322222 0.0354167 0.155556 0.25417
0 0.477083 0.323148 0.0291667 0.135185 0.254633
0 0.594271 0.32037 0.0364583 0.12963 0.256291
1 0.421354 0.382407 0.0322917 0.0796296 0.256333
1 0.422396 0.383333 0.0322917 0.0814815 0.257796
0 0.109896 0.35 0.0302083 0.181481 0.258848
0 0.607813 0.296296 0.0197917 0.0925926 0.258877
0 0.0510417 0.325 0.0270833 0.135185 0.260179
1 0.422396 0.385185 0.0322917 0.0814815 0.265015
0 0.423438 0.322222 0.034375 0.155556 0.265044
0 0.474479 0.317593 0.0302083 0.138889 0.269868
0 0.303646 0.293519 0.0260417 0.0759259 0.275353
0 0.474479 0.317593 0.0302083 0.138889 0.277
1 0.422917 0.384259 0.03125 0.0796296 0.278422
0 0.303646 0.289815 0.0302083 0.0833333 0.278766
0 0.476562 0.316667 0.0302083 0.144444 0.280395
0 0.0505208 0.319444 0.0239583 0.135185 0.280521
0 0.545313 0.315741 0.0302083 0.127778 0.28281
0 0.423438 0.322222 0.034375 0.155556 0.283242
0 0.136979 0.346296 0.034375 0.192593 0.285408
0 0.109375 0.346296 0.0291667 0.185185 0.28654
0 0.259896 0.302778 0.021875 0.087037 0.286852
1 0.422917 0.385185 0.03125 0.0814815 0.287145
0 0.259896 0.302778 0.021875 0.087037 0.289124
0 0.476562 0.323148 0.028125 0.131481 0.292357
0 0.476562 0.315741 0.028125 0.142593 0.292618
0 0.136979 0.34537 0.034375 0.190741 0.293802
0 0.303646 0.293519 0.0260417 0.0759259 0.294327
0 0.110417 0.337037 0.0270833 0.185185 0.294917
0 0.109896 0.35 0.0302083 0.177778 0.296617
0 0.586979 0.326852 0.0260417 0.138889 0.29909
0 0.303646 0.293519 0.0260417 0.0759259 0.300768
0 0.135417 0.35 0.0395833 0.188889 0.301139
0 0.259896 0.302778 0.021875 0.087037 0.304227
0 0.586979 0.325926 0.0260417 0.137037 0.308823
0 0.305208 0.288889 0.0291667 0.0814815 0.309094
0 0.585938 0.325 0.0239583 0.142593 0.311791
0 0.476042 0.316667 0.0291667 0.144444 0.317439
0 0.108854 0.34537 0.028125 0.183333 0.324602
0 0.134896 0.349074 0.0385417 0.190741 0.325839
0 0.0520833 0.322222 0.0270833 0.133333 0.326224
0 0.476042 0.324074 0.0291667 0.137037 0.326732
0 0.476042 0.325 0.0291667 0.135185 0.333094
0 0.113021 0.34537 0.034375 0.183333 0.333687
0 0.596354 0.319444 0.0322917 0.127778 0.340972
0 0.134896 0.35 0.0385417 0.188889 0.342725
0 0.113021 0.341667 0.034375 0.183333 0.345148
0 0.842708 0.536111 0.127083 0.712963 0.347413
0 0.109896 0.35 0.028125 0.177778 0.352575
0 0.113021 0.344444 0.034375 0.181481 0.35314
0 0.0515625 0.324074 0.028125 0.133333 0.353506
0 0.544792 0.316667 0.0291667 0.137037 0.354451
0 0.544792 0.315741 0.0291667 0.135185 0.355124
0 0.113021 0.341667 0.034375 0.183333 0.356864
0 0.477604 0.32037 0.028125 0.133333 0.361129
0 0.304167 0.289815 0.0291667 0.0833333 0.361357
0 0.476562 0.323148 0.028125 0.131481 0.361625
0 0.123438 0.344444 0.053125 0.185185 0.366977
0 0.589063 0.324074 0.028125 0.12963 0.369202
0 0.0510417 0.325 0.025 0.135185 0.376987
0 0.843229 0.55 0.126042 0.755556 0.380454
0 0.588021 0.326852 0.028125 0.138889 0.386567
0 0.109375 0.339815 0.0270833 0.172222 0.388819
0 0.305208 0.287963 0.0291667 0.0796296 0.390265
0 0.109375 0.339815 0.0270833 0.172222 0.391022
0 0.0515625 0.318519 0.0239583 0.122222 0.392114
0 0.95625 0.576852 0.0875 0.746296 0.393597
0 0.108333 0.347222 0.0270833 0.175926 0.395757
0 0.135937 0.337037 0.0385417 0.196296 0.397701
0 0.108333 0.347222 0.0270833 0.175926 0.397958
0 0.0515625 0.324074 0.0260417 0.125926 0.399465
0 0.0515625 0.322222 0.0260417 0.133333 0.404301
0 0.423958 0.319444 0.0333333 0.157407 0.409225
0 0.609375 0.305556 0.01875 0.0888889 0.409434
0 0.0520833 0.318519 0.0229167 0.125926 0.412139
0 0.109375 0.346296 0.0270833 0.181481 0.414045
0 0.125521 0.34537 0.053125 0.187037 0.416349
0 0.423958 0.319444 0.0333333 0.157407 0.41808
0 0.0520833 0.318519 0.0229167 0.125926 0.420838
0 0.0520833 0.324074 0.025 0.125926 0.422636
0 0.135937 0.337963 0.0385417 0.198148 0.424447
0 0.5875 0.327778 0.0270833 0.137037 0.4256
0 0.608854 0.306481 0.0177083 0.0907407 0.425696
0 0.0515625 0.323148 0.0260417 0.135185 0.426848
0 0.477083 0.32037 0.0270833 0.133333 0.427188
0 0.125521 0.343519 0.053125 0.187037 0.428195
0 0.588542 0.324074 0.0291667 0.133333 0.428878
0 0.233854 0.293519 0.0322917 0.112963 0.430824
0 0.258333 0.303704 0.0229167 0.0962963 0.431966
0 0.478125 0.322222 0.0270833 0.133333 0.435514
0 0.589063 0.324074 0.028125 0.133333 0.436926
0 0.304688 0.289815 0.028125 0.0796296 0.439957
0 0.0520833 0.324074 0.025 0.125926 0.440653
0 0.232812 0.293519 0.0322917 0.112963 0.448312
0 0.608854 0.305556 0.0177083 0.0888889 0.449861
0 0.135937 0.337037 0.0385417 0.196296 0.451913
0 0.478125 0.321296 0.025 0.131481 0.452321
0 0.133333 0.342593 0.0395833 0.192593 0.452795
0 0.607813 0.301852 0.0197917 0.0925926 0.452914
0 0.233333 0.293519 0.03125 0.112963 0.453657
0 0.304167 0.289815 0.0291667 0.0796296 0.454142
0 0.304688 0.289815 0.028125 0.0796296 0.456219
0 0.542708 0.312037 0.0270833 0.131481 0.462448
0 0.259375 0.301852 0.0229167 0.0962963 0.47421
0 0.259375 0.302778 0.0208333 0.0944444 0.476621
0 0.133333 0.341667 0.0416667 0.190741 0.479195
0 0.5875 0.326852 0.0270833 0.138889 0.479415
0 0.423438 0.327778 0.034375 0.162963 0.480293
0 0.232812 0.29537 0.0322917 0.109259 0.48139
0 0.588021 0.326852 0.0260417 0.135185 0.483726
0 0.608333 0.303704 0.01875 0.0925926 0.490775
0 0.478646 0.319444 0.0260417 0.124074 0.49862
0 0.607813 0.302778 0.0197917 0.0944444 0.498801
0 0.423438 0.328704 0.034375 0.161111 0.499148
0 0.232812 0.291667 0.034375 0.116667 0.500745
0 0.259896 0.302778 0.021875 0.0981481 0.502063
0 0.478125 0.322222 0.0270833 0.133333 0.502301
0 0.233854 0.291667 0.034375 0.116667 0.503299
0 0.607813 0.301852 0.0197917 0.0925926 0.505257
0 0.232812 0.294444 0.0322917 0.111111 0.506035
0 0.138542 0.337037 0.0333333 0.185185 0.506414
0 0.138542 0.337037 0.0333333 0.185185 0.508294
0 0.232812 0.294444 0.0322917 0.111111 0.508793
0 0.232812 0.291667 0.034375 0.116667 0.512281
0 0.259375 0.303704 0.0208333 0.0962963 0.513211
0 0.607813 0.302778 0.0197917 0.0981481 0.518908
0 0.259375 0.303704 0.0229167 0.0962963 0.520011
0 0.231771 0.288889 0.034375 0.118519 0.521916
0 0.544271 0.315741 0.0302083 0.131481 0.526489
0 0.477604 0.319444 0.0260417 0.131481 0.534947
0 0.231771 0.289815 0.0322917 0.116667 0.536526
0 0.478125 0.322222 0.025 0.12963 0.537456
0 0.23125 0.289815 0.0333333 0.116667 0.53782
0 0.608333 0.302778 0.01875 0.0944444 0.541545
0 0.422917 0.327778 0.0333333 0.162963 0.541754
0 0.259375 0.302778 0.0229167 0.0981481 0.541955
0 0.259375 0.302778 0.0229167 0.0981481 0.54279
0 0.0526042 0.322222 0.0239583 0.125926 0.542857
0 0.479167 0.32037 0.025 0.125926 0.54436
0 0.422917 0.327778 0.0354167 0.162963 0.549621
0 0.479167 0.321296 0.025 0.124074 0.549741
0 0.478125 0.321296 0.025 0.127778 0.550068
0 0.608333 0.303704 0.01875 0.0925926 0.552655
0 0.542708 0.312037 0.025 0.135185 0.555334
0 0.542708 0.312037 0.025 0.135185 0.560712
0 0.0526042 0.323148 0.0239583 0.127778 0.583659
0 0.0520833 0.322222 0.0229167 0.125926 0.583999
0 0.5875 0.327778 0.0270833 0.140741 0.584513
0 0.478125 0.321296 0.025 0.131481 0.585097
0 0.422396 0.327778 0.034375 0.162963 0.587937
0 0.0520833 0.322222 0.025 0.133333 0.590464
0 0.0520833 0.324074 0.025 0.133333 0.594525
0 0.053125 0.321296 0.025 0.127778 0.597196
0 0.423438 0.327778 0.0364583 0.162963 0.601368
0 0.423438 0.327778 0.0364583 0.159259 0.602835
0 0.232292 0.290741 0.0333333 0.118519 0.606975
0 0.54375 0.314815 0.0291667 0.133333 0.609387
0 0.54375 0.314815 0.03125 0.133333 0.612882
0 0.135417 0.338889 0.0375 0.188889 0.618282
0 0.232292 0.290741 0.0333333 0.118519 0.619264
0 0.842708 0.552778 0.116667 0.716667 0.622172
0 0.232812 0.290741 0.0322917 0.114815 0.624778
0 0.053125 0.321296 0.025 0.127778 0.626528
0 0.0526042 0.321296 0.0239583 0.127778 0.629706
0 0.232812 0.290741 0.0322917 0.118519 0.630148
0 0.134375 0.342593 0.0395833 0.196296 0.631274
0 0.135417 0.338889 0.0375 0.188889 0.632093
0 0.5875 0.326852 0.025 0.138889 0.632271
0 0.422917 0.325 0.0333333 0.161111 0.632901
0 0.423438 0.32037 0.034375 0.159259 0.636128
0 0.232812 0.291667 0.0322917 0.116667 0.636676
0 0.423438 0.32037 0.034375 0.159259 0.639516
0 0.134375 0.342593 0.0395833 0.196296 0.64188
0 0.5875 0.327778 0.0270833 0.140741 0.647579
0 0.232812 0.292593 0.0322917 0.114815 0.647975
0 0.422917 0.327778 0.0333333 0.162963 0.649293
0 0.134375 0.342593 0.0395833 0.196296 0.656326
0 0.54375 0.314815 0.0291667 0.133333 0.658112
0 0.953646 0.569444 0.0927083 0.75 0.665072
0 0.422396 0.325 0.034375 0.161111 0.668436
0 0.543229 0.312037 0.028125 0.138889 0.677496
0 0.54375 0.312037 0.0291667 0.138889 0.694672
0 0.422917 0.325 0.0333333 0.161111 0.700975
0 0.842708 0.552778 0.116667 0.716667 0.70604
0 0.543229 0.312037 0.028125 0.138889 0.708194
0 0.543229 0.312037 0.028125 0.138889 0.708415
0 0.842188 0.551852 0.115625 0.711111 0.712317
0 0.54375 0.312963 0.0291667 0.140741 0.729447
0 0.5875 0.327778 0.025 0.140741 0.73849
0 0.54375 0.312037 0.0291667 0.138889 0.740086
0 0.54375 0.312037 0.0291667 0.138889 0.741399
0 0.588021 0.326852 0.028125 0.138889 0.745005
0 0.954167 0.572222 0.0916667 0.751852 0.748658
0 0.5875 0.327778 0.0270833 0.140741 0.749875
0 0.588021 0.325926 0.028125 0.137037 0.749988
0 0.5875 0.327778 0.0270833 0.144444 0.751858
0 0.54375 0.312963 0.0291667 0.140741 0.753738
0 0.54375 0.312963 0.0291667 0.140741 0.754762
0 0.954687 0.57037 0.090625 0.755556 0.757277
0 0.54375 0.315741 0.0291667 0.135185 0.785356
0 0.54375 0.314815 0.0291667 0.137037 0.787109
0 0.422396 0.327778 0.034375 0.162963 0.787389
0 0.422396 0.327778 0.034375 0.159259 0.788234
0 0.842708 0.550926 0.116667 0.716667 0.790902
0 0.954167 0.564815 0.0916667 0.725926 0.813848
0 0.953646 0.560185 0.0927083 0.75 0.813885
0 0.839583 0.553704 0.116667 0.718518 0.818403
0 0.953646 0.559259 0.0927083 0.751852 0.835289
0 0.954167 0.560185 0.0916667 0.753704 0.849242
0 0.954167 0.559259 0.0916667 0.755556 0.872131
0 0.841667 0.552778 0.11875 0.738889 0.874304
0 0.841667 0.553704 0.114583 0.703704 0.881295
0 0.841667 0.553704 0.114583 0.703704 0.886747
