13 0.349479 0.487963 0.176042 0.168519 0.260231
0 0.454167 0.393519 0.0270833 0.142593 0.261525
26 0.816667 0.556481 0.05 0.172222 0.26404
0 0.453125 0.398148 0.0229167 0.122222 0.264511
0 0.477604 0.396296 0.0260417 0.125926 0.265365
13 0.346354 0.508333 0.167708 0.153704 0.266424
26 0.81875 0.572222 0.04375 0.107407 0.26938
0 0.453646 0.399074 0.021875 0.124074 0.270549
0 0.573438 0.387963 0.021875 0.0981481 0.270899
0 0.572917 0.387963 0.0208333 0.0981481 0.271062
24 0.917708 0.578704 0.0916667 0.25 0.27716
0 0.221354 0.392593 0.021875 0.118519 0.278843
0 0.221875 0.393519 0.0208333 0.116667 0.278931
0 0.533333 0.411111 0.0333333 0.148148 0.279123
13 0.346875 0.509259 0.170833 0.159259 0.284161
0 0.920313 0.618519 0.113542 0.551852 0.286317
26 0.81875 0.571296 0.04375 0.116667 0.287294
0 0.221875 0.392593 0.0208333 0.118519 0.2876
0 0.478125 0.396296 0.025 0.12963 0.287815
26 0.818229 0.572222 0.0427083 0.114815 0.288006
0 0.691146 0.448148 0.0489583 0.285185 0.289518
0 0.453646 0.399074 0.021875 0.124074 0.289601
0 0.25625 0.391667 0.0125 0.0833333 0.289901
13 0.345833 0.508333 0.170833 0.153704 0.292198
0 0.338021 0.411111 0.0239583 0.125926 0.294102
0 0.691146 0.437963 0.046875 0.242593 0.29427
0 0.477604 0.396296 0.0260417 0.12963 0.297903
13 0.340104 0.482407 0.169792 0.164815 0.299393
13 0.352083 0.512037 0.170833 0.157407 0.301289
0 0.471875 0.397222 0.0479167 0.127778 0.301939
0 0.128125 0.37963 0.0208333 0.107407 0.30258
26 0.818229 0.562037 0.0447917 0.157407 0.303186
0 0.127604 0.37963 0.021875 0.107407 0.303465
13 0.294792 0.472222 0.08125 0.137037 0.308993
26 0.81875 0.561111 0.0458333 0.155556 0.310329
26 0.819792 0.565741 0.0458333 0.135185 0.311087
13 0.351042 0.505556 0.172917 0.159259 0.311577
0 0.25625 0.391667 0.0145833 0.0833333 0.312267
26 0.818229 0.551852 0.046875 0.17037 0.313949
0 0.127604 0.37963 0.0197917 0.107407 0.31421
13 0.352604 0.512037 0.173958 0.161111 0.316556
0 0.338021 0.412037 0.0239583 0.127778 0.317224
13 0.294792 0.47037 0.08125 0.137037 0.318783
0 0.335417 0.399074 0.0270833 0.146296 0.319571
26 0.818229 0.551852 0.046875 0.17037 0.320917
13 0.294271 0.47037 0.0802083 0.137037 0.321231
13 0.353125 0.512037 0.172917 0.157407 0.321834
26 0.818229 0.551852 0.046875 0.17037 0.325019
13 0.353125 0.485185 0.172917 0.133333 0.325335
13 0.353646 0.484259 0.171875 0.124074 0.32772
13 0.304167 0.472222 0.0979167 0.148148 0.328462
13 0.34375 0.49537 0.175 0.183333 0.328683
13 0.342187 0.480556 0.169792 0.146296 0.328991
0 0.338021 0.411111 0.0239583 0.125926 0.32932
26 0.820312 0.564815 0.0447917 0.137037 0.32988
26 0.820312 0.564815 0.0447917 0.137037 0.331164
0 0.482292 0.394444 0.0270833 0.125926 0.33128
0 0.336979 0.410185 0.028125 0.135185 0.333047
13 0.304167 0.473148 0.1 0.15 0.333162
13 0.304167 0.472222 0.0979167 0.148148 0.333228
0 0.539062 0.410185 0.0260417 0.15 0.333254
0 0.338542 0.412037 0.025 0.12037 0.334156
0 0.538021 0.411111 0.0260417 0.148148 0.336967
0 0.221875 0.387037 0.025 0.114815 0.342392
0 0.533333 0.411111 0.03125 0.144444 0.345466
0 0.922396 0.641667 0.128125 0.65 0.347128
0 0.454167 0.392593 0.0270833 0.144444 0.353532
0 0.338542 0.412963 0.025 0.125926 0.355397
0 0.533333 0.410185 0.0333333 0.15 0.357234
0 0.127604 0.377778 0.021875 0.107407 0.357274
0 0.532812 0.409259 0.034375 0.148148 0.359419
0 0.221354 0.386111 0.0239583 0.112963 0.360359
0 0.453125 0.391667 0.0229167 0.127778 0.362385
0 0.476562 0.397222 0.0427083 0.127778 0.363485
0 0.521875 0.396296 0.0229167 0.122222 0.363946
0 0.338021 0.412037 0.0239583 0.124074 0.364429
0 0.520312 0.390741 0.0177083 0.107407 0.368783
13 0.353646 0.487037 0.171875 0.122222 0.372058
0 0.128125 0.381481 0.0229167 0.1 0.37594
0 0.221354 0.390741 0.021875 0.114815 0.376497
0 0.482812 0.396296 0.0260417 0.12963 0.378534
0 0.453646 0.39537 0.0239583 0.131481 0.382096
0 0.520833 0.390741 0.01875 0.111111 0.384897
13 0.297396 0.468519 0.0864583 0.137037 0.387307
0 0.482812 0.39537 0.0260417 0.127778 0.387508
0 0.128646 0.375926 0.021875 0.111111 0.387609
0 0.336979 0.401852 0.0239583 0.133333 0.389019
0 0.3375 0.409259 0.0270833 0.137037 0.389131
13 0.344271 0.482407 0.173958 0.153704 0.390178
0 0.128125 0.380556 0.0229167 0.101852 0.390809
0 0.476562 0.397222 0.0427083 0.127778 0.394707
0 0.128646 0.380556 0.021875 0.101852 0.395262
0 0.520833 0.390741 0.01875 0.111111 0.398264
13 0.34375 0.482407 0.175 0.146296 0.403563
13 0.34375 0.493519 0.172917 0.175926 0.406683
13 0.351042 0.482407 0.172917 0.135185 0.417009
0 0.922396 0.624074 0.121875 0.618519 0.420824
0 0.519271 0.390741 0.0177083 0.111111 0.421002
0 0.531771 0.412037 0.0302083 0.146296 0.421146
0 0.336458 0.405556 0.0291667 0.137037 0.421418
26 0.819271 0.564815 0.0447917 0.140741 0.429765
0 0.519792 0.390741 0.01875 0.111111 0.431141
0 0.534375 0.412037 0.0333333 0.15 0.434436
0 0.921875 0.640741 0.129167 0.644444 0.436911
26 0.81875 0.564815 0.04375 0.140741 0.440634
13 0.339583 0.475 0.170833 0.146296 0.450481
0 0.519271 0.391667 0.0177083 0.109259 0.456367
26 0.81875 0.564815 0.04375 0.140741 0.465078
0 0.3375 0.405556 0.0229167 0.12963 0.467975
24 0.958854 0.577778 0.0802083 0.244444 0.482855
24 0.958854 0.578704 0.0822917 0.246296 0.48342
24 0.957812 0.575926 0.084375 0.240741 0.483896
0 0.572917 0.393519 0.0208333 0.112963 0.484994
24 0.949479 0.573148 0.096875 0.257407 0.489584
24 0.947917 0.57037 0.1 0.244444 0.490638
24 0.958854 0.577778 0.0802083 0.244444 0.49689
0 0.336458 0.405556 0.0270833 0.137037 0.499457
24 0.951042 0.571296 0.09375 0.242593 0.500105
0 0.454167 0.393519 0.025 0.142593 0.501269
0 0.773958 0.630556 0.120833 0.605556 0.50643
24 0.957292 0.576852 0.0833333 0.242593 0.506933
0 0.534375 0.412963 0.0333333 0.151852 0.508269
0 0.453646 0.392593 0.021875 0.12963 0.508933
0 0.919271 0.65 0.146875 0.625926 0.508946
24 0.949479 0.574074 0.096875 0.255556 0.509733
0 0.534896 0.411111 0.034375 0.148148 0.515438
0 0.336979 0.410185 0.0239583 0.135185 0.517533
0 0.222396 0.385185 0.021875 0.118519 0.520494
24 0.949479 0.572222 0.096875 0.255556 0.523124
0 0.222396 0.386111 0.021875 0.116667 0.524973
0 0.91875 0.648148 0.1375 0.611111 0.52604
0 0.221875 0.386111 0.0208333 0.109259 0.528195
0 0.222396 0.386111 0.021875 0.116667 0.530314
0 0.690625 0.437037 0.0479167 0.259259 0.533254
0 0.535937 0.412963 0.028125 0.148148 0.535515
0 0.535417 0.412963 0.0270833 0.148148 0.537148
0 0.773438 0.633333 0.121875 0.596296 0.540349
0 0.572917 0.39537 0.0208333 0.105556 0.540822
0 0.483333 0.398148 0.0291667 0.12963 0.559008
0 0.572917 0.394444 0.0208333 0.107407 0.56039
0 0.572917 0.394444 0.0208333 0.107407 0.560929
0 0.453646 0.390741 0.021875 0.140741 0.568943
0 0.453125 0.390741 0.0229167 0.140741 0.571608
0 0.3375 0.40463 0.0229167 0.135185 0.572027
0 0.336979 0.40463 0.0260417 0.135185 0.573811
0 0.484375 0.394444 0.0291667 0.125926 0.577615
0 0.3375 0.403704 0.0229167 0.133333 0.578014
0 0.453646 0.394444 0.021875 0.133333 0.580052
0 0.484896 0.394444 0.028125 0.125926 0.585299
0 0.484896 0.394444 0.028125 0.125926 0.594443
0 0.453646 0.393519 0.021875 0.131481 0.598595
0 0.536458 0.412963 0.0291667 0.151852 0.613311
0 0.572396 0.389815 0.021875 0.0981481 0.617329
0 0.336979 0.402778 0.0239583 0.138889 0.62029
0 0.482812 0.397222 0.028125 0.131481 0.620949
0 0.336979 0.402778 0.0239583 0.138889 0.622078
0 0.690625 0.446296 0.0520833 0.274074 0.633507
0 0.482812 0.397222 0.028125 0.127778 0.633961
0 0.772917 0.638889 0.11875 0.622222 0.641807
0 0.482812 0.397222 0.028125 0.127778 0.642407
0 0.919792 0.641667 0.127083 0.65 0.648084
0 0.772917 0.638889 0.116667 0.622222 0.64944
0 0.572396 0.389815 0.021875 0.0981481 0.650528
0 0.482292 0.394444 0.0270833 0.12963 0.650796
0 0.572917 0.393519 0.0208333 0.101852 0.654275
0 0.572396 0.389815 0.021875 0.0981481 0.656578
0 0.571875 0.393519 0.0208333 0.109259 0.658718
0 0.536458 0.412963 0.0291667 0.151852 0.664686
0 0.689062 0.44537 0.0510417 0.268519 0.669892
0 0.482812 0.396296 0.028125 0.12963 0.671478
0 0.919792 0.642593 0.127083 0.648148 0.678244
0 0.536458 0.412963 0.0291667 0.151852 0.682399
0 0.572917 0.393519 0.0208333 0.105556 0.685622
0 0.689583 0.44537 0.05 0.268519 0.688085
0 0.572917 0.393519 0.0208333 0.105556 0.692432
0 0.920833 0.639815 0.133333 0.624074 0.693896
0 0.770833 0.643519 0.11875 0.635185 0.695433
0 0.770833 0.644444 0.11875 0.637037 0.701311
0 0.689062 0.44537 0.0510417 0.268519 0.701483
0 0.535417 0.412037 0.025 0.153704 0.702596
0 0.534896 0.412037 0.0260417 0.15 0.702753
0 0.920313 0.639815 0.134375 0.612963 0.716704
0 0.689583 0.44537 0.05 0.268519 0.717416
0 0.690625 0.44537 0.0479167 0.272222 0.721857
0 0.921875 0.644444 0.129167 0.655556 0.72367
0 0.221875 0.387037 0.0229167 0.111111 0.723702
0 0.689062 0.444444 0.0510417 0.266667 0.725762
0 0.221875 0.387037 0.0229167 0.111111 0.726313
0 0.482812 0.396296 0.028125 0.12963 0.727816
0 0.572396 0.394444 0.021875 0.107407 0.731574
0 0.482292 0.39537 0.0270833 0.127778 0.732725
0 0.921354 0.644444 0.130208 0.651852 0.733034
0 0.482292 0.39537 0.0270833 0.131481 0.739957
0 0.771875 0.643519 0.11875 0.646296 0.743923
0 0.771875 0.643519 0.11875 0.65 0.745646
0 0.221875 0.387037 0.0229167 0.114815 0.747203
0 0.690104 0.443519 0.0489583 0.264815 0.752047
0 0.771875 0.631481 0.120833 0.611111 0.760598
0 0.221875 0.387963 0.0229167 0.112963 0.76091
0 0.690104 0.443519 0.0489583 0.268519 0.761618
0 0.690104 0.444444 0.0489583 0.266667 0.762415
0 0.771354 0.634259 0.121875 0.62037 0.768338
0 0.221354 0.385185 0.021875 0.114815 0.772743
0 0.221354 0.387963 0.021875 0.112963 0.776248
0 0.221354 0.385185 0.021875 0.114815 0.796403
0 0.221354 0.385185 0.021875 0.114815 0.796639
0 0.690625 0.443519 0.0479167 0.272222 0.829667
0 0.771875 0.637037 0.116667 0.622222 0.842219
0 0.690104 0.443519 0.0489583 0.272222 0.845047
0 0.690104 0.444444 0.0489583 0.274074 0.851153
0 0.690104 0.444444 0.0489583 0.27037 0.85816
0 0.771875 0.635185 0.116667 0.622222 0.860505
0 0.772917 0.644444 0.120833 0.637037 0.869819
0 0.772917 0.643519 0.120833 0.635185 0.881362
