0 0.561458 0.340741 0.0145833 0.062963 0.250213
0 0.436458 0.364815 0.03125 0.133333 0.253883
0 0.436458 0.365741 0.03125 0.131481 0.254198
0 0.561979 0.34537 0.015625 0.0648148 0.254783
0 0.563021 0.344444 0.015625 0.062963 0.259474
0 0.358333 0.333333 0.0229167 0.0814815 0.260378
0 0.359896 0.334259 0.0197917 0.0759259 0.26112
0 0.317708 0.349074 0.0229167 0.087037 0.268724
0 0.5625 0.344444 0.0145833 0.062963 0.271417
0 0.563021 0.342593 0.015625 0.062963 0.271425
0 0.317708 0.349074 0.0229167 0.087037 0.275817
0 0.359375 0.339815 0.0166667 0.0759259 0.276496
0 0.608333 0.369444 0.0270833 0.135185 0.282096
0 0.561979 0.341667 0.015625 0.0611111 0.285193
0 0.359896 0.334259 0.0197917 0.0759259 0.288133
2 0.404687 0.314815 0.0322917 0.0444444 0.288342
0 0.563021 0.342593 0.015625 0.0592593 0.291751
0 0.317708 0.35 0.0229167 0.0851852 0.292327
2 0.404687 0.314815 0.0322917 0.0444444 0.293527
2 0.404687 0.314815 0.0322917 0.0444444 0.294773
0 0.638542 0.382407 0.05 0.216667 0.295757
0 0.5625 0.341667 0.0166667 0.0611111 0.298526
0 0.359896 0.334259 0.0197917 0.0759259 0.303498
0 0.5625 0.344444 0.0145833 0.062963 0.309435
0 0.561979 0.342593 0.015625 0.062963 0.314344
0 0.609375 0.366667 0.0270833 0.137037 0.316542
0 0.503646 0.339815 0.015625 0.0648148 0.320265
0 0.561979 0.341667 0.015625 0.0611111 0.325814
0 0.563021 0.342593 0.015625 0.0592593 0.32726
0 0.358854 0.336111 0.0197917 0.0796296 0.332151
0 0.053125 0.383333 0.025 0.12963 0.333201
0 0.504167 0.339815 0.0166667 0.0648148 0.339
0 0.433854 0.368519 0.0302083 0.133333 0.340466
0 0.358854 0.335185 0.0197917 0.0814815 0.340708
0 0.504167 0.339815 0.0145833 0.0648148 0.346804
0 0.639063 0.382407 0.0489583 0.216667 0.348203
0 0.358333 0.334259 0.0208333 0.0796296 0.352908
0 0.638021 0.380556 0.0510417 0.22037 0.354035
0 0.483333 0.369444 0.0354167 0.131481 0.362096
0 0.358854 0.336111 0.0197917 0.0796296 0.366166
0 0.319792 0.350926 0.0208333 0.0833333 0.370047
0 0.483854 0.368519 0.034375 0.133333 0.372024
0 0.319271 0.350926 0.0197917 0.0833333 0.378742
0 0.486979 0.373148 0.0260417 0.135185 0.380224
0 0.609375 0.37037 0.0270833 0.166667 0.382378
0 0.609375 0.371296 0.0270833 0.168519 0.383887
0 0.503646 0.339815 0.015625 0.0648148 0.384065
0 0.319271 0.350926 0.0197917 0.0833333 0.399133
0 0.504167 0.339815 0.0145833 0.0648148 0.401428
0 0.640104 0.383333 0.040625 0.214815 0.412261
0 0.640104 0.383333 0.040625 0.211111 0.42147
0 0.484375 0.37037 0.0333333 0.12963 0.428953
0 0.053125 0.382407 0.025 0.135185 0.433064
0 0.053125 0.382407 0.025 0.135185 0.435408
0 0.503646 0.339815 0.015625 0.0648148 0.436498
0 0.485938 0.373148 0.028125 0.135185 0.440092
0 0.219271 0.42963 0.0947917 0.4 0.44432
0 0.31875 0.344444 0.0208333 0.0925926 0.447881
0 0.21875 0.42963 0.0958333 0.396296 0.451639
0 0.21875 0.42963 0.0958333 0.396296 0.458146
0 0.608854 0.369444 0.0260417 0.135185 0.462261
0 0.609375 0.369444 0.0270833 0.146296 0.49253
0 0.485417 0.368519 0.0291667 0.144444 0.502598
0 0.485938 0.373148 0.0302083 0.142593 0.503376
0 0.485417 0.369444 0.0291667 0.142593 0.511815
0 0.485417 0.372222 0.03125 0.144444 0.513933
0 0.435937 0.369444 0.0302083 0.142593 0.531907
0 0.053125 0.381481 0.0270833 0.12963 0.535099
0 0.435937 0.37037 0.0302083 0.140741 0.537241
0 0.433854 0.372222 0.0302083 0.140741 0.550686
0 0.318229 0.349074 0.021875 0.0907407 0.555868
0 0.053125 0.37963 0.0270833 0.137037 0.562375
0 0.609375 0.368519 0.0270833 0.144444 0.568727
0 0.609896 0.366667 0.028125 0.144444 0.569001
0 0.433854 0.372222 0.0302083 0.140741 0.576571
0 0.433854 0.372222 0.0302083 0.140741 0.580463
0 0.053125 0.382407 0.0270833 0.131481 0.582349
0 0.0526042 0.381481 0.028125 0.137037 0.585877
0 0.053125 0.380556 0.0270833 0.135185 0.597583
0 0.434375 0.37037 0.03125 0.137037 0.600092
0 0.318229 0.348148 0.021875 0.0925926 0.60321
0 0.485417 0.374074 0.03125 0.144444 0.608879
0 0.609896 0.367593 0.028125 0.146296 0.609697
0 0.31875 0.344444 0.0229167 0.0888889 0.612248
0 0.318229 0.348148 0.021875 0.0925926 0.612278
0 0.434375 0.371296 0.03125 0.138889 0.616103
0 0.053125 0.37963 0.0270833 0.137037 0.618667
0 0.640104 0.380556 0.0427083 0.212963 0.620267
0 0.608854 0.368519 0.0260417 0.144444 0.624897
0 0.609375 0.366667 0.0270833 0.148148 0.625809
0 0.640104 0.380556 0.046875 0.216667 0.627826
0 0.609375 0.366667 0.0270833 0.148148 0.630893
0 0.319271 0.349074 0.0197917 0.087037 0.634771
0 0.0526042 0.381481 0.028125 0.137037 0.637041
0 0.0526042 0.37963 0.028125 0.137037 0.637476
0 0.609375 0.366667 0.0270833 0.144444 0.638449
0 0.639583 0.380556 0.0458333 0.216667 0.641188
0 0.053125 0.381481 0.0270833 0.133333 0.64303
0 0.0536458 0.381481 0.0260417 0.133333 0.643969
0 0.640104 0.37963 0.0447917 0.214815 0.646074
0 0.609375 0.366667 0.0270833 0.144444 0.648639
0 0.485938 0.374074 0.0302083 0.140741 0.650309
0 0.609375 0.366667 0.0270833 0.140741 0.655505
0 0.0520833 0.381481 0.0270833 0.137037 0.662332
0 0.433854 0.369444 0.0302083 0.138889 0.682537
0 0.433333 0.369444 0.0291667 0.138889 0.682652
0 0.053125 0.382407 0.0270833 0.135185 0.683259
0 0.434375 0.371296 0.03125 0.138889 0.684047
0 0.0526042 0.37963 0.0260417 0.137037 0.687464
0 0.053125 0.383333 0.0270833 0.133333 0.688707
0 0.486458 0.373148 0.0291667 0.142593 0.691629
0 0.486458 0.373148 0.0291667 0.142593 0.694876
0 0.639583 0.381481 0.04375 0.214815 0.69816
0 0.486458 0.373148 0.0270833 0.138889 0.699417
0 0.0526042 0.380556 0.028125 0.138889 0.704872
0 0.486458 0.372222 0.0270833 0.137037 0.711908
0 0.639063 0.37963 0.0447917 0.203704 0.713394
0 0.319271 0.347222 0.021875 0.087037 0.71849
0 0.434375 0.37037 0.03125 0.137037 0.725787
0 0.639583 0.37963 0.04375 0.207407 0.735098
0 0.434375 0.37037 0.0291667 0.137037 0.743275
0 0.485938 0.373148 0.028125 0.138889 0.744278
0 0.485938 0.373148 0.028125 0.138889 0.744891
0 0.319271 0.348148 0.021875 0.0888889 0.745198
0 0.319271 0.347222 0.021875 0.087037 0.748755
0 0.639583 0.380556 0.04375 0.216667 0.751893
0 0.433333 0.368519 0.0291667 0.148148 0.755636
0 0.434896 0.37037 0.0302083 0.140741 0.757575
0 0.638021 0.380556 0.046875 0.212963 0.769072
0 0.433854 0.368519 0.0302083 0.144444 0.773369
0 0.638542 0.380556 0.0458333 0.212963 0.79339
0 0.219792 0.431481 0.1 0.4 0.809004
0 0.638542 0.380556 0.0458333 0.212963 0.810523
0 0.219792 0.431481 0.1 0.4 0.817165
0 0.640625 0.378704 0.04375 0.212963 0.825436
0 0.640625 0.378704 0.04375 0.216667 0.828232
0 0.219792 0.431481 0.0979167 0.4 0.841337
0 0.220313 0.431481 0.0989583 0.403704 0.846429
0 0.219792 0.431481 0.0979167 0.4 0.848376
0 0.220833 0.430556 0.0979167 0.394444 0.864549
0 0.220313 0.430556 0.0989583 0.394444 0.871046
0 0.220313 0.430556 0.0989583 0.394444 0.873942
0 0.220833 0.430556 0.0979167 0.394444 0.891626
0 0.219792 0.430556 0.0979167 0.398148 0.912142
0 0.220313 0.430556 0.096875 0.398148 0.912838
0 0.220313 0.431481 0.096875 0.4 0.914568
