0 0.376563 0.337963 0.0177083 0.0611111 0.250889
0 0.607292 0.344444 0.0145833 0.0740741 0.254639
0 0.573438 0.392593 0.040625 0.122222 0.258883
0 0.376563 0.340741 0.015625 0.062963 0.260329
0 0.373958 0.338889 0.0166667 0.062963 0.263277
0 0.847917 0.39537 0.0479167 0.224074 0.264725
0 0.557292 0.385185 0.025 0.125926 0.266046
0 0.492708 0.37963 0.0270833 0.155556 0.266433
0 0.374479 0.338889 0.0177083 0.062963 0.270437
0 0.375521 0.337963 0.0177083 0.0685185 0.272417
0 0.847396 0.394444 0.0489583 0.222222 0.27365
0 0.492708 0.37963 0.0291667 0.155556 0.274705
0 0.430208 0.338889 0.0145833 0.0740741 0.279273
0 0.853125 0.394444 0.0375 0.222222 0.284821
0 0.576042 0.396296 0.0375 0.118519 0.289078
0 0.373958 0.338889 0.0166667 0.062963 0.29259
0 0.549479 0.387037 0.0302083 0.122222 0.295789
0 0.55 0.385185 0.03125 0.125926 0.30234
0 0.374479 0.338889 0.015625 0.0703704 0.304959
0 0.855208 0.396296 0.0395833 0.218519 0.306057
0 0.854167 0.39537 0.0395833 0.216667 0.309539
0 0.853125 0.393519 0.0375 0.224074 0.313417
0 0.854167 0.39537 0.0395833 0.216667 0.318582
0 0.494792 0.383333 0.0270833 0.12963 0.319368
0 0.576042 0.392593 0.0375 0.122222 0.319658
0 0.430208 0.335185 0.0166667 0.0740741 0.323729
0 0.653646 0.37037 0.028125 0.133333 0.325672
0 0.576563 0.396296 0.0385417 0.118519 0.328035
0 0.556771 0.384259 0.0260417 0.127778 0.336753
0 0.557813 0.384259 0.0260417 0.127778 0.341777
0 0.429688 0.335185 0.015625 0.0740741 0.346586
0 0.576563 0.397222 0.0385417 0.116667 0.351094
0 0.608854 0.344444 0.0135417 0.0703704 0.356087
0 0.576563 0.393519 0.0385417 0.124074 0.369118
0 0.653646 0.368519 0.0260417 0.12963 0.371667
0 0.579687 0.394444 0.0322917 0.122222 0.373954
0 0.608854 0.343519 0.0135417 0.0685185 0.379029
0 0.00729167 0.366667 0.0145833 0.125926 0.383456
0 0.429688 0.335185 0.015625 0.0740741 0.386489
0 0.579687 0.394444 0.0322917 0.122222 0.388158
0 0.494271 0.383333 0.028125 0.137037 0.390658
0 0.608333 0.344444 0.0125 0.0703704 0.399107
0 0.608333 0.343519 0.0125 0.0685185 0.400365
0 0.653125 0.37037 0.0270833 0.137037 0.433855
0 0.494792 0.381481 0.0270833 0.133333 0.436195
0 0.579687 0.391667 0.0302083 0.124074 0.458473
0 0.0078125 0.367593 0.015625 0.135185 0.462366
0 0.00729167 0.369444 0.0145833 0.131481 0.463459
0 0.495313 0.384259 0.0260417 0.142593 0.464198
0 0.494792 0.384259 0.025 0.142593 0.464847
0 0.00677083 0.368519 0.0135417 0.12963 0.465153
0 0.579687 0.394444 0.0322917 0.122222 0.467313
0 0.653125 0.37037 0.0270833 0.137037 0.47949
0 0.579687 0.392593 0.0302083 0.125926 0.49927
0 0.579687 0.391667 0.0302083 0.124074 0.510351
0 0.846354 0.397222 0.0510417 0.212963 0.510879
0 0.00729167 0.367593 0.0145833 0.135185 0.513508
0 0.653646 0.368519 0.0260417 0.133333 0.515362
0 0.653646 0.368519 0.0260417 0.133333 0.516159
0 0.653125 0.369444 0.0270833 0.135185 0.517404
0 0.579167 0.392593 0.03125 0.125926 0.518037
0 0.579167 0.392593 0.03125 0.125926 0.526945
0 0.846354 0.397222 0.053125 0.216667 0.529874
0 0.579167 0.39537 0.03125 0.12037 0.532032
0 0.845833 0.397222 0.0520833 0.216667 0.535917
0 0.0078125 0.369444 0.015625 0.131481 0.543672
0 0.579167 0.39537 0.03125 0.12037 0.554128
0 0.00677083 0.369444 0.0135417 0.131481 0.55568
0 0.494792 0.383333 0.0291667 0.144444 0.560962
0 0.579167 0.393519 0.03125 0.124074 0.561821
0 0.00729167 0.366667 0.0145833 0.137037 0.573709
0 0.579687 0.396296 0.0322917 0.118519 0.57468
0 0.454688 0.373148 0.034375 0.168519 0.576246
0 0.454688 0.374074 0.034375 0.166667 0.584878
0 0.495313 0.383333 0.0302083 0.148148 0.584883
0 0.653125 0.369444 0.0270833 0.135185 0.606131
0 0.653125 0.37037 0.0270833 0.137037 0.607841
0 0.652604 0.369444 0.0260417 0.131481 0.609396
0 0.653646 0.371296 0.028125 0.135185 0.614422
0 0.845833 0.39537 0.05 0.216667 0.614543
0 0.846875 0.39537 0.05 0.216667 0.628286
0 0.653646 0.369444 0.028125 0.138889 0.637945
0 0.846875 0.39537 0.05 0.216667 0.644629
0 0.653646 0.37037 0.028125 0.137037 0.64472
0 0.454688 0.375 0.0302083 0.164815 0.648621
0 0.454167 0.375 0.0291667 0.168519 0.652994
0 0.495313 0.383333 0.0302083 0.144444 0.661811
0 0.847396 0.39537 0.0510417 0.216667 0.6733
0 0.653125 0.371296 0.0270833 0.135185 0.676294
0 0.847917 0.397222 0.05 0.216667 0.67916
0 0.494271 0.384259 0.028125 0.142593 0.701804
0 0.848958 0.397222 0.0458333 0.212963 0.705641
0 0.653646 0.369444 0.0260417 0.135185 0.708151
0 0.653125 0.369444 0.025 0.131481 0.715699
0 0.847396 0.396296 0.0510417 0.218519 0.717085
0 0.653646 0.369444 0.0260417 0.131481 0.718171
0 0.849479 0.397222 0.0447917 0.216667 0.724208
0 0.847396 0.398148 0.0489583 0.218519 0.725418
0 0.494271 0.384259 0.028125 0.142593 0.725428
0 0.494271 0.382407 0.028125 0.146296 0.726754
0 0.494271 0.384259 0.028125 0.142593 0.72708
0 0.49375 0.384259 0.0291667 0.146296 0.727978
0 0.494271 0.383333 0.028125 0.144444 0.739287
0 0.49375 0.384259 0.0291667 0.146296 0.740031
0 0.653646 0.371296 0.0260417 0.135185 0.75352
0 0.49375 0.384259 0.0291667 0.146296 0.7553
0 0.847396 0.396296 0.0510417 0.218519 0.755397
0 0.847396 0.398148 0.0489583 0.218519 0.757147
0 0.455208 0.376852 0.03125 0.168519 0.766288
0 0.494792 0.382407 0.0270833 0.146296 0.767188
0 0.848437 0.397222 0.0510417 0.212963 0.775444
0 0.494792 0.381481 0.0270833 0.144444 0.776012
0 0.455208 0.377778 0.03125 0.166667 0.786906
0 0.847917 0.397222 0.0520833 0.216667 0.790923
0 0.45625 0.376852 0.0333333 0.168519 0.795552
0 0.455729 0.376852 0.0322917 0.168519 0.805607
0 0.45625 0.376852 0.0333333 0.168519 0.80687
0 0.455208 0.376852 0.03125 0.168519 0.812727
0 0.455208 0.377778 0.0333333 0.166667 0.835987
0 0.455729 0.376852 0.0322917 0.168519 0.840336
0 0.455208 0.377778 0.0333333 0.17037 0.850651
0 0.454688 0.375926 0.0322917 0.17037 0.870656
0 0.454688 0.375 0.0322917 0.172222 0.871776
