0 0.0953125 0.314815 0.0260417 0.122222 0.259299
0 0.494271 0.30463 0.0260417 0.135185 0.261605
26 0.879167 0.457407 0.0395833 0.159259 0.262595
0 0.495313 0.30463 0.0260417 0.135185 0.263196
0 0.495313 0.303704 0.0260417 0.133333 0.264514
0 0.0958333 0.312963 0.025 0.122222 0.266934
0 0.0953125 0.313889 0.0260417 0.124074 0.268465
26 0.879167 0.456481 0.0395833 0.161111 0.271055
0 0.288542 0.287037 0.0458333 0.1 0.273136
0 0.291146 0.287963 0.040625 0.101852 0.273754
26 0.964063 0.487963 0.071875 0.335185 0.277624
0 0.621354 0.285185 0.0197917 0.0962963 0.278259
0 0.329167 0.283333 0.0229167 0.062963 0.281888
0 0.295833 0.286111 0.0291667 0.101852 0.282847
0 0.590625 0.316667 0.0291667 0.133333 0.283232
0 0.329167 0.282407 0.0229167 0.0611111 0.28722
0 0.291667 0.288889 0.0416667 0.103704 0.287461
26 0.879167 0.456481 0.0395833 0.161111 0.287545
0 0.558333 0.302778 0.025 0.131481 0.291913
0 0.621354 0.285185 0.0197917 0.0962963 0.293418
26 0.878125 0.435185 0.0416667 0.203704 0.293531
0 0.621354 0.285185 0.0197917 0.0962963 0.294573
26 0.878125 0.436111 0.0416667 0.205556 0.296048
0 0.0947917 0.313889 0.025 0.124074 0.299438
0 0.329167 0.282407 0.0229167 0.0611111 0.305088
0 0.273438 0.290741 0.0260417 0.0962963 0.308895
26 0.964583 0.484259 0.0708333 0.305556 0.308924
26 0.878125 0.435185 0.0395833 0.203704 0.309052
0 0.0953125 0.317593 0.021875 0.112963 0.310457
0 0.0953125 0.316667 0.0239583 0.114815 0.312936
26 0.879167 0.44537 0.0395833 0.157407 0.31662
26 0.879167 0.444444 0.0395833 0.159259 0.321325
0 0.273438 0.290741 0.0260417 0.1 0.321793
0 0.421354 0.298148 0.0260417 0.103704 0.32187
0 0.295833 0.286111 0.0291667 0.105556 0.32274
0 0.329688 0.285185 0.021875 0.0703704 0.326928
0 0.329167 0.285185 0.0229167 0.0703704 0.32698
0 0.0958333 0.317593 0.0229167 0.112963 0.329213
0 0.951563 0.52037 0.096875 0.651852 0.329215
0 0.296354 0.286111 0.028125 0.101852 0.332617
0 0.423438 0.29537 0.0197917 0.0981481 0.333307
0 0.422917 0.29537 0.0208333 0.101852 0.342572
0 0.557292 0.297222 0.0270833 0.127778 0.344981
0 0.273438 0.290741 0.0260417 0.1 0.345988
0 0.423438 0.29537 0.0197917 0.101852 0.3529
0 0.621875 0.292593 0.01875 0.0925926 0.353024
0 0.295312 0.284259 0.028125 0.0981481 0.35638
0 0.329167 0.286111 0.0229167 0.0685185 0.358373
0 0.2 0.340741 0.0395833 0.222222 0.362714
0 0.494792 0.30463 0.025 0.135185 0.367812
0 0.0953125 0.316667 0.0239583 0.118519 0.370296
0 0.271875 0.294444 0.0229167 0.0814815 0.370357
0 0.295312 0.285185 0.028125 0.1 0.372681
0 0.602083 0.308333 0.0479167 0.131481 0.373134
0 0.494792 0.303704 0.025 0.133333 0.376178
0 0.295312 0.285185 0.028125 0.1 0.379902
0 0.2 0.340741 0.0395833 0.225926 0.380471
0 0.601042 0.308333 0.0458333 0.135185 0.381122
0 0.295312 0.287037 0.0302083 0.103704 0.383666
0 0.329688 0.283333 0.0239583 0.0666667 0.38379
0 0.2 0.339815 0.0395833 0.224074 0.385015
0 0.295833 0.286111 0.0291667 0.105556 0.389325
0 0.95625 0.506481 0.0875 0.694444 0.390201
0 0.4625 0.321296 0.0333333 0.164815 0.397155
0 0.295833 0.286111 0.0291667 0.0944444 0.398029
0 0.601042 0.307407 0.0458333 0.133333 0.402482
0 0.621875 0.291667 0.01875 0.0944444 0.403372
0 0.329688 0.284259 0.0239583 0.0648148 0.406444
0 0.4625 0.32037 0.0333333 0.166667 0.409428
26 0.879687 0.446296 0.0385417 0.177778 0.410355
26 0.879687 0.447222 0.0385417 0.17963 0.412816
0 0.0953125 0.315741 0.021875 0.12037 0.414011
0 0.557292 0.296296 0.0270833 0.125926 0.414259
0 0.295833 0.287037 0.0291667 0.0962963 0.414898
0 0.295312 0.286111 0.028125 0.0981481 0.415159
0 0.621875 0.292593 0.01875 0.0925926 0.416875
0 0.0953125 0.315741 0.021875 0.12037 0.418051
0 0.272396 0.296296 0.0239583 0.0851852 0.418845
0 0.2 0.341667 0.0416667 0.231481 0.421155
0 0.2 0.341667 0.0416667 0.231481 0.425671
26 0.879687 0.447222 0.0385417 0.17963 0.426226
0 0.557813 0.297222 0.028125 0.131481 0.426676
0 0.2 0.341667 0.0416667 0.231481 0.427897
0 0.328646 0.284259 0.0239583 0.0685185 0.434601
0 0.328646 0.283333 0.0239583 0.0666667 0.439121
0 0.591667 0.312963 0.03125 0.133333 0.440814
0 0.272396 0.296296 0.0239583 0.0851852 0.44581
0 0.272396 0.29537 0.0239583 0.0833333 0.453356
0 0.328646 0.284259 0.0239583 0.0648148 0.45777
0 0.420833 0.29537 0.0208333 0.0944444 0.460225
0 0.495313 0.306481 0.0239583 0.127778 0.468367
0 0.0958333 0.314815 0.0229167 0.118519 0.480106
0 0.0953125 0.313889 0.0239583 0.124074 0.483207
0 0.955729 0.506481 0.0885417 0.690741 0.48373
0 0.832292 0.508333 0.1125 0.672222 0.488743
0 0.272917 0.296296 0.025 0.0851852 0.489656
0 0.953646 0.513889 0.0927083 0.698148 0.491457
0 0.295312 0.287037 0.028125 0.103704 0.494511
0 0.419792 0.29537 0.0229167 0.0944444 0.495015
0 0.495313 0.307407 0.021875 0.12963 0.497847
0 0.834375 0.506481 0.116667 0.653704 0.502893
0 0.272917 0.296296 0.025 0.0851852 0.505484
0 0.272917 0.296296 0.025 0.0851852 0.509278
0 0.420833 0.296296 0.0229167 0.0962963 0.51231
0 0.0958333 0.316667 0.0229167 0.114815 0.512621
0 0.495833 0.307407 0.0229167 0.12963 0.515173
0 0.954687 0.508333 0.090625 0.661111 0.515253
0 0.0958333 0.317593 0.0229167 0.116667 0.516736
0 0.557813 0.296296 0.0260417 0.125926 0.517892
0 0.420833 0.297222 0.0229167 0.0981481 0.51805
0 0.0958333 0.317593 0.0229167 0.116667 0.51919
0 0.0958333 0.314815 0.0229167 0.122222 0.521514
0 0.419792 0.296296 0.0229167 0.0962963 0.521995
0 0.420833 0.297222 0.0229167 0.0981481 0.523364
0 0.495313 0.30463 0.0239583 0.127778 0.523659
0 0.557813 0.298148 0.0260417 0.12963 0.526578
0 0.295312 0.286111 0.0302083 0.101852 0.529891
0 0.419792 0.296296 0.0229167 0.0962963 0.533773
0 0.271875 0.29537 0.0229167 0.0833333 0.537567
0 0.591146 0.314815 0.0302083 0.133333 0.537942
0 0.495313 0.305556 0.021875 0.137037 0.543405
0 0.558333 0.3 0.0270833 0.133333 0.544096
0 0.420312 0.299074 0.0239583 0.0981481 0.547548
0 0.495313 0.302778 0.021875 0.131481 0.550763
0 0.295312 0.287037 0.0302083 0.103704 0.557802
0 0.295312 0.287037 0.0302083 0.103704 0.566176
0 0.463021 0.314815 0.0364583 0.162963 0.578189
0 0.463542 0.313889 0.0354167 0.161111 0.578813
0 0.621354 0.286111 0.0197917 0.0907407 0.581211
0 0.495313 0.30463 0.0239583 0.135185 0.58684
0 0.495313 0.30463 0.0239583 0.127778 0.590454
0 0.590625 0.316667 0.0291667 0.137037 0.590856
0 0.495313 0.30463 0.0239583 0.131481 0.590873
0 0.591667 0.312963 0.0291667 0.140741 0.592594
0 0.590625 0.315741 0.0291667 0.135185 0.594943
0 0.591667 0.312963 0.0291667 0.140741 0.609305
0 0.557813 0.3 0.0260417 0.133333 0.611025
0 0.495313 0.302778 0.021875 0.135185 0.612149
0 0.621354 0.287037 0.0197917 0.0925926 0.614625
0 0.495313 0.302778 0.021875 0.135185 0.61583
0 0.951042 0.512037 0.0979167 0.672222 0.617355
0 0.621354 0.287037 0.0197917 0.0925926 0.619043
0 0.621354 0.287963 0.0197917 0.0944444 0.619373
0 0.954167 0.511111 0.0916667 0.696296 0.651929
0 0.621354 0.287963 0.0197917 0.0981481 0.66213
0 0.461979 0.32037 0.034375 0.159259 0.663836
0 0.557813 0.3 0.0260417 0.133333 0.666185
0 0.621875 0.287963 0.0208333 0.0981481 0.670624
0 0.557813 0.298148 0.0260417 0.12963 0.680067
0 0.460417 0.317593 0.03125 0.161111 0.682795
0 0.461458 0.32037 0.0333333 0.159259 0.689689
0 0.557813 0.297222 0.0260417 0.131481 0.689956
0 0.460417 0.318519 0.03125 0.162963 0.690121
0 0.557813 0.297222 0.0260417 0.131481 0.694534
0 0.557292 0.298148 0.025 0.125926 0.699547
0 0.835417 0.509259 0.122917 0.67037 0.705174
0 0.557292 0.299074 0.025 0.127778 0.712339
0 0.461458 0.322222 0.0333333 0.162963 0.713777
0 0.620833 0.287037 0.0208333 0.0962963 0.719589
0 0.557292 0.299074 0.025 0.127778 0.724004
0 0.461979 0.321296 0.034375 0.161111 0.725235
0 0.954167 0.511111 0.0916667 0.7 0.729516
0 0.834896 0.503704 0.119792 0.644444 0.73799
0 0.495313 0.303704 0.0239583 0.133333 0.73935
0 0.621354 0.287963 0.0197917 0.0981481 0.741483
0 0.461458 0.321296 0.0333333 0.161111 0.741663
0 0.460417 0.321296 0.03125 0.164815 0.741842
0 0.557292 0.298148 0.025 0.12963 0.744043
0 0.835417 0.506481 0.122917 0.664815 0.745821
0 0.591667 0.313889 0.03125 0.138889 0.74642
0 0.460417 0.322222 0.03125 0.166667 0.748776
0 0.591667 0.313889 0.03125 0.138889 0.752121
0 0.591667 0.315741 0.03125 0.138889 0.766284
0 0.834896 0.510185 0.117708 0.661111 0.770277
0 0.461458 0.321296 0.0333333 0.164815 0.772132
0 0.591667 0.314815 0.03125 0.140741 0.773132
0 0.954167 0.510185 0.0916667 0.701852 0.777288
0 0.591667 0.312963 0.03125 0.137037 0.786822
0 0.591667 0.314815 0.03125 0.140741 0.802556
0 0.591667 0.314815 0.03125 0.140741 0.803675
0 0.591667 0.314815 0.03125 0.140741 0.820984
0 0.834896 0.510185 0.117708 0.657407 0.845453
0 0.835417 0.507407 0.120833 0.655556 0.865157
0 0.833854 0.502778 0.117708 0.672222 0.877971
0 0.835417 0.508333 0.11875 0.661111 0.902175
0 0.835417 0.506481 0.11875 0.657407 0.906976
