0 0.790625 0.384259 0.0291667 0.142593 0.250108
13 0.373437 0.785185 0.332292 0.411111 0.250813
0 0.790625 0.385185 0.0291667 0.144444 0.256215
0 0.216146 0.381481 0.0197917 0.107407 0.261666
0 0.380208 0.376852 0.0270833 0.124074 0.262953
0 0.428646 0.372222 0.0302083 0.1 0.264868
0 0.241667 0.362037 0.0166667 0.0648148 0.271064
0 0.948438 0.575926 0.103125 0.57037 0.271105
0 0.217187 0.381481 0.0177083 0.107407 0.281319
0 0.217187 0.381481 0.0197917 0.107407 0.282934
0 0.420312 0.376852 0.0239583 0.112963 0.28544
0 0.428646 0.373148 0.028125 0.101852 0.28657
13 0.375521 0.785185 0.332292 0.414815 0.289743
0 0.214583 0.380556 0.01875 0.101852 0.290598
0 0.242708 0.362037 0.0166667 0.0648148 0.290993
0 0.950521 0.565741 0.0989583 0.601852 0.292547
0 0.476562 0.383333 0.028125 0.12963 0.293081
0 0.429167 0.372222 0.0291667 0.103704 0.293355
0 0.479167 0.385185 0.0333333 0.151852 0.298167
0 0.478646 0.385185 0.034375 0.155556 0.30096
0 0.241667 0.362037 0.0166667 0.0648148 0.301292
0 0.380729 0.376852 0.028125 0.12037 0.301831
26 0.885938 0.483333 0.0427083 0.185185 0.302781
26 0.885417 0.482407 0.0416667 0.183333 0.305828
0 0.0583333 0.394444 0.0208333 0.0962963 0.307649
13 0.376042 0.785185 0.333333 0.414815 0.307877
13 0.376042 0.786111 0.333333 0.412963 0.308521
26 0.885938 0.482407 0.0427083 0.183333 0.309505
0 0.0583333 0.394444 0.0208333 0.0962963 0.314029
0 0.241146 0.364815 0.015625 0.0592593 0.314195
0 0.950521 0.566667 0.0989583 0.6 0.317673
0 0.0583333 0.39537 0.0208333 0.0944444 0.318613
0 0.207813 0.385185 0.0177083 0.103704 0.320978
0 0.478646 0.385185 0.034375 0.151852 0.323013
0 0.126563 0.394444 0.0260417 0.118519 0.323883
0 0.380729 0.375 0.0260417 0.12037 0.328119
0 0.477604 0.391667 0.0322917 0.153704 0.329215
0 0.477604 0.392593 0.0322917 0.155556 0.329237
0 0.207813 0.384259 0.0177083 0.101852 0.329373
0 0.477604 0.391667 0.0322917 0.153704 0.334808
0 0.241146 0.364815 0.015625 0.0592593 0.336453
0 0.384375 0.375926 0.0229167 0.118519 0.339681
0 0.207813 0.385185 0.0177083 0.103704 0.34038
0 0.383854 0.375926 0.0239583 0.118519 0.34233
0 0.440625 0.374074 0.0270833 0.0962963 0.347182
0 0.450521 0.372222 0.015625 0.0851852 0.348325
24 0.975521 0.481481 0.0489583 0.218519 0.351401
24 0.975 0.482407 0.05 0.224074 0.352807
0 0.559375 0.387963 0.0333333 0.194444 0.353279
0 0.384375 0.375926 0.0229167 0.118519 0.35519
0 0.380208 0.376852 0.025 0.124074 0.356535
0 0.289583 0.390741 0.03125 0.155556 0.360982
24 0.969792 0.488889 0.0604167 0.225926 0.364878
24 0.975521 0.481481 0.0489583 0.218519 0.365549
0 0.559896 0.386111 0.0322917 0.194444 0.367963
0 0.290104 0.390741 0.0322917 0.155556 0.373693
0 0.45 0.372222 0.0166667 0.0851852 0.376111
0 0.45 0.371296 0.0166667 0.0833333 0.383126
0 0.848437 0.578704 0.103125 0.575926 0.38618
0 0.422917 0.375926 0.0208333 0.111111 0.391014
0 0.422917 0.375926 0.0208333 0.111111 0.391722
24 0.971875 0.482407 0.05625 0.231481 0.397033
0 0.848437 0.578704 0.103125 0.575926 0.398353
0 0.422917 0.375926 0.0208333 0.111111 0.399133
0 0.127604 0.394444 0.0260417 0.114815 0.402755
24 0.971354 0.482407 0.0572917 0.231481 0.40283
0 0.127083 0.39537 0.0270833 0.116667 0.407057
0 0.380729 0.376852 0.0260417 0.12037 0.412427
0 0.290104 0.385185 0.034375 0.144444 0.420722
24 0.971875 0.481481 0.05625 0.22963 0.423367
0 0.127083 0.394444 0.025 0.118519 0.424504
0 0.0572917 0.392593 0.0229167 0.1 0.430604
0 0.289583 0.385185 0.0333333 0.144444 0.431965
0 0.476562 0.384259 0.028125 0.142593 0.441094
0 0.476562 0.384259 0.028125 0.142593 0.44193
0 0.380208 0.371296 0.025 0.116667 0.446134
0 0.380208 0.372222 0.025 0.114815 0.451378
0 0.289583 0.385185 0.0333333 0.144444 0.458797
0 0.379167 0.377778 0.0208333 0.114815 0.460017
0 0.476562 0.392593 0.028125 0.151852 0.464938
0 0.380208 0.373148 0.025 0.116667 0.46606
0 0.379167 0.377778 0.0229167 0.114815 0.466547
0 0.949479 0.562963 0.101042 0.585185 0.471381
0 0.476562 0.391667 0.028125 0.153704 0.471812
0 0.422917 0.376852 0.0208333 0.112963 0.474525
0 0.444271 0.37037 0.0197917 0.0888889 0.480292
0 0.379687 0.377778 0.021875 0.114815 0.493051
0 0.444271 0.37037 0.0197917 0.0925926 0.498708
0 0.444271 0.37037 0.0197917 0.0925926 0.502521
0 0.127083 0.394444 0.025 0.114815 0.504286
0 0.444792 0.371296 0.0208333 0.0944444 0.528818
0 0.380208 0.376852 0.025 0.124074 0.53269
0 0.0578125 0.391667 0.0197917 0.0981481 0.53477
0 0.126563 0.394444 0.0260417 0.114815 0.535957
0 0.947917 0.567593 0.104167 0.590741 0.541658
0 0.853646 0.577778 0.105208 0.574074 0.546685
0 0.0583333 0.391667 0.01875 0.105556 0.55072
0 0.288542 0.386111 0.0333333 0.153704 0.554162
0 0.947917 0.567593 0.104167 0.594444 0.564556
0 0.288542 0.386111 0.0333333 0.153704 0.567097
0 0.289583 0.388889 0.0333333 0.148148 0.569137
0 0.852083 0.578704 0.10625 0.575926 0.570673
0 0.476562 0.389815 0.0322917 0.153704 0.572251
0 0.853646 0.577778 0.105208 0.574074 0.575799
0 0.0588542 0.391667 0.0197917 0.0981481 0.581487
0 0.289583 0.388889 0.0333333 0.148148 0.586876
0 0.444271 0.369444 0.0197917 0.0907407 0.599169
0 0.0583333 0.391667 0.0208333 0.101852 0.601607
0 0.128125 0.39537 0.025 0.116667 0.603566
0 0.477604 0.389815 0.0302083 0.157407 0.605921
0 0.380729 0.375 0.0239583 0.12037 0.60643
0 0.289583 0.387963 0.0333333 0.146296 0.607453
0 0.0583333 0.392593 0.0208333 0.1 0.609989
0 0.0588542 0.392593 0.021875 0.1 0.612712
0 0.444271 0.368519 0.0197917 0.0925926 0.615206
0 0.0583333 0.391667 0.0208333 0.105556 0.617644
0 0.0583333 0.391667 0.0208333 0.105556 0.619193
0 0.128125 0.39537 0.025 0.116667 0.619555
0 0.478125 0.389815 0.03125 0.153704 0.619823
0 0.477604 0.389815 0.0302083 0.157407 0.621005
0 0.444271 0.369444 0.0197917 0.0907407 0.62236
0 0.127604 0.39537 0.0239583 0.116667 0.623572
0 0.95 0.562963 0.1 0.581481 0.636521
0 0.380729 0.375926 0.0239583 0.118519 0.64091
0 0.478646 0.389815 0.0302083 0.153704 0.642026
0 0.127083 0.39537 0.025 0.116667 0.663917
0 0.380208 0.375 0.025 0.116667 0.668405
0 0.380208 0.375 0.025 0.116667 0.669257
0 0.380208 0.375 0.025 0.116667 0.674868
0 0.290625 0.387037 0.0333333 0.151852 0.675345
0 0.127083 0.394444 0.0229167 0.118519 0.679281
0 0.290625 0.386111 0.0333333 0.15 0.679732
0 0.477604 0.389815 0.0322917 0.153704 0.683034
0 0.560417 0.385185 0.0354167 0.181481 0.685094
0 0.127604 0.39537 0.0239583 0.116667 0.686113
0 0.127604 0.39537 0.0239583 0.116667 0.691399
0 0.477604 0.387963 0.0302083 0.157407 0.694604
0 0.289583 0.387037 0.0333333 0.151852 0.696882
0 0.560417 0.385185 0.0354167 0.185185 0.697822
0 0.477083 0.388889 0.03125 0.151852 0.698912
0 0.289583 0.387963 0.0333333 0.15 0.702265
0 0.477604 0.387037 0.0302083 0.159259 0.702598
0 0.289583 0.388889 0.0333333 0.148148 0.70737
0 0.560417 0.384259 0.0354167 0.183333 0.716782
0 0.559896 0.386111 0.034375 0.190741 0.722707
0 0.289583 0.388889 0.0333333 0.148148 0.723221
0 0.852083 0.577778 0.10625 0.574074 0.727846
0 0.559375 0.386111 0.0333333 0.190741 0.728981
0 0.127083 0.39537 0.025 0.112963 0.736956
0 0.477083 0.389815 0.03125 0.15 0.742928
0 0.289583 0.388889 0.0333333 0.148148 0.743553
0 0.127604 0.394444 0.0239583 0.118519 0.74719
0 0.127604 0.393519 0.0239583 0.116667 0.749573
0 0.560417 0.384259 0.0333333 0.194444 0.756278
0 0.127083 0.394444 0.025 0.114815 0.756898
0 0.127604 0.393519 0.0239583 0.116667 0.758917
0 0.852083 0.578704 0.10625 0.568519 0.760857
0 0.560417 0.384259 0.0333333 0.194444 0.762735
0 0.949479 0.557407 0.101042 0.574074 0.77313
0 0.559896 0.386111 0.034375 0.183333 0.785285
0 0.559896 0.386111 0.034375 0.183333 0.794862
0 0.559896 0.386111 0.034375 0.183333 0.795296
0 0.948958 0.559259 0.102083 0.581481 0.798711
0 0.949479 0.568519 0.101042 0.577778 0.808009
0 0.852604 0.577778 0.105208 0.57037 0.818514
0 0.852083 0.568519 0.10625 0.562963 0.837691
0 0.948438 0.561111 0.103125 0.574074 0.841499
0 0.559896 0.387037 0.034375 0.188889 0.841702
0 0.559896 0.385185 0.034375 0.188889 0.846654
0 0.559896 0.386111 0.034375 0.190741 0.849944
0 0.559896 0.387037 0.034375 0.188889 0.850588
0 0.948438 0.561111 0.103125 0.574074 0.854582
0 0.852083 0.572222 0.10625 0.555556 0.862272
0 0.559896 0.387037 0.034375 0.188889 0.863707
0 0.852083 0.57037 0.10625 0.57037 0.865784
0 0.949479 0.568519 0.101042 0.577778 0.867234
0 0.852083 0.572222 0.10625 0.559259 0.867547
