0 0.794792 0.371296 0.0291667 0.101852 0.250056
0 0.0708333 0.39537 0.0208333 0.0907407 0.259751
13 0.409896 0.803704 0.330208 0.366667 0.261201
0 0.217187 0.385185 0.015625 0.0962963 0.261628
0 0.0713542 0.39537 0.0197917 0.0907407 0.263861
0 0.134896 0.393519 0.0197917 0.0981481 0.269356
0 0.0713542 0.39537 0.0197917 0.0907407 0.271255
0 0.218229 0.387037 0.0135417 0.0925926 0.273566
0 0.232812 0.381481 0.021875 0.1 0.277397
0 0.134896 0.393519 0.0197917 0.0981481 0.280958
0 0.791146 0.387037 0.0260417 0.144444 0.282304
13 0.409375 0.805556 0.333333 0.362963 0.282699
0 0.0380208 0.375 0.015625 0.0611111 0.286739
0 0.791146 0.387963 0.0260417 0.142593 0.28781
0 0.792708 0.389815 0.0291667 0.146296 0.290493
13 0.409375 0.80463 0.333333 0.364815 0.296021
0 0.970312 0.536111 0.059375 0.587037 0.297676
0 0.0380208 0.375 0.015625 0.0611111 0.3032
0 0.892187 0.562963 0.113542 0.555556 0.315093
0 0.792188 0.388889 0.028125 0.148148 0.318102
0 0.3 0.384259 0.025 0.124074 0.318231
13 0.398438 0.786111 0.326042 0.416667 0.323212
0 0.297917 0.383333 0.0291667 0.12963 0.324239
0 0.968229 0.55 0.0635417 0.57037 0.328043
0 0.228125 0.386111 0.025 0.101852 0.328656
0 0.790104 0.389815 0.0239583 0.146296 0.328996
0 0.3 0.383333 0.025 0.125926 0.329191
0 0.561458 0.381481 0.0333333 0.177778 0.332461
0 0.409375 0.371296 0.0625 0.12037 0.335597
0 0.216667 0.385185 0.0145833 0.0925926 0.336461
13 0.397917 0.786111 0.325 0.416667 0.344571
0 0.3 0.383333 0.025 0.125926 0.346951
0 0.790104 0.390741 0.0239583 0.144444 0.351376
0 0.486979 0.389815 0.0322917 0.161111 0.352127
0 0.561458 0.381481 0.0333333 0.177778 0.352373
0 0.793229 0.387963 0.0302083 0.146296 0.353202
0 0.23125 0.386111 0.0208333 0.109259 0.357184
0 0.216667 0.386111 0.0145833 0.0944444 0.357568
0 0.230729 0.386111 0.021875 0.101852 0.357621
0 0.561458 0.382407 0.0333333 0.175926 0.358132
0 0.792708 0.389815 0.0270833 0.146296 0.358697
13 0.398958 0.786111 0.325 0.416667 0.360187
0 0.448438 0.372222 0.0239583 0.0962963 0.363238
0 0.23125 0.385185 0.0208333 0.107407 0.367251
0 0.4875 0.390741 0.03125 0.159259 0.367956
0 0.297917 0.383333 0.0270833 0.12963 0.376695
0 0.0692708 0.392593 0.021875 0.1 0.379713
0 0.297917 0.386111 0.025 0.127778 0.381501
0 0.134896 0.398148 0.021875 0.107407 0.386348
0 0.448438 0.372222 0.0239583 0.1 0.387114
0 0.23125 0.385185 0.0208333 0.107407 0.389014
0 0.448438 0.372222 0.0239583 0.1 0.389869
0 0.969271 0.537037 0.0614583 0.574074 0.400942
0 0.793229 0.387037 0.0302083 0.144444 0.41266
0 0.135417 0.397222 0.0166667 0.101852 0.414245
0 0.391146 0.373148 0.028125 0.12037 0.415055
0 0.23125 0.384259 0.0208333 0.105556 0.417454
0 0.297917 0.386111 0.025 0.131481 0.417766
0 0.297917 0.386111 0.025 0.131481 0.421707
0 0.480729 0.392593 0.0427083 0.148148 0.422103
0 0.23125 0.385185 0.0208333 0.107407 0.423224
0 0.134896 0.397222 0.021875 0.105556 0.425655
0 0.430208 0.375926 0.01875 0.118519 0.426401
0 0.23125 0.385185 0.0208333 0.107407 0.426635
0 0.390625 0.374074 0.0270833 0.122222 0.429749
0 0.561979 0.385185 0.0322917 0.185185 0.435416
0 0.429688 0.375 0.0197917 0.116667 0.444579
0 0.793229 0.387963 0.028125 0.146296 0.445312
0 0.452604 0.372222 0.0197917 0.0851852 0.446318
0 0.969792 0.538889 0.0604167 0.551852 0.448941
0 0.297917 0.384259 0.0270833 0.131481 0.450931
0 0.5625 0.384259 0.0333333 0.183333 0.452091
0 0.452604 0.371296 0.0197917 0.087037 0.452279
0 0.135417 0.398148 0.0208333 0.111111 0.452539
0 0.453125 0.374074 0.01875 0.0925926 0.452667
0 0.886458 0.562037 0.102083 0.557407 0.453865
0 0.135417 0.398148 0.0208333 0.111111 0.454725
0 0.134896 0.398148 0.021875 0.111111 0.458892
0 0.429688 0.375926 0.0197917 0.118519 0.464231
0 0.452604 0.371296 0.0197917 0.087037 0.470162
0 0.298958 0.384259 0.0270833 0.127778 0.475534
0 0.134896 0.398148 0.021875 0.114815 0.496904
0 0.391146 0.374074 0.0260417 0.122222 0.5095
0 0.390625 0.373148 0.0270833 0.12037 0.51337
0 0.134896 0.398148 0.021875 0.114815 0.515229
0 0.392188 0.373148 0.028125 0.112963 0.515617
0 0.134896 0.398148 0.021875 0.114815 0.516992
0 0.297917 0.384259 0.0270833 0.131481 0.529592
0 0.0703125 0.390741 0.0197917 0.0962963 0.529712
0 0.297396 0.382407 0.0260417 0.127778 0.532136
0 0.430208 0.372222 0.01875 0.111111 0.53675
0 0.968229 0.546296 0.0635417 0.585185 0.536806
0 0.483854 0.392593 0.0364583 0.151852 0.540146
0 0.485938 0.390741 0.0322917 0.151852 0.546462
0 0.298958 0.383333 0.0270833 0.12963 0.547192
0 0.483854 0.391667 0.0364583 0.15 0.547853
0 0.485938 0.390741 0.0322917 0.151852 0.548603
0 0.451562 0.37037 0.0197917 0.0888889 0.550973
0 0.452083 0.37037 0.01875 0.0888889 0.55428
0 0.390625 0.373148 0.025 0.12037 0.554326
0 0.0713542 0.391667 0.0197917 0.0981481 0.55845
0 0.43125 0.373148 0.0208333 0.112963 0.561279
0 0.390625 0.374074 0.025 0.122222 0.563698
0 0.391667 0.372222 0.0270833 0.111111 0.564675
0 0.390625 0.374074 0.025 0.122222 0.565523
0 0.391667 0.372222 0.0270833 0.111111 0.566031
0 0.430208 0.372222 0.01875 0.114815 0.571887
0 0.452083 0.37037 0.01875 0.0888889 0.57322
0 0.430208 0.372222 0.01875 0.114815 0.573938
0 0.430729 0.374074 0.0197917 0.111111 0.578655
0 0.0708333 0.389815 0.01875 0.0981481 0.580073
0 0.969271 0.551852 0.0614583 0.566667 0.595017
0 0.0708333 0.388889 0.01875 0.1 0.595384
0 0.0708333 0.389815 0.01875 0.101852 0.602506
0 0.96875 0.551852 0.0625 0.566667 0.603079
0 0.0708333 0.391667 0.01875 0.0944444 0.610951
0 0.563542 0.383333 0.0354167 0.177778 0.612369
0 0.563542 0.385185 0.0333333 0.188889 0.614238
0 0.298958 0.382407 0.025 0.124074 0.622073
0 0.563542 0.384259 0.0354167 0.17963 0.625483
0 0.298958 0.382407 0.025 0.124074 0.626013
0 0.564062 0.383333 0.034375 0.177778 0.62613
0 0.298958 0.382407 0.025 0.124074 0.626978
0 0.563021 0.384259 0.0322917 0.187037 0.628855
0 0.391146 0.373148 0.0260417 0.12037 0.631718
0 0.391146 0.374074 0.0260417 0.122222 0.631956
0 0.0713542 0.390741 0.0197917 0.0962963 0.635622
0 0.0713542 0.390741 0.0197917 0.0962963 0.635643
0 0.882812 0.557407 0.101042 0.555556 0.637861
0 0.298438 0.382407 0.0260417 0.127778 0.647684
0 0.969792 0.550926 0.0604167 0.568519 0.655085
0 0.297917 0.383333 0.025 0.12963 0.661554
0 0.430208 0.372222 0.01875 0.114815 0.671529
0 0.430208 0.372222 0.01875 0.114815 0.674669
0 0.430208 0.372222 0.01875 0.114815 0.677959
0 0.298438 0.384259 0.0260417 0.127778 0.684384
0 0.883333 0.557407 0.1 0.555556 0.685254
0 0.298438 0.382407 0.0260417 0.131481 0.692517
0 0.298438 0.382407 0.0260417 0.131481 0.701028
0 0.390625 0.373148 0.025 0.12037 0.704025
0 0.390625 0.372222 0.025 0.122222 0.707385
0 0.390625 0.373148 0.025 0.12037 0.710196
0 0.485417 0.393519 0.0333333 0.153704 0.715664
0 0.485417 0.393519 0.0333333 0.153704 0.720166
0 0.485417 0.393519 0.0333333 0.153704 0.720442
0 0.485938 0.394444 0.0322917 0.155556 0.735456
0 0.486458 0.393519 0.0333333 0.153704 0.745359
0 0.486458 0.394444 0.03125 0.159259 0.748985
0 0.96875 0.54537 0.0625 0.564815 0.749177
0 0.485938 0.393519 0.0322917 0.153704 0.768445
0 0.563542 0.384259 0.0354167 0.17963 0.769037
0 0.563542 0.384259 0.0354167 0.17963 0.781345
0 0.485938 0.393519 0.0322917 0.153704 0.789643
0 0.96875 0.544444 0.0625 0.574074 0.789858
0 0.563542 0.384259 0.0354167 0.17963 0.796734
0 0.484896 0.392593 0.0322917 0.159259 0.807117
0 0.484896 0.392593 0.0322917 0.162963 0.811185
0 0.5625 0.382407 0.0333333 0.175926 0.822348
0 0.5625 0.382407 0.0333333 0.17963 0.828269
0 0.883333 0.562037 0.1 0.564815 0.836012
0 0.882292 0.564815 0.102083 0.577778 0.840195
0 0.882812 0.565741 0.101042 0.572222 0.846558
0 0.563542 0.383333 0.0354167 0.181481 0.847839
0 0.969271 0.546296 0.0614583 0.581481 0.849161
0 0.563021 0.384259 0.034375 0.17963 0.849176
0 0.96875 0.548148 0.0625 0.57037 0.850687
0 0.563542 0.383333 0.0354167 0.181481 0.850691
0 0.563021 0.384259 0.034375 0.17963 0.860943
0 0.96875 0.548148 0.0625 0.566667 0.868087
0 0.563021 0.384259 0.034375 0.17963 0.872245
0 0.882812 0.562037 0.101042 0.568519 0.874134
0 0.882812 0.562037 0.101042 0.568519 0.874855
0 0.883333 0.561111 0.1 0.566667 0.877873
0 0.882292 0.562037 0.102083 0.583333 0.90729
0 0.882812 0.562963 0.101042 0.585185 0.909282
