0 0.367188 0.322222 0.0177083 0.0814815 0.254778
0 0.642187 0.369444 0.034375 0.175926 0.256149
24 0.654167 0.340741 0.01875 0.062963 0.257034
0 0.641667 0.369444 0.0354167 0.175926 0.257324
24 0.654167 0.340741 0.01875 0.062963 0.259052
0 0.290625 0.342593 0.0354167 0.107407 0.259835
0 0.485938 0.343519 0.0177083 0.0796296 0.259939
0 0.521875 0.346296 0.0208333 0.103704 0.265828
0 0.484896 0.339815 0.0177083 0.0833333 0.270081
0 0.641667 0.369444 0.0354167 0.175926 0.276115
0 0.366146 0.325 0.0177083 0.0759259 0.278173
0 0.485938 0.342593 0.0177083 0.0777778 0.280362
0 0.484896 0.339815 0.0197917 0.0833333 0.304105
0 0.64375 0.364815 0.0395833 0.185185 0.306508
0 0.525521 0.32963 0.015625 0.062963 0.310351
0 0.128125 0.346296 0.0291667 0.111111 0.311378
0 0.485417 0.339815 0.01875 0.0833333 0.316661
0 0.204688 0.410185 0.0947917 0.346296 0.31708
0 0.204688 0.412037 0.0947917 0.346296 0.32113
0 0.126042 0.352778 0.03125 0.131481 0.322798
0 0.126563 0.357407 0.0322917 0.144444 0.322999
0 0.465104 0.359259 0.0260417 0.137037 0.324762
0 0.364583 0.32963 0.0145833 0.0777778 0.325362
0 0.640104 0.365741 0.0322917 0.183333 0.328829
0 0.127083 0.357407 0.03125 0.144444 0.329354
0 0.525521 0.32963 0.015625 0.062963 0.333863
0 0.365104 0.32963 0.015625 0.0777778 0.336067
0 0.640104 0.365741 0.0322917 0.183333 0.339798
0 0.128125 0.346296 0.0291667 0.111111 0.342035
0 0.128125 0.346296 0.0291667 0.111111 0.344109
0 0.127083 0.349074 0.03125 0.124074 0.345375
0 0.640104 0.362963 0.034375 0.188889 0.364013
0 0.367188 0.328704 0.0177083 0.0722222 0.36742
0 0.508333 0.361111 0.025 0.137037 0.372177
0 0.364583 0.330556 0.0145833 0.0759259 0.377444
0 0.640625 0.363889 0.0333333 0.190741 0.387154
0 0.126563 0.357407 0.0322917 0.144444 0.398014
0 0.341146 0.335185 0.0239583 0.0777778 0.401894
0 0.464583 0.359259 0.0270833 0.133333 0.410974
0 0.511458 0.359259 0.0291667 0.12963 0.417609
0 0.367708 0.328704 0.0166667 0.0722222 0.428928
0 0.291146 0.348148 0.034375 0.103704 0.434171
0 0.291667 0.348148 0.0354167 0.103704 0.448136
0 0.340104 0.336111 0.0177083 0.0759259 0.451641
0 0.339583 0.336111 0.01875 0.0759259 0.457596
0 0.367708 0.327778 0.0166667 0.0703704 0.458345
0 0.291667 0.348148 0.0354167 0.103704 0.474347
0 0.340104 0.336111 0.0177083 0.0759259 0.476988
0 0.641667 0.363889 0.0375 0.183333 0.485737
0 0.127083 0.353704 0.03125 0.133333 0.496437
0 0.127083 0.353704 0.03125 0.133333 0.500833
0 0.126042 0.352778 0.03125 0.138889 0.511395
0 0.126042 0.352778 0.03125 0.138889 0.522781
0 0.508333 0.362037 0.0291667 0.135185 0.540957
0 0.511458 0.360185 0.0291667 0.135185 0.547269
0 0.510417 0.360185 0.0291667 0.135185 0.551987
0 0.126563 0.353704 0.0302083 0.133333 0.552996
0 0.508333 0.361111 0.0270833 0.12963 0.554746
0 0.126042 0.35463 0.03125 0.135185 0.559124
0 0.126563 0.352778 0.0302083 0.135185 0.567597
0 0.643229 0.363889 0.0385417 0.190741 0.570018
0 0.340104 0.334259 0.0177083 0.0759259 0.570893
0 0.291667 0.348148 0.0333333 0.107407 0.573656
0 0.126563 0.35463 0.0302083 0.135185 0.577391
0 0.641146 0.363889 0.0364583 0.183333 0.579397
0 0.292188 0.34537 0.034375 0.112963 0.583308
0 0.126563 0.352778 0.0302083 0.135185 0.583817
0 0.292188 0.34537 0.034375 0.112963 0.587102
0 0.643229 0.364815 0.0385417 0.188889 0.593664
0 0.126042 0.353704 0.03125 0.137037 0.595553
0 0.291667 0.347222 0.0333333 0.109259 0.597624
0 0.507812 0.362037 0.028125 0.135185 0.602782
0 0.292188 0.348148 0.034375 0.107407 0.604315
0 0.204688 0.408333 0.0947917 0.35 0.610405
0 0.338542 0.332407 0.01875 0.0833333 0.619949
0 0.508333 0.362037 0.0291667 0.135185 0.620149
0 0.291667 0.347222 0.0333333 0.109259 0.623412
0 0.508333 0.362963 0.0291667 0.137037 0.632107
0 0.464583 0.361111 0.0270833 0.151852 0.644049
0 0.508333 0.360185 0.025 0.142593 0.644877
0 0.204688 0.408333 0.0947917 0.346296 0.646738
0 0.291667 0.347222 0.0333333 0.109259 0.64721
0 0.291667 0.34537 0.0354167 0.112963 0.647688
0 0.465104 0.360185 0.028125 0.15 0.654762
0 0.508333 0.361111 0.025 0.140741 0.654771
0 0.291667 0.347222 0.0333333 0.109259 0.658977
0 0.641146 0.364815 0.0364583 0.185185 0.661518
0 0.339063 0.332407 0.0197917 0.0833333 0.662194
0 0.203646 0.408333 0.0927083 0.35 0.66268
0 0.203646 0.407407 0.0927083 0.348148 0.665736
0 0.339063 0.333333 0.0197917 0.0814815 0.667903
0 0.291667 0.347222 0.0333333 0.105556 0.671525
0 0.203646 0.407407 0.0927083 0.348148 0.673974
0 0.339583 0.334259 0.01875 0.0796296 0.681067
0 0.508333 0.360185 0.0270833 0.135185 0.685341
0 0.507812 0.361111 0.0260417 0.133333 0.687059
0 0.508854 0.362037 0.028125 0.138889 0.687818
0 0.291667 0.347222 0.0333333 0.105556 0.69188
0 0.465104 0.362037 0.028125 0.146296 0.695055
0 0.339583 0.334259 0.01875 0.0796296 0.70882
0 0.291667 0.347222 0.0333333 0.105556 0.710577
0 0.641667 0.365741 0.0354167 0.187037 0.714608
0 0.641146 0.364815 0.034375 0.185185 0.720085
0 0.291146 0.346296 0.034375 0.107407 0.721186
0 0.339063 0.335185 0.0197917 0.0814815 0.729132
0 0.291146 0.346296 0.034375 0.107407 0.73189
0 0.339583 0.334259 0.01875 0.0796296 0.732116
0 0.640625 0.365741 0.0354167 0.187037 0.734986
0 0.640625 0.362963 0.03125 0.181481 0.739884
0 0.465104 0.359259 0.028125 0.148148 0.744258
0 0.291146 0.346296 0.034375 0.107407 0.745084
0 0.465625 0.359259 0.0270833 0.148148 0.745871
0 0.640625 0.362963 0.03125 0.181481 0.748947
0 0.465104 0.362037 0.028125 0.146296 0.752021
0 0.465104 0.362037 0.028125 0.146296 0.753852
0 0.464583 0.362037 0.0270833 0.146296 0.758131
0 0.508333 0.362963 0.0270833 0.137037 0.776043
0 0.465104 0.361111 0.028125 0.148148 0.780159
0 0.465104 0.362037 0.028125 0.146296 0.796584
0 0.205729 0.410185 0.0947917 0.342593 0.80885
0 0.464063 0.359259 0.028125 0.148148 0.811916
0 0.464583 0.359259 0.0291667 0.144444 0.81524
0 0.205208 0.410185 0.09375 0.342593 0.824277
0 0.205208 0.409259 0.0958333 0.344444 0.880163
0 0.205729 0.410185 0.0947917 0.35 0.884447
0 0.205208 0.410185 0.0958333 0.35 0.886574
0 0.205208 0.410185 0.0958333 0.35 0.891556
0 0.205208 0.409259 0.0958333 0.344444 0.891943
0 0.205729 0.409259 0.0947917 0.348148 0.900664
0 0.205729 0.409259 0.0947917 0.348148 0.900975
0 0.205208 0.409259 0.09375 0.344444 0.901877
