0 0.440625 0.369444 0.0270833 0.135185 0.252002
0 0.440625 0.37037 0.0270833 0.137037 0.25219
13 0.164062 0.496296 0.159375 0.166667 0.252219
0 0.375521 0.337037 0.0135417 0.0592593 0.253053
0 0.195833 0.337037 0.06875 0.159259 0.25377
13 0.364583 0.55463 0.0979167 0.112963 0.257511
0 0.267188 0.346296 0.0239583 0.0777778 0.257673
0 0.45625 0.353704 0.0166667 0.0814815 0.258936
0 0.95 0.614815 0.1 0.766667 0.260112
13 0.364583 0.55463 0.0979167 0.112963 0.264373
0 0.266146 0.344444 0.040625 0.0814815 0.265451
0 0.467708 0.369444 0.0479167 0.131481 0.26588
0 0.95 0.613889 0.1 0.761111 0.2677
0 0.375521 0.334259 0.015625 0.0648148 0.272118
13 0.416667 0.458333 0.0416667 0.087037 0.273516
13 0.364583 0.555556 0.0979167 0.111111 0.27355
13 0.417708 0.459259 0.0416667 0.0851852 0.280478
0 0.443229 0.359259 0.0260417 0.103704 0.280525
0 0.561458 0.372222 0.03125 0.155556 0.282449
13 0.357292 0.555556 0.1125 0.114815 0.285575
13 0.417708 0.459259 0.0416667 0.0851852 0.285917
13 0.164062 0.498148 0.157292 0.162963 0.287925
13 0.358333 0.555556 0.114583 0.114815 0.291762
13 0.357812 0.555556 0.115625 0.114815 0.29267
13 0.164583 0.496296 0.158333 0.162963 0.295278
0 0.561458 0.372222 0.03125 0.155556 0.297344
0 0.267188 0.34537 0.0239583 0.0796296 0.298516
0 0.267188 0.34537 0.0239583 0.0759259 0.303008
13 0.417708 0.457407 0.0416667 0.0888889 0.303703
0 0.561458 0.373148 0.03125 0.157407 0.30619
0 0.376563 0.337963 0.009375 0.0648148 0.313098
0 0.28125 0.344444 0.0229167 0.0777778 0.313923
0 0.267188 0.34537 0.0239583 0.0759259 0.314254
0 0.259375 0.344444 0.0270833 0.0814815 0.316179
0 0.257292 0.343519 0.0270833 0.0833333 0.317993
0 0.376563 0.337037 0.009375 0.062963 0.321567
0 0.256771 0.341667 0.0260417 0.0833333 0.323647
0 0.653646 0.360185 0.0197917 0.0944444 0.328593
0 0.259375 0.343519 0.0270833 0.0796296 0.330556
13 0.363542 0.55463 0.104167 0.109259 0.332057
0 0.259375 0.343519 0.0270833 0.0796296 0.332663
0 0.257812 0.342593 0.028125 0.0851852 0.332676
0 0.282292 0.343519 0.0208333 0.0796296 0.332939
0 0.281771 0.343519 0.021875 0.0796296 0.334453
0 0.257292 0.342593 0.0270833 0.0851852 0.334911
0 0.951042 0.643519 0.0958333 0.709259 0.336529
0 0.654167 0.359259 0.01875 0.0962963 0.336699
13 0.359896 0.555556 0.103125 0.107407 0.337565
0 0.658333 0.359259 0.0208333 0.0962963 0.342119
13 0.417188 0.459259 0.040625 0.0814815 0.342693
0 0.951042 0.642593 0.0958333 0.711111 0.34568
13 0.417188 0.460185 0.040625 0.0833333 0.347684
0 0.658333 0.359259 0.0208333 0.1 0.349676
0 0.282292 0.343519 0.0208333 0.0796296 0.354269
0 0.5625 0.369444 0.03125 0.15 0.35485
0 0.654167 0.359259 0.01875 0.0962963 0.359713
0 0.479688 0.374074 0.0177083 0.125926 0.365926
0 0.658333 0.358333 0.0208333 0.0981481 0.36613
0 0.479167 0.373148 0.01875 0.12037 0.366471
0 0.5625 0.369444 0.03125 0.15 0.371187
13 0.417188 0.457407 0.0385417 0.0851852 0.374403
0 0.376563 0.337963 0.0114583 0.0574074 0.378133
13 0.417188 0.457407 0.0385417 0.0851852 0.384818
13 0.417188 0.457407 0.0385417 0.0851852 0.393727
0 0.192708 0.337037 0.0645833 0.155556 0.402711
0 0.282292 0.344444 0.0208333 0.0777778 0.403718
0 0.479688 0.373148 0.0177083 0.127778 0.405627
0 0.376563 0.337963 0.0114583 0.0574074 0.407346
0 0.951042 0.619444 0.0979167 0.742593 0.409607
0 0.193229 0.337963 0.0635417 0.157407 0.410248
0 0.282292 0.344444 0.0208333 0.0777778 0.410965
0 0.282292 0.344444 0.0208333 0.0777778 0.42334
0 0.608333 0.381481 0.0333333 0.133333 0.423961
0 0.951042 0.619444 0.0979167 0.738889 0.425776
13 0.417188 0.458333 0.040625 0.0833333 0.42699
13 0.416667 0.458333 0.0416667 0.0833333 0.432507
0 0.655208 0.364815 0.0208333 0.0925926 0.444836
0 0.319271 0.42037 0.0635417 0.322222 0.445089
0 0.319792 0.42037 0.0645833 0.318519 0.451092
0 0.191667 0.335185 0.0625 0.159259 0.462051
0 0.31875 0.413889 0.0604167 0.316667 0.462606
13 0.417188 0.457407 0.040625 0.0851852 0.46556
13 0.417708 0.457407 0.0416667 0.0851852 0.46857
0 0.60625 0.383333 0.03125 0.133333 0.475774
0 0.191667 0.335185 0.0625 0.159259 0.476699
0 0.655208 0.363889 0.0208333 0.0944444 0.499595
13 0.360417 0.55463 0.102083 0.112963 0.503127
0 0.655208 0.363889 0.0208333 0.0944444 0.50351
0 0.65625 0.363889 0.0208333 0.101852 0.514723
0 0.655729 0.360185 0.0197917 0.0944444 0.517649
13 0.360417 0.55463 0.102083 0.112963 0.520385
0 0.319271 0.421296 0.0635417 0.32037 0.522277
0 0.442187 0.369444 0.028125 0.127778 0.526733
13 0.359896 0.55463 0.103125 0.112963 0.532192
0 0.65625 0.362037 0.0208333 0.101852 0.533045
0 0.655729 0.359259 0.0197917 0.0962963 0.54227
0 0.479167 0.368519 0.0208333 0.118519 0.544764
0 0.564062 0.372222 0.0302083 0.155556 0.544978
13 0.361458 0.557407 0.104167 0.111111 0.546207
0 0.655729 0.359259 0.0197917 0.0962963 0.548824
0 0.443229 0.365741 0.028125 0.116667 0.554302
13 0.358333 0.555556 0.10625 0.114815 0.557212
0 0.564062 0.373148 0.0302083 0.153704 0.559268
0 0.479167 0.369444 0.0208333 0.12037 0.564011
0 0.479167 0.369444 0.0208333 0.12037 0.565538
13 0.360417 0.556481 0.102083 0.112963 0.583139
0 0.95 0.632407 0.1 0.735185 0.594411
13 0.360417 0.555556 0.102083 0.114815 0.598001
0 0.442187 0.368519 0.028125 0.12963 0.598229
13 0.359896 0.556481 0.103125 0.112963 0.59838
0 0.655208 0.361111 0.01875 0.103704 0.602181
0 0.607813 0.380556 0.0322917 0.135185 0.602835
0 0.443229 0.364815 0.028125 0.122222 0.606373
0 0.443229 0.364815 0.028125 0.122222 0.609484
0 0.606771 0.382407 0.0302083 0.135185 0.612237
0 0.606771 0.382407 0.0302083 0.135185 0.613711
0 0.607813 0.380556 0.0322917 0.135185 0.615647
0 0.442187 0.369444 0.028125 0.127778 0.615855
0 0.442187 0.365741 0.0260417 0.131481 0.62098
13 0.359375 0.553704 0.104167 0.114815 0.628409
0 0.192708 0.336111 0.06875 0.157407 0.640235
0 0.442708 0.369444 0.0270833 0.127778 0.642525
0 0.19375 0.336111 0.0666667 0.157407 0.642963
0 0.949479 0.625 0.101042 0.75 0.654257
0 0.479167 0.371296 0.0208333 0.127778 0.663688
0 0.607813 0.381481 0.0322917 0.133333 0.665236
0 0.193229 0.335185 0.065625 0.159259 0.669068
0 0.479167 0.372222 0.0208333 0.125926 0.672537
0 0.442187 0.368519 0.028125 0.133333 0.675438
0 0.192708 0.335185 0.06875 0.159259 0.677313
0 0.479167 0.371296 0.0208333 0.124074 0.685629
0 0.479167 0.37037 0.0208333 0.122222 0.687645
0 0.479167 0.37037 0.0208333 0.122222 0.687935
0 0.607292 0.381481 0.0333333 0.144444 0.695142
0 0.193229 0.335185 0.065625 0.159259 0.696129
0 0.192708 0.335185 0.06875 0.159259 0.696188
0 0.607292 0.381481 0.03125 0.144444 0.698182
0 0.442708 0.368519 0.0270833 0.12963 0.701588
0 0.192708 0.335185 0.0666667 0.155556 0.715983
0 0.442187 0.364815 0.0260417 0.133333 0.727126
0 0.192188 0.335185 0.065625 0.155556 0.730442
0 0.607292 0.382407 0.03125 0.142593 0.730683
0 0.442187 0.364815 0.0260417 0.133333 0.734552
0 0.192188 0.335185 0.065625 0.155556 0.746515
0 0.950521 0.625 0.0989583 0.724074 0.761036
0 0.192188 0.335185 0.065625 0.155556 0.763925
0 0.563021 0.372222 0.0302083 0.148148 0.767564
0 0.192188 0.336111 0.0677083 0.157407 0.769432
0 0.193229 0.335185 0.065625 0.155556 0.770311
0 0.192188 0.335185 0.065625 0.155556 0.770689
0 0.607292 0.380556 0.03125 0.138889 0.77214
0 0.193229 0.334259 0.065625 0.157407 0.772564
0 0.193229 0.336111 0.0677083 0.157407 0.773149
0 0.563542 0.372222 0.03125 0.148148 0.77357
0 0.607292 0.380556 0.03125 0.138889 0.776716
0 0.563021 0.371296 0.0302083 0.153704 0.781087
0 0.317708 0.413889 0.0583333 0.32037 0.782205
0 0.607292 0.380556 0.03125 0.138889 0.783357
0 0.607292 0.381481 0.03125 0.140741 0.783407
0 0.563021 0.372222 0.0302083 0.151852 0.784552
0 0.192188 0.335185 0.065625 0.155556 0.785023
0 0.563021 0.372222 0.0302083 0.151852 0.785686
0 0.563021 0.371296 0.0302083 0.153704 0.786685
0 0.320312 0.421296 0.059375 0.324074 0.788207
0 0.563021 0.37037 0.0302083 0.151852 0.790233
0 0.563021 0.371296 0.0302083 0.15 0.79154
0 0.192708 0.336111 0.0666667 0.157407 0.795533
0 0.607813 0.381481 0.0322917 0.137037 0.798403
0 0.950521 0.635185 0.0989583 0.725926 0.799342
0 0.607292 0.381481 0.03125 0.140741 0.799781
0 0.563021 0.371296 0.0302083 0.15 0.802975
0 0.607813 0.381481 0.0322917 0.137037 0.807126
0 0.607813 0.381481 0.0322917 0.137037 0.808792
0 0.563021 0.373148 0.0302083 0.153704 0.809695
0 0.319271 0.423148 0.0614583 0.32037 0.81939
0 0.31875 0.422222 0.0604167 0.325926 0.824836
0 0.319271 0.423148 0.0614583 0.32037 0.829007
0 0.319271 0.423148 0.0614583 0.32037 0.837734
0 0.319271 0.422222 0.059375 0.322222 0.838858
0 0.319271 0.421296 0.0614583 0.32037 0.842603
0 0.319271 0.422222 0.059375 0.322222 0.843272
0 0.319792 0.42037 0.0604167 0.318519 0.862097
0 0.31875 0.421296 0.0604167 0.32037 0.864533
0 0.31875 0.421296 0.0604167 0.316667 0.867917
0 0.31875 0.42037 0.0604167 0.318519 0.87523
0 0.950521 0.619444 0.096875 0.738889 0.897648
0 0.950521 0.625 0.0989583 0.735185 0.899062
0 0.950521 0.621296 0.096875 0.738889 0.902782
0 0.950521 0.625 0.0989583 0.731481 0.903347
