0 0.204167 0.390741 0.0166667 0.0703704 0.250187
0 0.290104 0.402778 0.0197917 0.0722222 0.250419
13 0.209375 0.469444 0.0645833 0.101852 0.250578
0 0.289583 0.398148 0.01875 0.0703704 0.250627
13 0.360938 0.602778 0.178125 0.131481 0.250683
13 0.274479 0.485185 0.084375 0.062963 0.251175
13 0.386979 0.619444 0.240625 0.157407 0.252368
13 0.208854 0.47963 0.0635417 0.118519 0.253122
13 0.209375 0.466667 0.0604167 0.0888889 0.253157
0 0.316146 0.391667 0.0114583 0.0685185 0.253593
0 0.316667 0.390741 0.0125 0.0740741 0.253638
13 0.0473958 0.625 0.0927083 0.524074 0.257025
0 0.192708 0.390741 0.0145833 0.0703704 0.257454
0 0.316146 0.391667 0.0114583 0.0685185 0.259733
13 0.386979 0.622222 0.228125 0.166667 0.259889
13 0.208854 0.478704 0.0635417 0.116667 0.261023
0 0.361458 0.416667 0.0166667 0.111111 0.263081
13 0.0463542 0.625926 0.0927083 0.522222 0.263243
0 0.316667 0.390741 0.0125 0.0740741 0.263319
0 0.192708 0.390741 0.0145833 0.0666667 0.265368
0 0.292188 0.408333 0.0197917 0.0685185 0.266624
13 0.355208 0.580556 0.175 0.0833333 0.268306
13 0.280729 0.483333 0.0947917 0.0666667 0.269256
0 0.445833 0.439815 0.0333333 0.157407 0.271358
13 0.279687 0.483333 0.0927083 0.0851852 0.273821
0 0.289583 0.398148 0.01875 0.0703704 0.277869
0 0.291667 0.407407 0.0208333 0.0703704 0.279534
0 0.396875 0.412963 0.0208333 0.0962963 0.281694
0 0.193229 0.391667 0.0197917 0.0685185 0.283629
13 0.278125 0.475926 0.0875 0.0703704 0.28547
0 0.653646 0.427778 0.0260417 0.114815 0.292813
13 0.389062 0.623148 0.234375 0.161111 0.292953
0 0.653646 0.42963 0.021875 0.114815 0.294834
0 0.291667 0.408333 0.0208333 0.0685185 0.296266
0 0.398438 0.406481 0.0177083 0.087037 0.2982
13 0.280729 0.484259 0.0927083 0.0574074 0.302033
0 0.193229 0.391667 0.0197917 0.0685185 0.302654
0 0.375 0.417593 0.03125 0.112963 0.304538
0 0.653646 0.428704 0.021875 0.112963 0.304844
0 0.445833 0.439815 0.0333333 0.157407 0.305034
13 0.359375 0.591667 0.175 0.109259 0.307202
13 0.278646 0.476852 0.0864583 0.0722222 0.308433
13 0.28125 0.478704 0.0895833 0.0796296 0.30957
13 0.352604 0.57963 0.157292 0.0925926 0.31107
0 0.653646 0.426852 0.0239583 0.105556 0.311191
13 0.278646 0.482407 0.090625 0.0611111 0.312205
0 0.203125 0.393519 0.01875 0.0685185 0.313552
13 0.352083 0.57963 0.154167 0.0888889 0.313887
13 0.353125 0.57963 0.160417 0.0925926 0.315937
13 0.210417 0.471296 0.0645833 0.0907407 0.31856
0 0.653646 0.42963 0.021875 0.114815 0.322428
13 0.209375 0.469444 0.0625 0.0944444 0.325004
13 0.0458333 0.649074 0.0916667 0.572222 0.328554
13 0.0463542 0.649074 0.090625 0.575926 0.329202
13 0.348958 0.577778 0.152083 0.0925926 0.330037
13 0.279167 0.482407 0.0916667 0.0611111 0.331116
13 0.209896 0.471296 0.065625 0.0944444 0.332152
13 0.352604 0.578704 0.155208 0.0907407 0.335863
13 0.208854 0.468519 0.0635417 0.0962963 0.338183
0 0.398438 0.402778 0.0177083 0.0759259 0.348025
13 0.209375 0.469444 0.0625 0.0944444 0.349745
0 0.653125 0.428704 0.0229167 0.112963 0.360912
0 0.291146 0.401852 0.0177083 0.0666667 0.362608
13 0.28125 0.477778 0.0916667 0.0703704 0.362967
13 0.390625 0.623148 0.23125 0.157407 0.365749
13 0.278646 0.47963 0.090625 0.0703704 0.367146
0 0.291667 0.401852 0.0166667 0.0666667 0.369968
0 0.653125 0.428704 0.0229167 0.112963 0.374687
13 0.209375 0.469444 0.0625 0.0907407 0.374723
0 0.653125 0.428704 0.0229167 0.112963 0.380446
0 0.203646 0.388889 0.0135417 0.0666667 0.382723
0 0.203646 0.388889 0.0135417 0.0703704 0.383217
0 0.398438 0.402778 0.0177083 0.0759259 0.383506
13 0.209896 0.469444 0.0635417 0.0907407 0.384595
0 0.398438 0.402778 0.0177083 0.0759259 0.387414
13 0.278646 0.47963 0.0885417 0.0703704 0.391814
0 0.291667 0.402778 0.0166667 0.0648148 0.398975
0 0.203646 0.390741 0.015625 0.0703704 0.400288
13 0.280729 0.477778 0.090625 0.0703704 0.400935
0 0.395833 0.414815 0.0208333 0.103704 0.402515
0 0.396875 0.412963 0.01875 0.1 0.407758
13 0.384896 0.613889 0.223958 0.153704 0.413615
0 0.204167 0.390741 0.0145833 0.0703704 0.420266
0 0.395833 0.414815 0.0208333 0.103704 0.422402
0 0.395312 0.413889 0.021875 0.105556 0.429691
0 0.396875 0.412037 0.01875 0.101852 0.434788
13 0.365104 0.588889 0.180208 0.114815 0.438528
0 0.397396 0.412963 0.0177083 0.1 0.449695
0 0.653646 0.427778 0.0239583 0.114815 0.460767
0 0.384375 0.415741 0.0270833 0.109259 0.469748
0 0.654167 0.428704 0.0229167 0.112963 0.480141
0 0.940104 0.59537 0.119792 0.501852 0.481676
0 0.381771 0.414815 0.021875 0.107407 0.493924
0 0.383854 0.416667 0.0239583 0.111111 0.499378
0 0.940104 0.597222 0.119792 0.505556 0.501671
0 0.445312 0.438889 0.034375 0.162963 0.514983
0 0.939062 0.594444 0.121875 0.485185 0.527575
0 0.445312 0.438889 0.034375 0.162963 0.529854
0 0.941146 0.598148 0.117708 0.474074 0.540333
0 0.381771 0.415741 0.0197917 0.112963 0.550267
0 0.381771 0.415741 0.0197917 0.109259 0.559364
0 0.38125 0.413889 0.0208333 0.109259 0.599055
0 0.38125 0.413889 0.0208333 0.112963 0.636835
0 0.38125 0.412963 0.0208333 0.111111 0.638595
0 0.444271 0.438889 0.0322917 0.162963 0.706359
0 0.445312 0.438889 0.034375 0.166667 0.712458
0 0.444271 0.439815 0.0322917 0.161111 0.715047
0 0.444271 0.438889 0.0322917 0.162963 0.727625
0 0.445312 0.437963 0.034375 0.164815 0.745675
0 0.444792 0.442593 0.0333333 0.159259 0.758093
0 0.445312 0.437963 0.034375 0.168519 0.759918
0 0.941146 0.599074 0.117708 0.483333 0.76172
0 0.444792 0.441667 0.0333333 0.161111 0.765376
0 0.941146 0.599074 0.117708 0.487037 0.770899
0 0.445312 0.437963 0.034375 0.164815 0.781143
0 0.444792 0.438889 0.0333333 0.166667 0.793562
0 0.444792 0.437963 0.0333333 0.164815 0.807228
0 0.939062 0.601852 0.121875 0.492593 0.809918
0 0.939062 0.603704 0.121875 0.492593 0.846616
0 0.939062 0.602778 0.121875 0.490741 0.862105
0 0.939062 0.602778 0.121875 0.494444 0.87822
0 0.939062 0.602778 0.121875 0.490741 0.900817
0 0.939062 0.593518 0.121875 0.487037 0.906697
0 0.939062 0.594444 0.121875 0.496296 0.908927
0 0.939062 0.601852 0.121875 0.488889 0.90979
