0 0.256771 0.360185 0.0427083 0.172222 0.253207
0 0.2625 0.362037 0.0333333 0.190741 0.254123
0 0.0791667 0.311111 0.0166667 0.0703704 0.255177
0 0.476562 0.340741 0.0260417 0.144444 0.256168
24 0.954167 0.52037 0.0916667 0.32963 0.256496
0 0.474479 0.34537 0.028125 0.146296 0.256667
0 0.0791667 0.311111 0.0166667 0.0666667 0.257256
0 0.607292 0.352778 0.0291667 0.135185 0.257408
0 0.946875 0.586111 0.10625 0.690741 0.258094
0 0.816667 0.577778 0.133333 0.655556 0.258482
0 0.476562 0.341667 0.0260417 0.146296 0.259446
0 0.476042 0.349074 0.0333333 0.15 0.26008
0 0.2625 0.362037 0.0333333 0.190741 0.260498
0 0.581771 0.32963 0.0239583 0.122222 0.261417
0 0.256771 0.359259 0.0427083 0.17037 0.261606
0 0.521354 0.343519 0.028125 0.135185 0.264027
0 0.25625 0.371296 0.0416667 0.198148 0.265441
0 0.515625 0.340741 0.0208333 0.12963 0.265493
24 0.954687 0.518519 0.090625 0.314815 0.269142
0 0.946875 0.585185 0.10625 0.688889 0.274622
0 0.581771 0.32963 0.0239583 0.125926 0.274701
0 0.581771 0.32963 0.0239583 0.125926 0.276897
0 0.256771 0.371296 0.0427083 0.201852 0.277531
0 0.0171875 0.358333 0.034375 0.157407 0.280957
0 0.0171875 0.357407 0.034375 0.155556 0.282458
0 0.256771 0.371296 0.0427083 0.194444 0.285571
0 0.0171875 0.357407 0.034375 0.155556 0.291168
26 0.859896 0.49537 0.0385417 0.157407 0.291797
26 0.860417 0.49537 0.0395833 0.157407 0.295795
0 0.474479 0.344444 0.028125 0.144444 0.301561
0 0.808854 0.583333 0.123958 0.655556 0.303583
0 0.947396 0.587963 0.105208 0.664815 0.303943
26 0.859896 0.49537 0.0385417 0.157407 0.30819
0 0.473958 0.344444 0.0270833 0.144444 0.323047
0 0.51875 0.342593 0.0291667 0.140741 0.32628
0 0.945312 0.583333 0.109375 0.637037 0.34577
0 0.51875 0.342593 0.0291667 0.140741 0.349575
0 0.945833 0.587037 0.108333 0.648148 0.350301
0 0.495833 0.350926 0.03125 0.157407 0.354769
0 0.257292 0.362037 0.0416667 0.190741 0.361869
0 0.495313 0.350926 0.0322917 0.153704 0.362897
0 0.515104 0.341667 0.021875 0.138889 0.36837
0 0.257812 0.37037 0.0447917 0.211111 0.368651
0 0.257812 0.37037 0.0447917 0.211111 0.369769
0 0.947917 0.573148 0.104167 0.672222 0.370861
0 0.58125 0.334259 0.0270833 0.127778 0.371451
0 0.256771 0.362963 0.0427083 0.188889 0.375119
0 0.947396 0.574074 0.105208 0.711111 0.379636
0 0.581771 0.334259 0.028125 0.131481 0.385681
0 0.522917 0.343519 0.025 0.135185 0.386253
0 0.590625 0.341667 0.0458333 0.131481 0.386951
0 0.817708 0.567593 0.133333 0.631481 0.388031
0 0.515625 0.340741 0.0208333 0.137037 0.391894
0 0.5 0.349074 0.03125 0.146296 0.392698
0 0.594271 0.340741 0.046875 0.133333 0.397355
0 0.498437 0.349074 0.0260417 0.15 0.399737
0 0.947396 0.575 0.105208 0.712963 0.406943
0 0.642187 0.328704 0.021875 0.0944444 0.408041
0 0.58125 0.337037 0.025 0.122222 0.410594
0 0.495833 0.349074 0.03125 0.153704 0.412182
0 0.495833 0.35 0.0291667 0.155556 0.415436
0 0.594271 0.340741 0.046875 0.133333 0.422195
0 0.498437 0.348148 0.0260417 0.148148 0.432559
0 0.58125 0.337037 0.025 0.125926 0.435074
0 0.495313 0.35 0.028125 0.155556 0.439937
0 0.58125 0.337037 0.025 0.125926 0.441654
0 0.495833 0.35 0.0291667 0.151852 0.44198
0 0.499479 0.349074 0.0302083 0.15 0.444354
0 0.5 0.348148 0.03125 0.148148 0.452538
0 0.642708 0.328704 0.0208333 0.0944444 0.457176
0 0.642708 0.328704 0.0208333 0.0944444 0.469426
0 0.579687 0.333333 0.0239583 0.122222 0.473101
0 0.0161458 0.372222 0.0322917 0.177778 0.477402
0 0.581771 0.334259 0.0260417 0.127778 0.481495
0 0.361979 0.350926 0.0302083 0.187037 0.481849
0 0.818229 0.569444 0.134375 0.65 0.483306
0 0.0161458 0.372222 0.0322917 0.177778 0.487774
0 0.579687 0.333333 0.021875 0.125926 0.489952
0 0.258333 0.365741 0.04375 0.190741 0.490549
0 0.361979 0.350926 0.0302083 0.187037 0.491559
0 0.0161458 0.372222 0.0322917 0.177778 0.506487
0 0.579687 0.333333 0.021875 0.125926 0.509495
0 0.580729 0.333333 0.0260417 0.125926 0.511674
0 0.361979 0.341667 0.0302083 0.17963 0.511902
0 0.361979 0.341667 0.0302083 0.17963 0.516201
0 0.257812 0.366667 0.0427083 0.192593 0.523302
0 0.642708 0.326852 0.0208333 0.0907407 0.528904
0 0.0171875 0.366667 0.034375 0.181481 0.532025
0 0.497396 0.349074 0.028125 0.15 0.532745
0 0.258854 0.366667 0.0427083 0.192593 0.533194
0 0.257812 0.367593 0.0427083 0.194444 0.534172
0 0.497396 0.349074 0.028125 0.15 0.535029
0 0.946875 0.576852 0.10625 0.705556 0.537721
0 0.258854 0.366667 0.0427083 0.192593 0.547187
0 0.0171875 0.367593 0.034375 0.17963 0.551118
0 0.258333 0.367593 0.04375 0.190741 0.554242
0 0.361979 0.35 0.0302083 0.192593 0.561575
0 0.297917 0.315741 0.0208333 0.0907407 0.563217
0 0.642708 0.325926 0.0208333 0.0925926 0.569992
0 0.361979 0.35 0.0302083 0.192593 0.57134
0 0.642187 0.326852 0.0197917 0.0944444 0.57242
0 0.361979 0.349074 0.0302083 0.194444 0.587109
0 0.642187 0.327778 0.021875 0.0888889 0.587271
0 0.0166667 0.371296 0.0333333 0.17963 0.589607
0 0.360938 0.35 0.0302083 0.188889 0.591502
0 0.0145833 0.372222 0.0291667 0.185185 0.598935
0 0.0166667 0.371296 0.0333333 0.17963 0.602448
0 0.0145833 0.372222 0.0291667 0.185185 0.60747
0 0.360938 0.349074 0.0302083 0.187037 0.611829
0 0.360938 0.349074 0.0302083 0.190741 0.614212
0 0.946875 0.576852 0.10625 0.701852 0.619869
0 0.642187 0.326852 0.021875 0.0944444 0.627569
0 0.496875 0.35 0.0270833 0.155556 0.627679
0 0.298958 0.317593 0.01875 0.087037 0.640473
0 0.297917 0.315741 0.0208333 0.0907407 0.641462
0 0.642708 0.327778 0.0208333 0.0962963 0.642112
0 0.496875 0.349074 0.0270833 0.153704 0.643376
0 0.945833 0.586111 0.108333 0.661111 0.644269
0 0.815625 0.576852 0.13125 0.65 0.645756
0 0.0161458 0.37037 0.0322917 0.177778 0.645806
0 0.642187 0.328704 0.021875 0.0907407 0.64706
0 0.642187 0.327778 0.021875 0.0925926 0.653617
0 0.0161458 0.37037 0.0322917 0.177778 0.659271
0 0.297917 0.315741 0.0208333 0.0907407 0.660907
0 0.945833 0.583333 0.108333 0.674074 0.661837
0 0.299479 0.316667 0.0197917 0.0851852 0.668236
0 0.641667 0.326852 0.0208333 0.0944444 0.66978
0 0.298958 0.317593 0.01875 0.0833333 0.671735
0 0.298438 0.318519 0.0197917 0.0888889 0.675807
0 0.298438 0.317593 0.0197917 0.087037 0.682081
0 0.360417 0.344444 0.03125 0.185185 0.68697
0 0.0161458 0.37037 0.0322917 0.181481 0.687309
0 0.298438 0.317593 0.0197917 0.087037 0.687866
0 0.298438 0.317593 0.021875 0.0907407 0.6886
0 0.606771 0.353704 0.0302083 0.140741 0.692931
0 0.0161458 0.368519 0.0322917 0.177778 0.697155
0 0.607292 0.352778 0.0291667 0.15 0.69828
0 0.298438 0.317593 0.021875 0.0907407 0.698916
0 0.606771 0.353704 0.0302083 0.144444 0.699518
0 0.360938 0.344444 0.0302083 0.185185 0.701197
0 0.298438 0.317593 0.021875 0.0907407 0.702462
0 0.58125 0.333333 0.025 0.125926 0.704977
0 0.581771 0.333333 0.0239583 0.125926 0.707503
0 0.607292 0.353704 0.0291667 0.148148 0.709901
0 0.58125 0.333333 0.025 0.12963 0.715242
0 0.0161458 0.368519 0.0322917 0.177778 0.71835
0 0.581771 0.333333 0.0239583 0.125926 0.72061
0 0.815625 0.580556 0.13125 0.668519 0.721996
0 0.607292 0.35463 0.0291667 0.142593 0.724871
0 0.816146 0.576852 0.132292 0.694444 0.729395
0 0.361458 0.349074 0.0291667 0.183333 0.731565
0 0.0166667 0.368519 0.03125 0.177778 0.733331
0 0.581771 0.333333 0.0239583 0.125926 0.735788
0 0.60625 0.353704 0.0291667 0.140741 0.740352
0 0.815625 0.57963 0.13125 0.67037 0.744802
0 0.361458 0.349074 0.0291667 0.183333 0.753782
0 0.607292 0.35463 0.0291667 0.142593 0.754576
0 0.945833 0.578704 0.108333 0.694444 0.754861
0 0.361458 0.35 0.03125 0.185185 0.755028
0 0.607292 0.35463 0.0291667 0.142593 0.757396
0 0.815625 0.581481 0.133333 0.67037 0.769269
0 0.361458 0.350926 0.03125 0.187037 0.769477
0 0.945833 0.578704 0.108333 0.698148 0.777113
0 0.361458 0.349074 0.03125 0.187037 0.797406
0 0.817187 0.57963 0.134375 0.674074 0.827051
0 0.815625 0.582407 0.133333 0.668519 0.833696
0 0.816667 0.57963 0.133333 0.67037 0.852036
0 0.815104 0.581481 0.132292 0.67037 0.88617
