0 0.821354 0.441667 0.0197917 0.0833333 0.254214
0 0.224479 0.480556 0.0364583 0.172222 0.25772
0 0.479167 0.417593 0.01875 0.0907407 0.268794
0 0.338542 0.477778 0.0354167 0.188889 0.271403
0 0.480729 0.414815 0.021875 0.0814815 0.274625
0 0.821354 0.450926 0.0197917 0.101852 0.277298
0 0.479167 0.417593 0.01875 0.0907407 0.278453
0 0.224479 0.481481 0.0364583 0.17037 0.282928
0 0.6125 0.439815 0.0270833 0.087037 0.285336
0 0.820833 0.45 0.0208333 0.0962963 0.287207
0 0.479167 0.417593 0.01875 0.0907407 0.292946
0 0.563542 0.428704 0.0166667 0.0796296 0.297655
0 0.563542 0.428704 0.0145833 0.0759259 0.307086
0 0.311979 0.473148 0.034375 0.172222 0.309621
0 0.596875 0.441667 0.0208333 0.087037 0.312053
0 0.597396 0.442593 0.021875 0.0888889 0.319187
0 0.288021 0.481481 0.0302083 0.159259 0.32114
0 0.292188 0.482407 0.0260417 0.153704 0.327618
0 0.288021 0.481481 0.0302083 0.159259 0.330082
0 0.311979 0.473148 0.034375 0.172222 0.3339
0 0.315104 0.475926 0.034375 0.185185 0.33941
0 0.279167 0.47963 0.05 0.155556 0.342259
0 0.597396 0.442593 0.021875 0.0888889 0.342866
0 0.563021 0.428704 0.015625 0.0759259 0.34493
0 0.564062 0.427778 0.015625 0.0777778 0.347734
0 0.604688 0.439815 0.015625 0.087037 0.352531
0 0.265625 0.483333 0.0229167 0.155556 0.354638
0 0.265625 0.483333 0.0229167 0.155556 0.355591
0 0.315104 0.475926 0.034375 0.181481 0.363607
0 0.604167 0.439815 0.0166667 0.087037 0.364673
0 0.5625 0.427778 0.0166667 0.0777778 0.380605
0 0.278125 0.47963 0.0458333 0.155556 0.382784
0 0.561979 0.427778 0.015625 0.0777778 0.384025
0 0.615104 0.440741 0.0177083 0.0888889 0.384894
0 0.604688 0.439815 0.015625 0.087037 0.39789
0 0.563021 0.427778 0.015625 0.0777778 0.401288
0 0.604167 0.439815 0.0166667 0.0907407 0.402739
0 0.561979 0.426852 0.015625 0.0796296 0.409105
0 0.604688 0.438889 0.0177083 0.0888889 0.410847
0 0.313021 0.472222 0.028125 0.17037 0.411864
0 0.5625 0.426852 0.0166667 0.0833333 0.420616
0 0.604167 0.438889 0.0166667 0.0888889 0.4235
0 0.278125 0.480556 0.0458333 0.157407 0.42482
0 0.5625 0.426852 0.0166667 0.0759259 0.425119
0 0.561979 0.426852 0.015625 0.0796296 0.445059
0 0.313021 0.473148 0.028125 0.168519 0.455133
0 0.619271 0.438889 0.0177083 0.0888889 0.471982
0 0.313021 0.473148 0.028125 0.168519 0.475501
0 0.266667 0.482407 0.0270833 0.157407 0.484285
0 0.266667 0.483333 0.0291667 0.155556 0.486156
0 0.226562 0.481481 0.034375 0.17037 0.486728
0 0.619271 0.437963 0.0177083 0.0907407 0.490474
0 0.619271 0.437963 0.0177083 0.0907407 0.493103
2 0.0619792 0.487963 0.123958 0.342593 0.494793
0 0.226562 0.482407 0.034375 0.172222 0.49864
0 0.266667 0.483333 0.0291667 0.155556 0.500972
0 0.308333 0.476852 0.0395833 0.172222 0.504207
0 0.619271 0.437963 0.0177083 0.0907407 0.50788
0 0.619271 0.437963 0.0177083 0.0907407 0.512318
0 0.291667 0.477778 0.0270833 0.166667 0.513296
0 0.291667 0.477778 0.0270833 0.17037 0.513628
0 0.619271 0.438889 0.0177083 0.0888889 0.517772
0 0.291667 0.478704 0.0270833 0.168519 0.520882
0 0.308333 0.476852 0.0375 0.172222 0.521489
2 0.0619792 0.487963 0.123958 0.342593 0.526494
0 0.291146 0.478704 0.028125 0.168519 0.539422
0 0.266667 0.482407 0.0270833 0.153704 0.542868
0 0.740625 0.487963 0.0520833 0.22037 0.543977
0 0.308333 0.475926 0.0375 0.174074 0.553312
0 0.266667 0.481481 0.0291667 0.155556 0.571446
0 0.341146 0.482407 0.0385417 0.194444 0.58479
0 0.341146 0.482407 0.0385417 0.194444 0.591439
0 0.740625 0.487963 0.0520833 0.22037 0.591638
2 0.0625 0.493519 0.122917 0.335185 0.592741
0 0.619271 0.438889 0.0177083 0.0888889 0.599416
0 0.267188 0.481481 0.028125 0.155556 0.606929
2 0.0625 0.494444 0.122917 0.333333 0.611219
0 0.740104 0.487963 0.053125 0.227778 0.618528
0 0.740625 0.487963 0.0520833 0.22037 0.622335
0 0.266667 0.481481 0.0270833 0.155556 0.622523
0 0.339583 0.483333 0.0395833 0.196296 0.631404
0 0.339583 0.483333 0.0395833 0.192593 0.638245
0 0.266146 0.480556 0.0260417 0.157407 0.639767
0 0.311979 0.473148 0.028125 0.164815 0.64195
0 0.266146 0.481481 0.0260417 0.155556 0.643065
0 0.739062 0.487037 0.0489583 0.222222 0.643956
0 0.311979 0.473148 0.028125 0.168519 0.657905
0 0.266667 0.481481 0.0291667 0.155556 0.661531
0 0.339583 0.483333 0.0395833 0.196296 0.661738
0 0.339063 0.483333 0.0385417 0.192593 0.66309
0 0.314063 0.475 0.028125 0.172222 0.668864
0 0.314063 0.475 0.028125 0.175926 0.674231
0 0.339583 0.482407 0.0395833 0.198148 0.686305
2 0.0625 0.492593 0.122917 0.340741 0.688012
2 0.0625 0.493519 0.122917 0.342593 0.691166
2 0.0625 0.493519 0.122917 0.338889 0.691547
0 0.739062 0.487037 0.0510417 0.225926 0.692274
2 0.0619792 0.496296 0.121875 0.32963 0.692393
2 0.0619792 0.49537 0.121875 0.327778 0.694151
0 0.227083 0.482407 0.0333333 0.164815 0.696247
0 0.227083 0.482407 0.0333333 0.164815 0.698868
0 0.341667 0.484259 0.0395833 0.198148 0.700027
0 0.739062 0.487037 0.0510417 0.225926 0.703109
0 0.227083 0.483333 0.0333333 0.162963 0.704132
0 0.739062 0.487037 0.0489583 0.222222 0.710063
0 0.341667 0.483333 0.0395833 0.2 0.714681
2 0.0619792 0.496296 0.123958 0.333333 0.717933
2 0.0619792 0.496296 0.123958 0.333333 0.720578
0 0.341667 0.484259 0.0395833 0.198148 0.725927
2 0.0625 0.497222 0.122917 0.335185 0.734058
0 0.340625 0.486111 0.0395833 0.198148 0.75304
0 0.340625 0.485185 0.0395833 0.196296 0.756165
0 0.226042 0.484259 0.0333333 0.168519 0.758681
0 0.340625 0.485185 0.0395833 0.2 0.760794
0 0.226042 0.481481 0.0333333 0.166667 0.762204
0 0.739062 0.487037 0.0489583 0.222222 0.764896
0 0.226042 0.482407 0.0354167 0.168519 0.770652
0 0.226042 0.483333 0.0333333 0.17037 0.776221
0 0.226042 0.481481 0.0333333 0.166667 0.779902
0 0.340104 0.484259 0.040625 0.198148 0.784026
0 0.340104 0.484259 0.040625 0.198148 0.792457
0 0.738542 0.486111 0.0479167 0.227778 0.792597
0 0.738542 0.486111 0.0479167 0.227778 0.798113
0 0.226042 0.482407 0.0354167 0.168519 0.803585
0 0.225521 0.481481 0.034375 0.166667 0.8066
0 0.739062 0.486111 0.0489583 0.224074 0.807048
0 0.739062 0.486111 0.0489583 0.224074 0.808876
0 0.226042 0.482407 0.0354167 0.168519 0.81383
0 0.739062 0.486111 0.0489583 0.224074 0.816141
0 0.226042 0.484259 0.0333333 0.172222 0.819361
0 0.226042 0.484259 0.0333333 0.172222 0.825045
0 0.738542 0.487037 0.0479167 0.225926 0.8321
0 0.738021 0.487037 0.046875 0.225926 0.833124
