0 0.379167 0.371296 0.0208333 0.12037 0.25002
13 0.257812 0.705556 0.219792 0.237037 0.250499
0 0.283333 0.369444 0.0291667 0.153704 0.251079
0 0.378646 0.371296 0.021875 0.116667 0.251611
0 0.377604 0.360185 0.021875 0.116667 0.25165
0 0.466146 0.388889 0.0260417 0.151852 0.253784
0 0.466146 0.388889 0.0260417 0.151852 0.254352
24 0.940625 0.507407 0.0895833 0.214815 0.256658
0 0.432813 0.360185 0.040625 0.112963 0.257929
0 0.377083 0.359259 0.0229167 0.111111 0.262198
13 0.305729 0.784259 0.326042 0.409259 0.263553
13 0.266146 0.728704 0.246875 0.283333 0.264091
0 0.126563 0.366667 0.0260417 0.122222 0.265054
0 0.379167 0.365741 0.025 0.127778 0.266767
0 0.379167 0.371296 0.0208333 0.12037 0.268151
0 0.378646 0.365741 0.0260417 0.127778 0.271683
0 0.414062 0.361111 0.0260417 0.125926 0.27233
0 0.4875 0.363889 0.0208333 0.101852 0.27281
0 0.283333 0.37037 0.0291667 0.155556 0.277008
0 0.376563 0.362037 0.0260417 0.124074 0.278243
24 0.9375 0.5 0.0895833 0.211111 0.278908
0 0.126563 0.368519 0.0260417 0.122222 0.279923
0 0.377604 0.360185 0.021875 0.116667 0.283768
13 0.266146 0.716667 0.248958 0.255556 0.285103
13 0.297917 0.785185 0.304167 0.414815 0.286852
0 0.466667 0.385185 0.025 0.137037 0.303524
0 0.282292 0.363889 0.0270833 0.135185 0.307678
0 0.0463542 0.362963 0.0239583 0.103704 0.312486
13 0.298438 0.787037 0.303125 0.403704 0.313641
0 0.0494792 0.363889 0.021875 0.101852 0.316764
0 0.414583 0.360185 0.025 0.127778 0.320572
0 0.466667 0.380556 0.0291667 0.146296 0.32742
0 0.914583 0.576852 0.127083 0.590741 0.331903
0 0.0494792 0.363889 0.021875 0.101852 0.332254
0 0.4875 0.363889 0.0208333 0.105556 0.333598
0 0.0494792 0.363889 0.021875 0.101852 0.336372
0 0.4875 0.363889 0.0208333 0.105556 0.340358
0 0.784375 0.576852 0.120833 0.564815 0.343758
0 0.126563 0.364815 0.0239583 0.122222 0.34385
0 0.567187 0.385185 0.0385417 0.207407 0.344845
0 0.284896 0.367593 0.0260417 0.146296 0.347258
0 0.0484375 0.362037 0.021875 0.101852 0.3475
13 0.305208 0.784259 0.314583 0.405556 0.347603
13 0.305729 0.785185 0.315625 0.403704 0.347975
0 0.284896 0.367593 0.0260417 0.146296 0.348148
0 0.046875 0.363889 0.0229167 0.105556 0.348894
0 0.566667 0.384259 0.0395833 0.205556 0.352377
13 0.305208 0.786111 0.314583 0.401852 0.354922
0 0.0463542 0.362963 0.0239583 0.107407 0.355063
0 0.443229 0.360185 0.0197917 0.0981481 0.356922
0 0.488542 0.360185 0.0208333 0.105556 0.359246
0 0.0463542 0.362037 0.0239583 0.105556 0.359403
0 0.282292 0.362963 0.0270833 0.148148 0.364243
0 0.466667 0.380556 0.0291667 0.142593 0.36426
0 0.4875 0.363889 0.0208333 0.109259 0.365558
0 0.784375 0.578704 0.120833 0.564815 0.368449
0 0.486979 0.363889 0.021875 0.112963 0.376266
0 0.466146 0.380556 0.0322917 0.142593 0.389166
0 0.443229 0.360185 0.0197917 0.101852 0.390891
0 0.283333 0.363889 0.0270833 0.15 0.396662
0 0.283854 0.363889 0.0260417 0.15 0.397609
0 0.917708 0.567593 0.139583 0.594444 0.408547
0 0.4875 0.363889 0.0208333 0.109259 0.409023
0 0.0473958 0.363889 0.021875 0.101852 0.409048
0 0.283854 0.363889 0.0260417 0.146296 0.410892
0 0.283854 0.363889 0.0260417 0.146296 0.411786
0 0.126563 0.365741 0.0239583 0.127778 0.412577
0 0.443229 0.359259 0.0197917 0.1 0.412834
0 0.127083 0.365741 0.0229167 0.127778 0.418709
0 0.790625 0.577778 0.125 0.551852 0.420277
0 0.0473958 0.363889 0.021875 0.105556 0.421779
0 0.126042 0.366667 0.025 0.122222 0.423074
0 0.442708 0.357407 0.0166667 0.111111 0.423512
0 0.486979 0.37037 0.021875 0.118519 0.424082
0 0.046875 0.362037 0.0229167 0.105556 0.42468
0 0.0473958 0.363889 0.021875 0.105556 0.426331
0 0.486979 0.369444 0.021875 0.116667 0.428155
0 0.790625 0.577778 0.122917 0.562963 0.428839
0 0.488021 0.363889 0.021875 0.109259 0.430162
0 0.908333 0.572222 0.116667 0.562963 0.432132
0 0.488021 0.359259 0.021875 0.1 0.436926
0 0.126042 0.368519 0.025 0.122222 0.437478
0 0.127083 0.366667 0.0270833 0.125926 0.442329
0 0.127083 0.368519 0.025 0.122222 0.444606
0 0.442187 0.356481 0.0177083 0.109259 0.451237
0 0.917708 0.568519 0.133333 0.559259 0.454439
13 0.300521 0.786111 0.311458 0.405556 0.461666
0 0.914583 0.575926 0.127083 0.588889 0.463462
0 0.442708 0.356481 0.0166667 0.112963 0.466558
0 0.908333 0.572222 0.114583 0.562963 0.46671
13 0.301042 0.789815 0.320833 0.401852 0.471937
0 0.46875 0.382407 0.03125 0.15 0.473424
13 0.301042 0.786111 0.3125 0.405556 0.473715
0 0.127083 0.368519 0.025 0.122222 0.475098
13 0.301562 0.786111 0.311458 0.405556 0.476564
13 0.300521 0.789815 0.319792 0.401852 0.481882
13 0.300521 0.788889 0.317708 0.4 0.48555
0 0.488021 0.358333 0.021875 0.101852 0.485697
0 0.444271 0.356481 0.0197917 0.101852 0.489799
0 0.465625 0.383333 0.0270833 0.151852 0.490172
0 0.127083 0.368519 0.025 0.122222 0.490572
0 0.488021 0.358333 0.021875 0.101852 0.496482
0 0.413542 0.359259 0.025 0.125926 0.500968
0 0.465625 0.384259 0.0270833 0.15 0.510022
0 0.468229 0.383333 0.0302083 0.151852 0.518678
0 0.441146 0.358333 0.0197917 0.101852 0.520305
0 0.415104 0.360185 0.021875 0.127778 0.520475
0 0.415104 0.359259 0.021875 0.125926 0.520697
0 0.441667 0.357407 0.0208333 0.103704 0.527404
0 0.441667 0.357407 0.0208333 0.103704 0.531223
0 0.4875 0.360185 0.0229167 0.109259 0.535491
0 0.127083 0.367593 0.0270833 0.127778 0.538559
0 0.415104 0.360185 0.021875 0.127778 0.544049
0 0.46875 0.383333 0.0291667 0.151852 0.544952
0 0.126563 0.366667 0.0260417 0.125926 0.54846
0 0.379167 0.365741 0.0229167 0.124074 0.548832
0 0.413542 0.359259 0.0229167 0.12963 0.570202
0 0.413021 0.359259 0.0239583 0.12963 0.571183
0 0.378646 0.365741 0.021875 0.12037 0.607214
0 0.378646 0.366667 0.021875 0.122222 0.61411
0 0.414583 0.361111 0.0229167 0.125926 0.621854
0 0.378646 0.365741 0.021875 0.12037 0.622405
0 0.283333 0.366667 0.0291667 0.144444 0.624272
0 0.379167 0.364815 0.0229167 0.125926 0.625062
0 0.126563 0.367593 0.0260417 0.127778 0.63597
0 0.283333 0.366667 0.0291667 0.144444 0.636062
0 0.415104 0.360185 0.021875 0.124074 0.646509
0 0.379167 0.365741 0.0229167 0.124074 0.64722
0 0.282292 0.363889 0.0270833 0.146296 0.647654
0 0.466146 0.386111 0.0260417 0.15 0.64867
0 0.465625 0.385185 0.0291667 0.148148 0.652025
0 0.283333 0.366667 0.0291667 0.144444 0.653239
0 0.378646 0.365741 0.021875 0.124074 0.653582
0 0.282292 0.363889 0.0270833 0.146296 0.653824
0 0.378646 0.365741 0.021875 0.124074 0.65528
0 0.284375 0.365741 0.0270833 0.15 0.658145
0 0.466667 0.385185 0.0270833 0.148148 0.662908
0 0.911979 0.574074 0.121875 0.577778 0.666214
0 0.283333 0.366667 0.0291667 0.148148 0.667878
0 0.283854 0.365741 0.028125 0.146296 0.668165
0 0.283333 0.366667 0.0291667 0.144444 0.67654
0 0.127604 0.365741 0.0260417 0.124074 0.678991
0 0.911979 0.575926 0.121875 0.574074 0.683599
0 0.9125 0.577778 0.122917 0.585185 0.690046
0 0.415104 0.360185 0.021875 0.124074 0.690191
0 0.415104 0.361111 0.021875 0.122222 0.698734
0 0.466146 0.384259 0.028125 0.15 0.701577
0 0.283333 0.366667 0.0270833 0.144444 0.701912
0 0.466146 0.384259 0.028125 0.15 0.706886
0 0.127083 0.366667 0.025 0.122222 0.714191
0 0.127083 0.366667 0.025 0.122222 0.724124
0 0.466667 0.385185 0.025 0.148148 0.726384
0 0.466667 0.385185 0.025 0.144444 0.72811
0 0.127083 0.366667 0.025 0.125926 0.73312
0 0.415104 0.361111 0.021875 0.125926 0.737141
0 0.9125 0.578704 0.122917 0.587037 0.74067
0 0.56875 0.384259 0.0395833 0.201852 0.749318
0 0.127083 0.365741 0.025 0.127778 0.758978
0 0.56875 0.385185 0.0395833 0.203704 0.759956
0 0.56875 0.384259 0.0395833 0.201852 0.761342
0 0.788021 0.580556 0.128125 0.57963 0.764907
0 0.127083 0.366667 0.025 0.125926 0.765991
0 0.127083 0.365741 0.025 0.127778 0.773843
0 0.127083 0.365741 0.025 0.127778 0.77698
0 0.911979 0.575 0.128125 0.601852 0.777708
0 0.915104 0.572222 0.123958 0.581481 0.790737
0 0.786979 0.576852 0.126042 0.572222 0.817186
0 0.788021 0.57963 0.128125 0.581481 0.818143
0 0.911979 0.575926 0.128125 0.6 0.818368
0 0.786458 0.575926 0.127083 0.57037 0.818745
0 0.914583 0.571296 0.122917 0.57963 0.825456
0 0.568229 0.382407 0.0427083 0.209259 0.828939
0 0.567708 0.382407 0.0416667 0.209259 0.834691
0 0.786979 0.57963 0.126042 0.574074 0.849283
0 0.569271 0.386111 0.040625 0.205556 0.860232
0 0.56875 0.384259 0.0416667 0.205556 0.864356
0 0.569271 0.387037 0.040625 0.207407 0.867742
0 0.56875 0.385185 0.0416667 0.207407 0.869068
0 0.569271 0.386111 0.040625 0.205556 0.874659
0 0.56875 0.386111 0.0395833 0.209259 0.875822
0 0.56875 0.387037 0.0395833 0.207407 0.876882
0 0.569271 0.386111 0.040625 0.209259 0.880751
0 0.786979 0.580556 0.126042 0.575926 0.893257
0 0.788542 0.57963 0.125 0.57037 0.893548
0 0.786979 0.57963 0.128125 0.588889 0.899309
0 0.786979 0.57963 0.128125 0.588889 0.9067
0 0.788542 0.580556 0.125 0.575926 0.911115
