24 0.764583 0.346296 0.0375 0.111111 0.252861
0 0.378125 0.335185 0.025 0.114815 0.25705
0 0.484375 0.364815 0.0229167 0.133333 0.259563
71 0.941667 0.439815 0.116667 0.0648148 0.260175
0 0.170833 0.349074 0.0520833 0.15 0.26094
0 0.171875 0.34537 0.0520833 0.138889 0.26182
0 0.446875 0.347222 0.0291667 0.138889 0.265047
0 0.519271 0.352778 0.0239583 0.0907407 0.265265
24 0.763021 0.339815 0.040625 0.105556 0.266344
0 0.488542 0.352778 0.0270833 0.124074 0.268987
0 0.519271 0.353704 0.0239583 0.0888889 0.272063
24 0.764583 0.34537 0.0375 0.109259 0.27377
71 0.946354 0.435185 0.0989583 0.0555556 0.277953
0 0.447917 0.342593 0.0291667 0.148148 0.282523
0 0.171354 0.348148 0.053125 0.148148 0.285744
0 0.0625 0.537037 0.125 0.692593 0.288062
0 0.447917 0.342593 0.0291667 0.148148 0.288511
24 0.763021 0.339815 0.040625 0.105556 0.292078
24 0.764583 0.34537 0.0375 0.109259 0.297329
0 0.172396 0.34537 0.0510417 0.142593 0.29946
0 0.0625 0.537037 0.125 0.7 0.303679
0 0.172396 0.34537 0.0510417 0.142593 0.310694
0 0.723958 0.392593 0.0583333 0.322222 0.310998
0 0.173958 0.342593 0.0479167 0.148148 0.313018
24 0.763021 0.342593 0.0364583 0.103704 0.314665
0 0.173958 0.342593 0.0479167 0.148148 0.315397
0 0.488021 0.352778 0.028125 0.127778 0.317562
71 0.939062 0.437963 0.119792 0.0611111 0.318089
0 0.488542 0.352778 0.0270833 0.127778 0.318784
0 0.0630208 0.57037 0.121875 0.655556 0.319413
24 0.763021 0.343519 0.0385417 0.101852 0.320854
0 0.377083 0.336111 0.025 0.112963 0.323231
24 0.765104 0.349074 0.0385417 0.0944444 0.330281
0 0.173438 0.344444 0.0489583 0.144444 0.331335
24 0.763542 0.343519 0.0375 0.101852 0.333228
24 0.764583 0.349074 0.0375 0.0944444 0.333618
0 0.377604 0.335185 0.0260417 0.111111 0.33893
24 0.765104 0.349074 0.0385417 0.0944444 0.342532
0 0.172917 0.343519 0.0479167 0.146296 0.343645
0 0.171875 0.34537 0.0520833 0.146296 0.350004
71 0.940104 0.437963 0.117708 0.0611111 0.355111
24 0.764063 0.344444 0.0385417 0.1 0.37226
24 0.764583 0.342593 0.0395833 0.103704 0.379677
24 0.7625 0.339815 0.0395833 0.112963 0.380215
0 0.173438 0.344444 0.0489583 0.144444 0.384834
24 0.763021 0.340741 0.040625 0.114815 0.387465
24 0.764583 0.342593 0.0395833 0.103704 0.388749
0 0.173438 0.343519 0.0489583 0.146296 0.395598
24 0.7625 0.341667 0.0395833 0.109259 0.395923
0 0.715104 0.393519 0.034375 0.294444 0.410498
0 0.711979 0.385185 0.0385417 0.303704 0.413909
0 0.714583 0.392593 0.0354167 0.296296 0.414028
24 0.763021 0.341667 0.040625 0.116667 0.430856
0 0.714583 0.393519 0.0354167 0.294444 0.431604
0 0.486458 0.356481 0.0229167 0.138889 0.432085
0 0.485938 0.356481 0.0239583 0.142593 0.444671
0 0.172917 0.344444 0.0479167 0.144444 0.449541
24 0.763021 0.340741 0.040625 0.111111 0.453578
0 0.622396 0.35 0.0302083 0.12963 0.460461
0 0.485938 0.356481 0.0239583 0.142593 0.46155
0 0.173438 0.343519 0.0489583 0.146296 0.464718
0 0.745833 0.393519 0.06875 0.32037 0.467948
0 0.745833 0.393519 0.06875 0.32037 0.47007
24 0.763021 0.339815 0.040625 0.112963 0.475226
0 0.745833 0.393519 0.06875 0.32037 0.476169
0 0.620833 0.347222 0.0291667 0.124074 0.481098
0 0.379167 0.335185 0.0229167 0.114815 0.492353
0 0.747396 0.389815 0.071875 0.32037 0.51301
0 0.621875 0.350926 0.0291667 0.131481 0.52627
0 0.744792 0.394444 0.0708333 0.322222 0.526776
0 0.715625 0.390741 0.03125 0.303704 0.527577
0 0.485417 0.357407 0.0229167 0.140741 0.530356
0 0.621875 0.350926 0.0291667 0.131481 0.532836
0 0.747396 0.390741 0.0697917 0.318519 0.549039
0 0.620833 0.348148 0.0291667 0.12963 0.552523
0 0.0625 0.55463 0.125 0.687037 0.560684
0 0.620833 0.35 0.0291667 0.133333 0.561002
0 0.620833 0.348148 0.0291667 0.125926 0.561947
0 0.0630208 0.55463 0.126042 0.687037 0.566833
0 0.716146 0.388889 0.0322917 0.314815 0.574735
0 0.377604 0.337037 0.021875 0.107407 0.574912
0 0.747396 0.392593 0.0697917 0.325926 0.589026
0 0.620833 0.35 0.0270833 0.12963 0.597744
0 0.378125 0.336111 0.0208333 0.109259 0.604663
0 0.744792 0.390741 0.075 0.325926 0.605051
0 0.620833 0.35 0.0291667 0.133333 0.609556
0 0.447396 0.348148 0.0302083 0.155556 0.611004
0 0.716146 0.391667 0.0322917 0.305556 0.611772
0 0.447396 0.348148 0.0302083 0.155556 0.614826
0 0.378125 0.337037 0.0208333 0.111111 0.620396
0 0.621354 0.35 0.0302083 0.12963 0.623269
0 0.715625 0.391667 0.0333333 0.290741 0.623833
0 0.445833 0.348148 0.0291667 0.159259 0.628841
0 0.620833 0.35 0.0291667 0.133333 0.635138
0 0.446875 0.349074 0.0270833 0.157407 0.636284
0 0.447396 0.348148 0.0302083 0.155556 0.637888
0 0.620833 0.35 0.0291667 0.12963 0.641655
0 0.620833 0.35 0.0270833 0.133333 0.64176
0 0.715625 0.391667 0.0333333 0.290741 0.643092
0 0.445833 0.348148 0.0291667 0.159259 0.643215
0 0.447396 0.349074 0.028125 0.153704 0.64409
0 0.745313 0.390741 0.0739583 0.32963 0.644266
0 0.743229 0.390741 0.0739583 0.318519 0.649892
0 0.377604 0.337037 0.0239583 0.107407 0.655203
0 0.620313 0.349074 0.0260417 0.131481 0.655941
0 0.745313 0.391667 0.0739583 0.324074 0.658481
0 0.745833 0.390741 0.0708333 0.325926 0.661041
0 0.715625 0.391667 0.0333333 0.287037 0.663182
0 0.445833 0.348148 0.0291667 0.159259 0.66512
0 0.621354 0.35 0.0302083 0.12963 0.669545
0 0.742708 0.391667 0.075 0.316667 0.671155
0 0.74375 0.390741 0.0729167 0.325926 0.682609
0 0.378125 0.335185 0.0229167 0.111111 0.682655
0 0.744792 0.391667 0.0729167 0.32037 0.683553
0 0.742708 0.391667 0.075 0.32037 0.68413
0 0.377604 0.337037 0.0239583 0.107407 0.688149
0 0.378125 0.337037 0.0229167 0.107407 0.691918
0 0.621354 0.349074 0.0302083 0.131481 0.705784
0 0.621354 0.349074 0.0302083 0.131481 0.70622
0 0.377604 0.337963 0.021875 0.105556 0.708778
0 0.621354 0.349074 0.0302083 0.131481 0.730148
0 0.377083 0.336111 0.0229167 0.112963 0.730319
0 0.377604 0.337037 0.021875 0.107407 0.734033
0 0.377604 0.337963 0.021875 0.105556 0.746483
0 0.446875 0.349074 0.0291667 0.157407 0.753042
0 0.0635417 0.553704 0.125 0.703704 0.755442
0 0.446875 0.349074 0.0291667 0.157407 0.756749
0 0.446354 0.347222 0.028125 0.157407 0.768388
0 0.446875 0.349074 0.0291667 0.157407 0.774354
0 0.446875 0.347222 0.0291667 0.146296 0.779743
0 0.446875 0.347222 0.0291667 0.146296 0.780569
0 0.446354 0.347222 0.028125 0.153704 0.786677
0 0.0625 0.558333 0.122917 0.705556 0.816625
0 0.0625 0.549074 0.125 0.690741 0.858257
0 0.0625 0.548148 0.125 0.692593 0.861946
0 0.0630208 0.546296 0.126042 0.7 0.863253
0 0.0630208 0.546296 0.126042 0.688889 0.881329
