0 0.483854 0.371296 0.0260417 0.131481 0.250352
0 0.816667 0.382407 0.05 0.235185 0.251256
0 0.158854 0.347222 0.0239583 0.105556 0.252082
13 0.310937 0.42963 0.0802083 0.103704 0.252395
0 0.160938 0.336111 0.021875 0.087037 0.253119
0 0.818229 0.375 0.046875 0.209259 0.254317
0 0.361979 0.367593 0.0322917 0.168519 0.256941
0 0.492708 0.369444 0.0291667 0.138889 0.262674
0 0.0244792 0.388889 0.0447917 0.188889 0.263673
13 0.310937 0.42963 0.0802083 0.103704 0.264083
0 0.284375 0.343519 0.0395833 0.105556 0.267159
0 0.922917 0.625926 0.154167 0.67037 0.267181
0 0.283854 0.334259 0.0364583 0.0907407 0.269751
0 0.620313 0.369444 0.0197917 0.105556 0.272824
0 0.490104 0.367593 0.0302083 0.135185 0.273948
0 0.815625 0.363889 0.0458333 0.190741 0.274801
0 0.284896 0.334259 0.0364583 0.0907407 0.275862
0 0.816146 0.363889 0.046875 0.190741 0.276034
0 0.276042 0.344444 0.025 0.103704 0.276324
0 0.816146 0.373148 0.0489583 0.216667 0.277984
0 0.815625 0.374074 0.0479167 0.218519 0.279213
0 0.3625 0.368519 0.03125 0.166667 0.279856
0 0.0244792 0.387963 0.0447917 0.190741 0.284991
0 0.289583 0.331481 0.03125 0.0851852 0.289234
0 0.521354 0.371296 0.0302083 0.127778 0.291414
0 0.46875 0.348148 0.0270833 0.1 0.294358
13 0.311458 0.427778 0.0854167 0.1 0.298215
13 0.310417 0.425 0.0833333 0.105556 0.299571
0 0.81875 0.424074 0.0541667 0.322222 0.30079
0 0.284375 0.337037 0.0375 0.0962963 0.310501
0 0.291667 0.330556 0.0270833 0.0833333 0.314759
13 0.311979 0.424074 0.0802083 0.0925926 0.316574
0 0.816146 0.363889 0.0447917 0.198148 0.31753
0 0.292188 0.332407 0.028125 0.0833333 0.317902
0 0.919271 0.622222 0.155208 0.655556 0.318049
0 0.521354 0.373148 0.028125 0.124074 0.318367
13 0.311458 0.425 0.0770833 0.0944444 0.318831
0 0.818229 0.418519 0.0489583 0.303704 0.321073
0 0.49375 0.364815 0.0229167 0.125926 0.32226
0 0.81875 0.418519 0.05 0.303704 0.324311
0 0.521875 0.371296 0.0291667 0.127778 0.324704
0 0.817708 0.391667 0.05 0.25 0.32559
0 0.519271 0.367593 0.0260417 0.116667 0.325591
0 0.818229 0.418519 0.0489583 0.3 0.327244
0 0.816146 0.363889 0.0447917 0.198148 0.331352
0 0.524479 0.371296 0.021875 0.116667 0.332137
13 0.311979 0.424074 0.0822917 0.0925926 0.334571
0 0.923437 0.610185 0.153125 0.624074 0.335996
0 0.291146 0.331481 0.028125 0.0851852 0.337005
0 0.524479 0.371296 0.021875 0.116667 0.337654
0 0.816146 0.362963 0.0447917 0.196296 0.338538
0 0.525 0.371296 0.0208333 0.116667 0.340322
13 0.310937 0.424074 0.078125 0.0962963 0.342159
0 0.291667 0.331481 0.0270833 0.0851852 0.34636
0 0.770312 0.594444 0.142708 0.618519 0.348091
0 0.520833 0.372222 0.0291667 0.125926 0.350911
13 0.313021 0.428704 0.0864583 0.105556 0.351296
0 0.620833 0.360185 0.0208333 0.087037 0.351468
0 0.775 0.594444 0.139583 0.625926 0.355751
0 0.519271 0.37037 0.0302083 0.125926 0.359056
0 0.492708 0.369444 0.025 0.131481 0.3606
13 0.311458 0.426852 0.0833333 0.0981481 0.369082
0 0.519271 0.367593 0.0260417 0.116667 0.377271
13 0.311458 0.426852 0.0833333 0.0981481 0.379522
0 0.519271 0.367593 0.0260417 0.116667 0.380702
0 0.521354 0.373148 0.028125 0.124074 0.382011
0 0.775521 0.596296 0.138542 0.618519 0.38658
0 0.770312 0.597222 0.142708 0.616667 0.388161
0 0.492708 0.369444 0.025 0.138889 0.392943
0 0.15625 0.347222 0.025 0.112963 0.394998
0 0.15625 0.347222 0.025 0.109259 0.39751
0 0.519792 0.372222 0.0291667 0.125926 0.398178
0 0.520833 0.372222 0.0291667 0.125926 0.399081
0 0.620833 0.359259 0.0208333 0.0888889 0.399435
0 0.620313 0.360185 0.0197917 0.0907407 0.40388
0 0.521875 0.373148 0.0270833 0.124074 0.404589
0 0.49375 0.365741 0.0229167 0.131481 0.408158
0 0.49375 0.365741 0.0229167 0.131481 0.410953
0 0.922396 0.616667 0.151042 0.648148 0.417366
0 0.817187 0.375926 0.0489583 0.222222 0.441028
0 0.492708 0.369444 0.025 0.131481 0.442089
0 0.492708 0.369444 0.025 0.131481 0.44782
0 0.817187 0.375926 0.0489583 0.222222 0.450842
0 0.817187 0.375926 0.0489583 0.222222 0.451524
0 0.772396 0.615741 0.138542 0.646296 0.454546
0 0.575 0.389815 0.0333333 0.15 0.457188
0 0.574479 0.389815 0.034375 0.15 0.457991
0 0.772396 0.616667 0.138542 0.648148 0.464554
0 0.365104 0.371296 0.034375 0.168519 0.469614
0 0.575 0.387037 0.0333333 0.148148 0.476501
0 0.571875 0.383333 0.0354167 0.144444 0.479686
0 0.520312 0.371296 0.028125 0.12037 0.479962
0 0.520312 0.371296 0.028125 0.12037 0.48324
0 0.573958 0.387963 0.0333333 0.15 0.487592
0 0.571875 0.382407 0.0354167 0.142593 0.487908
0 0.921875 0.612963 0.154167 0.662963 0.48884
0 0.520312 0.371296 0.028125 0.12037 0.490638
0 0.365104 0.371296 0.034375 0.168519 0.49612
0 0.158333 0.348148 0.0229167 0.107407 0.499841
0 0.571875 0.383333 0.0354167 0.140741 0.501467
0 0.0234375 0.384259 0.040625 0.187037 0.513796
0 0.365104 0.371296 0.034375 0.168519 0.530866
0 0.0234375 0.385185 0.040625 0.188889 0.532353
0 0.779688 0.618519 0.136458 0.67037 0.533909
0 0.158854 0.346296 0.021875 0.107407 0.539348
0 0.364583 0.372222 0.03125 0.166667 0.546248
0 0.620313 0.361111 0.0197917 0.1 0.548195
0 0.571875 0.386111 0.0354167 0.146296 0.548883
0 0.157292 0.346296 0.025 0.111111 0.552473
0 0.571875 0.386111 0.0354167 0.146296 0.554588
0 0.921875 0.612963 0.154167 0.659259 0.55496
0 0.158854 0.346296 0.021875 0.107407 0.562127
0 0.158854 0.346296 0.021875 0.107407 0.562352
0 0.0229167 0.385185 0.0416667 0.188889 0.564956
0 0.364583 0.373148 0.03125 0.168519 0.565316
0 0.157292 0.346296 0.025 0.111111 0.574444
0 0.779688 0.618519 0.136458 0.666667 0.575117
0 0.157292 0.346296 0.025 0.111111 0.578307
0 0.922917 0.614815 0.154167 0.651852 0.582478
0 0.571875 0.386111 0.0354167 0.146296 0.601975
0 0.620313 0.362037 0.0197917 0.0907407 0.602992
0 0.920833 0.619444 0.15625 0.661111 0.606506
0 0.571354 0.387037 0.034375 0.148148 0.606827
0 0.919271 0.62037 0.151042 0.674074 0.612816
0 0.921354 0.62037 0.157292 0.688889 0.619062
0 0.0229167 0.385185 0.0416667 0.188889 0.621382
0 0.619792 0.365741 0.0208333 0.0944444 0.629621
0 0.620313 0.362037 0.0197917 0.0944444 0.636699
0 0.922396 0.619444 0.144792 0.646296 0.638261
0 0.364583 0.37037 0.0333333 0.17037 0.638854
0 0.919792 0.619444 0.160417 0.683333 0.642029
0 0.620313 0.362037 0.0197917 0.0944444 0.647967
0 0.776042 0.600926 0.1375 0.635185 0.651252
0 0.364583 0.37037 0.0333333 0.166667 0.661192
0 0.572917 0.385185 0.0354167 0.148148 0.661591
0 0.365104 0.369444 0.034375 0.164815 0.666556
0 0.0213542 0.383333 0.040625 0.181481 0.669931
0 0.619792 0.364815 0.0208333 0.0962963 0.675349
0 0.619792 0.364815 0.0208333 0.0962963 0.676317
0 0.619792 0.364815 0.0208333 0.103704 0.682435
0 0.0213542 0.384259 0.0427083 0.183333 0.682629
0 0.775521 0.6 0.136458 0.633333 0.687641
0 0.0213542 0.383333 0.040625 0.185185 0.689626
0 0.920313 0.621296 0.159375 0.690741 0.690825
0 0.572917 0.386111 0.0354167 0.15 0.691935
0 0.0213542 0.384259 0.0427083 0.183333 0.696009
0 0.0213542 0.383333 0.040625 0.181481 0.696488
0 0.919271 0.619444 0.159375 0.683333 0.698969
0 0.365104 0.369444 0.034375 0.164815 0.700772
0 0.573438 0.387963 0.034375 0.146296 0.712403
0 0.572917 0.385185 0.0354167 0.148148 0.714724
0 0.0229167 0.384259 0.0416667 0.190741 0.717474
0 0.919271 0.619444 0.159375 0.683333 0.720693
0 0.364583 0.369444 0.0333333 0.168519 0.720884
0 0.619792 0.365741 0.0208333 0.105556 0.725558
0 0.573438 0.387963 0.034375 0.146296 0.73516
0 0.364583 0.369444 0.0333333 0.168519 0.73543
0 0.364583 0.37037 0.0333333 0.166667 0.738407
0 0.365104 0.37037 0.034375 0.166667 0.7413
0 0.364583 0.37037 0.0333333 0.166667 0.747763
0 0.775 0.601852 0.1375 0.644444 0.749369
0 0.776042 0.602778 0.1375 0.646296 0.751559
0 0.921354 0.619444 0.157292 0.687037 0.758988
0 0.573438 0.387037 0.034375 0.148148 0.760764
0 0.364583 0.37037 0.0333333 0.166667 0.773289
0 0.021875 0.386111 0.0395833 0.17963 0.792379
0 0.776563 0.608333 0.136458 0.642593 0.792953
0 0.021875 0.385185 0.0416667 0.185185 0.797452
0 0.021875 0.386111 0.0395833 0.183333 0.805189
0 0.021875 0.385185 0.0416667 0.185185 0.820754
0 0.776563 0.609259 0.136458 0.644444 0.838088
0 0.021875 0.385185 0.0416667 0.185185 0.841199
0 0.775521 0.615741 0.136458 0.657407 0.867459
0 0.775521 0.615741 0.136458 0.657407 0.871442
