0 0.6375 0.388889 0.0229167 0.203704 0.258545
0 0.33125 0.352778 0.01875 0.087037 0.263287
0 0.346354 0.34537 0.0135417 0.0796296 0.26463
0 0.33125 0.353704 0.01875 0.0851852 0.272212
0 0.488021 0.372222 0.0302083 0.12963 0.273627
0 0.488542 0.372222 0.0291667 0.12963 0.276963
0 0.374479 0.335185 0.015625 0.0814815 0.27787
0 0.633854 0.382407 0.021875 0.187037 0.280843
0 0.633854 0.382407 0.021875 0.190741 0.281568
0 0.513542 0.344444 0.0208333 0.0777778 0.286272
0 0.644271 0.386111 0.034375 0.224074 0.288319
0 0.0104167 0.385185 0.0208333 0.144444 0.289822
0 0.440104 0.371296 0.028125 0.138889 0.292886
0 0.660417 0.391667 0.0458333 0.22037 0.294586
0 0.659896 0.389815 0.0447917 0.224074 0.295852
0 0.644271 0.386111 0.034375 0.224074 0.302442
0 0.635938 0.37037 0.021875 0.17037 0.31169
0 0.00989583 0.385185 0.0197917 0.144444 0.318293
0 0.0104167 0.381481 0.0208333 0.12963 0.322728
0 0.661458 0.383333 0.04375 0.225926 0.324241
13 0.398958 0.575 0.09375 0.183333 0.336143
13 0.399479 0.575926 0.0927083 0.181481 0.339775
0 0.492708 0.374074 0.0291667 0.140741 0.340173
0 0.608333 0.371296 0.025 0.131481 0.344153
13 0.398958 0.575926 0.09375 0.181481 0.346186
0 0.009375 0.378704 0.01875 0.131481 0.34776
0 0.513542 0.339815 0.0166667 0.0685185 0.352746
13 0.397917 0.57963 0.09375 0.188889 0.3583
0 0.335938 0.350926 0.021875 0.0833333 0.361462
0 0.328125 0.353704 0.0208333 0.0814815 0.361591
0 0.575521 0.350926 0.0177083 0.0685185 0.363341
0 0.493229 0.368519 0.0260417 0.12963 0.364624
0 0.327604 0.353704 0.021875 0.0814815 0.366093
0 0.513021 0.340741 0.015625 0.0703704 0.370033
0 0.334896 0.350926 0.021875 0.0833333 0.374016
0 0.609375 0.371296 0.0270833 0.135185 0.375843
0 0.576042 0.350926 0.01875 0.0722222 0.378193
0 0.36875 0.337963 0.01875 0.087037 0.378883
0 0.335417 0.350926 0.0208333 0.0833333 0.380401
13 0.397917 0.580556 0.09375 0.187037 0.384651
0 0.492188 0.374074 0.028125 0.140741 0.386351
13 0.398958 0.576852 0.09375 0.183333 0.393697
0 0.328125 0.353704 0.0208333 0.0814815 0.401207
0 0.491667 0.371296 0.0291667 0.142593 0.407404
0 0.513542 0.340741 0.0166667 0.0703704 0.407622
0 0.576042 0.350926 0.01875 0.0685185 0.410356
0 0.370313 0.338889 0.0177083 0.0851852 0.415421
0 0.660937 0.383333 0.0427083 0.22963 0.420941
0 0.513542 0.341667 0.0166667 0.0685185 0.425721
13 0.398958 0.577778 0.09375 0.185185 0.426558
0 0.492708 0.374074 0.025 0.133333 0.42704
0 0.640625 0.389815 0.0229167 0.216667 0.43024
0 0.515104 0.339815 0.015625 0.0648148 0.433163
13 0.397917 0.576852 0.09375 0.187037 0.433166
13 0.397917 0.575926 0.09375 0.185185 0.434682
0 0.608854 0.373148 0.0239583 0.131481 0.435872
13 0.397917 0.575926 0.09375 0.185185 0.436822
0 0.370313 0.338889 0.015625 0.0851852 0.437097
0 0.640625 0.390741 0.0229167 0.214815 0.43784
0 0.577604 0.35 0.015625 0.0703704 0.444296
0 0.369792 0.340741 0.0166667 0.0814815 0.450075
13 0.398958 0.574074 0.09375 0.177778 0.451262
0 0.514063 0.340741 0.015625 0.0666667 0.453944
0 0.440104 0.37037 0.0302083 0.133333 0.455169
0 0.577083 0.350926 0.0166667 0.0722222 0.457741
0 0.577083 0.35 0.0166667 0.0703704 0.459927
0 0.492708 0.374074 0.0270833 0.140741 0.461398
0 0.578125 0.35 0.0166667 0.0703704 0.462702
0 0.608854 0.371296 0.0239583 0.127778 0.463416
0 0.608854 0.37037 0.0239583 0.12963 0.463544
0 0.370313 0.340741 0.0177083 0.0814815 0.464739
0 0.370313 0.338889 0.0197917 0.0851852 0.468886
0 0.657812 0.388889 0.0489583 0.233333 0.472043
0 0.514583 0.340741 0.0166667 0.0666667 0.475519
13 0.398958 0.575926 0.09375 0.181481 0.47602
0 0.215104 0.449074 0.0885417 0.431481 0.476716
0 0.370313 0.340741 0.0177083 0.0814815 0.476722
0 0.657812 0.386111 0.0510417 0.235185 0.476968
0 0.215104 0.449074 0.0885417 0.431481 0.478325
0 0.215104 0.449074 0.0885417 0.427778 0.480425
0 0.654688 0.387037 0.0552083 0.22963 0.481833
0 0.608854 0.371296 0.0260417 0.131481 0.483062
0 0.370313 0.338889 0.015625 0.0851852 0.484702
0 0.661979 0.384259 0.0427083 0.227778 0.485238
0 0.578125 0.35 0.0166667 0.0703704 0.48951
0 0.492188 0.371296 0.028125 0.138889 0.490778
0 0.491667 0.372222 0.0291667 0.140741 0.490985
0 0.657292 0.388889 0.05 0.233333 0.493412
0 0.371875 0.337037 0.01875 0.0851852 0.495315
0 0.514063 0.340741 0.015625 0.0666667 0.497719
0 0.0104167 0.382407 0.0208333 0.138889 0.498536
0 0.660937 0.384259 0.0427083 0.231481 0.499895
0 0.577083 0.35 0.0166667 0.0740741 0.499991
0 0.608854 0.371296 0.0260417 0.135185 0.500538
0 0.514063 0.340741 0.015625 0.0666667 0.508974
0 0.577083 0.35 0.0166667 0.0703704 0.510321
0 0.330729 0.352778 0.0197917 0.0796296 0.514629
0 0.6625 0.382407 0.0416667 0.231481 0.514696
0 0.0104167 0.382407 0.0208333 0.138889 0.516656
0 0.492188 0.371296 0.028125 0.138889 0.526195
0 0.009375 0.381481 0.01875 0.140741 0.534695
0 0.656771 0.387963 0.0552083 0.231481 0.534995
0 0.0104167 0.383333 0.0208333 0.144444 0.535893
0 0.514583 0.340741 0.0166667 0.0666667 0.536129
0 0.514063 0.340741 0.015625 0.0666667 0.539757
0 0.608854 0.372222 0.0239583 0.133333 0.54679
0 0.0104167 0.37963 0.0208333 0.144444 0.553083
0 0.657292 0.387037 0.0541667 0.233333 0.55449
0 0.607813 0.371296 0.0260417 0.131481 0.554577
0 0.608854 0.372222 0.0239583 0.133333 0.554587
0 0.009375 0.381481 0.01875 0.140741 0.556357
0 0.577083 0.35 0.0166667 0.0740741 0.565515
0 0.441667 0.374074 0.03125 0.144444 0.569298
0 0.492708 0.371296 0.0270833 0.138889 0.5709
0 0.329688 0.353704 0.0197917 0.0777778 0.587794
0 0.608854 0.37037 0.0260417 0.133333 0.591501
0 0.441667 0.374074 0.03125 0.144444 0.596108
0 0.493229 0.367593 0.0260417 0.138889 0.604042
0 0.608333 0.374074 0.0229167 0.140741 0.604676
0 0.493229 0.366667 0.0260417 0.137037 0.611393
0 0.608854 0.374074 0.0239583 0.140741 0.612307
0 0.330729 0.353704 0.0177083 0.0777778 0.619364
0 0.330729 0.353704 0.0197917 0.0814815 0.622654
0 0.330729 0.353704 0.0197917 0.0814815 0.640131
0 0.608854 0.37037 0.0239583 0.133333 0.643012
0 0.330729 0.353704 0.0197917 0.0814815 0.646349
0 0.441667 0.374074 0.03125 0.144444 0.647011
0 0.492708 0.371296 0.025 0.138889 0.647744
0 0.658854 0.387037 0.0489583 0.22963 0.651113
0 0.609375 0.371296 0.025 0.135185 0.681445
0 0.492708 0.374074 0.025 0.137037 0.682097
0 0.440104 0.37037 0.0302083 0.137037 0.687286
0 0.492708 0.374074 0.025 0.137037 0.688965
0 0.658854 0.388889 0.0427083 0.22963 0.690348
0 0.440625 0.373148 0.03125 0.142593 0.693218
0 0.440104 0.371296 0.0302083 0.135185 0.695329
0 0.440625 0.371296 0.0291667 0.15 0.696303
0 0.658333 0.387963 0.0479167 0.231481 0.697909
0 0.440625 0.371296 0.0291667 0.146296 0.698657
0 0.658854 0.387037 0.0427083 0.22963 0.70062
0 0.440625 0.373148 0.03125 0.142593 0.701888
0 0.608854 0.371296 0.0260417 0.131481 0.721936
0 0.659896 0.386111 0.0447917 0.231481 0.733661
0 0.659896 0.386111 0.0447917 0.231481 0.736633
0 0.658333 0.387037 0.0479167 0.22963 0.74442
0 0.440625 0.374074 0.03125 0.144444 0.753075
0 0.608854 0.37037 0.0239583 0.133333 0.753496
0 0.608854 0.369444 0.0239583 0.131481 0.756612
0 0.441146 0.374074 0.0302083 0.144444 0.788509
0 0.441146 0.374074 0.0302083 0.144444 0.791812
0 0.214583 0.446296 0.0895833 0.42963 0.801718
0 0.441146 0.373148 0.0302083 0.146296 0.810379
0 0.214583 0.447222 0.0895833 0.431481 0.822852
0 0.214062 0.446296 0.0864583 0.444444 0.834981
0 0.440104 0.37037 0.0302083 0.144444 0.836035
0 0.214062 0.447222 0.0864583 0.438889 0.83727
0 0.440104 0.37037 0.0302083 0.140741 0.844001
0 0.214062 0.446296 0.0864583 0.440741 0.84412
0 0.214583 0.452778 0.0875 0.438889 0.860735
0 0.214583 0.450926 0.0875 0.438889 0.862297
0 0.214583 0.452778 0.0875 0.438889 0.86305
0 0.215104 0.447222 0.0885417 0.427778 0.877397
0 0.215104 0.447222 0.0864583 0.427778 0.882587
0 0.214583 0.447222 0.0875 0.427778 0.883689
0 0.215104 0.447222 0.0885417 0.427778 0.888643
