0 0.486979 0.300926 0.0239583 0.127778 0.251417
0 0.390625 0.294444 0.0229167 0.111111 0.253048
0 0.138021 0.300926 0.0260417 0.12037 0.253081
0 0.258333 0.273148 0.03125 0.12037 0.253884
0 0.257812 0.273148 0.0302083 0.116667 0.256849
0 0.257812 0.273148 0.0302083 0.116667 0.258162
0 0.486979 0.301852 0.0239583 0.125926 0.262094
0 0.139062 0.322222 0.0260417 0.155556 0.262505
37 0.820312 0.211111 0.0572917 0.185185 0.26326
0 0.832812 0.518519 0.123958 0.681481 0.263824
0 0.486979 0.301852 0.0239583 0.125926 0.263927
37 0.820312 0.210185 0.0572917 0.183333 0.266109
37 0.81875 0.213889 0.0541667 0.187037 0.266718
37 0.818229 0.212963 0.053125 0.188889 0.27108
0 0.388021 0.294444 0.0239583 0.114815 0.272272
37 0.820833 0.210185 0.05625 0.183333 0.275887
0 0.134896 0.296296 0.0239583 0.103704 0.276754
0 0.1375 0.298148 0.025 0.111111 0.27747
0 0.252083 0.274074 0.0333333 0.118519 0.277869
0 0.388021 0.294444 0.0239583 0.114815 0.278953
0 0.06875 0.300926 0.0270833 0.127778 0.279371
0 0.549479 0.296296 0.028125 0.125926 0.279885
0 0.0208333 0.273148 0.0125 0.0648148 0.280082
0 0.0208333 0.272222 0.0125 0.0666667 0.281121
0 0.488021 0.301852 0.021875 0.12963 0.281251
0 0.0677083 0.300926 0.0270833 0.127778 0.281916
0 0.956771 0.526852 0.0864583 0.653704 0.284786
0 0.389062 0.302778 0.0239583 0.127778 0.288323
0 0.00625 0.274074 0.0125 0.0666667 0.29495
0 0.1375 0.298148 0.025 0.111111 0.294984
0 0.451562 0.310185 0.059375 0.172222 0.298843
0 0.389062 0.302778 0.0239583 0.127778 0.299703
0 0.3875 0.294444 0.0229167 0.114815 0.301114
0 0.1375 0.298148 0.025 0.111111 0.303199
0 0.486458 0.303704 0.0270833 0.133333 0.305046
0 0.00625 0.273148 0.0125 0.0648148 0.30523
0 0.00625 0.274074 0.0125 0.062963 0.307656
0 0.164583 0.32037 0.0375 0.181481 0.310121
0 0.610417 0.293519 0.0291667 0.105556 0.310546
0 0.135937 0.299074 0.0260417 0.101852 0.312129
0 0.449479 0.310185 0.059375 0.172222 0.313345
0 0.313542 0.277778 0.0270833 0.0703704 0.313761
0 0.138021 0.303704 0.0260417 0.12963 0.318925
0 0.138021 0.30463 0.0260417 0.127778 0.322865
0 0.833854 0.530556 0.121875 0.672222 0.32427
0 0.389583 0.30463 0.0229167 0.131481 0.324501
0 0.486458 0.30463 0.0270833 0.127778 0.326165
0 0.956771 0.522222 0.0864583 0.651852 0.328177
0 0.252604 0.274074 0.0364583 0.122222 0.328303
0 0.0677083 0.303704 0.025 0.12963 0.328501
0 0.165104 0.321296 0.0364583 0.17963 0.329197
0 0.00625 0.273148 0.0125 0.0611111 0.330889
0 0.449479 0.310185 0.059375 0.172222 0.331981
0 0.136979 0.294444 0.0260417 0.103704 0.339237
0 0.06875 0.3 0.025 0.125926 0.342995
0 0.252604 0.274074 0.034375 0.118519 0.34513
0 0.136458 0.299074 0.0270833 0.101852 0.349182
0 0.135937 0.299074 0.0260417 0.101852 0.349693
0 0.0677083 0.3 0.025 0.12963 0.351134
0 0.165625 0.331481 0.0354167 0.2 0.351831
0 0.1375 0.3 0.0270833 0.111111 0.359299
0 0.313021 0.277778 0.0260417 0.0703704 0.360685
0 0.5875 0.319444 0.03125 0.127778 0.361992
0 0.313021 0.277778 0.0260417 0.0666667 0.36756
0 0.5875 0.319444 0.03125 0.127778 0.367659
0 0.06875 0.296296 0.0229167 0.122222 0.370977
0 0.165625 0.332407 0.0354167 0.201852 0.373189
0 0.313021 0.277778 0.0260417 0.0666667 0.379168
0 0.135937 0.294444 0.0260417 0.1 0.381015
0 0.548958 0.29537 0.0270833 0.124074 0.38222
0 0.485938 0.302778 0.0260417 0.131481 0.387034
0 0.1375 0.3 0.0270833 0.114815 0.38959
0 0.5875 0.319444 0.03125 0.127778 0.390103
0 0.313542 0.278704 0.025 0.0685185 0.392026
0 0.135937 0.29537 0.0260417 0.101852 0.397975
0 0.313542 0.277778 0.0270833 0.0703704 0.399176
0 0.165625 0.330556 0.0354167 0.198148 0.399294
0 0.313542 0.278704 0.025 0.0685185 0.410875
0 0.313542 0.278704 0.025 0.0685185 0.412733
0 0.135937 0.29537 0.0260417 0.101852 0.414921
0 0.615625 0.292593 0.0208333 0.0851852 0.421172
0 0.136979 0.299074 0.0260417 0.109259 0.424213
0 0.390625 0.298148 0.0229167 0.125926 0.441408
0 0.485938 0.303704 0.0260417 0.125926 0.442932
0 0.163542 0.323148 0.0333333 0.17963 0.447498
0 0.390104 0.300926 0.0197917 0.127778 0.457504
0 0.163542 0.322222 0.0333333 0.181481 0.460841
0 0.314063 0.278704 0.0239583 0.0685185 0.461445
0 0.615104 0.291667 0.0197917 0.087037 0.464756
0 0.314063 0.276852 0.0260417 0.0685185 0.470051
0 0.615104 0.292593 0.0197917 0.0851852 0.479992
0 0.314063 0.277778 0.0239583 0.0666667 0.480198
0 0.314063 0.277778 0.0239583 0.0666667 0.480496
0 0.314063 0.276852 0.0260417 0.0648148 0.483673
0 0.588021 0.319444 0.0302083 0.127778 0.483682
0 0.314063 0.276852 0.0260417 0.0648148 0.485295
0 0.390625 0.297222 0.0208333 0.116667 0.489708
0 0.833333 0.52037 0.122917 0.644444 0.49085
0 0.390104 0.299074 0.021875 0.127778 0.491937
0 0.588021 0.318519 0.0302083 0.12963 0.494021
0 0.611979 0.293519 0.0260417 0.101852 0.49487
0 0.390625 0.297222 0.0208333 0.116667 0.498507
0 0.390104 0.299074 0.021875 0.127778 0.505894
0 0.588021 0.318519 0.0302083 0.12963 0.510245
0 0.390625 0.297222 0.0208333 0.116667 0.513367
0 0.166667 0.322222 0.0333333 0.185185 0.516034
0 0.390104 0.300926 0.021875 0.124074 0.518783
0 0.166146 0.322222 0.0322917 0.185185 0.529595
0 0.254687 0.273148 0.034375 0.116667 0.547078
0 0.485938 0.303704 0.0239583 0.125926 0.553455
0 0.06875 0.301852 0.0229167 0.125926 0.553709
0 0.255208 0.273148 0.0354167 0.116667 0.562352
0 0.163542 0.324074 0.0354167 0.177778 0.567965
0 0.440104 0.316667 0.0364583 0.188889 0.572445
0 0.254687 0.273148 0.034375 0.116667 0.576565
0 0.550521 0.302778 0.028125 0.124074 0.581321
0 0.833854 0.519444 0.126042 0.653704 0.581932
0 0.313542 0.276852 0.025 0.0685185 0.584568
0 0.0682292 0.300926 0.0239583 0.127778 0.5879
0 0.615625 0.289815 0.0208333 0.0907407 0.589105
0 0.313542 0.276852 0.025 0.0685185 0.589628
0 0.551042 0.298148 0.0291667 0.125926 0.590893
0 0.550521 0.301852 0.028125 0.125926 0.59164
0 0.256771 0.274074 0.0322917 0.122222 0.595294
0 0.5875 0.316667 0.0291667 0.133333 0.596967
0 0.485938 0.303704 0.0239583 0.125926 0.597582
0 0.957292 0.533333 0.0854167 0.696296 0.598716
0 0.440104 0.315741 0.0364583 0.187037 0.600059
0 0.164062 0.325 0.034375 0.17963 0.60513
0 0.551042 0.297222 0.0291667 0.127778 0.605862
0 0.485938 0.303704 0.0239583 0.125926 0.607202
0 0.55 0.301852 0.0291667 0.125926 0.608111
0 0.55 0.3 0.0291667 0.12963 0.608671
0 0.256771 0.275 0.0322917 0.12037 0.611382
0 0.55 0.3 0.0291667 0.12963 0.619889
0 0.486458 0.301852 0.0229167 0.12963 0.621295
0 0.256771 0.275 0.0322917 0.12037 0.622595
0 0.06875 0.299074 0.0229167 0.127778 0.626549
0 0.550521 0.298148 0.028125 0.125926 0.626558
0 0.06875 0.299074 0.0229167 0.127778 0.626589
0 0.25625 0.274074 0.0333333 0.118519 0.627414
0 0.55 0.3 0.0291667 0.12963 0.632035
0 0.06875 0.299074 0.0229167 0.127778 0.632355
0 0.0692708 0.299074 0.021875 0.124074 0.63349
0 0.615625 0.289815 0.0208333 0.0907407 0.638171
0 0.0692708 0.299074 0.021875 0.124074 0.639323
0 0.255729 0.275 0.034375 0.116667 0.640055
0 0.163542 0.325 0.0354167 0.17963 0.642083
0 0.0692708 0.299074 0.021875 0.124074 0.642537
0 0.165625 0.325 0.0354167 0.17963 0.643359
0 0.255729 0.274074 0.034375 0.118519 0.645391
0 0.549479 0.300926 0.028125 0.127778 0.645858
0 0.549479 0.301852 0.028125 0.12963 0.647949
0 0.25625 0.274074 0.0333333 0.114815 0.648654
0 0.615625 0.289815 0.0208333 0.0907407 0.650074
0 0.165104 0.325 0.034375 0.17963 0.651847
0 0.25625 0.273148 0.0333333 0.116667 0.65275
0 0.25625 0.275 0.0333333 0.116667 0.654623
0 0.255729 0.275 0.034375 0.116667 0.659379
0 0.486458 0.301852 0.0229167 0.133333 0.659544
0 0.486458 0.301852 0.0229167 0.12963 0.662923
0 0.486458 0.301852 0.0229167 0.12963 0.662945
0 0.25625 0.275 0.0333333 0.116667 0.665857
0 0.165104 0.325926 0.034375 0.181481 0.66867
0 0.165625 0.324074 0.03125 0.185185 0.670244
0 0.549479 0.300926 0.028125 0.127778 0.673998
0 0.439583 0.315741 0.0354167 0.17963 0.680398
0 0.165104 0.324074 0.0302083 0.185185 0.682729
0 0.25625 0.274074 0.0333333 0.118519 0.683001
0 0.588021 0.316667 0.0302083 0.125926 0.683019
0 0.615104 0.287963 0.021875 0.0944444 0.689513
0 0.549479 0.298148 0.028125 0.125926 0.692209
0 0.615104 0.287963 0.021875 0.0944444 0.696777
0 0.956771 0.523148 0.0864583 0.67963 0.700596
0 0.439583 0.315741 0.0354167 0.187037 0.701255
0 0.548958 0.298148 0.0291667 0.12963 0.701903
0 0.486458 0.303704 0.0229167 0.12963 0.703694
0 0.615104 0.288889 0.021875 0.0925926 0.707524
0 0.486979 0.303704 0.0239583 0.125926 0.723753
0 0.486458 0.301852 0.0229167 0.133333 0.72622
0 0.549479 0.298148 0.028125 0.12963 0.727606
0 0.486458 0.301852 0.0229167 0.133333 0.729775
0 0.439063 0.315741 0.034375 0.187037 0.731755
0 0.439583 0.315741 0.0354167 0.17963 0.734373
0 0.588021 0.316667 0.0302083 0.12963 0.735646
0 0.439583 0.314815 0.0354167 0.185185 0.736908
0 0.615104 0.288889 0.021875 0.0962963 0.737902
0 0.586979 0.317593 0.0302083 0.131481 0.73815
0 0.588021 0.313889 0.0302083 0.135185 0.74168
0 0.833333 0.522222 0.122917 0.674074 0.742354
0 0.588021 0.313889 0.0302083 0.135185 0.745457
0 0.615104 0.288889 0.021875 0.0962963 0.746141
0 0.588021 0.317593 0.0302083 0.127778 0.74748
0 0.439063 0.316667 0.034375 0.185185 0.750782
0 0.549479 0.299074 0.028125 0.131481 0.751087
0 0.5875 0.316667 0.0291667 0.133333 0.755709
0 0.439583 0.315741 0.0354167 0.187037 0.7573
0 0.956771 0.524074 0.0864583 0.703704 0.764058
0 0.588021 0.314815 0.0302083 0.133333 0.773696
0 0.832812 0.525926 0.126042 0.677778 0.777685
0 0.549479 0.299074 0.028125 0.131481 0.778504
0 0.549479 0.299074 0.028125 0.131481 0.779051
0 0.439063 0.314815 0.034375 0.181481 0.779514
0 0.439583 0.315741 0.0354167 0.17963 0.780006
0 0.439583 0.315741 0.0333333 0.183333 0.789877
0 0.588021 0.316667 0.0302083 0.133333 0.795606
0 0.833333 0.523148 0.122917 0.664815 0.802113
0 0.588021 0.316667 0.0302083 0.133333 0.803067
0 0.956771 0.527778 0.0864583 0.714815 0.812629
0 0.957292 0.525 0.0854167 0.698148 0.814851
0 0.588021 0.316667 0.0302083 0.133333 0.823912
0 0.832812 0.525 0.126042 0.672222 0.829905
0 0.956771 0.523148 0.0864583 0.683333 0.83183
0 0.832812 0.524074 0.121875 0.67037 0.848637
0 0.95625 0.526852 0.0875 0.72037 0.852159
0 0.956771 0.527778 0.0864583 0.714815 0.854055
0 0.95625 0.525 0.0875 0.72037 0.878993
0 0.832812 0.527778 0.123958 0.677778 0.910799
0 0.832812 0.526852 0.123958 0.675926 0.913759
0 0.833854 0.519444 0.126042 0.67963 0.933852
