0 0.490625 0.375 0.0291667 0.12037 0.250727
0 0.211979 0.364815 0.028125 0.114815 0.252087
0 0.211979 0.365741 0.028125 0.116667 0.252449
0 0.469792 0.37037 0.025 0.0925926 0.253973
0 0.429688 0.375926 0.0302083 0.125926 0.257802
0 0.186979 0.473148 0.130208 0.45 0.260467
0 0.335938 0.365741 0.021875 0.105556 0.260471
0 0.186979 0.474074 0.130208 0.455556 0.265349
0 0.491146 0.372222 0.0239583 0.118519 0.270361
0 0.335938 0.365741 0.021875 0.105556 0.273097
0 0.186979 0.474074 0.130208 0.451852 0.275641
0 0.369792 0.346296 0.01875 0.0777778 0.277775
0 0.491146 0.372222 0.0239583 0.118519 0.279097
0 0.670313 0.389815 0.0510417 0.205556 0.280941
0 0.602604 0.372222 0.028125 0.118519 0.281722
0 0.335938 0.365741 0.021875 0.105556 0.286018
0 0.582812 0.357407 0.015625 0.0703704 0.289625
0 0.215104 0.362963 0.0322917 0.103704 0.304063
0 0.215625 0.362037 0.03125 0.105556 0.3074
0 0.602083 0.372222 0.0270833 0.122222 0.316081
0 0.602604 0.372222 0.028125 0.122222 0.316966
0 0.430208 0.375 0.0291667 0.135185 0.318928
0 0.371354 0.351852 0.015625 0.0703704 0.32017
0 0.58125 0.357407 0.0166667 0.0703704 0.321011
0 0.430208 0.374074 0.0291667 0.137037 0.322343
0 0.582292 0.356481 0.0145833 0.0685185 0.329715
0 0.215625 0.362963 0.03125 0.103704 0.337627
0 0.490625 0.375 0.0270833 0.116667 0.337755
0 0.655729 0.396296 0.0489583 0.237037 0.340447
0 0.490625 0.375 0.0270833 0.12037 0.340985
0 0.656771 0.398148 0.0489583 0.240741 0.344316
0 0.656771 0.396296 0.0489583 0.237037 0.356411
0 0.491146 0.376852 0.028125 0.131481 0.362644
24 0.682292 0.368519 0.0270833 0.0851852 0.369349
0 0.582812 0.357407 0.015625 0.0703704 0.375139
0 0.217187 0.364815 0.0322917 0.107407 0.37539
0 0.370833 0.351852 0.0145833 0.0703704 0.376042
0 0.430208 0.37963 0.0291667 0.151852 0.381194
0 0.430208 0.37963 0.0291667 0.137037 0.384002
0 0.370313 0.350926 0.0177083 0.0759259 0.384694
0 0.370833 0.350926 0.0166667 0.0759259 0.388063
0 0.430208 0.380556 0.0291667 0.153704 0.388229
0 0.489583 0.376852 0.025 0.112963 0.39403
0 0.216667 0.363889 0.0333333 0.109259 0.395756
0 0.217187 0.363889 0.0322917 0.109259 0.397915
0 0.370313 0.35 0.0177083 0.0740741 0.401806
0 0.489062 0.376852 0.0239583 0.116667 0.401883
0 0.370833 0.352778 0.0145833 0.0685185 0.406209
0 0.490625 0.374074 0.0270833 0.118519 0.412291
0 0.371354 0.35 0.015625 0.0777778 0.41638
0 0.189583 0.482407 0.13125 0.446296 0.417257
0 0.371354 0.350926 0.015625 0.0759259 0.41903
0 0.189583 0.482407 0.13125 0.446296 0.423646
0 0.490625 0.375926 0.0270833 0.12963 0.424606
0 0.189583 0.480556 0.13125 0.45 0.424816
0 0.664062 0.399074 0.053125 0.242593 0.425156
0 0.601562 0.382407 0.028125 0.127778 0.425827
0 0.601562 0.382407 0.028125 0.127778 0.428425
0 0.601562 0.382407 0.028125 0.127778 0.431209
0 0.489062 0.376852 0.0239583 0.112963 0.431724
0 0.213542 0.362037 0.03125 0.105556 0.435335
0 0.213542 0.361111 0.03125 0.107407 0.439578
0 0.371354 0.350926 0.015625 0.0759259 0.452745
0 0.432813 0.377778 0.0260417 0.140741 0.456461
0 0.213542 0.361111 0.03125 0.107407 0.458943
0 0.432813 0.377778 0.0260417 0.140741 0.462059
0 0.429688 0.375926 0.028125 0.144444 0.473103
0 0.429688 0.375926 0.028125 0.144444 0.476093
0 0.491146 0.377778 0.0260417 0.12963 0.47997
0 0.491146 0.374074 0.0260417 0.114815 0.483971
0 0.215625 0.363889 0.0354167 0.109259 0.500191
0 0.334375 0.372222 0.0229167 0.103704 0.509448
0 0.215104 0.362963 0.0322917 0.107407 0.509494
0 0.215104 0.362963 0.0322917 0.107407 0.512017
0 0.334896 0.372222 0.021875 0.103704 0.512032
0 0.215625 0.362963 0.0333333 0.107407 0.517686
0 0.491667 0.374074 0.025 0.118519 0.518433
0 0.334375 0.372222 0.0229167 0.103704 0.518976
0 0.215625 0.363889 0.0354167 0.109259 0.523016
0 0.215625 0.362963 0.0333333 0.103704 0.529251
0 0.215625 0.362963 0.0354167 0.107407 0.529801
0 0.215625 0.362037 0.0333333 0.105556 0.532498
0 0.664583 0.403704 0.0541667 0.244444 0.548262
0 0.215625 0.362037 0.0333333 0.105556 0.551814
0 0.185937 0.483333 0.132292 0.437037 0.567293
0 0.185937 0.483333 0.132292 0.444444 0.572568
0 0.663542 0.400926 0.0583333 0.246296 0.576759
0 0.186458 0.483333 0.13125 0.448148 0.576943
0 0.184896 0.477778 0.130208 0.459259 0.577597
0 0.490625 0.378704 0.025 0.12037 0.584451
0 0.184896 0.477778 0.130208 0.455556 0.585856
0 0.602083 0.377778 0.0291667 0.12963 0.595833
0 0.184896 0.477778 0.132292 0.455556 0.60115
0 0.334375 0.373148 0.0208333 0.101852 0.603939
0 0.490104 0.378704 0.0239583 0.12037 0.60979
0 0.601042 0.381481 0.0291667 0.12963 0.617794
0 0.490104 0.378704 0.0239583 0.12037 0.618658
0 0.602083 0.380556 0.0291667 0.131481 0.619973
0 0.663542 0.400926 0.0583333 0.246296 0.621614
0 0.602604 0.377778 0.028125 0.125926 0.633966
0 0.334375 0.369444 0.0208333 0.105556 0.640112
0 0.602083 0.378704 0.0291667 0.127778 0.642761
0 0.602083 0.378704 0.0291667 0.127778 0.642786
0 0.602083 0.380556 0.0291667 0.127778 0.656958
0 0.430729 0.380556 0.028125 0.138889 0.662505
0 0.602083 0.378704 0.0270833 0.127778 0.665317
0 0.430729 0.380556 0.028125 0.142593 0.66846
0 0.663021 0.400926 0.059375 0.246296 0.671163
0 0.334375 0.37037 0.0208333 0.0962963 0.678391
0 0.602083 0.378704 0.0270833 0.124074 0.681715
0 0.664062 0.400926 0.0572917 0.246296 0.689182
0 0.663542 0.403704 0.0583333 0.248148 0.69248
0 0.334375 0.371296 0.0208333 0.0981481 0.717214
0 0.334375 0.371296 0.0208333 0.0981481 0.71953
0 0.602083 0.37963 0.0291667 0.12963 0.722436
0 0.430729 0.380556 0.028125 0.138889 0.725434
0 0.601562 0.37963 0.028125 0.12963 0.735638
0 0.663021 0.401852 0.0572917 0.248148 0.741031
0 0.664062 0.402778 0.0572917 0.246296 0.742378
0 0.43125 0.381481 0.0291667 0.151852 0.745549
0 0.602083 0.37963 0.0291667 0.12963 0.745967
0 0.334375 0.372222 0.0208333 0.1 0.746346
0 0.663542 0.402778 0.0583333 0.25 0.747293
0 0.663542 0.401852 0.0583333 0.248148 0.751595
0 0.602083 0.37963 0.0291667 0.12963 0.752393
0 0.664062 0.4 0.0552083 0.255556 0.753696
0 0.43125 0.380556 0.0291667 0.146296 0.754026
0 0.43125 0.37963 0.0291667 0.148148 0.758367
0 0.334375 0.369444 0.0208333 0.101852 0.760071
0 0.431771 0.381481 0.028125 0.151852 0.762607
0 0.43125 0.381481 0.0291667 0.148148 0.765089
0 0.334375 0.37037 0.0208333 0.103704 0.777032
0 0.334375 0.37037 0.0208333 0.103704 0.77837
0 0.43125 0.37963 0.0291667 0.148148 0.792239
0 0.601562 0.37963 0.028125 0.12963 0.798226
0 0.601562 0.37963 0.028125 0.12963 0.801621
0 0.430208 0.378704 0.0291667 0.146296 0.817106
0 0.430208 0.378704 0.0291667 0.142593 0.8272
0 0.664062 0.402778 0.0552083 0.257407 0.83587
0 0.186979 0.47963 0.130208 0.444444 0.881176
0 0.186458 0.47963 0.129167 0.462963 0.891234
0 0.185937 0.477778 0.130208 0.444444 0.897152
0 0.186979 0.47963 0.130208 0.444444 0.901127
0 0.185937 0.47963 0.130208 0.444444 0.901798
0 0.185937 0.47963 0.130208 0.444444 0.904684
0 0.186458 0.47963 0.129167 0.459259 0.907943
0 0.185937 0.477778 0.130208 0.444444 0.908039
0 0.186458 0.47963 0.13125 0.459259 0.910935
