0 0.536458 0.339815 0.0166667 0.0722222 0.253945
0 0.491667 0.372222 0.0291667 0.133333 0.254708
0 0.511979 0.362963 0.0260417 0.0962963 0.256823
0 0.488542 0.371296 0.0291667 0.12037 0.25872
0 0.185937 0.424074 0.046875 0.244444 0.258996
0 0.445312 0.364815 0.0302083 0.133333 0.260571
0 0.491667 0.372222 0.0291667 0.12963 0.262615
0 0.488542 0.371296 0.0291667 0.12037 0.262741
0 0.385417 0.337963 0.01875 0.0759259 0.263249
0 0.511979 0.362963 0.0260417 0.0962963 0.267111
24 0.730208 0.361111 0.0375 0.111111 0.269791
0 0.363542 0.35 0.0270833 0.114815 0.270042
36 0.703646 0.536111 0.0510417 0.0277778 0.271351
0 0.5375 0.338889 0.0166667 0.0666667 0.273993
0 0.184896 0.373148 0.046875 0.142593 0.280195
0 0.385417 0.338889 0.01875 0.0740741 0.28541
24 0.729167 0.356481 0.0354167 0.109259 0.285413
0 0.185937 0.443519 0.053125 0.294444 0.287207
0 0.186458 0.444444 0.0520833 0.296296 0.287922
0 0.615625 0.368519 0.0270833 0.12963 0.289368
0 0.445833 0.371296 0.0291667 0.142593 0.289393
0 0.364583 0.34537 0.0270833 0.112963 0.290739
0 0.536458 0.338889 0.0145833 0.0703704 0.294777
0 0.445833 0.371296 0.0291667 0.142593 0.29621
0 0.186458 0.443519 0.0520833 0.298148 0.296999
0 0.492708 0.366667 0.0229167 0.122222 0.297982
24 0.729167 0.357407 0.0375 0.111111 0.30016
24 0.729167 0.357407 0.0375 0.103704 0.301392
0 0.536979 0.338889 0.015625 0.0666667 0.301798
0 0.491667 0.371296 0.0291667 0.131481 0.304339
0 0.118229 0.521296 0.169792 0.587037 0.309273
0 0.185417 0.374074 0.0458333 0.144444 0.310551
0 0.444271 0.365741 0.028125 0.138889 0.316011
0 0.363021 0.350926 0.0260417 0.116667 0.3192
0 0.184896 0.376852 0.046875 0.15 0.322604
0 0.492708 0.366667 0.0229167 0.122222 0.324725
0 0.536458 0.339815 0.0145833 0.0685185 0.326717
0 0.186979 0.424074 0.0510417 0.251852 0.329722
0 0.492708 0.366667 0.0229167 0.122222 0.330915
24 0.730208 0.362963 0.0375 0.103704 0.332181
0 0.614583 0.366667 0.0270833 0.12963 0.332427
0 0.502083 0.369444 0.0291667 0.101852 0.333869
0 0.614583 0.364815 0.0291667 0.125926 0.334643
0 0.508854 0.363889 0.0197917 0.0944444 0.335975
0 0.184896 0.439815 0.053125 0.305556 0.343874
24 0.729688 0.362963 0.0364583 0.103704 0.345638
0 0.615625 0.368519 0.0270833 0.12963 0.348566
0 0.183854 0.437963 0.053125 0.27963 0.353313
0 0.711458 0.399074 0.0708333 0.283333 0.353826
0 0.508854 0.367593 0.0197917 0.0907407 0.354145
0 0.184896 0.438889 0.053125 0.285185 0.355144
0 0.183854 0.438889 0.053125 0.281481 0.355779
0 0.183854 0.437963 0.053125 0.27963 0.358262
0 0.365104 0.34537 0.0260417 0.112963 0.363299
0 0.491667 0.375 0.025 0.124074 0.367262
0 0.684896 0.394444 0.0364583 0.266667 0.378942
0 0.711979 0.398148 0.0697917 0.288889 0.380798
0 0.508854 0.367593 0.0197917 0.0944444 0.381148
0 0.711458 0.400926 0.0708333 0.290741 0.387529
0 0.615625 0.368519 0.0270833 0.12963 0.392177
0 0.615625 0.364815 0.0270833 0.125926 0.394396
0 0.508333 0.367593 0.01875 0.0907407 0.399836
0 0.684896 0.394444 0.0364583 0.266667 0.399875
0 0.684896 0.39537 0.0364583 0.268519 0.406913
0 0.492188 0.371296 0.0260417 0.127778 0.408158
24 0.730729 0.362037 0.0364583 0.0944444 0.409938
0 0.614583 0.366667 0.0270833 0.12963 0.412934
0 0.363542 0.35 0.025 0.114815 0.413945
0 0.615104 0.366667 0.0260417 0.12963 0.419296
0 0.116146 0.52037 0.180208 0.588889 0.420788
0 0.185417 0.430556 0.0520833 0.27963 0.421639
0 0.364583 0.34537 0.025 0.112963 0.426615
0 0.615625 0.364815 0.0270833 0.122222 0.42811
0 0.491667 0.375 0.025 0.127778 0.430928
24 0.730729 0.362037 0.0364583 0.0944444 0.436675
0 0.508333 0.368519 0.01875 0.0925926 0.436867
0 0.491667 0.375 0.025 0.127778 0.440897
0 0.614583 0.364815 0.0291667 0.133333 0.44413
0 0.184896 0.437963 0.053125 0.283333 0.444388
0 0.492188 0.371296 0.0260417 0.131481 0.446747
0 0.363021 0.350926 0.0260417 0.112963 0.45065
24 0.730729 0.362037 0.0364583 0.0944444 0.452909
0 0.614583 0.364815 0.0291667 0.12963 0.46061
0 0.508333 0.368519 0.01875 0.0962963 0.466947
0 0.364062 0.35 0.0239583 0.118519 0.467605
24 0.73125 0.355556 0.0375 0.125926 0.478685
0 0.508333 0.368519 0.01875 0.0962963 0.48157
0 0.615625 0.363889 0.0270833 0.124074 0.483897
0 0.364583 0.350926 0.0229167 0.116667 0.487655
0 0.364062 0.350926 0.0239583 0.112963 0.489469
0 0.446354 0.37037 0.0302083 0.144444 0.502067
0 0.185417 0.438889 0.05 0.288889 0.512404
0 0.185417 0.438889 0.05 0.288889 0.515061
24 0.730729 0.362037 0.0364583 0.0981481 0.515638
24 0.73125 0.355556 0.0375 0.118519 0.517533
0 0.185417 0.438889 0.05 0.288889 0.518029
0 0.708854 0.398148 0.0635417 0.285185 0.523863
0 0.446354 0.37037 0.0302083 0.144444 0.526155
24 0.730729 0.360185 0.0364583 0.105556 0.530566
0 0.445312 0.37037 0.0302083 0.144444 0.534171
0 0.444792 0.367593 0.0291667 0.131481 0.535501
24 0.73125 0.361111 0.0375 0.1 0.541648
24 0.73125 0.361111 0.0375 0.1 0.54273
24 0.73125 0.355556 0.0375 0.118519 0.549196
0 0.709375 0.398148 0.0666667 0.281481 0.55368
0 0.711458 0.400926 0.0666667 0.287037 0.563433
24 0.730729 0.360185 0.0364583 0.105556 0.564339
0 0.708854 0.398148 0.0635417 0.285185 0.567187
0 0.686979 0.397222 0.034375 0.268519 0.57069
0 0.686458 0.396296 0.0354167 0.27037 0.572537
0 0.686979 0.397222 0.0364583 0.272222 0.587843
0 0.711458 0.398148 0.0645833 0.288889 0.590195
0 0.686458 0.397222 0.0354167 0.268519 0.592281
0 0.445833 0.368519 0.0291667 0.140741 0.593776
0 0.686979 0.397222 0.0385417 0.272222 0.599784
24 0.730729 0.360185 0.0364583 0.105556 0.602156
0 0.445312 0.369444 0.0302083 0.142593 0.606903
0 0.614583 0.365741 0.0270833 0.131481 0.619096
0 0.7125 0.406481 0.0625 0.283333 0.620306
0 0.686979 0.396296 0.0322917 0.266667 0.629135
0 0.708854 0.399074 0.0635417 0.287037 0.629893
0 0.6875 0.397222 0.0375 0.272222 0.630181
0 0.711458 0.399074 0.0666667 0.287037 0.650845
0 0.710938 0.399074 0.065625 0.287037 0.652985
0 0.711458 0.399074 0.0666667 0.287037 0.661234
0 0.615104 0.366667 0.028125 0.125926 0.667299
0 0.445312 0.368519 0.0302083 0.140741 0.685979
0 0.114063 0.509259 0.165625 0.596296 0.687698
0 0.615104 0.367593 0.028125 0.127778 0.691797
0 0.691146 0.399074 0.034375 0.272222 0.697622
0 0.113542 0.510185 0.164583 0.575926 0.702079
0 0.363542 0.349074 0.0229167 0.112963 0.710326
0 0.615104 0.367593 0.028125 0.127778 0.718862
0 0.444792 0.368519 0.0291667 0.137037 0.719006
0 0.444271 0.368519 0.028125 0.137037 0.719262
0 0.615625 0.366667 0.0270833 0.12963 0.720552
0 0.614583 0.365741 0.0270833 0.131481 0.723756
0 0.614583 0.365741 0.0270833 0.131481 0.72569
0 0.615625 0.366667 0.0270833 0.12963 0.734466
0 0.444792 0.367593 0.0291667 0.142593 0.73497
0 0.708333 0.399074 0.06875 0.287037 0.735734
0 0.116146 0.518519 0.169792 0.57037 0.763668
0 0.615104 0.367593 0.028125 0.131481 0.765045
0 0.444792 0.367593 0.0291667 0.146296 0.76604
0 0.444792 0.367593 0.0291667 0.142593 0.769678
0 0.615104 0.366667 0.028125 0.125926 0.770988
0 0.615625 0.367593 0.0270833 0.127778 0.774399
0 0.615625 0.367593 0.0270833 0.127778 0.77803
0 0.444271 0.364815 0.028125 0.144444 0.793176
0 0.364062 0.351852 0.0239583 0.114815 0.795928
0 0.364062 0.352778 0.0239583 0.116667 0.798949
0 0.363542 0.35 0.0229167 0.114815 0.801249
0 0.364062 0.353704 0.021875 0.114815 0.803246
0 0.364062 0.352778 0.021875 0.116667 0.803746
0 0.364062 0.352778 0.0239583 0.112963 0.809561
0 0.444271 0.364815 0.028125 0.140741 0.810033
0 0.364062 0.353704 0.021875 0.114815 0.816845
0 0.117188 0.510185 0.171875 0.568519 0.817066
0 0.116667 0.518519 0.170833 0.566667 0.839973
0 0.116667 0.516667 0.170833 0.566667 0.849206
0 0.115625 0.516667 0.170833 0.566667 0.855364
0 0.116146 0.519444 0.171875 0.568519 0.857328
0 0.116146 0.516667 0.169792 0.566667 0.8654
0 0.116667 0.511111 0.172917 0.577778 0.875495
0 0.115625 0.516667 0.16875 0.566667 0.878023
0 0.116146 0.516667 0.169792 0.566667 0.882421
0 0.115625 0.516667 0.16875 0.566667 0.889731
