24 0.714583 0.37037 0.0333333 0.111111 0.250476
0 0.672396 0.338889 0.0302083 0.118519 0.253259
0 0.611458 0.376852 0.0333333 0.131481 0.255398
0 0.39375 0.343519 0.01875 0.0685185 0.259667
0 0.526563 0.352778 0.0177083 0.0796296 0.260204
0 0.383333 0.349074 0.0229167 0.0722222 0.261165
0 0.504167 0.372222 0.0229167 0.107407 0.262002
0 0.389062 0.343519 0.015625 0.0722222 0.262806
0 0.672917 0.343519 0.03125 0.142593 0.270061
0 0.533854 0.349074 0.015625 0.0611111 0.27009
0 0.383333 0.35 0.0208333 0.0703704 0.271076
0 0.534375 0.35 0.0166667 0.0592593 0.272752
0 0.611458 0.375926 0.0333333 0.133333 0.274657
0 0.672917 0.344444 0.03125 0.144444 0.276235
0 0.201042 0.435185 0.04375 0.237037 0.276836
0 0.695312 0.40463 0.0677083 0.275926 0.277716
0 0.388542 0.343519 0.0145833 0.0722222 0.280321
0 0.200521 0.437963 0.046875 0.238889 0.282673
24 0.714583 0.371296 0.0333333 0.109259 0.286555
0 0.694271 0.40463 0.0697917 0.27963 0.289898
0 0.672396 0.338889 0.0302083 0.118519 0.290963
0 0.532292 0.349074 0.0145833 0.0685185 0.29189
0 0.671875 0.338889 0.0291667 0.118519 0.29485
0 0.672396 0.34537 0.0322917 0.146296 0.297205
0 0.497396 0.385185 0.021875 0.12963 0.29777
0 0.611458 0.375926 0.0333333 0.12963 0.298822
0 0.445833 0.371296 0.0291667 0.127778 0.302485
0 0.389062 0.34537 0.015625 0.0759259 0.302784
0 0.383333 0.35 0.0208333 0.0703704 0.303399
0 0.702083 0.408333 0.05625 0.272222 0.304235
0 0.389062 0.343519 0.015625 0.0722222 0.308456
0 0.706771 0.398148 0.046875 0.237037 0.312446
0 0.694792 0.407407 0.06875 0.274074 0.316009
0 0.497917 0.385185 0.0229167 0.12963 0.325752
0 0.497396 0.385185 0.0239583 0.12963 0.335147
0 0.704167 0.40463 0.05 0.272222 0.338617
0 0.445833 0.380556 0.0270833 0.153704 0.340071
0 0.445833 0.381481 0.0270833 0.155556 0.3415
0 0.703646 0.40463 0.0510417 0.275926 0.343025
0 0.386458 0.346296 0.01875 0.0777778 0.343284
0 0.530208 0.349074 0.0166667 0.0685185 0.345336
0 0.704687 0.40463 0.0489583 0.275926 0.347386
0 0.495833 0.378704 0.0270833 0.12037 0.348022
0 0.201042 0.435185 0.05 0.251852 0.349021
0 0.201042 0.434259 0.0458333 0.25 0.354485
0 0.155729 0.508333 0.144792 0.487037 0.36942
0 0.445833 0.375926 0.0270833 0.137037 0.378722
0 0.706771 0.398148 0.046875 0.240741 0.380122
0 0.15625 0.509259 0.15 0.492593 0.39102
0 0.15625 0.508333 0.147917 0.490741 0.394522
0 0.389062 0.34537 0.015625 0.0759259 0.39819
0 0.445833 0.373148 0.0291667 0.138889 0.403623
0 0.671875 0.348148 0.03125 0.140741 0.403967
0 0.671875 0.349074 0.03125 0.142593 0.404661
0 0.156771 0.508333 0.144792 0.487037 0.404742
0 0.204167 0.437963 0.0458333 0.257407 0.409414
0 0.674479 0.387037 0.034375 0.225926 0.410027
0 0.674479 0.387963 0.034375 0.224074 0.410163
0 0.499479 0.381481 0.0302083 0.12963 0.410202
0 0.203125 0.435185 0.04375 0.240741 0.410779
0 0.445833 0.373148 0.0291667 0.135185 0.410837
0 0.675 0.386111 0.0354167 0.22037 0.411135
0 0.671875 0.348148 0.03125 0.140741 0.414381
0 0.203646 0.437963 0.046875 0.261111 0.416422
0 0.157292 0.509259 0.147917 0.481481 0.417099
0 0.203646 0.437963 0.046875 0.257407 0.418017
0 0.3875 0.348148 0.0166667 0.0666667 0.423154
0 0.695833 0.408333 0.05625 0.272222 0.425224
0 0.2 0.438889 0.0479167 0.251852 0.433394
0 0.389062 0.34537 0.015625 0.0759259 0.436263
0 0.532812 0.349074 0.0135417 0.0685185 0.436394
0 0.157813 0.511111 0.153125 0.496296 0.436873
0 0.707292 0.403704 0.0479167 0.266667 0.438163
0 0.354688 0.362963 0.0197917 0.1 0.441488
0 0.704687 0.401852 0.0510417 0.259259 0.445569
0 0.498958 0.382407 0.0291667 0.127778 0.447589
0 0.532812 0.349074 0.0135417 0.0685185 0.468684
0 0.445833 0.375926 0.0270833 0.133333 0.47308
0 0.686458 0.402778 0.0479167 0.268519 0.474736
0 0.499479 0.381481 0.028125 0.12963 0.483731
0 0.532812 0.348148 0.0135417 0.0666667 0.485015
0 0.501042 0.376852 0.0270833 0.116667 0.487901
0 0.695312 0.40463 0.0635417 0.275926 0.491721
0 0.694271 0.401852 0.065625 0.27037 0.49916
0 0.532812 0.348148 0.0135417 0.0666667 0.506335
0 0.694271 0.402778 0.065625 0.272222 0.520086
0 0.498958 0.381481 0.0270833 0.125926 0.52263
0 0.497917 0.378704 0.025 0.116667 0.524972
0 0.501042 0.376852 0.0270833 0.116667 0.528741
0 0.501042 0.376852 0.0270833 0.116667 0.534846
0 0.498437 0.382407 0.028125 0.127778 0.537005
0 0.694271 0.40463 0.0614583 0.275926 0.545728
0 0.498437 0.37963 0.0239583 0.118519 0.546341
0 0.497917 0.378704 0.025 0.116667 0.555142
0 0.5 0.382407 0.0270833 0.127778 0.556303
0 0.694271 0.406481 0.0635417 0.272222 0.5615
0 0.694271 0.403704 0.065625 0.274074 0.571086
0 0.614062 0.378704 0.0302083 0.131481 0.599185
0 0.202604 0.437963 0.046875 0.257407 0.605599
0 0.614062 0.377778 0.0302083 0.133333 0.607084
0 0.614062 0.377778 0.0302083 0.133333 0.60786
0 0.355729 0.363889 0.0197917 0.105556 0.621473
0 0.202604 0.434259 0.0447917 0.253704 0.62385
0 0.446354 0.378704 0.028125 0.146296 0.6312
0 0.693229 0.40463 0.0614583 0.275926 0.633921
0 0.156771 0.511111 0.148958 0.5 0.633948
0 0.692708 0.40463 0.0604167 0.275926 0.634682
0 0.693229 0.40463 0.0614583 0.275926 0.641451
0 0.446354 0.378704 0.028125 0.142593 0.645595
0 0.201562 0.437037 0.0447917 0.255556 0.665304
0 0.202083 0.437963 0.0458333 0.257407 0.678252
0 0.445833 0.376852 0.0270833 0.138889 0.679919
0 0.201562 0.437963 0.0447917 0.257407 0.680312
0 0.613542 0.376852 0.03125 0.131481 0.681841
0 0.445312 0.37963 0.028125 0.148148 0.682592
0 0.445833 0.375926 0.0270833 0.137037 0.682895
0 0.202083 0.437963 0.0458333 0.253704 0.686943
0 0.445833 0.378704 0.0291667 0.15 0.687349
0 0.201562 0.437037 0.0447917 0.255556 0.691179
0 0.446354 0.378704 0.028125 0.146296 0.691333
0 0.355729 0.364815 0.0197917 0.1 0.697193
0 0.201562 0.437037 0.0447917 0.255556 0.697419
0 0.694271 0.406481 0.053125 0.272222 0.700612
0 0.613021 0.37963 0.0322917 0.12963 0.719566
0 0.445312 0.37963 0.028125 0.148148 0.723748
0 0.35625 0.363889 0.0208333 0.105556 0.724421
0 0.445312 0.380556 0.028125 0.15 0.728904
0 0.155729 0.506481 0.144792 0.490741 0.729209
0 0.613021 0.37963 0.0322917 0.12963 0.732414
0 0.355729 0.363889 0.0197917 0.105556 0.737163
0 0.446354 0.378704 0.028125 0.15 0.73854
0 0.157813 0.510185 0.148958 0.494444 0.741292
0 0.355208 0.362963 0.01875 0.1 0.742486
0 0.15625 0.507407 0.145833 0.492593 0.742504
0 0.157813 0.510185 0.148958 0.494444 0.743539
0 0.613542 0.377778 0.03125 0.12963 0.753397
0 0.613021 0.378704 0.0322917 0.131481 0.763372
0 0.613542 0.377778 0.03125 0.125926 0.770815
0 0.446354 0.378704 0.028125 0.15 0.771499
0 0.613021 0.378704 0.0322917 0.127778 0.775446
0 0.355208 0.362963 0.01875 0.103704 0.778259
0 0.355208 0.362963 0.01875 0.103704 0.779591
0 0.355729 0.364815 0.0197917 0.103704 0.779673
0 0.613542 0.378704 0.03125 0.131481 0.780141
0 0.613542 0.377778 0.03125 0.125926 0.780828
0 0.446354 0.375 0.028125 0.146296 0.792819
0 0.157292 0.511111 0.15 0.496296 0.800203
0 0.613542 0.378704 0.03125 0.131481 0.800825
0 0.446354 0.375 0.028125 0.142593 0.808434
0 0.613021 0.377778 0.0322917 0.12963 0.820811
0 0.613542 0.377778 0.03125 0.12963 0.821375
0 0.15625 0.509259 0.145833 0.492593 0.850617
0 0.155729 0.509259 0.144792 0.492593 0.85263
0 0.156771 0.508333 0.146875 0.498148 0.865861
0 0.156771 0.508333 0.144792 0.490741 0.867453
0 0.15625 0.508333 0.14375 0.487037 0.879285
0 0.155729 0.509259 0.144792 0.488889 0.882371
