0 0.566667 0.450926 0.0208333 0.087037 0.250717
0 0.565625 0.443519 0.01875 0.0796296 0.250834
0 0.277604 0.474074 0.0239583 0.137037 0.251635
7 0.0385417 0.501852 0.075 0.377778 0.253889
0 0.242188 0.496296 0.034375 0.166667 0.255457
7 0.0380208 0.503704 0.0760417 0.374074 0.258707
0 0.242188 0.497222 0.034375 0.164815 0.26187
0 0.186979 0.494444 0.034375 0.17037 0.261932
7 0.0354167 0.525 0.0708333 0.335185 0.265219
0 0.590104 0.45 0.0197917 0.0888889 0.265875
28 0.627083 0.578704 0.0583333 0.0648148 0.265995
0 0.277083 0.474074 0.0229167 0.137037 0.268739
28 0.627083 0.578704 0.0583333 0.0648148 0.270496
0 0.186979 0.49537 0.034375 0.172222 0.271102
7 0.0385417 0.503704 0.075 0.374074 0.273575
0 0.565625 0.444444 0.01875 0.0777778 0.27369
0 0.298958 0.502778 0.0479167 0.190741 0.275375
0 0.721875 0.498148 0.0479167 0.237037 0.276739
28 0.633854 0.580556 0.0697917 0.0648148 0.276976
0 0.276563 0.481481 0.028125 0.151852 0.278373
28 0.633333 0.580556 0.06875 0.0648148 0.283946
0 0.590104 0.449074 0.0197917 0.0907407 0.288433
28 0.633854 0.580556 0.0697917 0.0648148 0.29116
0 0.721875 0.498148 0.0479167 0.237037 0.293524
0 0.590104 0.449074 0.0197917 0.0907407 0.303761
28 0.633333 0.580556 0.06875 0.0648148 0.312147
2 0.0369792 0.518519 0.071875 0.340741 0.312563
0 0.721354 0.515741 0.0510417 0.257407 0.320629
0 0.567708 0.448148 0.0208333 0.0888889 0.323099
7 0.0364583 0.518519 0.0729167 0.340741 0.325641
0 0.291146 0.491667 0.0447917 0.17963 0.333257
7 0.0364583 0.522222 0.0729167 0.337037 0.333344
0 0.276563 0.481481 0.028125 0.155556 0.335573
0 0.301042 0.502778 0.04375 0.190741 0.342025
0 0.277083 0.489815 0.0270833 0.164815 0.346048
0 0.288021 0.490741 0.0447917 0.177778 0.350337
0 0.277083 0.488889 0.0270833 0.166667 0.351751
0 0.566667 0.448148 0.01875 0.0888889 0.355432
7 0.0369792 0.523148 0.0739583 0.338889 0.357828
0 0.56875 0.448148 0.0229167 0.0888889 0.358256
0 0.291146 0.490741 0.0447917 0.181481 0.364947
0 0.722917 0.5 0.04375 0.233333 0.373137
7 0.0364583 0.523148 0.0729167 0.335185 0.377198
0 0.56875 0.448148 0.0229167 0.0888889 0.384281
0 0.56875 0.448148 0.0229167 0.0888889 0.389385
7 0.0364583 0.523148 0.0729167 0.338889 0.393944
0 0.301042 0.502778 0.04375 0.190741 0.396952
0 0.302083 0.497222 0.0395833 0.187037 0.397983
0 0.278125 0.474074 0.025 0.125926 0.39903
2 0.0369792 0.522222 0.071875 0.340741 0.403248
0 0.722396 0.499074 0.0447917 0.238889 0.404924
0 0.2375 0.49537 0.0395833 0.161111 0.410728
2 0.0369792 0.522222 0.071875 0.340741 0.411868
0 0.302083 0.497222 0.0395833 0.187037 0.416656
0 0.185937 0.493519 0.034375 0.172222 0.419168
0 0.721875 0.505556 0.0479167 0.251852 0.421009
0 0.236979 0.49537 0.040625 0.161111 0.423881
2 0.0369792 0.522222 0.071875 0.340741 0.423905
0 0.186458 0.493519 0.0333333 0.172222 0.434729
0 0.278125 0.474074 0.025 0.133333 0.451917
0 0.278125 0.474074 0.025 0.133333 0.456418
0 0.722917 0.503704 0.0458333 0.237037 0.462018
0 0.277083 0.480556 0.025 0.15 0.473223
0 0.533854 0.440741 0.0177083 0.0777778 0.478304
0 0.5875 0.447222 0.0229167 0.0907407 0.482516
0 0.533333 0.439815 0.0166667 0.0759259 0.483505
0 0.721354 0.505556 0.0489583 0.251852 0.484079
0 0.232812 0.49537 0.0302083 0.157407 0.486753
0 0.232812 0.494444 0.0302083 0.159259 0.4885
0 0.588021 0.448148 0.0239583 0.0925926 0.48886
0 0.588542 0.447222 0.0208333 0.0944444 0.490868
0 0.533854 0.440741 0.0177083 0.0777778 0.494232
0 0.533854 0.440741 0.0177083 0.0777778 0.497267
0 0.5875 0.448148 0.0229167 0.0925926 0.501356
0 0.533333 0.439815 0.0166667 0.0759259 0.503889
0 0.232812 0.49537 0.0302083 0.161111 0.505188
0 0.533854 0.440741 0.0177083 0.0777778 0.50929
0 0.533333 0.440741 0.0166667 0.0777778 0.526734
0 0.278125 0.485185 0.025 0.162963 0.547539
0 0.278646 0.484259 0.0260417 0.164815 0.551056
0 0.589063 0.448148 0.0197917 0.0962963 0.555392
0 0.722917 0.50463 0.0458333 0.242593 0.555722
0 0.589583 0.447222 0.0208333 0.0907407 0.556081
0 0.301042 0.502778 0.0375 0.187037 0.557247
0 0.589063 0.448148 0.0197917 0.0925926 0.560899
0 0.533854 0.441667 0.0177083 0.0833333 0.564873
0 0.533333 0.439815 0.0166667 0.0796296 0.569674
0 0.721354 0.505556 0.0489583 0.251852 0.569837
0 0.589583 0.447222 0.0208333 0.0944444 0.569999
0 0.533333 0.439815 0.0166667 0.0796296 0.572483
0 0.589583 0.446296 0.0208333 0.0925926 0.577272
0 0.301562 0.503704 0.0364583 0.185185 0.581634
0 0.533333 0.439815 0.0166667 0.0796296 0.586694
0 0.23125 0.497222 0.0333333 0.164815 0.588385
0 0.23125 0.497222 0.0333333 0.164815 0.588942
0 0.233333 0.496296 0.0333333 0.159259 0.590329
0 0.532812 0.441667 0.0177083 0.0796296 0.590494
0 0.720833 0.5 0.0458333 0.22963 0.596583
0 0.720833 0.503704 0.0479167 0.240741 0.607466
0 0.720833 0.498148 0.0458333 0.233333 0.616528
0 0.720833 0.505556 0.05 0.251852 0.621198
0 0.233333 0.496296 0.0333333 0.159259 0.624841
0 0.233854 0.498148 0.034375 0.159259 0.626833
0 0.302604 0.500926 0.0385417 0.194444 0.627381
0 0.302604 0.500926 0.0385417 0.187037 0.639341
0 0.721354 0.505556 0.0489583 0.251852 0.641849
0 0.185937 0.490741 0.0364583 0.177778 0.645339
0 0.232812 0.498148 0.034375 0.159259 0.64735
0 0.302604 0.501852 0.0385417 0.185185 0.651912
0 0.185937 0.490741 0.0364583 0.177778 0.656954
0 0.231771 0.497222 0.0322917 0.157407 0.65829
0 0.302604 0.500926 0.0385417 0.194444 0.660128
0 0.185937 0.490741 0.0364583 0.177778 0.665101
0 0.232292 0.497222 0.03125 0.157407 0.671046
0 0.233333 0.497222 0.0333333 0.161111 0.675957
0 0.720833 0.503704 0.0479167 0.240741 0.679158
0 0.233333 0.497222 0.0354167 0.161111 0.682744
0 0.302604 0.500926 0.0385417 0.194444 0.701968
0 0.720833 0.502778 0.0479167 0.242593 0.721157
0 0.720833 0.502778 0.0479167 0.238889 0.731465
0 0.303125 0.501852 0.0375 0.192593 0.737993
0 0.303125 0.501852 0.0375 0.192593 0.738681
0 0.721875 0.502778 0.0479167 0.235185 0.744403
0 0.720833 0.502778 0.0479167 0.242593 0.744934
0 0.303125 0.501852 0.0375 0.192593 0.747043
0 0.720833 0.502778 0.0479167 0.242593 0.767902
0 0.186458 0.490741 0.0354167 0.177778 0.772075
0 0.185937 0.490741 0.0364583 0.174074 0.776553
0 0.302083 0.502778 0.0395833 0.190741 0.778836
0 0.186458 0.489815 0.0354167 0.175926 0.779748
0 0.302083 0.502778 0.0395833 0.194444 0.783184
0 0.721354 0.502778 0.0489583 0.238889 0.786015
0 0.186458 0.490741 0.0354167 0.177778 0.798953
0 0.186458 0.492593 0.0354167 0.174074 0.800652
0 0.186458 0.492593 0.0354167 0.174074 0.810115
0 0.186458 0.492593 0.0354167 0.174074 0.815894
0 0.185937 0.489815 0.034375 0.172222 0.816032
0 0.186458 0.490741 0.0354167 0.177778 0.817157
0 0.185937 0.489815 0.034375 0.172222 0.822319
