0 0.325521 0.331481 0.015625 0.0592593 0.252099
0 0.95 0.508333 0.1 0.657407 0.25373
0 0.515625 0.367593 0.0270833 0.101852 0.255065
0 0.328125 0.328704 0.0166667 0.0611111 0.25679
13 0.0682292 0.676852 0.134375 0.383333 0.257726
0 0.382292 0.330556 0.0145833 0.0685185 0.263678
13 0.0682292 0.677778 0.134375 0.381481 0.264489
0 0.402604 0.365741 0.0322917 0.153704 0.267153
13 0.0682292 0.677778 0.134375 0.381481 0.267756
0 0.515625 0.366667 0.0270833 0.1 0.269991
0 0.5125 0.372222 0.03125 0.107407 0.271963
13 0.06875 0.681481 0.135417 0.392593 0.27522
0 0.545833 0.335185 0.0145833 0.0666667 0.276731
0 0.903125 0.485185 0.108333 0.625926 0.276761
13 0.0682292 0.680556 0.134375 0.394444 0.276869
13 0.0682292 0.681481 0.134375 0.392593 0.277248
13 0.0671875 0.671296 0.132292 0.375926 0.280402
0 0.402083 0.365741 0.03125 0.153704 0.2842
13 0.0671875 0.671296 0.132292 0.37963 0.29022
0 0.491667 0.366667 0.0291667 0.114815 0.291544
0 0.327604 0.32963 0.015625 0.0592593 0.296095
0 0.509896 0.376852 0.0364583 0.101852 0.300793
0 0.0479167 0.346296 0.025 0.107407 0.3122
0 0.492708 0.368519 0.0291667 0.111111 0.312231
0 0.513542 0.373148 0.0291667 0.105556 0.317096
0 0.677083 0.360185 0.03125 0.131481 0.317149
0 0.327604 0.32963 0.015625 0.0592593 0.320067
0 0.678125 0.359259 0.03125 0.133333 0.338507
13 0.0677083 0.67963 0.13125 0.388889 0.340881
0 0.604688 0.362037 0.028125 0.116667 0.341493
0 0.510417 0.375926 0.0333333 0.1 0.346505
0 0.510938 0.375926 0.0260417 0.1 0.347867
13 0.0671875 0.680556 0.132292 0.390741 0.350167
0 0.545313 0.334259 0.015625 0.0685185 0.359538
0 0.0432292 0.346296 0.0322917 0.103704 0.365916
0 0.605208 0.362037 0.0270833 0.12037 0.366341
0 0.492188 0.368519 0.028125 0.111111 0.366551
0 0.8875 0.459259 0.09375 0.611111 0.367551
0 0.513542 0.376852 0.0270833 0.0981481 0.373399
0 0.491667 0.366667 0.0291667 0.114815 0.376672
0 0.402604 0.367593 0.0364583 0.153704 0.378389
0 0.604688 0.362037 0.028125 0.12037 0.380444
0 0.510938 0.375 0.0260417 0.101852 0.382635
0 0.401563 0.364815 0.0364583 0.155556 0.383679
0 0.544792 0.335185 0.0166667 0.0666667 0.391869
0 0.402604 0.367593 0.0364583 0.153704 0.394663
0 0.05 0.343519 0.0229167 0.105556 0.395583
0 0.510938 0.375 0.0260417 0.101852 0.396214
0 0.545833 0.335185 0.0125 0.0666667 0.398375
0 0.493229 0.37037 0.028125 0.103704 0.399582
0 0.544792 0.337037 0.0166667 0.0740741 0.400298
26 0.910937 0.397222 0.0635417 0.198148 0.400519
26 0.913021 0.402778 0.0697917 0.216667 0.403552
0 0.402604 0.366667 0.0364583 0.155556 0.406135
0 0.0473958 0.348148 0.0239583 0.103704 0.408748
0 0.678125 0.360185 0.0333333 0.138889 0.41162
0 0.546354 0.334259 0.015625 0.0685185 0.421089
0 0.05 0.342593 0.0229167 0.107407 0.423117
0 0.513542 0.377778 0.0270833 0.1 0.424626
0 0.545833 0.335185 0.0125 0.0666667 0.425137
26 0.914062 0.412037 0.065625 0.183333 0.425312
0 0.491667 0.366667 0.0270833 0.114815 0.431018
0 0.493229 0.37037 0.028125 0.107407 0.431507
0 0.677604 0.359259 0.0322917 0.137037 0.435255
0 0.05 0.342593 0.0229167 0.107407 0.436238
26 0.913542 0.411111 0.0645833 0.185185 0.43762
0 0.492708 0.368519 0.0270833 0.111111 0.437858
0 0.513542 0.377778 0.0270833 0.1 0.443804
0 0.8875 0.461111 0.09375 0.577778 0.444321
0 0.404167 0.365741 0.0333333 0.157407 0.445855
26 0.914062 0.412037 0.065625 0.183333 0.446454
0 0.492708 0.37037 0.0270833 0.107407 0.448447
0 0.021875 0.347222 0.01875 0.0907407 0.455312
0 0.404167 0.364815 0.0333333 0.155556 0.457459
0 0.546875 0.334259 0.0145833 0.0685185 0.465706
0 0.0494792 0.346296 0.021875 0.1 0.470485
0 0.0223958 0.349074 0.021875 0.0944444 0.472866
0 0.021875 0.35 0.0229167 0.1 0.476369
26 0.914583 0.399074 0.0666667 0.212963 0.479566
0 0.492708 0.363889 0.025 0.109259 0.480673
26 0.914583 0.4 0.0666667 0.211111 0.480676
26 0.914583 0.399074 0.0666667 0.209259 0.484329
0 0.021875 0.350926 0.0229167 0.101852 0.486763
0 0.0494792 0.346296 0.021875 0.103704 0.496674
26 0.913542 0.40463 0.06875 0.216667 0.498669
0 0.0494792 0.346296 0.021875 0.103704 0.498907
0 0.493229 0.363889 0.0239583 0.109259 0.499117
0 0.021875 0.350926 0.0229167 0.101852 0.499783
0 0.546354 0.334259 0.015625 0.0685185 0.499818
0 0.492708 0.363889 0.025 0.109259 0.501488
0 0.021875 0.346296 0.01875 0.0925926 0.516802
0 0.021875 0.347222 0.01875 0.0944444 0.518911
0 0.0223958 0.349074 0.0197917 0.0944444 0.536431
0 0.401563 0.362963 0.0364583 0.148148 0.544623
0 0.952604 0.500926 0.0947917 0.694444 0.54743
0 0.950521 0.499074 0.0989583 0.705556 0.563185
0 0.401563 0.362037 0.0364583 0.15 0.565404
0 0.678125 0.359259 0.03125 0.140741 0.571095
0 0.678125 0.359259 0.03125 0.140741 0.57416
0 0.0223958 0.349074 0.0197917 0.0944444 0.580862
0 0.0223958 0.349074 0.0197917 0.0944444 0.581564
0 0.446354 0.372222 0.028125 0.148148 0.587345
0 0.446875 0.372222 0.0270833 0.148148 0.592734
0 0.952083 0.5 0.0958333 0.696296 0.599392
0 0.953125 0.507407 0.09375 0.685185 0.609213
0 0.0484375 0.346296 0.021875 0.107407 0.616289
0 0.0223958 0.348148 0.021875 0.0925926 0.618386
0 0.605729 0.362037 0.0302083 0.124074 0.630589
0 0.446875 0.373148 0.0291667 0.153704 0.642126
0 0.677083 0.361111 0.03125 0.137037 0.644876
0 0.678646 0.361111 0.0322917 0.137037 0.649379
0 0.446875 0.374074 0.0270833 0.151852 0.651138
0 0.677604 0.360185 0.0322917 0.135185 0.651919
0 0.0484375 0.347222 0.021875 0.109259 0.653136
0 0.605729 0.362037 0.0302083 0.124074 0.656307
0 0.884896 0.475 0.096875 0.553704 0.659467
0 0.446875 0.374074 0.0270833 0.148148 0.663567
0 0.605729 0.361111 0.0302083 0.122222 0.666906
0 0.446875 0.373148 0.0291667 0.153704 0.667556
0 0.0489583 0.347222 0.0229167 0.109259 0.670942
0 0.605208 0.361111 0.0291667 0.122222 0.671107
0 0.446875 0.373148 0.0291667 0.15 0.672279
0 0.446875 0.373148 0.0291667 0.153704 0.672628
0 0.446354 0.373148 0.0302083 0.15 0.676038
0 0.0489583 0.347222 0.0229167 0.101852 0.680197
0 0.605208 0.361111 0.0291667 0.125926 0.681118
0 0.678125 0.360185 0.03125 0.138889 0.696005
0 0.0489583 0.347222 0.0229167 0.105556 0.69929
0 0.605208 0.362037 0.0291667 0.12037 0.699826
0 0.604688 0.361111 0.028125 0.125926 0.700846
0 0.604688 0.360185 0.028125 0.124074 0.702951
0 0.678646 0.361111 0.0322917 0.137037 0.704278
0 0.0489583 0.347222 0.0229167 0.105556 0.712026
0 0.446354 0.373148 0.028125 0.153704 0.716211
0 0.605208 0.362037 0.0291667 0.12037 0.718255
0 0.446354 0.373148 0.028125 0.15 0.718668
0 0.678125 0.361111 0.03125 0.140741 0.723159
0 0.951563 0.506481 0.096875 0.694444 0.723518
0 0.605729 0.362037 0.0302083 0.124074 0.731818
0 0.951563 0.50463 0.096875 0.694444 0.732298
0 0.678646 0.361111 0.0322917 0.137037 0.733853
0 0.678646 0.361111 0.0322917 0.137037 0.738691
0 0.678646 0.361111 0.0322917 0.137037 0.739709
0 0.402604 0.363889 0.0364583 0.153704 0.739853
0 0.605729 0.362037 0.0302083 0.124074 0.74233
0 0.402604 0.363889 0.0364583 0.157407 0.74451
0 0.882292 0.478704 0.0916667 0.57963 0.745581
0 0.882292 0.476852 0.09375 0.572222 0.746384
0 0.402604 0.367593 0.034375 0.157407 0.747103
0 0.446354 0.373148 0.028125 0.153704 0.756308
0 0.605729 0.362037 0.0302083 0.124074 0.760061
0 0.0484375 0.346296 0.021875 0.107407 0.762104
0 0.403125 0.367593 0.0333333 0.157407 0.766433
0 0.605729 0.362037 0.0302083 0.124074 0.76851
0 0.678125 0.361111 0.03125 0.140741 0.769102
0 0.678646 0.360185 0.0322917 0.138889 0.769137
0 0.605729 0.362037 0.0302083 0.124074 0.77159
0 0.885417 0.474074 0.0979167 0.551852 0.780345
0 0.446354 0.373148 0.028125 0.153704 0.785564
0 0.95 0.506481 0.0979167 0.672222 0.788462
0 0.605729 0.362037 0.0302083 0.124074 0.790191
0 0.403125 0.367593 0.0333333 0.157407 0.790832
0 0.446354 0.371296 0.0260417 0.153704 0.791478
0 0.883333 0.47037 0.0958333 0.562963 0.793611
0 0.883333 0.469444 0.0958333 0.564815 0.794901
0 0.951042 0.507407 0.0979167 0.692593 0.800524
0 0.403646 0.367593 0.034375 0.157407 0.802254
0 0.951042 0.506481 0.0979167 0.694444 0.803061
0 0.403646 0.367593 0.034375 0.157407 0.807486
0 0.445833 0.371296 0.0270833 0.15 0.810612
0 0.952604 0.503704 0.0927083 0.714815 0.811727
0 0.403646 0.366667 0.034375 0.159259 0.819089
0 0.403125 0.364815 0.0333333 0.155556 0.84392
0 0.403125 0.364815 0.0333333 0.159259 0.845402
0 0.881771 0.477778 0.096875 0.603704 0.873396
0 0.88125 0.480556 0.0958333 0.605556 0.879274
