0 0.651042 0.44537 0.0229167 0.112963 0.251399
2 0.0520833 0.349074 0.104167 0.175926 0.255314
2 0.0541667 0.338889 0.108333 0.188889 0.255638
0 0.649479 0.447222 0.0197917 0.112963 0.260508
2 0.053125 0.337037 0.10625 0.207407 0.262903
0 0.389583 0.436111 0.0229167 0.101852 0.264438
0 0.365625 0.430556 0.0166667 0.105556 0.267329
0 0.366146 0.422222 0.015625 0.1 0.271076
0 0.390104 0.435185 0.0239583 0.103704 0.280412
0 0.366146 0.412037 0.015625 0.0685185 0.282565
0 0.389583 0.435185 0.0229167 0.103704 0.282803
2 0.05 0.35 0.1 0.17037 0.28597
0 0.464063 0.462037 0.0302083 0.15 0.289859
0 0.392708 0.430556 0.0270833 0.109259 0.295559
0 0.401563 0.425 0.0135417 0.087037 0.29665
2 0.0505208 0.35 0.101042 0.166667 0.29706
2 0.0505208 0.35 0.101042 0.166667 0.297139
0 0.365625 0.431481 0.0166667 0.103704 0.300697
0 0.463542 0.461111 0.03125 0.148148 0.301912
0 0.461458 0.464815 0.0333333 0.137037 0.305812
2 0.0526042 0.346296 0.105208 0.185185 0.310327
0 0.441667 0.428704 0.025 0.116667 0.312582
0 0.401563 0.424074 0.015625 0.0888889 0.316517
13 0.451562 0.644444 0.121875 0.1 0.322323
0 0.366146 0.412037 0.015625 0.0685185 0.322417
13 0.452083 0.643519 0.122917 0.101852 0.323475
13 0.451562 0.643519 0.121875 0.101852 0.324518
0 0.463542 0.462963 0.03125 0.151852 0.328122
13 0.452083 0.640741 0.127083 0.103704 0.330649
13 0.451042 0.641667 0.127083 0.101852 0.334094
0 0.401563 0.425 0.0135417 0.087037 0.334802
13 0.451562 0.640741 0.126042 0.103704 0.338143
0 0.463542 0.462963 0.03125 0.151852 0.339171
0 0.463542 0.462037 0.03125 0.153704 0.348947
2 0.0515625 0.352778 0.103125 0.164815 0.375624
2 0.0536458 0.347222 0.107292 0.175926 0.377709
2 0.0536458 0.347222 0.107292 0.17963 0.381066
2 0.0526042 0.349074 0.105208 0.175926 0.383116
2 0.0536458 0.347222 0.107292 0.175926 0.386526
13 0.452604 0.643519 0.121875 0.0981481 0.405083
0 0.391146 0.428704 0.0260417 0.101852 0.414669
0 0.459375 0.458333 0.0354167 0.15 0.417074
0 0.391667 0.42963 0.025 0.103704 0.423302
0 0.366146 0.425 0.015625 0.0981481 0.424668
0 0.366667 0.426852 0.0166667 0.105556 0.425603
0 0.94375 0.634259 0.1125 0.72037 0.429497
13 0.45 0.639815 0.129167 0.101852 0.432236
0 0.459896 0.458333 0.034375 0.15 0.43516
0 0.365625 0.423148 0.0166667 0.0981481 0.436206
0 0.390104 0.42963 0.021875 0.103704 0.441282
0 0.366146 0.425 0.015625 0.101852 0.459389
0 0.648958 0.446296 0.0208333 0.114815 0.462526
0 0.943229 0.640741 0.113542 0.703704 0.467805
0 0.366146 0.425 0.015625 0.101852 0.468214
0 0.648958 0.446296 0.0208333 0.114815 0.469272
0 0.648958 0.446296 0.0208333 0.114815 0.46967
0 0.459896 0.458333 0.034375 0.15 0.469815
0 0.942708 0.640741 0.1125 0.7 0.470189
0 0.390104 0.42963 0.021875 0.103704 0.47609
0 0.390104 0.42963 0.021875 0.103704 0.484147
0 0.943229 0.625 0.113542 0.716667 0.501607
0 0.65 0.444444 0.0208333 0.111111 0.508577
0 0.649479 0.444444 0.021875 0.111111 0.508608
0 0.65 0.44537 0.0229167 0.109259 0.509353
0 0.392708 0.430556 0.025 0.101852 0.515074
0 0.648958 0.444444 0.0229167 0.111111 0.526006
0 0.649479 0.444444 0.021875 0.111111 0.532821
0 0.441667 0.426852 0.0208333 0.109259 0.537865
0 0.392708 0.430556 0.025 0.105556 0.547574
0 0.392708 0.430556 0.025 0.105556 0.54804
0 0.39375 0.430556 0.0229167 0.109259 0.551294
0 0.442187 0.426852 0.0197917 0.109259 0.560413
0 0.460417 0.459259 0.0354167 0.151852 0.562046
0 0.441667 0.426852 0.0208333 0.109259 0.569722
0 0.460938 0.459259 0.0364583 0.151852 0.578604
0 0.391667 0.42963 0.025 0.1 0.578848
0 0.94375 0.624074 0.1125 0.711111 0.590853
0 0.391146 0.428704 0.0239583 0.101852 0.604311
0 0.391667 0.42963 0.025 0.103704 0.610449
0 0.442187 0.430556 0.021875 0.112963 0.614894
0 0.94375 0.623148 0.1125 0.712963 0.620358
0 0.460417 0.460185 0.0354167 0.153704 0.621406
0 0.441146 0.42963 0.021875 0.114815 0.632756
0 0.440625 0.427778 0.0208333 0.111111 0.639789
0 0.442187 0.431481 0.021875 0.111111 0.645296
0 0.442187 0.431481 0.021875 0.111111 0.651244
0 0.441667 0.42963 0.0208333 0.111111 0.671254
0 0.442187 0.42963 0.021875 0.111111 0.676017
0 0.441667 0.42963 0.0208333 0.111111 0.680951
0 0.461979 0.462963 0.034375 0.151852 0.75445
0 0.461979 0.462963 0.034375 0.151852 0.762949
0 0.461979 0.462963 0.034375 0.151852 0.7781
0 0.461458 0.464815 0.0333333 0.148148 0.784217
0 0.461979 0.464815 0.034375 0.144444 0.790765
0 0.461458 0.462963 0.0333333 0.148148 0.830046
0 0.461458 0.462963 0.0333333 0.144444 0.830567
0 0.943229 0.633333 0.113542 0.718518 0.87378
0 0.94375 0.628704 0.1125 0.727778 0.884164
0 0.94375 0.635185 0.1125 0.703704 0.892801
0 0.944271 0.628704 0.111458 0.72037 0.897366
0 0.94375 0.628704 0.1125 0.724074 0.898858
0 0.94375 0.627778 0.1125 0.718518 0.906211
