0 0.598437 0.383333 0.0322917 0.174074 0.250914
13 0.391146 0.459259 0.0927083 0.0703704 0.252691
13 0.391667 0.460185 0.0916667 0.0685185 0.257049
13 0.417708 0.611111 0.197917 0.12963 0.257062
0 0.339583 0.366667 0.0270833 0.0925926 0.258283
0 0.833854 0.394444 0.028125 0.151852 0.272662
13 0.391146 0.461111 0.0927083 0.0666667 0.274575
0 0.476042 0.372222 0.01875 0.111111 0.283165
0 0.434375 0.375926 0.025 0.118519 0.28553
0 0.833854 0.393519 0.028125 0.15 0.29309
13 0.391667 0.462037 0.0916667 0.0648148 0.293368
0 0.475521 0.372222 0.0177083 0.114815 0.296357
0 0.476042 0.372222 0.01875 0.111111 0.29998
0 0.339063 0.359259 0.0260417 0.0740741 0.300825
0 0.274479 0.385185 0.0177083 0.0962963 0.301638
0 0.435417 0.372222 0.0291667 0.114815 0.306806
0 0.278125 0.383333 0.0229167 0.1 0.310124
0 0.274479 0.385185 0.0177083 0.1 0.312652
13 0.419792 0.612963 0.191667 0.12963 0.313377
0 0.436458 0.373148 0.0270833 0.116667 0.316431
0 0.477083 0.371296 0.01875 0.116667 0.32074
0 0.339063 0.359259 0.0260417 0.0740741 0.321002
0 0.833854 0.392593 0.028125 0.144444 0.326519
0 0.495833 0.374074 0.0208333 0.0851852 0.329934
0 0.274479 0.385185 0.0177083 0.1 0.330234
0 0.833854 0.392593 0.028125 0.144444 0.331901
0 0.435937 0.372222 0.028125 0.111111 0.333315
0 0.278125 0.382407 0.0229167 0.101852 0.333569
0 0.339063 0.359259 0.0260417 0.0740741 0.335955
0 0.488021 0.375 0.0322917 0.0981481 0.337972
0 0.278125 0.383333 0.0229167 0.103704 0.339164
0 0.190104 0.396296 0.0260417 0.118519 0.341954
0 0.435417 0.372222 0.0291667 0.111111 0.34346
0 0.00833333 0.419444 0.0166667 0.101852 0.348974
0 0.278125 0.382407 0.0229167 0.101852 0.350653
0 0.190104 0.397222 0.0260417 0.12037 0.352042
0 0.436458 0.375926 0.0270833 0.114815 0.352198
0 0.189583 0.397222 0.025 0.116667 0.35232
0 0.489062 0.375 0.0302083 0.0981481 0.353971
0 0.495313 0.374074 0.0197917 0.0888889 0.362682
0 0.495313 0.375 0.0197917 0.087037 0.36713
0 0.00885417 0.412963 0.0177083 0.118519 0.367739
0 0.339583 0.360185 0.025 0.0796296 0.383621
0 0.00885417 0.413889 0.0177083 0.124074 0.3942
0 0.00885417 0.413889 0.0177083 0.124074 0.395826
0 0.0401042 0.435185 0.053125 0.222222 0.398868
0 0.340104 0.361111 0.0239583 0.0777778 0.399519
0 0.0401042 0.42963 0.0552083 0.225926 0.402233
0 0.339583 0.362037 0.025 0.0796296 0.40227
0 0.00885417 0.419444 0.0177083 0.146296 0.40332
0 0.00885417 0.419444 0.0177083 0.105556 0.404078
0 0.339583 0.374074 0.025 0.114815 0.404844
0 0.832292 0.393519 0.0270833 0.15 0.40612
0 0.539062 0.393519 0.0322917 0.15 0.411641
0 0.00833333 0.419444 0.0166667 0.105556 0.412556
0 0.276563 0.382407 0.0197917 0.0944444 0.41263
0 0.0401042 0.435185 0.053125 0.222222 0.413132
0 0.340104 0.361111 0.0239583 0.0777778 0.414224
0 0.436458 0.373148 0.0270833 0.116667 0.418054
0 0.0395833 0.430556 0.0541667 0.227778 0.420511
0 0.494271 0.375 0.021875 0.0907407 0.421813
0 0.539062 0.394444 0.0302083 0.148148 0.422909
0 0.0411458 0.437037 0.053125 0.225926 0.422952
0 0.0411458 0.437037 0.053125 0.225926 0.42614
0 0.339583 0.375 0.025 0.112963 0.436858
0 0.832292 0.393519 0.0270833 0.146296 0.439564
0 0.339583 0.375 0.025 0.109259 0.440199
0 0.49375 0.375 0.0208333 0.0944444 0.441192
0 0.436458 0.375926 0.0270833 0.114815 0.44269
0 0.0411458 0.437037 0.053125 0.225926 0.446794
0 0.0401042 0.42963 0.0552083 0.225926 0.452765
0 0.494271 0.375 0.021875 0.0944444 0.45633
0 0.942187 0.558333 0.115625 0.572222 0.458141
0 0.476562 0.374074 0.0197917 0.118519 0.460192
0 0.833333 0.393519 0.0291667 0.15 0.461872
0 0.339583 0.364815 0.025 0.0888889 0.472194
0 0.833333 0.393519 0.0291667 0.15 0.472654
0 0.942187 0.559259 0.115625 0.57037 0.47484
0 0.476562 0.375 0.0197917 0.116667 0.478236
0 0.833333 0.393519 0.0291667 0.15 0.488536
0 0.476562 0.375 0.0197917 0.116667 0.49369
0 0.833333 0.392593 0.0291667 0.144444 0.501492
0 0.477083 0.374074 0.0208333 0.103704 0.505114
0 0.833333 0.393519 0.0291667 0.142593 0.507177
0 0.833333 0.393519 0.0291667 0.142593 0.510171
0 0.477083 0.374074 0.0208333 0.103704 0.510857
0 0.477083 0.374074 0.0208333 0.103704 0.517609
0 0.009375 0.412963 0.0166667 0.122222 0.520422
0 0.833333 0.392593 0.0291667 0.144444 0.522264
0 0.597917 0.380556 0.03125 0.172222 0.522411
0 0.833333 0.393519 0.0291667 0.142593 0.527662
0 0.833333 0.392593 0.0291667 0.144444 0.528546
0 0.598437 0.380556 0.0302083 0.172222 0.539934
0 0.0395833 0.430556 0.0541667 0.227778 0.544014
0 0.436458 0.375 0.025 0.112963 0.572088
0 0.189583 0.4 0.0270833 0.118519 0.577698
0 0.0401042 0.428704 0.0552083 0.227778 0.581062
0 0.436458 0.373148 0.025 0.116667 0.585335
0 0.190104 0.398148 0.0260417 0.122222 0.590606
0 0.189583 0.4 0.0270833 0.118519 0.605626
0 0.49375 0.372222 0.0208333 0.0925926 0.613714
0 0.435937 0.374074 0.0260417 0.114815 0.629454
0 0.0411458 0.436111 0.0552083 0.22037 0.633899
0 0.435937 0.374074 0.0260417 0.114815 0.634105
0 0.189583 0.399074 0.025 0.12037 0.635254
0 0.49375 0.372222 0.0208333 0.0962963 0.637021
0 0.435937 0.374074 0.0260417 0.114815 0.643678
0 0.49375 0.372222 0.0208333 0.0962963 0.646519
0 0.0411458 0.436111 0.053125 0.22037 0.667076
0 0.436458 0.375 0.025 0.112963 0.671799
0 0.436458 0.374074 0.025 0.114815 0.679879
0 0.189583 0.399074 0.0270833 0.116667 0.680411
0 0.538542 0.396296 0.03125 0.151852 0.682684
0 0.538542 0.396296 0.03125 0.151852 0.683782
0 0.436458 0.375 0.025 0.112963 0.685263
0 0.190104 0.399074 0.0260417 0.12037 0.689079
0 0.538542 0.39537 0.03125 0.15 0.69886
0 0.040625 0.435185 0.0541667 0.222222 0.710108
0 0.598437 0.380556 0.0322917 0.164815 0.716412
0 0.040625 0.433333 0.05625 0.225926 0.716889
0 0.598437 0.380556 0.0322917 0.164815 0.72009
0 0.189583 0.399074 0.025 0.12037 0.727098
0 0.598437 0.380556 0.0322917 0.164815 0.728829
0 0.0411458 0.435185 0.053125 0.222222 0.738657
0 0.0411458 0.435185 0.053125 0.222222 0.739548
0 0.538542 0.398148 0.03125 0.151852 0.741289
0 0.0401042 0.433333 0.0552083 0.225926 0.744178
0 0.538542 0.398148 0.03125 0.151852 0.745439
0 0.538542 0.397222 0.03125 0.153704 0.750956
0 0.0401042 0.432407 0.0552083 0.224074 0.755861
0 0.0401042 0.432407 0.0552083 0.224074 0.765775
0 0.538542 0.397222 0.03125 0.153704 0.769266
0 0.190104 0.399074 0.0260417 0.12037 0.781007
0 0.538542 0.397222 0.03125 0.153704 0.785833
0 0.190104 0.399074 0.0260417 0.116667 0.789504
0 0.190104 0.399074 0.0260417 0.116667 0.791265
0 0.538021 0.397222 0.0322917 0.153704 0.791401
0 0.0401042 0.432407 0.0552083 0.224074 0.791972
0 0.0401042 0.434259 0.0552083 0.227778 0.795026
0 0.0401042 0.433333 0.0552083 0.225926 0.79531
0 0.538021 0.397222 0.0322917 0.153704 0.796991
0 0.190104 0.399074 0.0260417 0.116667 0.802324
0 0.539062 0.398148 0.0322917 0.151852 0.80844
0 0.539062 0.398148 0.0322917 0.155556 0.808948
0 0.538542 0.397222 0.03125 0.153704 0.809658
0 0.598437 0.382407 0.0322917 0.168519 0.811589
0 0.0395833 0.433333 0.05625 0.22963 0.814407
0 0.190104 0.4 0.0260417 0.118519 0.817044
0 0.597396 0.380556 0.0322917 0.164815 0.819861
0 0.598437 0.380556 0.0322917 0.164815 0.820716
0 0.945833 0.569444 0.108333 0.564815 0.822776
0 0.598437 0.382407 0.0322917 0.168519 0.823988
0 0.597917 0.381481 0.03125 0.166667 0.825096
0 0.598437 0.381481 0.0322917 0.166667 0.826282
0 0.945312 0.568519 0.109375 0.559259 0.836766
0 0.945312 0.569444 0.109375 0.561111 0.83692
0 0.598437 0.382407 0.0322917 0.168519 0.840992
0 0.189583 0.399074 0.025 0.12037 0.841852
0 0.598437 0.383333 0.0322917 0.17037 0.847502
0 0.189063 0.4 0.0260417 0.122222 0.848026
0 0.598437 0.383333 0.0322917 0.17037 0.853034
0 0.945312 0.561111 0.109375 0.577778 0.854433
0 0.189063 0.4 0.0260417 0.118519 0.856461
0 0.945833 0.561111 0.108333 0.574074 0.861615
0 0.945833 0.57037 0.108333 0.562963 0.866018
0 0.598437 0.383333 0.0322917 0.17037 0.866312
0 0.945312 0.571296 0.109375 0.561111 0.894938
0 0.945312 0.572222 0.109375 0.559259 0.901363
0 0.945833 0.563889 0.108333 0.572222 0.909551
0 0.946354 0.564815 0.107292 0.566667 0.911729
