0 0.319792 0.384259 0.01875 0.0907407 0.251079
0 0.170833 0.413889 0.0229167 0.0944444 0.252354
26 0.981771 0.574074 0.0364583 0.211111 0.254829
13 0.282292 0.486111 0.0875 0.0759259 0.255451
0 0.170833 0.411111 0.0229167 0.1 0.260199
0 0.940625 0.59537 0.0770833 0.487037 0.268967
0 0.947917 0.603704 0.09375 0.511111 0.269276
0 0.170833 0.411111 0.0229167 0.1 0.269978
0 0.197917 0.402778 0.0145833 0.0648148 0.275866
0 0.171354 0.412037 0.021875 0.0981481 0.277345
0 0.0458333 0.439815 0.0270833 0.12037 0.279114
0 0.443229 0.449074 0.034375 0.142593 0.282057
0 0.443229 0.45 0.034375 0.144444 0.284393
0 0.941667 0.590741 0.075 0.481481 0.286874
0 0.379687 0.422222 0.0239583 0.111111 0.287705
0 0.194792 0.401852 0.01875 0.0666667 0.289374
0 0.197917 0.402778 0.0145833 0.0648148 0.291833
0 0.170833 0.412037 0.0229167 0.0981481 0.298158
13 0.282292 0.487037 0.0916667 0.0777778 0.302269
13 0.280729 0.484259 0.0927083 0.087037 0.303387
0 0.0458333 0.439815 0.0270833 0.12037 0.303755
13 0.280729 0.484259 0.0927083 0.087037 0.303955
0 0.0453125 0.440741 0.0260417 0.118519 0.304506
13 0.285937 0.484259 0.090625 0.0796296 0.324603
13 0.283854 0.487037 0.0947917 0.0740741 0.332236
13 0.284375 0.487963 0.0958333 0.0722222 0.33593
0 0.446354 0.436111 0.0385417 0.146296 0.341818
0 0.446354 0.436111 0.0385417 0.146296 0.354631
0 0.947917 0.601852 0.09375 0.57037 0.361779
13 0.283333 0.484259 0.0958333 0.0833333 0.371085
0 0.456771 0.431481 0.0260417 0.144444 0.376617
0 0.457292 0.431481 0.025 0.144444 0.379052
13 0.284375 0.485185 0.0958333 0.0814815 0.380881
0 0.193229 0.402778 0.0177083 0.0648148 0.381802
13 0.284375 0.483333 0.09375 0.0814815 0.391031
0 0.441146 0.44537 0.0302083 0.153704 0.393814
0 0.441146 0.44537 0.0302083 0.153704 0.403557
13 0.284896 0.483333 0.0927083 0.0777778 0.40611
0 0.382812 0.417593 0.0239583 0.109259 0.406141
0 0.193229 0.402778 0.0177083 0.0648148 0.406634
0 0.195833 0.403704 0.0166667 0.0666667 0.409914
0 0.19375 0.402778 0.0166667 0.0648148 0.436504
0 0.383854 0.413889 0.021875 0.101852 0.456015
0 0.45 0.437037 0.0354167 0.155556 0.468131
0 0.449479 0.437037 0.034375 0.155556 0.487799
0 0.383333 0.412963 0.0208333 0.1 0.489019
0 0.404167 0.410185 0.01875 0.0796296 0.491301
0 0.382292 0.415741 0.0208333 0.109259 0.499072
0 0.404687 0.409259 0.0197917 0.0851852 0.514717
0 0.382292 0.414815 0.0208333 0.111111 0.522105
0 0.382292 0.414815 0.0208333 0.111111 0.524231
0 0.404167 0.410185 0.01875 0.0796296 0.528957
0 0.383333 0.412963 0.0208333 0.103704 0.530581
0 0.404167 0.407407 0.01875 0.0777778 0.530658
0 0.0453125 0.444444 0.028125 0.125926 0.539075
0 0.383333 0.412963 0.0208333 0.103704 0.540547
0 0.404167 0.410185 0.01875 0.0796296 0.542521
0 0.404687 0.406481 0.0177083 0.0796296 0.548944
0 0.402604 0.408333 0.0197917 0.0833333 0.552021
0 0.404687 0.407407 0.0177083 0.0777778 0.56234
0 0.0453125 0.443519 0.028125 0.127778 0.571936
0 0.447396 0.439815 0.0385417 0.164815 0.59253
0 0.0453125 0.444444 0.028125 0.125926 0.601146
0 0.0458333 0.443519 0.0270833 0.127778 0.605149
0 0.0458333 0.44537 0.0270833 0.124074 0.618846
0 0.0458333 0.443519 0.0270833 0.127778 0.619187
0 0.446875 0.439815 0.0395833 0.164815 0.620129
0 0.0453125 0.443519 0.028125 0.127778 0.622627
0 0.0458333 0.444444 0.0270833 0.125926 0.628749
0 0.0453125 0.446296 0.0260417 0.125926 0.629187
0 0.0453125 0.446296 0.0260417 0.125926 0.636362
0 0.445833 0.440741 0.0375 0.159259 0.638325
0 0.444271 0.444444 0.0364583 0.155556 0.640688
0 0.444271 0.443519 0.0364583 0.157407 0.646642
0 0.446354 0.440741 0.0385417 0.166667 0.64853
0 0.444271 0.444444 0.0364583 0.155556 0.650182
0 0.0458333 0.444444 0.0270833 0.125926 0.65328
0 0.444271 0.444444 0.0364583 0.159259 0.654992
0 0.444271 0.443519 0.0364583 0.157407 0.661355
0 0.0458333 0.443519 0.0270833 0.127778 0.67088
0 0.0447917 0.444444 0.0270833 0.125926 0.675053
0 0.445833 0.442593 0.0375 0.159259 0.677231
0 0.941146 0.593518 0.0760417 0.505556 0.683215
0 0.941146 0.59537 0.078125 0.501852 0.696231
0 0.445833 0.441667 0.0375 0.161111 0.701092
0 0.0458333 0.444444 0.0270833 0.12963 0.706505
0 0.0453125 0.443519 0.0260417 0.127778 0.722584
0 0.941667 0.59537 0.0791667 0.501852 0.723241
0 0.941667 0.594444 0.075 0.5 0.726137
0 0.941146 0.593518 0.0760417 0.505556 0.756313
0 0.941667 0.594444 0.075 0.496296 0.763647
0 0.940625 0.593518 0.0770833 0.505556 0.786382
0 0.941667 0.59537 0.0770833 0.505556 0.816077
0 0.940625 0.594444 0.0770833 0.5 0.817397
0 0.941667 0.59537 0.0770833 0.505556 0.823757
