0 0.445833 0.350926 0.025 0.127778 0.250412
0 0.491667 0.35463 0.0395833 0.105556 0.255828
25 0.43125 0.281481 0.0354167 0.0296296 0.255845
24 0.940104 0.376852 0.0760417 0.201852 0.256106
0 0.445833 0.350926 0.025 0.124074 0.256319
0 0.383854 0.337963 0.015625 0.101852 0.261984
0 0.491146 0.355556 0.0385417 0.103704 0.2623
0 0.5125 0.35463 0.025 0.101852 0.264044
24 0.940104 0.376852 0.0760417 0.194444 0.264216
0 0.0046875 0.312037 0.009375 0.0759259 0.265396
0 0.571875 0.324074 0.0125 0.0481481 0.266725
25 0.430729 0.283333 0.034375 0.0296296 0.268508
0 0.571875 0.325 0.0125 0.0462963 0.268581
0 0.384375 0.337963 0.0166667 0.101852 0.269838
0 0.538542 0.319444 0.0166667 0.0685185 0.270772
0 0.511458 0.355556 0.025 0.103704 0.271486
0 0.538542 0.319444 0.0166667 0.0685185 0.274225
0 0.00520833 0.325 0.0104167 0.0944444 0.274969
24 0.944792 0.386111 0.0666667 0.209259 0.27814
0 0.383333 0.334259 0.0145833 0.0944444 0.278305
24 0.944792 0.387037 0.0666667 0.211111 0.27952
0 0.845312 0.451852 0.0947917 0.537037 0.27979
25 0.43125 0.281481 0.0354167 0.0296296 0.281201
0 0.506771 0.362037 0.0239583 0.0907407 0.283606
25 0.430729 0.283333 0.034375 0.0296296 0.284446
24 0.944792 0.387037 0.0666667 0.211111 0.285811
0 0.511979 0.35463 0.0260417 0.101852 0.28667
0 0.484375 0.355556 0.0291667 0.103704 0.287557
0 0.0046875 0.312037 0.009375 0.0796296 0.28878
0 0.538542 0.319444 0.0166667 0.0685185 0.296586
25 0.43125 0.281481 0.0354167 0.0296296 0.298632
0 0.539583 0.32037 0.0166667 0.0666667 0.305849
25 0.430729 0.283333 0.034375 0.0296296 0.307156
0 0.4875 0.356481 0.03125 0.101852 0.311948
0 0.0338542 0.321296 0.0197917 0.101852 0.318486
0 0.383854 0.338889 0.015625 0.1 0.319159
0 0.0338542 0.321296 0.0197917 0.101852 0.32476
0 0.540104 0.321296 0.015625 0.0722222 0.329397
0 0.539062 0.321296 0.015625 0.0685185 0.332837
0 0.0338542 0.321296 0.0197917 0.101852 0.335499
0 0.506771 0.361111 0.0239583 0.0925926 0.338412
0 0.4875 0.356481 0.03125 0.101852 0.339409
0 0.506771 0.361111 0.0239583 0.0925926 0.341589
0 0.893229 0.465741 0.111458 0.57963 0.347571
0 0.600521 0.348148 0.0302083 0.125926 0.352311
0 0.4875 0.356481 0.03125 0.101852 0.352322
0 0.598958 0.348148 0.0291667 0.125926 0.354748
0 0.484375 0.351852 0.025 0.103704 0.359339
0 0.50625 0.356481 0.0270833 0.101852 0.362843
0 0.383854 0.338889 0.015625 0.1 0.364337
0 0.663021 0.337037 0.021875 0.118519 0.373804
0 0.832812 0.440741 0.0822917 0.488889 0.374663
0 0.539583 0.32037 0.0145833 0.0666667 0.375576
0 0.538021 0.323148 0.015625 0.0685185 0.38246
0 0.0619792 0.323148 0.0197917 0.101852 0.382882
0 0.445312 0.359259 0.0260417 0.144444 0.388318
0 0.484375 0.351852 0.025 0.103704 0.388362
24 0.943229 0.375 0.0677083 0.22037 0.392345
0 0.894792 0.473148 0.1125 0.572222 0.394734
0 0.832812 0.441667 0.0864583 0.483333 0.395422
0 0.484375 0.351852 0.025 0.103704 0.397547
0 0.397917 0.342593 0.0333333 0.122222 0.397942
0 0.539583 0.32037 0.0145833 0.0666667 0.399655
0 0.894271 0.473148 0.113542 0.57963 0.403517
0 0.445312 0.359259 0.0260417 0.144444 0.403525
0 0.50625 0.357407 0.025 0.1 0.404527
0 0.599479 0.350926 0.028125 0.124074 0.405466
0 0.664062 0.337963 0.0239583 0.127778 0.406404
24 0.943229 0.375 0.0677083 0.22037 0.406768
0 0.383333 0.337963 0.0145833 0.0944444 0.408351
0 0.0619792 0.323148 0.0197917 0.105556 0.409344
24 0.943229 0.375 0.0677083 0.22037 0.412055
0 0.598958 0.348148 0.0291667 0.125926 0.416709
0 0.0619792 0.322222 0.0197917 0.103704 0.419872
0 0.663542 0.337963 0.0229167 0.12037 0.420115
0 0.484375 0.356481 0.0270833 0.101852 0.423665
24 0.942187 0.390741 0.0697917 0.185185 0.42722
0 0.598958 0.349074 0.0291667 0.124074 0.431757
0 0.383854 0.337963 0.015625 0.0981481 0.433018
0 0.50625 0.357407 0.025 0.1 0.436954
0 0.397396 0.342593 0.034375 0.125926 0.437272
0 0.663542 0.337037 0.0208333 0.122222 0.437316
0 0.601042 0.349074 0.0291667 0.127778 0.437324
24 0.942187 0.390741 0.0677083 0.188889 0.439279
0 0.50625 0.357407 0.025 0.1 0.440111
0 0.446875 0.356481 0.0270833 0.131481 0.44178
0 0.398958 0.346296 0.03125 0.148148 0.444992
0 0.663542 0.337963 0.0208333 0.12037 0.44521
0 0.601042 0.348148 0.0291667 0.125926 0.450298
0 0.398958 0.346296 0.03125 0.151852 0.453025
0 0.034375 0.326852 0.0208333 0.0981481 0.454036
0 0.875521 0.462963 0.117708 0.577778 0.454399
0 0.396875 0.342593 0.0333333 0.125926 0.45593
0 0.50625 0.357407 0.025 0.1 0.456408
0 0.599479 0.350926 0.028125 0.124074 0.458965
24 0.942187 0.378704 0.0697917 0.22037 0.466448
0 0.663542 0.337963 0.0229167 0.12037 0.470531
0 0.872396 0.462037 0.121875 0.583333 0.473158
0 0.833333 0.441667 0.0770833 0.483333 0.475358
0 0.663542 0.337963 0.0229167 0.12037 0.477873
24 0.942708 0.380556 0.06875 0.198148 0.48087
24 0.942708 0.380556 0.0666667 0.201852 0.482499
24 0.942187 0.383333 0.0739583 0.211111 0.492723
0 0.446875 0.357407 0.0270833 0.12963 0.498552
0 0.446875 0.356481 0.0270833 0.131481 0.504655
0 0.0625 0.319444 0.0208333 0.105556 0.515104
0 0.0619792 0.32037 0.021875 0.103704 0.516054
0 0.0333333 0.326852 0.01875 0.0981481 0.51622
0 0.0338542 0.326852 0.0197917 0.0981481 0.517924
0 0.0333333 0.326852 0.01875 0.0981481 0.518665
0 0.539583 0.321296 0.0145833 0.0685185 0.522598
0 0.446354 0.35463 0.0260417 0.124074 0.524027
0 0.0619792 0.32037 0.021875 0.103704 0.524311
0 0.539583 0.322222 0.0145833 0.0666667 0.531037
0 0.663542 0.337037 0.0208333 0.118519 0.533297
0 0.663542 0.336111 0.0229167 0.116667 0.538871
0 0.599479 0.350926 0.0260417 0.124074 0.541003
24 0.942187 0.378704 0.0677083 0.22037 0.544539
24 0.942187 0.383333 0.071875 0.214815 0.546264
0 0.401563 0.349074 0.0302083 0.157407 0.547574
0 0.400521 0.343519 0.034375 0.146296 0.556278
0 0.401563 0.349074 0.0302083 0.157407 0.558289
0 0.445833 0.35463 0.025 0.124074 0.558527
0 0.445833 0.35463 0.0270833 0.124074 0.559263
0 0.401563 0.349074 0.0302083 0.157407 0.55954
0 0.4 0.342593 0.0333333 0.148148 0.56139
0 0.0609375 0.32037 0.0197917 0.103704 0.57166
0 0.4 0.349074 0.03125 0.153704 0.572621
0 0.446354 0.356481 0.0260417 0.131481 0.58676
0 0.884896 0.464815 0.101042 0.581481 0.589499
0 0.0604167 0.321296 0.0208333 0.101852 0.594564
0 0.0609375 0.321296 0.0197917 0.105556 0.595159
24 0.942708 0.37963 0.06875 0.214815 0.59862
24 0.943229 0.37963 0.0697917 0.214815 0.601175
0 0.0609375 0.321296 0.0197917 0.105556 0.609646
0 0.884896 0.464815 0.101042 0.577778 0.610214
24 0.942708 0.378704 0.06875 0.212963 0.616092
0 0.446354 0.358333 0.028125 0.138889 0.623597
0 0.445833 0.357407 0.0270833 0.140741 0.627063
0 0.0609375 0.32037 0.021875 0.103704 0.629655
0 0.401042 0.35 0.03125 0.155556 0.629933
0 0.0609375 0.32037 0.021875 0.103704 0.636127
0 0.401563 0.349074 0.0302083 0.153704 0.639738
0 0.886979 0.464815 0.0947917 0.596296 0.648724
0 0.832292 0.440741 0.0875 0.5 0.650839
0 0.832812 0.440741 0.0864583 0.5 0.658269
0 0.886979 0.465741 0.0947917 0.594444 0.662672
0 0.034375 0.325 0.0208333 0.101852 0.6723
0 0.0348958 0.324074 0.0197917 0.1 0.676394
0 0.0614583 0.321296 0.0208333 0.105556 0.678471
0 0.445833 0.358333 0.0270833 0.138889 0.680038
0 0.445833 0.357407 0.0270833 0.144444 0.680168
0 0.401042 0.34537 0.03125 0.161111 0.685015
0 0.0604167 0.322222 0.0208333 0.103704 0.687652
0 0.401042 0.34537 0.03125 0.157407 0.689378
0 0.833333 0.437963 0.0791667 0.487037 0.695663
0 0.034375 0.325 0.01875 0.0981481 0.69736
0 0.034375 0.325926 0.01875 0.0962963 0.707936
0 0.833333 0.443519 0.0791667 0.494444 0.718925
0 0.599479 0.349074 0.028125 0.124074 0.723474
0 0.832812 0.443519 0.078125 0.498148 0.728661
0 0.599479 0.350926 0.028125 0.127778 0.729894
0 0.599479 0.349074 0.028125 0.124074 0.730181
0 0.0338542 0.325 0.0197917 0.0981481 0.73024
0 0.0338542 0.325926 0.0197917 0.1 0.733551
0 0.401042 0.350926 0.03125 0.153704 0.73402
0 0.446354 0.357407 0.0260417 0.137037 0.736363
0 0.401042 0.350926 0.03125 0.153704 0.737538
0 0.599479 0.352778 0.028125 0.124074 0.738365
0 0.0338542 0.325 0.0197917 0.101852 0.741316
0 0.446354 0.356481 0.0260417 0.135185 0.741592
0 0.0338542 0.325 0.0197917 0.101852 0.748711
0 0.599479 0.352778 0.028125 0.124074 0.750503
0 0.446354 0.356481 0.0260417 0.135185 0.750615
0 0.599479 0.350926 0.028125 0.127778 0.751206
0 0.445833 0.357407 0.0270833 0.140741 0.752162
0 0.599479 0.349074 0.028125 0.124074 0.757986
0 0.400521 0.350926 0.0302083 0.153704 0.76375
0 0.885417 0.466667 0.0979167 0.577778 0.764314
0 0.599479 0.350926 0.028125 0.124074 0.772301
0 0.599479 0.351852 0.028125 0.122222 0.77692
0 0.833333 0.438889 0.08125 0.485185 0.783025
0 0.885417 0.467593 0.0979167 0.575926 0.784578
0 0.6 0.349074 0.0291667 0.124074 0.800117
0 0.6 0.349074 0.0291667 0.124074 0.80559
0 0.599479 0.349074 0.028125 0.124074 0.825791
0 0.833333 0.440741 0.08125 0.5 0.834365
0 0.833333 0.440741 0.08125 0.5 0.839221
0 0.832812 0.444444 0.0822917 0.503704 0.860048
0 0.832812 0.443519 0.0822917 0.498148 0.873478
