0 0.460938 0.340741 0.028125 0.162963 0.25074
0 0.210417 0.337963 0.0375 0.190741 0.251231
0 0.429167 0.323148 0.0291667 0.109259 0.251301
0 0.305729 0.311111 0.0322917 0.125926 0.252106
0 0.210417 0.337963 0.0375 0.187037 0.252557
0 0.460938 0.340741 0.028125 0.162963 0.254914
0 0.0296875 0.312037 0.015625 0.0648148 0.25592
0 0.207813 0.364815 0.040625 0.22963 0.255963
0 0.30625 0.311111 0.0333333 0.122222 0.258308
0 0.305729 0.319444 0.0322917 0.138889 0.259935
0 0.553125 0.322222 0.0229167 0.125926 0.260732
1 0.988021 0.665741 0.021875 0.109259 0.261431
0 0.428125 0.318519 0.0229167 0.0925926 0.263734
28 0.372396 0.497222 0.0635417 0.0796296 0.264509
0 0.0296875 0.312037 0.015625 0.0648148 0.265815
1 0.986979 0.667593 0.0260417 0.109259 0.266254
0 0.553125 0.322222 0.0229167 0.125926 0.267254
28 0.374479 0.493519 0.065625 0.0833333 0.268084
28 0.374479 0.494444 0.065625 0.0814815 0.268283
0 0.554167 0.32037 0.0291667 0.125926 0.269047
0 0.207813 0.364815 0.040625 0.233333 0.271897
0 0.430208 0.328704 0.0291667 0.116667 0.274466
28 0.372396 0.497222 0.0635417 0.0796296 0.275532
0 0.329688 0.302778 0.0177083 0.0648148 0.275749
0 0.330208 0.302778 0.01875 0.0648148 0.277511
0 0.0984375 0.332407 0.021875 0.12037 0.280303
0 0.554688 0.321296 0.028125 0.131481 0.288267
0 0.584375 0.337963 0.025 0.135185 0.288695
0 0.430208 0.325926 0.0291667 0.111111 0.290492
0 0.813021 0.537963 0.123958 0.646296 0.29149
0 0.305208 0.309259 0.03125 0.107407 0.293849
0 0.330208 0.302778 0.01875 0.0648148 0.29517
1 0.9875 0.665741 0.0229167 0.112963 0.300068
0 0.305729 0.308333 0.0302083 0.109259 0.305038
1 0.988021 0.662963 0.0239583 0.114815 0.307266
28 0.369271 0.498148 0.0739583 0.0851852 0.307281
1 0.9875 0.664815 0.0229167 0.111111 0.307665
0 0.305208 0.308333 0.03125 0.109259 0.308199
0 0.0994792 0.334259 0.021875 0.116667 0.308631
0 0.428646 0.324074 0.028125 0.111111 0.309017
0 0.464063 0.337037 0.028125 0.151852 0.313297
28 0.36875 0.498148 0.075 0.0851852 0.317421
0 0.553646 0.32037 0.028125 0.125926 0.326819
0 0.813542 0.542593 0.125 0.655556 0.326835
0 0.496354 0.325926 0.021875 0.125926 0.329242
0 0.269271 0.311111 0.028125 0.0888889 0.329709
0 0.464583 0.337037 0.0270833 0.155556 0.332715
28 0.371354 0.49537 0.071875 0.0796296 0.333832
0 0.616667 0.306481 0.0208333 0.0907407 0.334598
1 0.9875 0.662963 0.025 0.118519 0.335048
28 0.370833 0.496296 0.0708333 0.0814815 0.338824
1 0.988542 0.666667 0.0229167 0.107407 0.342111
0 0.428646 0.322222 0.0260417 0.1 0.34261
0 0.307813 0.351852 0.034375 0.211111 0.349559
1 0.988021 0.662037 0.0239583 0.116667 0.350932
0 0.209896 0.361111 0.0364583 0.214815 0.356084
0 0.209896 0.360185 0.0385417 0.216667 0.363033
0 0.473958 0.330556 0.0458333 0.142593 0.364509
0 0.1 0.333333 0.0208333 0.111111 0.366352
0 0.208854 0.340741 0.0385417 0.188889 0.370369
0 0.56875 0.324074 0.0541667 0.12963 0.370435
0 0.554167 0.322222 0.0270833 0.12963 0.372
0 0.616146 0.306481 0.0197917 0.0907407 0.373397
0 0.475 0.330556 0.05 0.142593 0.373412
28 0.370833 0.49537 0.0708333 0.0833333 0.375641
0 0.616146 0.306481 0.0197917 0.0907407 0.37705
0 0.208333 0.341667 0.0375 0.187037 0.379159
28 0.370833 0.49537 0.0708333 0.0833333 0.379424
0 0.1 0.334259 0.0208333 0.112963 0.380685
0 0.307292 0.351852 0.0354167 0.211111 0.382527
0 0.9375 0.547222 0.125 0.653704 0.389798
1 0.988542 0.666667 0.0229167 0.111111 0.392531
0 0.1 0.334259 0.0208333 0.109259 0.392783
0 0.473958 0.330556 0.0458333 0.142593 0.395956
0 0.616146 0.315741 0.0197917 0.087037 0.40117
0 0.1 0.334259 0.0208333 0.12037 0.408924
0 0.428646 0.321296 0.0260417 0.101852 0.417869
0 0.428646 0.321296 0.0260417 0.101852 0.418319
0 0.1 0.334259 0.0208333 0.12037 0.418702
0 0.100521 0.334259 0.021875 0.12037 0.419779
0 0.496354 0.326852 0.021875 0.131481 0.42159
0 0.496354 0.326852 0.021875 0.131481 0.422405
0 0.307292 0.350926 0.0354167 0.209259 0.42375
0 0.429167 0.319444 0.025 0.101852 0.424376
0 0.570312 0.324074 0.053125 0.12963 0.428444
0 0.570312 0.324074 0.053125 0.12963 0.447204
0 0.554167 0.317593 0.025 0.127778 0.447718
0 0.429167 0.319444 0.025 0.101852 0.450098
0 0.429167 0.319444 0.025 0.101852 0.458725
0 0.429688 0.322222 0.0260417 0.107407 0.470089
0 0.9375 0.537963 0.125 0.65 0.470938
0 0.616146 0.314815 0.0197917 0.0888889 0.472321
0 0.585417 0.337037 0.0270833 0.137037 0.475513
0 0.616146 0.314815 0.0197917 0.0888889 0.476045
0 0.270312 0.311111 0.021875 0.0925926 0.481901
0 0.495313 0.327778 0.021875 0.125926 0.483228
0 0.208333 0.362037 0.0416667 0.227778 0.483987
0 0.270312 0.311111 0.021875 0.0925926 0.484342
0 0.554167 0.317593 0.0229167 0.127778 0.493818
0 0.270312 0.311111 0.021875 0.0925926 0.494715
0 0.616667 0.311111 0.0208333 0.0925926 0.496259
0 0.585417 0.337037 0.0270833 0.137037 0.500867
0 0.553646 0.318519 0.0239583 0.12963 0.502104
0 0.495313 0.32963 0.0197917 0.122222 0.502115
0 0.9375 0.556481 0.125 0.72037 0.506548
0 0.208854 0.362037 0.040625 0.227778 0.512135
0 0.9375 0.531482 0.125 0.7 0.514939
0 0.495833 0.328704 0.0208333 0.124074 0.51623
0 0.208333 0.35463 0.0395833 0.216667 0.518952
0 0.495833 0.326852 0.0208333 0.127778 0.524482
0 0.208854 0.362037 0.040625 0.227778 0.525527
0 0.554167 0.321296 0.0291667 0.127778 0.527439
0 0.208333 0.353704 0.0395833 0.214815 0.528101
0 0.9375 0.555556 0.125 0.714815 0.529464
0 0.208333 0.35463 0.0395833 0.216667 0.533321
0 0.584375 0.337963 0.025 0.142593 0.536088
0 0.584375 0.337037 0.025 0.140741 0.546437
0 0.269792 0.314815 0.0208333 0.0814815 0.547383
0 0.30625 0.348148 0.0354167 0.207407 0.548054
0 0.9375 0.532407 0.125 0.698148 0.552915
0 0.305729 0.347222 0.034375 0.209259 0.55438
0 0.209375 0.362037 0.0395833 0.224074 0.55467
0 0.208854 0.361111 0.0385417 0.225926 0.555305
0 0.811979 0.552778 0.126042 0.698148 0.555314
0 0.616667 0.311111 0.0208333 0.0925926 0.557579
0 0.495833 0.328704 0.0208333 0.127778 0.557759
0 0.305729 0.347222 0.034375 0.209259 0.558771
0 0.495833 0.327778 0.0208333 0.125926 0.558824
0 0.617188 0.312037 0.0197917 0.0944444 0.564785
0 0.495833 0.327778 0.0208333 0.125926 0.571712
0 0.8125 0.551852 0.125 0.692593 0.572063
0 0.494792 0.328704 0.0229167 0.127778 0.576156
0 0.269792 0.314815 0.0208333 0.0814815 0.585455
0 0.269792 0.314815 0.0208333 0.0814815 0.587097
0 0.616146 0.311111 0.021875 0.1 0.593215
0 0.554167 0.322222 0.0291667 0.125926 0.600151
0 0.466146 0.337037 0.0302083 0.155556 0.605193
0 0.466146 0.337963 0.0302083 0.153704 0.605606
0 0.305208 0.343519 0.0333333 0.190741 0.607888
0 0.811458 0.540741 0.125 0.648148 0.613767
0 0.554167 0.321296 0.0270833 0.127778 0.619693
0 0.466146 0.337963 0.0302083 0.153704 0.628825
0 0.305208 0.344444 0.0333333 0.188889 0.63382
0 0.615625 0.309259 0.0208333 0.0925926 0.636121
0 0.208333 0.359259 0.0395833 0.222222 0.636998
0 0.616667 0.310185 0.0208333 0.0981481 0.641117
0 0.30625 0.348148 0.0333333 0.203704 0.644875
0 0.208333 0.359259 0.0395833 0.222222 0.649334
0 0.30625 0.348148 0.0333333 0.203704 0.651265
0 0.466146 0.337037 0.0302083 0.151852 0.652211
0 0.554688 0.321296 0.028125 0.127778 0.654378
0 0.464063 0.337037 0.0260417 0.159259 0.654517
0 0.465625 0.337037 0.0291667 0.155556 0.655461
0 0.208333 0.359259 0.0395833 0.222222 0.656163
0 0.464063 0.337037 0.0260417 0.155556 0.657304
0 0.554688 0.321296 0.028125 0.127778 0.659789
0 0.465625 0.337037 0.0291667 0.155556 0.663348
0 0.554167 0.321296 0.0270833 0.127778 0.672934
0 0.30625 0.348148 0.0333333 0.203704 0.676069
0 0.270312 0.312037 0.021875 0.087037 0.676794
0 0.465625 0.337037 0.0291667 0.155556 0.678302
0 0.615625 0.310185 0.0208333 0.0944444 0.680983
0 0.554688 0.319444 0.028125 0.124074 0.682964
0 0.30625 0.349074 0.0354167 0.201852 0.68831
0 0.615625 0.310185 0.0208333 0.0944444 0.688816
0 0.30625 0.349074 0.0354167 0.209259 0.699973
0 0.465625 0.337037 0.0291667 0.151852 0.701323
0 0.554688 0.318519 0.028125 0.122222 0.701692
0 0.585938 0.337037 0.028125 0.137037 0.70173
0 0.554688 0.318519 0.028125 0.122222 0.707127
0 0.615625 0.311111 0.0208333 0.0962963 0.707519
0 0.584896 0.337037 0.028125 0.140741 0.710133
0 0.938021 0.538889 0.123958 0.711111 0.711483
0 0.269792 0.312037 0.0208333 0.087037 0.727593
0 0.585938 0.337037 0.028125 0.137037 0.733755
0 0.269792 0.315741 0.0229167 0.0907407 0.754819
0 0.269792 0.314815 0.0229167 0.0925926 0.759551
0 0.585938 0.337037 0.028125 0.137037 0.763635
0 0.269792 0.314815 0.0229167 0.0925926 0.765872
0 0.9375 0.537037 0.125 0.711111 0.768073
0 0.584896 0.337037 0.028125 0.140741 0.768693
0 0.585417 0.337037 0.0270833 0.140741 0.773181
0 0.9375 0.543519 0.125 0.67963 0.783548
0 0.585417 0.336111 0.0270833 0.138889 0.787219
0 0.585417 0.336111 0.0270833 0.138889 0.792089
0 0.9375 0.541667 0.125 0.675926 0.802896
0 0.8125 0.552778 0.125 0.672222 0.807505
0 0.938021 0.536111 0.123958 0.698148 0.837146
0 0.585417 0.337037 0.0270833 0.140741 0.84017
0 0.584896 0.337037 0.0260417 0.140741 0.841017
0 0.8125 0.551852 0.125 0.67037 0.858866
0 0.938021 0.535185 0.123958 0.7 0.866428
0 0.8125 0.552778 0.125 0.672222 0.867273
0 0.8125 0.552778 0.125 0.672222 0.867832
0 0.810938 0.546296 0.126042 0.67037 0.881495
0 0.813542 0.544444 0.125 0.696296 0.898164
