13 0.421875 0.459259 0.0354167 0.0814815 0.251514
0 0.201042 0.336111 0.05625 0.157407 0.264683
0 0.482812 0.369444 0.0197917 0.127778 0.266684
13 0.178646 0.497222 0.151042 0.164815 0.270747
13 0.375 0.544444 0.09375 0.103704 0.271426
13 0.422396 0.459259 0.0364583 0.0814815 0.271545
0 0.566146 0.375 0.0302083 0.138889 0.272538
13 0.178125 0.49537 0.154167 0.164815 0.273808
0 0.482812 0.369444 0.0197917 0.127778 0.277034
13 0.422396 0.459259 0.0364583 0.0814815 0.278502
0 0.285937 0.344444 0.0322917 0.0814815 0.280231
0 0.651563 0.362037 0.0197917 0.087037 0.284723
0 0.342708 0.408333 0.0583333 0.290741 0.285435
0 0.95 0.626852 0.1 0.694444 0.28814
0 0.482812 0.369444 0.0197917 0.127778 0.289592
0 0.343229 0.419444 0.0614583 0.309259 0.290657
0 0.610937 0.383333 0.028125 0.133333 0.29488
13 0.422917 0.460185 0.0375 0.0833333 0.297846
13 0.422917 0.460185 0.0375 0.0833333 0.302627
0 0.651563 0.361111 0.0197917 0.0888889 0.302981
0 0.341146 0.409259 0.059375 0.307407 0.305423
13 0.373437 0.54537 0.0947917 0.105556 0.310502
0 0.447917 0.369444 0.0291667 0.131481 0.316189
13 0.178646 0.496296 0.151042 0.162963 0.316696
0 0.651563 0.361111 0.0197917 0.0888889 0.318619
0 0.659375 0.356481 0.01875 0.0981481 0.320281
13 0.178125 0.49537 0.152083 0.161111 0.324796
0 0.951563 0.625 0.0947917 0.653704 0.341227
0 0.342187 0.414815 0.0635417 0.303704 0.34262
0 0.948958 0.613889 0.102083 0.705556 0.342765
0 0.341667 0.413889 0.0625 0.305556 0.343629
0 0.659375 0.357407 0.01875 0.1 0.344708
0 0.196875 0.337963 0.0541667 0.15 0.348692
0 0.948958 0.612963 0.102083 0.703704 0.352097
0 0.269792 0.34537 0.0208333 0.0796296 0.355503
0 0.196875 0.338889 0.0541667 0.151852 0.356973
0 0.659375 0.356481 0.01875 0.0981481 0.357245
13 0.422396 0.459259 0.0385417 0.0814815 0.357775
0 0.447917 0.371296 0.0270833 0.131481 0.358267
0 0.614062 0.378704 0.0302083 0.142593 0.365573
0 0.269271 0.344444 0.021875 0.0814815 0.366614
13 0.422396 0.459259 0.0364583 0.0814815 0.366846
0 0.269271 0.344444 0.021875 0.0814815 0.367027
0 0.448958 0.363889 0.0270833 0.112963 0.369756
13 0.422396 0.459259 0.0385417 0.0814815 0.371638
13 0.422396 0.459259 0.0364583 0.0814815 0.371997
0 0.56875 0.375 0.0375 0.146296 0.372871
0 0.56875 0.375 0.0375 0.146296 0.378416
0 0.269792 0.344444 0.0208333 0.0777778 0.382008
0 0.341667 0.413889 0.0604167 0.312963 0.383647
0 0.655208 0.364815 0.0208333 0.0888889 0.387795
0 0.26875 0.344444 0.0208333 0.0777778 0.39233
13 0.374479 0.551852 0.0927083 0.107407 0.396364
0 0.447917 0.369444 0.0291667 0.131481 0.401071
0 0.26875 0.343519 0.0208333 0.0796296 0.402725
13 0.372917 0.551852 0.0916667 0.103704 0.404123
0 0.56875 0.375926 0.0375 0.144444 0.406694
0 0.26875 0.344444 0.0208333 0.0777778 0.407089
0 0.614583 0.37963 0.0291667 0.144444 0.409081
0 0.614583 0.377778 0.0291667 0.140741 0.413966
0 0.00729167 0.362963 0.0145833 0.133333 0.420557
0 0.448958 0.363889 0.0270833 0.12037 0.423142
0 0.448438 0.369444 0.028125 0.131481 0.429539
0 0.448958 0.363889 0.0270833 0.12037 0.429824
0 0.342708 0.416667 0.0583333 0.311111 0.430385
0 0.292188 0.343519 0.021875 0.0833333 0.434486
0 0.292188 0.343519 0.021875 0.0833333 0.437157
0 0.447917 0.37037 0.0270833 0.137037 0.439075
0 0.655208 0.364815 0.0208333 0.0888889 0.441631
0 0.655208 0.364815 0.0208333 0.0888889 0.446302
0 0.447917 0.37037 0.0270833 0.137037 0.446947
13 0.373958 0.551852 0.09375 0.107407 0.449965
0 0.656771 0.361111 0.0197917 0.0888889 0.450994
0 0.292188 0.343519 0.021875 0.0833333 0.457014
0 0.447396 0.37037 0.028125 0.12963 0.457655
0 0.009375 0.362037 0.01875 0.142593 0.459927
0 0.610937 0.383333 0.028125 0.137037 0.460848
0 0.342708 0.416667 0.0583333 0.307407 0.463895
0 0.611458 0.383333 0.0291667 0.137037 0.464622
0 0.292188 0.346296 0.021875 0.0851852 0.474519
0 0.292188 0.346296 0.021875 0.0851852 0.479935
0 0.291667 0.344444 0.0208333 0.0851852 0.481189
0 0.65625 0.361111 0.0208333 0.0962963 0.481196
0 0.65625 0.362037 0.0208333 0.0944444 0.481282
0 0.009375 0.362037 0.01875 0.142593 0.481807
0 0.656771 0.360185 0.0197917 0.0907407 0.482215
0 0.656771 0.361111 0.0197917 0.0925926 0.486521
0 0.292188 0.34537 0.021875 0.0833333 0.498074
0 0.482292 0.366667 0.0208333 0.122222 0.498425
13 0.372396 0.551852 0.0947917 0.103704 0.513965
0 0.447396 0.366667 0.0260417 0.133333 0.514668
0 0.342708 0.416667 0.0583333 0.311111 0.524108
0 0.654167 0.360185 0.0208333 0.0981481 0.528791
0 0.0078125 0.364815 0.015625 0.144444 0.53705
0 0.447917 0.37037 0.0270833 0.12963 0.539714
0 0.566667 0.373148 0.03125 0.15 0.546789
0 0.447396 0.372222 0.028125 0.133333 0.547344
0 0.447917 0.366667 0.0270833 0.118519 0.548541
0 0.482292 0.366667 0.0208333 0.125926 0.548813
0 0.482292 0.366667 0.0208333 0.125926 0.552955
0 0.197917 0.334259 0.05625 0.15 0.559432
0 0.566667 0.374074 0.03125 0.148148 0.566449
0 0.198437 0.334259 0.0552083 0.15 0.571665
0 0.0078125 0.362963 0.015625 0.140741 0.575708
0 0.197396 0.337037 0.0572917 0.155556 0.583152
0 0.198437 0.334259 0.0552083 0.153704 0.58386
0 0.447396 0.366667 0.0260417 0.118519 0.584739
13 0.372917 0.550926 0.0916667 0.109259 0.58487
0 0.0078125 0.363889 0.015625 0.142593 0.590536
13 0.372917 0.550926 0.0916667 0.109259 0.591104
13 0.371354 0.549074 0.0947917 0.105556 0.591281
0 0.447396 0.37037 0.0260417 0.12963 0.592439
0 0.482292 0.368519 0.0208333 0.12963 0.592499
0 0.0078125 0.362963 0.015625 0.140741 0.597992
0 0.447396 0.366667 0.0260417 0.118519 0.603197
0 0.482812 0.368519 0.0197917 0.125926 0.606436
0 0.952083 0.618519 0.0958333 0.681481 0.608009
13 0.372396 0.550926 0.0927083 0.109259 0.608153
0 0.482812 0.367593 0.0197917 0.127778 0.612769
0 0.447917 0.371296 0.0270833 0.135185 0.613458
0 0.482812 0.367593 0.0197917 0.127778 0.614694
0 0.342187 0.412037 0.059375 0.305556 0.616656
13 0.372396 0.550926 0.0947917 0.105556 0.618462
0 0.482292 0.369444 0.0208333 0.127778 0.620729
13 0.371875 0.548148 0.09375 0.107407 0.621553
0 0.952604 0.617593 0.0947917 0.67963 0.625424
13 0.371875 0.548148 0.09375 0.107407 0.636321
13 0.371354 0.548148 0.0927083 0.107407 0.637161
0 0.198437 0.337037 0.0572917 0.155556 0.638462
0 0.611979 0.381481 0.0302083 0.137037 0.639879
0 0.198958 0.337037 0.05625 0.155556 0.647109
0 0.00833333 0.363889 0.0166667 0.146296 0.647274
0 0.6125 0.380556 0.0291667 0.135185 0.6488
0 0.00833333 0.363889 0.0166667 0.15 0.656441
0 0.447396 0.372222 0.0260417 0.133333 0.661338
0 0.447396 0.365741 0.0260417 0.135185 0.664889
0 0.447396 0.366667 0.0260417 0.133333 0.66662
13 0.371875 0.55 0.09375 0.107407 0.667785
13 0.371875 0.55 0.09375 0.107407 0.671238
13 0.371875 0.55 0.09375 0.107407 0.67319
0 0.566667 0.374074 0.0291667 0.151852 0.67459
0 0.566667 0.374074 0.0291667 0.148148 0.682836
0 0.950521 0.625 0.096875 0.698148 0.696047
13 0.372396 0.549074 0.0947917 0.109259 0.713788
0 0.197917 0.334259 0.05625 0.153704 0.715211
0 0.198958 0.336111 0.05625 0.157407 0.71526
0 0.197917 0.334259 0.05625 0.153704 0.72105
0 0.198958 0.336111 0.05625 0.157407 0.743364
0 0.566146 0.375 0.0302083 0.15 0.75563
0 0.566146 0.375926 0.0302083 0.151852 0.756448
0 0.342187 0.414815 0.059375 0.3 0.769673
0 0.198958 0.335185 0.05625 0.155556 0.769863
0 0.566667 0.375 0.03125 0.146296 0.774911
0 0.342708 0.412963 0.0583333 0.303704 0.777683
0 0.566667 0.375 0.03125 0.146296 0.783117
0 0.342187 0.414815 0.059375 0.3 0.78341
0 0.566146 0.375 0.0302083 0.15 0.783885
0 0.198958 0.335185 0.05625 0.155556 0.786119
0 0.611979 0.381481 0.0302083 0.137037 0.78789
0 0.611979 0.381481 0.0302083 0.137037 0.787915
0 0.199479 0.336111 0.0572917 0.157407 0.791615
0 0.566146 0.375 0.0322917 0.15 0.792991
0 0.611979 0.381481 0.0302083 0.137037 0.793158
0 0.198958 0.335185 0.05625 0.155556 0.796333
0 0.199479 0.335185 0.0572917 0.159259 0.79725
0 0.611979 0.381481 0.0302083 0.140741 0.800714
0 0.566146 0.374074 0.0322917 0.148148 0.804245
0 0.566667 0.375 0.03125 0.146296 0.805378
0 0.342187 0.413889 0.059375 0.298148 0.811089
0 0.611979 0.381481 0.0302083 0.137037 0.812659
0 0.342187 0.415741 0.059375 0.301852 0.814608
0 0.611979 0.381481 0.0302083 0.140741 0.814831
0 0.342187 0.414815 0.059375 0.303704 0.814945
0 0.198958 0.335185 0.05625 0.155556 0.815886
0 0.342187 0.413889 0.0572917 0.298148 0.824889
0 0.611979 0.381481 0.0302083 0.137037 0.829635
0 0.6125 0.381481 0.0291667 0.137037 0.829896
0 0.342187 0.413889 0.0572917 0.298148 0.836935
0 0.953125 0.625 0.09375 0.683333 0.837915
0 0.342187 0.412963 0.0572917 0.296296 0.845067
0 0.611979 0.382407 0.0302083 0.138889 0.854041
0 0.611979 0.382407 0.0302083 0.138889 0.856302
0 0.952083 0.628704 0.0958333 0.687037 0.878906
0 0.947917 0.621296 0.104167 0.687037 0.90386
0 0.947917 0.62037 0.104167 0.688889 0.907471
0 0.947917 0.62037 0.102083 0.688889 0.913161
0 0.948438 0.619444 0.103125 0.687037 0.915211
