0 0.290625 0.35 0.03125 0.1 0.272042
0 0.290625 0.35 0.03125 0.1 0.275886
0 0.0713542 0.291667 0.021875 0.0944444 0.286071
0 0.484896 0.337963 0.021875 0.0907407 0.301245
0 0.464063 0.365741 0.028125 0.15 0.319868
0 0.464063 0.365741 0.028125 0.15 0.321184
0 0.484375 0.338889 0.0229167 0.0925926 0.327615
0 0.484375 0.337963 0.0229167 0.0907407 0.32936
0 0.510938 0.359259 0.0322917 0.133333 0.330888
0 0.509375 0.360185 0.03125 0.135185 0.357444
0 0.508854 0.362963 0.028125 0.137037 0.361309
0 0.340625 0.337037 0.025 0.0814815 0.367526
0 0.64375 0.363889 0.0416667 0.198148 0.420948
0 0.290625 0.360185 0.0291667 0.0907407 0.44055
0 0.464063 0.360185 0.0260417 0.135185 0.448297
0 0.64375 0.364815 0.0416667 0.203704 0.454102
0 0.338542 0.338889 0.0208333 0.0814815 0.461124
0 0.340625 0.336111 0.01875 0.0833333 0.46965
0 0.290625 0.360185 0.0291667 0.0907407 0.475546
0 0.290104 0.352778 0.0302083 0.109259 0.480667
0 0.290625 0.359259 0.0291667 0.0925926 0.482815
0 0.290104 0.352778 0.0302083 0.109259 0.487381
0 0.338542 0.338889 0.0208333 0.0814815 0.496862
0 0.339063 0.338889 0.021875 0.0814815 0.504324
0 0.641146 0.372222 0.0364583 0.192593 0.536321
0 0.290104 0.352778 0.0302083 0.109259 0.538257
0 0.641667 0.368519 0.0375 0.192593 0.547281
0 0.641146 0.371296 0.034375 0.190741 0.551611
0 0.464063 0.361111 0.028125 0.133333 0.570057
0 0.510417 0.360185 0.0333333 0.142593 0.571861
0 0.510938 0.360185 0.0322917 0.142593 0.576038
0 0.290104 0.35463 0.0322917 0.101852 0.582649
0 0.206771 0.416667 0.0927083 0.355556 0.583057
0 0.206771 0.416667 0.0927083 0.355556 0.596097
0 0.290104 0.35463 0.0322917 0.105556 0.59798
0 0.206771 0.415741 0.0927083 0.353704 0.598352
0 0.509896 0.362963 0.0322917 0.140741 0.620008
0 0.642708 0.373148 0.0375 0.187037 0.623105
0 0.339583 0.338889 0.01875 0.0777778 0.623645
0 0.339583 0.337037 0.0208333 0.0814815 0.624552
0 0.642708 0.373148 0.0375 0.190741 0.628465
0 0.290104 0.35463 0.0322917 0.105556 0.631353
0 0.641667 0.369444 0.0375 0.194444 0.633524
0 0.508854 0.362037 0.028125 0.142593 0.636784
0 0.339583 0.338889 0.01875 0.0777778 0.637205
0 0.642187 0.372222 0.0364583 0.188889 0.638857
0 0.509896 0.362963 0.0322917 0.140741 0.642093
0 0.290625 0.355556 0.03125 0.103704 0.642712
0 0.508854 0.362037 0.028125 0.142593 0.647869
0 0.340104 0.338889 0.0197917 0.0777778 0.654537
0 0.290104 0.35463 0.0322917 0.105556 0.657056
0 0.339583 0.339815 0.0208333 0.0833333 0.658201
0 0.290104 0.35463 0.0322917 0.105556 0.66158
0 0.290104 0.353704 0.0302083 0.103704 0.665113
0 0.464063 0.363889 0.028125 0.146296 0.66539
0 0.290104 0.35463 0.0322917 0.105556 0.668621
0 0.290625 0.35463 0.03125 0.105556 0.670614
0 0.509896 0.362963 0.0322917 0.140741 0.679028
0 0.464063 0.362037 0.028125 0.146296 0.681509
0 0.290104 0.35463 0.0302083 0.105556 0.681828
0 0.339583 0.338889 0.0208333 0.0814815 0.682227
0 0.339583 0.339815 0.0208333 0.0833333 0.683277
0 0.509375 0.360185 0.03125 0.146296 0.688049
0 0.509375 0.360185 0.03125 0.146296 0.69189
0 0.464583 0.361111 0.0291667 0.144444 0.694318
0 0.290104 0.353704 0.0322917 0.103704 0.694884
0 0.641667 0.369444 0.0375 0.194444 0.695444
0 0.464063 0.363889 0.028125 0.146296 0.703179
0 0.290104 0.353704 0.0302083 0.103704 0.704318
0 0.464063 0.363889 0.028125 0.146296 0.721468
0 0.509896 0.363889 0.0322917 0.138889 0.722021
0 0.642187 0.371296 0.0364583 0.194444 0.730722
0 0.509896 0.363889 0.0322917 0.142593 0.73474
0 0.463542 0.360185 0.0270833 0.138889 0.73616
0 0.641667 0.371296 0.0354167 0.194444 0.740172
0 0.464063 0.361111 0.0260417 0.140741 0.741355
0 0.509896 0.363889 0.0322917 0.142593 0.744427
0 0.207813 0.413889 0.0927083 0.35 0.746483
0 0.207813 0.413889 0.0927083 0.35 0.755158
0 0.641667 0.371296 0.0354167 0.194444 0.758588
0 0.640625 0.37037 0.0333333 0.192593 0.764629
0 0.464063 0.364815 0.028125 0.144444 0.765042
0 0.641146 0.37037 0.0322917 0.192593 0.773461
0 0.464063 0.364815 0.028125 0.148148 0.785841
0 0.464063 0.364815 0.028125 0.144444 0.786215
0 0.464063 0.361111 0.028125 0.137037 0.808345
0 0.464063 0.362037 0.028125 0.138889 0.808957
0 0.208333 0.414815 0.0916667 0.351852 0.879155
0 0.208333 0.414815 0.0916667 0.351852 0.88219
0 0.208333 0.414815 0.09375 0.348148 0.883625
0 0.208333 0.414815 0.0916667 0.351852 0.885068
0 0.208854 0.415741 0.0927083 0.35 0.886663
0 0.208333 0.414815 0.0916667 0.348148 0.890954
0 0.208333 0.414815 0.0916667 0.348148 0.898727
0 0.208854 0.413889 0.0927083 0.353704 0.90195
0 0.208854 0.413889 0.0927083 0.353704 0.903924
0 0.208854 0.413889 0.0927083 0.353704 0.907861
