0 0.471354 0.343519 0.0260417 0.101852 0.250102
0 0.529167 0.332407 0.0145833 0.0537037 0.251879
0 0.619271 0.348148 0.021875 0.107407 0.252459
2 0.365625 0.321296 0.0270833 0.0722222 0.254628
0 0.327083 0.340741 0.0229167 0.0888889 0.255468
0 0.627083 0.372222 0.03125 0.177778 0.259255
0 0.513542 0.335185 0.01875 0.0666667 0.261483
0 0.497917 0.368519 0.03125 0.137037 0.263112
0 0.493229 0.344444 0.021875 0.0962963 0.264458
0 0.569792 0.341667 0.0145833 0.0685185 0.266167
0 0.569792 0.340741 0.0145833 0.0703704 0.269496
26 0.658333 0.35463 0.0208333 0.0648148 0.269945
0 0.366667 0.324074 0.025 0.0814815 0.273231
0 0.493229 0.34537 0.021875 0.0944444 0.276798
0 0.499479 0.361111 0.0322917 0.144444 0.276802
0 0.327083 0.340741 0.0229167 0.0925926 0.278803
0 0.367188 0.330556 0.021875 0.0759259 0.280896
0 0.513542 0.335185 0.01875 0.0666667 0.283694
0 0.327604 0.340741 0.0239583 0.0925926 0.285264
2 0.366146 0.321296 0.028125 0.0722222 0.286105
0 0.510938 0.338889 0.0177083 0.0740741 0.286112
0 0.449479 0.366667 0.0322917 0.140741 0.286901
0 0.497917 0.368519 0.0291667 0.137037 0.288911
0 0.509375 0.360185 0.0229167 0.127778 0.291279
0 0.367188 0.330556 0.021875 0.0759259 0.29369
0 0.222917 0.42037 0.0875 0.388889 0.294144
0 0.568229 0.338889 0.0135417 0.0703704 0.296969
0 0.222917 0.42037 0.0875 0.388889 0.297224
0 0.509375 0.360185 0.0229167 0.127778 0.300112
0 0.511458 0.338889 0.01875 0.0740741 0.303571
0 0.495833 0.364815 0.0333333 0.144444 0.303922
0 0.622917 0.37037 0.0291667 0.17037 0.313408
0 0.448958 0.366667 0.03125 0.140741 0.317466
0 0.0864583 0.375 0.03125 0.131481 0.319856
0 0.228646 0.418519 0.090625 0.403704 0.321189
0 0.367188 0.330556 0.021875 0.0759259 0.322011
0 0.45 0.366667 0.03125 0.140741 0.325417
0 0.510938 0.337963 0.0177083 0.0722222 0.328229
0 0.328125 0.346296 0.0208333 0.0777778 0.331739
0 0.01875 0.380556 0.0375 0.161111 0.335174
0 0.497396 0.369444 0.0302083 0.135185 0.335386
0 0.494271 0.365741 0.034375 0.142593 0.336029
0 0.0192708 0.381481 0.0385417 0.162963 0.337658
13 0.419271 0.542593 0.0739583 0.162963 0.34149
0 0.569271 0.341667 0.0135417 0.0685185 0.341525
0 0.619792 0.350926 0.0229167 0.116667 0.342025
0 0.223958 0.423148 0.0875 0.390741 0.345557
0 0.498437 0.369444 0.0302083 0.135185 0.34646
0 0.223958 0.423148 0.0875 0.390741 0.347723
0 0.446875 0.367593 0.0291667 0.142593 0.347734
13 0.419271 0.542593 0.0739583 0.162963 0.348805
0 0.569271 0.341667 0.0135417 0.0685185 0.349005
0 0.0854167 0.37037 0.0270833 0.12963 0.349648
0 0.223958 0.423148 0.0875 0.390741 0.34978
0 0.496354 0.365741 0.0322917 0.142593 0.353663
0 0.446875 0.367593 0.0291667 0.138889 0.356784
0 0.472396 0.34537 0.0239583 0.105556 0.35854
0 0.327604 0.346296 0.021875 0.0814815 0.35862
0 0.56875 0.342593 0.0145833 0.0740741 0.359114
0 0.569792 0.341667 0.0145833 0.0685185 0.372353
0 0.328125 0.346296 0.0229167 0.0814815 0.37709
0 0.49375 0.361111 0.025 0.12963 0.377714
13 0.419792 0.538889 0.0729167 0.155556 0.383107
0 0.0192708 0.381481 0.0385417 0.159259 0.38345
0 0.639063 0.376852 0.046875 0.205556 0.384125
0 0.569792 0.341667 0.0125 0.0685185 0.386182
0 0.498437 0.367593 0.028125 0.135185 0.386689
0 0.327604 0.346296 0.021875 0.0814815 0.38916
0 0.494792 0.368519 0.025 0.133333 0.389254
0 0.0208333 0.386111 0.0416667 0.157407 0.392387
0 0.472396 0.346296 0.0239583 0.107407 0.394534
0 0.472396 0.34537 0.0239583 0.105556 0.403133
0 0.446875 0.363889 0.03125 0.138889 0.403257
13 0.418229 0.540741 0.0739583 0.162963 0.404819
0 0.0208333 0.386111 0.0416667 0.157407 0.407391
0 0.445312 0.363889 0.028125 0.138889 0.414429
0 0.227083 0.425 0.0916667 0.398148 0.415373
0 0.446875 0.363889 0.03125 0.138889 0.417922
0 0.569271 0.340741 0.0135417 0.0703704 0.418695
0 0.0197917 0.384259 0.0395833 0.157407 0.420165
13 0.417708 0.540741 0.0729167 0.162963 0.421146
13 0.419271 0.538889 0.0739583 0.155556 0.42245
0 0.227083 0.425 0.0895833 0.398148 0.425096
13 0.419271 0.537963 0.0739583 0.153704 0.426696
0 0.227083 0.425 0.0895833 0.394444 0.427246
13 0.419792 0.537963 0.0729167 0.153704 0.427539
13 0.419271 0.537963 0.0739583 0.153704 0.431402
0 0.0203125 0.384259 0.040625 0.157407 0.44002
0 0.0854167 0.375926 0.0270833 0.133333 0.453578
0 0.01875 0.386111 0.0375 0.168519 0.462499
0 0.639063 0.376852 0.046875 0.205556 0.463376
0 0.446354 0.362963 0.0302083 0.137037 0.463487
13 0.419271 0.538889 0.071875 0.155556 0.46433
0 0.0197917 0.384259 0.0395833 0.153704 0.466987
13 0.419271 0.538889 0.0739583 0.155556 0.467907
0 0.01875 0.387037 0.0375 0.166667 0.468624
13 0.419271 0.538889 0.071875 0.159259 0.476837
0 0.0197917 0.384259 0.0395833 0.153704 0.478835
13 0.419271 0.538889 0.071875 0.159259 0.484423
13 0.419792 0.538889 0.0729167 0.155556 0.486692
0 0.495313 0.364815 0.0302083 0.144444 0.48915
13 0.419271 0.538889 0.071875 0.159259 0.489966
13 0.419792 0.538889 0.0729167 0.155556 0.492764
0 0.084375 0.375 0.0291667 0.146296 0.495828
13 0.419792 0.538889 0.0729167 0.155556 0.501456
0 0.0197917 0.384259 0.0395833 0.157407 0.505128
0 0.0854167 0.371296 0.0270833 0.135185 0.510807
0 0.446354 0.361111 0.028125 0.125926 0.513392
13 0.41875 0.538889 0.0729167 0.151852 0.514202
0 0.0854167 0.372222 0.0270833 0.133333 0.522843
0 0.0848958 0.375 0.028125 0.142593 0.526426
0 0.227083 0.421296 0.0895833 0.390741 0.527133
0 0.642187 0.378704 0.0447917 0.209259 0.527997
0 0.0197917 0.384259 0.0395833 0.153704 0.5291
0 0.328125 0.340741 0.0229167 0.0851852 0.538436
0 0.495313 0.364815 0.028125 0.144444 0.541205
0 0.639063 0.377778 0.046875 0.207407 0.541894
13 0.419271 0.538889 0.071875 0.151852 0.55218
0 0.0869792 0.375 0.0302083 0.135185 0.55456
0 0.0869792 0.375 0.0302083 0.135185 0.55852
0 0.327083 0.340741 0.0229167 0.0851852 0.56784
0 0.641667 0.378704 0.04375 0.209259 0.571574
0 0.0854167 0.374074 0.0291667 0.140741 0.5736
0 0.0854167 0.373148 0.0291667 0.142593 0.57797
0 0.328125 0.346296 0.0229167 0.0851852 0.578146
0 0.0848958 0.375926 0.028125 0.144444 0.581983
0 0.49375 0.362037 0.025 0.142593 0.588157
0 0.494792 0.369444 0.025 0.138889 0.589746
0 0.49375 0.362963 0.025 0.140741 0.589831
0 0.446354 0.361111 0.028125 0.133333 0.594019
0 0.494792 0.368519 0.025 0.137037 0.594181
0 0.445833 0.361111 0.0270833 0.133333 0.598819
0 0.328125 0.346296 0.0229167 0.0851852 0.605567
0 0.641667 0.377778 0.04375 0.207407 0.606618
0 0.328125 0.346296 0.0229167 0.0851852 0.62537
0 0.0854167 0.372222 0.0291667 0.140741 0.632143
0 0.0854167 0.373148 0.0270833 0.142593 0.632155
0 0.494792 0.365741 0.0270833 0.142593 0.633746
0 0.0854167 0.372222 0.0291667 0.140741 0.63647
0 0.638542 0.377778 0.04375 0.207407 0.639109
0 0.0854167 0.375926 0.0270833 0.137037 0.655908
0 0.0854167 0.375926 0.0270833 0.137037 0.667642
0 0.445833 0.364815 0.0291667 0.133333 0.67021
0 0.638542 0.377778 0.04375 0.207407 0.671555
0 0.6375 0.376852 0.0479167 0.205556 0.676249
0 0.638021 0.377778 0.046875 0.207407 0.681413
0 0.0854167 0.374074 0.0270833 0.140741 0.689261
0 0.328125 0.344444 0.0229167 0.0814815 0.694095
0 0.446875 0.365741 0.0291667 0.138889 0.702362
0 0.446354 0.365741 0.0302083 0.138889 0.70467
0 0.638542 0.377778 0.04375 0.207407 0.709271
0 0.328125 0.344444 0.0229167 0.0814815 0.719499
0 0.328125 0.344444 0.0229167 0.0814815 0.720299
0 0.446354 0.365741 0.028125 0.138889 0.757223
0 0.445833 0.365741 0.0291667 0.138889 0.773094
0 0.445833 0.365741 0.0291667 0.142593 0.798032
0 0.446354 0.365741 0.028125 0.138889 0.801665
0 0.445312 0.364815 0.028125 0.133333 0.802444
0 0.445312 0.364815 0.028125 0.133333 0.80401
0 0.640625 0.374074 0.0395833 0.207407 0.816185
0 0.445833 0.362963 0.0291667 0.144444 0.819558
0 0.640104 0.374074 0.0385417 0.211111 0.823178
0 0.445833 0.362963 0.0291667 0.140741 0.829215
0 0.226042 0.42037 0.0895833 0.385185 0.857723
0 0.226042 0.42037 0.0895833 0.385185 0.865717
0 0.226042 0.42037 0.0895833 0.385185 0.873427
0 0.226042 0.42037 0.0895833 0.392593 0.873587
0 0.226042 0.42037 0.0895833 0.392593 0.879244
0 0.226042 0.421296 0.0875 0.394444 0.87925
0 0.226042 0.42037 0.0875 0.392593 0.883121
0 0.226042 0.421296 0.0895833 0.390741 0.884091
0 0.226042 0.421296 0.0875 0.390741 0.884901
0 0.226042 0.421296 0.0895833 0.383333 0.885553
