0 0.382292 0.335185 0.0270833 0.103704 0.250695
0 0.451562 0.353704 0.0260417 0.137037 0.251803
24 0.753646 0.348148 0.028125 0.1 0.253521
24 0.754167 0.348148 0.0270833 0.1 0.256134
0 0.521875 0.35 0.025 0.0925926 0.260667
0 0.733854 0.393519 0.0614583 0.309259 0.261294
0 0.702083 0.390741 0.03125 0.296296 0.264444
0 0.733333 0.393519 0.0625 0.309259 0.267101
0 0.179688 0.387963 0.040625 0.164815 0.267336
0 0.733333 0.394444 0.0625 0.307407 0.269068
0 0.521875 0.35 0.025 0.0925926 0.275552
0 0.543229 0.328704 0.015625 0.0648148 0.276157
24 0.747396 0.34537 0.0385417 0.142593 0.277746
26 0.174479 0.372222 0.028125 0.0925926 0.278366
24 0.747396 0.34537 0.0385417 0.142593 0.285518
24 0.752083 0.352778 0.0291667 0.0944444 0.285558
26 0.174479 0.374074 0.0260417 0.0851852 0.289392
26 0.174479 0.373148 0.0260417 0.0833333 0.297696
0 0.736458 0.39537 0.0541667 0.312963 0.299269
0 0.50625 0.362963 0.0333333 0.12963 0.301405
0 0.715625 0.387037 0.05625 0.307407 0.304038
0 0.700521 0.382407 0.034375 0.283333 0.308034
24 0.753125 0.353704 0.0291667 0.0925926 0.309001
24 0.752604 0.352778 0.028125 0.0944444 0.309152
0 0.523438 0.349074 0.0239583 0.109259 0.310848
0 0.452604 0.351852 0.0260417 0.133333 0.312063
0 0.499479 0.368519 0.0260417 0.12963 0.319606
0 0.401563 0.32963 0.015625 0.0703704 0.320867
0 0.505208 0.358333 0.0354167 0.124074 0.324768
24 0.749479 0.341667 0.0364583 0.112963 0.333515
0 0.499479 0.359259 0.0260417 0.122222 0.338901
0 0.0927083 0.512963 0.175 0.614815 0.339656
0 0.402083 0.322222 0.0166667 0.0814815 0.341936
0 0.51875 0.35463 0.0229167 0.0981481 0.342601
0 0.182292 0.394444 0.0458333 0.225926 0.345808
26 0.174479 0.374074 0.0260417 0.0851852 0.353803
0 0.497917 0.366667 0.0270833 0.125926 0.354771
0 0.402604 0.319444 0.015625 0.0796296 0.35909
0 0.402083 0.32963 0.0166667 0.0703704 0.361519
0 0.0958333 0.530556 0.185417 0.598148 0.36174
0 0.186979 0.417593 0.0489583 0.27963 0.362418
0 0.545833 0.327778 0.0125 0.062963 0.363322
0 0.186458 0.418519 0.05 0.277778 0.364828
0 0.186458 0.417593 0.05 0.27963 0.364849
0 0.499479 0.367593 0.0260417 0.131481 0.370272
0 0.498958 0.367593 0.0270833 0.131481 0.371518
24 0.749479 0.344444 0.0364583 0.103704 0.372753
0 0.402604 0.319444 0.0177083 0.0796296 0.374184
0 0.730208 0.389815 0.0708333 0.305556 0.381029
0 0.497917 0.365741 0.0270833 0.127778 0.383814
0 0.498437 0.361111 0.0260417 0.125926 0.389329
0 0.402083 0.319444 0.0166667 0.0796296 0.390176
0 0.545833 0.327778 0.0125 0.062963 0.390596
0 0.499479 0.360185 0.0260417 0.127778 0.392594
0 0.497917 0.366667 0.0270833 0.125926 0.393953
0 0.401563 0.32963 0.015625 0.0703704 0.394246
0 0.499479 0.360185 0.0260417 0.127778 0.40086
0 0.546875 0.328704 0.0125 0.0611111 0.401646
0 0.51875 0.35463 0.0229167 0.101852 0.403607
0 0.51875 0.353704 0.0229167 0.1 0.411381
26 0.173438 0.374074 0.0260417 0.0814815 0.411412
0 0.546354 0.328704 0.0114583 0.0611111 0.411738
24 0.749479 0.344444 0.0364583 0.103704 0.413812
0 0.733333 0.390741 0.0625 0.314815 0.420228
26 0.173438 0.374074 0.0260417 0.0814815 0.42258
0 0.401563 0.325 0.015625 0.0722222 0.423256
0 0.545833 0.325926 0.0125 0.0666667 0.427889
0 0.375521 0.346296 0.0197917 0.1 0.435914
26 0.173438 0.375 0.0260417 0.0833333 0.438508
0 0.402604 0.322222 0.015625 0.0740741 0.439098
0 0.497396 0.364815 0.0302083 0.133333 0.441701
0 0.0973958 0.525926 0.180208 0.592593 0.442368
0 0.0932292 0.514815 0.178125 0.6 0.444128
0 0.497917 0.363889 0.0291667 0.127778 0.444202
0 0.545833 0.327778 0.0125 0.0666667 0.44448
0 0.375521 0.34537 0.0197917 0.101852 0.461346
0 0.375521 0.34537 0.0197917 0.101852 0.461376
0 0.705729 0.387963 0.0385417 0.294444 0.47289
0 0.732292 0.388889 0.0666667 0.303704 0.475196
0 0.623958 0.355556 0.0270833 0.12963 0.480524
0 0.497396 0.364815 0.028125 0.133333 0.492457
0 0.498437 0.361111 0.0260417 0.12963 0.495462
0 0.498437 0.361111 0.0260417 0.12963 0.498729
0 0.497917 0.364815 0.0291667 0.133333 0.500159
0 0.401042 0.325926 0.0145833 0.0703704 0.501848
0 0.704687 0.384259 0.0385417 0.298148 0.506857
0 0.719271 0.388889 0.0677083 0.296296 0.508118
0 0.728125 0.389815 0.0729167 0.305556 0.515162
0 0.702083 0.387963 0.0395833 0.283333 0.516217
0 0.702083 0.387963 0.0395833 0.27963 0.52564
0 0.702083 0.387963 0.0395833 0.27963 0.526237
0 0.497917 0.362963 0.0270833 0.125926 0.526555
0 0.0953125 0.519444 0.180208 0.598148 0.52752
0 0.452083 0.350926 0.0270833 0.142593 0.539737
0 0.497917 0.363889 0.0291667 0.127778 0.540583
0 0.719792 0.387963 0.06875 0.294444 0.541439
0 0.375521 0.342593 0.0197917 0.1 0.541868
0 0.452083 0.350926 0.0270833 0.142593 0.544618
0 0.623958 0.355556 0.0270833 0.12963 0.546608
0 0.401563 0.325926 0.015625 0.0703704 0.551035
0 0.375521 0.342593 0.0197917 0.103704 0.57394
0 0.719792 0.387963 0.06875 0.298148 0.574258
0 0.728125 0.390741 0.0729167 0.307407 0.57476
0 0.376042 0.342593 0.0208333 0.103704 0.580362
0 0.732292 0.389815 0.0666667 0.301852 0.595642
0 0.716667 0.392593 0.0666667 0.307407 0.601336
0 0.376042 0.343519 0.0208333 0.101852 0.609693
0 0.623958 0.356481 0.0270833 0.127778 0.61341
0 0.730208 0.392593 0.06875 0.307407 0.631069
0 0.732292 0.389815 0.0666667 0.301852 0.631706
0 0.376042 0.343519 0.0208333 0.101852 0.641976
0 0.728125 0.389815 0.06875 0.301852 0.644121
0 0.376563 0.343519 0.0197917 0.101852 0.645278
0 0.452604 0.351852 0.028125 0.151852 0.649452
0 0.376042 0.343519 0.0208333 0.101852 0.6495
0 0.376042 0.343519 0.0208333 0.105556 0.66411
0 0.376563 0.343519 0.0197917 0.101852 0.67388
0 0.731771 0.389815 0.065625 0.301852 0.676269
0 0.376563 0.343519 0.0197917 0.101852 0.678835
0 0.0958333 0.523148 0.185417 0.587037 0.680441
0 0.452604 0.351852 0.028125 0.151852 0.681903
0 0.624479 0.355556 0.028125 0.125926 0.705973
0 0.624479 0.356481 0.028125 0.127778 0.720141
0 0.625 0.356481 0.0270833 0.124074 0.723091
0 0.452604 0.35463 0.028125 0.153704 0.724693
0 0.452604 0.351852 0.0260417 0.151852 0.726169
0 0.375521 0.343519 0.0197917 0.105556 0.732023
0 0.727604 0.391667 0.0697917 0.305556 0.733729
0 0.624479 0.357407 0.028125 0.125926 0.739517
0 0.452604 0.353704 0.028125 0.151852 0.741003
0 0.452604 0.352778 0.0260417 0.146296 0.741038
0 0.624479 0.355556 0.028125 0.12963 0.74217
0 0.624479 0.355556 0.028125 0.125926 0.743198
0 0.452604 0.352778 0.0260417 0.146296 0.743361
0 0.452604 0.353704 0.028125 0.151852 0.746882
0 0.624479 0.357407 0.028125 0.125926 0.753321
0 0.624479 0.355556 0.028125 0.125926 0.754531
0 0.624479 0.356481 0.0260417 0.124074 0.755983
0 0.0958333 0.523148 0.185417 0.590741 0.756022
0 0.453125 0.353704 0.0270833 0.151852 0.768339
0 0.624479 0.355556 0.028125 0.12963 0.768434
0 0.0979167 0.526852 0.1875 0.594444 0.771023
0 0.624479 0.356481 0.0260417 0.124074 0.771455
0 0.452083 0.35463 0.0270833 0.153704 0.774503
0 0.624479 0.356481 0.028125 0.127778 0.778706
0 0.452604 0.35463 0.028125 0.153704 0.784323
0 0.0963542 0.523148 0.186458 0.594444 0.786676
0 0.452083 0.352778 0.0270833 0.15 0.836435
0 0.452083 0.352778 0.0270833 0.146296 0.84103
0 0.0979167 0.521296 0.1875 0.601852 0.893768
0 0.0947917 0.522222 0.185417 0.596296 0.905423
0 0.0947917 0.522222 0.185417 0.596296 0.905532
0 0.0947917 0.522222 0.185417 0.596296 0.906482
0 0.0947917 0.523148 0.185417 0.598148 0.913309
0 0.0947917 0.522222 0.185417 0.596296 0.914026
0 0.0947917 0.522222 0.185417 0.596296 0.921066
