0 0.604688 0.362963 0.0260417 0.118519 0.252167
0 0.604688 0.363889 0.0239583 0.12037 0.252961
13 0.0661458 0.685185 0.130208 0.396296 0.255325
0 0.326042 0.331481 0.0145833 0.0592593 0.257333
26 0.919271 0.40463 0.0677083 0.216667 0.257585
26 0.91875 0.412963 0.0604167 0.185185 0.260006
0 0.513542 0.377778 0.0291667 0.107407 0.262454
13 0.0666667 0.684259 0.13125 0.398148 0.263297
26 0.916667 0.396296 0.0583333 0.203704 0.263597
0 0.678646 0.361111 0.0364583 0.140741 0.268565
0 0.604688 0.362963 0.0239583 0.122222 0.270213
0 0.446354 0.376852 0.0260417 0.135185 0.273713
0 0.95 0.497222 0.1 0.683333 0.276239
26 0.919271 0.412963 0.0614583 0.2 0.280281
26 0.91875 0.410185 0.0604167 0.198148 0.285148
0 0.678646 0.362037 0.034375 0.138889 0.290457
0 0.492188 0.371296 0.0302083 0.112963 0.290984
0 0.605729 0.365741 0.028125 0.127778 0.291045
0 0.493229 0.374074 0.0302083 0.107407 0.291504
0 0.951042 0.510185 0.0979167 0.653704 0.291836
0 0.327604 0.330556 0.015625 0.0611111 0.293952
0 0.514583 0.381481 0.0270833 0.103704 0.294098
0 0.381771 0.330556 0.015625 0.0722222 0.295228
0 0.0390625 0.35 0.040625 0.103704 0.296903
0 0.508854 0.380556 0.0385417 0.101852 0.302814
0 0.679167 0.360185 0.03125 0.131481 0.302988
0 0.884896 0.478704 0.0864583 0.568519 0.305376
0 0.0479167 0.35 0.025 0.107407 0.310904
0 0.327604 0.330556 0.015625 0.0611111 0.311661
0 0.381771 0.330556 0.015625 0.0722222 0.31218
0 0.884896 0.475926 0.0885417 0.559259 0.312954
0 0.402083 0.364815 0.0333333 0.151852 0.317822
0 0.605208 0.364815 0.0270833 0.125926 0.332944
0 0.402083 0.364815 0.0333333 0.151852 0.33423
0 0.493229 0.374074 0.028125 0.107407 0.337201
0 0.893229 0.476852 0.096875 0.553704 0.339892
0 0.403646 0.367593 0.0322917 0.157407 0.340097
0 0.509375 0.37963 0.0354167 0.1 0.341881
0 0.545833 0.337037 0.0145833 0.0666667 0.346015
0 0.605208 0.367593 0.0291667 0.127778 0.352477
0 0.492188 0.371296 0.0302083 0.112963 0.354142
0 0.514063 0.378704 0.028125 0.101852 0.356991
0 0.403125 0.367593 0.03125 0.157407 0.35827
0 0.605208 0.364815 0.0270833 0.125926 0.377185
0 0.493229 0.366667 0.0260417 0.107407 0.377616
26 0.918229 0.399074 0.0614583 0.216667 0.377715
0 0.510938 0.37963 0.0260417 0.1 0.378295
26 0.91875 0.405556 0.0645833 0.214815 0.379777
26 0.91875 0.4 0.0625 0.218519 0.38262
26 0.918229 0.399074 0.0614583 0.212963 0.382986
0 0.49375 0.375 0.0270833 0.101852 0.383931
0 0.493229 0.368519 0.0260417 0.107407 0.393861
0 0.546354 0.337963 0.015625 0.0722222 0.394512
0 0.605208 0.367593 0.0291667 0.127778 0.398898
0 0.511458 0.37963 0.025 0.1 0.404197
0 0.492708 0.373148 0.0270833 0.105556 0.404243
0 0.493229 0.367593 0.0260417 0.105556 0.405434
0 0.49375 0.375 0.0270833 0.101852 0.413109
0 0.511458 0.37963 0.025 0.1 0.413939
0 0.0208333 0.35 0.01875 0.0888889 0.417637
0 0.514583 0.380556 0.025 0.0981481 0.419834
0 0.605208 0.368519 0.0291667 0.125926 0.423547
0 0.545313 0.337963 0.015625 0.0685185 0.424592
0 0.49375 0.375926 0.0270833 0.103704 0.427545
0 0.492708 0.371296 0.0270833 0.112963 0.432835
0 0.546354 0.337037 0.0135417 0.0666667 0.433129
0 0.514583 0.381481 0.025 0.1 0.455492
0 0.890625 0.47037 0.0958333 0.607407 0.460495
0 0.546354 0.337963 0.015625 0.0722222 0.465447
0 0.546354 0.337037 0.0135417 0.0666667 0.465783
0 0.547396 0.338889 0.015625 0.0703704 0.469596
0 0.89375 0.476852 0.110417 0.594444 0.471281
0 0.546354 0.337037 0.015625 0.0703704 0.475804
0 0.893229 0.475926 0.096875 0.559259 0.476028
0 0.514583 0.381481 0.025 0.1 0.478747
0 0.0208333 0.349074 0.01875 0.0907407 0.479984
0 0.0208333 0.35 0.01875 0.0925926 0.483042
0 0.546875 0.338889 0.0145833 0.0703704 0.489495
0 0.546354 0.337963 0.015625 0.0685185 0.503312
0 0.890104 0.47037 0.096875 0.585185 0.505288
0 0.954167 0.506481 0.0916667 0.701852 0.522103
0 0.046875 0.350926 0.0229167 0.105556 0.527588
0 0.046875 0.349074 0.0229167 0.105556 0.52809
0 0.446875 0.373148 0.0270833 0.153704 0.532609
0 0.545833 0.340741 0.0166667 0.0703704 0.532955
0 0.546875 0.338889 0.0145833 0.0703704 0.538309
0 0.446354 0.372222 0.0260417 0.151852 0.541357
0 0.0213542 0.352778 0.021875 0.0981481 0.543646
0 0.89375 0.480556 0.108333 0.564815 0.550495
0 0.0213542 0.353704 0.021875 0.1 0.55273
0 0.679167 0.360185 0.03125 0.142593 0.560235
0 0.679167 0.360185 0.03125 0.142593 0.564361
0 0.0489583 0.349074 0.0229167 0.0981481 0.564411
0 0.0213542 0.353704 0.021875 0.1 0.567163
0 0.0213542 0.351852 0.0197917 0.0925926 0.573099
0 0.046875 0.35 0.0229167 0.107407 0.5744
0 0.046875 0.35 0.0229167 0.107407 0.580847
0 0.955208 0.507407 0.0895833 0.681481 0.591571
0 0.0489583 0.349074 0.0229167 0.101852 0.5994
0 0.0489583 0.349074 0.0229167 0.101852 0.603891
0 0.954167 0.507407 0.0916667 0.707407 0.617716
0 0.679167 0.363889 0.03125 0.142593 0.619148
0 0.0213542 0.351852 0.0197917 0.0925926 0.620603
0 0.404167 0.369444 0.0354167 0.157407 0.620801
0 0.0213542 0.351852 0.0197917 0.0925926 0.629127
0 0.404167 0.368519 0.0354167 0.159259 0.634373
0 0.404167 0.368519 0.0354167 0.159259 0.642519
0 0.021875 0.351852 0.0208333 0.0925926 0.647011
0 0.604688 0.366667 0.028125 0.125926 0.651639
0 0.0208333 0.350926 0.0208333 0.0944444 0.657315
0 0.679167 0.362963 0.03125 0.140741 0.657503
0 0.951563 0.510185 0.096875 0.661111 0.661569
0 0.0479167 0.35 0.0229167 0.1 0.663824
0 0.446875 0.375 0.0291667 0.153704 0.669599
0 0.604167 0.366667 0.0270833 0.12963 0.670633
0 0.446354 0.376852 0.0260417 0.15 0.672314
0 0.446875 0.375926 0.0291667 0.159259 0.676981
0 0.0479167 0.35 0.0229167 0.103704 0.682581
0 0.446875 0.377778 0.0270833 0.148148 0.682963
0 0.678646 0.362963 0.0322917 0.140741 0.684268
0 0.679167 0.363889 0.03125 0.142593 0.691369
0 0.447396 0.375 0.028125 0.153704 0.691781
0 0.678125 0.362037 0.03125 0.138889 0.698316
0 0.0479167 0.35 0.0229167 0.103704 0.700207
0 0.678646 0.362037 0.0322917 0.138889 0.700965
0 0.605208 0.366667 0.0270833 0.12963 0.704413
0 0.604688 0.366667 0.028125 0.12963 0.707078
0 0.446875 0.375926 0.0291667 0.159259 0.708612
0 0.446875 0.375926 0.0291667 0.159259 0.711245
0 0.678646 0.362963 0.0322917 0.144444 0.71788
0 0.446354 0.375 0.028125 0.157407 0.7182
0 0.446875 0.375 0.0270833 0.153704 0.720397
0 0.604688 0.366667 0.028125 0.125926 0.722177
0 0.678646 0.363889 0.0322917 0.146296 0.725222
0 0.605729 0.366667 0.028125 0.125926 0.7295
0 0.604167 0.365741 0.0270833 0.127778 0.737289
0 0.678646 0.363889 0.0322917 0.142593 0.739922
0 0.604167 0.365741 0.0270833 0.127778 0.74059
0 0.404167 0.369444 0.0333333 0.161111 0.742027
0 0.403125 0.367593 0.0354167 0.157407 0.748833
0 0.0479167 0.349074 0.0229167 0.105556 0.749262
0 0.403125 0.367593 0.0354167 0.161111 0.754648
0 0.605208 0.366667 0.0270833 0.12963 0.760023
0 0.678646 0.363889 0.0322917 0.142593 0.761438
0 0.890104 0.475926 0.096875 0.559259 0.762473
0 0.404167 0.37037 0.0333333 0.159259 0.762957
0 0.446354 0.375 0.028125 0.157407 0.766827
0 0.678646 0.363889 0.0322917 0.146296 0.771115
0 0.605208 0.366667 0.0270833 0.12963 0.771352
0 0.605729 0.366667 0.028125 0.12963 0.773566
0 0.953646 0.513889 0.0927083 0.698148 0.773703
0 0.953125 0.512037 0.09375 0.698148 0.783843
0 0.404167 0.369444 0.0333333 0.161111 0.791137
0 0.446354 0.375 0.028125 0.157407 0.792182
0 0.605208 0.366667 0.0270833 0.125926 0.796131
0 0.446354 0.374074 0.0260417 0.155556 0.798767
0 0.404687 0.369444 0.034375 0.161111 0.80714
0 0.404687 0.369444 0.034375 0.161111 0.811812
0 0.888542 0.472222 0.0979167 0.562963 0.814496
0 0.446875 0.374074 0.0270833 0.151852 0.818676
0 0.888021 0.472222 0.096875 0.562963 0.820041
0 0.404687 0.369444 0.034375 0.161111 0.824003
0 0.890104 0.475926 0.0989583 0.559259 0.825448
0 0.953646 0.512963 0.0927083 0.703704 0.836582
0 0.953646 0.512037 0.0927083 0.701852 0.837243
0 0.954167 0.510185 0.0916667 0.716667 0.845846
0 0.889583 0.478704 0.1 0.575926 0.854257
0 0.403125 0.367593 0.0333333 0.161111 0.858937
0 0.403646 0.367593 0.0322917 0.164815 0.862469
0 0.889063 0.480556 0.0989583 0.587037 0.871041
