0 0.646875 0.427778 0.01875 0.0518519 0.250398
0 0.328125 0.418519 0.0208333 0.0777778 0.250851
0 0.169271 0.439815 0.0177083 0.0611111 0.251462
0 0.647396 0.423148 0.0177083 0.0462963 0.252738
0 0.171354 0.440741 0.0177083 0.0592593 0.254225
24 0.046875 0.464815 0.0354167 0.0703704 0.254329
24 0.046875 0.464815 0.0354167 0.0740741 0.254557
0 0.328646 0.417593 0.0177083 0.0833333 0.259587
0 0.647396 0.424074 0.0177083 0.0481481 0.263248
0 0.0796875 0.483333 0.0302083 0.166667 0.269421
0 0.328646 0.418519 0.0197917 0.0777778 0.272153
0 0.0791667 0.484259 0.03125 0.168519 0.272859
0 0.380208 0.444444 0.01875 0.0888889 0.274066
0 0.380208 0.444444 0.01875 0.0925926 0.27426
0 0.647396 0.423148 0.015625 0.0462963 0.277847
0 0.647396 0.423148 0.0177083 0.0462963 0.277981
0 0.0708333 0.492593 0.04375 0.177778 0.289639
0 0.647396 0.423148 0.0177083 0.0462963 0.292459
0 0.380208 0.44537 0.01875 0.0907407 0.296397
0 0.647917 0.425926 0.01875 0.0555556 0.296704
0 0.647396 0.423148 0.0177083 0.0462963 0.301667
0 0.382292 0.447222 0.01875 0.0944444 0.302474
13 0.40625 0.578704 0.133333 0.0833333 0.306294
0 0.647396 0.425926 0.0177083 0.0555556 0.307937
0 0.0473958 0.502778 0.040625 0.190741 0.308805
0 0.329167 0.42037 0.01875 0.0777778 0.320791
0 0.0140625 0.502778 0.028125 0.17963 0.324562
0 0.379687 0.444444 0.0177083 0.0925926 0.332021
13 0.40625 0.581481 0.133333 0.0851852 0.342442
0 0.329167 0.417593 0.01875 0.0833333 0.343814
0 0.0479167 0.494444 0.0395833 0.174074 0.346926
13 0.40625 0.581481 0.135417 0.0851852 0.35293
0 0.329688 0.42037 0.0197917 0.0777778 0.356011
0 0.329688 0.42037 0.0197917 0.0777778 0.356378
0 0.0135417 0.503704 0.0270833 0.181481 0.357783
0 0.0703125 0.491667 0.0447917 0.175926 0.357806
0 0.0473958 0.502778 0.040625 0.194444 0.365245
0 0.0479167 0.49537 0.0416667 0.17963 0.371076
13 0.403646 0.576852 0.136458 0.0833333 0.373737
13 0.403125 0.576852 0.133333 0.0833333 0.377775
0 0.329688 0.42037 0.0197917 0.0777778 0.380734
13 0.404687 0.577778 0.134375 0.0851852 0.383211
13 0.40625 0.580556 0.139583 0.087037 0.385551
13 0.405208 0.578704 0.135417 0.087037 0.38623
0 0.444271 0.442593 0.021875 0.1 0.407014
13 0.402083 0.576852 0.1375 0.0833333 0.417555
0 0.0708333 0.491667 0.0458333 0.175926 0.427165
13 0.404167 0.576852 0.139583 0.0833333 0.453677
0 0.04375 0.503704 0.0458333 0.185185 0.461141
0 0.0473958 0.50463 0.040625 0.194444 0.472525
0 0.0505208 0.502778 0.0447917 0.190741 0.473228
0 0.0442708 0.50463 0.0447917 0.187037 0.481795
0 0.0442708 0.50463 0.0447917 0.187037 0.496717
0 0.0505208 0.502778 0.0447917 0.190741 0.497836
0 0.0520833 0.499074 0.04375 0.194444 0.516658
0 0.444792 0.440741 0.01875 0.0962963 0.51883
0 0.0776042 0.488889 0.0302083 0.166667 0.523575
0 0.0505208 0.502778 0.0447917 0.190741 0.524066
0 0.444792 0.440741 0.01875 0.1 0.537111
0 0.0760417 0.490741 0.0333333 0.185185 0.537141
0 0.0520833 0.5 0.04375 0.196296 0.539803
0 0.0505208 0.500926 0.040625 0.190741 0.542202
0 0.0770833 0.488889 0.03125 0.166667 0.54358
0 0.444792 0.440741 0.01875 0.1 0.555115
0 0.445312 0.442593 0.0197917 0.1 0.555489
0 0.0760417 0.491667 0.0333333 0.183333 0.558413
0 0.0505208 0.500926 0.040625 0.190741 0.5594
0 0.445312 0.441667 0.021875 0.0981481 0.560335
0 0.0776042 0.488889 0.0302083 0.166667 0.560558
0 0.445312 0.442593 0.0197917 0.1 0.569504
0 0.0489583 0.502778 0.0416667 0.187037 0.579181
0 0.0135417 0.506481 0.0270833 0.187037 0.590701
0 0.0489583 0.502778 0.04375 0.187037 0.597896
0 0.0776042 0.489815 0.0322917 0.164815 0.632779
0 0.0776042 0.489815 0.0322917 0.164815 0.633388
0 0.0135417 0.506481 0.0270833 0.187037 0.633659
0 0.503646 0.474074 0.034375 0.155556 0.637826
0 0.503646 0.474074 0.034375 0.155556 0.639665
0 0.503646 0.472222 0.034375 0.151852 0.644733
0 0.078125 0.487037 0.0291667 0.17037 0.657777
0 0.413542 0.446296 0.0229167 0.103704 0.659
0 0.503646 0.471296 0.034375 0.153704 0.660517
0 0.503646 0.474074 0.034375 0.155556 0.665693
0 0.0776042 0.487037 0.0302083 0.17037 0.670862
0 0.0770833 0.490741 0.03125 0.166667 0.674127
0 0.0135417 0.506481 0.0270833 0.187037 0.713933
0 0.4125 0.443519 0.0208333 0.105556 0.714747
0 0.444792 0.442593 0.01875 0.1 0.720772
0 0.0135417 0.506481 0.0270833 0.187037 0.723421
0 0.413021 0.443519 0.021875 0.101852 0.724448
0 0.413542 0.444444 0.0208333 0.103704 0.730444
0 0.444271 0.441667 0.0197917 0.101852 0.733165
0 0.413021 0.444444 0.021875 0.107407 0.733473
0 0.444792 0.441667 0.01875 0.101852 0.734433
0 0.0135417 0.506481 0.0270833 0.183333 0.739912
0 0.413021 0.444444 0.021875 0.107407 0.741996
0 0.4125 0.443519 0.0208333 0.101852 0.742944
0 0.4125 0.443519 0.0208333 0.101852 0.755306
0 0.0135417 0.507407 0.0270833 0.185185 0.76504
0 0.444792 0.442593 0.0208333 0.103704 0.769032
0 0.719792 0.55463 0.0854167 0.431481 0.769935
0 0.720312 0.55463 0.084375 0.431481 0.770183
0 0.444271 0.441667 0.0197917 0.101852 0.770385
0 0.720312 0.555556 0.084375 0.42963 0.772628
0 0.0130208 0.506481 0.0260417 0.183333 0.780143
0 0.0130208 0.506481 0.0260417 0.183333 0.788445
0 0.0130208 0.507407 0.0260417 0.181481 0.789426
0 0.0130208 0.506481 0.0260417 0.183333 0.79098
0 0.720312 0.556481 0.084375 0.431481 0.797323
0 0.720312 0.557407 0.084375 0.433333 0.797796
0 0.720833 0.556481 0.0833333 0.431481 0.800883
0 0.502604 0.474074 0.034375 0.155556 0.807725
0 0.502604 0.475 0.034375 0.157407 0.809565
0 0.719271 0.556481 0.084375 0.435185 0.812667
0 0.719271 0.556481 0.084375 0.435185 0.815424
0 0.720312 0.556481 0.084375 0.431481 0.825803
0 0.503125 0.475 0.0333333 0.153704 0.828479
0 0.503125 0.474074 0.0333333 0.148148 0.830653
0 0.503125 0.474074 0.0333333 0.151852 0.831771
0 0.720312 0.556481 0.084375 0.435185 0.832873
0 0.503125 0.475 0.0333333 0.153704 0.834051
0 0.503125 0.474074 0.0333333 0.155556 0.838384
0 0.503125 0.475 0.0333333 0.153704 0.83884
0 0.503646 0.475 0.034375 0.153704 0.842563
0 0.503125 0.475 0.0333333 0.153704 0.850977
0 0.719792 0.555556 0.0833333 0.433333 0.860239
0 0.719792 0.555556 0.0833333 0.433333 0.87541
0 0.720312 0.55463 0.084375 0.435185 0.883209
0 0.720312 0.55463 0.084375 0.435185 0.88671
0 0.720312 0.555556 0.084375 0.437037 0.887133
