0 0.538021 0.39537 0.028125 0.112963 0.253733
0 0.590625 0.351852 0.0145833 0.062963 0.255491
0 0.476562 0.387037 0.028125 0.151852 0.25601
0 0.417708 0.347222 0.0145833 0.0759259 0.257364
0 0.015625 0.374074 0.025 0.118519 0.2574
0 0.786458 0.380556 0.0375 0.17963 0.261295
0 0.539583 0.39537 0.0458333 0.112963 0.261392
0 0.015625 0.374074 0.025 0.118519 0.262112
0 0.476562 0.387037 0.028125 0.151852 0.268437
0 0.538021 0.39537 0.028125 0.112963 0.269155
0 0.477604 0.391667 0.0260417 0.135185 0.270087
0 0.478125 0.392593 0.0270833 0.133333 0.28356
0 0.590625 0.351852 0.0145833 0.062963 0.285013
0 0.589063 0.352778 0.015625 0.0685185 0.285553
0 0.559896 0.392593 0.0260417 0.122222 0.290579
0 0.417708 0.347222 0.0145833 0.0759259 0.295362
0 0.588542 0.35463 0.0145833 0.0685185 0.298658
0 0.539062 0.39537 0.046875 0.112963 0.299962
0 0.459896 0.388889 0.0677083 0.140741 0.305279
0 0.589063 0.353704 0.015625 0.0703704 0.307813
0 0.531771 0.390741 0.0302083 0.114815 0.315022
0 0.539062 0.394444 0.046875 0.114815 0.329454
0 0.639063 0.371296 0.0302083 0.135185 0.332558
0 0.639063 0.371296 0.0302083 0.135185 0.336681
0 0.460417 0.389815 0.0645833 0.138889 0.338224
0 0.559896 0.393519 0.0260417 0.12037 0.338394
0 0.786458 0.383333 0.0375 0.188889 0.343642
0 0.788021 0.383333 0.0322917 0.185185 0.343729
0 0.784375 0.389815 0.0375 0.183333 0.343801
0 0.559896 0.393519 0.0260417 0.12037 0.347767
0 0.531771 0.390741 0.0302083 0.114815 0.348931
0 0.531771 0.390741 0.0302083 0.111111 0.34912
0 0.588542 0.353704 0.0145833 0.0703704 0.349856
0 0.530729 0.393519 0.0302083 0.116667 0.355247
0 0.7875 0.384259 0.03125 0.183333 0.357575
0 0.559896 0.39537 0.0302083 0.12037 0.359348
0 0.53125 0.394444 0.03125 0.118519 0.360201
0 0.784375 0.389815 0.0375 0.183333 0.365432
0 0.460417 0.389815 0.0645833 0.138889 0.371578
0 0.530729 0.396296 0.0322917 0.114815 0.374492
0 0.559896 0.39537 0.0302083 0.116667 0.377788
0 0.560417 0.392593 0.0291667 0.122222 0.382345
0 0.588542 0.35463 0.0145833 0.0685185 0.386946
0 0.559896 0.39537 0.0302083 0.116667 0.397018
0 0.53125 0.39537 0.03125 0.112963 0.408131
0 0.560417 0.393519 0.0291667 0.12037 0.409384
0 0.560417 0.393519 0.0291667 0.12037 0.410642
0 0.531771 0.393519 0.0322917 0.112963 0.41368
0 0.530729 0.39537 0.0322917 0.112963 0.415271
0 0.559375 0.39537 0.0291667 0.116667 0.423269
0 0.589583 0.352778 0.0145833 0.0685185 0.42798
0 0.559896 0.39537 0.0302083 0.116667 0.431874
0 0.558854 0.39537 0.028125 0.116667 0.432595
0 0.783854 0.393519 0.0364583 0.175926 0.436176
0 0.015625 0.380556 0.0270833 0.116667 0.440977
0 0.531771 0.393519 0.0322917 0.112963 0.441338
0 0.477604 0.391667 0.028125 0.138889 0.445255
0 0.589583 0.352778 0.0145833 0.0685185 0.446952
0 0.531771 0.393519 0.0322917 0.112963 0.456214
0 0.558854 0.39537 0.028125 0.116667 0.457987
0 0.783854 0.393519 0.0364583 0.175926 0.458077
0 0.559896 0.39537 0.0302083 0.116667 0.459621
0 0.015625 0.37963 0.0270833 0.118519 0.462508
0 0.558854 0.39537 0.028125 0.116667 0.468413
0 0.53125 0.393519 0.03125 0.116667 0.471906
0 0.783854 0.393519 0.0364583 0.175926 0.472167
0 0.0151042 0.378704 0.0260417 0.12037 0.499961
0 0.784375 0.387037 0.0395833 0.188889 0.500997
0 0.0151042 0.377778 0.0260417 0.118519 0.504438
0 0.783854 0.390741 0.0364583 0.188889 0.516048
0 0.784375 0.387963 0.0395833 0.190741 0.522998
0 0.0151042 0.37963 0.0260417 0.118519 0.530786
0 0.784375 0.388889 0.0375 0.181481 0.532174
0 0.638542 0.376852 0.0291667 0.138889 0.544784
0 0.0161458 0.377778 0.0260417 0.118519 0.559553
0 0.639063 0.376852 0.028125 0.138889 0.564817
0 0.784375 0.389815 0.0354167 0.190741 0.56958
0 0.638542 0.375926 0.0291667 0.137037 0.573547
0 0.0151042 0.378704 0.0260417 0.12037 0.575179
0 0.0161458 0.377778 0.0260417 0.118519 0.579975
0 0.0151042 0.377778 0.0260417 0.118519 0.581948
0 0.784375 0.390741 0.0354167 0.188889 0.592528
0 0.0166667 0.377778 0.025 0.118519 0.596516
0 0.784375 0.389815 0.0375 0.183333 0.606454
0 0.477604 0.392593 0.0260417 0.144444 0.615332
0 0.784375 0.388889 0.0375 0.185185 0.619735
0 0.478125 0.392593 0.0270833 0.140741 0.621905
0 0.0151042 0.377778 0.0260417 0.118519 0.623813
0 0.477604 0.391667 0.0260417 0.142593 0.62481
0 0.784375 0.387037 0.0375 0.185185 0.643163
0 0.441146 0.381481 0.0322917 0.159259 0.643604
0 0.440625 0.381481 0.0333333 0.159259 0.649216
0 0.015625 0.378704 0.0270833 0.12037 0.650816
0 0.639063 0.376852 0.0302083 0.131481 0.651151
0 0.478125 0.392593 0.0270833 0.140741 0.651429
0 0.0151042 0.378704 0.0260417 0.12037 0.663358
0 0.638021 0.376852 0.0302083 0.131481 0.667978
0 0.015625 0.378704 0.0270833 0.12037 0.669445
0 0.784375 0.389815 0.0375 0.183333 0.677147
0 0.440625 0.383333 0.0291667 0.155556 0.681569
0 0.0151042 0.378704 0.0260417 0.12037 0.687315
0 0.440625 0.383333 0.0291667 0.155556 0.689874
0 0.441146 0.381481 0.0322917 0.159259 0.693355
0 0.477604 0.392593 0.0260417 0.140741 0.699722
0 0.477604 0.393519 0.028125 0.142593 0.700939
0 0.638021 0.375926 0.0302083 0.133333 0.703342
0 0.441146 0.37963 0.0302083 0.159259 0.725064
0 0.638021 0.375926 0.0302083 0.133333 0.729056
0 0.441146 0.37963 0.0302083 0.159259 0.729174
0 0.638021 0.375 0.0302083 0.131481 0.745647
0 0.477604 0.393519 0.028125 0.142593 0.74675
0 0.638542 0.376852 0.03125 0.131481 0.750451
0 0.638021 0.376852 0.0302083 0.135185 0.752916
0 0.638021 0.376852 0.0302083 0.135185 0.753317
0 0.478125 0.392593 0.0270833 0.140741 0.759851
0 0.639063 0.377778 0.0302083 0.12963 0.76083
0 0.638021 0.376852 0.0302083 0.131481 0.761221
0 0.478125 0.392593 0.0270833 0.140741 0.764868
0 0.478125 0.392593 0.0270833 0.140741 0.765258
0 0.638542 0.376852 0.0291667 0.135185 0.76727
0 0.477604 0.391667 0.028125 0.146296 0.773405
0 0.441146 0.383333 0.0302083 0.162963 0.773877
0 0.441146 0.383333 0.0302083 0.162963 0.775052
0 0.638021 0.376852 0.0302083 0.131481 0.7761
0 0.477604 0.391667 0.028125 0.142593 0.78473
0 0.441146 0.383333 0.0302083 0.162963 0.794497
0 0.440625 0.381481 0.03125 0.162963 0.822871
0 0.440625 0.381481 0.03125 0.159259 0.822993
