13 0.195833 0.477778 0.145833 0.159259 0.251123
0 0.46875 0.342593 0.0145833 0.0925926 0.251142
0 0.467187 0.341667 0.0135417 0.0833333 0.254357
0 0.654688 0.35 0.0260417 0.118519 0.254936
0 0.46875 0.344444 0.0145833 0.0962963 0.269
13 0.19375 0.476852 0.145833 0.161111 0.269266
0 0.453125 0.355556 0.0270833 0.125926 0.280143
36 0.982813 0.969444 0.034375 0.0611111 0.280909
0 0.653646 0.350926 0.0260417 0.116667 0.285343
0 0.294271 0.332407 0.0302083 0.0722222 0.286114
36 0.982813 0.969444 0.034375 0.0611111 0.287034
13 0.384896 0.527778 0.090625 0.1 0.28828
36 0.982813 0.969444 0.034375 0.0611111 0.289119
0 0.3 0.331481 0.0291667 0.0814815 0.292995
0 0.570833 0.360185 0.03125 0.135185 0.299184
0 0.653125 0.352778 0.0229167 0.105556 0.302165
0 0.0161458 0.359259 0.0322917 0.140741 0.307216
0 0.0151042 0.351852 0.0302083 0.148148 0.310446
0 0.0161458 0.359259 0.0322917 0.137037 0.310844
0 0.3 0.331481 0.0291667 0.0814815 0.312515
0 0.0151042 0.351852 0.0302083 0.144444 0.315205
36 0.983333 0.971296 0.0333333 0.0574074 0.320503
0 0.952083 0.606481 0.0958333 0.724074 0.322378
36 0.982813 0.972222 0.034375 0.0555556 0.322539
0 0.948438 0.605556 0.103125 0.744444 0.322631
36 0.982813 0.972222 0.034375 0.0555556 0.322857
13 0.384896 0.527778 0.0927083 0.1 0.324072
0 0.454167 0.357407 0.0270833 0.125926 0.326125
36 0.983854 0.971296 0.0322917 0.0574074 0.326515
0 0.947917 0.60463 0.104167 0.742593 0.331247
0 0.954167 0.618519 0.0916667 0.733333 0.331312
0 0.302604 0.331481 0.0260417 0.0814815 0.332919
36 0.983333 0.971296 0.0333333 0.0574074 0.334843
36 0.982813 0.972222 0.034375 0.0555556 0.335128
0 0.0151042 0.353704 0.0302083 0.137037 0.336068
0 0.653646 0.353704 0.021875 0.107407 0.336279
0 0.453646 0.348148 0.0239583 0.1 0.336682
0 0.489062 0.356481 0.0239583 0.138889 0.340947
0 0.488542 0.356481 0.025 0.135185 0.347838
13 0.384375 0.521296 0.0916667 0.0944444 0.348111
0 0.488542 0.358333 0.025 0.138889 0.348304
36 0.982813 0.972222 0.034375 0.0555556 0.35138
0 0.653646 0.353704 0.021875 0.107407 0.357061
36 0.982813 0.971296 0.034375 0.0574074 0.359075
36 0.982813 0.971296 0.034375 0.0574074 0.359419
0 0.204688 0.325 0.0489583 0.135185 0.361588
0 0.453646 0.348148 0.0239583 0.103704 0.373467
0 0.453646 0.355556 0.0260417 0.125926 0.377925
0 0.490104 0.359259 0.0197917 0.133333 0.381062
0 0.490625 0.359259 0.0208333 0.12963 0.382513
0 0.453646 0.348148 0.0239583 0.103704 0.383005
0 0.299479 0.331481 0.028125 0.0777778 0.384805
0 0.616667 0.37037 0.0270833 0.137037 0.388137
0 0.616667 0.369444 0.0270833 0.138889 0.39051
0 0.490625 0.359259 0.0208333 0.133333 0.395479
13 0.384375 0.52037 0.09375 0.0962963 0.401935
0 0.298958 0.331481 0.0270833 0.0814815 0.403273
0 0.453646 0.357407 0.0260417 0.125926 0.403696
0 0.571354 0.359259 0.0302083 0.133333 0.405653
0 0.453646 0.355556 0.028125 0.122222 0.412199
0 0.298438 0.331481 0.028125 0.0777778 0.417622
0 0.654688 0.344444 0.0239583 0.107407 0.420532
0 0.301562 0.32963 0.028125 0.0814815 0.421661
0 0.654688 0.35 0.0239583 0.114815 0.422991
0 0.298438 0.332407 0.028125 0.0796296 0.424849
0 0.301562 0.32963 0.028125 0.0814815 0.431185
0 0.654167 0.351852 0.0229167 0.114815 0.437998
0 0.301562 0.330556 0.028125 0.0796296 0.439949
13 0.383333 0.527778 0.0895833 0.1 0.44464
0 0.654688 0.344444 0.0239583 0.107407 0.448133
0 0.654688 0.344444 0.0239583 0.107407 0.451342
0 0.653646 0.348148 0.0239583 0.107407 0.459135
0 0.453125 0.35463 0.0270833 0.12037 0.461628
0 0.3 0.330556 0.0270833 0.0796296 0.47133
0 0.571354 0.360185 0.0302083 0.135185 0.49156
0 0.202083 0.325926 0.0520833 0.148148 0.496107
13 0.382812 0.527778 0.0927083 0.1 0.499898
0 0.202604 0.325926 0.053125 0.148148 0.500115
0 0.654688 0.35 0.0239583 0.114815 0.504995
0 0.654167 0.349074 0.0229167 0.109259 0.51389
0 0.654167 0.349074 0.0229167 0.109259 0.515175
13 0.381771 0.526852 0.090625 0.101852 0.516449
13 0.381771 0.526852 0.090625 0.101852 0.528288
13 0.38125 0.526852 0.0916667 0.101852 0.536052
0 0.453125 0.355556 0.0229167 0.118519 0.545361
13 0.383333 0.525 0.0958333 0.101852 0.547816
0 0.3625 0.386111 0.05625 0.261111 0.551335
0 0.453646 0.355556 0.0260417 0.125926 0.556713
0 0.617708 0.371296 0.0270833 0.142593 0.557738
13 0.382812 0.525 0.0947917 0.101852 0.558337
0 0.617708 0.369444 0.0291667 0.131481 0.559584
0 0.489583 0.357407 0.0208333 0.133333 0.563119
13 0.382292 0.525926 0.0916667 0.1 0.56717
0 0.453125 0.355556 0.0229167 0.122222 0.567645
13 0.383333 0.525 0.0958333 0.101852 0.569275
0 0.616667 0.369444 0.0270833 0.135185 0.573706
0 0.617708 0.371296 0.0270833 0.142593 0.575302
0 0.453125 0.355556 0.0229167 0.122222 0.584079
0 0.617708 0.37037 0.0270833 0.140741 0.585911
0 0.452604 0.356481 0.0260417 0.12037 0.586627
0 0.489583 0.355556 0.0229167 0.12963 0.586942
0 0.454167 0.357407 0.025 0.125926 0.59512
0 0.953646 0.608333 0.0927083 0.712963 0.619247
0 0.453646 0.355556 0.0260417 0.125926 0.622955
0 0.570833 0.359259 0.03125 0.140741 0.623302
13 0.381771 0.526852 0.090625 0.0981481 0.623395
13 0.381771 0.526852 0.090625 0.0981481 0.623842
0 0.571354 0.360185 0.0302083 0.142593 0.631159
0 0.571354 0.360185 0.0302083 0.142593 0.631269
0 0.453646 0.355556 0.0260417 0.125926 0.632262
0 0.953646 0.609259 0.0927083 0.714815 0.632458
0 0.570833 0.359259 0.03125 0.140741 0.633341
0 0.0161458 0.353704 0.0302083 0.144444 0.63479
0 0.360417 0.391667 0.0541667 0.261111 0.635573
0 0.453646 0.355556 0.0239583 0.122222 0.637436
0 0.0161458 0.352778 0.0302083 0.146296 0.638682
0 0.360417 0.392593 0.0541667 0.262963 0.641822
0 0.360417 0.392593 0.0541667 0.262963 0.645795
0 0.203125 0.325926 0.0541667 0.144444 0.647049
13 0.382812 0.526852 0.0927083 0.0981481 0.659724
0 0.490104 0.355556 0.021875 0.133333 0.663401
0 0.361979 0.391667 0.053125 0.272222 0.664869
13 0.382292 0.527778 0.09375 0.1 0.670241
0 0.489583 0.355556 0.0229167 0.133333 0.674353
0 0.203646 0.325 0.0510417 0.142593 0.691065
0 0.360417 0.388889 0.0541667 0.266667 0.693641
0 0.203646 0.325 0.0489583 0.142593 0.694228
0 0.0161458 0.35463 0.0302083 0.146296 0.697866
0 0.489583 0.357407 0.0208333 0.140741 0.699542
0 0.015625 0.355556 0.03125 0.148148 0.699579
0 0.204688 0.325 0.0489583 0.146296 0.699609
0 0.0161458 0.355556 0.0302083 0.148148 0.700277
0 0.204688 0.325 0.0510417 0.146296 0.706732
0 0.203646 0.325 0.0510417 0.142593 0.71089
0 0.015625 0.355556 0.03125 0.148148 0.711385
0 0.204688 0.325 0.0510417 0.142593 0.713363
0 0.361458 0.394444 0.0541667 0.266667 0.713593
0 0.204688 0.325 0.0489583 0.146296 0.716869
0 0.204167 0.324074 0.05 0.144444 0.719088
0 0.361458 0.393519 0.0541667 0.268519 0.719734
0 0.204167 0.325 0.05 0.146296 0.720198
0 0.361458 0.393519 0.0541667 0.268519 0.723644
0 0.015625 0.355556 0.03125 0.148148 0.724907
0 0.617708 0.369444 0.0291667 0.138889 0.726256
0 0.0161458 0.355556 0.0302083 0.144444 0.735076
0 0.617708 0.368519 0.0291667 0.137037 0.736459
0 0.0161458 0.356481 0.0302083 0.146296 0.738668
0 0.0161458 0.355556 0.0302083 0.148148 0.746156
0 0.015625 0.35463 0.03125 0.146296 0.747161
0 0.489583 0.357407 0.0208333 0.137037 0.747635
0 0.0161458 0.355556 0.0302083 0.144444 0.74787
0 0.015625 0.353704 0.03125 0.144444 0.753785
0 0.617708 0.369444 0.0291667 0.138889 0.756549
0 0.489583 0.358333 0.0208333 0.135185 0.761044
0 0.571354 0.359259 0.0302083 0.144444 0.761344
0 0.570833 0.358333 0.03125 0.15 0.768043
0 0.617708 0.368519 0.0291667 0.137037 0.769716
0 0.489583 0.357407 0.0229167 0.137037 0.770709
0 0.571354 0.360185 0.0302083 0.142593 0.772516
0 0.570833 0.358333 0.03125 0.15 0.774704
0 0.570833 0.358333 0.03125 0.15 0.777628
0 0.570833 0.358333 0.03125 0.15 0.779496
0 0.570833 0.358333 0.03125 0.15 0.77962
0 0.204688 0.325 0.0489583 0.146296 0.780597
0 0.204688 0.325 0.0489583 0.146296 0.78285
0 0.570833 0.358333 0.03125 0.15 0.786676
0 0.570833 0.358333 0.03125 0.15 0.787132
0 0.204688 0.325 0.0489583 0.146296 0.788573
0 0.617188 0.368519 0.028125 0.137037 0.792972
0 0.617188 0.368519 0.028125 0.140741 0.796063
0 0.616667 0.369444 0.0270833 0.135185 0.796216
0 0.489583 0.358333 0.0229167 0.135185 0.799315
0 0.617708 0.368519 0.0291667 0.137037 0.8007
0 0.360938 0.390741 0.053125 0.274074 0.800978
0 0.616667 0.369444 0.0270833 0.135185 0.801893
0 0.570833 0.358333 0.03125 0.15 0.802199
0 0.204688 0.324074 0.0489583 0.144444 0.804444
0 0.570833 0.358333 0.03125 0.15 0.804625
0 0.204167 0.324074 0.05 0.144444 0.80517
0 0.617708 0.369444 0.0291667 0.138889 0.807553
0 0.204688 0.324074 0.0489583 0.144444 0.809876
0 0.3625 0.390741 0.0541667 0.266667 0.823727
0 0.3625 0.391667 0.0541667 0.261111 0.854244
0 0.361458 0.393519 0.0541667 0.264815 0.855872
0 0.361979 0.393519 0.053125 0.264815 0.864359
0 0.361979 0.392593 0.053125 0.266667 0.874141
0 0.954687 0.612963 0.0885417 0.703704 0.883252
0 0.948438 0.612963 0.103125 0.725926 0.90228
0 0.953646 0.613889 0.090625 0.731481 0.904158
0 0.948438 0.612037 0.103125 0.727778 0.904375
0 0.95 0.611111 0.1 0.72963 0.910719
0 0.95 0.611111 0.1 0.725926 0.911742
