0 0.0921875 0.312037 0.0239583 0.124074 0.250262
0 0.952083 0.512037 0.0958333 0.727778 0.251247
0 0.409375 0.29537 0.0208333 0.0981481 0.254749
26 0.890625 0.443519 0.0395833 0.146296 0.256036
0 0.623438 0.292593 0.0197917 0.0814815 0.259828
0 0.496875 0.302778 0.025 0.127778 0.264987
0 0.294792 0.283333 0.0395833 0.103704 0.26948
0 0.09375 0.312037 0.0270833 0.124074 0.272958
0 0.595833 0.312037 0.03125 0.124074 0.274036
0 0.496875 0.301852 0.025 0.125926 0.277835
0 0.295312 0.284259 0.0427083 0.0944444 0.283409
0 0.197917 0.35 0.0416667 0.237037 0.293621
0 0.09375 0.311111 0.025 0.122222 0.29426
0 0.840625 0.502778 0.127083 0.653704 0.298572
0 0.417708 0.3 0.0291667 0.107407 0.299782
0 0.592708 0.312037 0.0270833 0.135185 0.301483
0 0.946354 0.537963 0.107292 0.75 0.307689
0 0.592708 0.312037 0.0270833 0.135185 0.310207
0 0.623958 0.291667 0.0208333 0.0833333 0.311925
0 0.329167 0.283333 0.0229167 0.0666667 0.316306
0 0.273438 0.291667 0.0239583 0.0833333 0.317366
0 0.623438 0.291667 0.0197917 0.0833333 0.321133
0 0.417188 0.299074 0.028125 0.109259 0.322781
0 0.329167 0.283333 0.0229167 0.0666667 0.323321
0 0.273438 0.292593 0.0239583 0.0851852 0.326451
0 0.842188 0.5 0.128125 0.707407 0.327663
0 0.273438 0.292593 0.0239583 0.0851852 0.333101
0 0.593229 0.316667 0.0302083 0.133333 0.34087
0 0.329167 0.283333 0.0229167 0.0666667 0.346999
0 0.417708 0.29537 0.025 0.105556 0.35607
0 0.286458 0.283333 0.0395833 0.103704 0.360917
0 0.0942708 0.311111 0.0260417 0.122222 0.363509
0 0.198437 0.35 0.0427083 0.244444 0.383762
0 0.0947917 0.315741 0.0208333 0.112963 0.387504
0 0.195833 0.342593 0.04375 0.22963 0.389335
0 0.285937 0.282407 0.040625 0.105556 0.391162
26 0.889063 0.435185 0.0385417 0.177778 0.393044
0 0.595833 0.312963 0.03125 0.133333 0.3938
26 0.889583 0.435185 0.0395833 0.181481 0.393952
0 0.595312 0.312037 0.0302083 0.135185 0.397055
0 0.272917 0.291667 0.0208333 0.0833333 0.397834
0 0.09375 0.310185 0.025 0.12037 0.399517
0 0.0947917 0.314815 0.0229167 0.114815 0.406013
0 0.0947917 0.315741 0.0208333 0.112963 0.406331
26 0.889583 0.436111 0.0395833 0.17963 0.409685
0 0.0942708 0.312037 0.0260417 0.127778 0.410157
0 0.195833 0.336111 0.0395833 0.216667 0.411513
0 0.598958 0.311111 0.0375 0.140741 0.412686
0 0.0942708 0.315741 0.021875 0.112963 0.416871
0 0.195312 0.341667 0.0447917 0.235185 0.418451
0 0.841667 0.50463 0.125 0.709259 0.419966
0 0.329688 0.27963 0.0239583 0.0666667 0.421575
0 0.198958 0.341667 0.0375 0.224074 0.424522
0 0.286979 0.282407 0.040625 0.105556 0.424602
0 0.198958 0.341667 0.0375 0.224074 0.425354
0 0.418229 0.29537 0.028125 0.112963 0.431324
0 0.329688 0.278704 0.0239583 0.0685185 0.433683
0 0.329688 0.27963 0.0239583 0.0666667 0.434216
0 0.329688 0.27963 0.0239583 0.062963 0.442133
0 0.195833 0.336111 0.0395833 0.216667 0.4432
0 0.417708 0.3 0.0270833 0.107407 0.443814
0 0.598958 0.311111 0.0375 0.140741 0.446145
0 0.329688 0.27963 0.0239583 0.0666667 0.449668
0 0.0942708 0.311111 0.0260417 0.125926 0.451995
0 0.418229 0.296296 0.028125 0.111111 0.453269
0 0.559896 0.298148 0.028125 0.12963 0.455381
0 0.195833 0.335185 0.0395833 0.214815 0.461009
0 0.418229 0.296296 0.028125 0.111111 0.467471
0 0.598437 0.311111 0.0364583 0.137037 0.476107
0 0.329167 0.280556 0.025 0.0685185 0.476455
0 0.0942708 0.314815 0.021875 0.118519 0.47859
0 0.0942708 0.314815 0.021875 0.118519 0.481674
0 0.329167 0.280556 0.025 0.0685185 0.48362
0 0.290625 0.281481 0.03125 0.111111 0.488572
0 0.417188 0.296296 0.0260417 0.103704 0.489219
0 0.290625 0.282407 0.03125 0.109259 0.494765
0 0.329688 0.280556 0.0239583 0.0685185 0.494875
0 0.461458 0.311111 0.0354167 0.159259 0.495108
0 0.290625 0.282407 0.03125 0.109259 0.496444
0 0.461458 0.310185 0.0354167 0.157407 0.496711
0 0.417188 0.296296 0.0260417 0.103704 0.503091
0 0.417708 0.296296 0.0270833 0.103704 0.51034
0 0.496354 0.301852 0.021875 0.12963 0.512893
0 0.496875 0.301852 0.0229167 0.12963 0.515898
0 0.495833 0.30463 0.0208333 0.127778 0.517064
0 0.289583 0.281481 0.0354167 0.111111 0.521647
0 0.290104 0.281481 0.034375 0.111111 0.523359
0 0.496875 0.301852 0.0229167 0.12963 0.52563
0 0.496875 0.303704 0.0229167 0.125926 0.536883
0 0.559375 0.299074 0.0270833 0.135185 0.536947
0 0.290104 0.282407 0.034375 0.112963 0.543953
0 0.559375 0.298148 0.0270833 0.133333 0.544948
0 0.290104 0.282407 0.0322917 0.109259 0.545222
0 0.290104 0.281481 0.0322917 0.107407 0.54761
0 0.197917 0.338889 0.04375 0.218519 0.550972
0 0.559375 0.296296 0.0270833 0.137037 0.552381
0 0.290104 0.282407 0.0322917 0.109259 0.553554
0 0.559375 0.29537 0.0270833 0.131481 0.559763
0 0.197917 0.338889 0.04375 0.218519 0.561831
0 0.290104 0.282407 0.0322917 0.109259 0.562256
0 0.290104 0.281481 0.0322917 0.107407 0.563083
0 0.944792 0.515741 0.110417 0.727778 0.573514
0 0.290104 0.281481 0.0322917 0.107407 0.573959
0 0.496875 0.303704 0.0229167 0.125926 0.581477
0 0.496354 0.3 0.021875 0.12963 0.584703
0 0.496354 0.3 0.021875 0.12963 0.585844
0 0.622917 0.287037 0.0208333 0.0888889 0.589223
0 0.496354 0.300926 0.021875 0.127778 0.590263
0 0.623958 0.287037 0.0208333 0.0888889 0.596794
0 0.0942708 0.311111 0.0239583 0.122222 0.597257
0 0.839583 0.508333 0.13125 0.709259 0.600839
0 0.624479 0.286111 0.021875 0.087037 0.602324
0 0.496875 0.303704 0.0229167 0.125926 0.606403
0 0.0942708 0.311111 0.0239583 0.125926 0.606941
0 0.496875 0.303704 0.0229167 0.125926 0.608477
0 0.594271 0.315741 0.0302083 0.131481 0.613105
0 0.196354 0.341667 0.040625 0.224074 0.619385
0 0.559375 0.29537 0.0270833 0.135185 0.626586
0 0.593229 0.315741 0.0302083 0.135185 0.628433
0 0.839583 0.506481 0.13125 0.701852 0.631705
0 0.593229 0.316667 0.0302083 0.133333 0.632712
0 0.623958 0.287037 0.0208333 0.0925926 0.63674
0 0.944792 0.515741 0.110417 0.731481 0.637689
0 0.559375 0.29537 0.0270833 0.131481 0.64158
0 0.624479 0.286111 0.021875 0.087037 0.645772
0 0.624479 0.285185 0.021875 0.0888889 0.646473
0 0.196354 0.340741 0.040625 0.225926 0.646725
0 0.623958 0.287037 0.0208333 0.0925926 0.649315
0 0.0942708 0.313889 0.0239583 0.12037 0.651498
0 0.559375 0.297222 0.0270833 0.135185 0.656892
0 0.0942708 0.313889 0.0239583 0.12037 0.65799
0 0.0942708 0.313889 0.0239583 0.12037 0.662232
0 0.196354 0.339815 0.040625 0.224074 0.663904
0 0.0942708 0.312037 0.0239583 0.12037 0.669583
0 0.459896 0.318519 0.0322917 0.162963 0.672774
0 0.558854 0.29537 0.0260417 0.131481 0.68164
0 0.559375 0.29537 0.0270833 0.131481 0.683616
0 0.196875 0.342593 0.0416667 0.233333 0.690863
0 0.459896 0.318519 0.0322917 0.162963 0.69264
0 0.196875 0.342593 0.0416667 0.22963 0.694094
0 0.196875 0.341667 0.0416667 0.231481 0.698167
0 0.459375 0.318519 0.03125 0.17037 0.706098
0 0.948438 0.525926 0.103125 0.714815 0.707607
0 0.559375 0.297222 0.0270833 0.135185 0.708539
0 0.458854 0.318519 0.0302083 0.17037 0.710217
0 0.59375 0.312037 0.03125 0.135185 0.713323
0 0.497396 0.302778 0.021875 0.124074 0.721959
0 0.558854 0.29537 0.0260417 0.135185 0.723256
0 0.559375 0.29537 0.025 0.135185 0.723326
0 0.559896 0.297222 0.0260417 0.135185 0.725698
0 0.623958 0.286111 0.0208333 0.0907407 0.726578
0 0.459896 0.318519 0.0322917 0.162963 0.731805
0 0.59375 0.312037 0.03125 0.135185 0.735801
0 0.558854 0.296296 0.0260417 0.12963 0.737887
0 0.558854 0.296296 0.0260417 0.137037 0.743162
0 0.459375 0.318519 0.03125 0.166667 0.748635
0 0.459375 0.318519 0.03125 0.166667 0.751229
0 0.59375 0.312963 0.03125 0.137037 0.759842
0 0.559375 0.296296 0.025 0.133333 0.77258
0 0.594271 0.315741 0.0302083 0.135185 0.773383
0 0.946875 0.517593 0.10625 0.731481 0.775611
0 0.459375 0.317593 0.03125 0.168519 0.775824
0 0.459375 0.315741 0.03125 0.168519 0.776584
0 0.594271 0.315741 0.0302083 0.138889 0.776622
0 0.459375 0.316667 0.03125 0.17037 0.777501
0 0.558854 0.296296 0.0260417 0.12963 0.778089
0 0.59375 0.313889 0.03125 0.138889 0.803711
0 0.59375 0.312963 0.03125 0.140741 0.806558
0 0.946875 0.517593 0.10625 0.731481 0.807076
0 0.946354 0.523148 0.107292 0.716667 0.813239
0 0.840625 0.507407 0.127083 0.692593 0.814835
0 0.59375 0.312963 0.03125 0.140741 0.820503
0 0.945833 0.518519 0.108333 0.72963 0.842391
0 0.840104 0.506481 0.128125 0.701852 0.845556
0 0.840625 0.506481 0.127083 0.690741 0.854708
0 0.945833 0.516667 0.108333 0.72963 0.864606
0 0.840104 0.501852 0.126042 0.711111 0.889022
0 0.839583 0.505556 0.129167 0.692593 0.892438
0 0.840104 0.50463 0.128125 0.690741 0.895805
