0 0.367188 0.293519 0.0177083 0.0537037 0.250101
0 0.0625 0.317593 0.0208333 0.116667 0.257065
0 0.0625 0.327778 0.025 0.133333 0.258214
0 0.0625 0.317593 0.0229167 0.12037 0.261974
0 0.423958 0.337037 0.0375 0.207407 0.267436
0 0.295312 0.296296 0.0239583 0.0777778 0.27307
0 0.502604 0.317593 0.0239583 0.127778 0.27576
0 0.0625 0.318519 0.0208333 0.118519 0.275851
0 0.424479 0.337037 0.0364583 0.203704 0.280942
0 0.426562 0.334259 0.040625 0.190741 0.284946
0 0.0994792 0.35463 0.046875 0.224074 0.288315
0 0.0635417 0.325926 0.0291667 0.133333 0.293849
0 0.426562 0.333333 0.040625 0.192593 0.295605
0 0.646875 0.29537 0.0208333 0.087037 0.306553
0 0.484896 0.315741 0.0614583 0.124074 0.31184
0 0.0651042 0.326852 0.0260417 0.131481 0.312287
0 0.623958 0.309259 0.0291667 0.103704 0.313905
0 0.0989583 0.35463 0.0520833 0.224074 0.315637
0 0.426042 0.333333 0.0395833 0.192593 0.316728
0 0.0640625 0.328704 0.028125 0.135185 0.317523
0 0.646354 0.299074 0.021875 0.0907407 0.323759
0 0.00677083 0.303704 0.0135417 0.0777778 0.323981
0 0.00677083 0.302778 0.0135417 0.0796296 0.325825
0 0.573438 0.314815 0.028125 0.133333 0.328528
0 0.325 0.297222 0.025 0.0722222 0.330792
0 0.325 0.297222 0.025 0.0722222 0.33325
0 0.325 0.296296 0.025 0.0703704 0.34165
0 0.300521 0.297222 0.0260417 0.0759259 0.344033
0 0.00677083 0.303704 0.0135417 0.0777778 0.345754
0 0.3 0.296296 0.0270833 0.0740741 0.356102
0 0.3 0.296296 0.0270833 0.0740741 0.356702
0 0.623438 0.310185 0.028125 0.105556 0.359928
0 0.65 0.3 0.01875 0.0888889 0.36011
0 0.623438 0.309259 0.028125 0.107407 0.360308
0 0.0640625 0.323148 0.021875 0.124074 0.368291
0 0.227604 0.297222 0.0385417 0.124074 0.369589
0 0.00677083 0.302778 0.0135417 0.0796296 0.369643
0 0.65 0.299074 0.01875 0.0907407 0.373499
0 0.0635417 0.325926 0.0270833 0.133333 0.374659
0 0.0625 0.327778 0.025 0.137037 0.374994
0 0.65 0.3 0.01875 0.0888889 0.376776
0 0.0625 0.327778 0.025 0.137037 0.378476
0 0.0635417 0.328704 0.0270833 0.135185 0.379683
0 0.322917 0.299074 0.0229167 0.0685185 0.384328
0 0.322917 0.299074 0.0229167 0.0722222 0.387202
0 0.323438 0.298148 0.021875 0.0703704 0.389262
0 0.322917 0.299074 0.0229167 0.0685185 0.389806
0 0.322917 0.299074 0.0208333 0.0685185 0.39067
0 0.0640625 0.324074 0.021875 0.12963 0.395364
0 0.104167 0.353704 0.0604167 0.222222 0.395454
0 0.322917 0.299074 0.0208333 0.0685185 0.398577
0 0.908854 0.557407 0.142708 0.718518 0.401324
0 0.227604 0.29537 0.040625 0.131481 0.40182
0 0.0640625 0.325 0.021875 0.131481 0.411159
0 0.0640625 0.328704 0.028125 0.135185 0.411865
0 0.0255208 0.307407 0.0197917 0.1 0.415682
0 0.227604 0.29537 0.040625 0.127778 0.417375
0 0.0651042 0.326852 0.0260417 0.135185 0.419442
0 0.916146 0.558333 0.142708 0.727778 0.42283
0 0.226042 0.293519 0.0416667 0.131481 0.426228
0 0.0651042 0.326852 0.0260417 0.135185 0.426376
0 0.622917 0.326852 0.0270833 0.135185 0.428326
0 0.105208 0.353704 0.0583333 0.222222 0.433924
0 0.647917 0.298148 0.01875 0.0888889 0.443911
0 0.297396 0.298148 0.021875 0.0740741 0.444886
0 0.65 0.297222 0.01875 0.0907407 0.454173
0 0.502604 0.315741 0.021875 0.116667 0.454477
0 0.466667 0.313889 0.025 0.124074 0.458871
0 0.573438 0.314815 0.028125 0.137037 0.46123
0 0.573438 0.314815 0.028125 0.137037 0.46497
0 0.647917 0.297222 0.01875 0.0907407 0.465281
0 0.228125 0.294444 0.0416667 0.125926 0.466919
0 0.649479 0.297222 0.0197917 0.0944444 0.469649
0 0.647917 0.297222 0.01875 0.0907407 0.469982
0 0.228125 0.294444 0.0416667 0.125926 0.471074
0 0.622917 0.325926 0.0291667 0.12963 0.475808
0 0.647917 0.3 0.01875 0.0851852 0.476128
0 0.227604 0.294444 0.040625 0.125926 0.477587
0 0.914062 0.564815 0.153125 0.744444 0.479417
0 0.649479 0.297222 0.0197917 0.0944444 0.48028
0 0.297396 0.3 0.021875 0.0777778 0.483516
0 0.503125 0.316667 0.0208333 0.125926 0.484295
0 0.467187 0.313889 0.0239583 0.127778 0.485223
0 0.423958 0.332407 0.0375 0.190741 0.487131
0 0.466667 0.313889 0.025 0.127778 0.491279
0 0.297396 0.299074 0.021875 0.0759259 0.491444
0 0.297396 0.298148 0.021875 0.0740741 0.493649
0 0.297917 0.298148 0.0208333 0.0740741 0.494238
0 0.323958 0.297222 0.0229167 0.0722222 0.494831
0 0.297396 0.299074 0.021875 0.0759259 0.496523
0 0.622396 0.325926 0.0260417 0.133333 0.49829
0 0.105208 0.352778 0.0583333 0.224074 0.501574
0 0.647917 0.3 0.01875 0.0851852 0.502311
0 0.297396 0.298148 0.021875 0.0740741 0.503394
0 0.647917 0.3 0.01875 0.0851852 0.504541
0 0.622917 0.325 0.0291667 0.138889 0.505699
0 0.503125 0.316667 0.0208333 0.125926 0.50834
0 0.467187 0.317593 0.028125 0.127778 0.520004
0 0.0286458 0.305556 0.0197917 0.0925926 0.524412
0 0.227604 0.294444 0.0427083 0.12963 0.531962
0 0.423958 0.333333 0.0375 0.192593 0.534159
0 0.0630208 0.326852 0.0260417 0.131481 0.537021
0 0.107292 0.355556 0.0541667 0.222222 0.537932
0 0.0286458 0.306481 0.0197917 0.0944444 0.538245
0 0.622396 0.325926 0.028125 0.137037 0.541883
0 0.0286458 0.305556 0.0197917 0.0962963 0.542381
0 0.622917 0.325 0.0291667 0.138889 0.543173
0 0.111458 0.351852 0.04375 0.222222 0.547051
0 0.467708 0.316667 0.0270833 0.12963 0.549642
0 0.0286458 0.305556 0.0197917 0.0925926 0.550851
0 0.911458 0.555556 0.152083 0.744444 0.553665
0 0.111458 0.352778 0.04375 0.22037 0.558229
0 0.423958 0.333333 0.0375 0.192593 0.563964
0 0.574479 0.312963 0.0302083 0.133333 0.567858
0 0.028125 0.305556 0.01875 0.1 0.572977
0 0.107292 0.35463 0.0541667 0.22037 0.573171
0 0.226042 0.293519 0.0416667 0.135185 0.57373
0 0.0286458 0.305556 0.0197917 0.1 0.578178
0 0.226042 0.294444 0.0416667 0.133333 0.583127
0 0.573958 0.313889 0.0291667 0.135185 0.583278
0 0.106771 0.355556 0.0552083 0.225926 0.584053
0 0.028125 0.306481 0.0208333 0.0981481 0.592075
0 0.911979 0.556481 0.153125 0.746296 0.593793
0 0.105729 0.353704 0.0572917 0.222222 0.606806
0 0.106771 0.355556 0.0552083 0.222222 0.613044
0 0.467708 0.316667 0.0270833 0.125926 0.617469
0 0.467708 0.315741 0.0270833 0.131481 0.623138
0 0.10625 0.352778 0.0583333 0.224074 0.628103
0 0.622396 0.325926 0.028125 0.140741 0.630062
0 0.466667 0.315741 0.025 0.127778 0.630738
0 0.622917 0.326852 0.0270833 0.138889 0.63203
0 0.0276042 0.307407 0.0197917 0.0962963 0.635375
0 0.622396 0.325926 0.0260417 0.137037 0.636817
0 0.226562 0.29537 0.0427083 0.131481 0.638961
0 0.573958 0.313889 0.0291667 0.142593 0.640118
0 0.226562 0.29537 0.0427083 0.131481 0.640433
0 0.467708 0.315741 0.0270833 0.12037 0.640624
0 0.622396 0.325926 0.028125 0.137037 0.642624
0 0.621875 0.325926 0.0270833 0.137037 0.645358
0 0.466667 0.314815 0.025 0.12963 0.64609
0 0.9125 0.55463 0.15 0.742593 0.648859
0 0.466667 0.315741 0.025 0.131481 0.650835
0 0.105729 0.353704 0.0572917 0.222222 0.651255
0 0.028125 0.303704 0.0208333 0.0962963 0.65387
0 0.622396 0.325926 0.0260417 0.137037 0.664828
0 0.648958 0.298148 0.01875 0.0925926 0.666188
0 0.573958 0.313889 0.0291667 0.142593 0.668233
0 0.0276042 0.303704 0.0197917 0.1 0.670789
0 0.105729 0.35463 0.0572917 0.22037 0.672114
0 0.028125 0.303704 0.0208333 0.1 0.674279
0 0.467708 0.315741 0.0270833 0.124074 0.686431
0 0.573958 0.314815 0.0291667 0.140741 0.689904
0 0.467708 0.316667 0.0270833 0.122222 0.695057
0 0.621875 0.326852 0.0291667 0.138889 0.695763
0 0.467187 0.316667 0.0260417 0.125926 0.696244
0 0.502604 0.317593 0.0197917 0.12037 0.700343
0 0.503125 0.318519 0.0208333 0.122222 0.702629
0 0.503125 0.317593 0.0208333 0.12037 0.705736
0 0.622396 0.325 0.0302083 0.138889 0.707202
0 0.503125 0.315741 0.0208333 0.124074 0.711051
0 0.226042 0.29537 0.0416667 0.131481 0.712098
0 0.227083 0.294444 0.0416667 0.12963 0.719227
0 0.621875 0.325 0.0291667 0.138889 0.720137
0 0.105729 0.353704 0.0572917 0.222222 0.720306
0 0.503125 0.316667 0.0208333 0.122222 0.725897
0 0.227083 0.293519 0.0416667 0.131481 0.728168
0 0.503125 0.316667 0.0208333 0.122222 0.731771
0 0.226042 0.294444 0.0416667 0.12963 0.736007
0 0.423438 0.335185 0.0385417 0.196296 0.737322
0 0.574479 0.312963 0.0302083 0.140741 0.737456
0 0.622396 0.325 0.0302083 0.138889 0.738033
0 0.574479 0.312963 0.0302083 0.140741 0.738566
0 0.621354 0.325926 0.028125 0.137037 0.74339
0 0.622396 0.326852 0.028125 0.138889 0.743624
0 0.226562 0.293519 0.040625 0.131481 0.744384
0 0.226042 0.294444 0.0416667 0.12963 0.744839
0 0.423438 0.335185 0.0385417 0.2 0.749361
0 0.503125 0.317593 0.0208333 0.127778 0.751485
0 0.574479 0.313889 0.0302083 0.142593 0.760681
0 0.467708 0.315741 0.025 0.127778 0.763923
0 0.424479 0.334259 0.040625 0.198148 0.766932
0 0.573958 0.313889 0.0291667 0.142593 0.767405
0 0.573958 0.313889 0.0291667 0.142593 0.767545
0 0.502604 0.318519 0.021875 0.125926 0.769376
0 0.574479 0.313889 0.0302083 0.142593 0.777017
0 0.573958 0.312963 0.0291667 0.140741 0.780377
0 0.424479 0.334259 0.0385417 0.194444 0.78399
0 0.573958 0.313889 0.0291667 0.142593 0.784904
0 0.107813 0.353704 0.053125 0.225926 0.785265
0 0.573958 0.313889 0.0291667 0.138889 0.785599
0 0.424479 0.333333 0.040625 0.2 0.786867
0 0.107292 0.353704 0.0541667 0.225926 0.787948
0 0.573958 0.313889 0.0291667 0.142593 0.78849
0 0.424479 0.333333 0.0385417 0.196296 0.79194
0 0.423958 0.332407 0.0375 0.194444 0.798609
0 0.423958 0.331481 0.0375 0.196296 0.805432
0 0.424479 0.333333 0.0385417 0.196296 0.805865
0 0.423958 0.331481 0.0375 0.196296 0.815433
0 0.913021 0.563889 0.148958 0.746296 0.839738
0 0.913021 0.562037 0.148958 0.746296 0.842792
0 0.913021 0.555556 0.146875 0.737037 0.901322
0 0.913021 0.555556 0.144792 0.740741 0.90819
0 0.915625 0.55463 0.139583 0.753704 0.908786
0 0.911979 0.556481 0.148958 0.742593 0.915482
0 0.911979 0.555556 0.148958 0.740741 0.917577
