0 0.439063 0.373148 0.0302083 0.138889 0.254186
0 0.468229 0.35463 0.028125 0.0981481 0.25571
13 0.40625 0.562037 0.0791667 0.164815 0.261781
0 0.628646 0.380556 0.028125 0.201852 0.267865
0 0.468229 0.353704 0.028125 0.1 0.271472
0 0.628125 0.380556 0.0270833 0.198148 0.274425
28 0.40625 0.559259 0.0791667 0.159259 0.279089
0 0.468229 0.353704 0.028125 0.1 0.280419
0 0.569792 0.35 0.0166667 0.0740741 0.281333
13 0.406771 0.559259 0.0802083 0.159259 0.285427
13 0.406771 0.562037 0.0802083 0.161111 0.285957
0 0.569792 0.35 0.0166667 0.0740741 0.286045
13 0.406771 0.562037 0.0802083 0.161111 0.286809
0 0.364062 0.343519 0.021875 0.0796296 0.289242
0 0.366667 0.341667 0.0166667 0.0796296 0.292972
0 0.350521 0.350926 0.015625 0.0759259 0.295511
0 0.366667 0.341667 0.0166667 0.0796296 0.299994
13 0.406771 0.562037 0.0802083 0.161111 0.301258
0 0.0515625 0.390741 0.034375 0.133333 0.306946
0 0.646875 0.384259 0.05 0.212963 0.316108
0 0.569792 0.35 0.0166667 0.0740741 0.316838
0 0.492188 0.372222 0.028125 0.137037 0.322886
0 0.0494792 0.387963 0.034375 0.146296 0.323858
0 0.351042 0.351852 0.0166667 0.0777778 0.328457
0 0.0494792 0.387037 0.034375 0.144444 0.328551
0 0.492708 0.373148 0.0270833 0.135185 0.328763
0 0.366667 0.342593 0.0166667 0.0777778 0.335925
0 0.495313 0.377778 0.0260417 0.140741 0.336052
0 0.609375 0.375 0.0270833 0.131481 0.340958
0 0.495313 0.377778 0.0260417 0.140741 0.341374
0 0.490625 0.374074 0.0270833 0.118519 0.342321
0 0.351042 0.350926 0.0166667 0.0759259 0.348727
0 0.609375 0.372222 0.0229167 0.125926 0.357457
0 0.0484375 0.392593 0.0322917 0.140741 0.378193
0 0.0484375 0.392593 0.0322917 0.140741 0.383002
0 0.492708 0.381481 0.0270833 0.133333 0.386786
0 0.490625 0.374074 0.025 0.125926 0.387941
0 0.0484375 0.391667 0.0322917 0.138889 0.389454
0 0.490625 0.375 0.0270833 0.124074 0.401036
0 0.367188 0.342593 0.0177083 0.0814815 0.404041
0 0.609375 0.373148 0.0229167 0.131481 0.404105
0 0.609375 0.373148 0.0229167 0.131481 0.404369
0 0.611458 0.376852 0.025 0.135185 0.405768
0 0.644271 0.384259 0.046875 0.209259 0.412637
0 0.367188 0.342593 0.0177083 0.0814815 0.412954
0 0.493229 0.381481 0.028125 0.137037 0.413362
0 0.646875 0.387037 0.05 0.214815 0.418668
0 0.492708 0.382407 0.0270833 0.135185 0.42169
0 0.610417 0.375926 0.0270833 0.137037 0.421928
0 0.0473958 0.389815 0.0302083 0.131481 0.42246
0 0.646875 0.387037 0.05 0.214815 0.428837
0 0.608854 0.375 0.0260417 0.131481 0.444983
0 0.440104 0.372222 0.0322917 0.140741 0.445437
0 0.440104 0.371296 0.0322917 0.138889 0.445821
0 0.645312 0.385185 0.046875 0.211111 0.455559
0 0.649479 0.388889 0.046875 0.214815 0.455706
0 0.649479 0.388889 0.0447917 0.214815 0.459345
0 0.0494792 0.392593 0.0322917 0.133333 0.465853
0 0.327083 0.355556 0.0208333 0.0851852 0.467841
0 0.367188 0.341667 0.0177083 0.0796296 0.47437
0 0.492188 0.377778 0.0302083 0.140741 0.474877
0 0.651042 0.387037 0.04375 0.225926 0.477815
0 0.645312 0.385185 0.046875 0.211111 0.489868
0 0.651042 0.386111 0.04375 0.227778 0.49663
0 0.0515625 0.390741 0.034375 0.137037 0.496914
0 0.609896 0.375 0.0260417 0.135185 0.507816
0 0.0515625 0.390741 0.034375 0.137037 0.513656
0 0.326042 0.355556 0.0208333 0.0814815 0.515259
0 0.569792 0.347222 0.0166667 0.0759259 0.522331
0 0.569792 0.348148 0.0166667 0.0703704 0.530384
0 0.492708 0.377778 0.0291667 0.137037 0.531008
0 0.492708 0.37963 0.0270833 0.133333 0.536305
0 0.610417 0.375926 0.0270833 0.137037 0.537574
0 0.569792 0.348148 0.0166667 0.0740741 0.547003
0 0.440625 0.375 0.03125 0.146296 0.550721
0 0.492188 0.377778 0.0302083 0.137037 0.551422
0 0.570312 0.347222 0.0177083 0.0759259 0.553618
0 0.441146 0.375926 0.0302083 0.144444 0.562504
0 0.570312 0.347222 0.0177083 0.0759259 0.56358
0 0.0479167 0.391667 0.03125 0.138889 0.568668
0 0.0479167 0.391667 0.03125 0.138889 0.581904
0 0.569792 0.348148 0.0166667 0.0740741 0.584753
0 0.569792 0.348148 0.0166667 0.0740741 0.586369
0 0.569792 0.348148 0.0166667 0.0740741 0.586761
0 0.327604 0.358333 0.0177083 0.0833333 0.59315
0 0.492708 0.380556 0.0291667 0.142593 0.5991
0 0.0489583 0.389815 0.0333333 0.138889 0.602796
0 0.327083 0.358333 0.01875 0.0796296 0.606265
0 0.05 0.392593 0.0333333 0.137037 0.608
0 0.05 0.392593 0.0333333 0.137037 0.613032
0 0.609896 0.374074 0.0260417 0.137037 0.615626
0 0.610937 0.377778 0.0260417 0.144444 0.616576
0 0.611458 0.377778 0.025 0.144444 0.621387
0 0.492708 0.37963 0.0291667 0.140741 0.621544
0 0.441146 0.374074 0.0302083 0.144444 0.622719
0 0.327604 0.358333 0.0197917 0.0796296 0.623813
0 0.492708 0.378704 0.0291667 0.138889 0.624987
0 0.05 0.389815 0.0333333 0.142593 0.626073
0 0.439063 0.375 0.0322917 0.138889 0.626546
0 0.326562 0.358333 0.0197917 0.0833333 0.627055
0 0.56875 0.350926 0.0166667 0.0759259 0.63911
0 0.0489583 0.389815 0.0333333 0.138889 0.640742
0 0.326562 0.358333 0.0197917 0.0833333 0.64192
0 0.05 0.389815 0.0333333 0.142593 0.64292
0 0.609896 0.375926 0.0239583 0.133333 0.649546
0 0.326562 0.358333 0.0197917 0.0833333 0.653928
0 0.439063 0.375926 0.0322917 0.140741 0.654928
0 0.493229 0.380556 0.028125 0.142593 0.656932
0 0.328125 0.356481 0.01875 0.0833333 0.663068
0 0.647396 0.386111 0.0489583 0.216667 0.671669
0 0.492188 0.378704 0.028125 0.138889 0.672228
0 0.492188 0.378704 0.028125 0.138889 0.673181
0 0.0489583 0.390741 0.0333333 0.140741 0.676542
0 0.05 0.389815 0.0333333 0.142593 0.681232
0 0.646875 0.387037 0.04375 0.218519 0.682502
0 0.609375 0.375 0.025 0.131481 0.68284
0 0.646875 0.387037 0.04375 0.218519 0.686647
0 0.610417 0.375926 0.025 0.137037 0.689399
0 0.647396 0.385185 0.0489583 0.218519 0.694817
0 0.610417 0.375 0.025 0.135185 0.699192
0 0.227604 0.448148 0.107292 0.411111 0.709822
0 0.647396 0.385185 0.0489583 0.218519 0.723143
0 0.647396 0.385185 0.0447917 0.218519 0.729751
0 0.439063 0.375926 0.0322917 0.144444 0.730348
0 0.327604 0.357407 0.0197917 0.0851852 0.73235
0 0.647917 0.386111 0.0458333 0.212963 0.733236
0 0.647396 0.386111 0.0447917 0.22037 0.735328
0 0.609896 0.375926 0.0239583 0.133333 0.73996
0 0.609896 0.375926 0.0239583 0.133333 0.745439
0 0.327604 0.357407 0.0197917 0.0851852 0.745914
0 0.327604 0.357407 0.0197917 0.0851852 0.748651
0 0.440104 0.375926 0.0302083 0.144444 0.752811
0 0.492708 0.37963 0.0270833 0.137037 0.759074
0 0.647917 0.387037 0.0458333 0.214815 0.761886
0 0.439583 0.376852 0.03125 0.146296 0.762762
0 0.492708 0.37963 0.0270833 0.137037 0.764922
0 0.227083 0.446296 0.108333 0.411111 0.776135
0 0.226562 0.446296 0.109375 0.411111 0.782176
0 0.227604 0.447222 0.107292 0.409259 0.788362
0 0.440104 0.375926 0.0302083 0.148148 0.789249
0 0.647917 0.387037 0.0458333 0.214815 0.79108
0 0.226562 0.447222 0.109375 0.412963 0.792425
0 0.227604 0.44537 0.107292 0.405556 0.801409
0 0.439583 0.374074 0.0291667 0.148148 0.807031
0 0.439583 0.374074 0.0291667 0.151852 0.807404
0 0.439583 0.373148 0.03125 0.15 0.821739
0 0.439583 0.373148 0.03125 0.146296 0.827253
0 0.227604 0.444444 0.109375 0.407407 0.845306
0 0.227604 0.448148 0.107292 0.407407 0.858227
0 0.227604 0.448148 0.109375 0.407407 0.860492
0 0.227604 0.448148 0.109375 0.407407 0.867822
0 0.227604 0.449074 0.109375 0.401852 0.876209
0 0.227604 0.449074 0.109375 0.401852 0.879365
0 0.228125 0.447222 0.108333 0.405556 0.879463
0 0.227083 0.45 0.110417 0.403704 0.883016
0 0.228125 0.446296 0.108333 0.403704 0.889003
