0 0.332292 0.425926 0.0166667 0.0740741 0.252343
0 0.333854 0.42963 0.015625 0.0666667 0.253568
26 0.727083 0.636111 0.025 0.0981481 0.255521
26 0.723437 0.638889 0.0322917 0.0925926 0.2565
24 0.0567708 0.466667 0.0322917 0.0703704 0.256896
0 0.0640625 0.494444 0.0427083 0.185185 0.258576
0 0.647917 0.427778 0.01875 0.0481481 0.259925
0 0.429167 0.446296 0.04375 0.1 0.265661
0 0.0854167 0.477778 0.0270833 0.155556 0.265664
0 0.172917 0.441667 0.01875 0.0685185 0.26569
0 0.648438 0.428704 0.0197917 0.0537037 0.266235
24 0.0567708 0.466667 0.034375 0.0703704 0.267394
0 0.0854167 0.478704 0.0270833 0.157407 0.268655
26 0.723437 0.638889 0.0322917 0.1 0.269208
26 0.727604 0.636111 0.0260417 0.0944444 0.274879
26 0.727604 0.636111 0.0260417 0.0981481 0.274949
24 0.05625 0.466667 0.0333333 0.0703704 0.275696
26 0.722917 0.641667 0.03125 0.101852 0.27635
0 0.33125 0.422222 0.0166667 0.0814815 0.276928
26 0.723437 0.638889 0.0322917 0.0925926 0.277489
0 0.0640625 0.49537 0.0427083 0.187037 0.280408
0 0.417188 0.446296 0.0239583 0.103704 0.280673
0 0.44375 0.440741 0.0208333 0.0925926 0.280951
0 0.170833 0.442593 0.01875 0.0666667 0.28229
26 0.723958 0.639815 0.03125 0.101852 0.282381
0 0.170833 0.442593 0.01875 0.0666667 0.284529
26 0.726562 0.635185 0.028125 0.103704 0.284785
0 0.443229 0.441667 0.0197917 0.0944444 0.285931
26 0.723437 0.638889 0.0322917 0.0925926 0.286501
0 0.377604 0.440741 0.015625 0.0851852 0.288236
0 0.377604 0.439815 0.015625 0.0833333 0.289789
0 0.333854 0.428704 0.015625 0.0685185 0.291787
0 0.332812 0.425 0.015625 0.0759259 0.293207
26 0.722917 0.640741 0.03125 0.1 0.295258
0 0.509896 0.47963 0.0322917 0.155556 0.295423
0 0.171354 0.441667 0.0177083 0.0685185 0.295783
26 0.723958 0.638889 0.03125 0.1 0.298822
26 0.723437 0.639815 0.0322917 0.0981481 0.299874
0 0.332812 0.425 0.015625 0.0759259 0.300333
26 0.725 0.637963 0.0291667 0.101852 0.301915
0 0.170833 0.442593 0.01875 0.0666667 0.302294
0 0.0848958 0.486111 0.028125 0.157407 0.302813
0 0.0848958 0.486111 0.028125 0.164815 0.303017
0 0.44375 0.441667 0.01875 0.0944444 0.304036
0 0.509896 0.480556 0.0322917 0.153704 0.304464
0 0.417708 0.447222 0.025 0.101852 0.304639
0 0.417708 0.446296 0.0229167 0.107407 0.306793
0 0.432813 0.447222 0.046875 0.0981481 0.310558
0 0.647917 0.431481 0.01875 0.0555556 0.311796
0 0.390104 0.444444 0.015625 0.0888889 0.313082
0 0.509896 0.480556 0.0322917 0.153704 0.313737
26 0.725 0.637963 0.0291667 0.0981481 0.315125
0 0.417708 0.446296 0.0229167 0.107407 0.315698
0 0.170833 0.442593 0.0166667 0.0666667 0.316453
0 0.377604 0.439815 0.015625 0.0833333 0.317012
26 0.725 0.637963 0.0291667 0.101852 0.31814
0 0.332812 0.424074 0.015625 0.0740741 0.32173
13 0.427604 0.586111 0.173958 0.0907407 0.332017
0 0.390104 0.444444 0.015625 0.0888889 0.337858
0 0.378646 0.44537 0.0197917 0.0907407 0.339564
0 0.0166667 0.511111 0.0333333 0.17037 0.342165
0 0.0166667 0.510185 0.0333333 0.168519 0.347671
26 0.723437 0.640741 0.0322917 0.1 0.352947
0 0.416667 0.447222 0.025 0.101852 0.35445
0 0.0854167 0.486111 0.0270833 0.161111 0.355214
13 0.430208 0.588889 0.172917 0.0962963 0.356363
0 0.429688 0.447222 0.0322917 0.101852 0.360381
26 0.723958 0.638889 0.03125 0.1 0.371865
0 0.390104 0.444444 0.015625 0.0888889 0.374101
0 0.0192708 0.515741 0.034375 0.164815 0.38019
0 0.429167 0.446296 0.03125 0.103704 0.383175
0 0.0192708 0.515741 0.034375 0.164815 0.385173
0 0.382292 0.44537 0.01875 0.0907407 0.389959
0 0.445312 0.446296 0.0197917 0.1 0.396312
0 0.429167 0.446296 0.0291667 0.103704 0.39852
0 0.0583333 0.501852 0.0395833 0.185185 0.399215
0 0.445833 0.44537 0.0208333 0.0981481 0.399725
0 0.0854167 0.485185 0.0270833 0.159259 0.403482
0 0.445312 0.44537 0.0197917 0.0981481 0.40902
0 0.0234375 0.511111 0.0447917 0.166667 0.419605
0 0.0578125 0.494444 0.0385417 0.17037 0.423229
0 0.510417 0.474074 0.0333333 0.148148 0.430652
0 0.0864583 0.484259 0.025 0.161111 0.433881
0 0.510417 0.474074 0.0333333 0.148148 0.435699
0 0.0869792 0.484259 0.0239583 0.161111 0.435937
0 0.443229 0.447222 0.0197917 0.0944444 0.437565
0 0.0229167 0.511111 0.04375 0.166667 0.447635
0 0.377604 0.443519 0.015625 0.087037 0.45089
0 0.0578125 0.49537 0.0385417 0.175926 0.45156
0 0.443229 0.448148 0.0197917 0.0962963 0.454399
0 0.377604 0.443519 0.015625 0.0833333 0.46146
0 0.0583333 0.501852 0.0395833 0.185185 0.464879
0 0.443229 0.448148 0.0197917 0.0962963 0.467158
0 0.510417 0.474074 0.0333333 0.148148 0.471398
0 0.0229167 0.511111 0.04375 0.166667 0.472748
0 0.0854167 0.486111 0.025 0.157407 0.475323
0 0.377604 0.443519 0.015625 0.0833333 0.476617
0 0.0604167 0.500926 0.0375 0.187037 0.482476
0 0.509375 0.478704 0.0333333 0.146296 0.495419
0 0.0604167 0.5 0.0375 0.188889 0.496767
0 0.378646 0.443519 0.015625 0.0833333 0.499825
0 0.509375 0.478704 0.0333333 0.15 0.507528
0 0.379167 0.442593 0.0166667 0.0851852 0.511052
0 0.378125 0.444444 0.0166667 0.0888889 0.515068
0 0.0854167 0.486111 0.025 0.172222 0.516812
0 0.0854167 0.486111 0.025 0.172222 0.52561
0 0.69375 0.553704 0.06875 0.4 0.534332
0 0.0854167 0.486111 0.025 0.161111 0.538079
0 0.0583333 0.502778 0.0395833 0.190741 0.54072
0 0.378646 0.443519 0.015625 0.0833333 0.543997
0 0.0203125 0.512037 0.0385417 0.168519 0.575447
0 0.416146 0.446296 0.021875 0.1 0.59535
0 0.509896 0.475 0.034375 0.146296 0.598393
0 0.0223958 0.509259 0.0385417 0.17037 0.603901
0 0.509896 0.475 0.034375 0.15 0.613808
0 0.0229167 0.509259 0.0375 0.17037 0.616164
0 0.0203125 0.511111 0.0385417 0.17037 0.624086
0 0.416146 0.446296 0.021875 0.103704 0.624851
0 0.416667 0.446296 0.0208333 0.103704 0.630507
0 0.0203125 0.512037 0.0385417 0.168519 0.632416
0 0.69375 0.55463 0.0666667 0.401852 0.644222
0 0.694271 0.55463 0.0677083 0.401852 0.647829
0 0.0203125 0.512037 0.0385417 0.168519 0.652935
0 0.694271 0.555556 0.0677083 0.4 0.655181
0 0.693229 0.550926 0.0677083 0.401852 0.656172
0 0.692708 0.553704 0.0645833 0.4 0.663442
0 0.417188 0.447222 0.0239583 0.101852 0.664558
0 0.0203125 0.511111 0.0385417 0.17037 0.666338
0 0.0583333 0.500926 0.0395833 0.190741 0.667589
0 0.0203125 0.512037 0.0385417 0.168519 0.681433
0 0.694271 0.553704 0.0677083 0.403704 0.682514
0 0.0583333 0.500926 0.0395833 0.190741 0.683692
0 0.44375 0.446296 0.0208333 0.1 0.70042
0 0.44375 0.446296 0.0208333 0.103704 0.702907
0 0.0583333 0.500926 0.0395833 0.190741 0.709157
0 0.44375 0.446296 0.01875 0.0962963 0.711097
0 0.44375 0.446296 0.0208333 0.1 0.719461
0 0.0197917 0.512037 0.0375 0.164815 0.719715
0 0.44375 0.446296 0.01875 0.1 0.720141
0 0.0197917 0.511111 0.0375 0.166667 0.728587
0 0.417708 0.44537 0.0229167 0.101852 0.734992
0 0.417708 0.447222 0.0229167 0.101852 0.740934
0 0.509375 0.477778 0.0333333 0.151852 0.751033
0 0.417708 0.446296 0.0229167 0.103704 0.752979
0 0.0578125 0.503704 0.0385417 0.188889 0.757378
0 0.509896 0.476852 0.0322917 0.146296 0.758295
0 0.509896 0.476852 0.0322917 0.146296 0.760969
0 0.693229 0.552778 0.0635417 0.390741 0.76514
0 0.0578125 0.503704 0.0385417 0.188889 0.766614
0 0.509896 0.476852 0.0322917 0.15 0.767505
0 0.509896 0.477778 0.0322917 0.151852 0.768449
0 0.509896 0.476852 0.0322917 0.15 0.768842
0 0.417708 0.446296 0.0229167 0.103704 0.773034
0 0.69375 0.552778 0.0645833 0.390741 0.773453
0 0.693229 0.552778 0.0635417 0.394444 0.774718
0 0.509375 0.477778 0.0333333 0.151852 0.775133
0 0.509896 0.476852 0.0322917 0.15 0.791642
0 0.509375 0.476852 0.0333333 0.15 0.792546
0 0.509375 0.476852 0.0333333 0.15 0.793257
0 0.693229 0.553704 0.065625 0.392593 0.829568
0 0.692708 0.550926 0.0645833 0.401852 0.831313
0 0.69375 0.553704 0.0645833 0.403704 0.832094
0 0.693229 0.552778 0.065625 0.390741 0.833127
0 0.693229 0.552778 0.065625 0.398148 0.836083
