5 0.0375 0.481481 0.0729167 0.388889 0.251437
0 0.557813 0.45463 0.0197917 0.0907407 0.253377
0 0.250521 0.492593 0.034375 0.17037 0.258587
0 0.183333 0.502778 0.0708333 0.168519 0.261989
0 0.228646 0.503704 0.034375 0.162963 0.264674
28 0.730208 0.562963 0.0208333 0.062963 0.26498
0 0.181771 0.503704 0.0697917 0.166667 0.266211
0 0.698958 0.507407 0.0520833 0.233333 0.27052
28 0.729688 0.560185 0.0197917 0.0648148 0.271473
0 0.228125 0.502778 0.0354167 0.161111 0.274576
0 0.557813 0.453704 0.0197917 0.0925926 0.275343
28 0.616146 0.588889 0.0739583 0.0592593 0.277051
0 0.216667 0.50463 0.0354167 0.157407 0.279343
5 0.0333333 0.491667 0.0666667 0.394444 0.283779
0 0.557292 0.45463 0.01875 0.0907407 0.28491
0 0.25 0.492593 0.0333333 0.17037 0.287752
28 0.729688 0.562963 0.021875 0.0592593 0.287932
28 0.616146 0.588889 0.071875 0.0592593 0.29061
0 0.216146 0.50463 0.0364583 0.157407 0.291062
0 0.279687 0.513889 0.0427083 0.216667 0.291396
0 0.279687 0.513889 0.0427083 0.216667 0.29446
28 0.729688 0.562037 0.021875 0.0611111 0.298057
0 0.18125 0.503704 0.06875 0.162963 0.302039
0 0.555729 0.451852 0.0260417 0.0888889 0.302092
0 0.275521 0.510185 0.0510417 0.205556 0.304563
0 0.548437 0.450926 0.0197917 0.087037 0.30621
0 0.705729 0.507407 0.0510417 0.255556 0.307487
0 0.548437 0.450926 0.0197917 0.087037 0.310735
28 0.729688 0.562963 0.021875 0.062963 0.315397
28 0.729688 0.562963 0.021875 0.062963 0.316343
0 0.683854 0.480556 0.021875 0.127778 0.317052
0 0.516667 0.440741 0.0166667 0.0703704 0.321326
0 0.516146 0.440741 0.015625 0.0703704 0.32563
28 0.729688 0.562963 0.021875 0.062963 0.326572
0 0.548437 0.450926 0.0197917 0.087037 0.33154
0 0.555729 0.451852 0.0260417 0.0888889 0.336585
5 0.03125 0.483333 0.0625 0.403704 0.341287
0 0.55625 0.451852 0.0270833 0.0888889 0.341533
0 0.213542 0.497222 0.0333333 0.153704 0.345751
5 0.03125 0.481481 0.0625 0.414815 0.345866
0 0.516667 0.440741 0.0166667 0.0703704 0.356062
0 0.213542 0.498148 0.0333333 0.155556 0.35743
0 0.703646 0.511111 0.053125 0.244444 0.361408
0 0.570833 0.45 0.01875 0.0888889 0.368268
5 0.03125 0.482407 0.0625 0.409259 0.368292
0 0.277604 0.509259 0.046875 0.207407 0.37079
0 0.705208 0.509259 0.0520833 0.248148 0.381022
0 0.570312 0.449074 0.0177083 0.0907407 0.384599
0 0.256771 0.497222 0.028125 0.187037 0.38683
0 0.209896 0.498148 0.028125 0.148148 0.387902
0 0.209375 0.498148 0.0270833 0.148148 0.393175
0 0.256771 0.500926 0.0260417 0.190741 0.39333
0 0.25625 0.500926 0.0270833 0.190741 0.394259
0 0.567187 0.451852 0.0239583 0.0925926 0.401323
0 0.570312 0.449074 0.0177083 0.0907407 0.402079
0 0.279167 0.507407 0.0416667 0.207407 0.413208
0 0.279167 0.507407 0.0416667 0.207407 0.41327
0 0.277604 0.509259 0.046875 0.207407 0.413564
0 0.515625 0.443519 0.0166667 0.0722222 0.414539
0 0.515625 0.443519 0.0166667 0.0759259 0.41526
0 0.256771 0.497222 0.028125 0.190741 0.41858
0 0.282292 0.512037 0.04375 0.212963 0.424129
0 0.282292 0.512037 0.04375 0.209259 0.425474
0 0.161979 0.5 0.034375 0.174074 0.428479
0 0.515104 0.443519 0.015625 0.0759259 0.429833
0 0.515625 0.443519 0.0145833 0.0722222 0.438283
0 0.515625 0.443519 0.0166667 0.0759259 0.448451
0 0.161979 0.500926 0.034375 0.172222 0.454968
0 0.709896 0.510185 0.040625 0.238889 0.466206
0 0.25625 0.496296 0.0270833 0.185185 0.470243
0 0.515625 0.444444 0.0166667 0.0740741 0.472083
0 0.515625 0.443519 0.0166667 0.0759259 0.47491
0 0.703646 0.507407 0.0572917 0.22963 0.485794
0 0.210938 0.500926 0.0302083 0.153704 0.494647
0 0.568229 0.452778 0.021875 0.0944444 0.497579
0 0.515625 0.444444 0.0166667 0.0740741 0.499823
0 0.256771 0.494444 0.0260417 0.181481 0.504683
0 0.256771 0.49537 0.0239583 0.17963 0.505405
0 0.569271 0.450926 0.021875 0.0907407 0.511836
0 0.56875 0.450926 0.0208333 0.0944444 0.512576
0 0.569271 0.451852 0.021875 0.0925926 0.513781
0 0.210417 0.502778 0.03125 0.157407 0.514161
0 0.210417 0.502778 0.03125 0.157407 0.520433
0 0.705208 0.508333 0.05625 0.231481 0.523474
0 0.210417 0.500926 0.0291667 0.153704 0.527305
0 0.20625 0.506481 0.0270833 0.157407 0.529774
0 0.708854 0.509259 0.0427083 0.244444 0.53097
0 0.705208 0.507407 0.05625 0.22963 0.535939
0 0.569271 0.450926 0.021875 0.0907407 0.536727
0 0.210938 0.500926 0.0302083 0.153704 0.538324
0 0.206771 0.506481 0.028125 0.157407 0.538646
0 0.569271 0.450926 0.021875 0.0907407 0.544043
0 0.569271 0.451852 0.021875 0.0925926 0.550907
0 0.569271 0.451852 0.021875 0.0925926 0.551254
0 0.1625 0.500926 0.0354167 0.175926 0.555731
0 0.210417 0.502778 0.03125 0.157407 0.556441
0 0.278125 0.507407 0.0416667 0.2 0.571499
0 0.708333 0.508333 0.04375 0.242593 0.579358
0 0.163021 0.501852 0.034375 0.174074 0.579397
0 0.709896 0.510185 0.0427083 0.246296 0.587163
0 0.277604 0.507407 0.040625 0.196296 0.587998
0 0.708854 0.509259 0.0427083 0.244444 0.60178
0 0.708333 0.510185 0.04375 0.238889 0.629572
0 0.707812 0.509259 0.0447917 0.244444 0.644254
0 0.163542 0.501852 0.0333333 0.174074 0.659241
0 0.163542 0.500926 0.0333333 0.172222 0.67451
0 0.280208 0.510185 0.0395833 0.212963 0.675953
0 0.708854 0.510185 0.0427083 0.242593 0.683132
0 0.280208 0.510185 0.0395833 0.212963 0.694988
0 0.707812 0.508333 0.0447917 0.242593 0.710897
0 0.279687 0.510185 0.040625 0.212963 0.717232
0 0.163542 0.502778 0.0354167 0.172222 0.725886
0 0.163542 0.501852 0.0354167 0.174074 0.732999
0 0.163542 0.501852 0.0354167 0.174074 0.739487
0 0.163542 0.500926 0.0354167 0.172222 0.766029
0 0.708333 0.509259 0.0458333 0.244444 0.774973
0 0.163542 0.501852 0.0354167 0.174074 0.7813
0 0.163021 0.500926 0.034375 0.172222 0.792906
0 0.280208 0.510185 0.0395833 0.209259 0.798785
0 0.279687 0.510185 0.040625 0.209259 0.800326
0 0.163542 0.500926 0.0354167 0.175926 0.808342
0 0.280208 0.510185 0.0395833 0.209259 0.809954
0 0.163542 0.501852 0.0354167 0.174074 0.811244
0 0.279687 0.509259 0.0427083 0.211111 0.832451
0 0.279687 0.509259 0.0427083 0.211111 0.834064
