0 0.413542 0.340741 0.0291667 0.151852 0.251172
0 0.546354 0.318519 0.015625 0.0740741 0.251268
0 0.942708 0.288889 0.0354167 0.107407 0.251347
0 0.49375 0.347222 0.0270833 0.0981481 0.254435
0 0.514583 0.35463 0.025 0.0944444 0.256867
0 0.0317708 0.330556 0.0239583 0.124074 0.258122
0 0.0317708 0.330556 0.0239583 0.124074 0.259527
0 0.942708 0.287963 0.0354167 0.105556 0.260378
0 0.49375 0.347222 0.0270833 0.0981481 0.263477
0 0.492708 0.352778 0.0270833 0.0907407 0.269186
0 0.544271 0.318519 0.0177083 0.0740741 0.270891
0 0.457812 0.352778 0.0302083 0.138889 0.270962
0 0.516146 0.355556 0.0260417 0.0962963 0.271996
0 0.457812 0.353704 0.0302083 0.140741 0.279203
0 0.546354 0.318519 0.015625 0.0703704 0.282758
0 0.879167 0.435185 0.110417 0.47037 0.282968
0 0.608333 0.347222 0.0270833 0.131481 0.283363
0 0.515625 0.355556 0.025 0.0962963 0.288999
0 0.413542 0.341667 0.0291667 0.15 0.289287
0 0.414062 0.341667 0.028125 0.15 0.289293
24 0.909375 0.375926 0.0645833 0.17037 0.290466
0 0.546354 0.319444 0.015625 0.0685185 0.295845
0 0.516146 0.355556 0.0260417 0.0962963 0.297066
0 0.494271 0.350926 0.028125 0.0981481 0.29881
0 0.0609375 0.328704 0.0177083 0.0944444 0.300414
0 0.942708 0.3 0.0354167 0.144444 0.301583
24 0.910937 0.371296 0.0635417 0.17963 0.304261
0 0.608333 0.34537 0.0291667 0.127778 0.304786
0 0.942187 0.290741 0.034375 0.111111 0.305772
0 0.942708 0.300926 0.0354167 0.146296 0.305879
24 0.911458 0.37037 0.0625 0.181481 0.312238
24 0.910937 0.371296 0.0635417 0.17963 0.313167
0 0.608854 0.346296 0.028125 0.12963 0.314354
0 0.608854 0.346296 0.028125 0.12963 0.315428
24 0.909896 0.375926 0.0677083 0.166667 0.317953
24 0.909896 0.375926 0.0635417 0.17037 0.320354
0 0.942708 0.301852 0.0354167 0.133333 0.323014
0 0.455208 0.352778 0.025 0.131481 0.324042
0 0.546354 0.319444 0.015625 0.0685185 0.324112
0 0.942187 0.300926 0.0364583 0.135185 0.325165
0 0.608854 0.341667 0.0302083 0.127778 0.326864
24 0.911458 0.368519 0.0625 0.181481 0.330822
0 0.942708 0.301852 0.0354167 0.133333 0.333691
0 0.942708 0.290741 0.0354167 0.111111 0.337727
24 0.911458 0.368519 0.0625 0.181481 0.339832
0 0.0609375 0.328704 0.0177083 0.0944444 0.347577
0 0.942708 0.290741 0.0354167 0.111111 0.347582
0 0.0609375 0.32963 0.0177083 0.0962963 0.348705
24 0.911458 0.368519 0.0625 0.181481 0.349435
0 0.546875 0.318519 0.0145833 0.0740741 0.356931
0 0.663542 0.334259 0.0270833 0.12037 0.362123
0 0.39375 0.336111 0.01875 0.0981481 0.362643
0 0.546875 0.317593 0.0145833 0.0722222 0.379528
0 0.0875 0.322222 0.01875 0.0925926 0.382882
0 0.0880208 0.323148 0.0177083 0.0907407 0.385429
0 0.0875 0.322222 0.01875 0.0925926 0.386445
0 0.411458 0.341667 0.0291667 0.127778 0.389906
0 0.39375 0.336111 0.01875 0.101852 0.390909
0 0.0864583 0.324074 0.0166667 0.0925926 0.398214
0 0.454688 0.353704 0.0260417 0.137037 0.400049
24 0.9125 0.376852 0.0604167 0.168519 0.401288
0 0.609375 0.341667 0.0291667 0.131481 0.402347
24 0.910937 0.372222 0.0635417 0.177778 0.403968
0 0.609375 0.341667 0.0291667 0.131481 0.406313
0 0.0864583 0.325 0.01875 0.0944444 0.413351
0 0.0869792 0.325 0.0177083 0.0944444 0.413753
24 0.910937 0.374074 0.0635417 0.17037 0.414744
0 0.608854 0.340741 0.028125 0.12963 0.422271
24 0.9125 0.375926 0.0604167 0.166667 0.423567
0 0.942708 0.302778 0.0354167 0.135185 0.424084
0 0.39375 0.337037 0.01875 0.1 0.424126
24 0.910937 0.374074 0.0635417 0.17037 0.429506
0 0.453646 0.351852 0.0302083 0.137037 0.432235
0 0.942708 0.300926 0.0354167 0.131481 0.434346
0 0.663542 0.334259 0.0270833 0.12037 0.434387
0 0.942708 0.300926 0.0354167 0.135185 0.436266
0 0.608854 0.341667 0.028125 0.127778 0.458116
0 0.454688 0.351852 0.0260417 0.137037 0.458617
0 0.454688 0.352778 0.0260417 0.135185 0.464882
0 0.413542 0.348148 0.0291667 0.155556 0.471136
0 0.608854 0.341667 0.028125 0.127778 0.471955
0 0.0875 0.325926 0.0166667 0.0925926 0.478704
0 0.413021 0.348148 0.0302083 0.159259 0.482858
0 0.817708 0.425 0.075 0.468519 0.483049
0 0.454167 0.351852 0.03125 0.137037 0.486486
0 0.414062 0.348148 0.028125 0.155556 0.488242
0 0.826042 0.426852 0.08125 0.453704 0.489714
0 0.0875 0.325926 0.01875 0.0962963 0.494856
0 0.410937 0.341667 0.0302083 0.138889 0.496288
0 0.453646 0.351852 0.0302083 0.137037 0.498516
0 0.413021 0.347222 0.0302083 0.161111 0.499071
0 0.391667 0.335185 0.01875 0.0962963 0.49941
0 0.6625 0.333333 0.0270833 0.118519 0.500832
0 0.847396 0.430556 0.0989583 0.472222 0.501545
0 0.663542 0.334259 0.0270833 0.12037 0.507659
0 0.0875 0.325 0.0166667 0.0944444 0.508156
0 0.411458 0.342593 0.0291667 0.137037 0.508957
0 0.0614583 0.332407 0.01875 0.101852 0.519997
0 0.034375 0.332407 0.0291667 0.124074 0.520672
0 0.391667 0.336111 0.01875 0.0981481 0.520951
0 0.6625 0.334259 0.0270833 0.116667 0.52369
0 0.0869792 0.325 0.0177083 0.0907407 0.529845
0 0.0338542 0.333333 0.028125 0.125926 0.530202
0 0.414062 0.348148 0.028125 0.155556 0.532294
0 0.818229 0.426852 0.0760417 0.475926 0.538014
0 0.391667 0.336111 0.01875 0.0981481 0.543574
0 0.0869792 0.326852 0.0177083 0.0944444 0.546187
0 0.663021 0.331481 0.0260417 0.118519 0.547399
0 0.0875 0.325 0.01875 0.0944444 0.551172
0 0.6625 0.334259 0.0270833 0.12037 0.551582
0 0.817708 0.427778 0.075 0.477778 0.552416
0 0.0875 0.325926 0.01875 0.0925926 0.55371
0 0.0619792 0.328704 0.0197917 0.0944444 0.560294
0 0.867188 0.441667 0.090625 0.538889 0.560748
0 0.0328125 0.334259 0.028125 0.12037 0.565272
0 0.0338542 0.333333 0.028125 0.125926 0.567011
0 0.816667 0.422222 0.06875 0.455556 0.57012
0 0.867188 0.443519 0.090625 0.546296 0.570265
0 0.391667 0.337037 0.01875 0.0962963 0.57048
0 0.413021 0.348148 0.0302083 0.151852 0.573475
0 0.034375 0.332407 0.0291667 0.124074 0.575574
0 0.6625 0.334259 0.0270833 0.116667 0.579769
0 0.0333333 0.333333 0.0270833 0.125926 0.583264
0 0.392188 0.337037 0.0197917 0.1 0.586225
0 0.0619792 0.328704 0.0197917 0.0944444 0.590258
0 0.0619792 0.328704 0.0197917 0.0944444 0.592685
0 0.455208 0.353704 0.0229167 0.148148 0.595977
0 0.413542 0.347222 0.0291667 0.15 0.597431
0 0.392188 0.337963 0.0197917 0.0981481 0.602843
0 0.815625 0.421296 0.0708333 0.442593 0.603354
0 0.0609375 0.332407 0.0177083 0.0944444 0.604786
0 0.6625 0.335185 0.0270833 0.114815 0.605574
0 0.663542 0.332407 0.025 0.116667 0.608748
0 0.663542 0.332407 0.025 0.116667 0.608884
0 0.663021 0.335185 0.0260417 0.114815 0.611671
0 0.454688 0.352778 0.0239583 0.146296 0.613805
0 0.0864583 0.325926 0.01875 0.0962963 0.613818
0 0.0338542 0.333333 0.028125 0.122222 0.614466
0 0.0338542 0.333333 0.028125 0.125926 0.6158
0 0.413021 0.347222 0.0302083 0.15 0.617495
0 0.6625 0.334259 0.0270833 0.12037 0.618351
0 0.0609375 0.332407 0.0177083 0.0981481 0.61939
0 0.034375 0.334259 0.0291667 0.116667 0.623334
0 0.0333333 0.334259 0.0270833 0.12037 0.628343
0 0.6625 0.334259 0.0270833 0.12037 0.629923
0 0.413021 0.341667 0.0302083 0.15 0.630096
0 0.413542 0.341667 0.03125 0.15 0.635808
0 0.392188 0.337037 0.0197917 0.1 0.637597
0 0.034375 0.334259 0.0291667 0.116667 0.639553
0 0.663021 0.333333 0.0260417 0.118519 0.642967
0 0.392188 0.337963 0.0197917 0.101852 0.647601
0 0.0614583 0.332407 0.01875 0.0981481 0.652987
0 0.608854 0.343519 0.028125 0.131481 0.656195
0 0.608333 0.343519 0.0270833 0.131481 0.656551
0 0.815625 0.42037 0.0666667 0.451852 0.657751
0 0.0614583 0.332407 0.01875 0.0981481 0.658845
0 0.034375 0.335185 0.0291667 0.114815 0.660465
0 0.455729 0.350926 0.028125 0.138889 0.668704
0 0.0333333 0.334259 0.0270833 0.12037 0.670285
0 0.608333 0.342593 0.0270833 0.133333 0.67646
0 0.608854 0.343519 0.028125 0.131481 0.676825
0 0.455729 0.350926 0.028125 0.138889 0.678006
0 0.0338542 0.333333 0.028125 0.125926 0.681574
0 0.607813 0.342593 0.0260417 0.133333 0.68311
0 0.0333333 0.333333 0.0270833 0.125926 0.684206
0 0.816146 0.42037 0.065625 0.440741 0.693887
0 0.608854 0.343519 0.028125 0.127778 0.699923
0 0.608854 0.344444 0.028125 0.12963 0.703089
0 0.455729 0.351852 0.028125 0.137037 0.710273
0 0.816667 0.42037 0.0645833 0.440741 0.710335
0 0.608854 0.342593 0.028125 0.12963 0.712014
0 0.608854 0.344444 0.028125 0.12963 0.715263
0 0.815625 0.422222 0.06875 0.440741 0.7198
0 0.816146 0.42037 0.065625 0.440741 0.723618
0 0.455208 0.350926 0.0270833 0.138889 0.728724
0 0.608854 0.343519 0.028125 0.131481 0.730343
0 0.455208 0.350926 0.0270833 0.138889 0.736788
0 0.608333 0.342593 0.0270833 0.12963 0.736959
0 0.413542 0.346296 0.0291667 0.162963 0.737935
0 0.867188 0.446296 0.096875 0.537037 0.738278
0 0.413542 0.346296 0.0291667 0.159259 0.741901
0 0.608333 0.343519 0.0270833 0.127778 0.746411
0 0.868229 0.44537 0.096875 0.542593 0.749555
0 0.455208 0.350926 0.0270833 0.138889 0.771283
0 0.86875 0.443519 0.09375 0.538889 0.789833
0 0.455208 0.353704 0.0270833 0.148148 0.79704
0 0.867188 0.442593 0.0947917 0.52963 0.798266
0 0.867708 0.443519 0.0916667 0.535185 0.799518
0 0.455208 0.353704 0.0270833 0.144444 0.81287
0 0.866667 0.441667 0.0958333 0.531482 0.817493
0 0.816667 0.42037 0.06875 0.448148 0.828937
0 0.816667 0.421296 0.06875 0.446296 0.838345
0 0.816667 0.42037 0.06875 0.448148 0.843332
