0 0.519271 0.371296 0.0197917 0.105556 0.250799
0 0.202083 0.440741 0.0520833 0.262963 0.255009
0 0.673437 0.337037 0.0322917 0.122222 0.255455
0 0.353125 0.357407 0.0208333 0.0962963 0.256617
0 0.383854 0.346296 0.0177083 0.0703704 0.256786
0 0.202083 0.440741 0.0520833 0.262963 0.256953
0 0.202083 0.440741 0.0520833 0.266667 0.258195
0 0.701563 0.406481 0.059375 0.272222 0.258955
0 0.673437 0.337037 0.0322917 0.122222 0.260994
0 0.614583 0.373148 0.0291667 0.131481 0.261613
0 0.614062 0.373148 0.028125 0.131481 0.263441
0 0.529688 0.348148 0.0177083 0.0666667 0.266284
0 0.497396 0.372222 0.028125 0.122222 0.268067
0 0.147917 0.527778 0.154167 0.5 0.26813
0 0.497917 0.375926 0.0291667 0.122222 0.268382
0 0.382812 0.347222 0.0197917 0.0685185 0.268465
0 0.152604 0.524074 0.157292 0.496296 0.270179
0 0.149479 0.517593 0.148958 0.498148 0.277688
0 0.146875 0.527778 0.154167 0.503704 0.277725
0 0.353646 0.357407 0.021875 0.0962963 0.279877
0 0.386458 0.34537 0.01875 0.0722222 0.27998
0 0.673958 0.344444 0.0333333 0.148148 0.282839
0 0.190625 0.452778 0.0708333 0.275926 0.288774
0 0.445312 0.372222 0.0260417 0.137037 0.290753
0 0.519271 0.371296 0.0197917 0.105556 0.290783
0 0.673958 0.343519 0.0333333 0.146296 0.294532
0 0.673958 0.34537 0.0333333 0.15 0.296632
0 0.389062 0.343519 0.0135417 0.0685185 0.297874
0 0.382812 0.347222 0.0197917 0.0685185 0.29869
0 0.519271 0.372222 0.0197917 0.103704 0.300063
0 0.2 0.435185 0.05 0.240741 0.30584
0 0.504687 0.369444 0.0239583 0.105556 0.307385
0 0.198958 0.441667 0.0520833 0.242593 0.31123
0 0.496354 0.366667 0.0239583 0.114815 0.317238
0 0.195312 0.441667 0.053125 0.257407 0.319991
0 0.389062 0.344444 0.0135417 0.0666667 0.326414
0 0.697396 0.402778 0.0697917 0.27963 0.327128
0 0.497917 0.375926 0.0291667 0.125926 0.327806
0 0.497917 0.375926 0.0270833 0.122222 0.328612
0 0.385938 0.347222 0.015625 0.0648148 0.329006
0 0.611979 0.375926 0.0302083 0.133333 0.330718
0 0.147396 0.510185 0.148958 0.483333 0.332452
0 0.496354 0.367593 0.0239583 0.112963 0.335159
0 0.195833 0.441667 0.0541667 0.257407 0.337566
0 0.703125 0.399074 0.0604167 0.272222 0.337589
0 0.195833 0.440741 0.0541667 0.259259 0.338171
0 0.611979 0.375 0.0302083 0.135185 0.339919
0 0.495833 0.367593 0.025 0.112963 0.340805
0 0.149479 0.517593 0.153125 0.487037 0.349356
0 0.504167 0.369444 0.0229167 0.109259 0.349785
0 0.697396 0.40463 0.0697917 0.275926 0.351082
0 0.197396 0.435185 0.0552083 0.259259 0.356167
0 0.446354 0.374074 0.0260417 0.133333 0.356808
0 0.672917 0.34537 0.0333333 0.138889 0.357869
0 0.672917 0.34537 0.0333333 0.138889 0.360018
0 0.502083 0.37037 0.025 0.103704 0.360804
0 0.672917 0.344444 0.0333333 0.140741 0.361724
0 0.611979 0.375 0.0302083 0.131481 0.364354
0 0.695833 0.406481 0.0604167 0.272222 0.365315
0 0.505208 0.37037 0.0229167 0.107407 0.366003
0 0.495833 0.371296 0.0270833 0.12037 0.387428
0 0.532812 0.34537 0.0135417 0.0648148 0.391523
0 0.498437 0.375926 0.028125 0.122222 0.393684
0 0.389062 0.344444 0.0135417 0.0703704 0.401247
0 0.703125 0.399074 0.0604167 0.268519 0.406917
0 0.502083 0.369444 0.025 0.101852 0.411247
0 0.445312 0.37037 0.0302083 0.133333 0.413461
0 0.502083 0.369444 0.025 0.101852 0.417373
0 0.532812 0.34537 0.0135417 0.0648148 0.417891
0 0.677083 0.397222 0.0375 0.246296 0.421617
0 0.498437 0.375926 0.0260417 0.122222 0.422067
0 0.532812 0.34537 0.0135417 0.0648148 0.422878
0 0.677083 0.396296 0.0375 0.244444 0.427433
0 0.149479 0.512963 0.153125 0.488889 0.427958
0 0.677083 0.397222 0.0375 0.25 0.428306
0 0.148958 0.514815 0.15625 0.507407 0.429029
0 0.2 0.434259 0.0520833 0.253704 0.43814
0 0.532812 0.34537 0.0135417 0.0648148 0.438604
0 0.389062 0.343519 0.0135417 0.0722222 0.440622
0 0.70625 0.401852 0.05 0.277778 0.450425
0 0.706771 0.401852 0.0510417 0.277778 0.455326
0 0.497396 0.375 0.0239583 0.116667 0.457413
0 0.706771 0.401852 0.0510417 0.274074 0.458613
0 0.200521 0.435185 0.0510417 0.255556 0.466991
0 0.695312 0.401852 0.0635417 0.277778 0.470104
0 0.497396 0.375926 0.0260417 0.122222 0.479705
0 0.702604 0.4 0.059375 0.27037 0.485993
0 0.497396 0.375 0.0239583 0.116667 0.487556
0 0.148438 0.515741 0.153125 0.501852 0.500762
0 0.497396 0.375926 0.0239583 0.114815 0.501555
0 0.695312 0.400926 0.0677083 0.272222 0.526362
0 0.684896 0.400926 0.046875 0.264815 0.527013
0 0.613542 0.376852 0.0291667 0.131481 0.528188
0 0.148958 0.514815 0.154167 0.503704 0.531873
0 0.199479 0.437963 0.053125 0.257407 0.537469
0 0.355208 0.360185 0.0208333 0.101852 0.53806
0 0.613542 0.375926 0.0291667 0.133333 0.54139
0 0.694792 0.400926 0.06875 0.272222 0.542201
0 0.613542 0.375926 0.0291667 0.133333 0.553244
0 0.698438 0.401852 0.065625 0.277778 0.56068
0 0.704167 0.40463 0.05625 0.272222 0.572146
0 0.147396 0.512037 0.148958 0.505556 0.574236
0 0.694792 0.400926 0.06875 0.275926 0.578834
0 0.147917 0.512037 0.15 0.501852 0.57937
0 0.691667 0.401852 0.0583333 0.274074 0.583133
0 0.691667 0.401852 0.0583333 0.274074 0.583413
0 0.691667 0.401852 0.0583333 0.274074 0.590698
0 0.696875 0.403704 0.0645833 0.274074 0.596053
0 0.198958 0.441667 0.0541667 0.257407 0.6004
0 0.446354 0.373148 0.028125 0.142593 0.62292
0 0.444792 0.372222 0.0291667 0.140741 0.623429
0 0.445833 0.373148 0.025 0.142593 0.623472
0 0.2 0.440741 0.0520833 0.262963 0.626176
0 0.445312 0.371296 0.028125 0.138889 0.626556
0 0.445833 0.374074 0.025 0.140741 0.628825
0 0.198958 0.438889 0.05 0.259259 0.639101
0 0.445833 0.374074 0.0291667 0.144444 0.645778
0 0.35625 0.361111 0.0208333 0.103704 0.646505
0 0.199479 0.438889 0.0510417 0.259259 0.656695
0 0.446354 0.373148 0.028125 0.142593 0.665872
0 0.198958 0.438889 0.05 0.259259 0.668315
0 0.445833 0.374074 0.0291667 0.148148 0.668549
0 0.199479 0.438889 0.0510417 0.259259 0.675711
0 0.198958 0.438889 0.0520833 0.259259 0.678879
0 0.199479 0.437963 0.0510417 0.261111 0.682774
0 0.445833 0.374074 0.0291667 0.144444 0.684263
0 0.355729 0.360185 0.0197917 0.101852 0.685305
0 0.694271 0.402778 0.0572917 0.272222 0.689842
0 0.446354 0.373148 0.028125 0.142593 0.694379
0 0.445312 0.372222 0.028125 0.144444 0.696984
0 0.613021 0.375926 0.0302083 0.133333 0.711054
0 0.357292 0.362037 0.0208333 0.101852 0.718816
0 0.355729 0.360185 0.0197917 0.105556 0.72859
0 0.148958 0.516667 0.154167 0.5 0.728864
0 0.613021 0.376852 0.0302083 0.131481 0.731476
0 0.355729 0.360185 0.0197917 0.105556 0.733016
0 0.613021 0.376852 0.0302083 0.131481 0.739179
0 0.357292 0.362037 0.0208333 0.105556 0.741447
0 0.613021 0.376852 0.0302083 0.131481 0.741729
0 0.445312 0.373148 0.028125 0.146296 0.746669
0 0.356771 0.362037 0.021875 0.105556 0.754939
0 0.15 0.517593 0.154167 0.498148 0.770578
0 0.613021 0.377778 0.0302083 0.133333 0.779973
0 0.445312 0.373148 0.028125 0.146296 0.783473
0 0.613021 0.377778 0.0302083 0.133333 0.787782
0 0.613021 0.377778 0.0302083 0.12963 0.78947
0 0.355729 0.362037 0.0197917 0.105556 0.795286
0 0.613021 0.376852 0.0302083 0.135185 0.807186
0 0.445833 0.372222 0.0270833 0.148148 0.810971
0 0.149479 0.516667 0.153125 0.5 0.811294
0 0.613021 0.376852 0.0302083 0.131481 0.811786
0 0.613021 0.376852 0.0302083 0.131481 0.818226
0 0.149479 0.516667 0.153125 0.496296 0.820556
0 0.613021 0.376852 0.0302083 0.131481 0.827536
0 0.445312 0.372222 0.028125 0.144444 0.827631
0 0.613021 0.376852 0.0302083 0.131481 0.829035
0 0.148958 0.515741 0.152083 0.498148 0.846855
0 0.149479 0.515741 0.153125 0.498148 0.852839
0 0.15 0.511111 0.154167 0.496296 0.874254
0 0.149479 0.512037 0.153125 0.490741 0.880831
0 0.148958 0.516667 0.152083 0.496296 0.890213
0 0.148958 0.515741 0.152083 0.498148 0.891767
