0 0.204167 0.45 0.0208333 0.062963 0.252489
0 0.0307292 0.485185 0.0239583 0.111111 0.25272
0 0.354167 0.422222 0.0166667 0.0777778 0.252946
0 0.421354 0.449074 0.015625 0.0759259 0.252962
0 0.203125 0.450926 0.01875 0.0611111 0.253858
0 0.25 0.457407 0.0166667 0.0740741 0.25635
0 0.668229 0.535185 0.0635417 0.348148 0.256932
0 0.204167 0.45 0.0208333 0.062963 0.257191
0 0.203125 0.450926 0.01875 0.0611111 0.259334
13 0.442187 0.57963 0.128125 0.0851852 0.260147
0 0.955208 0.446296 0.0604167 0.277778 0.260637
0 0.204688 0.45 0.021875 0.062963 0.263044
13 0.450521 0.578704 0.130208 0.0833333 0.265708
0 0.444792 0.452778 0.0208333 0.087037 0.268745
0 0.354167 0.422222 0.0166667 0.0777778 0.269896
0 0.550521 0.481481 0.0322917 0.151852 0.270837
0 0.404687 0.450926 0.015625 0.0796296 0.271204
26 0.694792 0.602778 0.0291667 0.0944444 0.275021
0 0.204167 0.45 0.0208333 0.062963 0.275471
0 0.444792 0.452778 0.0208333 0.087037 0.277309
13 0.443229 0.57963 0.121875 0.0814815 0.280036
0 0.551042 0.481481 0.03125 0.151852 0.281506
0 0.668229 0.536111 0.0635417 0.346296 0.281517
0 0.203125 0.451852 0.01875 0.0592593 0.282381
13 0.451042 0.578704 0.13125 0.0833333 0.282822
0 0.439063 0.450926 0.0239583 0.087037 0.284482
28 0.0265625 0.626852 0.0489583 0.0796296 0.2862
13 0.44375 0.57963 0.120833 0.0814815 0.2875
26 0.694271 0.602778 0.028125 0.0907407 0.288336
0 0.0322917 0.493519 0.025 0.135185 0.288625
0 0.125521 0.499074 0.0302083 0.157407 0.29175
0 0.404167 0.450926 0.0145833 0.0796296 0.292421
0 0.124479 0.499074 0.0302083 0.157407 0.293469
0 0.0645833 0.552778 0.0625 0.324074 0.293825
28 0.0239583 0.627778 0.0458333 0.0851852 0.296925
0 0.253125 0.458333 0.01875 0.0796296 0.297343
0 0.059375 0.549074 0.0604167 0.305556 0.298265
28 0.0239583 0.627778 0.0458333 0.0851852 0.300184
0 0.9625 0.44537 0.06875 0.275926 0.30206
13 0.442187 0.578704 0.126042 0.0833333 0.304238
0 0.0640625 0.553704 0.0614583 0.314815 0.304492
28 0.0260417 0.626852 0.05 0.0796296 0.311689
0 0.669792 0.537037 0.05625 0.325926 0.311924
13 0.451042 0.57963 0.135417 0.0814815 0.316478
0 0.405208 0.45 0.0166667 0.0814815 0.317073
28 0.0260417 0.626852 0.05 0.0796296 0.319334
0 0.0640625 0.551852 0.0614583 0.318519 0.324445
0 0.404687 0.450926 0.015625 0.0796296 0.325942
0 0.442187 0.449074 0.0239583 0.0796296 0.328312
0 0.9625 0.444444 0.06875 0.277778 0.330391
0 0.441146 0.448148 0.021875 0.0777778 0.33197
0 0.960938 0.446296 0.065625 0.281481 0.342295
0 0.0588542 0.553704 0.065625 0.3 0.343411
0 0.0302083 0.509259 0.025 0.162963 0.344441
0 0.963542 0.442593 0.06875 0.281481 0.344585
0 0.960938 0.446296 0.065625 0.281481 0.354658
28 0.0234375 0.627778 0.046875 0.0851852 0.35854
0 0.059375 0.552778 0.0645833 0.298148 0.36572
0 0.438021 0.450926 0.0177083 0.0833333 0.366346
0 0.253646 0.456481 0.0197917 0.0833333 0.369317
0 0.441667 0.449074 0.0229167 0.0796296 0.372613
0 0.960938 0.446296 0.065625 0.281481 0.376284
0 0.456771 0.45463 0.028125 0.0944444 0.380242
0 0.436458 0.446296 0.0166667 0.0777778 0.382124
0 0.404167 0.446296 0.0145833 0.0814815 0.383915
0 0.436458 0.446296 0.0166667 0.0740741 0.386292
0 0.961979 0.446296 0.0677083 0.274074 0.38741
0 0.254167 0.456481 0.01875 0.0833333 0.391931
28 0.0234375 0.627778 0.046875 0.0851852 0.393156
0 0.458854 0.453704 0.028125 0.0925926 0.393955
0 0.253646 0.456481 0.0197917 0.0833333 0.397286
0 0.253646 0.458333 0.0197917 0.0833333 0.398722
26 0.695312 0.603704 0.028125 0.0925926 0.398824
0 0.0598958 0.553704 0.065625 0.3 0.398943
28 0.0234375 0.627778 0.046875 0.0851852 0.39957
28 0.025 0.625926 0.0479167 0.0851852 0.404102
0 0.254167 0.456481 0.01875 0.0833333 0.404107
0 0.253646 0.458333 0.0197917 0.0833333 0.405207
0 0.253646 0.456481 0.0197917 0.0833333 0.406133
0 0.456771 0.453704 0.028125 0.0962963 0.408197
0 0.456771 0.45463 0.028125 0.0944444 0.408358
28 0.025 0.625926 0.0479167 0.0851852 0.408977
0 0.404167 0.44537 0.0145833 0.0796296 0.410066
28 0.025 0.625926 0.0479167 0.0851852 0.410714
0 0.549479 0.491667 0.034375 0.153704 0.412357
0 0.404167 0.447222 0.0166667 0.0833333 0.413019
0 0.551042 0.488889 0.03125 0.151852 0.413522
28 0.025 0.625926 0.0479167 0.0851852 0.415341
0 0.464583 0.452778 0.01875 0.101852 0.415908
0 0.963021 0.444444 0.0677083 0.274074 0.416185
0 0.961979 0.443519 0.0677083 0.283333 0.420208
0 0.436458 0.446296 0.0166667 0.0740741 0.421353
0 0.963021 0.442593 0.0677083 0.277778 0.422416
0 0.458854 0.453704 0.028125 0.0962963 0.424433
0 0.254167 0.458333 0.01875 0.0833333 0.425933
0 0.458854 0.453704 0.028125 0.0962963 0.429013
0 0.0609375 0.55463 0.0677083 0.309259 0.429913
0 0.403646 0.446296 0.015625 0.0814815 0.43188
0 0.961979 0.443519 0.0677083 0.283333 0.431939
0 0.548958 0.491667 0.0333333 0.153704 0.432806
0 0.550521 0.488889 0.0322917 0.151852 0.433997
0 0.961979 0.444444 0.0677083 0.285185 0.447679
0 0.549479 0.491667 0.034375 0.153704 0.452378
0 0.404167 0.44537 0.0145833 0.0796296 0.461705
0 0.0619792 0.556481 0.065625 0.309259 0.46402
0 0.550521 0.488889 0.0322917 0.151852 0.471065
0 0.404167 0.448148 0.0145833 0.0814815 0.476283
0 0.0609375 0.55463 0.0677083 0.312963 0.505535
0 0.0609375 0.553704 0.0635417 0.311111 0.513164
0 0.404167 0.448148 0.0145833 0.0814815 0.516833
0 0.465104 0.452778 0.0177083 0.0944444 0.521298
0 0.463021 0.453704 0.021875 0.1 0.523011
0 0.466146 0.453704 0.0177083 0.0962963 0.529898
0 0.117188 0.505556 0.0427083 0.17037 0.530469
0 0.119271 0.503704 0.0385417 0.17037 0.54228
0 0.465104 0.452778 0.0177083 0.0981481 0.548661
0 0.465625 0.453704 0.01875 0.1 0.550285
0 0.464063 0.45463 0.0197917 0.0981481 0.553259
0 0.465625 0.453704 0.01875 0.1 0.562017
0 0.465104 0.452778 0.0177083 0.0981481 0.564246
0 0.119271 0.50463 0.0385417 0.168519 0.569721
0 0.114063 0.505556 0.040625 0.177778 0.581445
0 0.668229 0.534259 0.0572917 0.342593 0.598238
0 0.116667 0.505556 0.0416667 0.17037 0.599894
0 0.114063 0.505556 0.040625 0.177778 0.607759
0 0.0609375 0.555556 0.0635417 0.307407 0.612568
0 0.11875 0.505556 0.0395833 0.174074 0.627096
0 0.11875 0.505556 0.0395833 0.174074 0.631756
0 0.11875 0.505556 0.0395833 0.174074 0.641162
0 0.0625 0.55463 0.0604167 0.305556 0.643746
0 0.116667 0.505556 0.0416667 0.177778 0.648806
0 0.116667 0.50463 0.0416667 0.172222 0.655695
0 0.116667 0.505556 0.0416667 0.177778 0.675289
0 0.0625 0.55463 0.0604167 0.305556 0.677752
0 0.0609375 0.553704 0.0635417 0.303704 0.687244
0 0.116667 0.505556 0.0416667 0.177778 0.696429
0 0.0625 0.55463 0.0604167 0.305556 0.7083
0 0.66875 0.537037 0.0583333 0.344444 0.72439
0 0.55 0.487963 0.0333333 0.157407 0.724604
0 0.55 0.488889 0.0333333 0.159259 0.728926
0 0.66875 0.536111 0.0583333 0.342593 0.737123
0 0.66875 0.537037 0.0583333 0.340741 0.737342
0 0.55 0.487037 0.0333333 0.151852 0.737872
0 0.55 0.487037 0.0333333 0.155556 0.744304
0 0.0614583 0.553704 0.0604167 0.296296 0.74717
0 0.0619792 0.555556 0.0635417 0.307407 0.747913
0 0.117708 0.503704 0.0416667 0.17037 0.760523
0 0.55 0.488889 0.0333333 0.151852 0.760861
0 0.117708 0.503704 0.0416667 0.174074 0.770544
0 0.550521 0.487963 0.0322917 0.153704 0.78096
0 0.55 0.488889 0.0333333 0.151852 0.785139
0 0.668229 0.536111 0.059375 0.346296 0.788039
0 0.55 0.489815 0.0333333 0.153704 0.790889
0 0.550521 0.487963 0.0322917 0.153704 0.792078
0 0.0619792 0.553704 0.0614583 0.307407 0.806146
0 0.55 0.487963 0.0333333 0.153704 0.808248
0 0.66875 0.534259 0.0583333 0.346296 0.813262
0 0.66875 0.536111 0.0583333 0.342593 0.816894
0 0.0625 0.553704 0.0604167 0.307407 0.819261
0 0.0625 0.553704 0.0604167 0.307407 0.827612
0 0.66875 0.537963 0.0583333 0.335185 0.831056
0 0.66875 0.536111 0.0583333 0.342593 0.831349
0 0.66875 0.537963 0.0583333 0.335185 0.832223
0 0.66875 0.537037 0.0583333 0.337037 0.835911
0 0.66875 0.536111 0.0583333 0.342593 0.843957
