13 0.404687 0.556481 0.0802083 0.172222 0.255772
0 0.0479167 0.378704 0.0270833 0.15 0.255902
13 0.404687 0.556481 0.078125 0.164815 0.256409
0 0.5625 0.348148 0.0166667 0.062963 0.256747
0 0.503646 0.341667 0.015625 0.0648148 0.260539
0 0.5625 0.348148 0.0166667 0.0666667 0.261104
0 0.489062 0.375926 0.0302083 0.148148 0.261159
0 0.504167 0.340741 0.0145833 0.0666667 0.261611
0 0.563542 0.346296 0.0166667 0.0666667 0.26411
13 0.404687 0.555556 0.078125 0.162963 0.26782
0 0.434896 0.373148 0.0302083 0.135185 0.268601
0 0.357812 0.340741 0.021875 0.0777778 0.272171
0 0.489062 0.375 0.0302083 0.146296 0.275441
0 0.358854 0.342593 0.0177083 0.0814815 0.276434
13 0.404167 0.555556 0.0791667 0.162963 0.27722
0 0.358333 0.340741 0.0208333 0.0814815 0.27775
0 0.357812 0.340741 0.0197917 0.0814815 0.278566
0 0.0494792 0.387037 0.0239583 0.133333 0.278746
0 0.5625 0.348148 0.01875 0.0703704 0.279923
0 0.485417 0.371296 0.0291667 0.135185 0.280473
0 0.563542 0.346296 0.0166667 0.0666667 0.280754
0 0.222917 0.439815 0.110417 0.416667 0.281751
13 0.404167 0.555556 0.0791667 0.162963 0.281768
0 0.0510417 0.384259 0.0270833 0.127778 0.28189
0 0.0494792 0.387037 0.0239583 0.133333 0.282387
13 0.404167 0.556481 0.0791667 0.164815 0.284159
0 0.563021 0.348148 0.0177083 0.0666667 0.284181
0 0.223438 0.439815 0.109375 0.412963 0.286042
0 0.485417 0.371296 0.0291667 0.135185 0.288123
0 0.606771 0.371296 0.0260417 0.138889 0.288776
0 0.561979 0.348148 0.0177083 0.0703704 0.295563
13 0.404167 0.556481 0.0791667 0.161111 0.295974
0 0.503646 0.341667 0.015625 0.0648148 0.297861
13 0.404167 0.556481 0.0791667 0.161111 0.299428
0 0.563021 0.347222 0.0177083 0.0685185 0.299946
0 0.563542 0.346296 0.0166667 0.0666667 0.300247
0 0.223438 0.438889 0.109375 0.414815 0.300807
0 0.489062 0.375926 0.0302083 0.148148 0.30101
0 0.638542 0.386111 0.04375 0.22037 0.301375
0 0.503646 0.340741 0.015625 0.0666667 0.303809
13 0.404167 0.555556 0.0791667 0.162963 0.303929
13 0.404167 0.556481 0.0791667 0.161111 0.307752
0 0.358333 0.340741 0.01875 0.0814815 0.308629
0 0.638542 0.387037 0.04375 0.218519 0.31154
0 0.561979 0.34537 0.015625 0.0685185 0.312081
0 0.483854 0.371296 0.034375 0.127778 0.31525
13 0.404167 0.555556 0.0791667 0.162963 0.316331
0 0.482292 0.372222 0.0354167 0.125926 0.317655
0 0.563021 0.347222 0.0177083 0.0685185 0.325115
0 0.0494792 0.384259 0.0260417 0.131481 0.325719
0 0.608854 0.374074 0.028125 0.162963 0.340632
0 0.608854 0.374074 0.0260417 0.162963 0.340886
13 0.404687 0.55463 0.078125 0.161111 0.346008
13 0.404167 0.555556 0.0791667 0.162963 0.352438
0 0.0484375 0.388889 0.0239583 0.12963 0.353955
0 0.483333 0.373148 0.0333333 0.124074 0.371138
0 0.606771 0.372222 0.028125 0.137037 0.372632
0 0.486979 0.375 0.0260417 0.135185 0.38106
0 0.0505208 0.384259 0.028125 0.138889 0.386493
0 0.0505208 0.384259 0.028125 0.138889 0.389085
0 0.0494792 0.386111 0.028125 0.142593 0.39377
0 0.0484375 0.388889 0.0239583 0.12963 0.400289
0 0.0484375 0.388889 0.0239583 0.12963 0.409002
0 0.0494792 0.385185 0.028125 0.140741 0.413194
0 0.226562 0.44537 0.111458 0.409259 0.422388
0 0.607292 0.372222 0.0270833 0.137037 0.424487
0 0.222917 0.440741 0.1125 0.407407 0.429003
0 0.485938 0.375926 0.028125 0.133333 0.437095
0 0.222917 0.439815 0.1125 0.405556 0.444338
0 0.0489583 0.385185 0.0270833 0.140741 0.459726
0 0.320312 0.358333 0.0197917 0.0796296 0.460172
0 0.0494792 0.384259 0.0260417 0.138889 0.472282
0 0.639583 0.385185 0.05 0.222222 0.47359
0 0.0494792 0.385185 0.0260417 0.137037 0.476089
0 0.226562 0.444444 0.111458 0.411111 0.477985
0 0.31875 0.350926 0.0229167 0.087037 0.478931
0 0.432813 0.373148 0.0302083 0.138889 0.489228
0 0.319792 0.358333 0.0208333 0.0796296 0.490481
0 0.432813 0.373148 0.0302083 0.138889 0.491767
0 0.0489583 0.386111 0.0270833 0.142593 0.493157
0 0.319792 0.357407 0.0208333 0.0777778 0.495233
0 0.0489583 0.385185 0.0270833 0.140741 0.500855
0 0.639583 0.386111 0.05 0.22037 0.502636
0 0.486458 0.375 0.03125 0.142593 0.5032
0 0.319792 0.353704 0.0208333 0.0851852 0.511135
0 0.639063 0.384259 0.0510417 0.22037 0.514187
0 0.486979 0.375926 0.0302083 0.140741 0.514291
0 0.607813 0.372222 0.028125 0.148148 0.514994
0 0.319792 0.35463 0.0208333 0.0833333 0.530884
0 0.640104 0.383333 0.0447917 0.218519 0.545755
0 0.319792 0.35463 0.0208333 0.0833333 0.547716
0 0.607813 0.37037 0.028125 0.144444 0.555142
0 0.606771 0.372222 0.0260417 0.137037 0.563772
0 0.607813 0.372222 0.028125 0.148148 0.56481
0 0.608333 0.37037 0.0270833 0.148148 0.569547
0 0.486979 0.375926 0.0302083 0.140741 0.570445
0 0.608333 0.369444 0.0270833 0.15 0.570674
0 0.608333 0.371296 0.0291667 0.146296 0.570955
0 0.486458 0.375926 0.03125 0.140741 0.580956
0 0.0494792 0.386111 0.0260417 0.142593 0.581988
0 0.608333 0.373148 0.0270833 0.146296 0.593066
0 0.607813 0.37037 0.028125 0.144444 0.605353
0 0.433333 0.374074 0.03125 0.133333 0.605829
0 0.640104 0.383333 0.0447917 0.218519 0.608454
0 0.434896 0.373148 0.0302083 0.142593 0.614149
0 0.434896 0.373148 0.0302083 0.142593 0.616285
0 0.433333 0.374074 0.03125 0.133333 0.618015
0 0.486458 0.375926 0.0291667 0.140741 0.620847
0 0.486458 0.375926 0.0291667 0.140741 0.641991
0 0.433333 0.375 0.0291667 0.138889 0.643298
0 0.640104 0.386111 0.0489583 0.216667 0.644167
0 0.639063 0.381481 0.0447917 0.2 0.652798
0 0.639583 0.383333 0.0458333 0.218519 0.661821
0 0.486458 0.375 0.0270833 0.138889 0.664555
0 0.640104 0.385185 0.046875 0.218519 0.668018
0 0.606771 0.371296 0.0260417 0.146296 0.669073
0 0.606771 0.371296 0.0260417 0.146296 0.670472
0 0.639063 0.381481 0.0447917 0.203704 0.673519
0 0.433333 0.375 0.0291667 0.138889 0.674494
0 0.433333 0.375 0.0291667 0.138889 0.675844
0 0.319792 0.352778 0.0229167 0.0833333 0.68122
0 0.640104 0.385185 0.0427083 0.214815 0.682344
0 0.640104 0.385185 0.046875 0.214815 0.68275
0 0.640104 0.385185 0.0427083 0.214815 0.684717
0 0.486458 0.375926 0.0270833 0.137037 0.685287
0 0.433333 0.375 0.03125 0.135185 0.686218
0 0.485938 0.375926 0.028125 0.137037 0.710718
0 0.485938 0.375926 0.028125 0.137037 0.711914
0 0.433854 0.373148 0.0302083 0.135185 0.720698
0 0.319792 0.35463 0.0229167 0.087037 0.738688
0 0.433333 0.373148 0.0291667 0.135185 0.739345
0 0.319792 0.35463 0.0229167 0.087037 0.758711
0 0.433854 0.374074 0.0302083 0.137037 0.759341
0 0.319792 0.35463 0.0229167 0.087037 0.762488
0 0.638542 0.385185 0.0479167 0.214815 0.764877
0 0.225521 0.440741 0.107292 0.411111 0.772631
0 0.319792 0.35463 0.0208333 0.0833333 0.772919
0 0.432813 0.373148 0.028125 0.153704 0.780762
0 0.638542 0.385185 0.0479167 0.214815 0.789016
0 0.225 0.441667 0.108333 0.409259 0.790384
0 0.432813 0.373148 0.0302083 0.15 0.79469
0 0.638542 0.384259 0.0479167 0.216667 0.808766
0 0.225 0.439815 0.1125 0.401852 0.811326
0 0.225521 0.441667 0.107292 0.412963 0.812239
0 0.641146 0.384259 0.0447917 0.22037 0.813018
0 0.640625 0.383333 0.04375 0.218519 0.81333
0 0.225 0.439815 0.1125 0.405556 0.861041
0 0.225521 0.441667 0.111458 0.405556 0.873732
0 0.225521 0.441667 0.111458 0.405556 0.884591
0 0.225 0.439815 0.110417 0.409259 0.896014
0 0.225 0.439815 0.110417 0.412963 0.899582
0 0.225 0.439815 0.110417 0.412963 0.902654
