0 0.460417 0.434259 0.0270833 0.146296 0.259536
0 0.935938 0.590741 0.0989583 0.481481 0.264389
0 0.177083 0.412037 0.0208333 0.0944444 0.265424
0 0.460417 0.433333 0.0270833 0.144444 0.266228
0 0.174479 0.415741 0.021875 0.0944444 0.268761
0 0.444792 0.436111 0.0291667 0.142593 0.26937
0 0.444792 0.436111 0.0291667 0.142593 0.269498
0 0.445312 0.451852 0.0302083 0.12963 0.27059
0 0.463021 0.437037 0.021875 0.151852 0.271989
0 0.409896 0.40463 0.0177083 0.0759259 0.272092
0 0.461979 0.437037 0.0239583 0.151852 0.277385
0 0.175 0.415741 0.0208333 0.0981481 0.279248
0 0.199479 0.402778 0.0177083 0.0648148 0.28124
0 0.177083 0.412037 0.0208333 0.0944444 0.28463
0 0.388021 0.412963 0.0197917 0.103704 0.287991
0 0.409896 0.405556 0.0177083 0.0777778 0.288472
0 0.464583 0.427778 0.0208333 0.140741 0.297538
0 0.379687 0.42037 0.0239583 0.111111 0.300362
0 0.409896 0.40463 0.0177083 0.0759259 0.300839
0 0.175 0.415741 0.0208333 0.0981481 0.301955
0 0.178125 0.413889 0.025 0.0907407 0.303367
0 0.388021 0.412963 0.0197917 0.103704 0.307387
0 0.388021 0.412963 0.0197917 0.103704 0.307483
0 0.197917 0.401852 0.0166667 0.062963 0.310963
0 0.177083 0.413889 0.0208333 0.0907407 0.317772
0 0.936979 0.59537 0.0989583 0.487037 0.324751
0 0.409896 0.417593 0.015625 0.0907407 0.328902
0 0.198437 0.402778 0.0177083 0.0648148 0.330403
0 0.177083 0.413889 0.0208333 0.0907407 0.334207
0 0.463021 0.425 0.0239583 0.135185 0.340303
0 0.463542 0.425 0.0229167 0.135185 0.342346
0 0.445312 0.450926 0.0302083 0.135185 0.34871
0 0.445312 0.450926 0.0302083 0.135185 0.351722
0 0.933333 0.596296 0.0895833 0.5 0.354088
0 0.932813 0.59537 0.090625 0.501852 0.354692
0 0.385938 0.412963 0.0177083 0.107407 0.35472
0 0.198437 0.401852 0.0177083 0.062963 0.354985
0 0.199479 0.402778 0.0177083 0.0648148 0.355619
0 0.2 0.401852 0.0166667 0.062963 0.359538
0 0.409896 0.417593 0.0177083 0.0944444 0.360961
0 0.177083 0.413889 0.0208333 0.0907407 0.361625
0 0.174479 0.412963 0.021875 0.0962963 0.368258
0 0.409375 0.416667 0.0166667 0.0925926 0.372099
0 0.386458 0.413889 0.01875 0.109259 0.378216
0 0.386458 0.413889 0.01875 0.109259 0.390752
0 0.2 0.401852 0.0166667 0.062963 0.397904
0 0.0526042 0.437963 0.028125 0.124074 0.427424
0 0.385938 0.417593 0.021875 0.109259 0.427543
0 0.409375 0.412963 0.0166667 0.0962963 0.488095
0 0.408854 0.412963 0.0177083 0.0962963 0.494526
0 0.0526042 0.437963 0.028125 0.124074 0.495586
0 0.449479 0.441667 0.0385417 0.161111 0.50347
0 0.409375 0.414815 0.0166667 0.0925926 0.504316
0 0.0526042 0.438889 0.028125 0.122222 0.505237
0 0.45 0.440741 0.0395833 0.155556 0.507773
0 0.386458 0.416667 0.0208333 0.107407 0.516094
0 0.386458 0.416667 0.0208333 0.114815 0.518192
0 0.386979 0.416667 0.021875 0.114815 0.521207
0 0.386458 0.416667 0.0208333 0.114815 0.521376
0 0.45 0.440741 0.0395833 0.155556 0.521625
0 0.386979 0.416667 0.021875 0.107407 0.526711
0 0.408854 0.412037 0.0177083 0.0907407 0.527138
0 0.386979 0.416667 0.021875 0.107407 0.528731
0 0.0520833 0.439815 0.0270833 0.127778 0.533736
0 0.449479 0.441667 0.0385417 0.161111 0.538499
0 0.386979 0.415741 0.0197917 0.109259 0.546381
0 0.409896 0.413889 0.0177083 0.0907407 0.562176
0 0.409896 0.413889 0.0177083 0.0907407 0.57014
0 0.408854 0.412963 0.0177083 0.0925926 0.570296
0 0.448958 0.441667 0.0375 0.161111 0.570717
0 0.0526042 0.441667 0.0260417 0.124074 0.57476
0 0.408854 0.412037 0.0177083 0.0907407 0.575221
0 0.0526042 0.437963 0.028125 0.124074 0.579027
0 0.0520833 0.439815 0.0270833 0.127778 0.581163
0 0.445833 0.443519 0.0333333 0.15 0.583842
0 0.446354 0.443519 0.034375 0.15 0.611558
0 0.445833 0.44537 0.0333333 0.15 0.612214
0 0.445833 0.446296 0.0333333 0.151852 0.615166
0 0.445833 0.44537 0.0333333 0.15 0.62306
0 0.0520833 0.439815 0.0291667 0.124074 0.63333
0 0.0526042 0.437963 0.028125 0.124074 0.634022
0 0.0526042 0.438889 0.028125 0.122222 0.635512
0 0.445833 0.443519 0.0333333 0.15 0.636447
0 0.0520833 0.439815 0.0270833 0.127778 0.637397
0 0.0526042 0.439815 0.0260417 0.127778 0.641089
0 0.0526042 0.442593 0.0260417 0.125926 0.641279
0 0.053125 0.442593 0.025 0.125926 0.642836
0 0.445833 0.44537 0.0333333 0.153704 0.644508
0 0.445312 0.44537 0.0322917 0.153704 0.644772
0 0.0515625 0.439815 0.028125 0.124074 0.689784
0 0.0526042 0.439815 0.028125 0.124074 0.695128
0 0.0520833 0.439815 0.0270833 0.127778 0.696613
0 0.0520833 0.439815 0.0270833 0.127778 0.699132
0 0.936458 0.596296 0.0958333 0.511111 0.716604
0 0.936458 0.594444 0.1 0.496296 0.734344
0 0.938021 0.599074 0.096875 0.509259 0.743519
0 0.935938 0.594444 0.101042 0.496296 0.759493
0 0.938021 0.6 0.096875 0.511111 0.771748
0 0.936979 0.597222 0.0947917 0.512963 0.828578
0 0.936979 0.593518 0.0989583 0.498148 0.831223
0 0.936979 0.593518 0.0989583 0.505556 0.832407
0 0.9375 0.6 0.0958333 0.511111 0.847179
0 0.9375 0.599074 0.0958333 0.509259 0.863995
