13 0.420833 0.452778 0.0395833 0.0685185 0.254344
0 0.377604 0.340741 0.0114583 0.0555556 0.254965
0 0.00572917 0.336111 0.0114583 0.0648148 0.255344
0 0.328125 0.412963 0.0645833 0.314815 0.25628
0 0.288021 0.348148 0.0197917 0.0703704 0.256312
0 0.65 0.371296 0.01875 0.0944444 0.257359
13 0.368229 0.55463 0.0947917 0.109259 0.260625
0 0.951563 0.640741 0.0947917 0.696296 0.262975
0 0.951563 0.640741 0.0947917 0.696296 0.263314
0 0.377604 0.340741 0.0114583 0.0555556 0.264503
0 0.652083 0.363889 0.01875 0.0944444 0.264713
13 0.420833 0.452778 0.0395833 0.0685185 0.267612
0 0.445833 0.371296 0.0291667 0.135185 0.276749
0 0.330729 0.406481 0.0635417 0.290741 0.281821
0 0.192188 0.334259 0.0614583 0.157407 0.282577
0 0.658854 0.362037 0.0197917 0.0981481 0.287036
0 0.329167 0.417593 0.0583333 0.301852 0.291254
0 0.192188 0.333333 0.0614583 0.159259 0.295894
0 0.658854 0.362037 0.0197917 0.0981481 0.299509
0 0.447917 0.356481 0.0291667 0.0944444 0.306067
13 0.367708 0.564815 0.102083 0.118519 0.3103
0 0.658854 0.362037 0.0197917 0.0981481 0.311148
0 0.266667 0.34537 0.0229167 0.0796296 0.31973
0 0.329688 0.411111 0.0614583 0.296296 0.323458
13 0.420312 0.461111 0.040625 0.0814815 0.328333
13 0.420312 0.462037 0.040625 0.0796296 0.328739
0 0.329688 0.411111 0.0614583 0.296296 0.337663
0 0.267188 0.346296 0.0239583 0.0777778 0.345424
0 0.329688 0.409259 0.0614583 0.296296 0.34638
0 0.267188 0.346296 0.0239583 0.0777778 0.349598
0 0.447396 0.356481 0.028125 0.0981481 0.352572
0 0.327604 0.40463 0.0614583 0.309259 0.357102
0 0.447396 0.356481 0.028125 0.0981481 0.357388
0 0.445833 0.37037 0.0291667 0.137037 0.361035
0 0.329167 0.417593 0.0604167 0.298148 0.361277
13 0.420312 0.459259 0.0385417 0.0814815 0.362304
0 0.267188 0.347222 0.0239583 0.0759259 0.36291
0 0.446875 0.371296 0.0291667 0.135185 0.372021
13 0.420312 0.459259 0.0385417 0.0814815 0.373518
0 0.266667 0.34537 0.0229167 0.0796296 0.373863
0 0.952083 0.634259 0.0958333 0.716667 0.383958
13 0.420312 0.459259 0.0385417 0.0814815 0.387461
0 0.266146 0.34537 0.021875 0.0796296 0.391433
0 0.266146 0.344444 0.021875 0.0777778 0.399622
0 0.601562 0.37963 0.0572917 0.140741 0.402738
0 0.194271 0.337963 0.059375 0.153704 0.427097
0 0.194271 0.337037 0.059375 0.155556 0.439864
13 0.420312 0.460185 0.040625 0.0796296 0.448096
0 0.603125 0.380556 0.05 0.142593 0.450072
13 0.420312 0.460185 0.040625 0.0796296 0.45146
0 0.654167 0.363889 0.01875 0.101852 0.451928
0 0.194792 0.336111 0.0645833 0.157407 0.467402
0 0.194792 0.335185 0.0645833 0.159259 0.475264
13 0.420312 0.459259 0.040625 0.0814815 0.475743
13 0.420312 0.459259 0.040625 0.0814815 0.480666
13 0.367188 0.553704 0.101042 0.111111 0.48496
0 0.445833 0.367593 0.025 0.135185 0.492353
0 0.564583 0.373148 0.03125 0.153704 0.496228
0 0.654688 0.367593 0.021875 0.0944444 0.499981
0 0.195833 0.336111 0.0604167 0.161111 0.502221
0 0.603125 0.381481 0.0520833 0.140741 0.503954
0 0.196354 0.336111 0.0614583 0.157407 0.510681
0 0.445833 0.371296 0.0270833 0.131481 0.512364
0 0.564583 0.374074 0.03125 0.151852 0.517378
0 0.195312 0.334259 0.0635417 0.161111 0.51902
0 0.481771 0.368519 0.0197917 0.118519 0.531293
0 0.655729 0.363889 0.0197917 0.0907407 0.532627
0 0.655729 0.367593 0.021875 0.0981481 0.533734
0 0.608854 0.383333 0.0302083 0.133333 0.53766
0 0.330208 0.416667 0.0625 0.3 0.537781
13 0.366667 0.553704 0.0958333 0.111111 0.543575
0 0.654688 0.368519 0.021875 0.0962963 0.548321
0 0.65625 0.366667 0.0208333 0.1 0.54885
0 0.329688 0.416667 0.0635417 0.3 0.550239
0 0.329688 0.416667 0.0635417 0.3 0.550286
0 0.655208 0.368519 0.0208333 0.0962963 0.552044
13 0.366667 0.553704 0.0958333 0.111111 0.553957
0 0.655729 0.364815 0.0197917 0.0925926 0.562087
13 0.366667 0.553704 0.0958333 0.111111 0.565871
0 0.445833 0.372222 0.0270833 0.137037 0.569814
0 0.655729 0.364815 0.0197917 0.0925926 0.57019
0 0.481771 0.368519 0.0197917 0.122222 0.571455
0 0.481771 0.369444 0.0197917 0.124074 0.575266
0 0.329688 0.412037 0.065625 0.298148 0.576667
0 0.609375 0.381481 0.0333333 0.133333 0.5984
0 0.445833 0.37037 0.0270833 0.12963 0.602824
13 0.365104 0.552778 0.101042 0.112963 0.604189
13 0.366667 0.55463 0.1 0.109259 0.605899
13 0.365104 0.553704 0.101042 0.111111 0.609913
0 0.445833 0.365741 0.0270833 0.116667 0.613524
13 0.364583 0.552778 0.1 0.112963 0.624181
0 0.330208 0.412963 0.0645833 0.303704 0.625659
13 0.364583 0.552778 0.1 0.112963 0.631225
0 0.445833 0.371296 0.0270833 0.138889 0.640159
0 0.48125 0.37037 0.0208333 0.12963 0.643996
13 0.365104 0.555556 0.0989583 0.111111 0.645385
0 0.446354 0.366667 0.0260417 0.118519 0.650268
0 0.446354 0.37037 0.0260417 0.12963 0.653911
0 0.445833 0.365741 0.025 0.116667 0.654593
13 0.365104 0.552778 0.101042 0.112963 0.656182
0 0.48125 0.369444 0.01875 0.127778 0.657459
13 0.365104 0.553704 0.0989583 0.111111 0.6585
13 0.365104 0.553704 0.0989583 0.111111 0.660342
0 0.608854 0.384259 0.0302083 0.135185 0.660695
0 0.608854 0.384259 0.0302083 0.135185 0.661796
0 0.609896 0.382407 0.0322917 0.135185 0.662608
0 0.480729 0.371296 0.0197917 0.127778 0.662759
0 0.952604 0.622222 0.0947917 0.707407 0.688775
0 0.481771 0.369444 0.0197917 0.127778 0.689649
0 0.481771 0.369444 0.0197917 0.127778 0.691143
0 0.446354 0.372222 0.0260417 0.137037 0.696651
0 0.952604 0.621296 0.0947917 0.701852 0.699605
0 0.445833 0.366667 0.025 0.137037 0.710833
0 0.445833 0.367593 0.025 0.135185 0.720007
0 0.195833 0.335185 0.0604167 0.159259 0.723541
0 0.330208 0.413889 0.0625 0.298148 0.737753
0 0.609375 0.382407 0.0333333 0.135185 0.738897
0 0.195833 0.335185 0.0604167 0.159259 0.742252
0 0.609896 0.383333 0.0322917 0.137037 0.742619
0 0.609896 0.382407 0.0322917 0.135185 0.746028
0 0.609896 0.383333 0.0322917 0.137037 0.746164
0 0.194792 0.334259 0.0604167 0.153704 0.751385
0 0.609375 0.383333 0.03125 0.137037 0.755244
0 0.330208 0.411111 0.0604167 0.303704 0.75547
0 0.330208 0.413889 0.0625 0.298148 0.758105
0 0.565104 0.375 0.0302083 0.15 0.758283
0 0.194792 0.334259 0.0604167 0.153704 0.760609
0 0.195312 0.335185 0.059375 0.159259 0.761056
0 0.565104 0.375 0.0302083 0.15 0.762857
0 0.564062 0.375 0.0302083 0.153704 0.76452
0 0.564062 0.375 0.0302083 0.153704 0.764892
0 0.194271 0.336111 0.0614583 0.157407 0.765072
0 0.609896 0.382407 0.0322917 0.135185 0.767382
0 0.194792 0.335185 0.0604167 0.155556 0.770683
0 0.609896 0.383333 0.0322917 0.137037 0.776122
0 0.952083 0.625926 0.0958333 0.72963 0.7764
0 0.564583 0.374074 0.0291667 0.151852 0.783603
0 0.195312 0.333333 0.0614583 0.159259 0.784818
0 0.195833 0.334259 0.0604167 0.157407 0.785874
0 0.565104 0.373148 0.0302083 0.15 0.786583
0 0.330208 0.413889 0.0625 0.298148 0.789082
0 0.609896 0.383333 0.0322917 0.137037 0.791696
0 0.564062 0.375 0.0302083 0.153704 0.791805
0 0.194792 0.336111 0.0604167 0.157407 0.793588
0 0.330208 0.409259 0.0625 0.3 0.794635
0 0.194792 0.336111 0.0625 0.157407 0.794781
0 0.565104 0.375 0.0302083 0.15 0.796077
0 0.195312 0.335185 0.0614583 0.159259 0.798157
0 0.194792 0.336111 0.0604167 0.157407 0.798827
0 0.952604 0.621296 0.0947917 0.705556 0.802248
0 0.564062 0.374074 0.0302083 0.151852 0.807269
0 0.194792 0.336111 0.0604167 0.157407 0.812508
0 0.609375 0.382407 0.03125 0.135185 0.813503
0 0.564062 0.373148 0.0302083 0.15 0.814367
0 0.609375 0.382407 0.03125 0.135185 0.818126
0 0.330729 0.412963 0.0614583 0.296296 0.823211
0 0.329688 0.413889 0.0635417 0.301852 0.824549
0 0.330729 0.412963 0.0614583 0.296296 0.831264
0 0.330729 0.413889 0.0614583 0.294444 0.840902
0 0.329688 0.412963 0.0635417 0.3 0.850913
0 0.952083 0.631481 0.0958333 0.711111 0.889694
0 0.952604 0.621296 0.0947917 0.712963 0.909405
0 0.952604 0.622222 0.0947917 0.711111 0.914145
0 0.952083 0.625 0.0958333 0.709259 0.918723
0 0.952083 0.625 0.0958333 0.705556 0.920653
