0 0.655729 0.427778 0.0260417 0.111111 0.252356
13 0.448958 0.637963 0.129167 0.105556 0.253285
36 0.970312 0.801852 0.0572917 0.0518519 0.256829
13 0.453125 0.639815 0.116667 0.101852 0.262028
0 0.655729 0.427778 0.0260417 0.114815 0.262053
13 0.285417 0.471296 0.0833333 0.0796296 0.265116
13 0.453646 0.638889 0.115625 0.103704 0.26736
0 0.655208 0.427778 0.025 0.114815 0.270562
0 0.970833 0.582407 0.0583333 0.472222 0.277334
0 0.45 0.428704 0.0291667 0.138889 0.284677
13 0.284896 0.471296 0.084375 0.0796296 0.284882
36 0.971354 0.801852 0.0572917 0.0518519 0.287705
0 0.655208 0.427778 0.025 0.111111 0.288437
0 0.45 0.428704 0.0291667 0.138889 0.289337
0 0.402604 0.411111 0.0177083 0.0925926 0.290319
0 0.402604 0.412037 0.0177083 0.0907407 0.296771
36 0.971354 0.801852 0.0572917 0.0518519 0.302263
13 0.45 0.639815 0.122917 0.101852 0.317461
13 0.365625 0.578704 0.164583 0.0944444 0.320143
13 0.380729 0.591667 0.192708 0.116667 0.322961
13 0.286979 0.471296 0.090625 0.0759259 0.325077
0 0.655208 0.427778 0.025 0.114815 0.329243
13 0.440104 0.633333 0.144792 0.111111 0.356551
13 0.288021 0.473148 0.0927083 0.0796296 0.357857
0 0.366667 0.419444 0.0166667 0.0981481 0.360491
13 0.288542 0.473148 0.0895833 0.0833333 0.362989
0 0.970833 0.583333 0.0583333 0.477778 0.369504
0 0.96875 0.592593 0.0625 0.474074 0.369709
0 0.970312 0.584259 0.059375 0.472222 0.370367
13 0.288542 0.472222 0.0875 0.0777778 0.374042
13 0.288542 0.472222 0.0875 0.0777778 0.390261
0 0.367188 0.419444 0.0177083 0.101852 0.41107
0 0.394792 0.415741 0.03125 0.109259 0.414822
0 0.390625 0.416667 0.0229167 0.103704 0.417726
0 0.655729 0.428704 0.0239583 0.109259 0.430352
0 0.655208 0.428704 0.0229167 0.116667 0.431498
0 0.366667 0.419444 0.0166667 0.101852 0.431653
0 0.401042 0.412037 0.01875 0.0944444 0.442201
0 0.655208 0.427778 0.0229167 0.114815 0.443151
0 0.390625 0.416667 0.0229167 0.107407 0.451504
0 0.390104 0.416667 0.021875 0.107407 0.454756
0 0.655208 0.427778 0.0229167 0.114815 0.460565
0 0.394271 0.415741 0.0302083 0.109259 0.471162
0 0.969792 0.59537 0.0604167 0.472222 0.471475
0 0.366146 0.414815 0.0177083 0.103704 0.482723
0 0.394271 0.414815 0.0302083 0.107407 0.489791
0 0.394271 0.414815 0.0302083 0.107407 0.490146
0 0.401042 0.412963 0.01875 0.0962963 0.490678
0 0.366146 0.418519 0.0177083 0.1 0.491716
0 0.400521 0.412963 0.0197917 0.0962963 0.496595
0 0.654688 0.428704 0.021875 0.112963 0.500089
0 0.393229 0.414815 0.0322917 0.107407 0.501837
0 0.654688 0.428704 0.021875 0.112963 0.508967
0 0.394792 0.416667 0.03125 0.107407 0.513868
0 0.395833 0.414815 0.0270833 0.107407 0.515383
0 0.454167 0.438889 0.0375 0.159259 0.518164
0 0.654688 0.428704 0.021875 0.112963 0.518667
0 0.968229 0.592593 0.0635417 0.47037 0.522755
0 0.366146 0.414815 0.0177083 0.103704 0.524774
0 0.366146 0.414815 0.0177083 0.103704 0.526017
0 0.969792 0.59537 0.0604167 0.475926 0.527747
0 0.453646 0.438889 0.0364583 0.159259 0.529268
0 0.366146 0.419444 0.0177083 0.101852 0.534893
0 0.366146 0.419444 0.0177083 0.101852 0.539467
0 0.394271 0.414815 0.0302083 0.107407 0.542539
0 0.394792 0.416667 0.03125 0.107407 0.544502
0 0.969792 0.594444 0.0604167 0.477778 0.550949
0 0.655208 0.427778 0.0229167 0.114815 0.563432
0 0.968229 0.590741 0.0635417 0.47037 0.564496
0 0.394271 0.414815 0.0302083 0.107407 0.571003
0 0.655208 0.428704 0.0229167 0.112963 0.582712
0 0.394792 0.416667 0.03125 0.111111 0.58891
0 0.394792 0.415741 0.03125 0.109259 0.599363
0 0.452604 0.440741 0.0322917 0.159259 0.622867
0 0.39375 0.413889 0.0333333 0.109259 0.630278
0 0.969271 0.594444 0.0614583 0.466667 0.631821
0 0.366667 0.414815 0.01875 0.111111 0.637805
0 0.366146 0.415741 0.0177083 0.109259 0.644456
0 0.453125 0.440741 0.03125 0.159259 0.64555
0 0.969792 0.591667 0.0604167 0.468519 0.647785
0 0.39375 0.413889 0.0333333 0.109259 0.660597
0 0.969271 0.590741 0.0614583 0.477778 0.669251
0 0.39375 0.413889 0.0333333 0.109259 0.673818
0 0.454167 0.439815 0.0354167 0.157407 0.711174
0 0.454167 0.439815 0.0354167 0.161111 0.711572
0 0.454167 0.439815 0.0354167 0.157407 0.717708
0 0.969792 0.592593 0.0604167 0.477778 0.725304
0 0.969271 0.592593 0.0614583 0.477778 0.737721
0 0.453646 0.438889 0.0364583 0.162963 0.743326
0 0.453646 0.439815 0.0364583 0.161111 0.748137
0 0.453646 0.438889 0.0364583 0.162963 0.763436
0 0.969271 0.589815 0.0614583 0.483333 0.765106
0 0.454167 0.439815 0.0354167 0.157407 0.767786
0 0.453646 0.439815 0.0364583 0.161111 0.771571
0 0.454167 0.438889 0.0354167 0.159259 0.773669
0 0.453646 0.438889 0.0364583 0.162963 0.776587
0 0.969271 0.590741 0.0614583 0.481481 0.786878
0 0.453646 0.439815 0.0364583 0.161111 0.793598
0 0.96875 0.591667 0.0625 0.468519 0.81919
0 0.969271 0.591667 0.0614583 0.468519 0.844224
