0 0.50625 0.362963 0.0291667 0.111111 0.251314
0 0.501042 0.368519 0.03125 0.111111 0.253054
24 0.738542 0.351852 0.0354167 0.107407 0.253104
0 0.721354 0.390741 0.0677083 0.307407 0.255756
0 0.367188 0.35 0.0239583 0.111111 0.256646
0 0.109896 0.530556 0.176042 0.557407 0.265128
0 0.395833 0.337037 0.0125 0.062963 0.265309
0 0.5125 0.360185 0.03125 0.109259 0.265764
0 0.394271 0.339815 0.015625 0.0685185 0.271923
0 0.535937 0.337037 0.0239583 0.0703704 0.274805
0 0.448438 0.364815 0.028125 0.151852 0.280509
0 0.395833 0.337037 0.0125 0.062963 0.285611
0 0.394271 0.339815 0.015625 0.0685185 0.286998
0 0.186458 0.433333 0.05 0.307407 0.288881
0 0.448438 0.363889 0.0302083 0.15 0.289038
0 0.500521 0.369444 0.0322917 0.112963 0.289499
0 0.501042 0.369444 0.03125 0.112963 0.289527
0 0.726042 0.37963 0.0583333 0.222222 0.300122
0 0.370833 0.35 0.0208333 0.0962963 0.301027
0 0.514583 0.362963 0.0229167 0.0888889 0.301479
0 0.497396 0.371296 0.0302083 0.127778 0.302982
0 0.514583 0.363889 0.0229167 0.0907407 0.304071
0 0.370833 0.35 0.0208333 0.0962963 0.307826
24 0.738021 0.35463 0.034375 0.101852 0.308257
0 0.540104 0.334259 0.015625 0.0611111 0.317138
0 0.370833 0.35 0.0208333 0.0925926 0.327283
24 0.738021 0.35463 0.034375 0.101852 0.335414
0 0.616146 0.360185 0.028125 0.127778 0.339157
0 0.495313 0.368519 0.028125 0.137037 0.34319
0 0.616146 0.360185 0.028125 0.127778 0.346555
24 0.738021 0.353704 0.034375 0.0962963 0.351846
0 0.688542 0.385185 0.0354167 0.255556 0.352289
0 0.725 0.382407 0.0583333 0.242593 0.353111
24 0.738021 0.35463 0.0364583 0.0944444 0.359142
0 0.515104 0.360185 0.0239583 0.101852 0.364454
0 0.688542 0.393519 0.0354167 0.261111 0.369678
0 0.540104 0.334259 0.015625 0.0685185 0.370976
0 0.1875 0.419444 0.0479167 0.257407 0.372769
0 0.189583 0.426852 0.05 0.27963 0.388969
0 0.497917 0.372222 0.0291667 0.125926 0.389792
24 0.738021 0.35463 0.0364583 0.0944444 0.391486
0 0.189583 0.428704 0.05 0.275926 0.391503
0 0.495833 0.369444 0.0270833 0.138889 0.393157
0 0.189583 0.427778 0.05 0.277778 0.394456
0 0.539583 0.334259 0.0166667 0.0648148 0.400216
0 0.515104 0.361111 0.0239583 0.103704 0.400668
0 0.189063 0.424074 0.0489583 0.266667 0.406867
0 0.515104 0.361111 0.0239583 0.103704 0.407776
0 0.539062 0.335185 0.0177083 0.0703704 0.409006
0 0.394792 0.335185 0.0145833 0.0666667 0.411109
0 0.539062 0.335185 0.0177083 0.0703704 0.415482
0 0.722917 0.392593 0.0645833 0.285185 0.417578
0 0.186979 0.419444 0.0489583 0.257407 0.420545
0 0.367708 0.353704 0.0229167 0.103704 0.423431
0 0.394792 0.338889 0.0145833 0.0666667 0.425218
0 0.394792 0.339815 0.0145833 0.0685185 0.429497
0 0.495313 0.368519 0.0260417 0.137037 0.433165
0 0.447917 0.362037 0.0270833 0.135185 0.438502
0 0.367708 0.353704 0.0208333 0.103704 0.438823
0 0.539062 0.335185 0.0177083 0.0666667 0.453261
0 0.188021 0.42963 0.053125 0.281481 0.456299
0 0.367188 0.353704 0.021875 0.103704 0.460729
0 0.691146 0.393519 0.0364583 0.268519 0.462611
0 0.691146 0.393519 0.0364583 0.268519 0.4636
0 0.394792 0.338889 0.0145833 0.0666667 0.466661
0 0.394792 0.338889 0.0145833 0.0666667 0.466701
0 0.691667 0.386111 0.0375 0.268519 0.467586
0 0.495833 0.369444 0.0270833 0.138889 0.474998
0 0.540625 0.335185 0.0145833 0.0666667 0.47569
0 0.691146 0.394444 0.0364583 0.266667 0.480998
0 0.186979 0.421296 0.0489583 0.264815 0.481662
0 0.540104 0.334259 0.015625 0.0648148 0.485825
0 0.724479 0.399074 0.0614583 0.301852 0.490049
0 0.719271 0.396296 0.0739583 0.292593 0.491184
0 0.701042 0.392593 0.0458333 0.303704 0.493488
0 0.719271 0.39537 0.071875 0.294444 0.498753
0 0.188021 0.424074 0.0489583 0.259259 0.509803
0 0.447396 0.362037 0.028125 0.135185 0.524319
0 0.495313 0.363889 0.0239583 0.127778 0.527035
0 0.719271 0.394444 0.0697917 0.3 0.527558
0 0.368229 0.350926 0.021875 0.109259 0.537052
0 0.188021 0.428704 0.053125 0.283333 0.540717
0 0.188542 0.42963 0.0520833 0.277778 0.561283
0 0.495313 0.367593 0.0239583 0.135185 0.573638
0 0.106771 0.513889 0.171875 0.561111 0.575806
0 0.716667 0.394444 0.0729167 0.288889 0.579001
0 0.716667 0.394444 0.0729167 0.288889 0.60072
0 0.617708 0.362963 0.0291667 0.12963 0.604096
0 0.717708 0.39537 0.0708333 0.290741 0.608284
0 0.36875 0.35 0.0208333 0.1 0.613998
0 0.618229 0.362963 0.028125 0.12963 0.614266
0 0.108333 0.511111 0.172917 0.581481 0.616774
0 0.690104 0.394444 0.034375 0.274074 0.620366
0 0.617708 0.362963 0.0291667 0.125926 0.622239
0 0.691146 0.393519 0.0364583 0.264815 0.623131
0 0.495313 0.37037 0.0239583 0.125926 0.62583
0 0.495313 0.364815 0.0239583 0.12963 0.627794
0 0.617188 0.363889 0.028125 0.131481 0.629804
0 0.716667 0.394444 0.0729167 0.292593 0.63265
0 0.495313 0.364815 0.0239583 0.12963 0.633656
0 0.495313 0.369444 0.0239583 0.138889 0.634396
0 0.617708 0.362963 0.0291667 0.125926 0.637904
0 0.691146 0.392593 0.0364583 0.266667 0.638165
0 0.108333 0.512037 0.172917 0.572222 0.642373
0 0.719792 0.396296 0.06875 0.292593 0.64647
0 0.719792 0.39537 0.0645833 0.290741 0.648875
0 0.36875 0.350926 0.0208333 0.105556 0.651589
0 0.719792 0.39537 0.0645833 0.290741 0.65208
0 0.36875 0.35 0.0208333 0.103704 0.6521
0 0.495313 0.37037 0.0239583 0.125926 0.658202
0 0.448438 0.364815 0.0302083 0.144444 0.658546
0 0.495313 0.37037 0.0239583 0.125926 0.659327
0 0.188021 0.427778 0.0489583 0.277778 0.662393
0 0.691146 0.392593 0.0364583 0.266667 0.664334
0 0.188021 0.428704 0.0489583 0.27963 0.667258
0 0.719792 0.39537 0.0645833 0.290741 0.669098
0 0.448438 0.364815 0.0302083 0.144444 0.673509
0 0.1875 0.427778 0.05 0.277778 0.674376
0 0.618229 0.363889 0.028125 0.127778 0.691171
0 0.618229 0.363889 0.028125 0.127778 0.700532
0 0.618229 0.362963 0.028125 0.125926 0.704494
0 0.447917 0.364815 0.0291667 0.144444 0.710359
0 0.719792 0.39537 0.0666667 0.298148 0.71373
0 0.368229 0.350926 0.021875 0.105556 0.71662
0 0.617188 0.363889 0.028125 0.131481 0.726061
0 0.10625 0.512037 0.179167 0.568519 0.726452
0 0.617188 0.363889 0.028125 0.131481 0.727453
0 0.618229 0.363889 0.028125 0.127778 0.728019
0 0.447917 0.364815 0.0291667 0.144444 0.731969
0 0.618229 0.363889 0.028125 0.127778 0.739291
0 0.447917 0.362037 0.0291667 0.138889 0.739635
0 0.446875 0.361111 0.0270833 0.151852 0.742103
0 0.447917 0.362037 0.0291667 0.142593 0.742993
0 0.447917 0.364815 0.0291667 0.144444 0.747727
0 0.447396 0.361111 0.028125 0.148148 0.755206
0 0.447917 0.363889 0.0291667 0.142593 0.76002
0 0.618229 0.363889 0.028125 0.127778 0.767051
0 0.368229 0.352778 0.021875 0.105556 0.768237
0 0.368229 0.352778 0.021875 0.109259 0.776387
0 0.721875 0.398148 0.0666667 0.3 0.779165
0 0.617708 0.363889 0.0270833 0.127778 0.779325
0 0.618229 0.363889 0.028125 0.131481 0.782888
0 0.447917 0.363889 0.0291667 0.146296 0.785502
0 0.368229 0.352778 0.021875 0.109259 0.787344
0 0.447917 0.364815 0.0291667 0.144444 0.788965
0 0.108333 0.52037 0.177083 0.577778 0.79216
0 0.447917 0.364815 0.0291667 0.144444 0.793003
0 0.109896 0.515741 0.176042 0.568519 0.803709
0 0.447396 0.362963 0.028125 0.140741 0.805476
0 0.447396 0.362963 0.028125 0.140741 0.805619
0 0.367708 0.350926 0.0208333 0.105556 0.825149
0 0.108854 0.521296 0.178125 0.575926 0.829421
0 0.108854 0.522222 0.176042 0.577778 0.838661
0 0.108333 0.518519 0.177083 0.57037 0.879075
0 0.107813 0.517593 0.176042 0.572222 0.887871
0 0.108854 0.515741 0.176042 0.572222 0.893489
0 0.107813 0.517593 0.176042 0.572222 0.893513
0 0.107292 0.517593 0.175 0.572222 0.894605
0 0.107292 0.516667 0.175 0.57037 0.904625
0 0.107813 0.517593 0.176042 0.572222 0.907163
