0 0.464063 0.328704 0.028125 0.135185 0.254793
0 0.616667 0.341667 0.0291667 0.172222 0.254808
0 0.371875 0.306481 0.0145833 0.0611111 0.258392
0 0.483333 0.319444 0.0166667 0.087037 0.260727
0 0.0713542 0.451852 0.142708 0.577778 0.263114
0 0.484375 0.318519 0.0166667 0.0814815 0.272009
0 0.483333 0.319444 0.0166667 0.0833333 0.273227
0 0.645833 0.337963 0.0270833 0.127778 0.281617
0 0.500521 0.330556 0.0260417 0.116667 0.282803
0 0.208854 0.371296 0.0677083 0.301852 0.286322
0 0.499479 0.330556 0.0260417 0.116667 0.28975
0 0.646875 0.337037 0.025 0.122222 0.291738
0 0.644271 0.348148 0.0260417 0.137037 0.29904
0 0.298438 0.316667 0.0322917 0.0925926 0.312047
0 0.299479 0.315741 0.0302083 0.0944444 0.316672
0 0.5 0.337963 0.0458333 0.135185 0.321219
0 0.465104 0.326852 0.0302083 0.124074 0.336904
0 0.298438 0.315741 0.0322917 0.0944444 0.337594
0 0.298438 0.315741 0.0322917 0.0944444 0.347753
0 0.299479 0.315741 0.0302083 0.0981481 0.348452
0 0.299479 0.315741 0.0302083 0.0981481 0.350932
0 0.209375 0.371296 0.0666667 0.301852 0.359169
0 0.621354 0.341667 0.0302083 0.15 0.359466
0 0.500521 0.337963 0.0447917 0.138889 0.368572
0 0.464583 0.32963 0.0291667 0.133333 0.369861
0 0.620833 0.341667 0.0291667 0.15 0.372014
0 0.646354 0.336111 0.0260417 0.127778 0.381249
0 0.646875 0.337037 0.025 0.125926 0.382179
0 0.209896 0.362037 0.0677083 0.294444 0.394462
0 0.210938 0.367593 0.065625 0.283333 0.398792
0 0.629167 0.343519 0.0479167 0.15 0.399345
0 0.64375 0.343519 0.0270833 0.135185 0.41039
0 0.210417 0.361111 0.0666667 0.292593 0.432976
0 0.210417 0.360185 0.0666667 0.294444 0.43845
0 0.3 0.313889 0.03125 0.0944444 0.438986
0 0.628646 0.343519 0.046875 0.15 0.439633
0 0.299479 0.313889 0.0302083 0.0944444 0.448406
0 0.465104 0.326852 0.0302083 0.131481 0.461208
0 0.505208 0.337963 0.03125 0.131481 0.462503
0 0.465104 0.327778 0.0302083 0.133333 0.469228
0 0.504687 0.340741 0.0302083 0.133333 0.470935
0 0.3 0.313889 0.03125 0.0907407 0.473235
0 0.645833 0.337037 0.025 0.125926 0.475426
0 0.628125 0.343519 0.0458333 0.15 0.47982
0 0.210938 0.362037 0.0677083 0.287037 0.482082
0 0.298438 0.315741 0.0322917 0.0944444 0.489624
0 0.619792 0.341667 0.0291667 0.168519 0.509729
0 0.50625 0.338889 0.03125 0.140741 0.510084
0 0.335417 0.305556 0.01875 0.0740741 0.513663
0 0.644792 0.341667 0.0270833 0.135185 0.514066
0 0.334896 0.305556 0.0197917 0.0740741 0.514818
0 0.298438 0.315741 0.0322917 0.0944444 0.515135
0 0.210417 0.369444 0.0645833 0.275926 0.521834
0 0.50625 0.337963 0.03125 0.138889 0.523485
0 0.334896 0.305556 0.0197917 0.0740741 0.525585
0 0.619792 0.340741 0.0291667 0.166667 0.53022
0 0.619792 0.340741 0.0291667 0.166667 0.530355
0 0.298438 0.314815 0.0322917 0.0925926 0.535308
0 0.50625 0.338889 0.03125 0.137037 0.550459
0 0.335417 0.306481 0.0208333 0.0759259 0.575685
0 0.464583 0.330556 0.0291667 0.138889 0.579248
0 0.505729 0.339815 0.0302083 0.135185 0.579673
0 0.505729 0.339815 0.0302083 0.135185 0.586592
0 0.645833 0.343519 0.025 0.131481 0.587679
0 0.644792 0.341667 0.0270833 0.135185 0.588521
0 0.210417 0.362037 0.0666667 0.287037 0.589184
0 0.335417 0.306481 0.0208333 0.0759259 0.592906
0 0.334896 0.303704 0.021875 0.0777778 0.593355
0 0.333854 0.302778 0.0197917 0.0759259 0.595633
0 0.334375 0.303704 0.0208333 0.0777778 0.599032
0 0.335417 0.305556 0.0208333 0.0740741 0.603172
0 0.334375 0.303704 0.0208333 0.0777778 0.605843
0 0.464583 0.330556 0.0291667 0.138889 0.613698
0 0.334896 0.302778 0.021875 0.0796296 0.619007
0 0.50625 0.340741 0.03125 0.137037 0.619881
0 0.50625 0.340741 0.03125 0.137037 0.625203
0 0.504687 0.337963 0.0302083 0.135185 0.626491
0 0.464583 0.32963 0.0291667 0.144444 0.630374
0 0.464063 0.328704 0.028125 0.142593 0.63248
0 0.505208 0.337963 0.03125 0.135185 0.635473
0 0.464583 0.328704 0.0270833 0.142593 0.637335
0 0.464583 0.330556 0.0291667 0.138889 0.65909
0 0.50625 0.340741 0.03125 0.137037 0.664494
0 0.64375 0.342593 0.0270833 0.140741 0.665495
0 0.210417 0.365741 0.0666667 0.290741 0.667364
0 0.465104 0.32963 0.028125 0.144444 0.668554
0 0.298958 0.314815 0.0333333 0.0925926 0.673307
0 0.464583 0.32963 0.0291667 0.144444 0.673417
0 0.64375 0.343519 0.0270833 0.138889 0.67394
0 0.298958 0.313889 0.0333333 0.0944444 0.674388
0 0.298438 0.314815 0.0322917 0.0925926 0.674486
0 0.645833 0.343519 0.025 0.135185 0.678246
0 0.298958 0.314815 0.0333333 0.0925926 0.684712
0 0.645833 0.343519 0.025 0.135185 0.686045
0 0.298958 0.314815 0.0333333 0.0925926 0.68921
0 0.298438 0.314815 0.0322917 0.0925926 0.703354
0 0.298958 0.314815 0.03125 0.0925926 0.706343
0 0.299479 0.314815 0.0322917 0.0925926 0.70704
0 0.0697917 0.464815 0.139583 0.588889 0.709779
0 0.210417 0.367593 0.0645833 0.27963 0.709982
0 0.644792 0.342593 0.025 0.133333 0.712017
0 0.464583 0.32963 0.0291667 0.140741 0.717908
0 0.299479 0.314815 0.0322917 0.0925926 0.718278
0 0.464583 0.32963 0.0291667 0.137037 0.724949
0 0.0697917 0.466667 0.139583 0.588889 0.726372
0 0.209896 0.366667 0.0677083 0.292593 0.746254
0 0.0692708 0.466667 0.138542 0.588889 0.75259
0 0.0697917 0.465741 0.139583 0.594444 0.753877
0 0.619792 0.342593 0.0291667 0.17037 0.760393
0 0.619792 0.342593 0.0291667 0.17037 0.76331
0 0.209375 0.366667 0.06875 0.296296 0.780044
0 0.619792 0.342593 0.0291667 0.17037 0.788905
0 0.619792 0.339815 0.03125 0.172222 0.793907
0 0.619792 0.338889 0.03125 0.174074 0.798743
0 0.209896 0.363889 0.065625 0.290741 0.819757
0 0.209896 0.365741 0.0677083 0.294444 0.820707
0 0.210417 0.363889 0.0666667 0.290741 0.821055
0 0.209375 0.365741 0.0666667 0.294444 0.824453
0 0.0692708 0.463889 0.138542 0.583333 0.824721
0 0.620313 0.343519 0.0302083 0.168519 0.826591
0 0.209896 0.364815 0.0677083 0.292593 0.826957
0 0.0692708 0.463889 0.138542 0.583333 0.828045
0 0.210417 0.363889 0.0666667 0.290741 0.829611
0 0.620313 0.343519 0.0302083 0.172222 0.830763
0 0.209896 0.365741 0.0677083 0.294444 0.851035
0 0.210417 0.366667 0.0666667 0.292593 0.854091
0 0.0692708 0.462963 0.138542 0.585185 0.911014
0 0.0692708 0.461111 0.138542 0.585185 0.911999
0 0.0692708 0.460185 0.138542 0.594444 0.912005
0 0.0697917 0.461111 0.139583 0.585185 0.914412
0 0.0692708 0.460185 0.138542 0.594444 0.915548
0 0.0692708 0.461111 0.138542 0.585185 0.91917
