0 0.504167 0.35 0.03125 0.140741 0.251692
0 0.463021 0.350926 0.028125 0.157407 0.253093
13 0.08125 0.893519 0.1625 0.194444 0.258071
0 0.464063 0.334259 0.0322917 0.124074 0.271439
0 0.465104 0.337037 0.0302083 0.122222 0.273509
13 0.0828125 0.892593 0.165625 0.192593 0.279774
0 0.641146 0.359259 0.028125 0.12963 0.282542
0 0.464583 0.334259 0.03125 0.124074 0.283114
0 0.642708 0.35 0.025 0.125926 0.326189
0 0.463021 0.349074 0.028125 0.161111 0.328945
0 0.464063 0.334259 0.0322917 0.124074 0.331126
0 0.332292 0.312037 0.01875 0.0685185 0.336148
0 0.463021 0.349074 0.028125 0.161111 0.337481
0 0.507292 0.35 0.03125 0.137037 0.338613
0 0.332812 0.312037 0.0197917 0.0685185 0.339353
0 0.641667 0.357407 0.0270833 0.133333 0.345698
0 0.616667 0.351852 0.03125 0.159259 0.360528
0 0.332292 0.312037 0.01875 0.0685185 0.365394
0 0.642708 0.350926 0.025 0.131481 0.365753
13 0.0760417 0.888889 0.15 0.177778 0.368137
13 0.0765625 0.889815 0.151042 0.17963 0.372066
0 0.643229 0.35 0.0239583 0.12963 0.372882
0 0.616667 0.352778 0.03125 0.161111 0.375087
0 0.506771 0.350926 0.0322917 0.135185 0.377658
0 0.33125 0.315741 0.0208333 0.0648148 0.378856
0 0.303125 0.328704 0.03125 0.0981481 0.382386
0 0.640625 0.359259 0.0270833 0.133333 0.383082
0 0.641146 0.359259 0.028125 0.133333 0.392149
0 0.115625 0.443519 0.0854167 0.527778 0.394825
0 0.303646 0.326852 0.0322917 0.0944444 0.395968
0 0.33125 0.315741 0.0208333 0.0648148 0.396566
13 0.0765625 0.887037 0.153125 0.177778 0.405188
0 0.33125 0.314815 0.0208333 0.062963 0.408911
13 0.0765625 0.888889 0.151042 0.177778 0.413919
13 0.0765625 0.887963 0.153125 0.17963 0.417378
0 0.464583 0.337963 0.03125 0.138889 0.421255
0 0.303646 0.325926 0.0322917 0.0925926 0.422918
0 0.464583 0.337037 0.03125 0.140741 0.425638
0 0.463542 0.337963 0.0291667 0.138889 0.428284
0 0.507812 0.350926 0.0302083 0.146296 0.431385
13 0.0760417 0.889815 0.152083 0.183333 0.431889
0 0.463542 0.337037 0.0291667 0.140741 0.436255
13 0.0755208 0.889815 0.148958 0.175926 0.437135
0 0.508333 0.350926 0.0291667 0.135185 0.438917
0 0.507812 0.350926 0.0302083 0.142593 0.439658
0 0.21875 0.371296 0.05625 0.27963 0.44069
0 0.464063 0.346296 0.0302083 0.155556 0.442065
13 0.0760417 0.888889 0.15 0.174074 0.442214
13 0.0770833 0.889815 0.152083 0.17963 0.444243
0 0.464063 0.346296 0.0302083 0.155556 0.449365
0 0.508333 0.35 0.0291667 0.137037 0.467436
0 0.115104 0.444444 0.084375 0.525926 0.46908
13 0.0760417 0.888889 0.15 0.174074 0.471682
0 0.301562 0.32963 0.0322917 0.0888889 0.503577
0 0.639583 0.356481 0.0354167 0.138889 0.508836
0 0.639583 0.356481 0.0333333 0.138889 0.512453
0 0.641146 0.358333 0.0260417 0.146296 0.517976
0 0.641146 0.358333 0.0260417 0.146296 0.520496
0 0.464063 0.341667 0.0302083 0.138889 0.526987
0 0.301562 0.328704 0.034375 0.0907407 0.52977
0 0.332292 0.312963 0.0208333 0.0666667 0.534092
0 0.218229 0.371296 0.0552083 0.27963 0.540612
0 0.301562 0.328704 0.034375 0.0907407 0.544839
0 0.464063 0.342593 0.0302083 0.137037 0.548392
0 0.639063 0.356481 0.0322917 0.138889 0.549011
0 0.303646 0.326852 0.0322917 0.0907407 0.550548
0 0.464063 0.341667 0.0302083 0.138889 0.557752
0 0.505729 0.350926 0.034375 0.138889 0.561361
0 0.331771 0.313889 0.021875 0.0648148 0.562996
0 0.642187 0.357407 0.028125 0.133333 0.564645
0 0.331771 0.314815 0.021875 0.0666667 0.57006
0 0.330729 0.312963 0.0197917 0.0703704 0.573134
0 0.505729 0.350926 0.034375 0.138889 0.573353
0 0.303646 0.326852 0.0322917 0.087037 0.574228
0 0.303646 0.326852 0.0322917 0.087037 0.58474
0 0.302604 0.327778 0.0322917 0.0925926 0.58634
0 0.331771 0.313889 0.021875 0.0648148 0.590874
0 0.302604 0.328704 0.034375 0.0944444 0.596401
0 0.302604 0.328704 0.034375 0.0944444 0.603453
0 0.302604 0.327778 0.0322917 0.0925926 0.611698
0 0.302604 0.328704 0.034375 0.0944444 0.615508
0 0.218229 0.372222 0.0572917 0.277778 0.621131
0 0.218229 0.372222 0.0572917 0.277778 0.624653
0 0.218229 0.372222 0.0572917 0.277778 0.626523
0 0.302604 0.327778 0.0322917 0.0925926 0.632631
0 0.303125 0.328704 0.03125 0.0907407 0.632656
0 0.116146 0.444444 0.0885417 0.544444 0.648274
0 0.641667 0.357407 0.0291667 0.137037 0.649464
0 0.642708 0.355556 0.0270833 0.133333 0.656952
0 0.303125 0.328704 0.03125 0.0907407 0.658694
0 0.506771 0.350926 0.0322917 0.138889 0.668431
0 0.303125 0.328704 0.03125 0.0907407 0.67223
0 0.615104 0.352778 0.0302083 0.161111 0.681425
0 0.506771 0.350926 0.0322917 0.138889 0.68157
0 0.506771 0.350926 0.0322917 0.138889 0.683383
0 0.642708 0.355556 0.0270833 0.133333 0.693376
0 0.615625 0.352778 0.03125 0.161111 0.694241
0 0.615104 0.352778 0.0302083 0.161111 0.694888
0 0.641146 0.357407 0.028125 0.137037 0.698587
0 0.506771 0.351852 0.0322917 0.137037 0.700376
0 0.506771 0.351852 0.0322917 0.137037 0.701771
0 0.116146 0.44537 0.0885417 0.546296 0.704871
0 0.616146 0.35463 0.0302083 0.161111 0.705774
0 0.507292 0.35 0.03125 0.144444 0.709944
0 0.613542 0.353704 0.0291667 0.166667 0.710082
0 0.616146 0.355556 0.0302083 0.162963 0.714921
0 0.613542 0.353704 0.0291667 0.166667 0.716931
0 0.507292 0.35 0.03125 0.140741 0.717651
0 0.506771 0.351852 0.0322917 0.137037 0.720837
0 0.114583 0.448148 0.0854167 0.52963 0.722187
0 0.115104 0.45 0.0885417 0.52963 0.729208
0 0.642708 0.355556 0.0270833 0.133333 0.735793
0 0.115104 0.447222 0.0864583 0.535185 0.738523
0 0.217708 0.369444 0.05625 0.283333 0.739619
0 0.21875 0.369444 0.05625 0.27963 0.741513
0 0.616146 0.355556 0.0322917 0.162963 0.744358
0 0.615625 0.353704 0.0291667 0.162963 0.745939
0 0.114583 0.447222 0.0854167 0.527778 0.746089
0 0.219271 0.371296 0.0552083 0.27963 0.746637
0 0.616146 0.355556 0.0322917 0.166667 0.749767
0 0.217708 0.37037 0.05625 0.281481 0.756399
0 0.1125 0.451852 0.0875 0.533333 0.760012
0 0.642187 0.357407 0.028125 0.137037 0.760129
0 0.217708 0.37037 0.05625 0.281481 0.761692
0 0.642187 0.358333 0.028125 0.138889 0.763592
0 0.642187 0.357407 0.028125 0.137037 0.763937
0 0.218229 0.37037 0.0572917 0.281481 0.764192
0 0.218229 0.369444 0.0572917 0.27963 0.777081
0 0.217708 0.37037 0.05625 0.281481 0.782736
0 0.218229 0.369444 0.0572917 0.27963 0.784631
0 0.115104 0.449074 0.0885417 0.531482 0.788689
0 0.115104 0.447222 0.0864583 0.535185 0.80714
0 0.1125 0.450926 0.0875 0.531482 0.817198
