0 0.564583 0.372222 0.0291667 0.137037 0.276667
0 0.191667 0.337963 0.05625 0.157407 0.294249
0 0.191667 0.338889 0.0541667 0.155556 0.302268
0 0.196354 0.336111 0.0552083 0.164815 0.306178
0 0.596354 0.375926 0.0614583 0.144444 0.308948
0 0.196354 0.335185 0.0552083 0.162963 0.323232
0 0.965104 0.624074 0.0697917 0.666667 0.329075
0 0.597917 0.376852 0.05625 0.142593 0.338083
0 0.564583 0.375 0.0291667 0.135185 0.368136
0 0.964063 0.642593 0.071875 0.688889 0.395145
0 0.597396 0.376852 0.0572917 0.142593 0.398077
0 0.302083 0.425 0.0729167 0.324074 0.415547
0 0.608333 0.381481 0.0270833 0.140741 0.41973
0 0.608854 0.381481 0.028125 0.140741 0.431151
0 0.609375 0.37963 0.0291667 0.137037 0.455412
0 0.565625 0.374074 0.0291667 0.148148 0.493081
0 0.965625 0.644444 0.06875 0.688889 0.504667
0 0.565625 0.373148 0.0291667 0.146296 0.505061
0 0.609375 0.380556 0.0270833 0.135185 0.539834
0 0.302604 0.422222 0.0697917 0.325926 0.55449
0 0.194271 0.339815 0.0552083 0.15 0.577037
0 0.194271 0.340741 0.0552083 0.148148 0.598024
0 0.9625 0.614815 0.075 0.748148 0.610358
0 0.9625 0.613889 0.075 0.746296 0.613981
0 0.194792 0.337963 0.0541667 0.161111 0.667839
0 0.194271 0.337037 0.0552083 0.151852 0.678725
0 0.194792 0.337963 0.0541667 0.161111 0.680469
0 0.565104 0.371296 0.028125 0.142593 0.686425
0 0.19375 0.338889 0.05625 0.151852 0.688525
0 0.194271 0.337963 0.0552083 0.153704 0.691381
0 0.194792 0.337037 0.0541667 0.162963 0.691716
0 0.565104 0.372222 0.0302083 0.140741 0.692661
0 0.194271 0.337963 0.0552083 0.153704 0.699084
0 0.303646 0.426852 0.0697917 0.342593 0.700771
0 0.565625 0.372222 0.0291667 0.148148 0.701395
0 0.565104 0.373148 0.0302083 0.15 0.707419
0 0.565625 0.372222 0.0291667 0.148148 0.71228
0 0.565625 0.373148 0.0291667 0.15 0.719074
0 0.609375 0.37963 0.0291667 0.137037 0.721295
0 0.609375 0.37963 0.0291667 0.140741 0.728766
0 0.564583 0.374074 0.0291667 0.144444 0.729324
0 0.565625 0.373148 0.0291667 0.15 0.736438
0 0.194792 0.338889 0.05625 0.159259 0.736579
0 0.565625 0.372222 0.0291667 0.148148 0.736735
0 0.609375 0.380556 0.0291667 0.138889 0.740283
0 0.564583 0.375 0.0291667 0.142593 0.74301
0 0.305208 0.425926 0.0666667 0.337037 0.74504
0 0.608854 0.37963 0.028125 0.140741 0.748541
0 0.304688 0.425926 0.065625 0.333333 0.748607
0 0.609375 0.378704 0.0291667 0.138889 0.751419
0 0.608854 0.37963 0.028125 0.140741 0.753542
0 0.194271 0.337037 0.0552083 0.155556 0.753756
0 0.304688 0.425926 0.065625 0.333333 0.753884
0 0.609375 0.37963 0.0291667 0.140741 0.756631
0 0.303646 0.426852 0.0677083 0.342593 0.757194
0 0.194271 0.337037 0.0552083 0.159259 0.758211
0 0.609375 0.37963 0.0291667 0.137037 0.759175
0 0.963542 0.619444 0.0729167 0.735185 0.760006
0 0.194271 0.337963 0.0552083 0.157407 0.762895
0 0.194271 0.337037 0.0552083 0.159259 0.763318
0 0.194271 0.337963 0.0552083 0.157407 0.77008
0 0.303646 0.428704 0.0697917 0.342593 0.775928
0 0.194271 0.337963 0.0552083 0.157407 0.78216
0 0.963542 0.622222 0.0729167 0.72963 0.79544
0 0.303646 0.428704 0.0697917 0.346296 0.799855
0 0.965625 0.632407 0.06875 0.694444 0.80713
0 0.609375 0.380556 0.0270833 0.142593 0.807492
0 0.964063 0.618519 0.071875 0.72963 0.813457
0 0.609375 0.380556 0.0270833 0.142593 0.815286
0 0.303125 0.428704 0.06875 0.338889 0.841086
0 0.303646 0.42963 0.0677083 0.340741 0.845047
0 0.963021 0.628704 0.0739583 0.683333 0.848892
0 0.303125 0.428704 0.06875 0.342593 0.848941
0 0.964063 0.623148 0.071875 0.724074 0.849157
0 0.303125 0.428704 0.06875 0.338889 0.850059
0 0.304688 0.428704 0.0677083 0.338889 0.853009
0 0.304688 0.428704 0.0677083 0.338889 0.858204
0 0.304688 0.428704 0.0677083 0.338889 0.859655
0 0.303646 0.428704 0.0697917 0.342593 0.861868
