26 0.959896 0.457407 0.0739583 0.151852 0.25098
13 0.0583333 0.710185 0.114583 0.375926 0.252248
0 0.509896 0.391667 0.0489583 0.105556 0.252456
13 0.0583333 0.710185 0.114583 0.375926 0.252572
26 0.961458 0.45 0.0729167 0.155556 0.253377
0 0.336458 0.35 0.0145833 0.062963 0.254198
26 0.957812 0.427778 0.0614583 0.218519 0.259319
26 0.959375 0.428704 0.075 0.246296 0.260916
0 0.552604 0.351852 0.015625 0.0666667 0.262041
0 0.510417 0.391667 0.0479167 0.109259 0.262059
0 0.521354 0.388889 0.0239583 0.111111 0.262967
0 0.496875 0.391667 0.0291667 0.105556 0.26382
26 0.960417 0.456481 0.0729167 0.153704 0.263984
0 0.0213542 0.372222 0.021875 0.103704 0.264078
0 0.691667 0.377778 0.0270833 0.148148 0.26438
0 0.021875 0.372222 0.0208333 0.103704 0.265149
26 0.960417 0.457407 0.0729167 0.155556 0.266915
0 0.332812 0.350926 0.0177083 0.0648148 0.268936
26 0.958333 0.428704 0.0604167 0.224074 0.269325
0 0.519271 0.396296 0.0302083 0.1 0.27027
26 0.960938 0.45 0.071875 0.155556 0.270863
0 0.496875 0.391667 0.0291667 0.105556 0.273443
0 0.691667 0.378704 0.0270833 0.146296 0.27434
0 0.333333 0.35 0.0166667 0.062963 0.279659
0 0.496875 0.391667 0.0291667 0.105556 0.281231
0 0.0213542 0.372222 0.021875 0.1 0.286106
0 0.0479167 0.368519 0.025 0.107407 0.286491
0 0.521354 0.389815 0.0239583 0.109259 0.286672
26 0.9625 0.410185 0.0729167 0.246296 0.288643
0 0.497917 0.386111 0.0270833 0.112963 0.290013
0 0.523438 0.393519 0.028125 0.109259 0.293178
26 0.958333 0.426852 0.0604167 0.209259 0.294848
0 0.521354 0.388889 0.0239583 0.107407 0.295013
0 0.333333 0.35 0.0166667 0.062963 0.298368
0 0.523438 0.397222 0.028125 0.0981481 0.300361
0 0.331771 0.350926 0.015625 0.0648148 0.300531
0 0.521354 0.396296 0.0260417 0.1 0.300915
26 0.9625 0.411111 0.0729167 0.244444 0.30373
0 0.523438 0.396296 0.028125 0.0962963 0.303849
0 0.497917 0.386111 0.0270833 0.109259 0.305092
26 0.961979 0.410185 0.071875 0.246296 0.30563
0 0.497917 0.386111 0.0270833 0.109259 0.307087
0 0.613542 0.383333 0.0270833 0.12963 0.30815
0 0.501042 0.392593 0.0291667 0.107407 0.313711
0 0.613021 0.382407 0.0260417 0.131481 0.315216
0 0.611979 0.380556 0.0239583 0.138889 0.316561
0 0.613542 0.383333 0.0270833 0.133333 0.323006
0 0.930208 0.501852 0.110417 0.588889 0.327453
0 0.695312 0.375926 0.0302083 0.148148 0.330256
0 0.501042 0.392593 0.0291667 0.107407 0.33195
0 0.695833 0.376852 0.0291667 0.15 0.33231
0 0.520833 0.396296 0.0270833 0.1 0.335102
0 0.333333 0.349074 0.0166667 0.0611111 0.336716
0 0.498437 0.390741 0.0302083 0.111111 0.336811
0 0.0473958 0.368519 0.0260417 0.107407 0.340225
0 0.521354 0.396296 0.0260417 0.1 0.341243
0 0.504167 0.387963 0.025 0.112963 0.343011
0 0.501042 0.392593 0.0291667 0.107407 0.343115
26 0.961979 0.449074 0.071875 0.15 0.348207
26 0.961458 0.42037 0.075 0.237037 0.357165
0 0.503646 0.387963 0.0260417 0.112963 0.363024
0 0.504167 0.387963 0.025 0.112963 0.36682
26 0.961979 0.449074 0.071875 0.15 0.36914
26 0.959896 0.431481 0.071875 0.237037 0.369953
0 0.926042 0.498148 0.10625 0.574074 0.37
0 0.523958 0.393519 0.0270833 0.105556 0.379389
0 0.046875 0.367593 0.0270833 0.109259 0.379631
0 0.0479167 0.369444 0.025 0.105556 0.384401
0 0.926042 0.5 0.108333 0.588889 0.385308
0 0.498958 0.389815 0.0291667 0.112963 0.396077
0 0.552604 0.358333 0.0197917 0.0722222 0.396221
0 0.498437 0.389815 0.028125 0.109259 0.412467
0 0.552604 0.357407 0.0177083 0.0703704 0.427259
0 0.452083 0.385185 0.0291667 0.159259 0.429346
0 0.451562 0.386111 0.0302083 0.161111 0.429587
26 0.961458 0.419444 0.0729167 0.238889 0.431197
0 0.552083 0.356481 0.0166667 0.0722222 0.43203
0 0.553646 0.356481 0.0177083 0.0685185 0.44089
0 0.933854 0.509259 0.121875 0.622222 0.44531
26 0.960938 0.430556 0.071875 0.212963 0.464066
0 0.0473958 0.369444 0.0239583 0.105556 0.464615
0 0.451562 0.386111 0.0302083 0.157407 0.465337
26 0.961458 0.430556 0.0708333 0.212963 0.466064
0 0.933854 0.509259 0.121875 0.622222 0.471505
0 0.0473958 0.368519 0.0260417 0.107407 0.473693
26 0.960938 0.42963 0.071875 0.211111 0.475118
0 0.552083 0.357407 0.0166667 0.0703704 0.477553
0 0.410937 0.382407 0.0302083 0.168519 0.479934
0 0.410937 0.382407 0.0302083 0.168519 0.491513
0 0.554167 0.356481 0.0166667 0.0685185 0.500153
0 0.552604 0.355556 0.015625 0.0703704 0.512228
0 0.0473958 0.371296 0.0260417 0.101852 0.515782
0 0.0463542 0.369444 0.0239583 0.105556 0.51631
0 0.930208 0.501852 0.110417 0.592593 0.526092
0 0.613542 0.381481 0.0291667 0.137037 0.531231
0 0.613542 0.381481 0.0291667 0.137037 0.531681
0 0.693229 0.381481 0.0322917 0.148148 0.534427
0 0.0203125 0.369444 0.0177083 0.101852 0.540541
0 0.552604 0.355556 0.015625 0.0703704 0.541141
0 0.451042 0.390741 0.0270833 0.155556 0.546244
0 0.693229 0.381481 0.0322917 0.148148 0.547231
0 0.613542 0.380556 0.0291667 0.135185 0.548615
0 0.046875 0.371296 0.025 0.101852 0.54896
0 0.451042 0.390741 0.0270833 0.159259 0.549231
0 0.552604 0.355556 0.015625 0.0703704 0.55998
0 0.0473958 0.371296 0.0239583 0.101852 0.563194
0 0.0197917 0.37037 0.01875 0.1 0.578962
0 0.0203125 0.37037 0.0177083 0.103704 0.58832
0 0.0203125 0.37037 0.0177083 0.103704 0.591758
0 0.0197917 0.37037 0.01875 0.103704 0.606214
0 0.0197917 0.37037 0.01875 0.103704 0.610523
0 0.451042 0.387963 0.0291667 0.157407 0.618819
0 0.410937 0.383333 0.034375 0.166667 0.621644
0 0.046875 0.369444 0.0229167 0.109259 0.623849
0 0.046875 0.367593 0.025 0.109259 0.64006
0 0.0192708 0.37037 0.0197917 0.103704 0.644385
0 0.046875 0.368519 0.025 0.103704 0.646076
0 0.69375 0.381481 0.03125 0.144444 0.647931
0 0.410937 0.382407 0.034375 0.168519 0.654067
0 0.451042 0.387037 0.0291667 0.155556 0.656484
0 0.613542 0.381481 0.0270833 0.133333 0.656575
0 0.410937 0.382407 0.034375 0.164815 0.659449
0 0.451042 0.387963 0.0291667 0.153704 0.659631
0 0.046875 0.369444 0.0229167 0.112963 0.667508
0 0.451042 0.384259 0.0270833 0.153704 0.669636
0 0.046875 0.368519 0.025 0.107407 0.676166
0 0.451042 0.385185 0.0270833 0.155556 0.680922
0 0.613542 0.382407 0.0270833 0.131481 0.681592
0 0.613021 0.383333 0.028125 0.12963 0.681932
0 0.046875 0.368519 0.025 0.107407 0.686394
0 0.046875 0.37037 0.0229167 0.111111 0.688124
0 0.613542 0.382407 0.0270833 0.131481 0.688494
0 0.411458 0.381481 0.0354167 0.162963 0.689497
0 0.0192708 0.369444 0.0197917 0.101852 0.695977
0 0.930729 0.499074 0.111458 0.631481 0.705163
0 0.410937 0.382407 0.034375 0.164815 0.715736
0 0.693229 0.382407 0.0322917 0.146296 0.722592
0 0.613542 0.382407 0.0270833 0.131481 0.733781
0 0.451042 0.387963 0.0291667 0.157407 0.735433
0 0.693229 0.381481 0.0302083 0.144444 0.736131
0 0.613021 0.383333 0.028125 0.125926 0.748175
0 0.411458 0.381481 0.0354167 0.162963 0.750172
0 0.451042 0.389815 0.0291667 0.161111 0.755045
0 0.451042 0.389815 0.0291667 0.157407 0.759326
0 0.693229 0.381481 0.0302083 0.144444 0.761594
0 0.927083 0.509259 0.104167 0.596296 0.765464
0 0.613021 0.383333 0.028125 0.125926 0.766081
0 0.451042 0.387037 0.0291667 0.155556 0.766277
0 0.451042 0.387963 0.0291667 0.157407 0.773087
0 0.93125 0.500926 0.1125 0.612963 0.774673
0 0.692708 0.37963 0.03125 0.148148 0.777719
0 0.613542 0.382407 0.0270833 0.131481 0.780066
0 0.613542 0.382407 0.0270833 0.131481 0.780936
0 0.692708 0.378704 0.03125 0.15 0.782465
0 0.693229 0.381481 0.0322917 0.144444 0.786807
0 0.927604 0.510185 0.105208 0.583333 0.790721
0 0.613021 0.382407 0.0260417 0.131481 0.790969
0 0.451562 0.388889 0.028125 0.151852 0.791876
0 0.451562 0.388889 0.028125 0.155556 0.793708
0 0.411458 0.383333 0.0333333 0.166667 0.794545
0 0.613542 0.381481 0.0270833 0.133333 0.799624
0 0.693229 0.381481 0.0322917 0.148148 0.800867
0 0.693229 0.381481 0.0302083 0.144444 0.802419
0 0.411458 0.383333 0.0333333 0.166667 0.806877
0 0.613542 0.381481 0.0270833 0.133333 0.808653
0 0.411458 0.380556 0.0354167 0.164815 0.814885
0 0.69375 0.381481 0.03125 0.148148 0.815028
0 0.929688 0.508333 0.109375 0.605556 0.815325
0 0.411458 0.381481 0.0354167 0.166667 0.816424
0 0.411458 0.383333 0.0333333 0.166667 0.821935
0 0.693229 0.381481 0.0322917 0.148148 0.822649
0 0.929688 0.509259 0.109375 0.6 0.827982
0 0.93125 0.505556 0.1125 0.611111 0.847622
0 0.410937 0.37963 0.0322917 0.162963 0.849939
0 0.93125 0.505556 0.1125 0.611111 0.852659
0 0.410937 0.378704 0.0322917 0.164815 0.853827
