24 0.968229 0.472222 0.0635417 0.166667 0.252849
0 0.431771 0.327778 0.0135417 0.0481481 0.253327
1 0.983854 0.714815 0.0322917 0.111111 0.253406
0 0.585938 0.351852 0.0177083 0.122222 0.25544
24 0.965104 0.502778 0.0697917 0.25 0.256561
0 0.939583 0.597222 0.120833 0.705556 0.257422
0 0.278646 0.348148 0.015625 0.0962963 0.257663
26 0.841146 0.502778 0.0572917 0.201852 0.259018
0 0.297917 0.325 0.025 0.087037 0.259026
1 0.984375 0.714815 0.03125 0.111111 0.262711
0 0.297396 0.324074 0.0260417 0.0962963 0.263218
0 0.936979 0.590741 0.126042 0.748148 0.263791
0 0.897396 0.45 0.0739583 0.448148 0.264255
1 0.984375 0.717593 0.03125 0.105556 0.26483
0 0.171875 0.330556 0.0208333 0.0833333 0.265193
26 0.841146 0.502778 0.0572917 0.198148 0.265974
26 0.841146 0.502778 0.0572917 0.198148 0.270131
0 0.156771 0.340741 0.0177083 0.103704 0.270603
0 0.156771 0.340741 0.0177083 0.103704 0.271774
24 0.96875 0.473148 0.0625 0.164815 0.272876
0 0.297917 0.324074 0.0270833 0.0962963 0.27337
0 0.64375 0.351852 0.025 0.111111 0.274269
1 0.983854 0.716667 0.0302083 0.107407 0.275462
1 0.984375 0.716667 0.0291667 0.107407 0.27647
0 0.297917 0.324074 0.0270833 0.0962963 0.277166
0 0.156771 0.340741 0.0177083 0.103704 0.280437
0 0.897396 0.437963 0.0739583 0.427778 0.285367
0 0.403646 0.324074 0.015625 0.0518519 0.286058
0 0.897396 0.437963 0.0739583 0.435185 0.287458
0 0.597917 0.37037 0.0333333 0.148148 0.288179
0 0.897396 0.438889 0.0739583 0.437037 0.290028
0 0.508854 0.359259 0.028125 0.148148 0.290333
0 0.596875 0.371296 0.0333333 0.146296 0.292994
24 0.96875 0.472222 0.0625 0.166667 0.293764
24 0.966667 0.478704 0.0666667 0.194444 0.295222
0 0.403646 0.324074 0.015625 0.0518519 0.30014
0 0.16875 0.340741 0.0229167 0.103704 0.302616
0 0.166146 0.347222 0.0239583 0.109259 0.302847
0 0.295833 0.32963 0.03125 0.0925926 0.303618
0 0.296354 0.326852 0.028125 0.087037 0.30523
0 0.296875 0.327778 0.0270833 0.0925926 0.306641
0 0.594792 0.365741 0.0375 0.146296 0.311646
0 0.595833 0.365741 0.0354167 0.146296 0.31254
0 0.645312 0.351852 0.021875 0.0962963 0.314064
26 0.840625 0.527778 0.0541667 0.140741 0.316795
0 0.897396 0.449074 0.0760417 0.446296 0.321856
26 0.840625 0.527778 0.05625 0.140741 0.323211
0 0.521875 0.359259 0.0479167 0.137037 0.324051
0 0.508333 0.359259 0.0291667 0.140741 0.325455
26 0.840625 0.526852 0.05625 0.142593 0.328852
0 0.296875 0.327778 0.0270833 0.0962963 0.331423
0 0.594792 0.365741 0.0375 0.146296 0.335337
0 0.508333 0.358333 0.0270833 0.146296 0.336021
0 0.896875 0.461111 0.0729167 0.42963 0.336172
0 0.296875 0.328704 0.0270833 0.0944444 0.336621
0 0.509375 0.358333 0.025 0.135185 0.336737
0 0.511458 0.357407 0.025 0.133333 0.34093
0 0.896354 0.462037 0.071875 0.442593 0.341359
0 0.297917 0.330556 0.0270833 0.0944444 0.344211
0 0.586979 0.358333 0.0260417 0.131481 0.344369
0 0.644792 0.350926 0.0208333 0.0981481 0.344452
26 0.840104 0.512037 0.059375 0.187037 0.345154
0 0.896354 0.462037 0.071875 0.438889 0.345197
0 0.507812 0.361111 0.0239583 0.137037 0.345772
0 0.644792 0.351852 0.0208333 0.0962963 0.358889
0 0.507812 0.361111 0.0239583 0.137037 0.359409
1 0.983854 0.715741 0.0322917 0.112963 0.365059
1 0.983854 0.715741 0.0322917 0.112963 0.369877
0 0.895312 0.443519 0.0760417 0.438889 0.37004
0 0.895312 0.443519 0.0760417 0.442593 0.371205
1 0.983854 0.715741 0.0322917 0.112963 0.379161
0 0.592188 0.363889 0.0364583 0.131481 0.379602
1 0.983333 0.712037 0.0333333 0.12037 0.380407
1 0.984375 0.715741 0.03125 0.112963 0.381574
1 0.984375 0.715741 0.03125 0.112963 0.382657
0 0.523958 0.359259 0.0458333 0.137037 0.389823
1 0.984375 0.713889 0.03125 0.12037 0.391917
1 0.983333 0.711111 0.0333333 0.114815 0.402907
1 0.984375 0.715741 0.03125 0.112963 0.405621
1 0.984375 0.713889 0.03125 0.116667 0.405871
0 0.596875 0.371296 0.0333333 0.146296 0.409054
1 0.984375 0.713889 0.03125 0.116667 0.410385
0 0.523958 0.357407 0.0458333 0.137037 0.41449
0 0.508333 0.359259 0.0270833 0.140741 0.414728
0 0.596875 0.371296 0.0333333 0.146296 0.416383
1 0.983854 0.712037 0.0322917 0.116667 0.417462
0 0.508333 0.358333 0.0270833 0.146296 0.421983
0 0.596875 0.371296 0.0333333 0.146296 0.441415
0 0.533854 0.357407 0.028125 0.133333 0.455177
0 0.896875 0.441667 0.0729167 0.435185 0.455772
0 0.0411458 0.382407 0.0385417 0.175926 0.456925
0 0.896875 0.45463 0.0729167 0.431481 0.462374
0 0.897396 0.455556 0.071875 0.437037 0.469753
0 0.511458 0.357407 0.025 0.137037 0.471021
0 0.896354 0.444444 0.071875 0.448148 0.471921
0 0.936979 0.6 0.121875 0.707407 0.472053
0 0.511458 0.357407 0.025 0.137037 0.472347
0 0.533333 0.358333 0.025 0.135185 0.480325
0 0.896875 0.444444 0.0729167 0.448148 0.488376
0 0.897396 0.456481 0.071875 0.435185 0.496105
0 0.378646 0.359259 0.0322917 0.166667 0.503355
0 0.16875 0.344444 0.0229167 0.107407 0.503566
0 0.586979 0.357407 0.0260417 0.137037 0.504089
0 0.0411458 0.382407 0.0385417 0.175926 0.505144
0 0.586979 0.357407 0.0260417 0.137037 0.507189
0 0.931771 0.60463 0.115625 0.709259 0.50768
0 0.379167 0.359259 0.03125 0.166667 0.512039
0 0.644792 0.348148 0.0208333 0.0925926 0.514292
0 0.0421875 0.382407 0.0385417 0.17963 0.514425
0 0.593229 0.364815 0.0385417 0.148148 0.52157
0 0.0421875 0.382407 0.0385417 0.17963 0.531476
0 0.168229 0.342593 0.0239583 0.114815 0.537452
0 0.9375 0.600926 0.120833 0.701852 0.540622
0 0.793229 0.60463 0.123958 0.683333 0.548653
0 0.168229 0.341667 0.0239583 0.112963 0.552275
0 0.59375 0.365741 0.0375 0.15 0.554436
0 0.16875 0.342593 0.0229167 0.111111 0.556045
0 0.169271 0.34537 0.021875 0.109259 0.561073
0 0.592188 0.364815 0.0364583 0.140741 0.562951
0 0.592188 0.364815 0.0364583 0.140741 0.566347
0 0.644792 0.347222 0.0208333 0.0944444 0.570827
0 0.896875 0.447222 0.075 0.438889 0.57674
0 0.508854 0.360185 0.0260417 0.138889 0.579174
0 0.59375 0.365741 0.0375 0.15 0.585949
0 0.170312 0.344444 0.021875 0.107407 0.586181
0 0.532812 0.359259 0.028125 0.137037 0.586375
0 0.644792 0.347222 0.0208333 0.0944444 0.588039
0 0.644271 0.35 0.021875 0.0962963 0.588869
0 0.170312 0.343519 0.021875 0.109259 0.59301
0 0.170312 0.344444 0.021875 0.107407 0.59943
0 0.0411458 0.381481 0.0385417 0.177778 0.616887
0 0.509896 0.358333 0.0260417 0.146296 0.620162
0 0.509896 0.359259 0.0260417 0.144444 0.621218
0 0.533333 0.359259 0.0291667 0.137037 0.624723
0 0.793229 0.599074 0.115625 0.72037 0.62537
0 0.896875 0.447222 0.075 0.438889 0.626894
0 0.59375 0.368519 0.0375 0.148148 0.63341
0 0.644271 0.35 0.021875 0.0962963 0.636606
0 0.379167 0.361111 0.03125 0.166667 0.644315
0 0.644271 0.35 0.021875 0.0962963 0.644434
0 0.0390625 0.384259 0.0385417 0.17963 0.649963
0 0.532812 0.359259 0.028125 0.137037 0.651028
0 0.64375 0.350926 0.0208333 0.105556 0.651105
0 0.939583 0.613889 0.120833 0.712963 0.65451
0 0.59375 0.368519 0.0375 0.148148 0.660444
0 0.793229 0.605556 0.119792 0.677778 0.661655
0 0.378646 0.362037 0.0322917 0.161111 0.664012
0 0.378646 0.362037 0.0322917 0.161111 0.664996
0 0.64375 0.351852 0.0229167 0.111111 0.667023
0 0.379167 0.361111 0.03125 0.166667 0.667198
0 0.0390625 0.384259 0.0385417 0.183333 0.6725
0 0.59375 0.364815 0.0354167 0.148148 0.673472
0 0.532812 0.359259 0.028125 0.137037 0.674122
0 0.59375 0.365741 0.0354167 0.146296 0.679485
0 0.532812 0.358333 0.028125 0.138889 0.681903
0 0.379167 0.361111 0.03125 0.162963 0.684168
0 0.59375 0.367593 0.0375 0.15 0.687508
0 0.644792 0.351852 0.0208333 0.107407 0.689366
0 0.379167 0.361111 0.03125 0.162963 0.695549
0 0.379167 0.360185 0.03125 0.168519 0.695706
0 0.0411458 0.382407 0.0385417 0.17963 0.697281
0 0.533333 0.357407 0.0270833 0.137037 0.702137
0 0.379167 0.361111 0.03125 0.166667 0.703522
0 0.533854 0.358333 0.0260417 0.138889 0.705682
0 0.0416667 0.380556 0.0395833 0.183333 0.711323
0 0.938021 0.598148 0.123958 0.692593 0.711659
0 0.939583 0.612963 0.120833 0.707407 0.712039
0 0.939062 0.608333 0.121875 0.712963 0.713156
0 0.0411458 0.380556 0.040625 0.183333 0.720537
0 0.379167 0.361111 0.03125 0.166667 0.721327
0 0.379167 0.361111 0.03125 0.166667 0.724467
0 0.040625 0.382407 0.0395833 0.17963 0.728334
0 0.793229 0.60463 0.119792 0.67963 0.733724
0 0.379167 0.360185 0.03125 0.164815 0.734253
0 0.0411458 0.383333 0.0385417 0.181481 0.737697
0 0.040625 0.383333 0.0395833 0.181481 0.753267
0 0.379687 0.359259 0.0302083 0.162963 0.757092
0 0.379687 0.358333 0.0302083 0.164815 0.757171
0 0.533333 0.359259 0.0270833 0.137037 0.762222
0 0.0411458 0.382407 0.0385417 0.17963 0.768277
0 0.938542 0.608333 0.120833 0.709259 0.771476
0 0.533333 0.359259 0.025 0.144444 0.776875
0 0.0411458 0.383333 0.0385417 0.181481 0.777663
0 0.533333 0.359259 0.025 0.140741 0.78426
0 0.793229 0.607407 0.119792 0.692593 0.798121
0 0.793229 0.606481 0.119792 0.690741 0.836845
0 0.794271 0.607407 0.121875 0.681481 0.878878
0 0.79375 0.608333 0.120833 0.683333 0.88042
0 0.792188 0.601852 0.115625 0.714815 0.886441
