0 0.388542 0.286111 0.0125 0.0611111 0.250618
0 0.0276042 0.294444 0.0260417 0.0925926 0.254979
0 0.629167 0.305556 0.0208333 0.1 0.257704
0 0.628125 0.297222 0.0229167 0.0981481 0.260146
0 0.877604 0.528704 0.119792 0.668519 0.2607
0 0.230729 0.292593 0.034375 0.122222 0.261133
0 0.351042 0.287037 0.01875 0.0555556 0.261617
0 0.0973958 0.328704 0.021875 0.124074 0.263045
0 0.280208 0.296296 0.0208333 0.0740741 0.26391
0 0.350521 0.287037 0.0177083 0.0555556 0.26464
0 0.628125 0.297222 0.0229167 0.0981481 0.266696
0 0.231771 0.291667 0.034375 0.124074 0.268004
0 0.388542 0.286111 0.0125 0.0611111 0.269113
0 0.490104 0.315741 0.0260417 0.135185 0.26931
0 0.313021 0.293519 0.0239583 0.0722222 0.270643
0 0.629167 0.305556 0.0208333 0.1 0.271395
0 0.280729 0.296296 0.021875 0.0703704 0.273548
0 0.231771 0.292593 0.034375 0.122222 0.273562
26 0.915625 0.492593 0.0375 0.12963 0.274794
0 0.313021 0.293519 0.0239583 0.0722222 0.275968
0 0.602604 0.319444 0.0302083 0.12037 0.283266
0 0.313021 0.293519 0.0239583 0.0722222 0.287142
0 0.602083 0.318519 0.03125 0.133333 0.288047
0 0.350521 0.287037 0.0177083 0.0555556 0.289819
0 0.455729 0.315741 0.028125 0.131481 0.290831
0 0.602083 0.318519 0.03125 0.133333 0.295717
0 0.353125 0.286111 0.01875 0.0574074 0.296605
0 0.0994792 0.349074 0.0302083 0.190741 0.299152
0 0.0244792 0.297222 0.0239583 0.087037 0.299426
0 0.278646 0.297222 0.0197917 0.0685185 0.299606
0 0.278646 0.297222 0.0197917 0.0685185 0.299837
0 0.873958 0.538889 0.11875 0.681481 0.306628
0 0.353125 0.287037 0.01875 0.0555556 0.308873
0 0.490104 0.316667 0.0260417 0.133333 0.315305
0 0.602083 0.318519 0.03125 0.133333 0.315778
0 0.628125 0.296296 0.025 0.1 0.318762
0 0.278646 0.297222 0.0197917 0.0685185 0.319988
0 0.490104 0.315741 0.0260417 0.135185 0.320491
0 0.353125 0.287037 0.01875 0.0555556 0.323179
0 0.278646 0.298148 0.0197917 0.0740741 0.334567
0 0.603125 0.325926 0.0291667 0.12963 0.336271
0 0.278646 0.298148 0.0197917 0.0740741 0.336875
0 0.129167 0.34537 0.05 0.209259 0.33731
0 0.0994792 0.349074 0.0302083 0.187037 0.340378
0 0.232812 0.286111 0.034375 0.127778 0.342283
0 0.229687 0.286111 0.034375 0.127778 0.34333
0 0.278646 0.297222 0.0197917 0.0722222 0.34997
0 0.232812 0.287037 0.034375 0.125926 0.352107
0 0.602604 0.318519 0.0302083 0.12963 0.352997
0 0.453646 0.318519 0.028125 0.151852 0.357717
0 0.602604 0.318519 0.0302083 0.12963 0.358389
0 0.557813 0.305556 0.028125 0.133333 0.358406
0 0.0989583 0.35 0.025 0.185185 0.362768
0 0.232812 0.287037 0.034375 0.125926 0.363981
0 0.454167 0.317593 0.0291667 0.15 0.365557
0 0.229687 0.286111 0.034375 0.127778 0.366719
0 0.103125 0.350926 0.0354167 0.194444 0.368205
0 0.103125 0.350926 0.0354167 0.194444 0.369353
0 0.984375 0.543519 0.03125 0.453704 0.370083
0 0.606771 0.32037 0.0364583 0.12963 0.370085
0 0.0989583 0.35 0.025 0.181481 0.37195
0 0.607292 0.32037 0.0375 0.12963 0.372965
0 0.130208 0.343519 0.0458333 0.212963 0.373442
0 0.130729 0.350926 0.0489583 0.205556 0.376793
0 0.230729 0.285185 0.034375 0.122222 0.379947
0 0.314063 0.292593 0.0239583 0.0740741 0.382134
0 0.229687 0.286111 0.034375 0.127778 0.383353
0 0.130208 0.342593 0.0458333 0.211111 0.385057
0 0.230729 0.285185 0.034375 0.122222 0.3856
0 0.124479 0.346296 0.0552083 0.207407 0.387231
0 0.983854 0.544444 0.0322917 0.466667 0.391697
0 0.0984375 0.35 0.028125 0.185185 0.392419
0 0.230729 0.286111 0.034375 0.12037 0.393612
0 0.314583 0.292593 0.0229167 0.0740741 0.396478
0 0.60625 0.32037 0.0375 0.12963 0.397057
0 0.314063 0.293519 0.0239583 0.0722222 0.397704
0 0.124479 0.351852 0.0427083 0.192593 0.402899
0 0.130729 0.347222 0.0510417 0.201852 0.406067
0 0.314063 0.293519 0.0239583 0.0722222 0.406331
0 0.059375 0.325926 0.0270833 0.12963 0.409279
0 0.314063 0.293519 0.0239583 0.0722222 0.417247
0 0.0588542 0.325 0.0260417 0.127778 0.421208
0 0.490104 0.314815 0.0239583 0.12963 0.422555
0 0.125 0.350926 0.0416667 0.190741 0.425503
0 0.490104 0.316667 0.0260417 0.133333 0.427693
0 0.428125 0.331481 0.0416667 0.192593 0.429798
0 0.45625 0.317593 0.0291667 0.138889 0.432444
0 0.455729 0.316667 0.028125 0.144444 0.436033
0 0.126563 0.346296 0.053125 0.207407 0.439636
0 0.0588542 0.325926 0.0260417 0.12963 0.44501
0 0.0583333 0.325926 0.025 0.12963 0.44649
0 0.428125 0.330556 0.0416667 0.194444 0.448476
0 0.558333 0.309259 0.03125 0.133333 0.448567
0 0.490625 0.316667 0.025 0.137037 0.452516
0 0.131771 0.351852 0.046875 0.192593 0.454014
0 0.059375 0.325926 0.0270833 0.133333 0.45489
0 0.059375 0.325926 0.0270833 0.12963 0.458444
0 0.873438 0.521296 0.119792 0.638889 0.459003
0 0.131771 0.351852 0.046875 0.192593 0.460502
0 0.45625 0.318519 0.0291667 0.137037 0.462463
0 0.13125 0.351852 0.0479167 0.192593 0.466194
0 0.059375 0.327778 0.0270833 0.12963 0.47308
0 0.428125 0.330556 0.0416667 0.194444 0.473109
0 0.127083 0.346296 0.0520833 0.207407 0.473851
0 0.557813 0.307407 0.0260417 0.137037 0.474255
0 0.457292 0.318519 0.0291667 0.137037 0.474398
0 0.278646 0.298148 0.0197917 0.0740741 0.475171
0 0.059375 0.326852 0.0270833 0.131481 0.476832
0 0.557813 0.307407 0.0260417 0.133333 0.485296
0 0.455729 0.317593 0.028125 0.142593 0.491029
0 0.984896 0.544444 0.0302083 0.474074 0.499946
0 0.130208 0.349074 0.0458333 0.190741 0.509394
0 0.490625 0.314815 0.025 0.12963 0.519513
0 0.984375 0.547222 0.03125 0.468519 0.520705
0 0.427604 0.327778 0.0364583 0.192593 0.520822
0 0.983854 0.544444 0.0322917 0.474074 0.523497
0 0.130208 0.349074 0.0458333 0.190741 0.523961
0 0.455729 0.316667 0.028125 0.144444 0.530067
0 0.427604 0.328704 0.0364583 0.190741 0.535937
0 0.603125 0.326852 0.0291667 0.135185 0.53675
0 0.455729 0.316667 0.028125 0.144444 0.536831
0 0.872917 0.519444 0.120833 0.631481 0.537716
0 0.603646 0.325 0.0302083 0.135185 0.538739
0 0.603646 0.325926 0.028125 0.133333 0.540861
0 0.602604 0.326852 0.028125 0.135185 0.540989
0 0.984375 0.547222 0.03125 0.475926 0.542395
0 0.872396 0.536111 0.117708 0.687037 0.542513
0 0.059375 0.326852 0.0270833 0.131481 0.544228
0 0.455729 0.317593 0.028125 0.142593 0.546899
0 0.0598958 0.324074 0.0239583 0.125926 0.552329
0 0.628125 0.296296 0.0229167 0.0962963 0.555004
0 0.603646 0.325926 0.0302083 0.133333 0.558918
0 0.059375 0.326852 0.0270833 0.131481 0.56342
0 0.603646 0.325 0.0302083 0.131481 0.57657
0 0.603125 0.324074 0.0291667 0.12963 0.588548
0 0.491146 0.315741 0.0239583 0.135185 0.613073
0 0.0598958 0.325 0.0239583 0.127778 0.613114
0 0.0588542 0.326852 0.0260417 0.127778 0.616556
0 0.130208 0.346296 0.0479167 0.203704 0.619147
0 0.491146 0.314815 0.0239583 0.137037 0.619556
0 0.0598958 0.324074 0.0239583 0.125926 0.623514
0 0.557813 0.309259 0.0302083 0.140741 0.623567
0 0.0598958 0.325 0.0260417 0.131481 0.624566
0 0.558333 0.308333 0.0270833 0.135185 0.629917
0 0.557813 0.310185 0.0302083 0.138889 0.631123
0 0.628646 0.296296 0.021875 0.0962963 0.637451
0 0.490625 0.315741 0.0229167 0.131481 0.640011
0 0.628125 0.297222 0.0229167 0.0907407 0.643901
0 0.129688 0.347222 0.0489583 0.205556 0.651024
0 0.0598958 0.326852 0.0260417 0.131481 0.652393
0 0.491146 0.316667 0.021875 0.12963 0.653258
0 0.230729 0.287963 0.034375 0.124074 0.658881
0 0.628646 0.29537 0.021875 0.0981481 0.659918
0 0.871875 0.537037 0.11875 0.685185 0.670626
0 0.23125 0.287963 0.0333333 0.124074 0.671145
0 0.871875 0.537963 0.11875 0.687037 0.672132
0 0.129688 0.346296 0.0489583 0.207407 0.673626
0 0.23125 0.287963 0.0333333 0.124074 0.674713
0 0.628646 0.29537 0.021875 0.0981481 0.676536
0 0.059375 0.325 0.0270833 0.131481 0.677586
0 0.873438 0.528704 0.117708 0.675926 0.68506
0 0.603646 0.325 0.028125 0.135185 0.685992
0 0.628646 0.297222 0.021875 0.0907407 0.68915
0 0.628646 0.297222 0.021875 0.0907407 0.690044
0 0.491146 0.315741 0.021875 0.131481 0.691498
0 0.0598958 0.325 0.0260417 0.131481 0.692449
0 0.603646 0.324074 0.028125 0.133333 0.698162
0 0.873958 0.52037 0.120833 0.659259 0.699594
0 0.491146 0.316667 0.021875 0.133333 0.699857
0 0.23125 0.287963 0.0333333 0.127778 0.707175
0 0.628125 0.296296 0.0229167 0.0962963 0.71029
0 0.558333 0.310185 0.0291667 0.142593 0.716778
0 0.603646 0.325 0.0302083 0.135185 0.719189
0 0.427604 0.330556 0.040625 0.194444 0.730154
0 0.557813 0.309259 0.028125 0.140741 0.735252
0 0.558854 0.309259 0.028125 0.140741 0.735599
0 0.231771 0.287963 0.034375 0.127778 0.739474
0 0.427604 0.331481 0.040625 0.196296 0.740098
0 0.603646 0.325 0.0302083 0.135185 0.744183
0 0.231771 0.287963 0.034375 0.127778 0.746207
0 0.873438 0.528704 0.117708 0.672222 0.747748
0 0.426562 0.328704 0.040625 0.190741 0.751133
0 0.604167 0.324074 0.03125 0.137037 0.754588
0 0.557813 0.309259 0.028125 0.140741 0.760156
0 0.490625 0.316667 0.0229167 0.12963 0.760205
0 0.490625 0.316667 0.0229167 0.12963 0.761269
0 0.603646 0.325926 0.028125 0.137037 0.761811
0 0.604167 0.325926 0.0291667 0.137037 0.762075
0 0.557813 0.309259 0.028125 0.140741 0.763007
0 0.23125 0.288889 0.0333333 0.125926 0.76396
0 0.427604 0.331481 0.040625 0.196296 0.764375
0 0.557813 0.309259 0.028125 0.140741 0.764758
0 0.426562 0.328704 0.040625 0.190741 0.765554
0 0.23125 0.288889 0.0333333 0.125926 0.765793
0 0.558854 0.308333 0.028125 0.142593 0.766958
0 0.490104 0.315741 0.0239583 0.135185 0.769097
0 0.490625 0.314815 0.0229167 0.133333 0.769458
0 0.23125 0.288889 0.0333333 0.125926 0.774456
0 0.231771 0.287963 0.034375 0.127778 0.774663
0 0.557813 0.309259 0.028125 0.140741 0.775259
0 0.231771 0.288889 0.034375 0.125926 0.775797
0 0.23125 0.287963 0.0333333 0.127778 0.782216
0 0.427083 0.32963 0.0416667 0.196296 0.787753
0 0.558333 0.308333 0.0270833 0.138889 0.79086
0 0.558854 0.309259 0.028125 0.140741 0.796255
0 0.427083 0.32963 0.0416667 0.196296 0.797115
0 0.558333 0.308333 0.0270833 0.138889 0.797516
0 0.427083 0.32963 0.0416667 0.196296 0.798125
0 0.873438 0.526852 0.121875 0.672222 0.809413
0 0.490625 0.316667 0.0229167 0.133333 0.819041
0 0.426562 0.332407 0.040625 0.194444 0.832931
0 0.426562 0.331481 0.040625 0.196296 0.843524
0 0.873438 0.534259 0.119792 0.683333 0.860835
0 0.873438 0.534259 0.119792 0.683333 0.877535
