0 0.598437 0.32037 0.0239583 0.122222 0.252957
24 0.764583 0.334259 0.0520833 0.124074 0.25677
0 0.528125 0.30463 0.0166667 0.0759259 0.258115
0 0.320833 0.29537 0.0145833 0.0685185 0.258614
0 0.528125 0.30463 0.0166667 0.0759259 0.258732
0 0.382812 0.301852 0.015625 0.0740741 0.259556
13 0.239063 0.783333 0.369792 0.407407 0.261784
0 0.320833 0.293519 0.0145833 0.0648148 0.262264
0 0.321354 0.296296 0.0135417 0.0592593 0.262294
13 0.2375 0.782407 0.36875 0.409259 0.265644
0 0.382812 0.301852 0.015625 0.0740741 0.266275
13 0.239583 0.783333 0.36875 0.407407 0.266598
0 0.598437 0.327778 0.028125 0.12963 0.269692
0 0.320833 0.291667 0.0145833 0.0685185 0.27256
0 0.382812 0.30463 0.0135417 0.0685185 0.274481
0 0.321354 0.296296 0.0135417 0.0592593 0.275146
0 0.479688 0.32963 0.0197917 0.1 0.277136
0 0.517708 0.318519 0.03125 0.103704 0.277714
0 0.494271 0.333333 0.034375 0.0888889 0.280446
0 0.320833 0.294444 0.0145833 0.0666667 0.281537
0 0.479688 0.32963 0.0197917 0.1 0.284411
0 0.459896 0.339815 0.0260417 0.138889 0.285801
0 0.600521 0.328704 0.0322917 0.131481 0.288925
24 0.765625 0.327778 0.0458333 0.12963 0.291531
24 0.765625 0.328704 0.0479167 0.12037 0.29188
0 0.528125 0.30463 0.0166667 0.0759259 0.296587
24 0.765625 0.328704 0.0479167 0.131481 0.297441
0 0.598437 0.321296 0.0239583 0.127778 0.304158
24 0.770312 0.326852 0.040625 0.116667 0.305518
24 0.770312 0.327778 0.040625 0.118519 0.305852
0 0.382812 0.301852 0.015625 0.0740741 0.306852
24 0.770312 0.326852 0.040625 0.116667 0.30954
0 0.598437 0.321296 0.0239583 0.127778 0.312953
0 0.447396 0.334259 0.0552083 0.153704 0.316663
0 0.382812 0.30463 0.0135417 0.0685185 0.321602
24 0.772396 0.337037 0.040625 0.103704 0.324936
0 0.528125 0.301852 0.0166667 0.0740741 0.339348
13 0.227083 0.77963 0.34375 0.403704 0.342127
0 0.597917 0.328704 0.0270833 0.127778 0.342477
24 0.772396 0.336111 0.040625 0.105556 0.344094
13 0.227083 0.77963 0.34375 0.407407 0.345025
13 0.226562 0.77963 0.344792 0.403704 0.346323
0 0.499479 0.333333 0.0239583 0.0888889 0.347942
24 0.772396 0.336111 0.040625 0.105556 0.348695
0 0.527604 0.3 0.015625 0.0740741 0.359518
0 0.459896 0.338889 0.0260417 0.137037 0.364584
0 0.5 0.333333 0.025 0.0888889 0.372059
0 0.617188 0.315741 0.0177083 0.105556 0.372799
0 0.483333 0.332407 0.0229167 0.0907407 0.37591
0 0.499479 0.333333 0.0239583 0.0888889 0.377711
0 0.598437 0.32963 0.028125 0.125926 0.381318
0 0.446875 0.334259 0.0583333 0.157407 0.38369
0 0.598958 0.326852 0.025 0.127778 0.385828
0 0.736979 0.380556 0.0739583 0.35 0.386008
0 0.479688 0.332407 0.0197917 0.0944444 0.395662
0 0.104167 0.326852 0.05 0.157407 0.399094
0 0.754167 0.383333 0.0729167 0.362963 0.401175
0 0.616667 0.317593 0.01875 0.112963 0.401693
0 0.104167 0.328704 0.05 0.157407 0.404328
0 0.616667 0.32037 0.01875 0.114815 0.40551
0 0.598958 0.326852 0.025 0.127778 0.412498
0 0.446875 0.336111 0.05625 0.153704 0.414051
0 0.598958 0.326852 0.025 0.127778 0.418007
0 0.713542 0.376852 0.0395833 0.32037 0.42437
13 0.228646 0.782407 0.338542 0.412963 0.424826
0 0.461458 0.337037 0.0291667 0.125926 0.425935
0 0.528125 0.301852 0.0145833 0.0740741 0.428712
0 0.617188 0.312037 0.0177083 0.0944444 0.430749
0 0.598437 0.32963 0.0239583 0.122222 0.431904
0 0.617188 0.314815 0.0177083 0.103704 0.436399
0 0.501042 0.333333 0.0229167 0.0888889 0.438754
0 0.617708 0.315741 0.01875 0.105556 0.439512
0 0.601562 0.32963 0.0302083 0.12963 0.441677
13 0.229167 0.782407 0.339583 0.412963 0.441957
13 0.229167 0.782407 0.339583 0.412963 0.445216
0 0.479688 0.333333 0.0197917 0.0962963 0.446337
0 0.479688 0.332407 0.0197917 0.0981481 0.450516
24 0.771354 0.333333 0.0427083 0.122222 0.453778
0 0.527604 0.300926 0.015625 0.0722222 0.456235
0 0.36875 0.313889 0.0229167 0.0981481 0.458549
0 0.598958 0.328704 0.0270833 0.127778 0.465902
0 0.753125 0.383333 0.0770833 0.362963 0.467753
0 0.616667 0.319444 0.01875 0.116667 0.469821
0 0.527604 0.299074 0.015625 0.0722222 0.470946
0 0.459375 0.338889 0.0270833 0.148148 0.474367
24 0.771354 0.332407 0.0427083 0.12037 0.477709
0 0.617188 0.319444 0.0197917 0.116667 0.47999
0 0.528125 0.3 0.0145833 0.0740741 0.48063
0 0.598437 0.330556 0.0239583 0.12037 0.484374
0 0.754167 0.384259 0.0708333 0.361111 0.486786
0 0.500521 0.333333 0.021875 0.0888889 0.488428
0 0.500521 0.334259 0.021875 0.0907407 0.492954
0 0.459375 0.338889 0.0270833 0.144444 0.494469
0 0.501042 0.333333 0.0229167 0.0888889 0.498345
24 0.771354 0.332407 0.0427083 0.12037 0.505287
0 0.528125 0.3 0.0145833 0.0740741 0.508803
0 0.461458 0.337037 0.0291667 0.133333 0.517084
0 0.598437 0.330556 0.0239583 0.12037 0.519129
0 0.461458 0.337037 0.0291667 0.133333 0.523601
0 0.597917 0.327778 0.025 0.125926 0.523907
24 0.770833 0.333333 0.0416667 0.107407 0.538466
24 0.770833 0.32963 0.04375 0.137037 0.53875
24 0.770833 0.32963 0.04375 0.12963 0.538911
0 0.716667 0.375926 0.0395833 0.322222 0.550741
24 0.770312 0.328704 0.0427083 0.131481 0.561531
24 0.770833 0.332407 0.04375 0.116667 0.563809
0 0.751042 0.380556 0.0770833 0.368519 0.567228
0 0.365625 0.316667 0.0208333 0.107407 0.569025
24 0.770312 0.332407 0.0427083 0.112963 0.570727
0 0.458854 0.337963 0.0260417 0.146296 0.571334
0 0.459375 0.337963 0.0270833 0.146296 0.575659
0 0.751042 0.381481 0.0770833 0.366667 0.57869
0 0.752604 0.383333 0.0802083 0.366667 0.582903
0 0.366667 0.318519 0.0208333 0.103704 0.592789
24 0.770312 0.331481 0.040625 0.12963 0.592987
0 0.751042 0.381481 0.0770833 0.366667 0.594251
0 0.728646 0.382407 0.0614583 0.353704 0.598333
0 0.751042 0.382407 0.075 0.357407 0.602778
0 0.414583 0.327778 0.0270833 0.148148 0.603576
0 0.366146 0.316667 0.0197917 0.103704 0.604946
0 0.713542 0.377778 0.0375 0.322222 0.605038
24 0.770312 0.330556 0.040625 0.127778 0.605538
0 0.101042 0.331481 0.0479167 0.166667 0.607995
0 0.366146 0.316667 0.0197917 0.103704 0.611001
0 0.414583 0.326852 0.0291667 0.146296 0.611417
0 0.597917 0.32963 0.025 0.125926 0.61978
0 0.366667 0.318519 0.0208333 0.103704 0.625731
0 0.103125 0.32963 0.0520833 0.166667 0.629869
0 0.103125 0.32963 0.0520833 0.162963 0.630908
0 0.729688 0.381481 0.065625 0.348148 0.632233
0 0.101562 0.331481 0.0489583 0.166667 0.632891
24 0.769792 0.331481 0.0416667 0.125926 0.63551
0 0.366667 0.318519 0.0208333 0.103704 0.640217
0 0.729688 0.381481 0.065625 0.351852 0.645059
0 0.752083 0.383333 0.0770833 0.359259 0.64594
0 0.714063 0.377778 0.0364583 0.318519 0.646654
0 0.459375 0.339815 0.0270833 0.146296 0.654443
0 0.102083 0.331481 0.0520833 0.166667 0.654841
0 0.103125 0.32963 0.0520833 0.162963 0.659877
0 0.714063 0.377778 0.0364583 0.318519 0.661934
0 0.459375 0.337963 0.025 0.146296 0.664481
0 0.459375 0.338889 0.0270833 0.144444 0.667944
0 0.459375 0.339815 0.0270833 0.146296 0.667948
0 0.366146 0.316667 0.0197917 0.103704 0.672054
0 0.102083 0.332407 0.0520833 0.164815 0.681342
0 0.366146 0.317593 0.0197917 0.105556 0.682595
0 0.103125 0.330556 0.0520833 0.164815 0.687469
0 0.715104 0.376852 0.040625 0.324074 0.689976
0 0.414583 0.330556 0.0291667 0.15 0.69402
0 0.103125 0.32963 0.0520833 0.162963 0.694237
0 0.102604 0.330556 0.053125 0.164815 0.707391
0 0.103125 0.330556 0.0520833 0.168519 0.712081
0 0.715104 0.375 0.040625 0.324074 0.716554
0 0.102083 0.331481 0.0520833 0.166667 0.726009
0 0.366146 0.316667 0.0197917 0.107407 0.729737
0 0.715104 0.375926 0.040625 0.322222 0.729801
0 0.366146 0.316667 0.0197917 0.107407 0.732685
0 0.415625 0.328704 0.0270833 0.15 0.734109
0 0.102604 0.330556 0.053125 0.164815 0.734733
0 0.415104 0.331481 0.028125 0.148148 0.735402
0 0.103125 0.330556 0.0520833 0.161111 0.737911
0 0.103125 0.331481 0.0520833 0.166667 0.740136
0 0.415625 0.327778 0.0270833 0.148148 0.740393
0 0.366667 0.318519 0.01875 0.103704 0.745852
0 0.414583 0.330556 0.0291667 0.15 0.749077
0 0.102604 0.331481 0.053125 0.166667 0.750979
0 0.459896 0.338889 0.0260417 0.148148 0.751389
0 0.415104 0.330556 0.028125 0.15 0.756425
0 0.415104 0.330556 0.028125 0.15 0.765873
0 0.459896 0.338889 0.0260417 0.144444 0.766053
0 0.415104 0.331481 0.028125 0.148148 0.79636
0 0.415104 0.32963 0.028125 0.151852 0.8329
0 0.414583 0.32963 0.0291667 0.148148 0.8435
