0 0.403646 0.376852 0.0260417 0.112963 0.252464
13 0.299479 0.441667 0.0677083 0.0944444 0.254791
0 0.103125 0.390741 0.0229167 0.0925926 0.255283
0 0.359896 0.358333 0.0177083 0.0759259 0.255579
13 0.418229 0.586111 0.176042 0.109259 0.255613
13 0.369271 0.458333 0.0885417 0.0648148 0.257541
0 0.553646 0.392593 0.028125 0.151852 0.259761
0 0.257292 0.382407 0.0208333 0.0981481 0.26001
0 0.554167 0.385185 0.0291667 0.133333 0.260604
13 0.418229 0.585185 0.176042 0.107407 0.26298
0 0.498958 0.368519 0.0166667 0.0777778 0.265306
13 0.464063 0.652778 0.269792 0.25 0.265937
0 0.257812 0.381481 0.0197917 0.1 0.267133
0 0.404167 0.372222 0.0270833 0.111111 0.26843
0 0.520312 0.410185 0.0322917 0.131481 0.271354
13 0.464063 0.651852 0.269792 0.248148 0.271719
0 0.265104 0.381481 0.0197917 0.103704 0.278284
0 0.0520833 0.431481 0.0541667 0.214815 0.279508
13 0.367708 0.44537 0.075 0.087037 0.280494
0 0.359375 0.358333 0.0166667 0.0759259 0.281607
0 0.5 0.385185 0.01875 0.0925926 0.281803
0 0.0583333 0.427778 0.0458333 0.207407 0.282933
0 0.779167 0.4 0.0270833 0.133333 0.28455
0 0.457812 0.387963 0.0260417 0.112963 0.284794
0 0.359375 0.357407 0.0166667 0.0740741 0.289812
0 0.520833 0.402778 0.0333333 0.15 0.291632
0 0.499479 0.385185 0.0177083 0.0925926 0.291769
0 0.457812 0.385185 0.0239583 0.111111 0.291939
0 0.257292 0.382407 0.01875 0.0981481 0.29244
0 0.284375 0.362963 0.01875 0.0666667 0.293838
13 0.374479 0.444444 0.0885417 0.0851852 0.295712
0 0.404167 0.375 0.025 0.109259 0.296517
13 0.373437 0.444444 0.0864583 0.0814815 0.297559
0 0.5 0.375 0.0166667 0.0833333 0.299528
0 0.961979 0.569444 0.0760417 0.487037 0.300477
13 0.367708 0.44537 0.0791667 0.087037 0.301608
0 0.284896 0.363889 0.0197917 0.0648148 0.30502
0 0.520833 0.403704 0.0333333 0.148148 0.306672
0 0.291667 0.363889 0.0166667 0.0685185 0.306785
13 0.463021 0.648148 0.265625 0.244444 0.309844
13 0.463021 0.648148 0.265625 0.244444 0.319366
0 0.51875 0.411111 0.0333333 0.137037 0.31997
13 0.465625 0.649074 0.275 0.246296 0.320618
13 0.420312 0.583333 0.171875 0.111111 0.321154
13 0.367708 0.452778 0.0875 0.0759259 0.322373
0 0.284896 0.363889 0.0197917 0.0648148 0.322836
13 0.419792 0.583333 0.175 0.111111 0.32519
0 0.520312 0.411111 0.0322917 0.148148 0.325805
0 0.103646 0.391667 0.021875 0.0944444 0.330105
0 0.291667 0.362963 0.01875 0.0666667 0.33271
0 0.520312 0.411111 0.0322917 0.148148 0.333597
0 0.250521 0.37963 0.015625 0.0814815 0.334685
13 0.367708 0.452778 0.0875 0.0759259 0.336211
0 0.499479 0.375 0.0177083 0.0833333 0.336703
0 0.284896 0.363889 0.0197917 0.0685185 0.337914
13 0.419792 0.583333 0.175 0.111111 0.338247
0 0.499479 0.375926 0.0177083 0.0851852 0.338995
13 0.41875 0.582407 0.16875 0.112963 0.33935
0 0.963542 0.57037 0.0729167 0.5 0.340657
0 0.0515625 0.431481 0.046875 0.222222 0.346851
13 0.369271 0.44537 0.0885417 0.087037 0.348346
0 0.103646 0.390741 0.021875 0.0962963 0.348347
0 0.103646 0.390741 0.021875 0.0962963 0.349178
0 0.963542 0.57037 0.0729167 0.496296 0.349316
0 0.251042 0.37963 0.0166667 0.0851852 0.349424
0 0.0520833 0.432407 0.0479167 0.216667 0.350027
0 0.520312 0.411111 0.0322917 0.148148 0.350374
0 0.284896 0.363889 0.0197917 0.0685185 0.351113
13 0.453646 0.614815 0.255208 0.177778 0.352053
0 0.292188 0.362963 0.0177083 0.0666667 0.35335
0 0.255729 0.37963 0.0197917 0.0925926 0.357292
13 0.367708 0.446296 0.0854167 0.0851852 0.360374
0 0.292188 0.364815 0.015625 0.0666667 0.363872
13 0.370313 0.446296 0.090625 0.0888889 0.363989
13 0.367188 0.446296 0.084375 0.0851852 0.36557
0 0.292188 0.363889 0.0177083 0.0648148 0.37062
0 0.284896 0.363889 0.0197917 0.0685185 0.371389
0 0.250521 0.380556 0.015625 0.0833333 0.384408
0 0.258333 0.380556 0.0270833 0.0981481 0.384919
0 0.292188 0.363889 0.015625 0.0648148 0.385893
0 0.457812 0.387037 0.0260417 0.114815 0.388013
0 0.263021 0.37963 0.0260417 0.103704 0.388125
0 0.286979 0.364815 0.0197917 0.0666667 0.396641
0 0.963021 0.55463 0.0739583 0.568519 0.404148
0 0.779688 0.4 0.028125 0.133333 0.404804
0 0.0447917 0.425926 0.0416667 0.207407 0.405359
0 0.498437 0.375 0.0177083 0.0833333 0.409958
0 0.779688 0.4 0.028125 0.133333 0.411161
0 0.963021 0.55463 0.0739583 0.553704 0.411687
0 0.457812 0.387963 0.0260417 0.112963 0.416592
0 0.499479 0.374074 0.0177083 0.0777778 0.418715
0 0.550521 0.391667 0.0364583 0.15 0.419337
0 0.0473958 0.431481 0.046875 0.211111 0.419655
0 0.405208 0.37037 0.025 0.107407 0.421971
0 0.258854 0.380556 0.028125 0.0981481 0.422907
0 0.258333 0.37963 0.0270833 0.1 0.423229
0 0.0473958 0.431481 0.046875 0.218519 0.427041
0 0.779167 0.4 0.0270833 0.133333 0.432842
0 0.554167 0.385185 0.0291667 0.144444 0.434424
0 0.779167 0.4 0.0270833 0.133333 0.437577
0 0.405208 0.37037 0.025 0.107407 0.441621
0 0.554688 0.385185 0.028125 0.144444 0.442314
0 0.779688 0.401852 0.028125 0.137037 0.446152
0 0.263021 0.377778 0.021875 0.103704 0.446685
0 0.5 0.373148 0.01875 0.0796296 0.447746
0 0.0453125 0.426852 0.0427083 0.209259 0.450371
0 0.403646 0.377778 0.0239583 0.111111 0.450741
0 0.779688 0.400926 0.028125 0.135185 0.453013
0 0.779688 0.400926 0.028125 0.131481 0.456784
0 0.551042 0.391667 0.0354167 0.15 0.456805
0 0.405208 0.37037 0.025 0.107407 0.457125
0 0.499479 0.373148 0.0177083 0.0796296 0.463268
0 0.779688 0.401852 0.028125 0.137037 0.467493
0 0.264062 0.380556 0.021875 0.105556 0.468082
0 0.264062 0.380556 0.021875 0.105556 0.473897
0 0.264062 0.380556 0.021875 0.105556 0.476698
0 0.779688 0.400926 0.028125 0.135185 0.479462
0 0.498437 0.374074 0.0177083 0.0888889 0.48321
0 0.0453125 0.426852 0.0427083 0.209259 0.486325
0 0.554167 0.387963 0.0291667 0.135185 0.486474
0 0.551042 0.391667 0.0354167 0.15 0.486568
0 0.403646 0.375 0.0197917 0.101852 0.491697
0 0.779688 0.401852 0.028125 0.137037 0.497503
0 0.154167 0.402778 0.0270833 0.135185 0.499937
0 0.404687 0.372222 0.0239583 0.107407 0.50036
0 0.154167 0.402778 0.0270833 0.127778 0.501135
0 0.780208 0.400926 0.0270833 0.135185 0.501713
0 0.154167 0.402778 0.0270833 0.131481 0.50503
0 0.404167 0.374074 0.01875 0.103704 0.511118
0 0.05 0.430556 0.0520833 0.212963 0.525709
0 0.457812 0.387963 0.0239583 0.112963 0.528721
0 0.9625 0.57963 0.075 0.466667 0.532474
0 0.403646 0.374074 0.0197917 0.103704 0.532814
0 0.05 0.430556 0.0520833 0.216667 0.533393
0 0.554167 0.386111 0.0291667 0.15 0.540428
0 0.519271 0.406481 0.034375 0.15 0.559953
0 0.554167 0.386111 0.0291667 0.15 0.565863
0 0.554167 0.385185 0.0291667 0.148148 0.56862
0 0.0489583 0.431481 0.05 0.211111 0.574334
0 0.0510417 0.428704 0.05 0.224074 0.584572
0 0.9625 0.578704 0.075 0.47963 0.590786
0 0.404687 0.375 0.021875 0.105556 0.592905
0 0.9625 0.578704 0.075 0.47963 0.59896
0 0.0505208 0.428704 0.0510417 0.224074 0.602795
0 0.458854 0.384259 0.0239583 0.109259 0.605095
0 0.519792 0.406481 0.0333333 0.15 0.62034
0 0.403125 0.373148 0.0208333 0.105556 0.626909
0 0.458854 0.384259 0.0239583 0.109259 0.627884
0 0.0489583 0.42963 0.0479167 0.211111 0.629265
0 0.458333 0.384259 0.0229167 0.109259 0.630335
0 0.0473958 0.427778 0.0447917 0.218519 0.631607
0 0.0473958 0.428704 0.0447917 0.22037 0.631672
0 0.0489583 0.431481 0.05 0.214815 0.634914
0 0.403125 0.374074 0.0208333 0.103704 0.644691
0 0.458333 0.385185 0.0229167 0.111111 0.645856
0 0.403125 0.373148 0.0208333 0.105556 0.649612
0 0.154167 0.401852 0.0270833 0.118519 0.659572
0 0.520312 0.406481 0.0322917 0.15 0.666643
0 0.153646 0.403704 0.028125 0.125926 0.677865
0 0.457292 0.386111 0.0229167 0.112963 0.688086
0 0.51875 0.411111 0.0333333 0.144444 0.689497
0 0.0489583 0.430556 0.0479167 0.212963 0.692418
0 0.458333 0.385185 0.0229167 0.107407 0.698188
0 0.457812 0.387037 0.0239583 0.111111 0.700197
0 0.519271 0.410185 0.034375 0.142593 0.700371
0 0.0489583 0.432407 0.05 0.212963 0.7026
0 0.456771 0.386111 0.0239583 0.112963 0.713991
0 0.153646 0.40463 0.028125 0.127778 0.714309
0 0.154687 0.403704 0.0260417 0.125926 0.716532
0 0.458333 0.384259 0.0229167 0.109259 0.71699
0 0.154167 0.402778 0.0270833 0.124074 0.717232
0 0.154167 0.402778 0.025 0.124074 0.717574
0 0.519792 0.410185 0.0333333 0.15 0.721473
0 0.456771 0.386111 0.0239583 0.112963 0.730754
0 0.519792 0.410185 0.0333333 0.15 0.731475
0 0.458333 0.384259 0.0229167 0.109259 0.734461
0 0.520312 0.409259 0.034375 0.148148 0.738239
0 0.0489583 0.430556 0.0479167 0.212963 0.740732
0 0.520312 0.408333 0.034375 0.146296 0.741926
0 0.153646 0.403704 0.028125 0.125926 0.743469
0 0.154687 0.402778 0.0260417 0.124074 0.751966
0 0.520312 0.408333 0.034375 0.15 0.755196
0 0.457812 0.387963 0.0239583 0.112963 0.759371
0 0.153646 0.403704 0.028125 0.125926 0.76092
0 0.154167 0.40463 0.0270833 0.127778 0.761627
0 0.554167 0.387963 0.0291667 0.15 0.777245
0 0.9625 0.562963 0.075 0.514815 0.78117
0 0.154687 0.40463 0.0260417 0.124074 0.781739
0 0.961979 0.568519 0.0760417 0.503704 0.784493
0 0.154167 0.402778 0.0270833 0.124074 0.784751
0 0.554167 0.387963 0.0291667 0.15 0.789364
0 0.961979 0.562963 0.0760417 0.514815 0.79145
0 0.961979 0.568519 0.0760417 0.503704 0.798373
0 0.961979 0.567593 0.0760417 0.501852 0.798719
0 0.961979 0.567593 0.0760417 0.505556 0.800437
0 0.554167 0.387963 0.0291667 0.15 0.801055
0 0.154687 0.402778 0.028125 0.124074 0.812312
0 0.154167 0.40463 0.0270833 0.127778 0.81404
0 0.554167 0.387963 0.0291667 0.138889 0.818744
0 0.554167 0.387963 0.0291667 0.138889 0.820377
0 0.154167 0.403704 0.0270833 0.122222 0.825485
0 0.960938 0.565741 0.0760417 0.509259 0.828935
0 0.961458 0.564815 0.075 0.507407 0.83277
0 0.553646 0.387037 0.028125 0.148148 0.833678
0 0.553646 0.387037 0.028125 0.144444 0.836172
