0 0.411979 0.444444 0.0177083 0.0814815 0.250069
0 0.803125 0.460185 0.01875 0.101852 0.250097
0 0.803125 0.460185 0.01875 0.101852 0.253384
0 0.602604 0.447222 0.0197917 0.0944444 0.254815
0 0.146354 0.436111 0.015625 0.0722222 0.259271
0 0.382812 0.435185 0.0135417 0.0703704 0.26445
0 0.729167 0.506481 0.05 0.246296 0.264617
0 0.803125 0.460185 0.01875 0.101852 0.264845
0 0.145833 0.433333 0.0166667 0.0777778 0.269246
0 0.411979 0.443519 0.015625 0.0796296 0.26947
0 0.382812 0.435185 0.0135417 0.0703704 0.270324
0 0.803646 0.458333 0.0197917 0.0981481 0.271431
0 0.146875 0.42963 0.01875 0.0814815 0.271718
0 0.803646 0.458333 0.0197917 0.0981481 0.272843
0 0.804688 0.461111 0.0197917 0.107407 0.274929
0 0.407813 0.443519 0.0177083 0.0759259 0.276702
0 0.146354 0.436111 0.015625 0.0722222 0.277606
28 0.640625 0.576852 0.0645833 0.0574074 0.279097
28 0.641146 0.576852 0.065625 0.0574074 0.280086
0 0.315625 0.499074 0.04375 0.201852 0.284621
0 0.146354 0.436111 0.015625 0.0722222 0.288036
0 0.408333 0.443519 0.01875 0.0759259 0.288456
0 0.804688 0.460185 0.0197917 0.101852 0.289892
0 0.267188 0.490741 0.0322917 0.166667 0.292161
28 0.641667 0.575926 0.0625 0.0592593 0.299411
0 0.410417 0.444444 0.0166667 0.0777778 0.299941
28 0.641667 0.575926 0.0625 0.0592593 0.300058
0 0.411458 0.444444 0.0166667 0.0814815 0.302793
0 0.5875 0.444444 0.0291667 0.0925926 0.307841
0 0.315625 0.499074 0.04375 0.201852 0.309094
0 0.267188 0.490741 0.0322917 0.166667 0.310373
0 0.382812 0.435185 0.0135417 0.0703704 0.316261
0 0.382812 0.435185 0.0135417 0.0703704 0.316985
28 0.640625 0.575 0.0625 0.0611111 0.322112
0 0.733333 0.506481 0.0520833 0.235185 0.32687
0 0.355729 0.436111 0.0135417 0.0611111 0.330143
0 0.804688 0.459259 0.0197917 0.1 0.333208
2 0.0447917 0.511111 0.0895833 0.318519 0.334054
0 0.545833 0.438889 0.0166667 0.0777778 0.335332
0 0.145313 0.433333 0.015625 0.0740741 0.342037
0 0.594271 0.44537 0.0322917 0.0944444 0.342614
28 0.641146 0.575926 0.0614583 0.062963 0.343212
0 0.267188 0.490741 0.0302083 0.166667 0.345058
0 0.355729 0.436111 0.0135417 0.0611111 0.350395
0 0.315625 0.49537 0.0416667 0.190741 0.356862
0 0.545833 0.438889 0.0145833 0.0777778 0.364582
0 0.146354 0.434259 0.015625 0.0759259 0.365384
0 0.145833 0.433333 0.0145833 0.0740741 0.369347
0 0.241667 0.492593 0.025 0.166667 0.372649
0 0.35625 0.437037 0.0145833 0.0592593 0.380268
0 0.732813 0.507407 0.053125 0.240741 0.38177
0 0.545833 0.438889 0.0145833 0.0740741 0.389723
0 0.241667 0.492593 0.025 0.166667 0.389935
0 0.35625 0.437037 0.0145833 0.0592593 0.395785
0 0.317708 0.49537 0.0395833 0.212963 0.402376
0 0.576042 0.444444 0.0166667 0.0814815 0.403464
0 0.315625 0.497222 0.0416667 0.190741 0.405594
0 0.317187 0.500926 0.0385417 0.209259 0.407184
0 0.292188 0.487963 0.028125 0.17963 0.407591
0 0.292708 0.480556 0.025 0.164815 0.409091
0 0.576563 0.443519 0.0177083 0.0833333 0.409634
0 0.284896 0.487963 0.0302083 0.168519 0.416034
0 0.292708 0.480556 0.025 0.164815 0.416099
0 0.317187 0.501852 0.0385417 0.211111 0.4211
0 0.317187 0.501852 0.0385417 0.211111 0.424232
0 0.284896 0.487037 0.0302083 0.17037 0.434384
0 0.242188 0.492593 0.028125 0.166667 0.435251
0 0.317708 0.49537 0.0395833 0.212963 0.441254
0 0.242708 0.492593 0.0291667 0.166667 0.444835
0 0.251042 0.491667 0.0458333 0.168519 0.445632
0 0.292188 0.487963 0.028125 0.175926 0.449084
0 0.732292 0.508333 0.0520833 0.242593 0.453142
0 0.544792 0.437037 0.0166667 0.0777778 0.454545
0 0.579167 0.444444 0.01875 0.0888889 0.454689
0 0.292188 0.488889 0.028125 0.177778 0.459596
0 0.576563 0.443519 0.0177083 0.0833333 0.4616
0 0.579167 0.444444 0.01875 0.0888889 0.475541
0 0.290625 0.488889 0.0291667 0.177778 0.476674
0 0.545313 0.437037 0.015625 0.0814815 0.47818
0 0.317708 0.494444 0.0395833 0.211111 0.479174
0 0.25 0.492593 0.0395833 0.166667 0.48318
0 0.579167 0.444444 0.01875 0.0888889 0.485152
0 0.545833 0.437037 0.0166667 0.0814815 0.487686
0 0.250521 0.491667 0.0447917 0.168519 0.489349
0 0.545833 0.437037 0.0166667 0.0814815 0.496165
0 0.545313 0.437963 0.0177083 0.0796296 0.501712
0 0.249479 0.492593 0.040625 0.166667 0.505732
0 0.73125 0.505556 0.05 0.248148 0.507832
0 0.269271 0.487963 0.0302083 0.172222 0.51254
0 0.545313 0.437037 0.0177083 0.0814815 0.514051
0 0.545313 0.437037 0.015625 0.0814815 0.518563
0 0.290625 0.487963 0.0291667 0.17963 0.519672
0 0.26875 0.487963 0.0291667 0.172222 0.526122
0 0.73125 0.506481 0.05 0.246296 0.529569
0 0.291146 0.488889 0.028125 0.177778 0.529812
0 0.601562 0.444444 0.021875 0.0962963 0.533021
0 0.545833 0.437037 0.0166667 0.0814815 0.535761
0 0.316146 0.498148 0.040625 0.2 0.536368
0 0.599479 0.44537 0.0260417 0.0944444 0.536636
0 0.25 0.492593 0.04375 0.17037 0.537291
0 0.599479 0.44537 0.0260417 0.0944444 0.551838
0 0.599479 0.44537 0.0260417 0.0944444 0.552324
0 0.730208 0.50463 0.04375 0.235185 0.580634
0 0.316146 0.499074 0.040625 0.201852 0.584398
0 0.730208 0.50463 0.04375 0.242593 0.617777
0 0.292188 0.488889 0.028125 0.181481 0.618406
0 0.316146 0.499074 0.040625 0.201852 0.629606
0 0.292188 0.489815 0.028125 0.17963 0.632999
0 0.601042 0.44537 0.0208333 0.0944444 0.658167
0 0.203125 0.492593 0.03125 0.174074 0.666488
0 0.601042 0.44537 0.0229167 0.0981481 0.666981
0 0.601042 0.44537 0.0208333 0.0981481 0.671529
2 0.0458333 0.508333 0.0895833 0.331481 0.673921
2 0.0458333 0.508333 0.0895833 0.331481 0.674122
2 0.0458333 0.509259 0.0895833 0.333333 0.675638
0 0.244792 0.492593 0.03125 0.166667 0.675705
2 0.0453125 0.508333 0.090625 0.324074 0.67774
0 0.601042 0.44537 0.0208333 0.0981481 0.677941
0 0.203125 0.492593 0.03125 0.174074 0.683625
0 0.730729 0.503704 0.046875 0.237037 0.683774
2 0.0458333 0.510185 0.0895833 0.324074 0.685059
0 0.244271 0.493519 0.0322917 0.164815 0.685807
2 0.0453125 0.508333 0.090625 0.324074 0.685943
0 0.202083 0.492593 0.0333333 0.174074 0.688185
2 0.0453125 0.511111 0.090625 0.325926 0.688586
2 0.0458333 0.510185 0.0895833 0.324074 0.692648
2 0.0458333 0.510185 0.0895833 0.324074 0.693785
0 0.243229 0.493519 0.0302083 0.164815 0.701198
0 0.202083 0.492593 0.0333333 0.17037 0.709886
2 0.0458333 0.511111 0.0895833 0.322222 0.712987
0 0.244271 0.493519 0.0302083 0.168519 0.728089
0 0.73125 0.505556 0.0458333 0.240741 0.730596
0 0.730729 0.50463 0.046875 0.246296 0.734525
0 0.243229 0.493519 0.0302083 0.164815 0.735568
0 0.730729 0.50463 0.046875 0.242593 0.735901
0 0.316667 0.500926 0.0395833 0.201852 0.742642
2 0.0458333 0.510185 0.0895833 0.324074 0.74415
0 0.730729 0.50463 0.046875 0.238889 0.745625
0 0.243229 0.493519 0.0302083 0.164815 0.748697
2 0.0458333 0.510185 0.0895833 0.324074 0.749911
0 0.730729 0.50463 0.046875 0.246296 0.751265
0 0.316667 0.501852 0.0395833 0.203704 0.754677
0 0.316667 0.5 0.0395833 0.2 0.756789
0 0.202604 0.493519 0.0322917 0.168519 0.76277
0 0.73125 0.505556 0.0458333 0.240741 0.766173
0 0.202604 0.494444 0.0322917 0.17037 0.772363
0 0.202604 0.494444 0.0322917 0.17037 0.772425
0 0.316667 0.5 0.0395833 0.2 0.773046
0 0.242708 0.491667 0.0270833 0.164815 0.773449
0 0.201562 0.493519 0.0322917 0.168519 0.775298
2 0.0458333 0.510185 0.0895833 0.331481 0.778868
2 0.0458333 0.510185 0.0895833 0.331481 0.782764
0 0.242708 0.490741 0.0270833 0.166667 0.784289
2 0.0458333 0.510185 0.0895833 0.331481 0.786415
0 0.202604 0.492593 0.0322917 0.17037 0.788059
0 0.73125 0.50463 0.0479167 0.235185 0.790679
0 0.316667 0.5 0.0395833 0.2 0.791887
0 0.73125 0.50463 0.0458333 0.238889 0.796449
0 0.730729 0.50463 0.046875 0.238889 0.796805
0 0.202083 0.493519 0.0333333 0.168519 0.79895
0 0.201562 0.492593 0.0322917 0.17037 0.799415
0 0.202083 0.493519 0.0333333 0.168519 0.809181
0 0.316146 0.5 0.040625 0.203704 0.813777
0 0.202083 0.491667 0.03125 0.172222 0.818478
0 0.315625 0.5 0.0395833 0.203704 0.819791
0 0.202083 0.490741 0.03125 0.174074 0.825077
0 0.201562 0.493519 0.0322917 0.172222 0.826743
0 0.73125 0.505556 0.0479167 0.240741 0.870636
