0 0.391146 0.426852 0.0239583 0.0944444 0.251097
0 0.1 0.32963 0.197917 0.240741 0.255462
13 0.285937 0.488889 0.0885417 0.0777778 0.256326
13 0.407813 0.608333 0.219792 0.138889 0.259202
13 0.408854 0.609259 0.217708 0.140741 0.26161
0 0.434375 0.438889 0.0229167 0.111111 0.263206
13 0.453646 0.62963 0.117708 0.1 0.264124
0 0.102604 0.325926 0.196875 0.233333 0.265156
13 0.453646 0.62963 0.117708 0.1 0.268948
13 0.453646 0.630556 0.117708 0.101852 0.274131
0 0.0984375 0.327778 0.196875 0.240741 0.27544
0 0.434375 0.438889 0.0229167 0.111111 0.279269
13 0.453646 0.632407 0.117708 0.0981481 0.279389
0 0.391146 0.428704 0.0239583 0.0981481 0.282916
0 0.103125 0.325 0.195833 0.235185 0.283225
0 0.391146 0.428704 0.0239583 0.0981481 0.286517
13 0.406771 0.613889 0.217708 0.131481 0.286747
0 0.434375 0.438889 0.0229167 0.111111 0.289237
13 0.453125 0.633333 0.11875 0.0962963 0.293781
13 0.453125 0.632407 0.116667 0.0981481 0.29415
13 0.453646 0.631481 0.115625 0.1 0.295934
0 0.025 0.47037 0.0333333 0.177778 0.304479
0 0.0244792 0.47037 0.034375 0.177778 0.310689
13 0.400521 0.606481 0.215625 0.131481 0.325795
0 0.0161458 0.472222 0.0322917 0.177778 0.367177
0 0.391146 0.415741 0.021875 0.0722222 0.367435
0 0.0161458 0.472222 0.0322917 0.181481 0.36776
0 0.391146 0.416667 0.021875 0.0740741 0.382265
0 0.391146 0.415741 0.021875 0.0722222 0.386697
0 0.464063 0.462037 0.0322917 0.157407 0.388392
0 0.980729 0.593518 0.0385417 0.498148 0.393788
0 0.879167 0.626852 0.116667 0.646296 0.401752
0 0.464063 0.462963 0.0322917 0.155556 0.406425
0 0.980729 0.594444 0.0385417 0.503704 0.417526
13 0.427604 0.625 0.173958 0.112963 0.431196
0 0.434375 0.42963 0.0208333 0.107407 0.431447
0 0.435417 0.432407 0.0208333 0.105556 0.435179
0 0.880729 0.625 0.113542 0.635185 0.443603
0 0.983333 0.612963 0.0333333 0.466667 0.4445
0 0.435417 0.432407 0.0208333 0.105556 0.451332
0 0.435417 0.432407 0.0208333 0.105556 0.45227
0 0.982813 0.624074 0.034375 0.440741 0.46039
0 0.879167 0.626852 0.11875 0.646296 0.467138
0 0.390104 0.419444 0.021875 0.0796296 0.467555
0 0.390104 0.419444 0.021875 0.0796296 0.51276
0 0.390104 0.419444 0.021875 0.0796296 0.513777
0 0.0171875 0.468519 0.0322917 0.185185 0.518541
0 0.880208 0.62963 0.114583 0.648148 0.520855
0 0.982813 0.622222 0.034375 0.444444 0.524568
0 0.983854 0.612037 0.0322917 0.453704 0.527936
0 0.983333 0.623148 0.0333333 0.45 0.529563
0 0.879167 0.644444 0.125 0.688889 0.530405
0 0.0171875 0.468519 0.034375 0.185185 0.532911
0 0.875521 0.648148 0.123958 0.644444 0.538233
0 0.983333 0.612963 0.0333333 0.459259 0.539526
0 0.879167 0.644444 0.125 0.685185 0.541324
0 0.464063 0.462037 0.0322917 0.157407 0.541817
0 0.390625 0.421296 0.0229167 0.0833333 0.543472
0 0.0171875 0.468519 0.0322917 0.185185 0.547855
0 0.391146 0.419444 0.021875 0.0796296 0.552637
0 0.464063 0.462037 0.0322917 0.157407 0.562901
0 0.981771 0.612037 0.0364583 0.464815 0.562943
0 0.464063 0.462037 0.0322917 0.157407 0.567201
0 0.0140625 0.47037 0.028125 0.181481 0.578813
0 0.0140625 0.47037 0.028125 0.177778 0.5956
0 0.390625 0.419444 0.0229167 0.0833333 0.606889
0 0.015625 0.466667 0.03125 0.185185 0.613246
0 0.015625 0.466667 0.03125 0.185185 0.615962
0 0.015625 0.466667 0.03125 0.185185 0.618699
0 0.434896 0.434259 0.021875 0.109259 0.623925
0 0.877604 0.638889 0.123958 0.648148 0.624567
0 0.434896 0.431481 0.0197917 0.1 0.634552
0 0.434375 0.434259 0.0208333 0.101852 0.637026
0 0.390625 0.419444 0.0229167 0.0833333 0.63872
0 0.875 0.646296 0.125 0.651852 0.643245
0 0.015625 0.466667 0.03125 0.185185 0.644138
0 0.390625 0.419444 0.0229167 0.0833333 0.644273
0 0.015625 0.465741 0.03125 0.187037 0.646976
0 0.015625 0.466667 0.03125 0.185185 0.652347
0 0.434896 0.431481 0.021875 0.103704 0.656651
0 0.434375 0.433333 0.0208333 0.103704 0.658095
0 0.434375 0.433333 0.0208333 0.103704 0.65862
0 0.434896 0.431481 0.021875 0.103704 0.662586
0 0.015625 0.469444 0.03125 0.17963 0.681898
0 0.982292 0.611111 0.0354167 0.47037 0.690513
0 0.015625 0.47037 0.03125 0.181481 0.691116
0 0.981771 0.612037 0.0364583 0.472222 0.702624
0 0.880208 0.640741 0.120833 0.666667 0.710655
0 0.879167 0.624074 0.1125 0.633333 0.718241
0 0.877604 0.638889 0.123958 0.651852 0.729512
0 0.880729 0.641667 0.121875 0.664815 0.736487
0 0.463021 0.461111 0.0322917 0.155556 0.770885
0 0.463021 0.462963 0.0322917 0.155556 0.782935
0 0.463021 0.461111 0.0322917 0.155556 0.783412
0 0.463021 0.462963 0.0322917 0.155556 0.791929
0 0.463021 0.462963 0.0322917 0.155556 0.807396
0 0.463021 0.461111 0.0322917 0.155556 0.811988
0 0.879687 0.626852 0.113542 0.638889 0.812088
0 0.879167 0.638889 0.120833 0.666667 0.817619
0 0.463542 0.462963 0.03125 0.155556 0.818234
0 0.463542 0.462963 0.03125 0.159259 0.823144
0 0.4625 0.462963 0.03125 0.155556 0.82611
0 0.4625 0.462963 0.03125 0.151852 0.827919
0 0.879167 0.639815 0.120833 0.668519 0.85249
