0 0.0223958 0.302778 0.0177083 0.0833333 0.259337
0 0.223958 0.3 0.0375 0.122222 0.263015
0 0.0213542 0.303704 0.021875 0.0814815 0.263901
0 0.0223958 0.303704 0.0177083 0.0814815 0.265136
0 0.059375 0.328704 0.025 0.127778 0.269497
0 0.0229167 0.303704 0.0166667 0.0814815 0.270346
0 0.419271 0.328704 0.040625 0.194444 0.271788
0 0.223438 0.3 0.0385417 0.122222 0.272757
0 0.323438 0.29537 0.028125 0.0722222 0.274113
0 0.059375 0.328704 0.025 0.127778 0.274963
0 0.0223958 0.303704 0.015625 0.0814815 0.279797
0 0.933854 0.562037 0.128125 0.72037 0.280264
0 0.504687 0.319444 0.0239583 0.131481 0.287107
0 0.223958 0.3 0.0375 0.122222 0.29235
0 0.419271 0.330556 0.040625 0.190741 0.292512
0 0.417708 0.333333 0.0458333 0.192593 0.298531
0 0.00677083 0.30463 0.0135417 0.0759259 0.298667
0 0.298958 0.298148 0.0270833 0.0740741 0.304734
0 0.575 0.313889 0.0270833 0.142593 0.309533
0 0.00677083 0.303704 0.0135417 0.0740741 0.310829
0 0.577083 0.314815 0.0270833 0.137037 0.31767
0 0.417188 0.333333 0.0447917 0.192593 0.319461
0 0.577604 0.314815 0.028125 0.137037 0.324558
0 0.504687 0.319444 0.0239583 0.131481 0.330587
0 0.297917 0.297222 0.025 0.0722222 0.344682
0 0.00729167 0.301852 0.0145833 0.0740741 0.358367
0 0.059375 0.322222 0.0229167 0.122222 0.36041
0 0.420312 0.334259 0.040625 0.198148 0.360949
0 0.629687 0.324074 0.0322917 0.137037 0.365248
0 0.316667 0.296296 0.03125 0.0740741 0.367223
0 0.420312 0.334259 0.040625 0.198148 0.368838
0 0.324479 0.29537 0.0260417 0.0722222 0.375818
0 0.324479 0.296296 0.0260417 0.0703704 0.375951
0 0.300521 0.298148 0.0260417 0.0740741 0.376728
0 0.300521 0.297222 0.0260417 0.0722222 0.378271
0 0.300521 0.298148 0.0260417 0.0740741 0.387103
0 0.324479 0.296296 0.0260417 0.0703704 0.390182
0 0.629167 0.324074 0.03125 0.137037 0.396631
0 0.00729167 0.301852 0.0145833 0.0740741 0.399732
0 0.222917 0.297222 0.0375 0.124074 0.40012
0 0.308854 0.297222 0.0427083 0.0722222 0.412929
0 0.630208 0.324074 0.03125 0.137037 0.423507
0 0.0953125 0.360185 0.0552083 0.224074 0.431295
0 0.652604 0.309259 0.021875 0.103704 0.432788
0 0.627604 0.326852 0.0260417 0.135185 0.436497
0 0.419792 0.336111 0.0395833 0.205556 0.4429
0 0.0953125 0.361111 0.0552083 0.22963 0.445683
0 0.322396 0.298148 0.021875 0.0703704 0.453565
0 0.419792 0.336111 0.0395833 0.201852 0.454108
0 0.222396 0.297222 0.0385417 0.127778 0.45701
0 0.223438 0.299074 0.0364583 0.127778 0.458567
0 0.222396 0.296296 0.0364583 0.12963 0.465991
0 0.652604 0.309259 0.021875 0.107407 0.471988
0 0.469271 0.318519 0.0260417 0.133333 0.47246
0 0.322917 0.297222 0.0229167 0.0722222 0.473964
0 0.929167 0.574074 0.133333 0.748148 0.475499
0 0.222396 0.298148 0.0385417 0.125926 0.475959
0 0.652604 0.308333 0.021875 0.105556 0.478467
0 0.322917 0.297222 0.0229167 0.0685185 0.479731
0 0.223438 0.299074 0.0364583 0.127778 0.483585
0 0.627604 0.327778 0.028125 0.133333 0.484273
0 0.298958 0.297222 0.025 0.0722222 0.484584
0 0.298958 0.297222 0.025 0.0722222 0.485929
0 0.223438 0.299074 0.0364583 0.127778 0.48626
0 0.222396 0.294444 0.0364583 0.12963 0.489651
0 0.221875 0.294444 0.0375 0.12963 0.493766
0 0.298958 0.297222 0.025 0.0722222 0.495516
0 0.652604 0.303704 0.0197917 0.0962963 0.502324
0 0.322396 0.296296 0.0239583 0.0703704 0.502562
0 0.577083 0.313889 0.0291667 0.142593 0.505999
0 0.300521 0.297222 0.028125 0.0722222 0.510891
0 0.221875 0.29537 0.0375 0.127778 0.511515
0 0.576042 0.312037 0.0270833 0.135185 0.518582
0 0.323958 0.29537 0.025 0.0722222 0.520843
0 0.322396 0.297222 0.0239583 0.0685185 0.522675
0 0.322396 0.297222 0.0239583 0.0685185 0.525767
0 0.651563 0.301852 0.0197917 0.1 0.527723
0 0.469271 0.32037 0.028125 0.133333 0.530205
0 0.300521 0.297222 0.028125 0.0722222 0.531971
0 0.300521 0.297222 0.028125 0.0722222 0.533632
0 0.627083 0.327778 0.0270833 0.137037 0.536598
0 0.627083 0.326852 0.0270833 0.138889 0.540945
0 0.299479 0.298148 0.0260417 0.0740741 0.544417
0 0.577083 0.313889 0.0291667 0.142593 0.546292
0 0.0989583 0.356481 0.0520833 0.227778 0.548943
0 0.469792 0.317593 0.0270833 0.124074 0.54917
0 0.299479 0.298148 0.0260417 0.0740741 0.552352
0 0.577083 0.313889 0.0291667 0.142593 0.552433
0 0.651563 0.302778 0.0197917 0.101852 0.559918
0 0.299479 0.298148 0.0260417 0.0740741 0.562063
0 0.651563 0.302778 0.0197917 0.101852 0.56345
0 0.652083 0.301852 0.0208333 0.0962963 0.56388
0 0.222396 0.296296 0.0364583 0.133333 0.570755
0 0.0989583 0.355556 0.0520833 0.22963 0.571081
0 0.222396 0.296296 0.0364583 0.133333 0.572325
0 0.576042 0.312037 0.0291667 0.135185 0.573891
0 0.46875 0.32037 0.0270833 0.133333 0.591499
0 0.469271 0.319444 0.028125 0.138889 0.592677
0 0.0953125 0.356481 0.059375 0.227778 0.594997
0 0.627083 0.326852 0.0270833 0.138889 0.605774
0 0.651563 0.300926 0.0197917 0.0981481 0.608828
0 0.298958 0.298148 0.025 0.0740741 0.610987
0 0.651563 0.300926 0.0197917 0.0981481 0.612824
0 0.0953125 0.355556 0.059375 0.22963 0.634482
0 0.469271 0.32037 0.0260417 0.133333 0.634818
0 0.469792 0.317593 0.0270833 0.127778 0.638858
0 0.469792 0.319444 0.0270833 0.138889 0.643524
0 0.469792 0.317593 0.0270833 0.127778 0.64927
0 0.505729 0.316667 0.021875 0.125926 0.651301
0 0.627604 0.327778 0.028125 0.140741 0.654376
0 0.469271 0.318519 0.0260417 0.137037 0.659852
0 0.469271 0.318519 0.0260417 0.137037 0.661624
0 0.469792 0.319444 0.0270833 0.138889 0.662822
0 0.627604 0.326852 0.028125 0.142593 0.663632
0 0.0953125 0.358333 0.059375 0.227778 0.663793
0 0.651563 0.302778 0.0197917 0.0981481 0.669046
0 0.627083 0.327778 0.0270833 0.140741 0.670444
0 0.627083 0.326852 0.0270833 0.138889 0.675684
0 0.223438 0.29537 0.0385417 0.131481 0.67687
0 0.0958333 0.357407 0.0583333 0.22963 0.676887
0 0.0953125 0.356481 0.059375 0.227778 0.687259
0 0.41875 0.334259 0.0416667 0.190741 0.691539
0 0.222917 0.296296 0.0375 0.12963 0.692624
0 0.0953125 0.356481 0.059375 0.227778 0.692909
0 0.223438 0.29537 0.0364583 0.127778 0.696287
0 0.627604 0.327778 0.0260417 0.140741 0.69675
0 0.627604 0.326852 0.0260417 0.138889 0.697954
0 0.505729 0.317593 0.021875 0.127778 0.699828
0 0.0958333 0.357407 0.0583333 0.22963 0.699938
0 0.096875 0.356481 0.05625 0.231481 0.701563
0 0.627604 0.327778 0.028125 0.140741 0.702703
0 0.505729 0.317593 0.021875 0.127778 0.703644
0 0.223438 0.29537 0.0385417 0.131481 0.704973
0 0.223438 0.29537 0.0364583 0.127778 0.706288
0 0.0958333 0.357407 0.0583333 0.233333 0.709741
0 0.505729 0.321296 0.021875 0.127778 0.710088
0 0.223438 0.29537 0.0385417 0.131481 0.711294
0 0.0963542 0.356481 0.0552083 0.231481 0.713581
0 0.505208 0.32037 0.0208333 0.125926 0.715368
0 0.505208 0.32037 0.0208333 0.125926 0.716858
0 0.0958333 0.356481 0.0583333 0.231481 0.718661
0 0.0963542 0.356481 0.0552083 0.231481 0.723578
0 0.505208 0.318519 0.0229167 0.133333 0.724989
0 0.627604 0.327778 0.028125 0.140741 0.730192
0 0.575521 0.313889 0.028125 0.142593 0.733152
0 0.0958333 0.358333 0.0583333 0.231481 0.733957
0 0.41875 0.334259 0.0416667 0.190741 0.73703
0 0.575521 0.312963 0.028125 0.140741 0.739028
0 0.576042 0.313889 0.0291667 0.142593 0.741933
0 0.576042 0.312963 0.0291667 0.140741 0.744214
0 0.576042 0.312963 0.0291667 0.140741 0.747797
0 0.0963542 0.356481 0.0572917 0.231481 0.748329
0 0.575521 0.313889 0.028125 0.142593 0.749345
0 0.504687 0.32037 0.021875 0.12963 0.755512
0 0.575521 0.312037 0.028125 0.138889 0.765241
0 0.41875 0.333333 0.0416667 0.192593 0.765924
0 0.575521 0.312963 0.028125 0.140741 0.772047
0 0.575521 0.313889 0.028125 0.142593 0.782596
0 0.41875 0.335185 0.0416667 0.192593 0.784432
0 0.419271 0.335185 0.040625 0.196296 0.791088
0 0.576042 0.313889 0.0291667 0.142593 0.793174
0 0.627083 0.327778 0.0270833 0.140741 0.795592
0 0.41875 0.334259 0.0416667 0.194444 0.800739
0 0.627604 0.327778 0.028125 0.140741 0.800752
0 0.41875 0.333333 0.0395833 0.192593 0.814893
0 0.419271 0.333333 0.040625 0.192593 0.820916
0 0.41875 0.333333 0.0395833 0.192593 0.833138
0 0.41875 0.332407 0.0416667 0.198148 0.838187
0 0.41875 0.332407 0.0416667 0.201852 0.845626
0 0.932813 0.57037 0.132292 0.733333 0.849296
0 0.932813 0.568519 0.132292 0.733333 0.863701
0 0.931771 0.566667 0.130208 0.725926 0.868934
0 0.931771 0.571296 0.134375 0.738889 0.913631
0 0.93125 0.571296 0.133333 0.738889 0.914613
0 0.932292 0.569444 0.13125 0.727778 0.921492
0 0.932292 0.569444 0.13125 0.727778 0.922933
0 0.932292 0.574074 0.127083 0.740741 0.935877
