13 0.456771 0.630556 0.111458 0.0981481 0.251444
0 0.979167 0.575 0.0395833 0.524074 0.256469
74 0.395833 0.0888889 0.04375 0.148148 0.259654
74 0.395312 0.087963 0.0447917 0.146296 0.264174
13 0.384896 0.587963 0.167708 0.105556 0.271662
13 0.284375 0.477778 0.0791667 0.1 0.273384
0 0.982292 0.626852 0.0354167 0.427778 0.275111
13 0.373958 0.57963 0.152083 0.0888889 0.277097
0 0.0505208 0.462963 0.028125 0.12963 0.280896
13 0.373437 0.57963 0.148958 0.0888889 0.281965
13 0.377604 0.578704 0.148958 0.0907407 0.287054
0 0.843229 0.625 0.119792 0.62037 0.288924
0 0.366146 0.439815 0.0197917 0.0981481 0.291594
13 0.4 0.596296 0.20625 0.125926 0.291688
0 0.434896 0.431481 0.0260417 0.118519 0.299794
0 0.434896 0.435185 0.0239583 0.114815 0.301577
13 0.378646 0.577778 0.153125 0.0925926 0.305678
13 0.2875 0.489815 0.0791667 0.0722222 0.309688
0 0.982292 0.625926 0.0354167 0.433333 0.31199
0 0.0473958 0.466667 0.0302083 0.137037 0.312176
0 0.025 0.475926 0.0333333 0.177778 0.313188
0 0.025 0.475 0.0333333 0.175926 0.315114
13 0.2875 0.489815 0.0770833 0.0722222 0.318216
0 0.982813 0.625 0.034375 0.438889 0.321523
0 0.05 0.462963 0.0270833 0.12963 0.322615
13 0.279687 0.487963 0.0697917 0.087037 0.322658
13 0.284375 0.472222 0.075 0.103704 0.332586
0 0.0473958 0.466667 0.0302083 0.137037 0.334649
13 0.283854 0.472222 0.0760417 0.103704 0.336755
0 0.85625 0.642593 0.133333 0.674074 0.338647
13 0.279687 0.487963 0.0697917 0.087037 0.340784
0 0.366667 0.440741 0.01875 0.1 0.341235
0 0.0473958 0.466667 0.0302083 0.137037 0.342354
0 0.392708 0.436111 0.0270833 0.109259 0.348018
0 0.028125 0.472222 0.0291667 0.177778 0.351633
0 0.393229 0.433333 0.0239583 0.111111 0.354812
0 0.0291667 0.472222 0.0291667 0.177778 0.35598
74 0.390104 0.0861111 0.0364583 0.142593 0.357736
0 0.391667 0.436111 0.0270833 0.112963 0.358642
0 0.842708 0.628704 0.11875 0.616667 0.359681
0 0.366667 0.439815 0.01875 0.0981481 0.36394
0 0.434896 0.430556 0.0260417 0.116667 0.365592
74 0.390104 0.087037 0.0364583 0.144444 0.369386
0 0.0510417 0.463889 0.0270833 0.127778 0.370704
13 0.373958 0.580556 0.15625 0.0907407 0.382225
0 0.642187 0.449074 0.0197917 0.105556 0.383838
13 0.410417 0.614815 0.2125 0.118519 0.391853
0 0.435417 0.431481 0.0270833 0.118519 0.393187
74 0.394792 0.087037 0.04375 0.144444 0.39538
13 0.288021 0.484259 0.0885417 0.087037 0.39558
0 0.0151042 0.474074 0.0302083 0.185185 0.402212
0 0.98125 0.609259 0.0375 0.477778 0.403272
0 0.392188 0.438889 0.021875 0.1 0.40462
0 0.366146 0.437037 0.0197917 0.0962963 0.40559
0 0.435937 0.437037 0.0239583 0.111111 0.405944
74 0.394792 0.087037 0.04375 0.144444 0.407298
74 0.394792 0.087037 0.04375 0.144444 0.407403
0 0.0151042 0.472222 0.0302083 0.181481 0.410255
0 0.85625 0.641667 0.135417 0.661111 0.41511
0 0.642187 0.449074 0.0197917 0.105556 0.416957
0 0.435937 0.437963 0.0239583 0.112963 0.417294
0 0.392708 0.436111 0.0270833 0.109259 0.418162
0 0.435937 0.437963 0.0239583 0.112963 0.423626
0 0.366146 0.439815 0.0197917 0.0944444 0.424457
13 0.392708 0.592593 0.189583 0.111111 0.425451
0 0.392188 0.439815 0.0197917 0.101852 0.427174
13 0.284375 0.487963 0.0770833 0.0833333 0.427581
0 0.392188 0.439815 0.0197917 0.101852 0.429986
13 0.285417 0.489815 0.08125 0.0759259 0.430039
0 0.642187 0.449074 0.0197917 0.105556 0.432329
13 0.284896 0.489815 0.0802083 0.0759259 0.435589
74 0.39375 0.0888889 0.04375 0.144444 0.43607
13 0.284375 0.487963 0.0770833 0.0833333 0.442805
74 0.393229 0.0888889 0.0427083 0.144444 0.45153
0 0.0489583 0.465741 0.0270833 0.131481 0.453377
74 0.39375 0.0888889 0.04375 0.144444 0.457742
13 0.285417 0.487037 0.08125 0.0851852 0.463737
0 0.366667 0.438889 0.01875 0.1 0.463867
74 0.39375 0.087037 0.04375 0.144444 0.465459
74 0.39375 0.087037 0.04375 0.144444 0.466054
13 0.285417 0.485185 0.0791667 0.0851852 0.468406
0 0.366146 0.437963 0.0197917 0.0981481 0.470125
0 0.98125 0.590741 0.0375 0.511111 0.471981
0 0.366146 0.437963 0.0197917 0.0981481 0.472922
0 0.366667 0.439815 0.01875 0.101852 0.475435
74 0.39375 0.087037 0.04375 0.144444 0.480449
0 0.0244792 0.476852 0.0489583 0.172222 0.481412
0 0.392188 0.436111 0.0260417 0.109259 0.48147
0 0.366146 0.438889 0.0197917 0.0962963 0.486084
0 0.98125 0.589815 0.0375 0.524074 0.494184
0 0.366146 0.439815 0.0197917 0.0981481 0.495185
0 0.434896 0.431481 0.0260417 0.118519 0.500034
13 0.284896 0.485185 0.078125 0.0851852 0.500363
13 0.284375 0.487963 0.0791667 0.0796296 0.507629
0 0.641667 0.446296 0.01875 0.111111 0.509649
0 0.642187 0.447222 0.0177083 0.109259 0.514865
0 0.0239583 0.476852 0.0479167 0.172222 0.524201
0 0.98125 0.60463 0.0375 0.464815 0.526091
0 0.436979 0.432407 0.0239583 0.12037 0.526286
0 0.434896 0.430556 0.0239583 0.116667 0.530243
0 0.641667 0.446296 0.01875 0.111111 0.534305
0 0.436458 0.433333 0.0229167 0.122222 0.534911
0 0.98125 0.607407 0.0375 0.481481 0.535823
0 0.436458 0.432407 0.0229167 0.12037 0.53855
0 0.98125 0.606481 0.0375 0.47963 0.541715
0 0.0494792 0.465741 0.028125 0.135185 0.553391
0 0.0192708 0.475 0.0385417 0.187037 0.555793
0 0.466667 0.47037 0.03125 0.151852 0.556406
0 0.0234375 0.476852 0.046875 0.172222 0.55965
0 0.466667 0.47037 0.03125 0.151852 0.566525
0 0.0192708 0.475 0.0385417 0.183333 0.572501
0 0.0494792 0.464815 0.028125 0.12963 0.580511
0 0.39375 0.435185 0.025 0.107407 0.580585
0 0.391667 0.436111 0.025 0.112963 0.591462
0 0.0494792 0.466667 0.028125 0.137037 0.594661
0 0.0177083 0.472222 0.0354167 0.181481 0.607809
0 0.467187 0.467593 0.0322917 0.153704 0.608022
74 0.394271 0.087037 0.0427083 0.151852 0.610901
0 0.467187 0.467593 0.0322917 0.153704 0.620778
74 0.394792 0.087037 0.04375 0.148148 0.621692
0 0.0182292 0.472222 0.0364583 0.181481 0.627061
0 0.39375 0.435185 0.025 0.107407 0.630103
0 0.0489583 0.465741 0.0270833 0.135185 0.636438
0 0.641146 0.446296 0.0197917 0.107407 0.636484
0 0.393229 0.435185 0.0239583 0.107407 0.649944
0 0.0182292 0.472222 0.0364583 0.181481 0.650244
0 0.98125 0.60463 0.0375 0.47963 0.653684
0 0.641146 0.446296 0.0197917 0.107407 0.653865
0 0.98125 0.603704 0.0375 0.477778 0.656496
0 0.851042 0.640741 0.127083 0.633333 0.665052
0 0.641146 0.446296 0.0197917 0.107407 0.665076
0 0.392708 0.436111 0.0229167 0.105556 0.671595
0 0.0494792 0.466667 0.028125 0.137037 0.673999
0 0.0494792 0.466667 0.028125 0.137037 0.67829
0 0.0494792 0.464815 0.028125 0.133333 0.679066
0 0.0494792 0.464815 0.028125 0.133333 0.679792
0 0.841146 0.635185 0.111458 0.622222 0.686761
0 0.641667 0.446296 0.0208333 0.107407 0.687779
0 0.0177083 0.474074 0.0354167 0.181481 0.695716
0 0.0192708 0.475 0.0385417 0.17963 0.70073
0 0.850521 0.643519 0.128125 0.635185 0.702104
0 0.392708 0.436111 0.0229167 0.105556 0.705343
0 0.641146 0.447222 0.0197917 0.105556 0.706503
0 0.0177083 0.475 0.0354167 0.183333 0.707207
0 0.642187 0.447222 0.0197917 0.105556 0.709434
0 0.854167 0.641667 0.129167 0.631481 0.712042
0 0.434896 0.434259 0.021875 0.109259 0.719209
0 0.392708 0.436111 0.0229167 0.105556 0.71981
0 0.0192708 0.474074 0.0385417 0.181481 0.725109
0 0.435417 0.434259 0.0229167 0.112963 0.728553
0 0.435417 0.434259 0.0229167 0.112963 0.736286
0 0.854167 0.642593 0.129167 0.640741 0.748287
0 0.467187 0.467593 0.0322917 0.153704 0.749354
0 0.0192708 0.475 0.0385417 0.17963 0.749598
0 0.467187 0.468519 0.034375 0.151852 0.750767
0 0.434896 0.431481 0.0239583 0.118519 0.752887
0 0.466667 0.467593 0.0354167 0.153704 0.76237
0 0.435417 0.432407 0.0229167 0.116667 0.767202
0 0.467708 0.466667 0.0333333 0.155556 0.768865
0 0.841667 0.638889 0.1125 0.633333 0.772126
0 0.467708 0.466667 0.0333333 0.155556 0.774173
0 0.434896 0.432407 0.0239583 0.116667 0.775477
0 0.467187 0.467593 0.034375 0.15 0.780891
0 0.434896 0.432407 0.0239583 0.116667 0.787349
0 0.467708 0.468519 0.0333333 0.151852 0.791
0 0.467708 0.468519 0.0333333 0.151852 0.804279
0 0.467187 0.469444 0.034375 0.15 0.805703
0 0.467187 0.469444 0.034375 0.153704 0.807278
0 0.855208 0.642593 0.133333 0.648148 0.819937
0 0.467708 0.468519 0.0333333 0.151852 0.820013
0 0.855208 0.641667 0.133333 0.653704 0.823401
0 0.855208 0.643519 0.133333 0.646296 0.856965
0 0.855208 0.641667 0.133333 0.653704 0.862349
