0 0.460417 0.343519 0.03125 0.15 0.254139
0 0.932813 0.300926 0.0364583 0.17963 0.254411
0 0.932813 0.3 0.0364583 0.181481 0.256251
0 0.933333 0.293519 0.0354167 0.175926 0.260344
0 0.459375 0.339815 0.0291667 0.135185 0.260804
0 0.0505208 0.321296 0.0302083 0.112963 0.261093
0 0.460417 0.343519 0.03125 0.15 0.262387
0 0.933333 0.293519 0.0354167 0.175926 0.26539
13 0.230729 0.868519 0.369792 0.255556 0.270294
0 0.853646 0.418519 0.101042 0.492593 0.274285
0 0.491146 0.336111 0.021875 0.101852 0.276357
0 0.0947917 0.318519 0.01875 0.0925926 0.279474
0 0.492708 0.339815 0.0270833 0.0944444 0.284007
24 0.885938 0.342593 0.0572917 0.159259 0.287623
0 0.492708 0.337037 0.0291667 0.103704 0.287924
0 0.491146 0.336111 0.021875 0.101852 0.288974
13 0.228125 0.867593 0.370833 0.261111 0.292599
0 0.515104 0.342593 0.021875 0.0925926 0.298313
0 0.05 0.321296 0.0291667 0.112963 0.2987
0 0.501562 0.338889 0.040625 0.0962963 0.299336
0 0.515104 0.342593 0.021875 0.0925926 0.303122
24 0.885938 0.337037 0.0552083 0.181481 0.305137
0 0.509896 0.338889 0.0239583 0.0962963 0.310574
24 0.885938 0.338889 0.0572917 0.174074 0.311584
24 0.885938 0.337037 0.0552083 0.181481 0.312296
13 0.230729 0.867593 0.369792 0.253704 0.312548
24 0.885938 0.35 0.0552083 0.155556 0.31417
0 0.493229 0.336111 0.028125 0.105556 0.315221
0 0.797917 0.393519 0.0645833 0.424074 0.315359
24 0.885938 0.336111 0.0552083 0.183333 0.317594
0 0.65625 0.325 0.0270833 0.127778 0.318884
13 0.230729 0.868519 0.367708 0.251852 0.320091
24 0.885938 0.338889 0.0572917 0.174074 0.320488
0 0.544792 0.303704 0.0166667 0.0703704 0.322295
0 0.492188 0.338889 0.0260417 0.0962963 0.323588
0 0.8 0.396296 0.0645833 0.433333 0.324196
0 0.546354 0.303704 0.015625 0.0666667 0.32445
0 0.0296875 0.333333 0.0572917 0.151852 0.329664
0 0.492188 0.338889 0.0260417 0.0962963 0.33241
0 0.509896 0.338889 0.0239583 0.0962963 0.335022
24 0.885938 0.350926 0.0552083 0.153704 0.335096
0 0.546354 0.303704 0.015625 0.0666667 0.335899
0 0.392188 0.325 0.0260417 0.105556 0.336253
24 0.885938 0.35 0.0552083 0.155556 0.337044
0 0.510417 0.338889 0.025 0.0962963 0.337777
13 0.228125 0.867593 0.36875 0.261111 0.343035
0 0.0546875 0.324074 0.034375 0.114815 0.344728
0 0.492708 0.336111 0.0270833 0.105556 0.345021
13 0.228125 0.868519 0.36875 0.259259 0.345437
0 0.391667 0.326852 0.025 0.109259 0.346904
0 0.931771 0.282407 0.034375 0.168519 0.348398
0 0.0291667 0.333333 0.05625 0.151852 0.352866
0 0.931771 0.282407 0.034375 0.172222 0.353924
0 0.656771 0.317593 0.0239583 0.112963 0.358944
0 0.514063 0.337037 0.021875 0.0962963 0.361396
0 0.493229 0.336111 0.028125 0.105556 0.364407
0 0.546354 0.303704 0.015625 0.0703704 0.365322
24 0.885417 0.350926 0.0541667 0.157407 0.368627
0 0.0286458 0.334259 0.0552083 0.153704 0.36955
0 0.0947917 0.321296 0.0208333 0.0907407 0.376583
0 0.838542 0.40463 0.075 0.47963 0.378441
0 0.546354 0.305556 0.015625 0.0703704 0.382422
0 0.391146 0.325926 0.0239583 0.1 0.383595
24 0.885417 0.35 0.0541667 0.155556 0.383597
0 0.514063 0.337963 0.021875 0.0944444 0.386853
0 0.844271 0.419444 0.090625 0.487037 0.392713
0 0.824479 0.4 0.101042 0.466667 0.401959
0 0.65625 0.326852 0.0270833 0.124074 0.410393
0 0.414062 0.336111 0.0260417 0.131481 0.41306
0 0.453646 0.339815 0.040625 0.15 0.414048
0 0.0505208 0.321296 0.028125 0.112963 0.41619
0 0.848958 0.409259 0.0895833 0.492593 0.421187
0 0.514063 0.338889 0.021875 0.0962963 0.423841
0 0.392708 0.325 0.025 0.109259 0.424975
0 0.545833 0.305556 0.0145833 0.0703704 0.425317
0 0.452083 0.339815 0.04375 0.15 0.425528
0 0.810417 0.398148 0.0770833 0.459259 0.425899
0 0.514583 0.337963 0.0229167 0.0981481 0.426054
0 0.391667 0.325926 0.0229167 0.103704 0.42976
0 0.391667 0.325926 0.0229167 0.103704 0.431876
0 0.656771 0.323148 0.0260417 0.124074 0.438881
0 0.848437 0.408333 0.0885417 0.490741 0.440993
0 0.797396 0.396296 0.0614583 0.422222 0.450104
0 0.0947917 0.322222 0.0208333 0.0925926 0.454566
0 0.797396 0.397222 0.0614583 0.42037 0.458706
0 0.545313 0.305556 0.015625 0.0703704 0.462779
0 0.414062 0.337963 0.028125 0.153704 0.468753
0 0.545833 0.305556 0.0145833 0.0666667 0.469267
0 0.932292 0.294444 0.0354167 0.17037 0.471158
0 0.797917 0.396296 0.0604167 0.422222 0.477514
0 0.608333 0.327778 0.0270833 0.125926 0.47783
0 0.932292 0.29537 0.0354167 0.172222 0.478429
0 0.492708 0.336111 0.025 0.0981481 0.478636
0 0.414062 0.338889 0.028125 0.151852 0.480667
0 0.545833 0.303704 0.0145833 0.0703704 0.483046
0 0.65625 0.325926 0.025 0.125926 0.483308
0 0.453646 0.340741 0.040625 0.151852 0.483795
24 0.885417 0.347222 0.05625 0.164815 0.48644
0 0.932292 0.294444 0.0354167 0.17037 0.492178
0 0.656771 0.323148 0.028125 0.124074 0.493037
0 0.493229 0.335185 0.0260417 0.103704 0.494544
0 0.0708333 0.322222 0.0166667 0.0925926 0.494852
24 0.885417 0.347222 0.05625 0.164815 0.50184
0 0.932292 0.290741 0.0354167 0.162963 0.503973
0 0.458333 0.340741 0.0291667 0.148148 0.50517
0 0.545833 0.30463 0.0145833 0.0685185 0.506162
0 0.0489583 0.325926 0.0229167 0.111111 0.506226
0 0.492708 0.335185 0.025 0.1 0.507032
0 0.656771 0.323148 0.0260417 0.127778 0.508715
0 0.931771 0.289815 0.034375 0.161111 0.512463
0 0.0713542 0.325 0.015625 0.0907407 0.514125
0 0.932292 0.290741 0.0354167 0.162963 0.51833
24 0.884375 0.337963 0.0604167 0.17963 0.518516
0 0.492708 0.336111 0.025 0.101852 0.518924
0 0.458333 0.340741 0.0291667 0.148148 0.52191
0 0.656771 0.322222 0.028125 0.122222 0.528925
24 0.884896 0.338889 0.059375 0.181481 0.531953
0 0.015625 0.352778 0.03125 0.190741 0.533261
0 0.0484375 0.325926 0.0239583 0.111111 0.535282
0 0.0161458 0.346296 0.0322917 0.188889 0.539223
0 0.656771 0.323148 0.0260417 0.127778 0.541007
0 0.0484375 0.325926 0.0239583 0.111111 0.54322
0 0.0161458 0.346296 0.0322917 0.188889 0.543783
0 0.608333 0.328704 0.0270833 0.127778 0.544521
0 0.608333 0.328704 0.0270833 0.127778 0.547893
0 0.0713542 0.323148 0.0177083 0.0944444 0.551963
0 0.0713542 0.323148 0.0177083 0.0944444 0.555924
0 0.0953125 0.32037 0.0197917 0.0888889 0.558091
0 0.0473958 0.321296 0.028125 0.124074 0.558327
0 0.838542 0.408333 0.075 0.47963 0.568665
0 0.607813 0.32963 0.028125 0.12963 0.568882
24 0.884896 0.346296 0.0552083 0.162963 0.569475
0 0.65625 0.323148 0.0270833 0.124074 0.575348
0 0.071875 0.325 0.0166667 0.0907407 0.576798
0 0.932292 0.296296 0.0354167 0.166667 0.578144
0 0.0953125 0.323148 0.0197917 0.0981481 0.578147
0 0.931771 0.29537 0.034375 0.168519 0.578254
0 0.071875 0.325 0.0166667 0.0907407 0.578402
0 0.015625 0.35 0.03125 0.203704 0.583348
0 0.015625 0.351852 0.03125 0.192593 0.584228
0 0.492708 0.336111 0.025 0.101852 0.584919
0 0.458333 0.340741 0.0291667 0.144444 0.586031
24 0.885417 0.34537 0.0541667 0.161111 0.586637
0 0.015625 0.350926 0.03125 0.201852 0.589597
24 0.884896 0.344444 0.0572917 0.166667 0.592635
0 0.607813 0.32963 0.028125 0.12963 0.593352
0 0.838542 0.407407 0.0770833 0.485185 0.59435
0 0.391667 0.326852 0.025 0.105556 0.595485
0 0.0953125 0.32037 0.0197917 0.0925926 0.597167
24 0.885417 0.343519 0.05625 0.164815 0.599384
0 0.0479167 0.322222 0.0270833 0.122222 0.600073
24 0.885417 0.346296 0.05625 0.162963 0.600095
0 0.459375 0.340741 0.0291667 0.144444 0.602976
0 0.608333 0.327778 0.0291667 0.12963 0.603927
0 0.414062 0.336111 0.028125 0.146296 0.606642
0 0.0953125 0.32037 0.0197917 0.0925926 0.607091
24 0.885417 0.343519 0.05625 0.164815 0.609519
0 0.0484375 0.321296 0.0260417 0.112963 0.610755
0 0.0953125 0.323148 0.0197917 0.0981481 0.610965
0 0.458854 0.338889 0.028125 0.144444 0.611431
0 0.657292 0.319444 0.0270833 0.127778 0.611772
0 0.932292 0.296296 0.0354167 0.17037 0.612035
0 0.0484375 0.321296 0.0260417 0.112963 0.612613
0 0.656771 0.322222 0.0260417 0.122222 0.612675
0 0.0484375 0.322222 0.0239583 0.118519 0.612847
0 0.0953125 0.323148 0.0197917 0.0981481 0.613827
0 0.65625 0.323148 0.0270833 0.124074 0.61422
0 0.851562 0.42037 0.096875 0.5 0.614553
0 0.851042 0.418519 0.0895833 0.503704 0.616605
0 0.796875 0.396296 0.0604167 0.422222 0.618811
0 0.850521 0.417593 0.0885417 0.505556 0.620797
0 0.931771 0.290741 0.034375 0.174074 0.624509
24 0.884375 0.340741 0.0583333 0.162963 0.624555
0 0.608333 0.32963 0.0270833 0.12963 0.624627
0 0.608333 0.32963 0.0270833 0.12963 0.625389
0 0.851042 0.42037 0.1 0.5 0.629221
0 0.0484375 0.321296 0.0260417 0.112963 0.632842
0 0.931771 0.291667 0.034375 0.175926 0.634292
0 0.0479167 0.322222 0.025 0.118519 0.634793
0 0.414062 0.336111 0.028125 0.146296 0.639151
0 0.391146 0.327778 0.0239583 0.111111 0.640766
0 0.0484375 0.322222 0.0239583 0.118519 0.645078
0 0.015625 0.351852 0.03125 0.192593 0.648313
0 0.392188 0.325 0.0239583 0.105556 0.648825
0 0.391146 0.327778 0.0239583 0.111111 0.649498
0 0.391667 0.325926 0.0229167 0.107407 0.655028
0 0.413542 0.337037 0.0291667 0.148148 0.656074
0 0.414062 0.336111 0.028125 0.146296 0.656941
0 0.607813 0.327778 0.028125 0.125926 0.661491
0 0.391667 0.325 0.025 0.101852 0.664029
0 0.608333 0.327778 0.0270833 0.125926 0.66883
0 0.413542 0.337037 0.0270833 0.148148 0.671117
0 0.0473958 0.32037 0.0260417 0.114815 0.672113
0 0.414062 0.336111 0.0260417 0.146296 0.675946
0 0.0473958 0.319444 0.0260417 0.116667 0.677209
0 0.414062 0.336111 0.0260417 0.146296 0.67847
0 0.607813 0.32963 0.028125 0.12963 0.682594
0 0.656771 0.322222 0.0260417 0.122222 0.683273
0 0.413021 0.336111 0.028125 0.15 0.683784
0 0.0479167 0.321296 0.0270833 0.124074 0.685953
0 0.608333 0.32963 0.0270833 0.12963 0.689055
0 0.0473958 0.32037 0.0260417 0.114815 0.694674
0 0.845312 0.417593 0.0822917 0.501852 0.695533
0 0.607813 0.328704 0.0260417 0.131481 0.703268
0 0.608333 0.32963 0.0270833 0.12963 0.705799
0 0.798958 0.397222 0.0604167 0.435185 0.712185
0 0.391667 0.325 0.0229167 0.105556 0.712249
0 0.0161458 0.348148 0.0322917 0.2 0.713644
0 0.845312 0.416667 0.084375 0.503704 0.719121
0 0.391667 0.325 0.0229167 0.105556 0.720669
0 0.0161458 0.348148 0.0322917 0.2 0.722658
0 0.657292 0.321296 0.0270833 0.127778 0.73052
0 0.0161458 0.349074 0.0322917 0.194444 0.733959
0 0.799479 0.396296 0.059375 0.433333 0.736452
0 0.657292 0.321296 0.0270833 0.124074 0.736661
0 0.844271 0.417593 0.0927083 0.494444 0.736787
0 0.798958 0.39537 0.0604167 0.435185 0.737944
0 0.458333 0.340741 0.0291667 0.148148 0.741184
0 0.458333 0.340741 0.0291667 0.148148 0.741228
0 0.608333 0.32963 0.0270833 0.12963 0.74164
0 0.844792 0.417593 0.0916667 0.498148 0.742186
0 0.608333 0.32963 0.0270833 0.12963 0.747234
0 0.0161458 0.349074 0.0322917 0.194444 0.748479
0 0.607813 0.328704 0.0260417 0.131481 0.762836
0 0.607813 0.328704 0.0260417 0.131481 0.763548
0 0.458333 0.340741 0.0291667 0.148148 0.768202
0 0.0161458 0.349074 0.0322917 0.194444 0.776839
0 0.458333 0.340741 0.0270833 0.148148 0.794791
0 0.458333 0.341667 0.0291667 0.146296 0.798307
0 0.798437 0.397222 0.059375 0.431481 0.801414
0 0.458854 0.341667 0.028125 0.153704 0.814938
0 0.458854 0.341667 0.028125 0.15 0.823729
0 0.799479 0.398148 0.0614583 0.418519 0.827778
0 0.799479 0.397222 0.0614583 0.42037 0.835529
0 0.799479 0.396296 0.0614583 0.418519 0.84159
0 0.414062 0.337037 0.028125 0.159259 0.846793
0 0.414583 0.337037 0.0291667 0.155556 0.853088
