0 0.273958 0.362037 0.0208333 0.0722222 0.251675
13 0.349479 0.475 0.173958 0.135185 0.253662
0 0.340104 0.394444 0.0239583 0.140741 0.254351
0 0.339583 0.394444 0.025 0.140741 0.255464
0 0.274479 0.359259 0.021875 0.0703704 0.256711
0 0.274479 0.360185 0.021875 0.0722222 0.25698
0 0.45625 0.382407 0.025 0.127778 0.257504
24 0.920313 0.560185 0.117708 0.309259 0.260189
0 0.273958 0.362037 0.0208333 0.0722222 0.263059
13 0.31875 0.47037 0.120833 0.159259 0.264207
24 0.925521 0.611111 0.138542 0.518519 0.264457
0 0.470313 0.392593 0.046875 0.12963 0.268037
0 0.530208 0.410185 0.0333333 0.15 0.268589
13 0.307813 0.465741 0.111458 0.146296 0.268947
13 0.30625 0.467593 0.114583 0.15 0.269264
0 0.927083 0.600926 0.135417 0.594444 0.273806
0 0.273958 0.359259 0.0208333 0.0703704 0.274072
0 0.466667 0.392593 0.0479167 0.12963 0.276091
0 0.129167 0.362963 0.025 0.103704 0.277972
24 0.919792 0.557407 0.120833 0.292593 0.27846
0 0.530729 0.410185 0.034375 0.146296 0.27953
0 0.576563 0.385185 0.021875 0.0962963 0.280451
24 0.925521 0.605556 0.138542 0.496296 0.283085
0 0.483854 0.396296 0.028125 0.122222 0.28532
13 0.308333 0.463889 0.108333 0.138889 0.286442
0 0.129167 0.363889 0.025 0.101852 0.28696
13 0.307813 0.462963 0.109375 0.140741 0.287477
0 0.521354 0.390741 0.0197917 0.103704 0.290063
24 0.955208 0.568519 0.08125 0.274074 0.293672
13 0.348437 0.473148 0.178125 0.142593 0.294086
0 0.129167 0.367593 0.025 0.112963 0.295398
0 0.521354 0.390741 0.0197917 0.107407 0.297604
0 0.483854 0.396296 0.028125 0.125926 0.297834
0 0.129167 0.363889 0.025 0.101852 0.298117
24 0.954687 0.568519 0.0802083 0.27037 0.2999
13 0.296354 0.466667 0.096875 0.140741 0.301067
0 0.225521 0.386111 0.021875 0.112963 0.301447
0 0.455208 0.389815 0.0270833 0.138889 0.302908
13 0.345833 0.471296 0.179167 0.161111 0.303308
0 0.576563 0.386111 0.021875 0.0981481 0.304465
24 0.955208 0.567593 0.08125 0.275926 0.304479
13 0.295833 0.465741 0.0958333 0.142593 0.305522
13 0.295833 0.465741 0.0958333 0.142593 0.308529
0 0.225521 0.388889 0.0260417 0.114815 0.310524
0 0.576563 0.386111 0.021875 0.0981481 0.310954
0 0.521354 0.390741 0.0197917 0.107407 0.312247
0 0.540104 0.413889 0.028125 0.153704 0.323035
0 0.520312 0.392593 0.0197917 0.107407 0.323223
13 0.348437 0.474074 0.178125 0.133333 0.323935
13 0.327083 0.469444 0.152083 0.168519 0.327686
0 0.699479 0.428704 0.053125 0.268519 0.330439
0 0.700521 0.430556 0.053125 0.268519 0.330499
0 0.339063 0.399074 0.028125 0.138889 0.330976
0 0.523958 0.399074 0.0229167 0.124074 0.33293
0 0.758854 0.62037 0.130208 0.651852 0.335005
0 0.540104 0.414815 0.028125 0.151852 0.336975
0 0.340104 0.406481 0.0260417 0.12037 0.338194
0 0.455208 0.394444 0.0229167 0.12963 0.347199
0 0.483333 0.393519 0.0229167 0.124074 0.351503
0 0.339583 0.399074 0.0229167 0.138889 0.351831
0 0.257292 0.383333 0.01875 0.0962963 0.358977
0 0.340104 0.406481 0.0239583 0.124074 0.35977
0 0.540104 0.412963 0.028125 0.151852 0.361368
0 0.483854 0.39537 0.028125 0.124074 0.36166
0 0.920833 0.624074 0.1375 0.640741 0.362668
0 0.340104 0.406481 0.0239583 0.124074 0.36395
0 0.225521 0.390741 0.0239583 0.114815 0.375388
0 0.25625 0.387963 0.0166667 0.0981481 0.376213
0 0.225521 0.387963 0.0260417 0.112963 0.380866
0 0.484375 0.39537 0.0270833 0.124074 0.387174
13 0.332812 0.469444 0.161458 0.161111 0.393962
0 0.915625 0.623148 0.127083 0.638889 0.396491
0 0.225521 0.389815 0.0239583 0.112963 0.397514
13 0.336979 0.473148 0.165625 0.153704 0.40364
0 0.455208 0.390741 0.025 0.137037 0.408899
0 0.924479 0.60463 0.144792 0.624074 0.408932
0 0.454688 0.387963 0.0239583 0.127778 0.409726
0 0.225521 0.388889 0.0239583 0.114815 0.410903
0 0.255729 0.388889 0.015625 0.0962963 0.412148
13 0.347917 0.47037 0.175 0.148148 0.417175
0 0.521875 0.391667 0.0208333 0.105556 0.417705
0 0.483854 0.393519 0.021875 0.124074 0.418251
0 0.256771 0.390741 0.015625 0.1 0.419389
24 0.946354 0.560185 0.096875 0.275926 0.419764
0 0.339063 0.398148 0.0260417 0.137037 0.420009
13 0.329688 0.469444 0.155208 0.157407 0.422493
0 0.483854 0.394444 0.021875 0.125926 0.423681
0 0.339063 0.397222 0.0239583 0.131481 0.429389
0 0.702083 0.444444 0.05625 0.292593 0.430647
24 0.952083 0.558333 0.0895833 0.275926 0.432519
0 0.256771 0.389815 0.015625 0.0981481 0.434868
0 0.702083 0.444444 0.05625 0.292593 0.434913
0 0.338542 0.403704 0.0229167 0.12963 0.435218
0 0.920833 0.622222 0.1375 0.633333 0.435528
24 0.946875 0.560185 0.0979167 0.283333 0.439604
0 0.521875 0.391667 0.0208333 0.105556 0.441459
13 0.303646 0.464815 0.111458 0.144444 0.444415
0 0.702083 0.443519 0.05625 0.290741 0.445708
24 0.947396 0.558333 0.096875 0.27963 0.447756
13 0.339063 0.471296 0.167708 0.157407 0.447819
13 0.339063 0.472222 0.167708 0.155556 0.44881
0 0.914583 0.623148 0.129167 0.638889 0.450958
13 0.313021 0.467593 0.121875 0.15 0.451007
0 0.486458 0.393519 0.0270833 0.124074 0.451842
0 0.486979 0.393519 0.028125 0.124074 0.45319
0 0.698438 0.441667 0.053125 0.283333 0.453233
13 0.313021 0.468519 0.121875 0.151852 0.454049
13 0.313021 0.468519 0.121875 0.151852 0.45433
0 0.255729 0.388889 0.015625 0.0962963 0.454412
0 0.226042 0.387963 0.025 0.112963 0.45512
24 0.952083 0.558333 0.0875 0.275926 0.458603
0 0.486458 0.393519 0.0270833 0.124074 0.459172
0 0.521875 0.390741 0.0208333 0.103704 0.461414
0 0.701563 0.441667 0.053125 0.287037 0.462941
0 0.538021 0.412037 0.0322917 0.15 0.468254
13 0.332812 0.469444 0.159375 0.153704 0.468976
0 0.454688 0.389815 0.0239583 0.131481 0.485601
0 0.256771 0.390741 0.015625 0.1 0.491136
0 0.76875 0.608333 0.13125 0.601852 0.500378
0 0.339583 0.399074 0.0229167 0.131481 0.508422
0 0.576563 0.394444 0.021875 0.103704 0.51073
0 0.578125 0.393519 0.0229167 0.112963 0.519081
0 0.484375 0.396296 0.0270833 0.122222 0.519371
0 0.538021 0.412037 0.0322917 0.15 0.519585
0 0.766667 0.62037 0.133333 0.614815 0.521472
0 0.455208 0.388889 0.025 0.133333 0.524251
0 0.455208 0.388889 0.025 0.133333 0.525282
0 0.5375 0.412963 0.03125 0.151852 0.534132
0 0.454688 0.390741 0.0239583 0.133333 0.536125
0 0.541667 0.412963 0.0270833 0.151852 0.539965
0 0.541146 0.412037 0.0260417 0.15 0.54596
0 0.455208 0.390741 0.0229167 0.133333 0.546208
0 0.577083 0.393519 0.0208333 0.105556 0.555561
0 0.577083 0.393519 0.0208333 0.105556 0.558357
0 0.76875 0.608333 0.133333 0.590741 0.559885
13 0.330208 0.467593 0.158333 0.15 0.560821
0 0.91875 0.615741 0.129167 0.646296 0.573328
0 0.339063 0.399074 0.0239583 0.138889 0.575765
0 0.483854 0.393519 0.0239583 0.127778 0.577109
0 0.577604 0.390741 0.021875 0.1 0.580021
0 0.339063 0.399074 0.0239583 0.138889 0.581117
0 0.339583 0.398148 0.025 0.137037 0.582037
0 0.918229 0.623148 0.132292 0.65 0.592774
0 0.225521 0.385185 0.021875 0.107407 0.597793
0 0.536458 0.412037 0.03125 0.15 0.599688
0 0.535937 0.411111 0.0302083 0.151852 0.605139
0 0.339583 0.398148 0.0229167 0.137037 0.605704
0 0.339583 0.398148 0.0229167 0.137037 0.609452
0 0.483854 0.393519 0.0239583 0.127778 0.613016
0 0.483854 0.393519 0.0239583 0.127778 0.614032
0 0.576563 0.393519 0.021875 0.109259 0.618702
0 0.577083 0.390741 0.0208333 0.1 0.621262
0 0.765625 0.624074 0.13125 0.622222 0.621353
0 0.484375 0.39537 0.025 0.124074 0.624448
0 0.91875 0.622222 0.133333 0.648148 0.626157
0 0.577083 0.390741 0.0208333 0.1 0.626375
0 0.577083 0.39537 0.0208333 0.101852 0.626528
0 0.539583 0.412037 0.0291667 0.15 0.63295
0 0.700521 0.438889 0.0572917 0.292593 0.63714
0 0.698958 0.438889 0.0541667 0.292593 0.640077
0 0.225 0.385185 0.0229167 0.107407 0.640508
0 0.539062 0.412037 0.028125 0.15 0.641072
0 0.765625 0.623148 0.129167 0.624074 0.644473
0 0.539062 0.412037 0.028125 0.146296 0.646122
0 0.226562 0.387037 0.0239583 0.114815 0.651287
0 0.226042 0.386111 0.0229167 0.109259 0.66013
0 0.225 0.385185 0.0229167 0.107407 0.664099
0 0.577083 0.394444 0.0208333 0.103704 0.665162
0 0.577083 0.39537 0.0208333 0.101852 0.671965
0 0.225521 0.387963 0.0239583 0.112963 0.672017
0 0.226562 0.386111 0.0239583 0.116667 0.675618
0 0.539583 0.412037 0.0291667 0.15 0.679462
0 0.226042 0.386111 0.0229167 0.109259 0.679939
0 0.226562 0.386111 0.0239583 0.116667 0.682778
0 0.577604 0.393519 0.021875 0.109259 0.68866
0 0.226042 0.386111 0.0229167 0.109259 0.692392
0 0.918229 0.619444 0.132292 0.627778 0.696964
0 0.540104 0.412037 0.028125 0.15 0.697062
0 0.701042 0.441667 0.05625 0.287037 0.702278
0 0.766667 0.621296 0.133333 0.612963 0.705673
0 0.225 0.388889 0.0229167 0.111111 0.752858
0 0.700521 0.440741 0.053125 0.288889 0.766405
0 0.700521 0.440741 0.053125 0.288889 0.770792
0 0.700521 0.440741 0.053125 0.288889 0.775253
0 0.7 0.441667 0.05625 0.283333 0.786063
0 0.766667 0.624074 0.135417 0.618519 0.786358
0 0.700521 0.438889 0.053125 0.285185 0.792961
0 0.700521 0.439815 0.053125 0.287037 0.795131
0 0.700521 0.439815 0.053125 0.287037 0.797337
0 0.766146 0.623148 0.134375 0.616667 0.83165
0 0.766667 0.617593 0.133333 0.642593 0.836993
0 0.764063 0.624074 0.132292 0.622222 0.842379
0 0.764063 0.623148 0.132292 0.624074 0.843132
0 0.765625 0.62037 0.135417 0.640741 0.909237
