0 0.458854 0.326852 0.021875 0.101852 0.251256
0 0.619792 0.350926 0.0270833 0.135185 0.253156
0 0.305729 0.312037 0.040625 0.0759259 0.253304
0 0.619792 0.350926 0.0270833 0.135185 0.253472
0 0.617188 0.349074 0.0322917 0.131481 0.257797
0 0.441146 0.310185 0.0177083 0.087037 0.265549
0 0.646875 0.321296 0.025 0.105556 0.266114
0 0.0447917 0.372222 0.0645833 0.259259 0.270471
0 0.497396 0.324074 0.021875 0.118519 0.272157
0 0.647396 0.327778 0.0239583 0.0888889 0.278626
0 0.496354 0.337037 0.0260417 0.137037 0.278821
0 0.441146 0.310185 0.0177083 0.0833333 0.280059
0 0.290625 0.312963 0.03125 0.0740741 0.280709
0 0.496354 0.337963 0.0260417 0.135185 0.280986
0 0.0140625 0.380556 0.028125 0.227778 0.282946
0 0.497396 0.324074 0.021875 0.118519 0.283171
0 0.496875 0.337037 0.0270833 0.144444 0.284384
0 0.648438 0.314815 0.0239583 0.103704 0.287113
0 0.0473958 0.372222 0.053125 0.240741 0.304887
0 0.04375 0.372222 0.0583333 0.240741 0.30607
0 0.648438 0.315741 0.0239583 0.101852 0.31061
0 0.647917 0.314815 0.025 0.1 0.312901
0 0.311458 0.312963 0.0270833 0.0851852 0.313096
0 0.617708 0.35 0.03125 0.133333 0.319096
0 0.0135417 0.380556 0.0270833 0.227778 0.319347
0 0.647396 0.328704 0.0239583 0.0907407 0.324459
0 0.647396 0.328704 0.0239583 0.0907407 0.325954
0 0.460417 0.331481 0.025 0.118519 0.328504
0 0.617708 0.349074 0.03125 0.131481 0.330472
0 0.314063 0.311111 0.028125 0.0814815 0.335303
0 0.0145833 0.380556 0.0270833 0.224074 0.337565
0 0.457812 0.337963 0.028125 0.131481 0.338268
0 0.310937 0.312963 0.0260417 0.0814815 0.341791
0 0.313542 0.311111 0.0270833 0.0777778 0.343159
0 0.646875 0.319444 0.0229167 0.105556 0.346917
0 0.310937 0.312037 0.0260417 0.0796296 0.347249
0 0.313542 0.311111 0.0270833 0.0777778 0.348568
0 0.310937 0.312037 0.0260417 0.0796296 0.348917
0 0.944792 0.593518 0.110417 0.761111 0.360412
0 0.496875 0.337963 0.025 0.138889 0.364686
0 0.496875 0.337037 0.025 0.137037 0.367493
0 0.647917 0.325926 0.0229167 0.0962963 0.370503
0 0.572917 0.336111 0.0270833 0.131481 0.371709
0 0.290625 0.313889 0.0291667 0.0759259 0.374201
0 0.288021 0.314815 0.028125 0.0740741 0.377059
0 0.495833 0.337037 0.025 0.133333 0.383315
0 0.944792 0.593518 0.110417 0.761111 0.383428
0 0.396354 0.35 0.0489583 0.207407 0.386709
0 0.288542 0.314815 0.0270833 0.0740741 0.388879
0 0.396354 0.35 0.0489583 0.211111 0.389935
0 0.288021 0.314815 0.028125 0.0740741 0.393799
0 0.289062 0.312037 0.028125 0.0722222 0.398971
0 0.0130208 0.387037 0.0260417 0.222222 0.407261
0 0.460417 0.332407 0.025 0.12037 0.410844
0 0.290104 0.313889 0.0260417 0.0796296 0.411252
0 0.457292 0.337037 0.0270833 0.12963 0.413228
0 0.0130208 0.383333 0.0260417 0.22963 0.413492
0 0.0140625 0.386111 0.028125 0.22037 0.414742
0 0.290104 0.312963 0.0260417 0.0777778 0.418026
0 0.290104 0.312963 0.0260417 0.0777778 0.418721
0 0.0114583 0.390741 0.0229167 0.214815 0.422203
0 0.459896 0.333333 0.0260417 0.122222 0.425095
0 0.0453125 0.372222 0.059375 0.244444 0.432781
0 0.570312 0.336111 0.0302083 0.135185 0.433454
0 0.0135417 0.387963 0.0270833 0.224074 0.44051
0 0.458333 0.338889 0.0270833 0.133333 0.441021
0 0.457812 0.338889 0.0239583 0.133333 0.447735
0 0.0130208 0.382407 0.0260417 0.231481 0.448445
0 0.0114583 0.385185 0.0229167 0.214815 0.449495
0 0.0114583 0.390741 0.0229167 0.214815 0.455288
0 0.646875 0.325 0.0229167 0.0944444 0.455481
0 0.45625 0.337963 0.0291667 0.138889 0.459485
0 0.646875 0.319444 0.0229167 0.0981481 0.477281
0 0.0114583 0.385185 0.0229167 0.214815 0.478583
0 0.04375 0.372222 0.0583333 0.255556 0.49287
0 0.569792 0.337963 0.0291667 0.146296 0.497695
0 0.570312 0.337963 0.0302083 0.146296 0.507349
0 0.495833 0.339815 0.0229167 0.131481 0.507949
0 0.646875 0.319444 0.0229167 0.101852 0.508509
0 0.646875 0.319444 0.0229167 0.101852 0.511905
0 0.646875 0.325 0.0229167 0.0981481 0.515852
0 0.457812 0.337963 0.0260417 0.131481 0.516378
0 0.571354 0.336111 0.028125 0.142593 0.52348
0 0.646875 0.325926 0.0229167 0.1 0.52397
0 0.571875 0.336111 0.0270833 0.142593 0.524125
0 0.458333 0.338889 0.0270833 0.133333 0.529048
0 0.456771 0.337963 0.028125 0.135185 0.531232
0 0.0473958 0.371296 0.0552083 0.253704 0.533361
0 0.396354 0.351852 0.046875 0.207407 0.533708
0 0.0135417 0.385185 0.0270833 0.222222 0.539866
0 0.495833 0.339815 0.0229167 0.131481 0.540119
0 0.396354 0.351852 0.046875 0.207407 0.544244
0 0.495833 0.339815 0.0229167 0.131481 0.547024
0 0.45625 0.337963 0.0291667 0.138889 0.548987
0 0.203125 0.312037 0.0395833 0.127778 0.549999
0 0.567708 0.334259 0.025 0.15 0.557955
0 0.457812 0.338889 0.0239583 0.137037 0.566838
0 0.0447917 0.371296 0.0583333 0.253704 0.575168
0 0.567187 0.333333 0.0260417 0.148148 0.575542
0 0.495833 0.335185 0.0229167 0.12963 0.578713
0 0.620313 0.347222 0.0322917 0.142593 0.57966
0 0.457812 0.338889 0.0239583 0.137037 0.580668
0 0.646354 0.321296 0.021875 0.105556 0.583365
0 0.458333 0.337963 0.025 0.127778 0.591358
0 0.944271 0.578704 0.111458 0.716667 0.59515
0 0.496875 0.337037 0.0229167 0.140741 0.598107
0 0.0447917 0.372222 0.0604167 0.255556 0.600806
0 0.203125 0.312037 0.0395833 0.131481 0.603117
0 0.620313 0.346296 0.0322917 0.140741 0.608608
0 0.395833 0.353704 0.05 0.203704 0.611027
0 0.203125 0.312037 0.0395833 0.131481 0.611173
0 0.204167 0.311111 0.0395833 0.12963 0.612016
0 0.458333 0.338889 0.025 0.133333 0.613291
0 0.0442708 0.371296 0.059375 0.253704 0.615726
0 0.0135417 0.385185 0.025 0.218519 0.624803
0 0.204688 0.310185 0.0427083 0.131481 0.634915
0 0.496354 0.335185 0.021875 0.12963 0.636727
0 0.620313 0.347222 0.0322917 0.142593 0.63743
0 0.495833 0.337037 0.0229167 0.133333 0.640499
0 0.204688 0.310185 0.0427083 0.131481 0.644144
0 0.618229 0.348148 0.0322917 0.12963 0.648058
0 0.944792 0.585185 0.110417 0.744444 0.653826
0 0.496354 0.336111 0.021875 0.131481 0.661075
0 0.395833 0.353704 0.05 0.2 0.662598
0 0.204688 0.310185 0.0427083 0.131481 0.663407
0 0.0442708 0.371296 0.059375 0.253704 0.664522
0 0.396354 0.352778 0.0489583 0.205556 0.666588
0 0.04375 0.373148 0.0604167 0.253704 0.668925
0 0.618229 0.349074 0.0302083 0.135185 0.670219
0 0.496354 0.336111 0.021875 0.131481 0.673886
0 0.944792 0.586111 0.110417 0.75 0.674075
0 0.204167 0.312037 0.0416667 0.131481 0.678519
0 0.0458333 0.371296 0.0583333 0.257407 0.681943
0 0.204688 0.312037 0.040625 0.131481 0.683642
0 0.458333 0.337963 0.025 0.127778 0.683853
0 0.458333 0.337963 0.025 0.127778 0.685434
0 0.04375 0.373148 0.0604167 0.253704 0.687954
0 0.203646 0.310185 0.0427083 0.135185 0.689866
0 0.618229 0.348148 0.0322917 0.137037 0.69249
0 0.04375 0.373148 0.0604167 0.253704 0.693425
0 0.496354 0.335185 0.021875 0.12963 0.694169
0 0.0458333 0.37037 0.0583333 0.259259 0.696108
0 0.0458333 0.371296 0.0583333 0.257407 0.696475
0 0.496354 0.335185 0.021875 0.12963 0.696891
0 0.618229 0.347222 0.0322917 0.138889 0.698537
0 0.496354 0.337963 0.0239583 0.135185 0.699928
0 0.204688 0.311111 0.0427083 0.133333 0.702065
0 0.569792 0.335185 0.0291667 0.148148 0.704451
0 0.569792 0.336111 0.0291667 0.15 0.704512
0 0.618229 0.348148 0.0322917 0.137037 0.705262
0 0.203646 0.309259 0.0427083 0.133333 0.70756
0 0.618229 0.348148 0.0322917 0.133333 0.709114
0 0.203646 0.310185 0.0427083 0.135185 0.714393
0 0.204688 0.311111 0.0427083 0.133333 0.714855
0 0.61875 0.348148 0.03125 0.133333 0.720308
0 0.570312 0.336111 0.0302083 0.146296 0.725884
0 0.570312 0.336111 0.0302083 0.146296 0.726096
0 0.204167 0.311111 0.0416667 0.133333 0.733283
0 0.569792 0.335185 0.0291667 0.148148 0.739519
0 0.569792 0.334259 0.0291667 0.15 0.740937
0 0.569792 0.335185 0.0291667 0.148148 0.742788
0 0.569792 0.336111 0.0291667 0.146296 0.746921
0 0.395312 0.351852 0.0489583 0.203704 0.75936
0 0.396354 0.352778 0.0489583 0.201852 0.76081
0 0.569792 0.335185 0.0291667 0.148148 0.763907
0 0.395833 0.351852 0.0479167 0.207407 0.765013
0 0.570312 0.336111 0.0302083 0.146296 0.765303
0 0.0453125 0.369444 0.0572917 0.261111 0.765312
0 0.61875 0.347222 0.03125 0.135185 0.772321
0 0.395833 0.351852 0.0479167 0.203704 0.773206
0 0.395833 0.350926 0.0479167 0.205556 0.778867
0 0.570312 0.336111 0.0302083 0.142593 0.779187
0 0.395833 0.350926 0.0479167 0.209259 0.779742
0 0.396354 0.352778 0.0489583 0.201852 0.784219
0 0.395833 0.352778 0.0479167 0.201852 0.784497
0 0.61875 0.347222 0.03125 0.135185 0.789897
0 0.0458333 0.369444 0.0583333 0.261111 0.793653
0 0.395833 0.351852 0.0479167 0.203704 0.7955
0 0.61875 0.347222 0.03125 0.135185 0.801819
0 0.618229 0.349074 0.0302083 0.135185 0.804252
0 0.396354 0.351852 0.0489583 0.203704 0.804374
0 0.618229 0.349074 0.0302083 0.135185 0.805031
0 0.0453125 0.372222 0.059375 0.255556 0.812957
0 0.395833 0.353704 0.0479167 0.203704 0.814315
0 0.941667 0.582407 0.108333 0.746296 0.819048
0 0.943229 0.593518 0.113542 0.738889 0.829411
0 0.944271 0.586111 0.111458 0.742593 0.874277
0 0.94375 0.585185 0.110417 0.740741 0.883886
0 0.94375 0.587037 0.110417 0.751852 0.89593
0 0.94375 0.587037 0.110417 0.751852 0.898386
