0 0.516667 0.362037 0.03125 0.135185 0.254391
0 0.367188 0.325 0.0177083 0.0833333 0.257558
0 0.514063 0.361111 0.0260417 0.133333 0.257811
0 0.485417 0.339815 0.01875 0.087037 0.258745
0 0.53125 0.32963 0.0145833 0.0555556 0.259537
0 0.366146 0.326852 0.0177083 0.0796296 0.263449
0 0.366667 0.325 0.0145833 0.0833333 0.264991
0 0.492188 0.342593 0.0197917 0.0851852 0.266506
0 0.147396 0.373148 0.028125 0.127778 0.274487
0 0.492188 0.342593 0.0197917 0.0814815 0.275665
0 0.493229 0.344444 0.021875 0.0851852 0.289429
0 0.493229 0.343519 0.021875 0.0833333 0.308037
0 0.529688 0.331481 0.015625 0.062963 0.308804
0 0.291146 0.35 0.034375 0.111111 0.32698
0 0.514063 0.361111 0.0260417 0.137037 0.327014
0 0.514063 0.361111 0.0260417 0.137037 0.332765
0 0.290625 0.360185 0.03125 0.101852 0.34543
0 0.146875 0.373148 0.0270833 0.127778 0.350971
0 0.465104 0.350926 0.028125 0.124074 0.357349
0 0.146875 0.373148 0.0270833 0.127778 0.35841
0 0.290625 0.35 0.0333333 0.111111 0.360703
0 0.366146 0.326852 0.015625 0.0796296 0.361582
0 0.290625 0.35 0.0333333 0.111111 0.361654
0 0.101562 0.376852 0.0447917 0.142593 0.372519
0 0.290625 0.359259 0.03125 0.103704 0.374909
0 0.465104 0.360185 0.028125 0.142593 0.375029
0 0.290104 0.359259 0.0302083 0.103704 0.37904
0 0.465104 0.359259 0.028125 0.140741 0.380479
0 0.465104 0.351852 0.028125 0.125926 0.383711
0 0.366146 0.327778 0.015625 0.0777778 0.383803
0 0.101562 0.376852 0.0427083 0.142593 0.384377
0 0.103646 0.375926 0.0427083 0.151852 0.385686
0 0.146354 0.367593 0.028125 0.124074 0.387267
0 0.465104 0.351852 0.028125 0.122222 0.389241
0 0.650521 0.365741 0.040625 0.201852 0.397701
0 0.107292 0.374074 0.0416667 0.148148 0.404948
0 0.5125 0.362037 0.0291667 0.131481 0.410423
0 0.145833 0.369444 0.03125 0.135185 0.413901
0 0.651042 0.362963 0.0416667 0.203704 0.414775
0 0.518229 0.359259 0.0260417 0.12963 0.417018
0 0.104167 0.376852 0.04375 0.15 0.417456
0 0.651042 0.365741 0.0416667 0.201852 0.418424
0 0.5125 0.358333 0.0270833 0.127778 0.423133
0 0.651042 0.365741 0.0416667 0.201852 0.423377
0 0.145313 0.369444 0.0322917 0.135185 0.425388
0 0.530208 0.331481 0.0145833 0.0592593 0.429469
0 0.145833 0.371296 0.0291667 0.131481 0.440047
0 0.651563 0.366667 0.0447917 0.203704 0.441278
0 0.466146 0.35463 0.028125 0.127778 0.441725
0 0.105208 0.377778 0.0416667 0.140741 0.443883
0 0.106771 0.375 0.0427083 0.15 0.443989
0 0.105208 0.377778 0.0416667 0.140741 0.446688
0 0.106771 0.374074 0.0427083 0.148148 0.449033
0 0.466146 0.35463 0.028125 0.127778 0.453177
0 0.346875 0.334259 0.0208333 0.0833333 0.453916
0 0.651563 0.366667 0.0427083 0.203704 0.454232
0 0.346354 0.334259 0.021875 0.0833333 0.455748
0 0.104687 0.375926 0.0427083 0.151852 0.456034
0 0.145313 0.369444 0.0322917 0.135185 0.461344
0 0.513542 0.357407 0.025 0.12963 0.469796
0 0.652083 0.362963 0.0416667 0.207407 0.47675
0 0.346875 0.334259 0.0208333 0.0833333 0.477386
0 0.106771 0.375926 0.0427083 0.148148 0.480396
0 0.652604 0.364815 0.0427083 0.2 0.484462
0 0.530208 0.331481 0.0145833 0.0592593 0.484718
0 0.5125 0.362963 0.0291667 0.133333 0.492081
0 0.466146 0.353704 0.028125 0.125926 0.492436
0 0.652083 0.362963 0.0416667 0.207407 0.514743
0 0.651042 0.361111 0.0416667 0.207407 0.523623
0 0.145833 0.368519 0.03125 0.137037 0.533351
0 0.106771 0.374074 0.0427083 0.148148 0.536572
0 0.513542 0.362037 0.0291667 0.135185 0.539451
0 0.145313 0.369444 0.0302083 0.138889 0.541386
0 0.651042 0.362037 0.0416667 0.212963 0.542698
0 0.10625 0.375926 0.0416667 0.148148 0.545055
0 0.145833 0.368519 0.03125 0.137037 0.545129
0 0.146354 0.369444 0.028125 0.135185 0.545464
0 0.145313 0.369444 0.0302083 0.138889 0.547986
0 0.652604 0.365741 0.0427083 0.201852 0.561495
0 0.513542 0.361111 0.0291667 0.12963 0.562715
0 0.146354 0.369444 0.028125 0.135185 0.563664
0 0.653646 0.355556 0.0427083 0.188889 0.573167
0 0.513542 0.358333 0.025 0.131481 0.578525
0 0.145833 0.37037 0.0291667 0.133333 0.580123
0 0.145833 0.37037 0.0291667 0.133333 0.583651
0 0.513542 0.362037 0.0270833 0.138889 0.585079
0 0.346354 0.335185 0.021875 0.0888889 0.590101
0 0.5125 0.358333 0.0270833 0.138889 0.590175
0 0.345833 0.337037 0.0208333 0.0851852 0.590235
0 0.654167 0.356481 0.0416667 0.201852 0.591785
0 0.513542 0.358333 0.025 0.131481 0.592214
0 0.145313 0.368519 0.0302083 0.140741 0.594265
0 0.511979 0.358333 0.0260417 0.135185 0.595287
0 0.346354 0.337037 0.0197917 0.0814815 0.607949
0 0.145833 0.368519 0.03125 0.137037 0.608753
0 0.465625 0.356481 0.0270833 0.131481 0.613475
0 0.290625 0.353704 0.0333333 0.114815 0.622753
0 0.290625 0.353704 0.0333333 0.111111 0.632145
0 0.345833 0.337037 0.0208333 0.0814815 0.63281
0 0.345833 0.337963 0.0208333 0.0796296 0.637836
0 0.652604 0.367593 0.0385417 0.198148 0.648933
0 0.652604 0.365741 0.0427083 0.201852 0.65296
0 0.465104 0.355556 0.028125 0.133333 0.654034
0 0.652604 0.365741 0.0385417 0.198148 0.65936
0 0.290625 0.353704 0.0333333 0.111111 0.664069
0 0.290625 0.352778 0.0333333 0.116667 0.677578
0 0.653125 0.364815 0.0416667 0.203704 0.677664
0 0.653125 0.364815 0.0416667 0.203704 0.679045
0 0.653125 0.365741 0.0416667 0.205556 0.68126
0 0.290625 0.352778 0.0333333 0.116667 0.68301
0 0.513542 0.362037 0.0270833 0.135185 0.688513
0 0.290625 0.35463 0.0333333 0.112963 0.694816
0 0.290625 0.353704 0.0333333 0.114815 0.696565
0 0.290625 0.352778 0.0333333 0.116667 0.699486
0 0.290625 0.353704 0.0333333 0.114815 0.712553
0 0.290625 0.35463 0.0333333 0.112963 0.717728
0 0.465625 0.359259 0.0291667 0.144444 0.719498
0 0.346354 0.336111 0.021875 0.0833333 0.724112
0 0.290625 0.353704 0.0333333 0.114815 0.727467
0 0.290625 0.353704 0.03125 0.111111 0.730562
0 0.465625 0.359259 0.0291667 0.140741 0.730652
0 0.345833 0.336111 0.0208333 0.0833333 0.734876
0 0.290625 0.352778 0.0333333 0.112963 0.73751
0 0.290625 0.353704 0.03125 0.111111 0.738263
0 0.465625 0.356481 0.0270833 0.135185 0.742733
0 0.346875 0.336111 0.0208333 0.0833333 0.746156
0 0.465625 0.356481 0.0270833 0.135185 0.747163
0 0.346875 0.337037 0.0208333 0.0814815 0.748056
0 0.466146 0.359259 0.028125 0.144444 0.750418
0 0.465625 0.360185 0.0291667 0.146296 0.751982
0 0.290104 0.353704 0.0322917 0.111111 0.757484
0 0.465625 0.358333 0.0291667 0.138889 0.762734
0 0.466146 0.358333 0.028125 0.138889 0.775389
0 0.219792 0.421296 0.0958333 0.372222 0.78881
0 0.220313 0.422222 0.0947917 0.37037 0.7894
0 0.220313 0.421296 0.0947917 0.368519 0.794689
0 0.465104 0.356481 0.0302083 0.131481 0.820703
0 0.464583 0.355556 0.0291667 0.133333 0.821528
0 0.221354 0.421296 0.0947917 0.375926 0.828053
0 0.220833 0.422222 0.0958333 0.366667 0.83491
0 0.220313 0.422222 0.0947917 0.366667 0.838498
0 0.221354 0.421296 0.0947917 0.375926 0.84089
0 0.221354 0.421296 0.0947917 0.375926 0.848661
0 0.221354 0.421296 0.0947917 0.364815 0.900924
0 0.220833 0.421296 0.0958333 0.368519 0.901533
0 0.221354 0.421296 0.0947917 0.364815 0.903107
0 0.220833 0.421296 0.0958333 0.368519 0.903203
0 0.220313 0.421296 0.0947917 0.368519 0.905077
0 0.220833 0.422222 0.0958333 0.366667 0.914262
0 0.220833 0.422222 0.0958333 0.366667 0.91551
