0 0.305208 0.291667 0.0270833 0.0759259 0.250337
0 0.113021 0.348148 0.0302083 0.17037 0.252092
0 0.585938 0.323148 0.0239583 0.138889 0.25344
0 0.477604 0.314815 0.0260417 0.12963 0.255433
0 0.478125 0.314815 0.0270833 0.12963 0.263088
0 0.610417 0.300926 0.01875 0.0833333 0.266833
0 0.478125 0.312037 0.025 0.131481 0.268761
0 0.110417 0.341667 0.0291667 0.17963 0.269461
0 0.835417 0.535185 0.120833 0.7 0.271722
0 0.0515625 0.318519 0.021875 0.12963 0.27324
0 0.610417 0.300926 0.01875 0.087037 0.282428
0 0.113021 0.349074 0.028125 0.172222 0.284326
0 0.544792 0.313889 0.0291667 0.124074 0.28465
0 0.306771 0.287963 0.0302083 0.0759259 0.286368
0 0.304688 0.288889 0.0239583 0.0777778 0.28648
0 0.477083 0.315741 0.025 0.127778 0.288526
0 0.610417 0.301852 0.01875 0.0851852 0.29419
0 0.304167 0.288889 0.025 0.0777778 0.294654
0 0.110937 0.342593 0.028125 0.174074 0.303591
0 0.304688 0.288889 0.0239583 0.0777778 0.304774
0 0.544792 0.313889 0.0291667 0.131481 0.304985
0 0.544792 0.313889 0.0291667 0.127778 0.306762
0 0.113021 0.337963 0.0302083 0.175926 0.30728
0 0.478125 0.317593 0.025 0.127778 0.310074
0 0.053125 0.317593 0.0208333 0.116667 0.313066
0 0.0520833 0.303704 0.01875 0.107407 0.318793
0 0.5875 0.323148 0.0270833 0.138889 0.322062
0 0.053125 0.316667 0.0208333 0.118519 0.326185
0 0.305208 0.290741 0.0291667 0.0777778 0.33714
0 0.053125 0.316667 0.0208333 0.118519 0.337433
0 0.113021 0.337963 0.028125 0.175926 0.353018
0 0.305729 0.289815 0.028125 0.0759259 0.353366
0 0.306771 0.288889 0.0302083 0.0777778 0.355514
0 0.839063 0.537037 0.113542 0.681481 0.364357
0 0.1125 0.337037 0.0291667 0.174074 0.366806
0 0.110417 0.342593 0.0270833 0.174074 0.368466
0 0.140104 0.338889 0.0322917 0.196296 0.368541
0 0.588021 0.324074 0.0239583 0.137037 0.369426
0 0.140104 0.338889 0.0322917 0.192593 0.381054
0 0.478125 0.318519 0.0229167 0.125926 0.386922
0 0.478125 0.318519 0.0229167 0.122222 0.392052
0 0.543229 0.305556 0.028125 0.12963 0.395629
0 0.424479 0.324074 0.034375 0.155556 0.397415
0 0.114063 0.342593 0.0322917 0.181481 0.397552
0 0.111979 0.346296 0.028125 0.17037 0.398059
0 0.111979 0.34537 0.028125 0.168519 0.398978
0 0.610417 0.29537 0.01875 0.087037 0.415461
0 0.114063 0.341667 0.0322917 0.17963 0.415875
0 0.478125 0.318519 0.0229167 0.122222 0.417817
0 0.5875 0.323148 0.025 0.138889 0.419865
0 0.111458 0.342593 0.0270833 0.166667 0.422408
0 0.841146 0.526852 0.132292 0.735185 0.426458
0 0.477604 0.313889 0.0239583 0.131481 0.427059
0 0.0520833 0.311111 0.0208333 0.114815 0.429311
0 0.545833 0.312037 0.0291667 0.124074 0.430879
0 0.113542 0.340741 0.03125 0.174074 0.431708
0 0.839063 0.537037 0.113542 0.681481 0.43246
0 0.111458 0.342593 0.0270833 0.166667 0.437995
0 0.424479 0.324074 0.034375 0.155556 0.438027
0 0.610417 0.294444 0.01875 0.0888889 0.44052
0 0.610417 0.29537 0.01875 0.0907407 0.442001
0 0.588542 0.32037 0.0270833 0.12963 0.444157
0 0.305208 0.289815 0.0270833 0.0759259 0.448119
0 0.305729 0.288889 0.028125 0.0740741 0.450184
0 0.425 0.32037 0.0354167 0.151852 0.451444
0 0.5875 0.325 0.025 0.135185 0.456437
0 0.138021 0.335185 0.0427083 0.188889 0.45887
0 0.54375 0.306481 0.0270833 0.135185 0.459641
0 0.113021 0.341667 0.0322917 0.175926 0.460849
0 0.425521 0.319444 0.034375 0.153704 0.462688
0 0.586979 0.322222 0.0260417 0.140741 0.46556
0 0.54375 0.306481 0.0270833 0.131481 0.466522
0 0.424479 0.324074 0.034375 0.155556 0.47027
0 0.545833 0.312037 0.0270833 0.127778 0.474292
0 0.545833 0.312037 0.0270833 0.127778 0.475903
0 0.139583 0.335185 0.0375 0.196296 0.481509
0 0.586979 0.322222 0.0260417 0.140741 0.482661
0 0.305208 0.288889 0.0270833 0.0777778 0.484263
0 0.5875 0.324074 0.0270833 0.140741 0.485561
0 0.479167 0.314815 0.0229167 0.125926 0.48875
0 0.542708 0.307407 0.025 0.12963 0.493198
0 0.609375 0.296296 0.01875 0.0888889 0.49398
0 0.141667 0.337963 0.0354167 0.201852 0.495239
0 0.425521 0.324074 0.034375 0.155556 0.49588
0 0.138021 0.335185 0.0427083 0.188889 0.497674
0 0.305208 0.288889 0.0270833 0.0777778 0.504768
0 0.305208 0.288889 0.0270833 0.0777778 0.50549
0 0.233854 0.283333 0.0364583 0.12963 0.514414
0 0.138542 0.336111 0.0395833 0.194444 0.515478
0 0.609896 0.297222 0.0177083 0.0833333 0.515522
0 0.425521 0.319444 0.034375 0.15 0.515574
0 0.425521 0.324074 0.034375 0.159259 0.518163
0 0.234896 0.287037 0.0322917 0.122222 0.519003
0 0.609375 0.299074 0.01875 0.0944444 0.521356
0 0.139583 0.335185 0.0375 0.2 0.525823
0 0.426042 0.32037 0.0333333 0.151852 0.52681
0 0.588542 0.32037 0.0270833 0.137037 0.5287
0 0.479167 0.315741 0.0229167 0.124074 0.531182
0 0.479167 0.315741 0.0229167 0.124074 0.535227
0 0.142188 0.337963 0.034375 0.201852 0.53604
0 0.542708 0.308333 0.0229167 0.127778 0.537497
0 0.588542 0.32037 0.0270833 0.137037 0.537725
0 0.138021 0.336111 0.0385417 0.198148 0.537732
0 0.954167 0.55463 0.0916667 0.742593 0.538354
0 0.234896 0.287963 0.0322917 0.124074 0.541398
0 0.113542 0.342593 0.03125 0.177778 0.542433
0 0.425 0.325926 0.0333333 0.159259 0.542581
0 0.609375 0.3 0.01875 0.0888889 0.547077
0 0.478125 0.314815 0.0229167 0.125926 0.548043
0 0.234896 0.287037 0.0322917 0.122222 0.55059
0 0.542708 0.309259 0.0229167 0.12963 0.554238
0 0.425521 0.324074 0.034375 0.159259 0.558274
0 0.141667 0.337963 0.0333333 0.201852 0.560305
0 0.609375 0.298148 0.01875 0.0851852 0.56121
0 0.114063 0.341667 0.0302083 0.175926 0.564831
0 0.139583 0.335185 0.0375 0.2 0.565313
0 0.478125 0.317593 0.0229167 0.127778 0.565776
0 0.138021 0.336111 0.0385417 0.198148 0.565996
0 0.425 0.325926 0.0333333 0.159259 0.569682
0 0.544271 0.308333 0.028125 0.135185 0.570731
0 0.609375 0.298148 0.01875 0.0851852 0.571692
0 0.141146 0.333333 0.0385417 0.188889 0.57975
0 0.5875 0.324074 0.025 0.140741 0.580564
0 0.113542 0.342593 0.03125 0.177778 0.589544
0 0.609375 0.3 0.01875 0.0888889 0.591999
0 0.609375 0.3 0.01875 0.0888889 0.593592
0 0.140625 0.334259 0.0375 0.190741 0.59833
0 0.426042 0.325926 0.0333333 0.159259 0.606963
0 0.425 0.325926 0.0333333 0.159259 0.607619
0 0.233854 0.283333 0.0364583 0.122222 0.607663
0 0.426042 0.325926 0.0333333 0.159259 0.612165
0 0.233854 0.283333 0.0364583 0.122222 0.617029
0 0.54375 0.308333 0.0291667 0.135185 0.629758
0 0.544271 0.309259 0.028125 0.137037 0.630436
0 0.544271 0.308333 0.028125 0.135185 0.646416
0 0.425521 0.325 0.034375 0.161111 0.64741
0 0.425521 0.325926 0.034375 0.162963 0.648003
0 0.234896 0.283333 0.034375 0.125926 0.648793
0 0.840625 0.541667 0.116667 0.701852 0.65026
0 0.234375 0.282407 0.0354167 0.127778 0.651716
0 0.234375 0.281481 0.0354167 0.12963 0.654715
0 0.234896 0.283333 0.034375 0.125926 0.654922
0 0.5875 0.322222 0.025 0.137037 0.656172
0 0.544271 0.308333 0.028125 0.138889 0.6577
0 0.234896 0.283333 0.034375 0.125926 0.662506
0 0.95625 0.560185 0.0875 0.727778 0.662939
0 0.234896 0.286111 0.0322917 0.127778 0.66325
0 0.425521 0.325926 0.034375 0.162963 0.668366
0 0.234375 0.282407 0.0354167 0.127778 0.681896
0 0.5875 0.324074 0.025 0.140741 0.684141
0 0.5875 0.324074 0.025 0.140741 0.685445
0 0.544271 0.308333 0.028125 0.135185 0.686444
0 0.234375 0.284259 0.0333333 0.127778 0.692023
0 0.544792 0.311111 0.0291667 0.12963 0.692614
0 0.544271 0.308333 0.028125 0.138889 0.693589
0 0.234375 0.284259 0.0333333 0.127778 0.698652
0 0.544271 0.308333 0.028125 0.135185 0.700668
0 0.954687 0.562963 0.090625 0.751852 0.701818
0 0.426042 0.326852 0.0333333 0.161111 0.703459
0 0.5875 0.324074 0.025 0.137037 0.704891
0 0.5875 0.324074 0.025 0.137037 0.70757
0 0.234896 0.286111 0.0322917 0.124074 0.711602
0 0.954687 0.561111 0.090625 0.755556 0.713182
0 0.544271 0.308333 0.028125 0.138889 0.713513
0 0.234896 0.286111 0.0322917 0.124074 0.714684
0 0.426562 0.326852 0.034375 0.164815 0.715269
0 0.234896 0.284259 0.034375 0.127778 0.719055
0 0.544792 0.311111 0.0291667 0.12963 0.747642
0 0.544792 0.310185 0.0291667 0.131481 0.751871
0 0.5875 0.324074 0.025 0.140741 0.780516
0 0.839063 0.537037 0.119792 0.737037 0.807901
0 0.840104 0.539815 0.115625 0.701852 0.808259
0 0.955729 0.55463 0.0885417 0.724074 0.826334
0 0.954687 0.551852 0.090625 0.744444 0.83635
0 0.954687 0.551852 0.090625 0.748148 0.845706
0 0.955208 0.550926 0.0895833 0.753704 0.87033
0 0.955208 0.549074 0.0895833 0.757407 0.884636
0 0.839063 0.542593 0.113542 0.688889 0.89064
0 0.839583 0.542593 0.114583 0.688889 0.893183
0 0.838021 0.543519 0.119792 0.716667 0.904473
