0 0.289583 0.422222 0.0854167 0.366667 0.250061
0 0.00729167 0.363889 0.0145833 0.131481 0.253298
36 0.988021 0.948148 0.0239583 0.0555556 0.254005
0 0.632292 0.356481 0.0291667 0.138889 0.254719
36 0.988021 0.948148 0.0239583 0.0555556 0.25638
0 0.464063 0.332407 0.028125 0.101852 0.257674
0 0.464583 0.331481 0.0270833 0.1 0.261561
13 0.132812 0.743519 0.261458 0.301852 0.263044
13 0.133333 0.791667 0.264583 0.27963 0.264142
36 0.986979 0.948148 0.0260417 0.0592593 0.266926
0 0.289062 0.422222 0.084375 0.366667 0.269873
13 0.132812 0.738889 0.261458 0.277778 0.271129
13 0.133333 0.790741 0.264583 0.277778 0.271498
13 0.374479 0.566667 0.115625 0.155556 0.272868
0 0.388542 0.311111 0.01875 0.0777778 0.275293
0 0.366667 0.312963 0.01875 0.0740741 0.276176
0 0.389583 0.313889 0.0166667 0.0722222 0.277326
0 0.363542 0.313889 0.01875 0.0759259 0.28114
0 0.969792 0.561111 0.0604167 0.814815 0.288936
0 0.35625 0.311111 0.0145833 0.0740741 0.290655
13 0.374479 0.564815 0.113542 0.155556 0.292246
0 0.389583 0.313889 0.0166667 0.0722222 0.299011
13 0.16875 0.801852 0.3375 0.285185 0.303288
0 0.498437 0.351852 0.0239583 0.137037 0.306178
0 0.35625 0.311111 0.0145833 0.0740741 0.306246
0 0.284896 0.422222 0.084375 0.362963 0.313522
0 0.224479 0.324074 0.065625 0.159259 0.315007
36 0.986979 0.95 0.0260417 0.0592593 0.315912
0 0.457812 0.349074 0.028125 0.15 0.31905
0 0.366667 0.317593 0.0145833 0.0685185 0.321286
0 0.00729167 0.363889 0.0145833 0.127778 0.322049
0 0.366667 0.312963 0.0166667 0.0740741 0.324506
13 0.377604 0.559259 0.113542 0.133333 0.324509
0 0.285417 0.422222 0.0854167 0.359259 0.327833
0 0.6125 0.358333 0.06875 0.138889 0.329467
0 0.366667 0.313889 0.0166667 0.0722222 0.329844
13 0.167708 0.8 0.335417 0.277778 0.336987
0 0.457292 0.338889 0.0291667 0.118519 0.337249
0 0.225 0.325 0.0645833 0.161111 0.338026
13 0.16875 0.801852 0.3375 0.277778 0.339498
0 0.497917 0.349074 0.025 0.142593 0.341642
0 0.225 0.324074 0.0645833 0.159259 0.342051
0 0.285417 0.422222 0.0854167 0.366667 0.342765
0 0.478125 0.330556 0.0166667 0.0833333 0.34422
0 0.458333 0.348148 0.0270833 0.148148 0.346394
0 0.498437 0.349074 0.0239583 0.146296 0.348738
0 0.366667 0.316667 0.0145833 0.0666667 0.349902
0 0.457812 0.348148 0.028125 0.148148 0.351072
0 0.229167 0.324074 0.06875 0.155556 0.352094
0 0.695833 0.335185 0.0166667 0.103704 0.354517
0 0.970312 0.534259 0.059375 0.801852 0.363075
0 0.00729167 0.363889 0.0145833 0.131481 0.366243
0 0.695833 0.335185 0.0166667 0.1 0.368322
0 0.6125 0.358333 0.0645833 0.138889 0.373852
0 0.00729167 0.360185 0.0145833 0.138889 0.373899
0 0.477604 0.330556 0.0177083 0.087037 0.378483
0 0.498437 0.351852 0.028125 0.140741 0.379307
0 0.228646 0.323148 0.0677083 0.153704 0.379764
0 0.969792 0.543519 0.0604167 0.853704 0.384007
0 0.695312 0.335185 0.015625 0.103704 0.384927
0 0.630208 0.359259 0.0291667 0.133333 0.387525
0 0.457292 0.338889 0.0291667 0.118519 0.387575
0 0.498958 0.350926 0.025 0.135185 0.390203
0 0.228646 0.324074 0.0677083 0.155556 0.392581
0 0.226042 0.321296 0.0645833 0.153704 0.394
0 0.695833 0.336111 0.0166667 0.109259 0.399538
0 0.0078125 0.360185 0.0135417 0.138889 0.39972
0 0.225521 0.321296 0.0635417 0.153704 0.400234
0 0.970833 0.533333 0.05625 0.785185 0.40028
0 0.457812 0.344444 0.028125 0.133333 0.408091
0 0.611979 0.358333 0.065625 0.142593 0.410276
0 0.00833333 0.361111 0.0145833 0.12963 0.410593
13 0.375521 0.562963 0.117708 0.140741 0.413314
0 0.591146 0.351852 0.0322917 0.159259 0.413883
0 0.477604 0.330556 0.0177083 0.0833333 0.418157
13 0.376042 0.563889 0.116667 0.138889 0.419246
0 0.695312 0.343519 0.0177083 0.0981481 0.420922
13 0.375521 0.563889 0.117708 0.138889 0.425308
0 0.225521 0.323148 0.0635417 0.153704 0.427499
0 0.498958 0.351852 0.0270833 0.140741 0.43082
0 0.458333 0.338889 0.0291667 0.118519 0.431184
0 0.591146 0.352778 0.0322917 0.157407 0.437747
0 0.695312 0.342593 0.0177083 0.1 0.439365
0 0.222917 0.321296 0.0604167 0.161111 0.44472
0 0.629687 0.357407 0.028125 0.12963 0.448092
0 0.498958 0.352778 0.0270833 0.138889 0.45018
0 0.224479 0.327778 0.065625 0.17037 0.452763
0 0.222917 0.321296 0.0604167 0.161111 0.452872
0 0.695312 0.342593 0.0177083 0.1 0.455677
13 0.374479 0.562963 0.113542 0.137037 0.455932
0 0.221354 0.322222 0.059375 0.162963 0.462054
0 0.221354 0.322222 0.0572917 0.162963 0.465069
13 0.375 0.562963 0.1125 0.133333 0.467766
0 0.695833 0.340741 0.0166667 0.103704 0.46969
13 0.375 0.562963 0.1125 0.133333 0.469882
0 0.695833 0.337963 0.0166667 0.105556 0.471267
0 0.695833 0.337963 0.0166667 0.101852 0.47231
0 0.0078125 0.359259 0.015625 0.144444 0.474854
13 0.375 0.562963 0.1125 0.133333 0.478827
13 0.375 0.560185 0.1125 0.138889 0.480133
0 0.695833 0.337963 0.0166667 0.105556 0.482459
0 0.0078125 0.360185 0.015625 0.142593 0.489951
0 0.0078125 0.362037 0.015625 0.135185 0.494256
0 0.0078125 0.362037 0.015625 0.135185 0.50633
0 0.498437 0.352778 0.0260417 0.138889 0.506936
0 0.457292 0.340741 0.0291667 0.122222 0.527309
0 0.630208 0.359259 0.0270833 0.137037 0.528445
0 0.223438 0.323148 0.059375 0.157407 0.533074
0 0.223438 0.323148 0.059375 0.157407 0.534675
0 0.630208 0.359259 0.0291667 0.137037 0.536203
0 0.222396 0.322222 0.059375 0.155556 0.536537
0 0.498958 0.353704 0.0270833 0.140741 0.536662
0 0.695833 0.337963 0.0166667 0.109259 0.543805
0 0.223958 0.323148 0.0604167 0.157407 0.548041
0 0.222396 0.322222 0.059375 0.155556 0.551011
0 0.498437 0.352778 0.0260417 0.138889 0.554536
0 0.222396 0.322222 0.059375 0.155556 0.55792
0 0.223958 0.323148 0.0625 0.157407 0.561044
0 0.498958 0.351852 0.025 0.137037 0.585227
0 0.96875 0.556481 0.0604167 0.812963 0.58677
0 0.458333 0.34537 0.0291667 0.135185 0.591721
0 0.629687 0.358333 0.0260417 0.138889 0.595737
0 0.629687 0.358333 0.028125 0.138889 0.597254
0 0.498437 0.353704 0.0260417 0.140741 0.604163
0 0.457292 0.339815 0.0291667 0.127778 0.60552
0 0.458333 0.34537 0.0291667 0.135185 0.612313
0 0.457812 0.343519 0.0302083 0.135185 0.615689
0 0.457292 0.339815 0.0291667 0.127778 0.618059
0 0.458333 0.344444 0.0291667 0.133333 0.640457
0 0.457812 0.344444 0.0302083 0.133333 0.651218
0 0.457812 0.344444 0.028125 0.133333 0.655329
0 0.457292 0.344444 0.0291667 0.140741 0.656536
0 0.224479 0.325 0.0635417 0.164815 0.658946
0 0.498437 0.352778 0.0239583 0.146296 0.660971
0 0.457292 0.344444 0.0291667 0.140741 0.662582
0 0.498437 0.352778 0.0239583 0.142593 0.694394
0 0.498958 0.351852 0.025 0.140741 0.694614
0 0.630729 0.357407 0.028125 0.133333 0.696403
0 0.498958 0.351852 0.025 0.140741 0.700372
0 0.286979 0.418519 0.084375 0.37037 0.726038
0 0.498958 0.353704 0.025 0.137037 0.729263
0 0.590625 0.353704 0.03125 0.159259 0.744794
0 0.286458 0.417593 0.0833333 0.372222 0.757607
0 0.286458 0.417593 0.0854167 0.368519 0.759315
0 0.590625 0.353704 0.03125 0.155556 0.759586
0 0.630729 0.358333 0.028125 0.138889 0.763036
0 0.590625 0.353704 0.03125 0.159259 0.764266
0 0.590625 0.353704 0.03125 0.159259 0.768912
0 0.630729 0.358333 0.028125 0.138889 0.781972
0 0.591146 0.352778 0.0322917 0.157407 0.793528
0 0.590625 0.352778 0.03125 0.157407 0.794461
0 0.630729 0.359259 0.028125 0.137037 0.797303
0 0.590625 0.352778 0.03125 0.157407 0.79868
0 0.630729 0.358333 0.028125 0.138889 0.799493
0 0.590625 0.353704 0.03125 0.159259 0.801567
0 0.630729 0.358333 0.028125 0.138889 0.808398
0 0.590625 0.353704 0.03125 0.155556 0.810259
0 0.630729 0.357407 0.028125 0.137037 0.812435
0 0.590625 0.353704 0.03125 0.159259 0.813146
0 0.630729 0.357407 0.028125 0.137037 0.814009
0 0.286979 0.422222 0.0864583 0.37037 0.81443
0 0.286979 0.422222 0.0864583 0.37037 0.816258
0 0.286979 0.422222 0.0864583 0.37037 0.819757
0 0.286979 0.417593 0.084375 0.368519 0.824781
0 0.286458 0.418519 0.0833333 0.366667 0.832909
0 0.630729 0.358333 0.028125 0.138889 0.835948
0 0.285937 0.421296 0.084375 0.368519 0.846298
0 0.285417 0.42037 0.0833333 0.366667 0.84724
0 0.286458 0.42037 0.0833333 0.366667 0.848634
0 0.286458 0.418519 0.0833333 0.366667 0.84923
