0 0.477083 0.461111 0.0145833 0.0888889 0.250251
0 0.661979 0.537037 0.046875 0.292593 0.251867
26 0.683854 0.591667 0.0239583 0.0833333 0.252388
0 0.351042 0.427778 0.0416667 0.0777778 0.254037
0 0.158333 0.539815 0.0541667 0.246296 0.255058
0 0.24375 0.455556 0.01875 0.062963 0.257027
28 0.682813 0.59537 0.0260417 0.0685185 0.257817
0 0.244792 0.459259 0.01875 0.062963 0.260622
0 0.466667 0.460185 0.01875 0.0796296 0.263062
0 0.466667 0.460185 0.01875 0.0796296 0.263656
28 0.682813 0.594444 0.0260417 0.0740741 0.264118
28 0.683333 0.594444 0.025 0.0740741 0.264658
28 0.682813 0.596296 0.028125 0.0666667 0.26589
0 0.477083 0.461111 0.0145833 0.0888889 0.268118
13 0.515104 0.598148 0.169792 0.0851852 0.270108
28 0.684375 0.59537 0.025 0.0685185 0.273295
0 0.24375 0.45463 0.01875 0.0611111 0.275432
28 0.682813 0.594444 0.0260417 0.0740741 0.275516
0 0.467708 0.464815 0.0229167 0.0888889 0.277731
28 0.682813 0.59537 0.028125 0.0685185 0.277871
0 0.466667 0.460185 0.01875 0.0796296 0.284598
0 0.466146 0.462037 0.0239583 0.0796296 0.285989
0 0.354167 0.427778 0.0395833 0.0777778 0.286444
26 0.130208 0.598148 0.03125 0.0703704 0.287759
0 0.354167 0.427778 0.0395833 0.0777778 0.289187
0 0.161458 0.528704 0.0541667 0.238889 0.295226
0 0.182292 0.5 0.0291667 0.162963 0.295614
13 0.510417 0.590741 0.179167 0.0851852 0.297377
26 0.682292 0.593518 0.025 0.0796296 0.298943
0 0.6 0.5 0.0354167 0.155556 0.306918
26 0.131771 0.59537 0.0322917 0.0759259 0.313213
0 0.659375 0.525 0.0458333 0.268519 0.317356
26 0.13125 0.59537 0.0333333 0.0759259 0.318615
0 0.465625 0.462037 0.0166667 0.0833333 0.320879
26 0.129688 0.6 0.028125 0.0703704 0.322944
26 0.131771 0.594444 0.034375 0.0740741 0.324078
26 0.130729 0.598148 0.0322917 0.0740741 0.324188
0 0.104167 0.517593 0.0291667 0.168519 0.324834
26 0.130208 0.598148 0.0333333 0.0740741 0.326284
0 0.24375 0.456481 0.0166667 0.0611111 0.327765
0 0.465625 0.462037 0.0166667 0.0833333 0.327889
26 0.130208 0.598148 0.03125 0.0703704 0.329114
0 0.6 0.5 0.0354167 0.151852 0.329463
0 0.104687 0.517593 0.028125 0.168519 0.33048
0 0.440625 0.459259 0.0166667 0.0814815 0.331437
0 0.441146 0.459259 0.0177083 0.0814815 0.332547
0 0.296875 0.462963 0.01875 0.0814815 0.332683
0 0.173438 0.513889 0.0364583 0.198148 0.336977
26 0.130729 0.597222 0.0322917 0.0722222 0.338681
0 0.298438 0.462963 0.0177083 0.0814815 0.339166
0 0.173438 0.514815 0.0364583 0.2 0.341011
26 0.131771 0.594444 0.034375 0.0777778 0.34315
26 0.130729 0.598148 0.0322917 0.0740741 0.345517
26 0.129688 0.6 0.028125 0.0703704 0.346582
0 0.299479 0.464815 0.0197917 0.0814815 0.34955
26 0.129688 0.6 0.028125 0.0703704 0.349785
0 0.185937 0.501852 0.0239583 0.155556 0.351231
0 0.465625 0.462037 0.0166667 0.0833333 0.352728
0 0.186458 0.501852 0.0229167 0.155556 0.359101
0 0.440625 0.459259 0.0166667 0.0814815 0.35912
0 0.181771 0.503704 0.028125 0.166667 0.360503
26 0.13125 0.59537 0.0333333 0.0759259 0.361096
0 0.599479 0.505556 0.034375 0.155556 0.362021
0 0.181771 0.50463 0.028125 0.164815 0.363829
0 0.176563 0.508333 0.0364583 0.172222 0.364125
0 0.470313 0.465741 0.021875 0.087037 0.372529
0 0.491146 0.462963 0.0197917 0.0925926 0.380976
0 0.470833 0.465741 0.0229167 0.0907407 0.382587
0 0.298958 0.464815 0.0208333 0.0814815 0.385658
26 0.130729 0.597222 0.0322917 0.0722222 0.386156
0 0.297396 0.462963 0.0177083 0.0814815 0.3878
0 0.24375 0.457407 0.0166667 0.0592593 0.390391
0 0.182812 0.499074 0.028125 0.161111 0.390551
0 0.599479 0.505556 0.034375 0.155556 0.392112
0 0.244271 0.457407 0.0177083 0.0592593 0.392399
0 0.299479 0.464815 0.0197917 0.0814815 0.395176
0 0.488021 0.465741 0.0239583 0.0944444 0.39646
28 0.682813 0.594444 0.0260417 0.0703704 0.400377
0 0.482292 0.465741 0.025 0.0944444 0.400792
0 0.182812 0.500926 0.028125 0.161111 0.402174
0 0.470833 0.465741 0.0229167 0.0907407 0.404416
0 0.177083 0.507407 0.0354167 0.177778 0.40478
0 0.1625 0.528704 0.0520833 0.235185 0.4069
0 0.491146 0.462963 0.0197917 0.0962963 0.410258
0 0.297917 0.464815 0.01875 0.0814815 0.414984
0 0.491146 0.462963 0.0197917 0.0962963 0.415224
0 0.6 0.505556 0.0354167 0.155556 0.417042
0 0.161458 0.52963 0.0520833 0.237037 0.418903
0 0.297917 0.463889 0.01875 0.0796296 0.419281
0 0.24375 0.457407 0.0166667 0.0592593 0.427819
0 0.482292 0.465741 0.025 0.0944444 0.431855
0 0.482812 0.465741 0.0239583 0.0944444 0.435587
0 0.179688 0.508333 0.0322917 0.175926 0.440561
0 0.297917 0.463889 0.01875 0.0796296 0.440746
0 0.160938 0.530556 0.053125 0.238889 0.44556
0 0.600521 0.503704 0.034375 0.155556 0.448632
0 0.600521 0.502778 0.034375 0.153704 0.467555
0 0.161979 0.528704 0.053125 0.242593 0.46874
0 0.659375 0.532407 0.05 0.290741 0.473523
0 0.440625 0.458333 0.0166667 0.0796296 0.473694
0 0.440625 0.458333 0.0166667 0.0796296 0.475136
0 0.600521 0.503704 0.034375 0.151852 0.475705
0 0.157292 0.532407 0.0479167 0.238889 0.475992
0 0.659375 0.532407 0.05 0.27963 0.494062
0 0.600521 0.50463 0.0322917 0.153704 0.496532
0 0.440625 0.457407 0.0166667 0.0777778 0.5008
0 0.156771 0.532407 0.046875 0.238889 0.502705
0 0.440625 0.457407 0.0166667 0.0814815 0.507321
0 0.440625 0.457407 0.0166667 0.0814815 0.509325
0 0.441146 0.458333 0.015625 0.0796296 0.513683
0 0.159896 0.537037 0.0510417 0.240741 0.514531
0 0.659896 0.532407 0.0489583 0.283333 0.515554
0 0.440625 0.458333 0.0166667 0.0796296 0.524818
0 0.182292 0.506481 0.0270833 0.164815 0.525655
0 0.182292 0.505556 0.0270833 0.162963 0.530325
0 0.600521 0.50463 0.0322917 0.153704 0.538126
0 0.440625 0.457407 0.0166667 0.0814815 0.539034
0 0.156771 0.531482 0.046875 0.240741 0.542936
0 0.489583 0.465741 0.0229167 0.0944444 0.553744
0 0.159896 0.535185 0.0489583 0.237037 0.560059
0 0.0609375 0.514815 0.0364583 0.188889 0.565624
0 0.0609375 0.514815 0.0364583 0.185185 0.57757
0 0.159375 0.534259 0.0479167 0.238889 0.579642
0 0.1625 0.531482 0.05 0.240741 0.581727
0 0.159375 0.534259 0.0479167 0.238889 0.603423
0 0.1625 0.532407 0.05 0.242593 0.608803
0 0.491146 0.464815 0.021875 0.0962963 0.610957
0 0.660417 0.537037 0.0458333 0.277778 0.613907
0 0.492708 0.464815 0.0208333 0.0962963 0.622793
0 0.491146 0.464815 0.021875 0.1 0.624277
0 0.491146 0.464815 0.021875 0.1 0.624937
0 0.104687 0.515741 0.028125 0.168519 0.633389
0 0.104687 0.515741 0.028125 0.168519 0.635067
0 0.161979 0.532407 0.0510417 0.242593 0.644778
0 0.105729 0.514815 0.028125 0.162963 0.650619
0 0.105729 0.515741 0.028125 0.161111 0.650633
0 0.659896 0.537037 0.046875 0.277778 0.663134
0 0.599479 0.506481 0.034375 0.161111 0.66463
0 0.659896 0.532407 0.046875 0.27963 0.670957
0 0.6 0.506481 0.0333333 0.153704 0.677709
0 0.105729 0.515741 0.028125 0.161111 0.683576
0 0.105208 0.514815 0.0291667 0.166667 0.687127
0 0.659896 0.533333 0.046875 0.281481 0.691868
0 0.660417 0.533333 0.0458333 0.277778 0.692082
0 0.6 0.506481 0.0333333 0.161111 0.69244
0 0.659896 0.532407 0.046875 0.283333 0.699715
0 0.10625 0.516667 0.0291667 0.162963 0.704755
0 0.10625 0.516667 0.0291667 0.162963 0.705894
0 0.599479 0.506481 0.0322917 0.153704 0.706014
0 0.105208 0.514815 0.0291667 0.162963 0.710381
0 0.105729 0.515741 0.0302083 0.164815 0.711419
0 0.659896 0.536111 0.046875 0.275926 0.711949
0 0.660937 0.533333 0.0447917 0.274074 0.730694
0 0.599479 0.506481 0.0322917 0.153704 0.731382
0 0.660417 0.533333 0.0458333 0.277778 0.732637
0 0.6 0.506481 0.0333333 0.153704 0.733274
0 0.599479 0.506481 0.034375 0.161111 0.735445
0 0.6 0.506481 0.0333333 0.161111 0.744898
0 0.10625 0.517593 0.0291667 0.164815 0.748561
0 0.159896 0.536111 0.0510417 0.25 0.751361
0 0.6 0.506481 0.0333333 0.153704 0.754824
0 0.104687 0.518519 0.028125 0.159259 0.756078
0 0.0598958 0.514815 0.0385417 0.185185 0.759116
0 0.0588542 0.512963 0.040625 0.185185 0.759812
0 0.104687 0.518519 0.028125 0.162963 0.760458
0 0.059375 0.512963 0.0395833 0.185185 0.76286
0 0.0598958 0.514815 0.0385417 0.185185 0.764484
0 0.0598958 0.514815 0.0385417 0.185185 0.766536
0 0.0598958 0.514815 0.0385417 0.181481 0.777494
0 0.660417 0.533333 0.0458333 0.277778 0.778905
0 0.6 0.505556 0.0333333 0.155556 0.783892
0 0.0598958 0.514815 0.0385417 0.181481 0.7985
0 0.0598958 0.514815 0.0385417 0.181481 0.816204
0 0.0598958 0.513889 0.0385417 0.183333 0.818681
0 0.661458 0.533333 0.04375 0.274074 0.820122
0 0.0598958 0.514815 0.0385417 0.185185 0.835319
0 0.059375 0.513889 0.0375 0.187037 0.845623
0 0.0598958 0.514815 0.0385417 0.185185 0.846894
0 0.0598958 0.512963 0.0364583 0.188889 0.850901
