0 0.544271 0.32963 0.015625 0.0666667 0.250889
0 0.546875 0.32963 0.0145833 0.0555556 0.254227
0 0.501042 0.357407 0.0354167 0.125926 0.25717
1 0.960938 0.408333 0.040625 0.112963 0.257585
0 0.500521 0.368519 0.0322917 0.12963 0.258536
0 0.400521 0.335185 0.015625 0.0666667 0.259393
1 0.961458 0.410185 0.0375 0.105556 0.260141
0 0.188021 0.412963 0.0510417 0.237037 0.268704
1 0.960938 0.408333 0.040625 0.112963 0.268743
0 0.0958333 0.510185 0.172917 0.557407 0.269274
0 0.719271 0.388889 0.0572917 0.307407 0.274175
1 0.961458 0.408333 0.0395833 0.112963 0.274596
0 0.375 0.34537 0.025 0.105556 0.282456
0 0.103646 0.532407 0.184375 0.568519 0.282999
0 0.544271 0.32963 0.0135417 0.062963 0.283306
0 0.544271 0.32963 0.015625 0.0592593 0.286027
0 0.500521 0.358333 0.034375 0.127778 0.288813
0 0.717708 0.394444 0.075 0.292593 0.289155
0 0.497917 0.37037 0.0270833 0.12963 0.290096
0 0.497917 0.37037 0.0270833 0.12963 0.293708
0 0.716146 0.393519 0.0614583 0.298148 0.29745
0 0.45 0.362037 0.0291667 0.15 0.29746
0 0.373437 0.346296 0.0260417 0.114815 0.298633
0 0.189063 0.425 0.053125 0.272222 0.298666
0 0.716146 0.394444 0.0614583 0.3 0.299528
0 0.189583 0.424074 0.0520833 0.277778 0.299953
0 0.189583 0.424074 0.0541667 0.274074 0.299997
0 0.450521 0.360185 0.0302083 0.153704 0.303099
0 0.450521 0.360185 0.0302083 0.153704 0.303179
0 0.728646 0.391667 0.0677083 0.298148 0.304758
0 0.544271 0.32963 0.0135417 0.062963 0.305613
0 0.398438 0.334259 0.015625 0.0722222 0.30581
0 0.716146 0.393519 0.0614583 0.298148 0.306515
0 0.185417 0.407407 0.05 0.225926 0.307624
0 0.501562 0.357407 0.034375 0.125926 0.307698
0 0.375 0.346296 0.025 0.107407 0.311237
0 0.375 0.346296 0.025 0.107407 0.319961
0 0.542188 0.330556 0.015625 0.0648148 0.32038
0 0.498437 0.357407 0.028125 0.118519 0.320977
0 0.373437 0.346296 0.0260417 0.114815 0.321974
0 0.450521 0.357407 0.028125 0.137037 0.32811
0 0.45 0.362037 0.0291667 0.153704 0.331656
0 0.694792 0.362037 0.0375 0.209259 0.337549
0 0.398438 0.334259 0.0177083 0.0722222 0.339977
0 0.185417 0.410185 0.0520833 0.231481 0.341231
0 0.188542 0.423148 0.05 0.257407 0.345785
0 0.518229 0.359259 0.0239583 0.0925926 0.347525
0 0.498437 0.358333 0.028125 0.12037 0.352689
0 0.729688 0.394444 0.0614583 0.3 0.355478
0 0.730208 0.39537 0.0625 0.298148 0.356363
0 0.729688 0.394444 0.0635417 0.3 0.356807
0 0.498437 0.357407 0.028125 0.118519 0.358414
0 0.694792 0.362037 0.0375 0.212963 0.358597
0 0.694792 0.361111 0.0375 0.207407 0.366341
0 0.449479 0.362037 0.028125 0.15 0.366568
0 0.401042 0.331481 0.0166667 0.0666667 0.37107
0 0.398958 0.334259 0.0166667 0.0722222 0.379456
0 0.544271 0.32963 0.0135417 0.0666667 0.402573
0 0.518229 0.359259 0.0239583 0.0962963 0.402964
0 0.188021 0.428704 0.0552083 0.27963 0.404695
0 0.701563 0.385185 0.0385417 0.288889 0.405619
0 0.518229 0.359259 0.0239583 0.0962963 0.407902
0 0.544271 0.32963 0.0135417 0.0666667 0.411635
0 0.373437 0.346296 0.0260417 0.114815 0.431321
0 0.184896 0.414815 0.0510417 0.248148 0.431375
0 0.496875 0.358333 0.0270833 0.127778 0.438412
0 0.729688 0.391667 0.0635417 0.298148 0.446228
0 0.372917 0.346296 0.025 0.114815 0.447112
0 0.497396 0.367593 0.0260417 0.127778 0.450529
0 0.400521 0.334259 0.0135417 0.0648148 0.454129
0 0.450521 0.357407 0.028125 0.133333 0.458913
0 0.695833 0.382407 0.0395833 0.257407 0.468157
0 0.700521 0.391667 0.0322917 0.287037 0.470522
0 0.1875 0.422222 0.05 0.255556 0.478282
0 0.496875 0.364815 0.0291667 0.133333 0.486188
0 0.731771 0.390741 0.0552083 0.307407 0.49342
0 0.720833 0.391667 0.075 0.290741 0.494151
0 0.496875 0.365741 0.0291667 0.138889 0.495857
0 0.400521 0.334259 0.0135417 0.0648148 0.498351
0 0.186979 0.425 0.0552083 0.275926 0.501536
0 0.621354 0.360185 0.0260417 0.127778 0.51237
0 0.725521 0.392593 0.071875 0.3 0.513533
0 0.451562 0.362963 0.0302083 0.151852 0.515714
0 0.497396 0.368519 0.0260417 0.12963 0.5212
0 0.721354 0.391667 0.0739583 0.290741 0.522002
0 0.496354 0.366667 0.028125 0.140741 0.528121
0 0.497396 0.367593 0.0260417 0.127778 0.529807
0 0.621354 0.359259 0.0260417 0.12963 0.533762
0 0.697396 0.387963 0.040625 0.264815 0.5345
0 0.728646 0.393519 0.065625 0.294444 0.535208
0 0.621354 0.359259 0.0260417 0.12963 0.537204
0 0.720312 0.393519 0.0677083 0.301852 0.538064
0 0.496875 0.364815 0.0270833 0.133333 0.538433
0 0.1875 0.426852 0.0541667 0.272222 0.53869
0 0.697917 0.391667 0.0333333 0.283333 0.540671
0 0.697917 0.387963 0.0416667 0.264815 0.542804
0 0.496875 0.359259 0.0270833 0.12963 0.543237
0 0.496875 0.359259 0.0270833 0.12963 0.550332
0 0.697917 0.387963 0.0416667 0.264815 0.550437
0 0.451562 0.362037 0.0302083 0.153704 0.552398
0 0.721354 0.391667 0.0739583 0.294444 0.555825
0 0.452083 0.362963 0.0291667 0.151852 0.56291
0 0.497396 0.364815 0.028125 0.133333 0.563994
0 0.496875 0.365741 0.0291667 0.138889 0.568207
0 0.728646 0.393519 0.065625 0.294444 0.577692
0 0.725521 0.393519 0.071875 0.301852 0.587571
0 0.101562 0.517593 0.178125 0.568519 0.59575
0 0.103125 0.522222 0.179167 0.566667 0.597205
0 0.103646 0.523148 0.184375 0.590741 0.604345
0 0.1875 0.424074 0.0520833 0.266667 0.604586
0 0.186979 0.424074 0.053125 0.27037 0.606804
0 0.373437 0.348148 0.0239583 0.111111 0.610386
0 0.186979 0.423148 0.053125 0.268519 0.611931
0 0.621875 0.359259 0.0291667 0.125926 0.622233
0 0.373437 0.348148 0.0239583 0.111111 0.622459
0 0.373437 0.348148 0.0239583 0.111111 0.628436
0 0.728646 0.392593 0.0614583 0.3 0.634713
0 0.104167 0.524074 0.185417 0.588889 0.637564
0 0.728646 0.393519 0.065625 0.294444 0.642225
0 0.372396 0.348148 0.021875 0.111111 0.650737
0 0.103646 0.525 0.184375 0.590741 0.665384
0 0.726562 0.391667 0.0677083 0.298148 0.670857
0 0.621875 0.358333 0.0291667 0.127778 0.675044
0 0.372917 0.348148 0.0229167 0.107407 0.681457
0 0.622396 0.358333 0.028125 0.127778 0.688429
0 0.451042 0.362037 0.0291667 0.15 0.69565
0 0.373958 0.346296 0.025 0.114815 0.697225
0 0.621875 0.359259 0.0270833 0.125926 0.705241
0 0.372917 0.349074 0.0229167 0.109259 0.705399
0 0.451042 0.362037 0.0291667 0.15 0.710049
0 0.372917 0.349074 0.0229167 0.109259 0.71739
0 0.451042 0.361111 0.0291667 0.148148 0.720759
0 0.622396 0.359259 0.028125 0.125926 0.721702
0 0.451042 0.361111 0.0291667 0.148148 0.726666
0 0.622396 0.359259 0.028125 0.125926 0.728578
0 0.372917 0.346296 0.0229167 0.111111 0.736983
0 0.450521 0.361111 0.028125 0.151852 0.738441
0 0.372917 0.347222 0.0229167 0.112963 0.742028
0 0.372917 0.347222 0.0229167 0.112963 0.747413
0 0.726562 0.393519 0.0677083 0.301852 0.753213
0 0.451042 0.361111 0.0291667 0.148148 0.754306
0 0.621875 0.359259 0.0270833 0.12963 0.755861
0 0.622396 0.358333 0.028125 0.127778 0.756288
0 0.621875 0.360185 0.0270833 0.127778 0.761084
0 0.372917 0.347222 0.0229167 0.112963 0.765144
0 0.622396 0.359259 0.028125 0.12963 0.767932
0 0.622396 0.359259 0.028125 0.125926 0.771792
0 0.622396 0.359259 0.028125 0.125926 0.773352
0 0.621875 0.359259 0.0270833 0.125926 0.774079
0 0.621875 0.360185 0.0270833 0.127778 0.775594
0 0.622396 0.360185 0.028125 0.127778 0.778572
0 0.450521 0.358333 0.028125 0.142593 0.790928
0 0.450521 0.358333 0.028125 0.146296 0.79357
0 0.451042 0.357407 0.0291667 0.148148 0.801376
0 0.451042 0.357407 0.0291667 0.148148 0.806943
0 0.102604 0.523148 0.182292 0.568519 0.85059
0 0.101562 0.517593 0.186458 0.575926 0.868884
0 0.101562 0.518519 0.182292 0.581481 0.885546
0 0.101562 0.518519 0.182292 0.581481 0.893761
0 0.102083 0.519444 0.183333 0.583333 0.893997
0 0.102083 0.518519 0.18125 0.581481 0.897212
0 0.102083 0.518519 0.183333 0.581481 0.897728
0 0.101562 0.518519 0.182292 0.581481 0.900045
