0 0.328125 0.278704 0.0270833 0.0722222 0.25033
0 0.559375 0.297222 0.0291667 0.127778 0.251719
0 0.327604 0.284259 0.0260417 0.0611111 0.252445
0 0.193229 0.341667 0.0447917 0.235185 0.253028
0 0.559896 0.303704 0.0302083 0.12963 0.253696
26 0.891146 0.438889 0.0385417 0.181481 0.25504
0 0.090625 0.314815 0.0229167 0.114815 0.257662
0 0.090625 0.315741 0.0229167 0.116667 0.262569
0 0.0572917 0.288889 0.0208333 0.0777778 0.266364
0 0.592708 0.312963 0.0270833 0.125926 0.274534
0 0.49375 0.29537 0.0270833 0.146296 0.275782
0 0.192188 0.343519 0.0510417 0.238889 0.276324
0 0.836979 0.512963 0.151042 0.696296 0.280455
0 0.0588542 0.288889 0.0197917 0.0814815 0.283703
0 0.191667 0.337037 0.05 0.225926 0.284065
0 0.059375 0.287963 0.0208333 0.0833333 0.288548
0 0.559375 0.303704 0.03125 0.133333 0.289743
0 0.834896 0.509259 0.142708 0.633333 0.28986
0 0.494792 0.30463 0.0208333 0.135185 0.290007
0 0.559375 0.303704 0.03125 0.133333 0.29623
0 0.059375 0.287963 0.0208333 0.0833333 0.303857
0 0.559896 0.299074 0.028125 0.131481 0.305562
0 0.327604 0.282407 0.0260417 0.0648148 0.308723
0 0.19375 0.342593 0.0458333 0.240741 0.309446
0 0.559375 0.298148 0.0270833 0.12963 0.310543
0 0.328125 0.280556 0.0270833 0.0648148 0.312881
0 0.558854 0.302778 0.0260417 0.135185 0.313032
0 0.327604 0.282407 0.0260417 0.0648148 0.313408
0 0.832812 0.517593 0.144792 0.653704 0.315289
0 0.494792 0.30463 0.0208333 0.135185 0.31722
0 0.593229 0.312963 0.0260417 0.133333 0.321523
0 0.327604 0.282407 0.0260417 0.0648148 0.321859
0 0.592708 0.312963 0.025 0.133333 0.322027
0 0.327604 0.282407 0.0260417 0.0648148 0.324442
0 0.284896 0.282407 0.0302083 0.105556 0.325131
0 0.0911458 0.309259 0.0260417 0.125926 0.325698
0 0.191667 0.338889 0.05 0.225926 0.326164
0 0.090625 0.312037 0.0291667 0.124074 0.330629
0 0.090625 0.310185 0.025 0.124074 0.334706
0 0.494792 0.3 0.0270833 0.137037 0.335566
0 0.0583333 0.287963 0.01875 0.0833333 0.34028
0 0.193229 0.325926 0.0427083 0.196296 0.343972
0 0.595833 0.310185 0.03125 0.127778 0.345695
0 0.192708 0.326852 0.0416667 0.194444 0.34572
0 0.0911458 0.311111 0.028125 0.125926 0.347274
0 0.284375 0.283333 0.03125 0.103704 0.348915
0 0.284375 0.282407 0.0291667 0.105556 0.355472
0 0.831771 0.515741 0.136458 0.646296 0.364096
0 0.603125 0.309259 0.0458333 0.137037 0.366506
0 0.190104 0.327778 0.040625 0.203704 0.37823
0 0.494271 0.300926 0.0260417 0.138889 0.378582
0 0.49375 0.29537 0.025 0.146296 0.380028
0 0.090625 0.312037 0.0270833 0.124074 0.384013
0 0.602083 0.310185 0.04375 0.135185 0.384178
0 0.190104 0.326852 0.0385417 0.201852 0.390214
0 0.558854 0.297222 0.028125 0.135185 0.394155
0 0.602083 0.310185 0.04375 0.135185 0.401446
0 0.622917 0.292593 0.01875 0.0962963 0.407315
0 0.469271 0.310185 0.0302083 0.168519 0.409804
0 0.0911458 0.311111 0.028125 0.125926 0.413149
0 0.090625 0.308333 0.025 0.124074 0.41703
0 0.469271 0.310185 0.0302083 0.168519 0.418476
0 0.595833 0.310185 0.0291667 0.135185 0.426475
0 0.494271 0.300926 0.0260417 0.135185 0.428309
0 0.595833 0.310185 0.0291667 0.135185 0.431724
0 0.453646 0.316667 0.034375 0.181481 0.436823
0 0.454167 0.316667 0.0333333 0.177778 0.450292
0 0.558333 0.296296 0.0270833 0.133333 0.452909
0 0.622917 0.292593 0.01875 0.1 0.453722
0 0.593229 0.316667 0.0302083 0.12963 0.455538
0 0.494271 0.301852 0.0239583 0.12963 0.464148
0 0.0895833 0.312037 0.0270833 0.12037 0.467158
0 0.283333 0.281481 0.0333333 0.107407 0.470621
0 0.0901042 0.312037 0.0260417 0.12037 0.471758
0 0.622917 0.292593 0.01875 0.1 0.471893
0 0.0895833 0.312037 0.0270833 0.12037 0.473318
0 0.283333 0.281481 0.0333333 0.107407 0.474607
0 0.283333 0.281481 0.0333333 0.107407 0.476156
0 0.49375 0.301852 0.025 0.137037 0.491498
0 0.0911458 0.312037 0.0260417 0.124074 0.491625
0 0.558333 0.296296 0.0270833 0.133333 0.494518
0 0.494792 0.3 0.0229167 0.133333 0.499699
0 0.954167 0.534259 0.0916667 0.712963 0.501065
0 0.282292 0.281481 0.0354167 0.114815 0.503708
0 0.0916667 0.312037 0.025 0.12037 0.505887
0 0.835417 0.512963 0.14375 0.674074 0.506857
0 0.0916667 0.312037 0.025 0.12037 0.507467
0 0.282813 0.282407 0.034375 0.109259 0.511906
0 0.0916667 0.312037 0.025 0.12037 0.515979
0 0.0911458 0.311111 0.0260417 0.125926 0.517802
0 0.494271 0.303704 0.021875 0.137037 0.521676
0 0.282292 0.282407 0.0354167 0.109259 0.523106
0 0.282813 0.282407 0.034375 0.105556 0.5325
0 0.282813 0.281481 0.034375 0.107407 0.53611
0 0.192188 0.326852 0.0427083 0.198148 0.537508
0 0.283854 0.282407 0.0322917 0.109259 0.540157
0 0.558333 0.297222 0.0270833 0.138889 0.548361
0 0.283333 0.282407 0.0333333 0.105556 0.558517
0 0.284375 0.282407 0.03125 0.109259 0.565886
0 0.192188 0.326852 0.0427083 0.198148 0.567451
0 0.192188 0.326852 0.0427083 0.198148 0.574701
0 0.284375 0.282407 0.03125 0.109259 0.575833
0 0.283333 0.281481 0.0333333 0.107407 0.57767
0 0.283333 0.281481 0.0333333 0.107407 0.5833
0 0.283333 0.282407 0.0333333 0.109259 0.600846
0 0.594271 0.314815 0.0302083 0.133333 0.604106
0 0.558333 0.298148 0.0270833 0.137037 0.616103
0 0.558854 0.3 0.028125 0.137037 0.621829
0 0.623958 0.287037 0.0208333 0.0925926 0.62204
0 0.622396 0.288889 0.021875 0.0962963 0.623251
0 0.192188 0.331481 0.0427083 0.203704 0.624874
0 0.954687 0.521296 0.090625 0.72037 0.625192
0 0.831771 0.516667 0.138542 0.67037 0.626878
0 0.494271 0.3 0.0239583 0.137037 0.632088
0 0.192188 0.331481 0.0427083 0.203704 0.636631
0 0.623438 0.289815 0.0197917 0.0944444 0.639335
0 0.19375 0.337037 0.04375 0.225926 0.639999
0 0.494792 0.302778 0.0229167 0.135185 0.643502
0 0.455208 0.316667 0.0354167 0.181481 0.643517
0 0.494792 0.301852 0.025 0.133333 0.644562
0 0.19375 0.338889 0.04375 0.225926 0.644719
0 0.623958 0.287963 0.0208333 0.0944444 0.645316
0 0.19375 0.337963 0.04375 0.224074 0.646515
0 0.623958 0.287963 0.0208333 0.0944444 0.646947
0 0.455208 0.316667 0.0354167 0.181481 0.650189
0 0.455208 0.316667 0.0354167 0.181481 0.654809
0 0.592708 0.316667 0.0291667 0.133333 0.655894
0 0.45625 0.316667 0.0354167 0.181481 0.656201
0 0.593229 0.316667 0.0302083 0.133333 0.657869
0 0.623438 0.289815 0.0197917 0.0981481 0.665099
0 0.193229 0.332407 0.0427083 0.209259 0.666058
0 0.494792 0.3 0.0229167 0.140741 0.67193
0 0.558854 0.298148 0.0260417 0.133333 0.672226
0 0.559375 0.3 0.0270833 0.137037 0.673183
0 0.954687 0.522222 0.090625 0.718518 0.673303
0 0.623438 0.289815 0.0197917 0.0981481 0.673612
0 0.494792 0.299074 0.0229167 0.138889 0.681367
0 0.193229 0.331481 0.0427083 0.211111 0.682173
0 0.559375 0.3 0.0270833 0.137037 0.683917
0 0.193229 0.330556 0.0427083 0.209259 0.689731
0 0.45625 0.316667 0.0354167 0.181481 0.691072
0 0.953646 0.526852 0.0927083 0.712963 0.695043
0 0.455729 0.317593 0.034375 0.183333 0.705683
0 0.558333 0.298148 0.0270833 0.137037 0.715274
0 0.455729 0.317593 0.034375 0.183333 0.72041
0 0.594271 0.313889 0.0322917 0.135185 0.72085
0 0.558333 0.298148 0.0270833 0.137037 0.724315
0 0.558333 0.298148 0.0270833 0.137037 0.725699
0 0.558854 0.299074 0.0260417 0.131481 0.727366
0 0.455208 0.315741 0.0354167 0.17963 0.72768
0 0.45625 0.316667 0.0354167 0.181481 0.727958
0 0.45625 0.317593 0.0354167 0.183333 0.731217
0 0.622917 0.288889 0.0208333 0.1 0.731936
0 0.594271 0.313889 0.0322917 0.135185 0.738477
0 0.836458 0.513889 0.14375 0.690741 0.739004
0 0.494271 0.3 0.0239583 0.137037 0.739316
0 0.455208 0.316667 0.0354167 0.181481 0.739602
0 0.45625 0.316667 0.0354167 0.181481 0.749809
0 0.594271 0.313889 0.0322917 0.135185 0.762558
0 0.558854 0.299074 0.0260417 0.135185 0.763879
0 0.45625 0.317593 0.0354167 0.183333 0.766727
0 0.950521 0.524074 0.0989583 0.722222 0.76899
0 0.558333 0.3 0.025 0.133333 0.770269
0 0.594271 0.315741 0.0302083 0.138889 0.783506
0 0.594271 0.315741 0.0302083 0.138889 0.785914
0 0.954167 0.52963 0.0916667 0.711111 0.792834
0 0.59375 0.313889 0.03125 0.138889 0.797984
0 0.59375 0.313889 0.03125 0.138889 0.799489
0 0.836458 0.519444 0.14375 0.709259 0.802722
0 0.836458 0.513889 0.14375 0.690741 0.808655
0 0.950521 0.523148 0.0989583 0.724074 0.81575
0 0.59375 0.313889 0.03125 0.138889 0.817318
0 0.836458 0.518519 0.14375 0.707407 0.820868
0 0.95 0.524074 0.1 0.72963 0.826823
0 0.95 0.523148 0.1 0.724074 0.861311
0 0.832812 0.514815 0.142708 0.703704 0.878155
0 0.836458 0.518519 0.14375 0.696296 0.886248
0 0.836458 0.518519 0.14375 0.696296 0.89025
