0 0.659896 0.328704 0.0197917 0.0981481 0.250487
0 0.533854 0.339815 0.0239583 0.135185 0.255348
0 0.822396 0.597222 0.132292 0.698148 0.255672
0 0.539062 0.339815 0.0239583 0.127778 0.255984
0 0.510417 0.352778 0.0270833 0.146296 0.257
0 0.530729 0.34537 0.028125 0.135185 0.257618
0 0.0369792 0.373148 0.040625 0.17963 0.258444
0 0.513542 0.350926 0.04375 0.138889 0.276014
0 0.515104 0.350926 0.0385417 0.135185 0.280791
0 0.827083 0.576852 0.135417 0.657407 0.284878
0 0.621875 0.357407 0.0291667 0.12963 0.291035
0 0.497917 0.355556 0.0354167 0.137037 0.293228
0 0.498958 0.355556 0.0375 0.137037 0.300164
0 0.510417 0.349074 0.025 0.142593 0.302809
0 0.494271 0.35463 0.0302083 0.135185 0.305267
0 0.00677083 0.381481 0.0135417 0.159259 0.306867
0 0.533333 0.348148 0.0229167 0.133333 0.310746
0 0.510938 0.349074 0.0260417 0.142593 0.314366
0 0.494271 0.35463 0.0302083 0.135185 0.31944
0 0.596354 0.335185 0.0260417 0.122222 0.323272
0 0.510417 0.352778 0.025 0.135185 0.339958
0 0.822396 0.584259 0.130208 0.664815 0.342529
0 0.947396 0.590741 0.105208 0.711111 0.355502
0 0.821875 0.584259 0.13125 0.668519 0.361607
0 0.659375 0.338889 0.01875 0.0925926 0.361935
0 0.950521 0.601852 0.096875 0.651852 0.363023
0 0.597396 0.341667 0.0239583 0.12037 0.372114
0 0.597396 0.342593 0.0239583 0.122222 0.389761
0 0.597396 0.341667 0.0239583 0.12037 0.404548
0 0.659375 0.338889 0.01875 0.0925926 0.411456
0 0.0395833 0.372222 0.04375 0.185185 0.412966
0 0.659375 0.338889 0.01875 0.0925926 0.418625
0 0.597396 0.340741 0.0260417 0.125926 0.420401
0 0.620833 0.357407 0.0291667 0.133333 0.426431
0 0.383854 0.353704 0.0322917 0.185185 0.426924
0 0.511458 0.352778 0.0229167 0.146296 0.426975
0 0.315104 0.315741 0.021875 0.0907407 0.427467
0 0.0395833 0.373148 0.04375 0.183333 0.428907
0 0.596875 0.338889 0.025 0.122222 0.429829
0 0.383854 0.353704 0.0322917 0.185185 0.435304
0 0.00625 0.381481 0.0125 0.159259 0.442449
0 0.514063 0.350926 0.0260417 0.142593 0.443612
0 0.531771 0.346296 0.0260417 0.133333 0.444577
0 0.315104 0.315741 0.021875 0.0907407 0.445044
0 0.315104 0.315741 0.021875 0.0907407 0.449108
0 0.596875 0.339815 0.025 0.124074 0.449537
0 0.596875 0.339815 0.025 0.124074 0.455958
0 0.619271 0.357407 0.0322917 0.140741 0.456164
0 0.532292 0.344444 0.0229167 0.12963 0.461645
0 0.513542 0.350926 0.025 0.142593 0.462404
0 0.621875 0.358333 0.0291667 0.142593 0.46364
0 0.597396 0.339815 0.0260417 0.124074 0.470368
0 0.951563 0.598148 0.096875 0.703704 0.472074
0 0.531771 0.346296 0.021875 0.12963 0.474294
0 0.620313 0.360185 0.028125 0.138889 0.476838
0 0.315625 0.315741 0.0208333 0.0907407 0.48044
0 0.621875 0.358333 0.0291667 0.142593 0.483199
0 0.620313 0.360185 0.028125 0.138889 0.483453
0 0.596354 0.334259 0.0239583 0.12037 0.493994
0 0.620833 0.357407 0.03125 0.140741 0.494844
0 0.95 0.581481 0.1 0.703704 0.496455
0 0.621354 0.358333 0.028125 0.142593 0.504743
0 0.621354 0.358333 0.028125 0.142593 0.504762
0 0.0395833 0.374074 0.04375 0.177778 0.504954
0 0.315625 0.316667 0.0208333 0.0888889 0.513466
0 0.621875 0.358333 0.0291667 0.138889 0.515888
0 0.532292 0.344444 0.0229167 0.133333 0.517205
0 0.659896 0.333333 0.021875 0.0888889 0.518834
0 0.532292 0.344444 0.0229167 0.133333 0.530103
0 0.315625 0.32037 0.0208333 0.0814815 0.537926
0 0.621354 0.357407 0.0322917 0.140741 0.538956
0 0.659375 0.333333 0.0208333 0.0962963 0.538957
0 0.0390625 0.374074 0.0427083 0.177778 0.541564
0 0.315104 0.319444 0.0197917 0.0907407 0.555076
0 0.826042 0.582407 0.127083 0.687037 0.55611
0 0.315625 0.319444 0.0208333 0.0796296 0.55993
0 0.95 0.582407 0.1 0.705556 0.562232
0 0.947917 0.592593 0.104167 0.707407 0.567935
0 0.596875 0.339815 0.025 0.124074 0.568911
0 0.315104 0.318519 0.0197917 0.0888889 0.571948
0 0.315625 0.319444 0.0208333 0.0796296 0.572573
0 0.659375 0.333333 0.0208333 0.0888889 0.577502
0 0.315104 0.318519 0.0197917 0.0888889 0.578217
0 0.659375 0.333333 0.0208333 0.0888889 0.57981
0 0.53125 0.347222 0.0229167 0.131481 0.582469
0 0.53125 0.347222 0.0229167 0.131481 0.586969
0 0.315104 0.316667 0.0197917 0.0888889 0.591886
0 0.0390625 0.374074 0.0427083 0.177778 0.592258
0 0.659375 0.334259 0.0208333 0.0981481 0.592288
0 0.659896 0.334259 0.0197917 0.0981481 0.592613
0 0.948438 0.591667 0.103125 0.705556 0.595619
0 0.825 0.578704 0.135417 0.635185 0.602995
0 0.659375 0.333333 0.0208333 0.103704 0.605165
0 0.510938 0.352778 0.0260417 0.142593 0.605594
0 0.510417 0.353704 0.025 0.140741 0.608413
0 0.823958 0.582407 0.127083 0.683333 0.62378
0 0.824479 0.578704 0.134375 0.642593 0.62563
0 0.945833 0.586111 0.108333 0.716667 0.626833
0 0.659375 0.333333 0.0208333 0.103704 0.636073
0 0.945833 0.586111 0.108333 0.716667 0.677861
0 0.382292 0.351852 0.0333333 0.188889 0.695256
0 0.382292 0.351852 0.0333333 0.188889 0.696952
0 0.620833 0.357407 0.0291667 0.144444 0.703366
0 0.620833 0.356481 0.0291667 0.142593 0.703753
0 0.382292 0.351852 0.0333333 0.188889 0.705983
0 0.946354 0.587963 0.107292 0.712963 0.712382
0 0.382292 0.349074 0.0333333 0.17963 0.728303
0 0.382292 0.348148 0.0333333 0.177778 0.729302
0 0.0385417 0.373148 0.0416667 0.17963 0.740657
0 0.946354 0.587963 0.107292 0.712963 0.742492
0 0.621354 0.359259 0.0302083 0.144444 0.743003
0 0.950521 0.599074 0.096875 0.67963 0.743907
0 0.824479 0.586111 0.134375 0.657407 0.747578
0 0.951563 0.593518 0.096875 0.687037 0.756823
0 0.382812 0.353704 0.0322917 0.181481 0.761969
0 0.0385417 0.373148 0.0416667 0.17963 0.763493
0 0.621354 0.359259 0.0302083 0.144444 0.767603
0 0.382812 0.352778 0.0322917 0.17963 0.769205
0 0.382812 0.352778 0.0322917 0.17963 0.771223
0 0.621354 0.358333 0.0302083 0.146296 0.771273
0 0.0395833 0.372222 0.0416667 0.181481 0.775491
0 0.0390625 0.374074 0.040625 0.181481 0.781222
0 0.0395833 0.372222 0.0416667 0.181481 0.782879
0 0.0385417 0.374074 0.0416667 0.181481 0.787436
0 0.382292 0.351852 0.0333333 0.185185 0.788046
0 0.0390625 0.374074 0.040625 0.181481 0.793098
0 0.382292 0.351852 0.0333333 0.185185 0.793835
0 0.823958 0.586111 0.135417 0.661111 0.794092
0 0.381771 0.35 0.034375 0.185185 0.806392
0 0.382292 0.351852 0.0333333 0.185185 0.80825
0 0.0385417 0.374074 0.0416667 0.181481 0.809936
0 0.381771 0.350926 0.034375 0.187037 0.815581
0 0.0380208 0.374074 0.040625 0.181481 0.82929
0 0.0380208 0.374074 0.040625 0.181481 0.836141
0 0.824479 0.587963 0.130208 0.675926 0.843621
0 0.824479 0.587963 0.130208 0.675926 0.864468
0 0.825 0.590741 0.13125 0.692593 0.8937
0 0.825 0.589815 0.129167 0.690741 0.897395
