0 0.370833 0.427778 0.0145833 0.062963 0.252641
0 0.169271 0.425926 0.0135417 0.0555556 0.254532
0 0.169792 0.426852 0.0145833 0.0537037 0.25488
0 0.315104 0.480556 0.0364583 0.183333 0.2557
0 0.478646 0.415741 0.0197917 0.0833333 0.268308
0 0.370833 0.430556 0.0166667 0.0648148 0.268923
0 0.169271 0.426852 0.0135417 0.0537037 0.269389
0 0.169792 0.426852 0.0145833 0.0537037 0.269987
0 0.371354 0.426852 0.015625 0.0611111 0.271408
2 0.0609375 0.490741 0.121875 0.344444 0.271696
0 0.315104 0.480556 0.0364583 0.183333 0.27642
0 0.293229 0.478704 0.053125 0.157407 0.278676
0 0.370833 0.426852 0.0145833 0.0611111 0.280967
2 0.0609375 0.490741 0.121875 0.344444 0.29065
0 0.2625 0.47963 0.0291667 0.162963 0.306357
0 0.293229 0.477778 0.053125 0.159259 0.307926
0 0.592188 0.438889 0.0177083 0.0851852 0.312349
0 0.735417 0.488889 0.0479167 0.222222 0.31503
0 0.592188 0.438889 0.0177083 0.0888889 0.322636
0 0.735417 0.487963 0.0479167 0.22037 0.32361
2 0.0598958 0.506481 0.119792 0.327778 0.324209
0 0.286458 0.478704 0.0270833 0.164815 0.326875
2 0.059375 0.506481 0.11875 0.327778 0.327197
0 0.2625 0.47963 0.0291667 0.162963 0.327691
2 0.0598958 0.506481 0.119792 0.327778 0.32993
0 0.286979 0.478704 0.028125 0.164815 0.33063
0 0.309375 0.472222 0.0291667 0.17037 0.337342
0 0.592188 0.437963 0.0177083 0.087037 0.339431
0 0.609896 0.438889 0.028125 0.0888889 0.341863
0 0.735937 0.487963 0.0489583 0.224074 0.349706
0 0.558854 0.426852 0.015625 0.0833333 0.35874
0 0.606771 0.438889 0.0239583 0.0888889 0.370534
0 0.59375 0.440741 0.0208333 0.0888889 0.37201
0 0.559375 0.427778 0.0145833 0.0740741 0.372187
0 0.320312 0.481481 0.0489583 0.185185 0.374211
0 0.559896 0.427778 0.015625 0.0740741 0.374629
0 0.591146 0.441667 0.0197917 0.087037 0.377152
0 0.289583 0.476852 0.025 0.168519 0.379093
0 0.289583 0.476852 0.0270833 0.168519 0.38191
0 0.309375 0.472222 0.0291667 0.17037 0.392647
0 0.606771 0.438889 0.0239583 0.0888889 0.397233
0 0.560938 0.425926 0.015625 0.0740741 0.402076
0 0.606771 0.438889 0.0239583 0.0888889 0.402437
0 0.592708 0.442593 0.01875 0.0888889 0.403083
0 0.559896 0.427778 0.015625 0.0740741 0.408862
0 0.559896 0.425926 0.015625 0.0777778 0.409142
0 0.559896 0.426852 0.015625 0.0759259 0.409547
0 0.559896 0.426852 0.015625 0.0759259 0.413701
0 0.309375 0.471296 0.0270833 0.168519 0.414308
0 0.591667 0.441667 0.01875 0.087037 0.415738
0 0.322396 0.481481 0.0489583 0.185185 0.416843
0 0.59375 0.441667 0.0229167 0.087037 0.417787
0 0.321875 0.481481 0.05 0.185185 0.426534
0 0.309896 0.475926 0.0260417 0.174074 0.433492
0 0.309896 0.475 0.0260417 0.175926 0.436124
0 0.560938 0.425926 0.015625 0.0740741 0.437367
0 0.591667 0.441667 0.01875 0.087037 0.441263
0 0.559896 0.425926 0.015625 0.0777778 0.441445
2 0.0598958 0.506481 0.119792 0.324074 0.442895
0 0.594271 0.440741 0.0239583 0.0888889 0.446217
2 0.0598958 0.506481 0.119792 0.324074 0.447231
0 0.559896 0.425926 0.015625 0.0740741 0.447609
0 0.334375 0.481481 0.0375 0.2 0.45192
0 0.59375 0.441667 0.0229167 0.087037 0.456869
0 0.560938 0.426852 0.015625 0.0722222 0.470582
0 0.334375 0.481481 0.0375 0.2 0.471502
0 0.739583 0.487037 0.0520833 0.222222 0.47947
0 0.615104 0.439815 0.0177083 0.0907407 0.479476
0 0.264583 0.481481 0.03125 0.166667 0.489622
0 0.264583 0.481481 0.03125 0.166667 0.507679
0 0.616667 0.437963 0.01875 0.0907407 0.512914
0 0.221354 0.484259 0.0385417 0.168519 0.514426
0 0.739062 0.487963 0.0510417 0.224074 0.52235
0 0.221354 0.484259 0.0385417 0.168519 0.533048
0 0.263542 0.481481 0.0291667 0.159259 0.542355
0 0.739062 0.487963 0.0510417 0.224074 0.555068
0 0.308854 0.474074 0.0302083 0.166667 0.556037
0 0.263542 0.481481 0.0291667 0.159259 0.558649
0 0.2625 0.480556 0.0270833 0.161111 0.560663
0 0.308854 0.474074 0.0302083 0.17037 0.561372
0 0.616146 0.437037 0.0197917 0.0888889 0.563881
0 0.616667 0.437963 0.01875 0.0907407 0.565884
0 0.616667 0.437963 0.01875 0.0907407 0.566092
0 0.264062 0.481481 0.028125 0.159259 0.571795
0 0.263021 0.480556 0.0260417 0.161111 0.576476
0 0.264062 0.47963 0.0302083 0.159259 0.58084
2 0.0614583 0.5 0.120833 0.32963 0.585141
0 0.616146 0.437037 0.0197917 0.0925926 0.592077
0 0.616667 0.437037 0.01875 0.0925926 0.597864
2 0.0614583 0.5 0.120833 0.32963 0.601561
0 0.264062 0.480556 0.0302083 0.161111 0.606592
2 0.0609375 0.5 0.119792 0.333333 0.620938
2 0.0609375 0.5 0.119792 0.32963 0.622202
2 0.0609375 0.5 0.119792 0.32963 0.626051
0 0.739062 0.488889 0.0510417 0.22963 0.635932
2 0.0609375 0.500926 0.119792 0.327778 0.636031
2 0.0609375 0.500926 0.119792 0.327778 0.637745
0 0.616667 0.438889 0.01875 0.0925926 0.644316
0 0.309375 0.475926 0.0270833 0.166667 0.652533
0 0.738542 0.487963 0.05 0.224074 0.652903
0 0.309375 0.475 0.0270833 0.164815 0.654066
0 0.264062 0.480556 0.0302083 0.157407 0.664667
0 0.223438 0.484259 0.0364583 0.164815 0.671273
0 0.264062 0.47963 0.0302083 0.162963 0.681466
2 0.0609375 0.501852 0.119792 0.32963 0.688015
2 0.0614583 0.501852 0.120833 0.32963 0.689252
0 0.264062 0.47963 0.0302083 0.162963 0.693677
0 0.222917 0.484259 0.0354167 0.164815 0.699951
0 0.738021 0.487037 0.0510417 0.225926 0.702438
0 0.738021 0.487037 0.0510417 0.225926 0.703433
2 0.0609375 0.501852 0.119792 0.32963 0.706498
0 0.738542 0.487963 0.05 0.224074 0.720414
0 0.222917 0.485185 0.0354167 0.166667 0.724424
0 0.335938 0.485185 0.0385417 0.203704 0.725531
0 0.334896 0.486111 0.0385417 0.205556 0.741699
0 0.335417 0.486111 0.0375 0.205556 0.743315
0 0.221875 0.485185 0.0375 0.166667 0.747323
0 0.335938 0.485185 0.0385417 0.203704 0.747797
0 0.221875 0.485185 0.0375 0.166667 0.750588
0 0.221875 0.485185 0.0375 0.166667 0.752205
0 0.335938 0.485185 0.0385417 0.203704 0.767667
0 0.738542 0.487963 0.05 0.224074 0.771857
0 0.334896 0.485185 0.0385417 0.203704 0.774092
0 0.222917 0.485185 0.0354167 0.166667 0.781096
0 0.222917 0.485185 0.0354167 0.17037 0.786141
0 0.334896 0.485185 0.0385417 0.203704 0.786785
0 0.738542 0.487037 0.0479167 0.225926 0.788319
0 0.335938 0.487037 0.0385417 0.203704 0.791559
0 0.738021 0.486111 0.0489583 0.227778 0.798684
0 0.335938 0.487037 0.0385417 0.203704 0.798907
0 0.335938 0.487037 0.0385417 0.207407 0.800982
0 0.738021 0.486111 0.0489583 0.224074 0.804197
0 0.736979 0.487963 0.046875 0.227778 0.805363
0 0.7375 0.487037 0.0479167 0.22963 0.806252
0 0.736979 0.487963 0.046875 0.227778 0.808908
0 0.7375 0.486111 0.0458333 0.227778 0.810525
0 0.222396 0.485185 0.0364583 0.166667 0.811616
0 0.222396 0.485185 0.0364583 0.166667 0.83276
0 0.222396 0.485185 0.0364583 0.166667 0.837525
0 0.222396 0.487037 0.0364583 0.166667 0.855788
0 0.222396 0.487037 0.0364583 0.166667 0.864797
