0 0.369792 0.343519 0.01875 0.0759259 0.258037
0 0.51875 0.349074 0.0145833 0.0611111 0.25815
0 0.583854 0.35463 0.015625 0.0648148 0.258204
0 0.370313 0.343519 0.0177083 0.0759259 0.258707
0 0.677604 0.400926 0.0427083 0.242593 0.258769
0 0.216667 0.362037 0.03125 0.101852 0.260983
0 0.516667 0.348148 0.0166667 0.062963 0.263653
0 0.490625 0.378704 0.0291667 0.12037 0.265739
0 0.583854 0.355556 0.015625 0.0666667 0.271324
0 0.491667 0.37963 0.0291667 0.137037 0.277115
0 0.433854 0.375926 0.0260417 0.137037 0.282821
0 0.491667 0.375926 0.0270833 0.118519 0.287641
0 0.370313 0.343519 0.0177083 0.0759259 0.291334
0 0.216667 0.362037 0.03125 0.101852 0.295089
0 0.372396 0.347222 0.015625 0.0796296 0.297662
0 0.372396 0.347222 0.0177083 0.0759259 0.299014
0 0.433333 0.380556 0.025 0.157407 0.31437
0 0.433333 0.37963 0.025 0.159259 0.316809
0 0.672396 0.399074 0.0572917 0.25 0.317046
0 0.492188 0.380556 0.028125 0.138889 0.319166
0 0.518229 0.347222 0.0135417 0.0611111 0.323588
0 0.518229 0.347222 0.0135417 0.0611111 0.329459
0 0.432813 0.376852 0.0260417 0.138889 0.330804
0 0.370833 0.347222 0.01875 0.0759259 0.332396
0 0.21875 0.366667 0.0333333 0.1 0.332512
0 0.336979 0.369444 0.021875 0.0944444 0.342144
0 0.336979 0.369444 0.021875 0.0981481 0.3477
0 0.335938 0.369444 0.0197917 0.0944444 0.348071
0 0.605208 0.373148 0.0291667 0.12037 0.349185
0 0.217708 0.365741 0.0333333 0.101852 0.352603
0 0.371875 0.348148 0.0145833 0.0777778 0.354385
0 0.21875 0.365741 0.0333333 0.101852 0.356631
0 0.491667 0.377778 0.025 0.118519 0.361629
0 0.214062 0.362037 0.0302083 0.109259 0.366581
0 0.336979 0.369444 0.021875 0.0981481 0.36724
0 0.214062 0.362037 0.0302083 0.109259 0.367812
0 0.65625 0.393519 0.0416667 0.235185 0.369027
0 0.432813 0.374074 0.028125 0.137037 0.375259
0 0.655208 0.393519 0.0416667 0.231481 0.375276
0 0.65625 0.392593 0.0416667 0.22963 0.376568
0 0.432813 0.374074 0.028125 0.137037 0.377659
0 0.214062 0.362037 0.0302083 0.109259 0.380082
0 0.373958 0.351852 0.0145833 0.0666667 0.38483
0 0.372396 0.348148 0.015625 0.0777778 0.391567
0 0.671875 0.399074 0.05625 0.246296 0.394905
0 0.604688 0.373148 0.028125 0.127778 0.397816
0 0.604688 0.374074 0.028125 0.125926 0.40003
0 0.491667 0.377778 0.025 0.122222 0.405853
0 0.216146 0.363889 0.034375 0.109259 0.411733
0 0.184896 0.478704 0.130208 0.457407 0.413762
0 0.373958 0.351852 0.0145833 0.0666667 0.415025
0 0.216146 0.362037 0.0322917 0.105556 0.418674
0 0.184896 0.477778 0.130208 0.451852 0.419512
0 0.491667 0.377778 0.025 0.118519 0.419682
0 0.664583 0.4 0.05 0.240741 0.423243
0 0.216146 0.363889 0.034375 0.109259 0.424174
0 0.216146 0.362037 0.0322917 0.105556 0.425654
0 0.185417 0.478704 0.13125 0.453704 0.436946
0 0.216667 0.362037 0.0333333 0.105556 0.443201
0 0.216146 0.363889 0.034375 0.109259 0.444758
0 0.216667 0.362963 0.0333333 0.103704 0.459052
0 0.217187 0.362963 0.034375 0.103704 0.468259
0 0.677083 0.400926 0.0458333 0.253704 0.472321
0 0.671875 0.399074 0.05625 0.25 0.481884
0 0.216667 0.362963 0.0354167 0.103704 0.485149
0 0.603646 0.381481 0.028125 0.125926 0.5112
0 0.338542 0.368519 0.0208333 0.1 0.511454
0 0.603646 0.381481 0.028125 0.125926 0.513602
0 0.603125 0.382407 0.0291667 0.127778 0.514558
0 0.666667 0.401852 0.0520833 0.244444 0.51468
0 0.190104 0.484259 0.132292 0.442593 0.531589
0 0.190104 0.483333 0.132292 0.448148 0.534221
0 0.190104 0.483333 0.132292 0.444444 0.536784
0 0.338542 0.369444 0.0208333 0.101852 0.538221
0 0.186979 0.483333 0.132292 0.437037 0.539002
0 0.339063 0.372222 0.0197917 0.103704 0.539872
0 0.338542 0.368519 0.0208333 0.103704 0.542185
0 0.186458 0.483333 0.133333 0.448148 0.546656
0 0.186979 0.483333 0.132292 0.451852 0.552024
0 0.604167 0.376852 0.0291667 0.127778 0.583176
0 0.666146 0.400926 0.059375 0.253704 0.613487
0 0.666667 0.402778 0.0583333 0.253704 0.613989
0 0.666667 0.4 0.0583333 0.248148 0.626727
0 0.664583 0.400926 0.0520833 0.25 0.635597
0 0.604167 0.376852 0.0270833 0.127778 0.641022
0 0.666146 0.4 0.0572917 0.251852 0.645311
0 0.432813 0.378704 0.028125 0.142593 0.646086
0 0.666667 0.400926 0.0583333 0.25 0.651117
0 0.604167 0.377778 0.0270833 0.125926 0.657088
0 0.432813 0.378704 0.028125 0.142593 0.677119
0 0.604167 0.376852 0.0291667 0.127778 0.682685
0 0.3375 0.369444 0.01875 0.0981481 0.685447
0 0.604167 0.378704 0.0291667 0.131481 0.686544
0 0.666667 0.400926 0.0583333 0.25 0.690541
0 0.604167 0.378704 0.0291667 0.131481 0.696011
0 0.3375 0.369444 0.01875 0.101852 0.701222
0 0.3375 0.369444 0.01875 0.101852 0.711868
0 0.433333 0.380556 0.0270833 0.153704 0.714619
0 0.665625 0.400926 0.05625 0.25 0.71463
0 0.665625 0.400926 0.05625 0.25 0.720015
0 0.432813 0.37963 0.028125 0.144444 0.721755
0 0.604167 0.377778 0.0291667 0.12963 0.722639
0 0.665625 0.400926 0.05625 0.25 0.723968
0 0.338021 0.371296 0.0197917 0.0981481 0.724075
0 0.338542 0.37037 0.01875 0.1 0.72574
0 0.604167 0.377778 0.0291667 0.12963 0.726913
0 0.604167 0.376852 0.0291667 0.127778 0.73086
0 0.433854 0.378704 0.028125 0.15 0.733028
0 0.433333 0.380556 0.0270833 0.153704 0.745896
0 0.338021 0.37037 0.0197917 0.103704 0.746086
0 0.338021 0.37037 0.0197917 0.103704 0.746907
0 0.433854 0.375926 0.0260417 0.144444 0.753831
0 0.433854 0.376852 0.0260417 0.142593 0.754481
0 0.604688 0.377778 0.028125 0.12963 0.773258
0 0.433333 0.380556 0.0270833 0.153704 0.78686
0 0.604688 0.377778 0.028125 0.12963 0.790965
0 0.433333 0.37963 0.0270833 0.151852 0.791213
0 0.433333 0.378704 0.0270833 0.15 0.7934
0 0.604167 0.37963 0.0291667 0.12963 0.800189
0 0.604688 0.377778 0.028125 0.12963 0.800462
0 0.667188 0.400926 0.053125 0.257407 0.825393
0 0.604688 0.37963 0.028125 0.12963 0.857109
0 0.432813 0.375926 0.0260417 0.148148 0.858631
0 0.604688 0.37963 0.028125 0.12963 0.863643
0 0.433333 0.375926 0.0270833 0.144444 0.868086
0 0.188021 0.480556 0.130208 0.446296 0.879816
0 0.188021 0.480556 0.130208 0.457407 0.884182
0 0.1875 0.478704 0.13125 0.446296 0.893935
0 0.188542 0.480556 0.13125 0.457407 0.897432
0 0.188021 0.480556 0.130208 0.446296 0.899151
0 0.188021 0.480556 0.132292 0.457407 0.899928
0 0.186979 0.47963 0.130208 0.444444 0.900602
0 0.186979 0.47963 0.130208 0.444444 0.903711
0 0.1875 0.47963 0.13125 0.444444 0.904746
