13 0.444792 0.462037 0.0458333 0.105556 0.250707
0 0.303125 0.336111 0.0291667 0.0944444 0.2533
0 0.976562 0.794444 0.046875 0.4 0.253479
0 0.303125 0.336111 0.0291667 0.0907407 0.255438
0 0.0317708 0.294444 0.0322917 0.118519 0.255851
0 0.481771 0.338889 0.015625 0.0851852 0.257969
0 0.977083 0.793519 0.0458333 0.398148 0.260599
28 0.444271 0.465741 0.046875 0.101852 0.261129
0 0.03125 0.294444 0.03125 0.118519 0.261686
0 0.557292 0.330556 0.0145833 0.0537037 0.263824
0 0.978125 0.792593 0.04375 0.4 0.265607
0 0.03125 0.294444 0.03125 0.118519 0.267259
0 0.0307292 0.294444 0.0322917 0.118519 0.271051
0 0.557292 0.330556 0.0145833 0.0537037 0.277121
0 0.486979 0.355556 0.0614583 0.12963 0.280252
0 0.497917 0.351852 0.03125 0.122222 0.285892
0 0.556771 0.331481 0.015625 0.0555556 0.287291
0 0.977083 0.791667 0.0458333 0.401852 0.287438
0 0.482292 0.339815 0.0145833 0.0833333 0.28851
0 0.977083 0.790741 0.0458333 0.4 0.289477
0 0.55625 0.32963 0.0145833 0.0518519 0.290035
0 0.464583 0.350926 0.03125 0.127778 0.291497
13 0.361458 0.606481 0.139583 0.172222 0.292517
28 0.444271 0.465741 0.046875 0.101852 0.292567
0 0.977083 0.790741 0.0458333 0.4 0.293036
0 0.55625 0.32963 0.0145833 0.0481481 0.296552
0 0.0317708 0.294444 0.0302083 0.118519 0.296672
0 0.555208 0.328704 0.0125 0.0462963 0.298557
0 0.555729 0.32963 0.0135417 0.0481481 0.29961
0 0.322917 0.327778 0.01875 0.0740741 0.30069
0 0.322917 0.32963 0.01875 0.0740741 0.30246
28 0.444271 0.465741 0.046875 0.101852 0.303845
0 0.03125 0.292593 0.0291667 0.114815 0.305973
13 0.361979 0.612037 0.144792 0.175926 0.309479
28 0.444271 0.465741 0.046875 0.101852 0.310839
0 0.635417 0.364815 0.0291667 0.133333 0.316994
13 0.361979 0.60463 0.140625 0.168519 0.31741
0 0.03125 0.292593 0.0291667 0.114815 0.317417
13 0.3625 0.608333 0.141667 0.172222 0.319298
0 0.556771 0.32963 0.015625 0.0518519 0.321602
0 0.55625 0.328704 0.0145833 0.05 0.325781
13 0.3625 0.610185 0.14375 0.168519 0.327056
28 0.444271 0.463889 0.046875 0.0981481 0.329607
13 0.3625 0.609259 0.141667 0.17037 0.32988
0 0.0307292 0.292593 0.0302083 0.114815 0.329939
13 0.361979 0.612037 0.140625 0.175926 0.330727
0 0.503125 0.349074 0.025 0.138889 0.331901
13 0.361458 0.612037 0.14375 0.172222 0.332088
0 0.503125 0.349074 0.025 0.138889 0.333423
0 0.488021 0.355556 0.0572917 0.12963 0.336562
0 0.555729 0.330556 0.015625 0.0537037 0.339548
0 0.322917 0.328704 0.01875 0.0722222 0.339749
28 0.444271 0.463889 0.046875 0.0981481 0.347197
0 0.323958 0.32963 0.01875 0.062963 0.362611
13 0.361979 0.610185 0.140625 0.172222 0.363003
0 0.488021 0.355556 0.0552083 0.133333 0.365646
0 0.635417 0.364815 0.0291667 0.133333 0.366165
28 0.444792 0.463889 0.0479167 0.101852 0.366394
0 0.635417 0.364815 0.0291667 0.133333 0.370621
28 0.444792 0.464815 0.0479167 0.1 0.37377
0 0.464583 0.350926 0.03125 0.131481 0.374166
0 0.464583 0.350926 0.03125 0.131481 0.376583
0 0.323958 0.332407 0.01875 0.0685185 0.380649
0 0.502083 0.353704 0.0270833 0.133333 0.38213
28 0.444792 0.464815 0.0479167 0.1 0.382589
0 0.323958 0.32963 0.0208333 0.062963 0.386961
0 0.323438 0.330556 0.0197917 0.0759259 0.389325
0 0.323958 0.328704 0.01875 0.0611111 0.404504
0 0.302083 0.335185 0.0270833 0.0925926 0.424549
0 0.323958 0.330556 0.0208333 0.0759259 0.427232
0 0.323438 0.331481 0.0197917 0.0740741 0.435326
0 0.498437 0.352778 0.0322917 0.135185 0.439823
0 0.302604 0.336111 0.028125 0.0907407 0.443854
0 0.55625 0.330556 0.0145833 0.05 0.450199
0 0.498437 0.352778 0.0322917 0.135185 0.450956
0 0.55625 0.330556 0.0145833 0.05 0.469525
0 0.502083 0.35463 0.0291667 0.135185 0.475459
0 0.302083 0.337037 0.0270833 0.0925926 0.500764
0 0.502083 0.35463 0.0291667 0.135185 0.518606
0 0.463542 0.353704 0.0291667 0.133333 0.520223
0 0.302083 0.336111 0.0270833 0.0907407 0.531245
0 0.634896 0.362037 0.0302083 0.135185 0.534085
0 0.635938 0.364815 0.0302083 0.12963 0.536747
0 0.303646 0.336111 0.0260417 0.0907407 0.545573
0 0.502083 0.356481 0.0291667 0.135185 0.557142
0 0.635417 0.365741 0.03125 0.135185 0.558609
0 0.502083 0.35463 0.0270833 0.135185 0.56868
0 0.301042 0.337037 0.0270833 0.0888889 0.579622
0 0.464063 0.353704 0.0302083 0.133333 0.596554
0 0.302604 0.338889 0.0260417 0.0888889 0.600155
0 0.301562 0.337037 0.028125 0.0888889 0.604423
0 0.635938 0.363889 0.0302083 0.131481 0.606986
0 0.605729 0.362963 0.0322917 0.159259 0.614644
0 0.301562 0.337037 0.028125 0.0888889 0.614987
0 0.635938 0.363889 0.0302083 0.131481 0.618232
0 0.502083 0.355556 0.0291667 0.133333 0.625728
0 0.605208 0.363889 0.0333333 0.161111 0.631369
0 0.502083 0.353704 0.0270833 0.140741 0.631547
0 0.302083 0.336111 0.0270833 0.0907407 0.632926
0 0.302604 0.337963 0.0260417 0.087037 0.635298
0 0.302604 0.337963 0.0260417 0.087037 0.642084
0 0.502604 0.355556 0.028125 0.133333 0.643444
0 0.603646 0.360185 0.0302083 0.161111 0.646016
0 0.502083 0.353704 0.0270833 0.137037 0.64681
0 0.605208 0.362963 0.0333333 0.159259 0.662012
0 0.604167 0.360185 0.0291667 0.161111 0.662472
0 0.604688 0.362963 0.0322917 0.162963 0.66273
0 0.605208 0.363889 0.0333333 0.161111 0.662942
0 0.604688 0.362963 0.0322917 0.159259 0.684957
0 0.301562 0.336111 0.0260417 0.0907407 0.701575
0 0.635417 0.362037 0.03125 0.142593 0.720598
0 0.634896 0.362037 0.0302083 0.142593 0.722355
0 0.302604 0.337037 0.0260417 0.0925926 0.725342
0 0.604688 0.362037 0.0322917 0.164815 0.734248
0 0.302604 0.337037 0.0260417 0.0925926 0.738122
0 0.464063 0.35463 0.0302083 0.138889 0.738687
0 0.464063 0.35463 0.0302083 0.138889 0.738708
0 0.604688 0.362037 0.0322917 0.164815 0.748464
0 0.463542 0.353704 0.0291667 0.137037 0.7498
0 0.463542 0.35463 0.0291667 0.142593 0.750823
0 0.302604 0.337037 0.0260417 0.0925926 0.751944
0 0.603125 0.362037 0.0333333 0.161111 0.752228
0 0.604688 0.362037 0.0322917 0.164815 0.754095
0 0.463542 0.353704 0.0291667 0.137037 0.754179
0 0.603125 0.361111 0.0333333 0.162963 0.756037
0 0.463542 0.35463 0.0291667 0.142593 0.758218
0 0.635417 0.363889 0.0291667 0.135185 0.759217
0 0.635417 0.363889 0.0291667 0.135185 0.760888
0 0.605208 0.362037 0.03125 0.161111 0.763543
0 0.635417 0.365741 0.03125 0.138889 0.76889
0 0.463542 0.35463 0.0291667 0.142593 0.769641
0 0.605208 0.362037 0.03125 0.164815 0.772308
0 0.464063 0.35463 0.0302083 0.138889 0.774823
0 0.464063 0.35463 0.0302083 0.135185 0.779149
0 0.634896 0.365741 0.0302083 0.138889 0.780766
0 0.635417 0.364815 0.0291667 0.137037 0.782374
0 0.464063 0.35463 0.0302083 0.135185 0.783408
0 0.635938 0.364815 0.0302083 0.137037 0.819103
0 0.216146 0.440741 0.0989583 0.444444 0.825876
0 0.216146 0.440741 0.0989583 0.437037 0.826082
0 0.635938 0.364815 0.0302083 0.137037 0.827114
0 0.215625 0.440741 0.0979167 0.444444 0.835151
0 0.635938 0.364815 0.0302083 0.137037 0.837663
0 0.216146 0.439815 0.101042 0.435185 0.852673
0 0.216146 0.438889 0.101042 0.433333 0.858129
0 0.216146 0.439815 0.0989583 0.435185 0.86213
0 0.216667 0.439815 0.1 0.446296 0.868421
0 0.216667 0.440741 0.1 0.444444 0.88958
0 0.216667 0.437963 0.102083 0.438889 0.89287
0 0.216667 0.438889 0.102083 0.440741 0.908763
0 0.217187 0.441667 0.0989583 0.45 0.910292
0 0.217187 0.442593 0.0989583 0.448148 0.916621
0 0.216667 0.438889 0.1 0.440741 0.922159
0 0.216667 0.439815 0.1 0.438889 0.925176
0 0.216146 0.439815 0.101042 0.438889 0.925473
