0 0.439583 0.362037 0.0270833 0.135185 0.251875
0 0.511979 0.338889 0.015625 0.0703704 0.253378
0 0.651042 0.37963 0.0520833 0.218519 0.256206
0 0.651042 0.382407 0.0520833 0.22037 0.258389
0 0.470833 0.350926 0.0291667 0.0981481 0.261211
0 0.353125 0.339815 0.0166667 0.0759259 0.266095
0 0.443229 0.366667 0.0322917 0.133333 0.26985
0 0.513021 0.338889 0.015625 0.0703704 0.271324
0 0.651042 0.383333 0.0520833 0.225926 0.272307
0 0.44375 0.366667 0.0333333 0.133333 0.27786
0 0.572396 0.339815 0.015625 0.0722222 0.278093
0 0.5125 0.338889 0.0166667 0.0703704 0.278272
0 0.445312 0.362963 0.040625 0.118519 0.278544
0 0.371875 0.335185 0.0145833 0.0740741 0.279241
0 0.348958 0.343519 0.0166667 0.0796296 0.279412
0 0.034375 0.384259 0.0354167 0.135185 0.285478
0 0.609375 0.367593 0.025 0.138889 0.288347
13 0.404687 0.559259 0.084375 0.162963 0.290929
0 0.609375 0.367593 0.025 0.138889 0.296066
0 0.348958 0.343519 0.0166667 0.0759259 0.296379
0 0.652083 0.382407 0.0479167 0.216667 0.301548
0 0.609375 0.369444 0.0229167 0.131481 0.30162
0 0.5125 0.337037 0.0166667 0.0666667 0.301844
0 0.5125 0.337963 0.0166667 0.0685185 0.30401
13 0.405208 0.561111 0.0854167 0.174074 0.304585
13 0.404687 0.558333 0.084375 0.161111 0.306323
13 0.404167 0.585185 0.0833333 0.211111 0.307545
13 0.404167 0.557407 0.0854167 0.159259 0.307954
0 0.647917 0.383333 0.05625 0.222222 0.311307
13 0.404167 0.587037 0.0833333 0.218519 0.315359
0 0.573958 0.340741 0.0145833 0.0666667 0.316773
0 0.443229 0.366667 0.0322917 0.133333 0.319503
0 0.513021 0.338889 0.015625 0.0703704 0.324394
13 0.404687 0.573148 0.084375 0.194444 0.324884
0 0.496354 0.372222 0.0260417 0.133333 0.32626
0 0.513021 0.336111 0.015625 0.0648148 0.327591
0 0.36875 0.339815 0.0208333 0.0796296 0.330532
0 0.573958 0.340741 0.0166667 0.0666667 0.331849
0 0.0317708 0.382407 0.0322917 0.135185 0.332716
13 0.404167 0.587037 0.0833333 0.214815 0.333424
13 0.405208 0.562037 0.0854167 0.172222 0.345447
0 0.646875 0.383333 0.0604167 0.225926 0.351237
0 0.573438 0.340741 0.015625 0.0666667 0.351855
0 0.369792 0.338889 0.0166667 0.0814815 0.355228
0 0.494271 0.365741 0.0260417 0.127778 0.360202
13 0.404687 0.573148 0.084375 0.194444 0.360998
0 0.645833 0.381481 0.0541667 0.214815 0.361364
0 0.495833 0.37037 0.03125 0.144444 0.367563
0 0.652083 0.382407 0.0479167 0.216667 0.371289
0 0.5125 0.336111 0.0166667 0.0648148 0.371296
0 0.366146 0.337037 0.0177083 0.0814815 0.372396
0 0.572917 0.342593 0.0166667 0.0666667 0.377633
0 0.369792 0.339815 0.0166667 0.0796296 0.377719
0 0.609896 0.366667 0.0260417 0.137037 0.382419
0 0.572917 0.342593 0.0166667 0.0666667 0.386774
0 0.496875 0.371296 0.0291667 0.138889 0.388553
0 0.572917 0.342593 0.0166667 0.0666667 0.393178
0 0.573438 0.342593 0.0177083 0.0666667 0.401814
0 0.572917 0.342593 0.0166667 0.0666667 0.407088
0 0.647917 0.382407 0.0541667 0.216667 0.40862
0 0.572917 0.342593 0.0166667 0.0666667 0.417505
0 0.369271 0.339815 0.0177083 0.0796296 0.422196
0 0.369792 0.338889 0.0166667 0.0777778 0.425269
0 0.495313 0.372222 0.0260417 0.133333 0.425458
0 0.439583 0.366667 0.0270833 0.148148 0.426729
0 0.496354 0.372222 0.028125 0.140741 0.42825
0 0.439583 0.366667 0.0270833 0.144444 0.431315
0 0.495833 0.37037 0.03125 0.140741 0.435724
0 0.440104 0.362963 0.028125 0.137037 0.437082
0 0.495313 0.369444 0.0302083 0.142593 0.444604
0 0.369271 0.339815 0.0177083 0.0796296 0.444672
0 0.608854 0.364815 0.0260417 0.133333 0.450938
0 0.0348958 0.381481 0.0364583 0.144444 0.454383
0 0.648438 0.378704 0.0552083 0.216667 0.457382
0 0.370833 0.337037 0.0166667 0.0777778 0.461324
0 0.647917 0.381481 0.0541667 0.214815 0.462978
0 0.034375 0.382407 0.0375 0.142593 0.464464
0 0.369271 0.338889 0.0177083 0.0777778 0.4652
0 0.609375 0.366667 0.025 0.137037 0.480739
0 0.495833 0.373148 0.025 0.135185 0.504774
0 0.329688 0.35 0.0197917 0.0888889 0.51872
0 0.572917 0.342593 0.0166667 0.0666667 0.521294
0 0.329167 0.35 0.0208333 0.0888889 0.525891
0 0.034375 0.383333 0.0354167 0.140741 0.527582
0 0.496875 0.371296 0.0270833 0.138889 0.528712
0 0.495833 0.373148 0.025 0.135185 0.531635
0 0.609375 0.364815 0.025 0.12963 0.532452
0 0.495833 0.37037 0.0291667 0.140741 0.536595
0 0.034375 0.382407 0.0354167 0.142593 0.538112
0 0.494271 0.366667 0.0260417 0.137037 0.539517
13 0.404167 0.564815 0.0854167 0.181481 0.54482
13 0.404167 0.564815 0.0854167 0.177778 0.545147
0 0.494271 0.366667 0.0260417 0.137037 0.545757
13 0.404167 0.562963 0.0833333 0.17037 0.549791
13 0.404687 0.569444 0.0822917 0.17963 0.550629
0 0.329167 0.35 0.0208333 0.0888889 0.55185
13 0.404167 0.565741 0.0854167 0.17963 0.553268
0 0.439583 0.364815 0.0291667 0.133333 0.561533
0 0.609375 0.364815 0.025 0.137037 0.569788
0 0.439583 0.362963 0.0270833 0.140741 0.576654
0 0.609375 0.364815 0.025 0.12963 0.578606
13 0.404687 0.566667 0.0822917 0.174074 0.584692
0 0.0328125 0.381481 0.0322917 0.144444 0.58553
0 0.329688 0.350926 0.0197917 0.087037 0.588377
0 0.439583 0.362037 0.0270833 0.142593 0.588684
0 0.495833 0.369444 0.0291667 0.142593 0.594017
13 0.404167 0.562037 0.0833333 0.168519 0.599661
0 0.0328125 0.381481 0.0322917 0.144444 0.603354
13 0.404167 0.565741 0.0854167 0.175926 0.604702
13 0.404167 0.565741 0.0854167 0.175926 0.60975
13 0.404167 0.565741 0.0854167 0.175926 0.610276
0 0.236979 0.437963 0.117708 0.412963 0.61072
0 0.329688 0.348148 0.0197917 0.0851852 0.619521
13 0.404167 0.567593 0.0833333 0.175926 0.620387
0 0.236979 0.437963 0.117708 0.409259 0.623309
0 0.608854 0.364815 0.0239583 0.133333 0.623347
0 0.495313 0.37037 0.028125 0.140741 0.625915
0 0.608854 0.364815 0.0239583 0.133333 0.628277
0 0.236979 0.437963 0.117708 0.409259 0.629537
0 0.495313 0.372222 0.0260417 0.137037 0.631911
0 0.329688 0.350926 0.0197917 0.0907407 0.633689
0 0.495313 0.372222 0.0260417 0.137037 0.635701
0 0.609375 0.363889 0.025 0.131481 0.637927
0 0.609375 0.363889 0.025 0.131481 0.639407
0 0.329688 0.350926 0.0197917 0.0907407 0.640342
0 0.0338542 0.382407 0.0322917 0.146296 0.648259
0 0.0328125 0.381481 0.0322917 0.144444 0.655666
0 0.0333333 0.382407 0.03125 0.146296 0.656798
0 0.0338542 0.382407 0.0322917 0.146296 0.657059
0 0.609375 0.366667 0.025 0.137037 0.659484
0 0.330208 0.349074 0.01875 0.087037 0.661973
0 0.0333333 0.380556 0.0333333 0.146296 0.662128
0 0.0333333 0.380556 0.0333333 0.146296 0.676059
13 0.404167 0.564815 0.0833333 0.174074 0.68412
0 0.649479 0.382407 0.0552083 0.22037 0.700408
0 0.440104 0.366667 0.0302083 0.140741 0.701597
0 0.329167 0.349074 0.01875 0.087037 0.702947
0 0.608854 0.364815 0.0239583 0.133333 0.707395
0 0.0333333 0.380556 0.0333333 0.146296 0.710835
0 0.439583 0.366667 0.0291667 0.140741 0.715873
0 0.0317708 0.382407 0.0322917 0.142593 0.718217
0 0.329688 0.348148 0.0197917 0.0888889 0.721576
0 0.0317708 0.382407 0.0322917 0.138889 0.72682
0 0.649479 0.381481 0.0552083 0.222222 0.729213
0 0.648958 0.381481 0.0541667 0.218519 0.734096
0 0.648438 0.382407 0.053125 0.216667 0.735139
0 0.649479 0.382407 0.053125 0.22037 0.739907
0 0.329688 0.348148 0.0197917 0.0888889 0.749329
0 0.329688 0.348148 0.0197917 0.0888889 0.749793
0 0.649479 0.381481 0.0552083 0.222222 0.763417
0 0.440104 0.366667 0.0302083 0.140741 0.766124
0 0.649479 0.383333 0.053125 0.222222 0.766887
0 0.440104 0.364815 0.0302083 0.137037 0.774305
0 0.439583 0.364815 0.0291667 0.137037 0.779568
0 0.235938 0.440741 0.117708 0.411111 0.780371
0 0.233854 0.438889 0.113542 0.407407 0.789313
0 0.440625 0.366667 0.0291667 0.140741 0.791355
0 0.649479 0.382407 0.053125 0.22037 0.791441
0 0.233854 0.437963 0.113542 0.409259 0.792454
0 0.233854 0.438889 0.113542 0.407407 0.799372
0 0.439583 0.362963 0.0291667 0.140741 0.799651
0 0.648958 0.380556 0.0541667 0.22037 0.802127
0 0.440104 0.366667 0.028125 0.140741 0.805669
0 0.648958 0.381481 0.0541667 0.222222 0.806294
0 0.65 0.382407 0.05625 0.224074 0.806998
0 0.439583 0.362963 0.0291667 0.137037 0.80855
0 0.65 0.382407 0.05625 0.224074 0.812157
0 0.440625 0.367593 0.0291667 0.142593 0.815118
0 0.235417 0.440741 0.116667 0.411111 0.859444
0 0.235938 0.437037 0.115625 0.403704 0.875661
0 0.235938 0.437037 0.115625 0.403704 0.893407
0 0.235417 0.439815 0.116667 0.409259 0.900512
0 0.235417 0.438889 0.114583 0.403704 0.909132
0 0.235417 0.438889 0.116667 0.407407 0.90934
0 0.235417 0.438889 0.114583 0.403704 0.910997
0 0.234896 0.438889 0.115625 0.403704 0.912664
