13 0.236458 0.483333 0.166667 0.181481 0.250813
0 0.167708 0.35 0.0520833 0.144444 0.25133
0 0.4 0.325926 0.0145833 0.0666667 0.252992
0 0.169792 0.348148 0.05 0.144444 0.255943
0 0.484375 0.358333 0.0270833 0.142593 0.258144
13 0.236979 0.485185 0.167708 0.174074 0.25855
26 0.170312 0.347222 0.0510417 0.138889 0.258712
0 0.543229 0.323148 0.015625 0.0648148 0.258936
0 0.518229 0.35 0.0197917 0.0925926 0.261274
13 0.236458 0.485185 0.166667 0.181481 0.265439
24 0.16875 0.348148 0.0541667 0.140741 0.276941
0 0.520833 0.35 0.0229167 0.0962963 0.277639
24 0.763021 0.339815 0.040625 0.109259 0.27913
13 0.236458 0.484259 0.166667 0.17963 0.279357
0 0.4875 0.353704 0.0270833 0.125926 0.28038
0 0.544792 0.322222 0.0145833 0.0666667 0.285509
0 0.399479 0.325 0.0135417 0.0648148 0.285879
0 0.483854 0.358333 0.0239583 0.135185 0.286904
0 0.445312 0.349074 0.0260417 0.135185 0.289821
0 0.482292 0.361111 0.0229167 0.133333 0.294497
0 0.169792 0.347222 0.05 0.142593 0.294719
0 0.170833 0.347222 0.0479167 0.15 0.299674
0 0.170833 0.347222 0.0479167 0.146296 0.304301
24 0.763021 0.339815 0.040625 0.109259 0.306544
0 0.544792 0.321296 0.0145833 0.0648148 0.310705
0 0.623438 0.349074 0.0260417 0.127778 0.312549
24 0.764583 0.348148 0.0375 0.111111 0.319147
0 0.483854 0.356481 0.0260417 0.142593 0.331736
0 0.399479 0.325926 0.0135417 0.062963 0.339729
0 0.545833 0.322222 0.0125 0.0666667 0.343306
0 0.167708 0.35 0.0520833 0.144444 0.344377
24 0.764583 0.348148 0.0375 0.107407 0.345054
0 0.517708 0.353704 0.0208333 0.0851852 0.345363
0 0.484375 0.357407 0.025 0.140741 0.346547
0 0.486458 0.353704 0.0291667 0.133333 0.346725
0 0.486979 0.353704 0.028125 0.133333 0.346964
24 0.764063 0.34537 0.0364583 0.101852 0.34963
0 0.714063 0.392593 0.034375 0.296296 0.353481
0 0.545313 0.321296 0.0135417 0.0648148 0.354111
24 0.764063 0.34537 0.0385417 0.101852 0.357372
0 0.518229 0.353704 0.021875 0.0888889 0.360666
0 0.714583 0.392593 0.0354167 0.3 0.360916
24 0.764583 0.346296 0.0375 0.1 0.369122
0 0.714063 0.393519 0.0364583 0.298148 0.371555
0 0.622396 0.349074 0.028125 0.131481 0.374942
0 0.0609375 0.585185 0.119792 0.674074 0.374947
24 0.765104 0.347222 0.0385417 0.109259 0.375509
0 0.4 0.327778 0.0145833 0.062963 0.382417
0 0.621875 0.349074 0.0291667 0.131481 0.385089
0 0.518229 0.353704 0.021875 0.0888889 0.389006
0 0.518229 0.353704 0.021875 0.0888889 0.393031
0 0.7125 0.386111 0.0354167 0.305556 0.396608
24 0.765104 0.350926 0.0385417 0.0944444 0.404696
24 0.764583 0.35 0.0395833 0.0962963 0.407321
24 0.763542 0.340741 0.0395833 0.114815 0.411008
0 0.482292 0.361111 0.0229167 0.140741 0.413528
0 0.4 0.327778 0.0145833 0.062963 0.413872
0 0.0619792 0.558333 0.123958 0.683333 0.413942
24 0.765625 0.35 0.0395833 0.0962963 0.418696
24 0.763021 0.340741 0.040625 0.114815 0.418821
0 0.747396 0.383333 0.0739583 0.303704 0.419257
24 0.763542 0.341667 0.0395833 0.109259 0.422304
0 0.445833 0.35 0.0270833 0.155556 0.426964
0 0.482292 0.362037 0.0229167 0.138889 0.434425
24 0.764063 0.344444 0.0385417 0.1 0.439037
0 0.0635417 0.580556 0.125 0.653704 0.448728
24 0.764583 0.344444 0.0395833 0.103704 0.455466
0 0.747396 0.383333 0.071875 0.307407 0.462916
24 0.764583 0.344444 0.0395833 0.103704 0.463307
0 0.715104 0.389815 0.0302083 0.309259 0.465656
0 0.619271 0.349074 0.028125 0.135185 0.473976
24 0.764063 0.341667 0.040625 0.116667 0.479191
0 0.445833 0.349074 0.0270833 0.157407 0.482072
0 0.445312 0.35 0.028125 0.155556 0.484942
0 0.743229 0.396296 0.0739583 0.322222 0.494565
24 0.764063 0.341667 0.040625 0.109259 0.501906
0 0.747396 0.392593 0.071875 0.322222 0.510798
0 0.715625 0.387963 0.03125 0.316667 0.514367
0 0.379167 0.337037 0.0208333 0.107407 0.523552
0 0.484375 0.357407 0.025 0.140741 0.524445
24 0.764063 0.341667 0.040625 0.109259 0.526009
0 0.715625 0.390741 0.03125 0.311111 0.5317
0 0.619271 0.348148 0.028125 0.133333 0.534254
0 0.744792 0.393519 0.0708333 0.324074 0.535728
0 0.744792 0.393519 0.0708333 0.324074 0.536786
0 0.744792 0.393519 0.0708333 0.324074 0.543858
0 0.714583 0.392593 0.0333333 0.292593 0.564145
0 0.620313 0.348148 0.028125 0.12963 0.573696
0 0.483854 0.358333 0.0239583 0.146296 0.576614
0 0.619271 0.348148 0.0260417 0.133333 0.577366
0 0.619792 0.346296 0.0270833 0.122222 0.582199
0 0.714583 0.392593 0.0333333 0.292593 0.585493
0 0.483854 0.357407 0.0239583 0.144444 0.592926
0 0.619271 0.348148 0.0260417 0.12963 0.600405
0 0.715104 0.391667 0.034375 0.290741 0.61041
0 0.445833 0.352778 0.025 0.153704 0.611337
0 0.619792 0.346296 0.0270833 0.125926 0.621959
0 0.445312 0.352778 0.0260417 0.153704 0.625912
0 0.619792 0.347222 0.0270833 0.124074 0.628552
0 0.619271 0.347222 0.0260417 0.131481 0.63265
0 0.620313 0.348148 0.028125 0.12963 0.641157
0 0.619271 0.347222 0.0260417 0.131481 0.645474
0 0.620313 0.348148 0.028125 0.12963 0.646852
0 0.378125 0.337963 0.0208333 0.105556 0.649926
0 0.745313 0.391667 0.0739583 0.327778 0.650308
0 0.483333 0.356481 0.0229167 0.142593 0.651628
0 0.620313 0.349074 0.0302083 0.131481 0.657298
0 0.444792 0.350926 0.0291667 0.157407 0.66853
0 0.620833 0.349074 0.0291667 0.131481 0.671236
0 0.744271 0.391667 0.0760417 0.327778 0.673971
0 0.379167 0.337963 0.0208333 0.105556 0.674922
0 0.378646 0.337963 0.021875 0.105556 0.678667
0 0.378125 0.338889 0.0208333 0.1 0.679429
0 0.619792 0.349074 0.0291667 0.131481 0.685923
0 0.378125 0.338889 0.0208333 0.107407 0.686379
0 0.744792 0.391667 0.075 0.331481 0.688063
0 0.445312 0.35 0.0260417 0.144444 0.688143
0 0.444792 0.35 0.0291667 0.159259 0.69106
0 0.744271 0.392593 0.0739583 0.322222 0.692653
0 0.445312 0.349074 0.0260417 0.142593 0.693776
0 0.744792 0.392593 0.075 0.322222 0.702102
0 0.444792 0.350926 0.0291667 0.157407 0.704398
0 0.378646 0.338889 0.0197917 0.103704 0.710246
0 0.378646 0.338889 0.0197917 0.103704 0.71635
0 0.742708 0.391667 0.075 0.32037 0.717327
0 0.742708 0.392593 0.075 0.318519 0.731033
0 0.743229 0.391667 0.0739583 0.324074 0.73588
0 0.378125 0.338889 0.0208333 0.103704 0.736202
0 0.378125 0.337963 0.0208333 0.105556 0.738315
0 0.444792 0.35 0.0270833 0.159259 0.741166
0 0.742708 0.392593 0.075 0.322222 0.742704
0 0.444792 0.350926 0.0291667 0.157407 0.744737
0 0.378125 0.337963 0.0208333 0.105556 0.748713
0 0.445312 0.350926 0.028125 0.157407 0.749479
0 0.378125 0.338889 0.0208333 0.103704 0.759351
0 0.445312 0.350926 0.0260417 0.157407 0.798394
0 0.0598958 0.566667 0.119792 0.681481 0.804575
0 0.0604167 0.566667 0.120833 0.681481 0.807737
0 0.445312 0.350926 0.0260417 0.153704 0.814751
0 0.0604167 0.563889 0.120833 0.690741 0.851516
0 0.0604167 0.564815 0.120833 0.688889 0.853194
0 0.0635417 0.575 0.127083 0.683333 0.870677
0 0.0598958 0.563889 0.119792 0.690741 0.874425
0 0.0604167 0.562963 0.120833 0.685185 0.886706
