13 0.44375 0.45 0.0458333 0.0962963 0.250911
0 0.391667 0.313889 0.01875 0.0685185 0.253438
13 0.444271 0.45 0.046875 0.0962963 0.255356
0 0.359896 0.314815 0.015625 0.062963 0.256651
13 0.44375 0.45 0.0458333 0.0962963 0.256978
13 0.44375 0.449074 0.0479167 0.0944444 0.259335
13 0.44375 0.45 0.0458333 0.0962963 0.259798
0 0.597396 0.350926 0.0322917 0.135185 0.260307
0 0.228646 0.326852 0.065625 0.172222 0.267185
0 0.322396 0.314815 0.021875 0.0703704 0.270487
13 0.373437 0.572222 0.123958 0.159259 0.273232
13 0.44375 0.452778 0.0416667 0.0944444 0.273812
0 0.360417 0.314815 0.0145833 0.062963 0.274761
0 0.320312 0.325 0.021875 0.0833333 0.281047
0 0.634896 0.352778 0.028125 0.131481 0.285193
0 0.48125 0.331481 0.0166667 0.0814815 0.286064
0 0.392188 0.313889 0.0177083 0.0685185 0.287135
13 0.44375 0.451852 0.0416667 0.0962963 0.288051
0 0.227604 0.325 0.0572917 0.175926 0.290838
0 0.705208 0.340741 0.0166667 0.0962963 0.292686
13 0.443229 0.451852 0.0427083 0.0962963 0.294101
0 0.227604 0.325 0.0572917 0.172222 0.297167
0 0.461979 0.343519 0.0260417 0.127778 0.304666
13 0.44375 0.45 0.0458333 0.0962963 0.305913
0 0.48125 0.332407 0.0166667 0.0796296 0.305974
0 0.392188 0.313889 0.0177083 0.0685185 0.308198
13 0.44375 0.45 0.0458333 0.0962963 0.311508
0 0.705729 0.340741 0.0177083 0.1 0.312041
0 0.00885417 0.362963 0.0177083 0.140741 0.313303
13 0.44375 0.45 0.0458333 0.0962963 0.326037
0 0.00833333 0.362963 0.0166667 0.140741 0.326233
0 0.70625 0.335185 0.0166667 0.111111 0.327688
0 0.461979 0.343519 0.0260417 0.131481 0.329426
0 0.460938 0.34537 0.0260417 0.127778 0.335719
0 0.705208 0.340741 0.0166667 0.1 0.335869
0 0.602604 0.349074 0.040625 0.153704 0.336925
0 0.461979 0.343519 0.0260417 0.131481 0.337463
0 0.601562 0.349074 0.040625 0.153704 0.363973
13 0.374479 0.567593 0.123958 0.135185 0.364725
0 0.228125 0.325926 0.0583333 0.166667 0.366243
13 0.375 0.567593 0.129167 0.142593 0.366324
13 0.375 0.568519 0.125 0.137037 0.370818
0 0.705729 0.337963 0.0177083 0.105556 0.371153
13 0.373437 0.568519 0.126042 0.140741 0.375538
0 0.228125 0.325926 0.0583333 0.166667 0.375963
13 0.374479 0.567593 0.123958 0.138889 0.383566
13 0.375 0.569444 0.129167 0.142593 0.383663
0 0.635417 0.352778 0.0270833 0.131481 0.383897
0 0.705208 0.337963 0.0166667 0.109259 0.386652
0 0.320833 0.322222 0.0208333 0.0777778 0.387527
13 0.375 0.569444 0.129167 0.142593 0.387556
0 0.635417 0.352778 0.0270833 0.127778 0.388349
0 0.321875 0.322222 0.0208333 0.0777778 0.391613
0 0.70625 0.337963 0.0166667 0.101852 0.393161
0 0.320312 0.325 0.0197917 0.087037 0.393768
0 0.461979 0.338889 0.028125 0.114815 0.398366
0 0.70625 0.337963 0.0166667 0.105556 0.399321
0 0.601562 0.349074 0.040625 0.153704 0.400252
0 0.320312 0.325 0.0197917 0.087037 0.40236
0 0.321875 0.321296 0.0208333 0.0759259 0.404088
0 0.228646 0.325926 0.059375 0.166667 0.405838
0 0.501042 0.350926 0.0270833 0.135185 0.406945
0 0.70625 0.337963 0.0166667 0.105556 0.410034
0 0.320312 0.325926 0.0197917 0.0851852 0.411687
0 0.501562 0.35 0.0260417 0.140741 0.417485
0 0.461458 0.340741 0.0291667 0.122222 0.423002
0 0.461458 0.34537 0.0270833 0.131481 0.425692
0 0.501562 0.35 0.0260417 0.140741 0.425771
0 0.502083 0.351852 0.0270833 0.133333 0.426132
0 0.00885417 0.359259 0.0177083 0.148148 0.427237
13 0.373958 0.566667 0.122917 0.140741 0.428833
0 0.00885417 0.359259 0.0177083 0.148148 0.433553
0 0.319792 0.326852 0.0229167 0.0833333 0.434473
0 0.461458 0.34537 0.0270833 0.131481 0.43572
0 0.501562 0.352778 0.0260417 0.135185 0.448265
0 0.4625 0.337963 0.0291667 0.112963 0.450316
0 0.320312 0.324074 0.021875 0.0851852 0.450906
0 0.009375 0.361111 0.01875 0.144444 0.456432
0 0.501042 0.351852 0.0270833 0.133333 0.458932
0 0.229167 0.322222 0.0583333 0.166667 0.464671
0 0.461979 0.338889 0.028125 0.114815 0.46616
0 0.501042 0.35 0.0270833 0.12963 0.467586
0 0.00885417 0.361111 0.0177083 0.144444 0.467707
0 0.461458 0.339815 0.0291667 0.12037 0.471627
0 0.229687 0.323148 0.0552083 0.172222 0.475613
0 0.502604 0.350926 0.0260417 0.131481 0.478342
0 0.229167 0.322222 0.0583333 0.166667 0.478923
0 0.461979 0.338889 0.028125 0.114815 0.484472
0 0.4625 0.337963 0.0270833 0.112963 0.487584
0 0.229687 0.324074 0.0552083 0.174074 0.488034
0 0.501562 0.352778 0.0260417 0.135185 0.48906
0 0.4625 0.338889 0.0291667 0.114815 0.49617
0 0.460938 0.339815 0.028125 0.12037 0.496685
0 0.00885417 0.359259 0.0177083 0.151852 0.516886
0 0.00885417 0.359259 0.0177083 0.151852 0.519466
0 0.460938 0.338889 0.028125 0.118519 0.522673
0 0.228646 0.324074 0.059375 0.166667 0.52589
0 0.282292 0.418519 0.0791667 0.374074 0.526187
0 0.461979 0.342593 0.028125 0.122222 0.527466
0 0.282292 0.417593 0.0791667 0.372222 0.543474
0 0.282292 0.418519 0.0791667 0.374074 0.547972
0 0.228646 0.323148 0.059375 0.168519 0.55861
0 0.501562 0.352778 0.0260417 0.135185 0.566699
0 0.283854 0.415741 0.0802083 0.375926 0.568732
0 0.228646 0.323148 0.059375 0.164815 0.568908
0 0.228125 0.323148 0.0583333 0.168519 0.573295
0 0.285417 0.417593 0.08125 0.375926 0.587335
0 0.228646 0.324074 0.059375 0.166667 0.588242
0 0.461979 0.341667 0.028125 0.12037 0.591067
0 0.501562 0.352778 0.028125 0.135185 0.591574
0 0.460938 0.338889 0.028125 0.118519 0.59674
0 0.501042 0.350926 0.025 0.131481 0.600343
0 0.500521 0.350926 0.0260417 0.131481 0.602585
0 0.461979 0.341667 0.028125 0.12037 0.605052
0 0.228646 0.324074 0.059375 0.166667 0.605436
0 0.285417 0.417593 0.08125 0.375926 0.61204
0 0.228646 0.325 0.059375 0.164815 0.620683
0 0.597396 0.35 0.0322917 0.155556 0.621295
0 0.460938 0.338889 0.028125 0.118519 0.621447
0 0.597396 0.351852 0.0322917 0.148148 0.633851
0 0.596875 0.350926 0.03125 0.157407 0.633864
0 0.597396 0.351852 0.0322917 0.148148 0.63811
0 0.501042 0.352778 0.0270833 0.135185 0.653501
0 0.228125 0.325926 0.0604167 0.17037 0.67694
0 0.596354 0.35 0.0322917 0.159259 0.677335
0 0.596354 0.349074 0.0322917 0.161111 0.679556
0 0.596354 0.35 0.0322917 0.159259 0.681315
0 0.281771 0.42037 0.0760417 0.377778 0.695672
0 0.501042 0.351852 0.0270833 0.140741 0.701506
0 0.282292 0.419444 0.075 0.37963 0.703813
0 0.501562 0.352778 0.0260417 0.135185 0.71364
0 0.282292 0.42037 0.075 0.381481 0.714493
0 0.284375 0.416667 0.08125 0.377778 0.718928
0 0.501562 0.350926 0.028125 0.138889 0.719929
0 0.635938 0.352778 0.028125 0.135185 0.740804
0 0.284896 0.419444 0.0822917 0.372222 0.748555
0 0.635417 0.353704 0.0270833 0.12963 0.753034
0 0.284375 0.418519 0.08125 0.374074 0.753691
0 0.597396 0.350926 0.0322917 0.157407 0.754553
0 0.284375 0.418519 0.08125 0.374074 0.758421
0 0.597396 0.35 0.0322917 0.159259 0.761673
0 0.597396 0.350926 0.0322917 0.153704 0.763203
0 0.635938 0.353704 0.028125 0.133333 0.765231
0 0.283854 0.414815 0.0802083 0.377778 0.767332
0 0.635938 0.352778 0.028125 0.135185 0.767971
0 0.635938 0.352778 0.028125 0.135185 0.775904
0 0.283854 0.414815 0.0802083 0.377778 0.782714
0 0.597396 0.35 0.0322917 0.159259 0.783622
0 0.635938 0.352778 0.028125 0.135185 0.786933
0 0.635417 0.353704 0.0270833 0.133333 0.789421
0 0.597396 0.349074 0.0322917 0.161111 0.798629
0 0.635417 0.353704 0.0270833 0.12963 0.807431
0 0.635417 0.353704 0.0270833 0.12963 0.813312
0 0.635938 0.353704 0.028125 0.133333 0.819297
0 0.635417 0.353704 0.0270833 0.137037 0.871586
0 0.635417 0.353704 0.0270833 0.137037 0.872393
