13 0.245312 0.825926 0.298958 0.337037 0.258155
0 0.580208 0.328704 0.0166667 0.0648148 0.260087
0 0.228125 0.418519 0.0979167 0.374074 0.261042
13 0.244792 0.825926 0.3 0.337037 0.262267
13 0.245312 0.825926 0.301042 0.337037 0.263784
0 0.490625 0.337037 0.01875 0.0888889 0.275425
26 0.664062 0.334259 0.0197917 0.0537037 0.276228
0 0.648438 0.360185 0.0510417 0.201852 0.279107
0 0.491146 0.337037 0.0177083 0.0888889 0.279242
0 0.359896 0.325 0.015625 0.0833333 0.281036
0 0.579687 0.328704 0.0177083 0.0648148 0.281422
0 0.227604 0.418519 0.096875 0.374074 0.286944
0 0.279167 0.347222 0.0333333 0.12037 0.2907
26 0.664062 0.336111 0.0239583 0.0462963 0.291153
13 0.242708 0.825926 0.3 0.333333 0.296082
13 0.24375 0.825 0.3 0.331481 0.297479
13 0.242708 0.825926 0.304167 0.333333 0.299151
0 0.279167 0.347222 0.0333333 0.12037 0.300227
26 0.664062 0.335185 0.0197917 0.0518519 0.301133
26 0.664062 0.336111 0.0239583 0.0462963 0.30216
0 0.526042 0.322222 0.0166667 0.0703704 0.303209
0 0.650521 0.362963 0.0427083 0.2 0.303902
0 0.508333 0.350926 0.03125 0.127778 0.303903
26 0.664062 0.335185 0.0197917 0.0518519 0.305961
0 0.509896 0.351852 0.028125 0.12963 0.309325
0 0.128646 0.363889 0.034375 0.138889 0.310305
0 0.279687 0.347222 0.0322917 0.12037 0.312832
0 0.65 0.362963 0.0416667 0.2 0.31362
0 0.580208 0.328704 0.0166667 0.0648148 0.315509
0 0.355729 0.327778 0.0177083 0.0777778 0.317779
0 0.525521 0.322222 0.0177083 0.0703704 0.323505
0 0.355729 0.327778 0.015625 0.0777778 0.324282
0 0.342187 0.330556 0.021875 0.0833333 0.326455
0 0.35625 0.327778 0.0166667 0.0777778 0.335944
0 0.359896 0.325 0.0135417 0.0796296 0.336406
26 0.664062 0.336111 0.0239583 0.0462963 0.339953
0 0.128646 0.363889 0.034375 0.138889 0.340052
0 0.341667 0.32963 0.0208333 0.0851852 0.341164
0 0.51875 0.351852 0.0270833 0.137037 0.346554
0 0.651563 0.360185 0.0447917 0.205556 0.346769
0 0.651563 0.360185 0.0447917 0.205556 0.350563
0 0.525521 0.322222 0.0177083 0.0703704 0.352197
0 0.651563 0.360185 0.0447917 0.205556 0.352428
0 0.509896 0.350926 0.028125 0.131481 0.352494
0 0.341667 0.330556 0.0208333 0.087037 0.36119
0 0.580729 0.325926 0.015625 0.062963 0.365871
0 0.460417 0.350926 0.0270833 0.131481 0.36628
0 0.580729 0.325926 0.015625 0.062963 0.366703
0 0.580208 0.328704 0.0145833 0.0648148 0.371221
0 0.460417 0.350926 0.0270833 0.131481 0.371957
0 0.359896 0.325926 0.0135417 0.0814815 0.374979
0 0.224479 0.416667 0.0947917 0.37037 0.382799
0 0.5125 0.355556 0.0291667 0.133333 0.385154
0 0.224479 0.416667 0.0947917 0.37037 0.387018
0 0.580729 0.325 0.015625 0.0648148 0.394903
0 0.224479 0.417593 0.0947917 0.368519 0.395943
0 0.580729 0.325926 0.015625 0.062963 0.396081
0 0.0869792 0.359259 0.0322917 0.174074 0.399055
0 0.579687 0.328704 0.015625 0.0648148 0.404424
0 0.580208 0.325926 0.0145833 0.062963 0.409756
0 0.649479 0.361111 0.046875 0.203704 0.413716
0 0.649479 0.361111 0.046875 0.203704 0.415296
0 0.0864583 0.360185 0.03125 0.172222 0.420941
0 0.648958 0.358333 0.05 0.205556 0.422321
0 0.0833333 0.357407 0.0375 0.166667 0.429896
0 0.0822917 0.364815 0.0375 0.159259 0.432242
0 0.580208 0.325926 0.0145833 0.062963 0.433202
0 0.580208 0.327778 0.0145833 0.0666667 0.434327
0 0.648438 0.359259 0.0510417 0.203704 0.44498
0 0.0828125 0.363889 0.0385417 0.157407 0.451084
0 0.129167 0.362963 0.0333333 0.137037 0.452229
0 0.0833333 0.357407 0.0375 0.166667 0.459073
0 0.129167 0.362963 0.0333333 0.137037 0.464254
0 0.0833333 0.362037 0.0375 0.168519 0.465218
0 0.509896 0.356481 0.028125 0.131481 0.472006
0 0.650521 0.361111 0.046875 0.203704 0.475204
0 0.129167 0.362963 0.0333333 0.137037 0.479935
0 0.0833333 0.357407 0.0375 0.166667 0.489304
0 0.343229 0.331481 0.0197917 0.0814815 0.503057
0 0.13125 0.364815 0.0333333 0.133333 0.512372
0 0.342187 0.32963 0.0197917 0.0851852 0.518077
0 0.0833333 0.362037 0.0375 0.168519 0.526047
0 0.647917 0.359259 0.0458333 0.203704 0.532838
0 0.342187 0.330556 0.0197917 0.0833333 0.535558
0 0.342708 0.332407 0.0208333 0.0796296 0.542475
0 0.084375 0.360185 0.0354167 0.175926 0.545967
0 0.280208 0.347222 0.03125 0.116667 0.547207
0 0.0833333 0.361111 0.0375 0.166667 0.548099
0 0.461458 0.350926 0.0270833 0.135185 0.548861
0 0.648438 0.360185 0.046875 0.201852 0.549371
0 0.460938 0.351852 0.0260417 0.137037 0.553055
0 0.648438 0.359259 0.046875 0.203704 0.56044
0 0.342187 0.330556 0.0197917 0.0833333 0.562591
0 0.650521 0.361111 0.046875 0.203704 0.565336
0 0.280208 0.347222 0.03125 0.116667 0.566199
0 0.510938 0.356481 0.0302083 0.135185 0.568946
0 0.129688 0.366667 0.0322917 0.12963 0.569581
0 0.511458 0.356481 0.03125 0.135185 0.573181
0 0.084375 0.360185 0.0354167 0.172222 0.576571
0 0.280208 0.347222 0.03125 0.116667 0.578107
0 0.0833333 0.361111 0.0375 0.166667 0.592364
0 0.0833333 0.362037 0.0375 0.168519 0.595911
0 0.280729 0.347222 0.0322917 0.124074 0.603412
0 0.460417 0.350926 0.0270833 0.138889 0.60524
0 0.648958 0.360185 0.0479167 0.201852 0.605652
0 0.652083 0.35463 0.0458333 0.198148 0.607295
0 0.222396 0.415741 0.0927083 0.375926 0.612022
0 0.510938 0.356481 0.0302083 0.135185 0.615724
0 0.222396 0.415741 0.0927083 0.372222 0.617627
0 0.222396 0.416667 0.0927083 0.37037 0.619676
0 0.652083 0.35463 0.0458333 0.205556 0.621264
0 0.280729 0.348148 0.0322917 0.122222 0.628804
0 0.342708 0.331481 0.0208333 0.0814815 0.634468
0 0.222396 0.416667 0.090625 0.381481 0.636303
0 0.280729 0.347222 0.0322917 0.12037 0.637833
0 0.510938 0.357407 0.0302083 0.137037 0.638034
0 0.460417 0.350926 0.0270833 0.138889 0.63811
0 0.460417 0.350926 0.0270833 0.138889 0.639342
0 0.0833333 0.360185 0.0375 0.168519 0.644373
0 0.222396 0.417593 0.090625 0.383333 0.648328
0 0.342187 0.330556 0.0197917 0.0833333 0.651081
0 0.13125 0.364815 0.0333333 0.12963 0.656139
0 0.342187 0.331481 0.0197917 0.0814815 0.65802
0 0.13125 0.363889 0.0333333 0.131481 0.66283
0 0.342187 0.331481 0.0197917 0.0814815 0.664503
0 0.280208 0.346296 0.03125 0.122222 0.667376
0 0.649479 0.360185 0.046875 0.201852 0.668165
0 0.510938 0.358333 0.0302083 0.138889 0.670873
0 0.280208 0.346296 0.03125 0.122222 0.676201
0 0.5125 0.356481 0.0291667 0.142593 0.682024
0 0.649479 0.361111 0.046875 0.203704 0.683638
0 0.511979 0.356481 0.0302083 0.138889 0.689042
0 0.129688 0.366667 0.0322917 0.133333 0.689338
0 0.460938 0.353704 0.028125 0.137037 0.690623
0 0.280208 0.34537 0.03125 0.12037 0.690893
0 0.130208 0.363889 0.0333333 0.135185 0.694182
0 0.509896 0.356481 0.028125 0.138889 0.697918
0 0.509896 0.357407 0.028125 0.140741 0.702187
0 0.129688 0.366667 0.0322917 0.133333 0.703733
0 0.280729 0.34537 0.0322917 0.116667 0.705696
0 0.460938 0.351852 0.028125 0.137037 0.707697
0 0.649479 0.361111 0.046875 0.203704 0.709048
0 0.280208 0.34537 0.0333333 0.116667 0.712037
0 0.130208 0.363889 0.0333333 0.135185 0.717119
0 0.130208 0.363889 0.0333333 0.135185 0.723148
0 0.280729 0.347222 0.0322917 0.112963 0.724201
0 0.280208 0.347222 0.03125 0.112963 0.724876
0 0.511458 0.358333 0.0291667 0.135185 0.731588
0 0.461458 0.352778 0.0270833 0.138889 0.740378
0 0.280729 0.344444 0.0322917 0.114815 0.742021
0 0.130208 0.363889 0.0333333 0.135185 0.742569
0 0.460938 0.352778 0.028125 0.135185 0.743808
0 0.280729 0.347222 0.0322917 0.112963 0.745652
0 0.130208 0.363889 0.0333333 0.135185 0.752623
0 0.648958 0.359259 0.0458333 0.203704 0.760154
0 0.460938 0.352778 0.028125 0.135185 0.764739
0 0.130208 0.363889 0.0333333 0.135185 0.769032
0 0.648958 0.360185 0.0458333 0.209259 0.783118
0 0.461458 0.351852 0.0270833 0.137037 0.790012
0 0.461458 0.350926 0.0291667 0.138889 0.802518
0 0.461458 0.350926 0.0291667 0.138889 0.804621
0 0.225 0.417593 0.09375 0.383333 0.810434
0 0.225 0.416667 0.09375 0.381481 0.815912
0 0.225 0.417593 0.09375 0.383333 0.82551
0 0.461458 0.351852 0.0270833 0.144444 0.858623
0 0.461458 0.351852 0.0270833 0.140741 0.861037
0 0.223438 0.418519 0.0927083 0.381481 0.861741
0 0.223438 0.417593 0.0927083 0.37963 0.866404
0 0.223438 0.418519 0.0927083 0.377778 0.868657
0 0.223438 0.418519 0.090625 0.377778 0.88748
0 0.223438 0.418519 0.090625 0.377778 0.895094
0 0.223438 0.417593 0.0927083 0.375926 0.900231
0 0.223958 0.417593 0.0916667 0.375926 0.904497
