28 0.634896 0.575 0.0552083 0.0611111 0.262162
0 0.802604 0.462963 0.0197917 0.111111 0.266175
0 0.726562 0.5 0.0447917 0.233333 0.268646
28 0.638542 0.577778 0.0666667 0.062963 0.270141
28 0.638021 0.577778 0.0677083 0.062963 0.274028
28 0.634375 0.573148 0.05625 0.0648148 0.274525
28 0.634375 0.573148 0.05625 0.0648148 0.280867
0 0.802604 0.461111 0.0197917 0.103704 0.281121
0 0.265104 0.492593 0.028125 0.162963 0.290277
0 0.590625 0.448148 0.0333333 0.0888889 0.291816
0 0.727083 0.499074 0.04375 0.238889 0.307389
28 0.634896 0.575 0.0552083 0.0611111 0.312385
0 0.288542 0.474074 0.025 0.144444 0.316811
0 0.595833 0.449074 0.025 0.087037 0.31904
0 0.250521 0.492593 0.046875 0.162963 0.324438
0 0.288542 0.474074 0.025 0.144444 0.32585
0 0.265625 0.492593 0.0270833 0.162963 0.327191
28 0.634896 0.575 0.0552083 0.0611111 0.330611
0 0.257812 0.491667 0.0364583 0.164815 0.341297
0 0.288021 0.491667 0.0302083 0.17963 0.342305
0 0.25 0.492593 0.04375 0.162963 0.3487
0 0.257812 0.490741 0.0364583 0.162963 0.358796
0 0.595833 0.449074 0.025 0.087037 0.366505
0 0.595833 0.449074 0.025 0.087037 0.369181
28 0.6375 0.575926 0.0625 0.062963 0.381043
0 0.249479 0.492593 0.0427083 0.162963 0.384574
28 0.6375 0.575926 0.0625 0.062963 0.384658
0 0.289583 0.475 0.025 0.146296 0.387974
28 0.638542 0.575 0.0645833 0.0648148 0.389165
0 0.541667 0.439815 0.0166667 0.0796296 0.389404
0 0.729167 0.505556 0.0520833 0.244444 0.396285
0 0.541667 0.439815 0.0166667 0.0796296 0.399453
0 0.289583 0.475 0.0270833 0.146296 0.400325
28 0.638021 0.575 0.0635417 0.0648148 0.40473
0 0.577083 0.446296 0.0208333 0.0888889 0.407837
0 0.542708 0.439815 0.0166667 0.0759259 0.415841
0 0.542188 0.439815 0.015625 0.0759259 0.420754
0 0.542188 0.439815 0.015625 0.0759259 0.420938
0 0.264583 0.486111 0.0291667 0.168519 0.422217
0 0.315104 0.492593 0.0364583 0.192593 0.42768
0 0.288021 0.488889 0.028125 0.17037 0.428014
0 0.264583 0.485185 0.0291667 0.166667 0.429541
0 0.541667 0.438889 0.0166667 0.0777778 0.430962
0 0.577083 0.446296 0.0208333 0.0888889 0.432635
0 0.577083 0.446296 0.0208333 0.0888889 0.433036
0 0.541667 0.438889 0.0166667 0.0777778 0.435433
0 0.594792 0.449074 0.025 0.0907407 0.436816
0 0.541667 0.440741 0.0166667 0.0777778 0.437301
0 0.288021 0.488889 0.028125 0.17037 0.444723
0 0.542188 0.438889 0.015625 0.0740741 0.452762
0 0.314583 0.492593 0.0375 0.196296 0.454653
0 0.197396 0.493519 0.034375 0.168519 0.455627
0 0.311458 0.497222 0.0395833 0.194444 0.458865
0 0.727604 0.50463 0.0489583 0.235185 0.469847
0 0.597396 0.44537 0.0197917 0.0907407 0.475054
0 0.197396 0.493519 0.034375 0.168519 0.479661
0 0.542188 0.438889 0.015625 0.0777778 0.481575
0 0.289583 0.488889 0.0291667 0.177778 0.481777
2 0.0427083 0.508333 0.0854167 0.309259 0.481827
0 0.311458 0.497222 0.0395833 0.194444 0.483867
0 0.574479 0.444444 0.0177083 0.0851852 0.484663
0 0.314583 0.491667 0.0375 0.190741 0.488976
0 0.289583 0.488889 0.0270833 0.177778 0.505467
0 0.575 0.443519 0.01875 0.087037 0.50622
0 0.542188 0.438889 0.015625 0.0777778 0.506513
0 0.597396 0.446296 0.0197917 0.0925926 0.507493
0 0.597396 0.446296 0.0197917 0.0925926 0.514273
0 0.241146 0.49537 0.0322917 0.161111 0.521493
0 0.289583 0.487963 0.0291667 0.17963 0.522269
0 0.240625 0.49537 0.03125 0.161111 0.525155
0 0.575 0.444444 0.01875 0.0851852 0.525244
0 0.596354 0.447222 0.021875 0.0907407 0.528176
0 0.727604 0.50463 0.0489583 0.242593 0.53321
0 0.728125 0.502778 0.05 0.246296 0.538887
0 0.290104 0.488889 0.028125 0.181481 0.550861
0 0.3125 0.499074 0.0375 0.194444 0.553276
0 0.596354 0.447222 0.021875 0.0907407 0.553947
0 0.728646 0.50463 0.0510417 0.246296 0.554725
0 0.596875 0.447222 0.0229167 0.0907407 0.559255
0 0.3125 0.499074 0.0375 0.194444 0.564383
0 0.311458 0.494444 0.0416667 0.188889 0.565503
0 0.290104 0.490741 0.028125 0.181481 0.566528
0 0.239063 0.492593 0.0260417 0.162963 0.581297
2 0.0432292 0.511111 0.084375 0.314815 0.594177
2 0.0432292 0.507407 0.0864583 0.32963 0.594244
2 0.0432292 0.506481 0.0864583 0.327778 0.59465
0 0.240625 0.494444 0.0291667 0.162963 0.598549
2 0.04375 0.505556 0.0854167 0.325926 0.598843
0 0.596354 0.447222 0.021875 0.0944444 0.599825
2 0.04375 0.511111 0.0833333 0.314815 0.600553
0 0.239063 0.492593 0.0260417 0.162963 0.601571
2 0.0432292 0.512963 0.084375 0.314815 0.608291
2 0.0432292 0.512037 0.084375 0.316667 0.612529
0 0.311458 0.494444 0.0416667 0.188889 0.612712
0 0.727604 0.503704 0.0447917 0.237037 0.614062
2 0.0432292 0.511111 0.084375 0.314815 0.628164
0 0.3125 0.494444 0.0416667 0.192593 0.630999
0 0.313021 0.49537 0.040625 0.194444 0.634467
0 0.313542 0.496296 0.0395833 0.192593 0.646326
0 0.239583 0.494444 0.0291667 0.159259 0.656903
2 0.0432292 0.508333 0.0864583 0.316667 0.656944
0 0.240104 0.494444 0.028125 0.162963 0.657194
0 0.240104 0.493519 0.028125 0.164815 0.663174
0 0.311458 0.493519 0.0416667 0.190741 0.663478
0 0.3125 0.49537 0.0416667 0.190741 0.667881
2 0.0432292 0.508333 0.0864583 0.316667 0.675227
0 0.198437 0.492593 0.034375 0.162963 0.675604
2 0.0432292 0.510185 0.084375 0.316667 0.68318
0 0.727604 0.503704 0.0447917 0.244444 0.68448
2 0.0432292 0.511111 0.084375 0.318519 0.685001
0 0.728125 0.50463 0.0479167 0.238889 0.686327
0 0.728125 0.502778 0.0479167 0.242593 0.688027
0 0.313542 0.497222 0.0395833 0.190741 0.69187
0 0.239583 0.494444 0.0291667 0.162963 0.692945
0 0.240104 0.492593 0.028125 0.159259 0.69397
0 0.197396 0.494444 0.0364583 0.166667 0.696897
2 0.0427083 0.510185 0.0854167 0.324074 0.697938
0 0.728646 0.503704 0.0489583 0.240741 0.70172
0 0.198437 0.492593 0.034375 0.162963 0.703799
0 0.727604 0.503704 0.046875 0.244444 0.705724
2 0.0427083 0.510185 0.0854167 0.324074 0.706468
0 0.240104 0.492593 0.028125 0.162963 0.707233
2 0.0427083 0.510185 0.0854167 0.324074 0.709275
0 0.240104 0.49537 0.028125 0.161111 0.709343
0 0.196875 0.494444 0.0354167 0.166667 0.710903
0 0.313542 0.496296 0.0395833 0.188889 0.712048
0 0.727604 0.503704 0.046875 0.244444 0.714488
0 0.197917 0.492593 0.0354167 0.166667 0.717746
0 0.197917 0.492593 0.0354167 0.166667 0.720384
0 0.727604 0.503704 0.046875 0.244444 0.721272
0 0.196875 0.493519 0.0354167 0.168519 0.721685
0 0.313542 0.497222 0.0395833 0.190741 0.729076
0 0.728646 0.50463 0.0489583 0.242593 0.731618
0 0.728646 0.502778 0.046875 0.242593 0.732987
0 0.198437 0.493519 0.034375 0.164815 0.735851
0 0.197917 0.493519 0.0354167 0.164815 0.737363
0 0.728646 0.503704 0.0489583 0.240741 0.771947
0 0.728646 0.502778 0.046875 0.242593 0.772513
0 0.197917 0.493519 0.0354167 0.164815 0.773908
0 0.197917 0.491667 0.0354167 0.164815 0.782833
0 0.197917 0.493519 0.0354167 0.164815 0.785996
0 0.197917 0.491667 0.0354167 0.164815 0.791167
0 0.728646 0.50463 0.0489583 0.246296 0.841677
