0 0.034375 0.800926 0.06875 0.275926 0.250015
24 0.756771 0.340741 0.0427083 0.155556 0.250923
24 0.761979 0.346296 0.0364583 0.1 0.252512
0 0.366667 0.328704 0.025 0.105556 0.253235
0 0.710938 0.392593 0.040625 0.318519 0.254526
0 0.472917 0.348148 0.0333333 0.137037 0.254732
0 0.531771 0.314815 0.0135417 0.0666667 0.254955
0 0.707812 0.384259 0.040625 0.305556 0.25516
24 0.756771 0.343519 0.0427083 0.161111 0.257882
0 0.710938 0.392593 0.040625 0.311111 0.258588
0 0.526563 0.316667 0.0177083 0.0703704 0.260103
24 0.756771 0.341667 0.0427083 0.157407 0.260434
24 0.761458 0.34537 0.0354167 0.101852 0.26048
0 0.602083 0.337037 0.0291667 0.118519 0.261956
0 0.602604 0.337037 0.028125 0.118519 0.264905
0 0.473437 0.348148 0.0364583 0.133333 0.268326
0 0.53125 0.315741 0.0145833 0.0648148 0.270927
13 0.292708 0.763889 0.2625 0.409259 0.271678
13 0.285937 0.74537 0.263542 0.361111 0.274225
0 0.46875 0.35 0.0270833 0.148148 0.274913
0 0.707812 0.383333 0.040625 0.303704 0.275261
13 0.292708 0.765741 0.2625 0.412963 0.277501
0 0.616667 0.32963 0.0166667 0.107407 0.27758
13 0.286979 0.743519 0.261458 0.364815 0.278091
13 0.292708 0.764815 0.2625 0.411111 0.278577
0 0.385938 0.318519 0.0135417 0.062963 0.279549
0 0.0338542 0.802778 0.0677083 0.275926 0.287363
0 0.46875 0.35 0.0270833 0.140741 0.287459
0 0.516146 0.332407 0.0322917 0.0944444 0.288056
0 0.139583 0.337037 0.0541667 0.151852 0.308875
13 0.209896 0.484259 0.171875 0.187037 0.310724
0 0.466667 0.350926 0.0229167 0.131481 0.310932
0 0.134896 0.336111 0.0572917 0.153704 0.311101
0 0.531771 0.313889 0.015625 0.0648148 0.312968
0 0.034375 0.807407 0.06875 0.27037 0.314397
13 0.210938 0.483333 0.171875 0.185185 0.315387
0 0.7375 0.392593 0.0729167 0.333333 0.317273
0 0.736979 0.392593 0.0739583 0.333333 0.317666
0 0.736979 0.392593 0.0739583 0.32963 0.322561
13 0.209896 0.485185 0.169792 0.185185 0.323392
0 0.427604 0.347222 0.028125 0.15 0.324904
0 0.1375 0.336111 0.0583333 0.15 0.329935
0 0.714063 0.387963 0.0447917 0.312963 0.336294
0 0.426562 0.341667 0.028125 0.153704 0.338248
0 0.427604 0.346296 0.028125 0.148148 0.338488
13 0.210417 0.482407 0.172917 0.183333 0.338614
13 0.209896 0.483333 0.171875 0.185185 0.341396
13 0.209896 0.484259 0.178125 0.183333 0.343123
0 0.034375 0.809259 0.06875 0.281481 0.343475
0 0.0338542 0.808333 0.0677083 0.27963 0.34534
0 0.0333333 0.808333 0.0666667 0.27963 0.350116
0 0.530729 0.312963 0.015625 0.062963 0.350908
0 0.427083 0.341667 0.0270833 0.15 0.357978
0 0.0338542 0.808333 0.0677083 0.27963 0.359595
13 0.209375 0.485185 0.177083 0.181481 0.36155
0 0.468229 0.35 0.0260417 0.144444 0.362412
0 0.426562 0.341667 0.028125 0.15 0.364332
0 0.0333333 0.809259 0.0666667 0.274074 0.364506
0 0.034375 0.810185 0.06875 0.283333 0.366123
0 0.427083 0.347222 0.0270833 0.15 0.366533
0 0.0333333 0.810185 0.0666667 0.275926 0.368585
0 0.0333333 0.810185 0.0666667 0.275926 0.368947
0 0.530729 0.312037 0.015625 0.0648148 0.370032
13 0.292188 0.728704 0.259375 0.331481 0.370099
13 0.291667 0.732407 0.260417 0.342593 0.375893
0 0.136979 0.335185 0.059375 0.151852 0.378756
0 0.467187 0.351852 0.021875 0.140741 0.379878
0 0.710938 0.389815 0.0364583 0.309259 0.380821
13 0.209896 0.483333 0.173958 0.188889 0.385613
13 0.291667 0.732407 0.2625 0.338889 0.386784
13 0.292188 0.730556 0.259375 0.335185 0.38723
13 0.291667 0.732407 0.260417 0.342593 0.387463
13 0.291667 0.732407 0.260417 0.342593 0.388738
0 0.503646 0.343519 0.021875 0.0907407 0.389669
0 0.53125 0.313889 0.0145833 0.0648148 0.390153
0 0.0338542 0.811111 0.0677083 0.281481 0.395991
0 0.46875 0.349074 0.0270833 0.138889 0.4002
13 0.209375 0.483333 0.175 0.185185 0.404429
24 0.760417 0.337963 0.0375 0.112963 0.406412
0 0.1375 0.336111 0.0583333 0.153704 0.406638
0 0.504167 0.340741 0.0208333 0.0962963 0.407328
0 0.034375 0.809259 0.06875 0.281481 0.411185
0 0.531771 0.313889 0.015625 0.0648148 0.411251
0 0.467187 0.351852 0.021875 0.140741 0.413585
0 0.0333333 0.806481 0.0666667 0.264815 0.414585
0 0.504167 0.342593 0.0229167 0.0962963 0.41783
0 0.605729 0.339815 0.0322917 0.127778 0.423165
24 0.760417 0.340741 0.0375 0.103704 0.425586
24 0.760417 0.337963 0.0375 0.109259 0.426343
0 0.426562 0.339815 0.028125 0.131481 0.427605
0 0.709896 0.386111 0.0364583 0.309259 0.432606
0 0.603646 0.340741 0.028125 0.12963 0.436523
24 0.760417 0.340741 0.0375 0.111111 0.43839
24 0.760417 0.339815 0.0375 0.109259 0.441965
0 0.604167 0.339815 0.0291667 0.127778 0.442658
0 0.503646 0.343519 0.021875 0.0907407 0.445357
0 0.426042 0.344444 0.0270833 0.137037 0.446311
0 0.503646 0.343519 0.021875 0.0907407 0.449165
0 0.504167 0.340741 0.0208333 0.1 0.452257
0 0.708333 0.388889 0.0395833 0.311111 0.456181
0 0.504167 0.340741 0.0208333 0.1 0.457728
0 0.1375 0.336111 0.0583333 0.153704 0.467239
0 0.605729 0.339815 0.0322917 0.127778 0.470739
24 0.760938 0.340741 0.0364583 0.103704 0.471965
0 0.708333 0.388889 0.0395833 0.303704 0.472209
24 0.760417 0.337963 0.0375 0.109259 0.473954
0 0.708333 0.389815 0.0395833 0.309259 0.477775
0 0.711458 0.389815 0.0416667 0.316667 0.478946
0 0.60625 0.339815 0.03125 0.127778 0.483887
0 0.139062 0.335185 0.053125 0.159259 0.486412
24 0.760938 0.339815 0.0364583 0.105556 0.487783
0 0.468229 0.347222 0.0239583 0.127778 0.487886
0 0.46875 0.351852 0.0229167 0.133333 0.491254
0 0.603646 0.340741 0.028125 0.12963 0.491289
0 0.603125 0.339815 0.0270833 0.127778 0.491377
24 0.760938 0.339815 0.0364583 0.105556 0.492329
0 0.427083 0.346296 0.0270833 0.144444 0.493921
0 0.139062 0.335185 0.053125 0.159259 0.495843
0 0.136979 0.336111 0.059375 0.15 0.499251
0 0.427083 0.346296 0.0270833 0.148148 0.503967
0 0.604688 0.340741 0.0302083 0.12963 0.526604
24 0.760417 0.339815 0.0375 0.112963 0.529006
0 0.7125 0.387037 0.04375 0.325926 0.534426
0 0.136458 0.335185 0.0541667 0.162963 0.536521
0 0.135937 0.335185 0.0552083 0.162963 0.537921
0 0.605208 0.340741 0.0291667 0.12963 0.55006
24 0.760417 0.338889 0.0375 0.107407 0.553546
0 0.713021 0.387037 0.046875 0.322222 0.557848
0 0.468229 0.347222 0.0239583 0.135185 0.562825
0 0.1375 0.336111 0.0583333 0.153704 0.565273
0 0.604167 0.339815 0.0291667 0.131481 0.56903
0 0.468229 0.347222 0.0239583 0.131481 0.573758
0 0.604167 0.339815 0.0270833 0.131481 0.574076
0 0.1375 0.337037 0.0583333 0.155556 0.57541
24 0.760417 0.337963 0.0375 0.109259 0.581017
0 0.136979 0.337037 0.0572917 0.155556 0.581141
0 0.713021 0.386111 0.046875 0.32037 0.584925
0 0.604688 0.340741 0.0302083 0.12963 0.587107
0 0.605208 0.339815 0.03125 0.131481 0.592933
0 0.604688 0.340741 0.0302083 0.12963 0.592983
24 0.760938 0.340741 0.0364583 0.107407 0.605444
0 0.426562 0.340741 0.028125 0.137037 0.608069
0 0.136458 0.337037 0.0583333 0.155556 0.610561
24 0.760938 0.339815 0.0364583 0.112963 0.621116
0 0.426562 0.340741 0.028125 0.137037 0.62172
24 0.760938 0.339815 0.0385417 0.112963 0.62368
0 0.605729 0.339815 0.0302083 0.127778 0.634547
0 0.367188 0.32963 0.021875 0.103704 0.645264
0 0.734896 0.389815 0.0802083 0.331481 0.654508
0 0.46875 0.351852 0.0229167 0.137037 0.654962
0 0.7375 0.388889 0.075 0.333333 0.658645
0 0.46875 0.351852 0.0229167 0.137037 0.662552
0 0.735937 0.389815 0.0802083 0.331481 0.664978
0 0.736979 0.388889 0.078125 0.337037 0.665018
0 0.367188 0.32963 0.021875 0.103704 0.673407
0 0.468229 0.35 0.0239583 0.144444 0.67793
0 0.367188 0.32963 0.021875 0.107407 0.680404
0 0.367188 0.32963 0.021875 0.107407 0.682017
0 0.736458 0.389815 0.0791667 0.335185 0.682981
0 0.46875 0.350926 0.025 0.138889 0.688501
0 0.367188 0.331481 0.021875 0.103704 0.709954
0 0.426562 0.344444 0.028125 0.151852 0.717605
0 0.735417 0.387963 0.0729167 0.338889 0.728021
0 0.427083 0.343519 0.0291667 0.15 0.730058
0 0.367188 0.330556 0.021875 0.105556 0.73086
0 0.367188 0.330556 0.021875 0.105556 0.737753
0 0.735417 0.387037 0.0729167 0.337037 0.74444
0 0.427604 0.344444 0.028125 0.148148 0.753575
0 0.427083 0.343519 0.0291667 0.15 0.754175
0 0.735417 0.387963 0.0729167 0.338889 0.756638
0 0.426562 0.34537 0.028125 0.15 0.758998
0 0.735417 0.389815 0.0770833 0.335185 0.761862
0 0.367188 0.328704 0.021875 0.109259 0.764446
0 0.426562 0.343519 0.028125 0.142593 0.765133
0 0.426562 0.343519 0.028125 0.15 0.767952
0 0.426562 0.344444 0.028125 0.140741 0.770761
0 0.366146 0.32963 0.021875 0.107407 0.785966
0 0.426562 0.343519 0.028125 0.15 0.792731
0 0.426562 0.343519 0.028125 0.146296 0.801976
0 0.366667 0.32963 0.0229167 0.1 0.811446
0 0.366667 0.32963 0.0229167 0.103704 0.830195
0 0.366667 0.330556 0.0229167 0.101852 0.834217
