0 0.621354 0.343519 0.0302083 0.15 0.262361
0 0.299479 0.319444 0.0322917 0.0944444 0.262363
0 0.483333 0.32037 0.0166667 0.0851852 0.264297
0 0.465104 0.337037 0.0302083 0.166667 0.269891
0 0.214062 0.362963 0.0614583 0.285185 0.270108
0 0.464583 0.337037 0.0291667 0.162963 0.270772
0 0.214062 0.362037 0.0614583 0.287037 0.271368
0 0.644792 0.349074 0.0270833 0.138889 0.273455
0 0.494792 0.337963 0.0583333 0.142593 0.276171
0 0.370833 0.302778 0.0166667 0.0722222 0.278966
0 0.214062 0.362037 0.0614583 0.287037 0.283399
0 0.622917 0.347222 0.0354167 0.157407 0.291976
0 0.646875 0.336111 0.0270833 0.116667 0.296937
0 0.370833 0.302778 0.0166667 0.0722222 0.297027
0 0.299479 0.321296 0.0322917 0.087037 0.298908
0 0.622917 0.347222 0.0354167 0.157407 0.304247
0 0.211458 0.362037 0.0666667 0.283333 0.313002
0 0.465625 0.327778 0.03125 0.137037 0.316486
0 0.3 0.321296 0.0333333 0.0907407 0.318173
0 0.494792 0.338889 0.0583333 0.144444 0.321004
0 0.465625 0.327778 0.03125 0.137037 0.321334
0 0.619792 0.346296 0.03125 0.166667 0.322779
0 0.619792 0.347222 0.03125 0.168519 0.326531
0 0.509896 0.335185 0.0302083 0.12963 0.332373
0 0.3 0.321296 0.0333333 0.0907407 0.335996
0 0.619792 0.347222 0.03125 0.168519 0.33632
0 0.619792 0.341667 0.0291667 0.164815 0.339767
0 0.645312 0.343519 0.0260417 0.135185 0.341126
0 0.619792 0.341667 0.0291667 0.164815 0.354561
0 0.646354 0.336111 0.0260417 0.12037 0.35724
0 0.645833 0.337037 0.025 0.122222 0.360678
0 0.646875 0.336111 0.025 0.12037 0.361664
0 0.619792 0.341667 0.0291667 0.164815 0.363645
0 0.211458 0.37037 0.0645833 0.292593 0.373635
0 0.629687 0.34537 0.0489583 0.15 0.394892
0 0.645312 0.348148 0.0260417 0.140741 0.411017
0 0.629167 0.346296 0.0479167 0.151852 0.434173
0 0.301042 0.317593 0.03125 0.0944444 0.434918
0 0.300521 0.317593 0.0302083 0.0944444 0.437497
0 0.0734375 0.453704 0.142708 0.596296 0.438326
0 0.075 0.449074 0.141667 0.583333 0.438495
0 0.0770833 0.453704 0.14375 0.577778 0.441764
0 0.0765625 0.453704 0.142708 0.581481 0.444
0 0.301042 0.317593 0.03125 0.0944444 0.461951
0 0.509375 0.336111 0.03125 0.131481 0.466229
0 0.334896 0.306481 0.0197917 0.0722222 0.46795
0 0.0734375 0.452778 0.140625 0.594444 0.470836
0 0.508854 0.336111 0.0302083 0.131481 0.472541
0 0.075 0.448148 0.141667 0.585185 0.472677
0 0.628646 0.34537 0.046875 0.15 0.473643
0 0.645312 0.343519 0.0260417 0.135185 0.478163
0 0.301562 0.318519 0.0322917 0.0962963 0.483738
0 0.334896 0.306481 0.0197917 0.0722222 0.483857
0 0.301562 0.318519 0.0322917 0.0962963 0.483923
0 0.334896 0.307407 0.0197917 0.0703704 0.499706
0 0.335417 0.306481 0.01875 0.0722222 0.505506
0 0.075 0.462037 0.141667 0.568519 0.510151
0 0.301562 0.318519 0.0322917 0.0962963 0.511254
0 0.507292 0.340741 0.0291667 0.133333 0.512106
0 0.075 0.462037 0.141667 0.568519 0.516182
0 0.301042 0.319444 0.03125 0.0944444 0.518927
0 0.334896 0.306481 0.0197917 0.0722222 0.519559
0 0.334896 0.306481 0.0197917 0.0722222 0.529908
0 0.3 0.316667 0.0333333 0.0888889 0.531719
0 0.464583 0.333333 0.03125 0.148148 0.533231
0 0.211979 0.362037 0.0635417 0.283333 0.53616
0 0.506771 0.337963 0.0302083 0.131481 0.537638
0 0.334375 0.306481 0.0208333 0.0722222 0.539379
0 0.3 0.317593 0.0333333 0.0907407 0.540381
0 0.464583 0.333333 0.03125 0.151852 0.542929
0 0.334375 0.306481 0.0208333 0.0722222 0.543411
0 0.211979 0.366667 0.0635417 0.274074 0.550312
0 0.2125 0.362037 0.0645833 0.283333 0.550604
0 0.334896 0.305556 0.0197917 0.0740741 0.551406
0 0.334375 0.306481 0.0208333 0.0722222 0.555568
0 0.3 0.316667 0.0333333 0.0888889 0.562316
0 0.301042 0.319444 0.03125 0.0944444 0.565079
0 0.645833 0.34537 0.025 0.131481 0.567612
0 0.645312 0.342593 0.0260417 0.133333 0.567952
0 0.301042 0.319444 0.03125 0.0944444 0.572736
0 0.211458 0.367593 0.0645833 0.287037 0.579615
0 0.464583 0.333333 0.0291667 0.159259 0.591414
0 0.464583 0.332407 0.0291667 0.157407 0.594287
0 0.507292 0.337037 0.03125 0.137037 0.603522
0 0.507812 0.337963 0.0302083 0.135185 0.603951
0 0.211979 0.368519 0.0614583 0.274074 0.604245
0 0.301042 0.317593 0.0333333 0.0944444 0.608267
0 0.464583 0.334259 0.03125 0.15 0.614731
0 0.301042 0.317593 0.0333333 0.0944444 0.617446
0 0.507292 0.339815 0.0291667 0.135185 0.621165
0 0.507292 0.339815 0.0291667 0.135185 0.624263
0 0.210417 0.368519 0.0645833 0.285185 0.626252
0 0.211458 0.367593 0.0666667 0.290741 0.633814
0 0.0755208 0.452778 0.142708 0.568519 0.634403
0 0.301042 0.317593 0.0333333 0.0944444 0.63448
0 0.301042 0.317593 0.03125 0.0907407 0.63514
0 0.507292 0.337963 0.03125 0.135185 0.640614
0 0.465625 0.334259 0.03125 0.157407 0.640936
0 0.301042 0.316667 0.03125 0.0925926 0.641082
0 0.465104 0.333333 0.0302083 0.155556 0.644502
0 0.333854 0.30463 0.0197917 0.0722222 0.647473
0 0.301042 0.316667 0.03125 0.0925926 0.655857
0 0.645833 0.34537 0.025 0.138889 0.662219
0 0.506771 0.337037 0.0302083 0.133333 0.662322
0 0.507812 0.339815 0.0302083 0.135185 0.665698
0 0.506771 0.337037 0.0302083 0.133333 0.666327
0 0.645833 0.346296 0.025 0.137037 0.668271
0 0.645312 0.344444 0.0260417 0.144444 0.671019
0 0.465625 0.334259 0.03125 0.157407 0.671375
0 0.0755208 0.453704 0.144792 0.566667 0.675733
0 0.507292 0.339815 0.03125 0.135185 0.678152
0 0.645312 0.343519 0.0260417 0.142593 0.67983
0 0.465625 0.333333 0.03125 0.155556 0.684142
0 0.465104 0.333333 0.0302083 0.155556 0.68852
0 0.0744792 0.456481 0.142708 0.57963 0.70164
0 0.075 0.455556 0.14375 0.588889 0.70544
0 0.507292 0.339815 0.03125 0.135185 0.710491
0 0.645312 0.344444 0.0239583 0.133333 0.73373
0 0.620313 0.344444 0.0302083 0.17037 0.749595
0 0.0755208 0.459259 0.140625 0.574074 0.750207
0 0.620313 0.344444 0.0302083 0.166667 0.752449
0 0.0755208 0.456481 0.138542 0.572222 0.769766
0 0.0760417 0.459259 0.139583 0.581481 0.772491
0 0.620313 0.343519 0.0302083 0.168519 0.775249
0 0.075 0.456481 0.1375 0.575926 0.776276
0 0.211979 0.365741 0.0635417 0.287037 0.807557
0 0.211458 0.362963 0.0625 0.285185 0.81043
0 0.211979 0.364815 0.0635417 0.288889 0.814423
0 0.211458 0.363889 0.0625 0.287037 0.814528
0 0.211979 0.364815 0.0635417 0.285185 0.815035
0 0.620313 0.342593 0.0322917 0.166667 0.817418
0 0.620313 0.342593 0.0322917 0.17037 0.821302
0 0.620313 0.346296 0.0302083 0.166667 0.827706
0 0.211979 0.363889 0.0635417 0.283333 0.829298
0 0.620313 0.346296 0.0302083 0.166667 0.831057
0 0.211979 0.366667 0.0635417 0.288889 0.83572
0 0.211979 0.367593 0.0635417 0.287037 0.842957
0 0.075 0.452778 0.141667 0.575926 0.908786
0 0.075 0.453704 0.141667 0.577778 0.913537
