0 0.654167 0.427778 0.0208333 0.114815 0.251024
13 0.2125 0.463889 0.0645833 0.087037 0.251111
13 0.355208 0.577778 0.154167 0.0925926 0.252329
0 0.315104 0.380556 0.0177083 0.0981481 0.252738
0 0.654167 0.425 0.0229167 0.116667 0.25342
13 0.279687 0.477778 0.0885417 0.0703704 0.255483
0 0.654167 0.425 0.025 0.116667 0.25576
0 0.190104 0.394444 0.0135417 0.0592593 0.255924
0 0.2125 0.390741 0.0166667 0.0703704 0.256967
0 0.654167 0.425 0.0229167 0.116667 0.257237
13 0.211979 0.463889 0.0635417 0.087037 0.257734
0 0.364583 0.414815 0.0166667 0.103704 0.258741
13 0.211458 0.465741 0.0625 0.0907407 0.25967
13 0.214062 0.465741 0.0697917 0.0907407 0.260904
13 0.355208 0.576852 0.160417 0.0944444 0.260942
0 0.190104 0.393519 0.0135417 0.0611111 0.262675
0 0.204688 0.388889 0.015625 0.0703704 0.265075
0 0.654167 0.427778 0.0208333 0.114815 0.266452
0 0.397917 0.415741 0.01875 0.101852 0.267944
13 0.280208 0.477778 0.0895833 0.0703704 0.268453
0 0.194792 0.389815 0.0145833 0.0685185 0.268548
0 0.265625 0.390741 0.0229167 0.0703704 0.26867
0 0.19375 0.390741 0.01875 0.0703704 0.268713
0 0.398958 0.402778 0.01875 0.0796296 0.270778
0 0.290625 0.393519 0.0166667 0.0759259 0.272031
0 0.194792 0.388889 0.0145833 0.0666667 0.277531
13 0.363021 0.589815 0.171875 0.109259 0.284792
0 0.365104 0.413889 0.0177083 0.105556 0.285368
0 0.194792 0.389815 0.01875 0.0685185 0.286738
0 0.398958 0.403704 0.01875 0.0814815 0.293125
0 0.290625 0.393519 0.0166667 0.0759259 0.29515
0 0.364583 0.413889 0.0166667 0.105556 0.296827
13 0.2125 0.463889 0.0625 0.087037 0.30024
0 0.398958 0.402778 0.01875 0.0796296 0.302403
13 0.355729 0.576852 0.155208 0.0907407 0.302471
13 0.0515625 0.658333 0.101042 0.675926 0.305413
13 0.0510417 0.657407 0.102083 0.674074 0.30639
13 0.281771 0.47037 0.0885417 0.0777778 0.307161
13 0.211979 0.464815 0.0614583 0.0851852 0.308302
13 0.211979 0.463889 0.0614583 0.087037 0.309685
0 0.315625 0.377778 0.0166667 0.0962963 0.313342
13 0.351042 0.574074 0.15625 0.0962963 0.314296
0 0.397917 0.414815 0.01875 0.103704 0.31555
0 0.397917 0.415741 0.01875 0.101852 0.316132
0 0.31875 0.384259 0.0145833 0.087037 0.320629
13 0.278646 0.488889 0.090625 0.114815 0.321129
0 0.3625 0.419444 0.0166667 0.112963 0.32141
13 0.35625 0.575926 0.15625 0.0925926 0.321622
0 0.364062 0.418519 0.0177083 0.107407 0.323029
13 0.2125 0.464815 0.0625 0.0851852 0.323152
0 0.205208 0.389815 0.0166667 0.0722222 0.325118
0 0.314063 0.37963 0.0177083 0.0962963 0.328048
0 0.315625 0.377778 0.0166667 0.0962963 0.337238
0 0.315625 0.377778 0.0166667 0.0962963 0.338321
0 0.363021 0.419444 0.0177083 0.112963 0.341423
0 0.364062 0.418519 0.0177083 0.111111 0.34826
0 0.654167 0.425 0.0229167 0.109259 0.350239
0 0.31875 0.383333 0.0145833 0.0888889 0.35274
0 0.364062 0.417593 0.0177083 0.109259 0.352845
0 0.317708 0.382407 0.0145833 0.0907407 0.35295
13 0.398438 0.625926 0.217708 0.144444 0.353589
0 0.201562 0.391667 0.0197917 0.0722222 0.354875
0 0.363021 0.42037 0.0177083 0.111111 0.355381
13 0.278125 0.471296 0.0854167 0.0796296 0.359402
13 0.278125 0.471296 0.0854167 0.0796296 0.370767
0 0.654167 0.425926 0.0229167 0.114815 0.372023
13 0.279687 0.473148 0.0864583 0.0759259 0.373475
13 0.282292 0.471296 0.0895833 0.0796296 0.373663
0 0.205208 0.390741 0.01875 0.0703704 0.380396
13 0.280208 0.47037 0.0875 0.0851852 0.381567
13 0.38125 0.601852 0.208333 0.137037 0.381715
0 0.654167 0.425926 0.0229167 0.114815 0.388444
0 0.383854 0.415741 0.0197917 0.109259 0.389598
0 0.364583 0.417593 0.01875 0.112963 0.391492
13 0.281771 0.471296 0.0885417 0.0796296 0.392677
13 0.0536458 0.656482 0.105208 0.653704 0.394089
0 0.654167 0.425926 0.0229167 0.114815 0.394507
13 0.279687 0.472222 0.0864583 0.0777778 0.397948
0 0.395312 0.416667 0.0239583 0.107407 0.402438
0 0.316146 0.380556 0.0135417 0.0981481 0.402964
13 0.053125 0.656482 0.104167 0.653704 0.40464
13 0.361979 0.580556 0.167708 0.101852 0.409346
0 0.946875 0.586111 0.10625 0.498148 0.411704
0 0.389583 0.416667 0.0291667 0.111111 0.425862
0 0.946354 0.586111 0.107292 0.498148 0.434389
0 0.945833 0.590741 0.108333 0.481481 0.439774
0 0.364062 0.417593 0.0177083 0.116667 0.439832
0 0.396354 0.413889 0.021875 0.105556 0.445627
0 0.383854 0.415741 0.0197917 0.112963 0.447849
0 0.390104 0.415741 0.028125 0.109259 0.450284
0 0.383854 0.415741 0.0197917 0.112963 0.450371
0 0.318229 0.383333 0.0135417 0.0888889 0.456783
0 0.654167 0.425 0.0229167 0.116667 0.463553
0 0.318229 0.383333 0.0135417 0.0888889 0.464653
0 0.946354 0.590741 0.107292 0.5 0.472269
0 0.394271 0.415741 0.0260417 0.109259 0.473909
0 0.654688 0.426852 0.021875 0.116667 0.478376
0 0.394792 0.415741 0.0270833 0.109259 0.483319
0 0.396875 0.414815 0.0229167 0.107407 0.485288
0 0.205208 0.389815 0.0145833 0.0722222 0.493162
0 0.396354 0.414815 0.021875 0.107407 0.494627
0 0.205208 0.388889 0.0145833 0.0703704 0.494959
0 0.394271 0.415741 0.028125 0.109259 0.496451
0 0.946875 0.591667 0.10625 0.509259 0.50794
0 0.383854 0.414815 0.021875 0.107407 0.515586
0 0.205729 0.389815 0.015625 0.0722222 0.517147
0 0.205729 0.389815 0.015625 0.0722222 0.532311
0 0.446875 0.439815 0.0354167 0.161111 0.532845
0 0.383854 0.414815 0.021875 0.111111 0.551402
0 0.447396 0.437037 0.0364583 0.162963 0.551412
0 0.383854 0.414815 0.021875 0.111111 0.554176
0 0.447396 0.437963 0.0364583 0.161111 0.556365
0 0.447396 0.438889 0.034375 0.159259 0.565812
0 0.446875 0.437037 0.0354167 0.166667 0.689587
0 0.94375 0.597222 0.1125 0.490741 0.696481
0 0.944271 0.597222 0.111458 0.490741 0.705649
0 0.446354 0.437963 0.034375 0.164815 0.705935
0 0.446354 0.437963 0.034375 0.164815 0.717443
0 0.446875 0.437963 0.0354167 0.168519 0.743705
0 0.446875 0.437037 0.0354167 0.166667 0.752607
0 0.446354 0.439815 0.034375 0.161111 0.787291
0 0.447396 0.437963 0.034375 0.168519 0.789219
0 0.446354 0.438889 0.034375 0.162963 0.793264
0 0.446875 0.437037 0.0354167 0.166667 0.793696
0 0.945312 0.592593 0.109375 0.488889 0.79469
0 0.945833 0.591667 0.108333 0.494444 0.800529
0 0.446875 0.437037 0.0354167 0.166667 0.81447
0 0.447396 0.437963 0.034375 0.168519 0.822461
0 0.944792 0.585185 0.110417 0.496296 0.82968
0 0.945312 0.585185 0.109375 0.507407 0.83096
0 0.94375 0.594444 0.1125 0.488889 0.863477
0 0.94375 0.59537 0.1125 0.490741 0.881152
0 0.94375 0.594444 0.1125 0.485185 0.882702
0 0.94375 0.593518 0.1125 0.487037 0.883312
