0 0.538021 0.343519 0.021875 0.138889 0.253431
0 0.951563 0.592593 0.0947917 0.640741 0.25554
0 0.161979 0.335185 0.0260417 0.118519 0.261206
0 0.495313 0.351852 0.028125 0.148148 0.268405
0 0.503646 0.351852 0.0322917 0.151852 0.275249
0 0.373958 0.351852 0.03125 0.185185 0.275336
0 0.374479 0.351852 0.0322917 0.185185 0.276293
0 0.495833 0.351852 0.0291667 0.148148 0.278757
0 0.509375 0.350926 0.0291667 0.15 0.287687
0 0.374479 0.350926 0.0322917 0.183333 0.288258
25 0.876042 0.668519 0.0395833 0.188889 0.295288
0 0.616146 0.356481 0.028125 0.135185 0.297627
0 0.5125 0.351852 0.0354167 0.144444 0.300233
25 0.874479 0.667593 0.0427083 0.187037 0.305072
25 0.876042 0.667593 0.0395833 0.187037 0.307616
25 0.874479 0.667593 0.040625 0.187037 0.308021
0 0.945833 0.568519 0.108333 0.677778 0.308241
0 0.821354 0.584259 0.121875 0.65 0.310793
0 0.615625 0.353704 0.0291667 0.133333 0.322382
0 0.533333 0.344444 0.03125 0.140741 0.323175
0 0.539062 0.339815 0.021875 0.138889 0.332314
0 0.951563 0.591667 0.0947917 0.653704 0.332542
0 0.945833 0.569444 0.108333 0.67963 0.335386
0 0.514063 0.348148 0.0322917 0.144444 0.337023
0 0.511979 0.35 0.034375 0.144444 0.344812
0 0.539583 0.339815 0.0208333 0.138889 0.345162
0 0.591146 0.334259 0.0260417 0.124074 0.348684
0 0.508854 0.350926 0.028125 0.146296 0.353293
0 0.513542 0.348148 0.03125 0.144444 0.354117
0 0.511458 0.350926 0.0333333 0.142593 0.359193
0 0.502604 0.352778 0.0302083 0.15 0.362954
0 0.533333 0.344444 0.03125 0.140741 0.366538
25 0.875521 0.664815 0.0385417 0.196296 0.367828
0 0.615625 0.360185 0.0291667 0.142593 0.367843
25 0.875521 0.664815 0.0385417 0.196296 0.370404
25 0.875 0.664815 0.0375 0.196296 0.371776
0 0.952604 0.581481 0.0947917 0.644444 0.376629
0 0.822917 0.585185 0.127083 0.666667 0.378072
0 0.615625 0.360185 0.0291667 0.142593 0.378809
0 0.532292 0.342593 0.0291667 0.140741 0.379661
0 0.822396 0.585185 0.126042 0.666667 0.38855
0 0.654688 0.327778 0.0197917 0.0925926 0.390028
0 0.654688 0.330556 0.021875 0.0907407 0.395389
0 0.532292 0.342593 0.0291667 0.140741 0.39579
25 0.874479 0.662963 0.0385417 0.188889 0.396759
0 0.531771 0.341667 0.028125 0.138889 0.399529
25 0.874479 0.662963 0.0385417 0.188889 0.403898
25 0.875 0.663889 0.0375 0.190741 0.40763
0 0.532292 0.341667 0.0270833 0.138889 0.407682
0 0.950521 0.57037 0.0989583 0.659259 0.412953
0 0.375 0.34537 0.03125 0.172222 0.414012
0 0.161979 0.335185 0.0239583 0.114815 0.416123
0 0.593229 0.337963 0.0260417 0.131481 0.417397
0 0.1625 0.335185 0.025 0.114815 0.419214
0 0.952604 0.575 0.0947917 0.653704 0.419735
0 0.950521 0.57037 0.0989583 0.655556 0.4301
0 0.617188 0.359259 0.028125 0.151852 0.430329
0 0.654688 0.330556 0.0197917 0.0944444 0.433147
0 0.375 0.34537 0.03125 0.172222 0.435359
0 0.654688 0.328704 0.0197917 0.0944444 0.435652
0 0.654688 0.328704 0.0197917 0.0944444 0.44009
0 0.533854 0.344444 0.0302083 0.140741 0.44394
0 0.617708 0.359259 0.0291667 0.148148 0.444088
0 0.590625 0.334259 0.0229167 0.124074 0.444856
0 0.593229 0.337963 0.0239583 0.12037 0.449774
0 0.654167 0.330556 0.0208333 0.0944444 0.452284
0 0.376042 0.350926 0.03125 0.17963 0.461948
0 0.376042 0.350926 0.03125 0.17963 0.462795
0 0.591146 0.336111 0.0197917 0.124074 0.468021
0 0.616667 0.358333 0.0291667 0.146296 0.470074
0 0.508333 0.35 0.025 0.148148 0.472745
0 0.593229 0.337963 0.0260417 0.131481 0.475447
0 0.508333 0.35 0.025 0.148148 0.475842
0 0.590625 0.335185 0.0208333 0.122222 0.478659
0 0.593229 0.339815 0.0239583 0.127778 0.478723
0 0.161979 0.336111 0.021875 0.109259 0.483374
0 0.509375 0.35 0.025 0.148148 0.485872
0 0.311458 0.318519 0.0229167 0.0925926 0.49057
0 0.376042 0.350926 0.03125 0.17963 0.491559
0 0.824479 0.585185 0.126042 0.67037 0.493641
0 0.592708 0.339815 0.0229167 0.127778 0.493945
0 0.311458 0.316667 0.0229167 0.0925926 0.496202
0 0.161979 0.336111 0.021875 0.109259 0.496278
0 0.161979 0.336111 0.021875 0.109259 0.496691
0 0.311458 0.316667 0.0229167 0.0925926 0.50275
0 0.952604 0.575926 0.0947917 0.651852 0.5123
0 0.0286458 0.375 0.040625 0.183333 0.517781
0 0.654688 0.32963 0.021875 0.0925926 0.523337
0 0.614062 0.356481 0.0322917 0.146296 0.524326
0 0.376042 0.346296 0.0291667 0.17037 0.524407
0 0.376563 0.34537 0.0302083 0.168519 0.525021
0 0.311458 0.319444 0.0208333 0.087037 0.527071
0 0.0302083 0.373148 0.0416667 0.190741 0.5342
0 0.0286458 0.374074 0.040625 0.185185 0.534253
0 0.614062 0.356481 0.0322917 0.146296 0.537653
0 0.1625 0.334259 0.0229167 0.116667 0.547406
0 0.310937 0.317593 0.021875 0.0944444 0.549471
0 0.1625 0.335185 0.0229167 0.114815 0.550117
0 0.0302083 0.374074 0.0416667 0.188889 0.550772
0 0.310937 0.317593 0.021875 0.0944444 0.558135
0 0.1625 0.335185 0.0229167 0.114815 0.562102
0 0.616146 0.35463 0.028125 0.15 0.563473
0 0.311458 0.318519 0.0208333 0.0851852 0.564326
0 0.310937 0.315741 0.021875 0.0907407 0.564537
0 0.592188 0.336111 0.0239583 0.124074 0.565042
0 0.311458 0.318519 0.0208333 0.0888889 0.569914
0 0.311458 0.317593 0.0229167 0.0944444 0.570359
0 0.616146 0.35463 0.028125 0.15 0.572726
0 0.592188 0.336111 0.0239583 0.124074 0.576208
0 0.614062 0.355556 0.0322917 0.144444 0.582503
0 0.654167 0.330556 0.0208333 0.0944444 0.587729
0 0.592188 0.337963 0.0239583 0.131481 0.59257
0 0.592188 0.336111 0.0239583 0.124074 0.593469
0 0.654167 0.330556 0.0208333 0.0944444 0.594264
0 0.509375 0.350926 0.025 0.15 0.597029
0 0.654688 0.32963 0.021875 0.0962963 0.604232
0 0.823438 0.580556 0.128125 0.642593 0.606335
0 0.509375 0.350926 0.025 0.15 0.612997
0 0.591146 0.334259 0.0239583 0.124074 0.61617
0 0.655208 0.328704 0.0208333 0.0981481 0.617936
0 0.825 0.575926 0.129167 0.637037 0.622658
0 0.310417 0.315741 0.0229167 0.0907407 0.630099
0 0.953125 0.580556 0.09375 0.661111 0.666518
0 0.375521 0.351852 0.0302083 0.174074 0.670814
0 0.949479 0.567593 0.101042 0.67963 0.690609
0 0.375521 0.351852 0.0302083 0.174074 0.690779
0 0.375521 0.351852 0.0302083 0.177778 0.70518
0 0.376042 0.350926 0.03125 0.175926 0.726742
0 0.375521 0.350926 0.0302083 0.17963 0.726842
0 0.616146 0.357407 0.0302083 0.148148 0.729169
0 0.376042 0.350926 0.03125 0.175926 0.730084
0 0.376042 0.351852 0.03125 0.174074 0.739739
0 0.616667 0.357407 0.0291667 0.148148 0.740475
0 0.616667 0.356481 0.0291667 0.15 0.744463
0 0.375521 0.35 0.0302083 0.177778 0.7447
0 0.821875 0.583333 0.122917 0.674074 0.746077
0 0.376042 0.351852 0.03125 0.177778 0.746617
0 0.616146 0.356481 0.0302083 0.15 0.750342
0 0.375521 0.35 0.0302083 0.177778 0.755127
0 0.616146 0.357407 0.0302083 0.148148 0.766492
0 0.825521 0.582407 0.130208 0.65 0.768845
0 0.952604 0.578704 0.0947917 0.653704 0.769889
0 0.95 0.567593 0.1 0.67963 0.776607
0 0.0296875 0.374074 0.040625 0.181481 0.776733
0 0.0302083 0.374074 0.0416667 0.185185 0.778086
0 0.953125 0.576852 0.09375 0.657407 0.785603
0 0.0296875 0.375 0.040625 0.183333 0.786199
0 0.0302083 0.374074 0.0416667 0.185185 0.786728
0 0.0307292 0.376852 0.0385417 0.183333 0.789227
0 0.0307292 0.376852 0.0385417 0.183333 0.798407
0 0.0302083 0.376852 0.0395833 0.183333 0.803675
0 0.823438 0.586111 0.128125 0.661111 0.809164
0 0.0296875 0.375 0.040625 0.183333 0.81386
0 0.0296875 0.375 0.040625 0.183333 0.815101
0 0.948958 0.567593 0.102083 0.67963 0.819503
0 0.0302083 0.375 0.0395833 0.183333 0.826954
0 0.0302083 0.375 0.0395833 0.183333 0.838218
0 0.948438 0.566667 0.103125 0.681481 0.858838
0 0.823958 0.587037 0.127083 0.662963 0.868141
0 0.824479 0.586111 0.128125 0.672222 0.870141
0 0.823958 0.586111 0.127083 0.661111 0.884133
0 0.824479 0.586111 0.128125 0.668519 0.891743
