0 0.394792 0.413889 0.0229167 0.112963 0.250451
0 0.697396 0.396296 0.0239583 0.0592593 0.252254
0 0.696875 0.39537 0.025 0.0611111 0.253149
0 0.696875 0.396296 0.0270833 0.0592593 0.253637
13 0.414583 0.640741 0.25 0.211111 0.256772
0 0.696875 0.39537 0.025 0.0611111 0.257082
13 0.406771 0.649074 0.240625 0.201852 0.257092
0 0.196875 0.407407 0.0208333 0.0962963 0.257255
13 0.420312 0.657407 0.232292 0.181481 0.257352
0 0.392708 0.414815 0.0208333 0.111111 0.259057
0 0.397917 0.416667 0.0270833 0.114815 0.259678
0 0.696875 0.39537 0.025 0.0611111 0.260068
13 0.406771 0.649074 0.242708 0.201852 0.260305
0 0.292708 0.389815 0.0208333 0.0759259 0.260409
13 0.310417 0.481481 0.0875 0.0740741 0.261141
0 0.21875 0.402778 0.0166667 0.0685185 0.261414
0 0.392708 0.416667 0.0208333 0.111111 0.262971
0 0.201562 0.412037 0.0197917 0.0907407 0.26451
0 0.392708 0.415741 0.0208333 0.109259 0.266937
0 0.217708 0.407407 0.0208333 0.0814815 0.268548
13 0.420312 0.656482 0.236458 0.183333 0.269147
0 0.293229 0.390741 0.0197917 0.0777778 0.273536
0 0.443229 0.418519 0.040625 0.125926 0.274512
0 0.432813 0.402778 0.0177083 0.0833333 0.27481
13 0.309896 0.481481 0.0864583 0.0740741 0.274918
0 0.461458 0.435185 0.0270833 0.148148 0.286019
0 0.432813 0.403704 0.0177083 0.0851852 0.286573
0 0.40625 0.412963 0.0229167 0.103704 0.287078
0 0.461458 0.436111 0.0270833 0.146296 0.29315
0 0.432813 0.403704 0.0177083 0.0851852 0.297594
0 0.697917 0.402778 0.0270833 0.0722222 0.299107
0 0.223438 0.4 0.0197917 0.0666667 0.304022
0 0.484375 0.416667 0.0270833 0.137037 0.305615
0 0.405208 0.414815 0.025 0.114815 0.317499
0 0.223958 0.4 0.01875 0.0666667 0.328816
0 0.697396 0.415741 0.0239583 0.105556 0.344322
0 0.223958 0.4 0.01875 0.0666667 0.360503
0 0.220833 0.4 0.01875 0.0666667 0.363163
0 0.220833 0.400926 0.01875 0.0685185 0.383064
0 0.405729 0.412963 0.015625 0.107407 0.399705
0 0.220833 0.400926 0.01875 0.0685185 0.406852
0 0.222917 0.402778 0.01875 0.0722222 0.427091
0 0.405729 0.412037 0.015625 0.105556 0.430595
0 0.484375 0.416667 0.025 0.137037 0.433353
0 0.484375 0.417593 0.025 0.131481 0.436823
0 0.405208 0.413889 0.0166667 0.109259 0.452327
0 0.481771 0.42037 0.0302083 0.140741 0.468707
0 0.405208 0.413889 0.0166667 0.109259 0.475127
0 0.405729 0.412963 0.015625 0.107407 0.484218
13 0.416146 0.65 0.246875 0.2 0.506415
0 0.405208 0.413889 0.0166667 0.109259 0.511719
13 0.416146 0.647222 0.248958 0.201852 0.516692
0 0.48125 0.421296 0.0291667 0.142593 0.526568
13 0.411979 0.646296 0.248958 0.203704 0.546688
0 0.0786458 0.439815 0.0260417 0.124074 0.547768
13 0.411979 0.647222 0.248958 0.201852 0.548721
13 0.410417 0.647222 0.247917 0.205556 0.553214
0 0.945312 0.600926 0.109375 0.505556 0.561148
0 0.483854 0.417593 0.0239583 0.135185 0.566491
0 0.484375 0.417593 0.025 0.135185 0.570047
13 0.411979 0.646296 0.248958 0.2 0.570966
0 0.945312 0.600926 0.109375 0.501852 0.574531
0 0.463542 0.437963 0.03125 0.153704 0.58765
0 0.0786458 0.440741 0.0260417 0.122222 0.589082
0 0.463542 0.437963 0.03125 0.153704 0.590312
0 0.0786458 0.441667 0.0260417 0.124074 0.593958
0 0.0786458 0.440741 0.0260417 0.122222 0.597132
0 0.0791667 0.443519 0.025 0.12037 0.600054
0 0.483854 0.417593 0.0260417 0.131481 0.604179
13 0.411979 0.646296 0.244792 0.203704 0.609468
0 0.431771 0.412037 0.0177083 0.0907407 0.615389
0 0.0786458 0.441667 0.028125 0.124074 0.61835
0 0.078125 0.441667 0.0270833 0.127778 0.621205
13 0.411979 0.646296 0.244792 0.203704 0.622474
0 0.463542 0.437963 0.03125 0.153704 0.624978
0 0.481771 0.421296 0.028125 0.142593 0.630176
0 0.432292 0.409259 0.0166667 0.0888889 0.630988
0 0.432292 0.411111 0.01875 0.1 0.643467
0 0.431771 0.411111 0.0177083 0.0925926 0.644382
0 0.431771 0.411111 0.0177083 0.0925926 0.650147
0 0.432813 0.409259 0.0177083 0.0925926 0.652346
0 0.0786458 0.440741 0.0260417 0.122222 0.653896
0 0.432813 0.408333 0.0177083 0.0907407 0.657068
0 0.0791667 0.444444 0.025 0.125926 0.661241
0 0.0791667 0.444444 0.025 0.125926 0.666861
0 0.946354 0.607407 0.107292 0.518519 0.67059
0 0.0786458 0.441667 0.0260417 0.127778 0.680816
0 0.484375 0.418519 0.025 0.12963 0.684116
0 0.484375 0.418519 0.025 0.12963 0.685769
0 0.463021 0.443519 0.0302083 0.15 0.693196
0 0.0786458 0.441667 0.0260417 0.124074 0.693358
0 0.484375 0.419444 0.025 0.131481 0.70014
0 0.0786458 0.441667 0.0260417 0.124074 0.705657
0 0.4625 0.443519 0.0291667 0.15 0.713839
0 0.4625 0.443519 0.0291667 0.15 0.720579
0 0.946354 0.608333 0.107292 0.524074 0.734984
0 0.464063 0.441667 0.0302083 0.15 0.742035
0 0.464063 0.440741 0.0302083 0.151852 0.744112
0 0.0786458 0.441667 0.0260417 0.127778 0.748289
0 0.484375 0.417593 0.025 0.135185 0.751443
0 0.0786458 0.441667 0.0260417 0.124074 0.75922
0 0.484375 0.419444 0.025 0.135185 0.762216
0 0.484375 0.419444 0.025 0.135185 0.76634
0 0.463021 0.442593 0.0302083 0.151852 0.768076
0 0.4625 0.442593 0.0291667 0.151852 0.771958
0 0.0786458 0.442593 0.0260417 0.125926 0.780387
0 0.948958 0.597222 0.102083 0.524074 0.800465
0 0.0786458 0.441667 0.0260417 0.127778 0.812782
0 0.0786458 0.441667 0.0260417 0.131481 0.817621
0 0.948958 0.597222 0.102083 0.516667 0.823198
0 0.947917 0.607407 0.104167 0.522222 0.862602
0 0.947917 0.606481 0.104167 0.52037 0.890679
0 0.949479 0.599074 0.101042 0.512963 0.904126
0 0.949479 0.599074 0.101042 0.505556 0.905293
0 0.947917 0.607407 0.104167 0.518519 0.909342
0 0.947917 0.608333 0.104167 0.516667 0.911676
