0 0.370313 0.341667 0.0177083 0.0685185 0.253347
0 0.603125 0.347222 0.0145833 0.0648148 0.258669
0 0.573438 0.39537 0.028125 0.116667 0.260613
0 0.830729 0.392593 0.046875 0.214815 0.262482
0 0.828646 0.392593 0.0447917 0.222222 0.265107
0 0.36875 0.342593 0.0166667 0.0666667 0.265332
25 0.484896 0.308333 0.0385417 0.0277778 0.267552
0 0.828125 0.393519 0.0458333 0.224074 0.26916
0 0.600521 0.35 0.015625 0.062963 0.270173
0 0.603125 0.347222 0.0145833 0.0648148 0.273412
0 0.571354 0.397222 0.0322917 0.116667 0.273769
25 0.4875 0.310185 0.0354167 0.0277778 0.278927
25 0.484896 0.309259 0.0385417 0.0296296 0.28138
0 0.602083 0.348148 0.0166667 0.062963 0.282295
25 0.488021 0.310185 0.034375 0.0277778 0.282743
0 0.36875 0.341667 0.0166667 0.0648148 0.284905
0 0.557292 0.394444 0.0604167 0.118519 0.290745
0 0.830208 0.391667 0.0479167 0.224074 0.291136
0 0.542188 0.394444 0.0302083 0.122222 0.292789
0 0.542188 0.382407 0.0322917 0.135185 0.294473
0 0.600521 0.35 0.015625 0.062963 0.29585
0 0.570312 0.397222 0.0322917 0.116667 0.307898
0 0.571354 0.397222 0.0322917 0.116667 0.311472
0 0.542188 0.382407 0.0322917 0.131481 0.319792
0 0.542708 0.382407 0.03125 0.131481 0.320806
0 0.542188 0.393519 0.0302083 0.12037 0.322694
0 0.557813 0.396296 0.0572917 0.118519 0.327302
0 0.572917 0.39537 0.0270833 0.116667 0.335
0 0.572917 0.39537 0.0270833 0.116667 0.335446
0 0.542188 0.393519 0.0302083 0.12037 0.337052
0 0.572917 0.390741 0.0270833 0.118519 0.345129
0 0.557813 0.39537 0.0572917 0.12037 0.354292
0 0.489583 0.387037 0.0291667 0.137037 0.370605
0 0.542708 0.390741 0.03125 0.122222 0.390917
0 0.572917 0.391667 0.0270833 0.12037 0.392026
0 0.572917 0.391667 0.0270833 0.116667 0.396004
0 0.542188 0.388889 0.0322917 0.122222 0.408548
0 0.489062 0.387963 0.028125 0.146296 0.408791
0 0.647396 0.372222 0.0260417 0.133333 0.409224
0 0.490104 0.385185 0.028125 0.133333 0.409798
0 0.489062 0.388889 0.028125 0.144444 0.411434
0 0.646354 0.372222 0.0260417 0.133333 0.413574
0 0.601562 0.347222 0.0135417 0.0648148 0.416397
0 0.601562 0.348148 0.0135417 0.062963 0.42221
0 0.542708 0.391667 0.03125 0.124074 0.427793
0 0.571875 0.39537 0.0291667 0.116667 0.42864
0 0.646875 0.373148 0.0270833 0.131481 0.431874
0 0.542708 0.390741 0.03125 0.122222 0.432257
0 0.489583 0.384259 0.0291667 0.138889 0.432814
0 0.490104 0.384259 0.0302083 0.138889 0.447771
0 0.572917 0.39537 0.0291667 0.12037 0.45385
0 0.646875 0.372222 0.025 0.12963 0.459161
0 0.571875 0.396296 0.0291667 0.114815 0.461655
0 0.542708 0.391667 0.03125 0.124074 0.467588
0 0.571875 0.39537 0.0291667 0.116667 0.47151
0 0.446875 0.382407 0.0270833 0.153704 0.477074
0 0.543229 0.391667 0.0322917 0.124074 0.480823
0 0.542188 0.389815 0.0322917 0.124074 0.49137
0 0.447396 0.381481 0.028125 0.151852 0.493561
0 0.571875 0.39537 0.0291667 0.12037 0.495932
0 0.572396 0.39537 0.028125 0.12037 0.496269
0 0.542708 0.389815 0.0333333 0.124074 0.497018
0 0.646354 0.372222 0.0260417 0.133333 0.51369
0 0.647396 0.372222 0.0260417 0.133333 0.518289
0 0.647396 0.371296 0.0260417 0.131481 0.527337
0 0.542708 0.391667 0.03125 0.124074 0.531793
0 0.646875 0.374074 0.025 0.12963 0.566963
0 0.646875 0.372222 0.025 0.133333 0.569577
0 0.646875 0.372222 0.025 0.133333 0.569792
0 0.490104 0.384259 0.0302083 0.135185 0.575873
0 0.489583 0.384259 0.0291667 0.138889 0.60924
0 0.832812 0.392593 0.0427083 0.218519 0.614141
0 0.489583 0.383333 0.0291667 0.140741 0.632488
0 0.489583 0.387963 0.0291667 0.142593 0.634995
0 0.489583 0.387963 0.0291667 0.142593 0.635379
0 0.832812 0.392593 0.040625 0.222222 0.639753
0 0.832292 0.391667 0.0416667 0.216667 0.641539
0 0.646875 0.374074 0.025 0.12963 0.641727
0 0.832292 0.392593 0.0416667 0.218519 0.649349
0 0.646875 0.374074 0.025 0.12963 0.651009
0 0.832812 0.391667 0.040625 0.22037 0.652208
0 0.447917 0.380556 0.03125 0.161111 0.656768
0 0.489583 0.387037 0.0291667 0.140741 0.670337
0 0.832292 0.392593 0.0416667 0.214815 0.670742
0 0.447917 0.381481 0.03125 0.162963 0.673001
0 0.646354 0.373148 0.0239583 0.131481 0.675412
0 0.448438 0.380556 0.0302083 0.161111 0.699049
0 0.489583 0.387037 0.0291667 0.140741 0.70222
0 0.489583 0.386111 0.0291667 0.138889 0.708154
0 0.832292 0.391667 0.0416667 0.216667 0.715906
0 0.831771 0.391667 0.0427083 0.216667 0.716214
0 0.646875 0.373148 0.025 0.131481 0.723927
0 0.831771 0.392593 0.0427083 0.218519 0.740601
0 0.489583 0.387037 0.0291667 0.140741 0.743441
0 0.490104 0.384259 0.028125 0.138889 0.749745
0 0.831771 0.393519 0.0427083 0.216667 0.750382
0 0.490104 0.384259 0.028125 0.138889 0.754375
0 0.489583 0.387037 0.0291667 0.140741 0.75527
0 0.646875 0.371296 0.025 0.131481 0.755614
0 0.447917 0.381481 0.03125 0.159259 0.756784
0 0.646354 0.372222 0.0239583 0.133333 0.757095
0 0.646354 0.372222 0.0239583 0.133333 0.757718
0 0.832292 0.391667 0.0416667 0.216667 0.762136
0 0.831771 0.391667 0.0427083 0.212963 0.762452
0 0.447917 0.382407 0.03125 0.157407 0.76454
0 0.831771 0.390741 0.0427083 0.218519 0.770491
0 0.489583 0.387037 0.0291667 0.140741 0.778872
0 0.447917 0.380556 0.03125 0.161111 0.779947
0 0.447917 0.380556 0.03125 0.161111 0.780294
0 0.646354 0.372222 0.0239583 0.133333 0.780389
0 0.447917 0.381481 0.03125 0.159259 0.783052
0 0.447917 0.37963 0.03125 0.162963 0.796922
0 0.446875 0.380556 0.0333333 0.153704 0.800646
0 0.447396 0.37963 0.0322917 0.155556 0.804839
0 0.448438 0.37963 0.0322917 0.162963 0.808047
0 0.448438 0.37963 0.0322917 0.159259 0.815835
