26 0.727604 0.361111 0.0302083 0.0888889 0.253079
0 0.486979 0.357407 0.0239583 0.122222 0.25343
0 0.488542 0.37037 0.0229167 0.118519 0.254462
0 0.444271 0.363889 0.0302083 0.138889 0.255244
0 0.491667 0.37037 0.0270833 0.137037 0.25543
0 0.385938 0.337963 0.0177083 0.0685185 0.259866
0 0.486979 0.357407 0.0239583 0.122222 0.267285
0 0.705729 0.397222 0.0697917 0.283333 0.268718
0 0.389062 0.337963 0.015625 0.0722222 0.269681
0 0.508333 0.359259 0.025 0.1 0.270405
0 0.611979 0.364815 0.028125 0.133333 0.271845
0 0.121875 0.52963 0.166667 0.518519 0.287154
0 0.360417 0.353704 0.0270833 0.107407 0.287309
0 0.511979 0.360185 0.0260417 0.0981481 0.287547
0 0.386458 0.337963 0.01875 0.0685185 0.289306
24 0.725521 0.35463 0.0364583 0.116667 0.290797
0 0.70625 0.396296 0.0708333 0.288889 0.291642
24 0.726042 0.356481 0.0354167 0.0981481 0.292569
24 0.726042 0.358333 0.0354167 0.0944444 0.294179
24 0.726042 0.357407 0.0354167 0.0962963 0.297562
0 0.611458 0.363889 0.03125 0.127778 0.299258
0 0.614062 0.362963 0.0260417 0.125926 0.302867
0 0.121354 0.530556 0.165625 0.524074 0.309555
0 0.386458 0.337963 0.01875 0.0685185 0.317933
0 0.611458 0.363889 0.03125 0.124074 0.323853
0 0.691667 0.391667 0.0458333 0.27963 0.325005
0 0.511458 0.360185 0.025 0.0981481 0.327843
0 0.389062 0.336111 0.0177083 0.0685185 0.328839
0 0.389062 0.336111 0.0177083 0.0685185 0.330899
0 0.511979 0.360185 0.0260417 0.0981481 0.334274
0 0.711979 0.402778 0.0572917 0.294444 0.338012
0 0.610937 0.363889 0.0302083 0.124074 0.339151
0 0.360417 0.355556 0.0270833 0.107407 0.34215
0 0.685417 0.387963 0.0416667 0.264815 0.349578
0 0.534896 0.337037 0.015625 0.062963 0.349808
24 0.725521 0.359259 0.0364583 0.107407 0.356021
24 0.727083 0.361111 0.03125 0.0888889 0.357205
0 0.490625 0.362037 0.0208333 0.116667 0.357514
24 0.727604 0.360185 0.0302083 0.0907407 0.360325
0 0.360938 0.351852 0.0239583 0.107407 0.360435
0 0.534375 0.338889 0.0145833 0.0666667 0.365443
24 0.726562 0.358333 0.034375 0.101852 0.366325
0 0.611979 0.364815 0.028125 0.133333 0.366394
0 0.611979 0.364815 0.028125 0.133333 0.366633
0 0.360417 0.351852 0.0229167 0.107407 0.367261
0 0.503125 0.366667 0.0270833 0.107407 0.367781
0 0.490625 0.362963 0.0208333 0.114815 0.370436
0 0.389062 0.336111 0.0177083 0.0685185 0.371004
0 0.189063 0.435185 0.0489583 0.27037 0.371468
0 0.490625 0.362963 0.0208333 0.114815 0.371909
24 0.727083 0.361111 0.03125 0.0888889 0.372675
0 0.611979 0.362963 0.028125 0.133333 0.378138
0 0.188021 0.424074 0.046875 0.266667 0.379704
0 0.189063 0.433333 0.0510417 0.281481 0.381639
0 0.490625 0.373148 0.0229167 0.127778 0.382807
24 0.725521 0.359259 0.0364583 0.103704 0.386648
0 0.508333 0.362963 0.01875 0.0925926 0.388791
0 0.360417 0.352778 0.0229167 0.109259 0.3956
0 0.360417 0.351852 0.0229167 0.107407 0.399182
0 0.533854 0.339815 0.015625 0.0685185 0.39949
0 0.534896 0.337963 0.015625 0.0648148 0.414631
24 0.726562 0.358333 0.034375 0.0981481 0.418336
0 0.534896 0.337037 0.0135417 0.062963 0.422664
0 0.360417 0.353704 0.025 0.107407 0.4279
0 0.443229 0.366667 0.0302083 0.133333 0.428972
0 0.188542 0.424074 0.0479167 0.266667 0.429691
0 0.70625 0.39537 0.0645833 0.27963 0.434538
0 0.189063 0.431481 0.0510417 0.274074 0.436433
0 0.508854 0.362963 0.0197917 0.0925926 0.441905
0 0.534375 0.339815 0.0145833 0.0685185 0.443649
0 0.190104 0.434259 0.046875 0.268519 0.443679
0 0.491146 0.369444 0.0239583 0.131481 0.444115
0 0.611458 0.362963 0.0291667 0.12963 0.444689
0 0.534375 0.337037 0.0145833 0.062963 0.455537
0 0.360938 0.351852 0.021875 0.107407 0.458494
0 0.508333 0.362963 0.01875 0.0888889 0.458871
24 0.726562 0.358333 0.034375 0.0981481 0.471236
0 0.534375 0.339815 0.0145833 0.0685185 0.472553
0 0.709896 0.396296 0.059375 0.288889 0.473677
0 0.683854 0.393519 0.0364583 0.264815 0.473908
0 0.709896 0.396296 0.059375 0.288889 0.476537
0 0.508333 0.364815 0.0208333 0.0962963 0.477264
0 0.534375 0.338889 0.0145833 0.0666667 0.479394
0 0.188021 0.424074 0.046875 0.27037 0.480253
0 0.490625 0.373148 0.0229167 0.131481 0.481856
0 0.707292 0.394444 0.0625 0.288889 0.482712
0 0.490625 0.373148 0.0229167 0.131481 0.48505
0 0.683854 0.393519 0.0364583 0.261111 0.487649
0 0.709375 0.396296 0.0604167 0.288889 0.49068
0 0.70625 0.396296 0.0645833 0.281481 0.491305
0 0.683854 0.393519 0.0364583 0.264815 0.49659
0 0.360938 0.35463 0.0260417 0.105556 0.504313
0 0.190104 0.42963 0.0489583 0.277778 0.504396
0 0.491667 0.371296 0.0229167 0.135185 0.506128
0 0.190104 0.430556 0.0489583 0.275926 0.509381
0 0.190104 0.42963 0.0489583 0.277778 0.512431
0 0.534375 0.339815 0.0145833 0.0685185 0.515014
0 0.534375 0.338889 0.0145833 0.0666667 0.522764
0 0.189063 0.427778 0.0510417 0.277778 0.522813
0 0.508333 0.364815 0.0208333 0.1 0.528641
0 0.508333 0.364815 0.0208333 0.1 0.532218
0 0.6125 0.362963 0.0291667 0.12963 0.535186
0 0.70625 0.39537 0.0645833 0.287037 0.540541
0 0.189063 0.433333 0.0510417 0.277778 0.548942
0 0.611458 0.362963 0.0270833 0.133333 0.557112
0 0.70625 0.39537 0.0645833 0.283333 0.559057
0 0.611458 0.362963 0.0270833 0.133333 0.560557
0 0.704687 0.396296 0.0635417 0.281481 0.56087
0 0.444792 0.371296 0.03125 0.153704 0.561179
0 0.444792 0.372222 0.03125 0.155556 0.561357
0 0.686979 0.39537 0.040625 0.272222 0.571677
0 0.444792 0.371296 0.03125 0.153704 0.585625
0 0.189583 0.433333 0.0520833 0.27037 0.586578
0 0.121875 0.509259 0.1625 0.544444 0.589383
0 0.686458 0.39537 0.0375 0.272222 0.589873
0 0.685938 0.396296 0.0385417 0.27037 0.595198
0 0.686458 0.39537 0.0416667 0.272222 0.596339
0 0.685938 0.39537 0.0385417 0.272222 0.601431
0 0.685938 0.39537 0.0385417 0.268519 0.615721
0 0.611458 0.362037 0.0291667 0.131481 0.620867
0 0.6125 0.363889 0.0291667 0.131481 0.621726
0 0.121354 0.509259 0.163542 0.544444 0.621946
0 0.360417 0.352778 0.0229167 0.105556 0.630366
0 0.613021 0.363889 0.028125 0.131481 0.636963
0 0.686458 0.39537 0.0416667 0.272222 0.63733
0 0.611458 0.362963 0.0291667 0.12963 0.645811
0 0.444271 0.369444 0.0302083 0.15 0.655672
0 0.704687 0.397222 0.0677083 0.287037 0.664749
0 0.121875 0.515741 0.166667 0.542593 0.683949
0 0.444271 0.369444 0.0302083 0.15 0.684753
0 0.611979 0.366667 0.028125 0.12963 0.692533
0 0.188542 0.431481 0.0479167 0.277778 0.701853
0 0.611979 0.366667 0.028125 0.12963 0.708642
0 0.121875 0.514815 0.166667 0.540741 0.70927
0 0.121875 0.513889 0.166667 0.542593 0.711785
0 0.189063 0.430556 0.0489583 0.27963 0.715629
0 0.691146 0.397222 0.0447917 0.275926 0.717196
0 0.188542 0.431481 0.0479167 0.277778 0.71889
0 0.44375 0.367593 0.03125 0.142593 0.734481
0 0.6125 0.366667 0.0291667 0.12963 0.737443
0 0.44375 0.367593 0.0291667 0.142593 0.737585
0 0.6125 0.366667 0.0291667 0.12963 0.745325
0 0.444271 0.369444 0.0302083 0.15 0.751336
0 0.611979 0.366667 0.028125 0.12963 0.755074
0 0.124479 0.519444 0.167708 0.531482 0.758319
0 0.125 0.519444 0.16875 0.531482 0.767558
0 0.6125 0.365741 0.0291667 0.131481 0.772709
0 0.360417 0.353704 0.025 0.107407 0.775982
0 0.44375 0.369444 0.0291667 0.15 0.784374
0 0.44375 0.369444 0.0291667 0.15 0.795427
0 0.360938 0.35463 0.021875 0.109259 0.80454
0 0.361458 0.35463 0.0229167 0.109259 0.805509
0 0.444271 0.37037 0.0302083 0.151852 0.809437
0 0.123958 0.512037 0.166667 0.538889 0.811038
0 0.360938 0.35463 0.0239583 0.109259 0.819041
0 0.123958 0.513889 0.166667 0.538889 0.826992
0 0.443229 0.365741 0.0302083 0.146296 0.830963
0 0.443229 0.365741 0.0302083 0.142593 0.842077
0 0.360938 0.355556 0.0239583 0.111111 0.852515
0 0.360417 0.35463 0.025 0.105556 0.85885
0 0.122917 0.515741 0.166667 0.538889 0.86025
0 0.360938 0.35463 0.0239583 0.112963 0.86221
0 0.123438 0.512037 0.167708 0.542593 0.862845
0 0.123958 0.515741 0.166667 0.538889 0.864379
0 0.360938 0.355556 0.0239583 0.111111 0.877083
0 0.122917 0.515741 0.164583 0.538889 0.8917
0 0.122917 0.515741 0.164583 0.538889 0.911113
0 0.122396 0.515741 0.165625 0.538889 0.911233
