0 0.561458 0.383333 0.0270833 0.111111 0.25149
0 0.559896 0.392593 0.0302083 0.118519 0.25315
0 0.559896 0.392593 0.0302083 0.118519 0.255474
0 0.0078125 0.375926 0.015625 0.125926 0.261587
0 0.558854 0.393519 0.0322917 0.116667 0.264251
0 0.636979 0.365741 0.028125 0.131481 0.273837
0 0.539062 0.387037 0.0489583 0.118519 0.273914
0 0.558854 0.393519 0.0322917 0.116667 0.275644
0 0.560938 0.384259 0.028125 0.109259 0.276619
0 0.560938 0.384259 0.028125 0.109259 0.283415
0 0.00729167 0.369444 0.0145833 0.109259 0.300034
0 0.539062 0.387037 0.0489583 0.118519 0.307416
0 0.478646 0.374074 0.0260417 0.151852 0.309484
0 0.530729 0.380556 0.0364583 0.127778 0.311443
0 0.558854 0.392593 0.0322917 0.118519 0.313787
0 0.53125 0.380556 0.0354167 0.127778 0.314111
0 0.478646 0.375926 0.0260417 0.133333 0.323764
0 0.478125 0.374074 0.025 0.148148 0.324021
0 0.798437 0.383333 0.0447917 0.207407 0.330753
0 0.797917 0.384259 0.04375 0.209259 0.332615
0 0.636458 0.367593 0.0291667 0.135185 0.336193
0 0.438542 0.371296 0.0333333 0.161111 0.346213
0 0.477604 0.380556 0.0260417 0.135185 0.349646
0 0.530729 0.385185 0.0322917 0.122222 0.350728
0 0.530208 0.387963 0.03125 0.116667 0.351321
0 0.530208 0.385185 0.0333333 0.122222 0.353433
0 0.530208 0.387963 0.03125 0.116667 0.35389
0 0.530208 0.387963 0.03125 0.116667 0.359378
0 0.636458 0.368519 0.0270833 0.133333 0.359823
0 0.438021 0.372222 0.0322917 0.159259 0.360176
0 0.00729167 0.37037 0.0145833 0.114815 0.363863
0 0.477604 0.382407 0.028125 0.135185 0.365763
0 0.539062 0.387037 0.0489583 0.118519 0.365875
0 0.530729 0.380556 0.0364583 0.127778 0.368852
0 0.635938 0.368519 0.028125 0.140741 0.370794
0 0.795833 0.384259 0.0479167 0.201852 0.382732
0 0.558854 0.389815 0.028125 0.116667 0.395111
0 0.557813 0.390741 0.0302083 0.118519 0.409985
0 0.635938 0.368519 0.028125 0.140741 0.413074
0 0.436458 0.371296 0.0333333 0.157407 0.413312
0 0.436458 0.372222 0.0333333 0.155556 0.420606
0 0.00729167 0.375 0.0145833 0.12037 0.421792
0 0.558854 0.389815 0.028125 0.116667 0.42745
0 0.558854 0.389815 0.028125 0.116667 0.427512
0 0.0078125 0.375 0.015625 0.124074 0.429874
0 0.558333 0.390741 0.03125 0.118519 0.433022
0 0.0078125 0.374074 0.015625 0.122222 0.435577
0 0.00729167 0.375926 0.0145833 0.118519 0.43922
0 0.795833 0.383333 0.0479167 0.203704 0.441197
0 0.558333 0.390741 0.03125 0.118519 0.442838
0 0.557813 0.390741 0.0302083 0.118519 0.450286
0 0.559375 0.389815 0.03125 0.116667 0.456537
0 0.636458 0.366667 0.0270833 0.137037 0.458223
0 0.477083 0.382407 0.0270833 0.138889 0.463308
0 0.6375 0.365741 0.0291667 0.142593 0.46498
0 0.6375 0.366667 0.0291667 0.140741 0.473092
0 0.636458 0.369444 0.0270833 0.138889 0.473954
0 0.558333 0.389815 0.03125 0.116667 0.477208
0 0.477604 0.382407 0.028125 0.142593 0.481009
0 0.00729167 0.375 0.0145833 0.12037 0.482472
0 0.530208 0.383333 0.0333333 0.118519 0.486254
0 0.795833 0.384259 0.0479167 0.201852 0.494213
0 0.530729 0.385185 0.0322917 0.122222 0.49786
0 0.436979 0.374074 0.0322917 0.159259 0.508024
0 0.795313 0.386111 0.0510417 0.201852 0.513092
0 0.530729 0.384259 0.034375 0.116667 0.520522
0 0.794271 0.386111 0.0510417 0.198148 0.521357
0 0.436458 0.373148 0.03125 0.161111 0.521888
0 0.794792 0.386111 0.0520833 0.198148 0.525506
0 0.530729 0.384259 0.034375 0.116667 0.526825
0 0.436458 0.374074 0.03125 0.159259 0.534686
0 0.477604 0.378704 0.028125 0.153704 0.538543
0 0.477604 0.377778 0.028125 0.144444 0.551481
0 0.478125 0.377778 0.0270833 0.144444 0.603896
0 0.477604 0.376852 0.028125 0.142593 0.608493
0 0.636458 0.368519 0.0270833 0.133333 0.613754
0 0.636458 0.368519 0.0270833 0.137037 0.620748
0 0.477604 0.37963 0.028125 0.151852 0.622607
0 0.795313 0.385185 0.0489583 0.2 0.64845
0 0.794792 0.384259 0.05 0.205556 0.657009
0 0.795313 0.385185 0.0447917 0.196296 0.66051
0 0.635938 0.367593 0.028125 0.138889 0.666129
0 0.794792 0.385185 0.05 0.207407 0.668324
0 0.477083 0.37963 0.0270833 0.151852 0.672732
0 0.635938 0.367593 0.028125 0.138889 0.674891
0 0.478646 0.37963 0.028125 0.148148 0.675688
0 0.795833 0.385185 0.0479167 0.2 0.684705
0 0.795313 0.384259 0.0447917 0.198148 0.68501
0 0.795313 0.386111 0.0489583 0.201852 0.687712
0 0.636458 0.367593 0.0291667 0.135185 0.688742
0 0.635938 0.368519 0.028125 0.137037 0.691451
0 0.478646 0.377778 0.0260417 0.148148 0.709945
0 0.795833 0.386111 0.0479167 0.201852 0.710263
0 0.478646 0.376852 0.0260417 0.146296 0.715891
0 0.635938 0.365741 0.028125 0.138889 0.720834
0 0.635938 0.366667 0.028125 0.140741 0.720937
0 0.436979 0.373148 0.0322917 0.157407 0.723852
0 0.795833 0.385185 0.05 0.2 0.729191
0 0.635938 0.368519 0.028125 0.137037 0.730177
0 0.478125 0.37963 0.0270833 0.148148 0.731078
0 0.795313 0.386111 0.0489583 0.201852 0.7316
0 0.635938 0.367593 0.028125 0.135185 0.738122
0 0.436979 0.374074 0.0322917 0.155556 0.743686
0 0.635938 0.367593 0.028125 0.135185 0.744684
0 0.636458 0.368519 0.0270833 0.137037 0.763706
0 0.478125 0.37963 0.0270833 0.148148 0.763977
0 0.436979 0.373148 0.0322917 0.157407 0.783288
0 0.4375 0.374074 0.03125 0.159259 0.786203
0 0.477604 0.37963 0.028125 0.144444 0.789678
0 0.4375 0.374074 0.03125 0.159259 0.797644
0 0.477604 0.380556 0.028125 0.142593 0.799452
0 0.4375 0.374074 0.03125 0.159259 0.818348
0 0.436979 0.375 0.0322917 0.157407 0.83326
0 0.436979 0.374074 0.0322917 0.159259 0.835704
0 0.436458 0.373148 0.03125 0.157407 0.838342
0 0.436458 0.373148 0.03125 0.161111 0.838815
