0 0.832292 0.392593 0.0291667 0.140741 0.252507
0 0.832292 0.391667 0.0291667 0.142593 0.256627
0 0.034375 0.432407 0.0583333 0.216667 0.257917
0 0.00729167 0.419444 0.0145833 0.0981481 0.262366
0 0.276563 0.384259 0.0197917 0.0944444 0.267781
0 0.338542 0.368519 0.0270833 0.1 0.27028
0 0.433854 0.375 0.0260417 0.124074 0.273783
0 0.473437 0.371296 0.0197917 0.116667 0.274381
0 0.475 0.37037 0.01875 0.114815 0.274644
0 0.495313 0.374074 0.0177083 0.0851852 0.274843
0 0.475521 0.37037 0.0177083 0.114815 0.279628
0 0.034375 0.431481 0.05625 0.218519 0.28068
0 0.277604 0.382407 0.0197917 0.0981481 0.281107
0 0.475521 0.364815 0.0177083 0.122222 0.283386
13 0.415625 0.615741 0.19375 0.131481 0.284265
0 0.495313 0.374074 0.0177083 0.0851852 0.285418
0 0.277604 0.382407 0.0197917 0.0981481 0.286891
0 0.475521 0.37037 0.0177083 0.114815 0.290235
0 0.532292 0.396296 0.0416667 0.155556 0.291257
0 0.338021 0.358333 0.0260417 0.0722222 0.29659
13 0.527083 0.775 0.202083 0.235185 0.297153
0 0.939062 0.560185 0.121875 0.568519 0.297903
13 0.527083 0.775 0.202083 0.235185 0.3062
0 0.938542 0.560185 0.122917 0.564815 0.306696
0 0.495313 0.374074 0.0177083 0.0851852 0.307036
0 0.538542 0.392593 0.03125 0.151852 0.310955
0 0.338021 0.358333 0.0260417 0.0722222 0.31291
0 0.475 0.365741 0.01875 0.124074 0.314908
0 0.490625 0.374074 0.025 0.0962963 0.319948
0 0.538021 0.392593 0.0302083 0.151852 0.321403
0 0.475521 0.365741 0.0177083 0.124074 0.327898
0 0.338021 0.358333 0.0260417 0.0722222 0.329066
0 0.273438 0.383333 0.015625 0.0925926 0.330981
0 0.433854 0.375926 0.0260417 0.122222 0.331853
0 0.272917 0.384259 0.0145833 0.0907407 0.332702
0 0.435417 0.371296 0.0270833 0.12037 0.336189
0 0.275 0.382407 0.0166667 0.0907407 0.340266
0 0.435417 0.373148 0.0270833 0.12037 0.340575
0 0.491667 0.373148 0.025 0.0944444 0.343075
0 0.538542 0.394444 0.03125 0.155556 0.355379
0 0.535417 0.397222 0.0354167 0.157407 0.36104
0 0.830729 0.393519 0.0260417 0.146296 0.365617
0 0.272917 0.383333 0.0145833 0.0925926 0.368711
0 0.538542 0.39537 0.0291667 0.153704 0.379085
0 0.339583 0.360185 0.025 0.0796296 0.380379
0 0.0395833 0.431481 0.05625 0.240741 0.381601
0 0.538542 0.394444 0.03125 0.151852 0.384447
0 0.534896 0.397222 0.034375 0.157407 0.390912
0 0.830729 0.394444 0.0260417 0.144444 0.395993
0 0.339583 0.362963 0.025 0.0814815 0.396065
0 0.339583 0.360185 0.025 0.0796296 0.396336
0 0.832292 0.393519 0.0291667 0.15 0.399186
0 0.536458 0.392593 0.03125 0.151852 0.399292
0 0.536458 0.392593 0.03125 0.151852 0.410373
0 0.0401042 0.431481 0.0552083 0.237037 0.411858
0 0.339583 0.359259 0.025 0.0777778 0.412784
0 0.832292 0.393519 0.0291667 0.15 0.415268
0 0.942187 0.574074 0.115625 0.577778 0.415922
0 0.477083 0.372222 0.0229167 0.103704 0.417662
0 0.477083 0.372222 0.0229167 0.103704 0.419656
0 0.832292 0.393519 0.0291667 0.146296 0.423469
0 0.474479 0.369444 0.0197917 0.12037 0.42696
0 0.831771 0.393519 0.028125 0.15 0.428901
0 0.339583 0.377778 0.025 0.118519 0.431498
0 0.434896 0.371296 0.0260417 0.12037 0.432259
0 0.49375 0.374074 0.0208333 0.0888889 0.432629
0 0.477083 0.372222 0.0229167 0.103704 0.434006
0 0.435417 0.373148 0.0270833 0.12037 0.442036
0 0.942187 0.574074 0.115625 0.585185 0.443932
0 0.832292 0.392593 0.0291667 0.144444 0.444793
0 0.832292 0.392593 0.0291667 0.144444 0.448407
0 0.832292 0.392593 0.0291667 0.144444 0.448422
0 0.832292 0.392593 0.0291667 0.144444 0.456725
0 0.339583 0.376852 0.025 0.116667 0.45758
0 0.493229 0.375 0.0197917 0.0944444 0.457656
0 0.339583 0.376852 0.025 0.116667 0.458671
0 0.338542 0.368519 0.025 0.0962963 0.466666
0 0.49375 0.375 0.0208333 0.0944444 0.471591
0 0.189063 0.397222 0.0260417 0.124074 0.472885
0 0.832292 0.392593 0.0291667 0.144444 0.478192
0 0.0395833 0.431481 0.0541667 0.240741 0.495655
0 0.476042 0.373148 0.01875 0.12037 0.497055
0 0.435417 0.37037 0.0270833 0.118519 0.502503
0 0.189063 0.397222 0.028125 0.12037 0.507535
0 0.0380208 0.431481 0.0510417 0.225926 0.5076
0 0.189583 0.39537 0.025 0.12037 0.51476
0 0.189583 0.39537 0.025 0.12037 0.51845
0 0.0380208 0.433333 0.0510417 0.225926 0.520817
0 0.475521 0.373148 0.0197917 0.12037 0.523265
0 0.189583 0.39537 0.025 0.116667 0.523698
0 0.0380208 0.428704 0.0552083 0.227778 0.526229
0 0.475521 0.373148 0.0197917 0.12037 0.527481
0 0.434896 0.371296 0.0260417 0.116667 0.540069
0 0.434896 0.371296 0.0260417 0.116667 0.542292
0 0.189583 0.397222 0.025 0.124074 0.5431
0 0.189583 0.396296 0.0270833 0.122222 0.545628
0 0.0380208 0.428704 0.0552083 0.227778 0.553622
0 0.435417 0.371296 0.025 0.12037 0.592655
0 0.435417 0.373148 0.025 0.116667 0.599416
0 0.0380208 0.428704 0.0552083 0.227778 0.601742
0 0.597917 0.381481 0.03125 0.177778 0.607942
0 0.49375 0.372222 0.0208333 0.0925926 0.613216
0 0.435937 0.373148 0.0260417 0.116667 0.615142
0 0.597917 0.381481 0.03125 0.177778 0.620802
0 0.435937 0.372222 0.0260417 0.118519 0.621589
0 0.189063 0.397222 0.0260417 0.12037 0.623933
0 0.434896 0.371296 0.0260417 0.116667 0.62528
0 0.435937 0.373148 0.0260417 0.116667 0.626444
0 0.434896 0.371296 0.0260417 0.12037 0.62717
0 0.434896 0.371296 0.0260417 0.116667 0.630352
0 0.49375 0.372222 0.0208333 0.0962963 0.637932
0 0.189063 0.396296 0.0260417 0.122222 0.638378
0 0.49375 0.372222 0.0208333 0.0962963 0.648655
0 0.0390625 0.432407 0.053125 0.227778 0.661924
0 0.0390625 0.433333 0.053125 0.22963 0.680664
0 0.0380208 0.430556 0.053125 0.231481 0.685377
0 0.189583 0.397222 0.0229167 0.124074 0.703231
0 0.0380208 0.42963 0.0552083 0.233333 0.716046
0 0.536979 0.397222 0.0322917 0.153704 0.725317
0 0.536458 0.396296 0.03125 0.151852 0.728593
0 0.0380208 0.431481 0.0552083 0.22963 0.729223
0 0.536979 0.397222 0.0322917 0.153704 0.734723
0 0.5375 0.39537 0.03125 0.153704 0.747733
0 0.0385417 0.431481 0.05625 0.22963 0.76306
0 0.5375 0.396296 0.03125 0.155556 0.763366
0 0.0380208 0.431481 0.0552083 0.225926 0.766852
0 0.5375 0.396296 0.03125 0.151852 0.76854
0 0.536979 0.397222 0.0322917 0.15 0.76949
0 0.597917 0.381481 0.0333333 0.17037 0.777361
0 0.0380208 0.431481 0.0552083 0.22963 0.777502
0 0.189063 0.397222 0.0260417 0.12037 0.777563
0 0.597917 0.381481 0.0333333 0.17037 0.782994
0 0.189063 0.396296 0.0239583 0.122222 0.786224
0 0.5375 0.39537 0.03125 0.153704 0.789399
0 0.597917 0.381481 0.0333333 0.17037 0.790262
0 0.189063 0.397222 0.0260417 0.12037 0.790532
0 0.189583 0.396296 0.025 0.122222 0.797922
0 0.189583 0.397222 0.025 0.12037 0.804168
0 0.0380208 0.431481 0.0552083 0.225926 0.805643
0 0.0369792 0.430556 0.0552083 0.231481 0.806
0 0.0375 0.431481 0.0541667 0.22963 0.807117
0 0.535937 0.397222 0.0322917 0.153704 0.808048
0 0.535937 0.396296 0.0322917 0.151852 0.809239
0 0.0380208 0.431481 0.0552083 0.233333 0.812217
0 0.596875 0.381481 0.0333333 0.17037 0.823243
0 0.189063 0.396296 0.0239583 0.122222 0.823857
0 0.943229 0.565741 0.113542 0.572222 0.829292
0 0.597396 0.380556 0.0322917 0.172222 0.830882
0 0.943229 0.565741 0.113542 0.564815 0.832465
0 0.597917 0.382407 0.0333333 0.172222 0.8328
0 0.188542 0.396296 0.025 0.122222 0.834549
0 0.188542 0.39537 0.025 0.12037 0.838943
0 0.597917 0.380556 0.0333333 0.168519 0.844722
0 0.597917 0.381481 0.0333333 0.174074 0.84557
0 0.598437 0.381481 0.0322917 0.17037 0.849855
0 0.942708 0.575 0.114583 0.568519 0.856353
0 0.597917 0.382407 0.0333333 0.172222 0.860205
0 0.597917 0.382407 0.0333333 0.172222 0.865316
0 0.942708 0.575 0.114583 0.568519 0.871905
0 0.597917 0.383333 0.0333333 0.174074 0.872253
0 0.597396 0.383333 0.0322917 0.174074 0.882745
0 0.942187 0.572222 0.115625 0.562963 0.891178
0 0.942187 0.571296 0.115625 0.561111 0.89281
0 0.942187 0.575 0.115625 0.564815 0.902798
0 0.943229 0.569444 0.113542 0.568519 0.910475
0 0.942187 0.575 0.115625 0.564815 0.91054
0 0.94375 0.57037 0.1125 0.566667 0.912002
