0 0.563542 0.385185 0.0270833 0.103704 0.250782
0 0.588542 0.35 0.0145833 0.0666667 0.253501
0 0.802083 0.387963 0.0458333 0.205556 0.260854
0 0.801562 0.387963 0.0447917 0.209259 0.265343
0 0.531771 0.394444 0.0322917 0.114815 0.266449
0 0.559896 0.390741 0.0302083 0.114815 0.268549
0 0.563542 0.385185 0.0291667 0.103704 0.269197
0 0.436458 0.375926 0.0333333 0.162963 0.271402
0 0.436979 0.375926 0.0322917 0.162963 0.271476
0 0.532292 0.382407 0.0354167 0.127778 0.272262
0 0.563542 0.385185 0.0270833 0.103704 0.274443
0 0.636458 0.369444 0.0291667 0.142593 0.277171
0 0.638542 0.369444 0.0270833 0.138889 0.280427
0 0.589063 0.35 0.015625 0.0666667 0.282192
0 0.805208 0.383333 0.0416667 0.203704 0.288842
0 0.536458 0.389815 0.0395833 0.12037 0.289213
0 0.561979 0.394444 0.0302083 0.114815 0.289378
0 0.436979 0.375 0.0322917 0.161111 0.290072
0 0.559896 0.390741 0.0302083 0.114815 0.291051
0 0.559896 0.390741 0.0302083 0.114815 0.294566
0 0.638542 0.369444 0.0270833 0.138889 0.295054
0 0.439063 0.373148 0.034375 0.161111 0.297519
0 0.636458 0.368519 0.0270833 0.140741 0.306398
0 0.535937 0.389815 0.040625 0.12037 0.308581
0 0.638542 0.369444 0.0270833 0.138889 0.308603
0 0.439063 0.374074 0.034375 0.159259 0.310776
0 0.479688 0.384259 0.028125 0.135185 0.311211
0 0.591146 0.348148 0.0135417 0.0666667 0.315344
0 0.561979 0.394444 0.0302083 0.114815 0.318609
0 0.561979 0.394444 0.0302083 0.114815 0.324669
0 0.591146 0.347222 0.0135417 0.0648148 0.327605
0 0.532292 0.390741 0.03125 0.118519 0.329643
0 0.560417 0.394444 0.0333333 0.118519 0.337583
0 0.560417 0.394444 0.0333333 0.118519 0.341023
0 0.804167 0.383333 0.0416667 0.203704 0.349879
0 0.636458 0.369444 0.0270833 0.142593 0.351552
0 0.531771 0.390741 0.0322917 0.118519 0.351623
0 0.531771 0.390741 0.0322917 0.118519 0.352064
0 0.590625 0.346296 0.0125 0.0666667 0.359279
0 0.590625 0.347222 0.0125 0.0648148 0.3606
0 0.535937 0.389815 0.040625 0.12037 0.360865
0 0.53125 0.387963 0.03125 0.124074 0.362054
0 0.53125 0.387963 0.03125 0.124074 0.366927
0 0.560417 0.394444 0.0333333 0.118519 0.387792
0 0.799479 0.387037 0.0489583 0.207407 0.390651
0 0.559375 0.393519 0.0333333 0.116667 0.391187
0 0.531771 0.387037 0.0322917 0.122222 0.391567
0 0.799479 0.387037 0.0510417 0.207407 0.398913
0 0.6375 0.37037 0.0270833 0.137037 0.403461
0 0.6375 0.37037 0.0270833 0.137037 0.406434
0 0.804167 0.384259 0.0416667 0.205556 0.421122
0 0.559375 0.394444 0.0333333 0.114815 0.424372
0 0.559375 0.394444 0.0333333 0.114815 0.433762
0 0.560417 0.393519 0.0333333 0.116667 0.443466
0 0.531771 0.387037 0.0322917 0.122222 0.446235
0 0.531771 0.387037 0.0322917 0.122222 0.448533
0 0.6375 0.367593 0.0291667 0.142593 0.460673
0 0.560938 0.393519 0.0322917 0.116667 0.460941
0 0.479167 0.383333 0.0291667 0.137037 0.464277
0 0.53125 0.387963 0.03125 0.124074 0.469996
0 0.801562 0.382407 0.0510417 0.205556 0.471226
0 0.802083 0.382407 0.05 0.209259 0.47272
0 0.6375 0.367593 0.0291667 0.142593 0.473698
0 0.560417 0.391667 0.0333333 0.116667 0.474863
0 0.638542 0.367593 0.0291667 0.146296 0.48566
0 0.638542 0.366667 0.0291667 0.144444 0.495727
0 0.478125 0.384259 0.03125 0.146296 0.553336
0 0.478125 0.384259 0.03125 0.146296 0.56895
0 0.803646 0.386111 0.0427083 0.201852 0.576144
0 0.802604 0.385185 0.0447917 0.207407 0.57789
0 0.802604 0.385185 0.0447917 0.211111 0.590717
0 0.803646 0.386111 0.0427083 0.205556 0.593528
0 0.478125 0.384259 0.03125 0.146296 0.595333
0 0.479688 0.382407 0.0302083 0.142593 0.613171
0 0.479688 0.383333 0.0302083 0.144444 0.616135
0 0.479167 0.381481 0.0291667 0.148148 0.659381
0 0.479167 0.380556 0.0291667 0.15 0.661751
0 0.803125 0.386111 0.04375 0.201852 0.664639
0 0.479688 0.383333 0.0302083 0.140741 0.665227
0 0.803125 0.386111 0.04375 0.205556 0.695664
0 0.802604 0.385185 0.0447917 0.203704 0.70789
0 0.638021 0.369444 0.028125 0.138889 0.72124
0 0.438542 0.376852 0.0333333 0.157407 0.724818
0 0.803125 0.386111 0.04375 0.205556 0.725195
0 0.638021 0.37037 0.028125 0.137037 0.72746
0 0.638021 0.37037 0.028125 0.140741 0.731711
0 0.638021 0.37037 0.028125 0.137037 0.731834
0 0.802604 0.385185 0.0447917 0.203704 0.733681
0 0.438542 0.376852 0.0333333 0.157407 0.74504
0 0.802604 0.385185 0.0447917 0.203704 0.747037
0 0.636979 0.37037 0.028125 0.140741 0.748256
0 0.6375 0.369444 0.0270833 0.142593 0.749905
0 0.480208 0.384259 0.0291667 0.146296 0.756057
0 0.638021 0.37037 0.028125 0.140741 0.756561
0 0.479167 0.383333 0.0291667 0.144444 0.760279
0 0.638021 0.369444 0.028125 0.138889 0.765969
0 0.638021 0.369444 0.028125 0.138889 0.76757
0 0.638021 0.37037 0.028125 0.137037 0.77346
0 0.479167 0.382407 0.0291667 0.142593 0.7737
0 0.438021 0.376852 0.0322917 0.161111 0.783276
0 0.438542 0.376852 0.0333333 0.157407 0.784655
0 0.480208 0.384259 0.0291667 0.146296 0.784834
0 0.480208 0.384259 0.0291667 0.146296 0.788445
0 0.438542 0.377778 0.03125 0.159259 0.795171
0 0.439063 0.377778 0.0322917 0.162963 0.810341
0 0.479688 0.384259 0.028125 0.146296 0.814182
0 0.479688 0.384259 0.028125 0.142593 0.819289
0 0.438021 0.376852 0.0322917 0.161111 0.838309
0 0.438021 0.376852 0.0322917 0.157407 0.839666
0 0.438542 0.376852 0.0333333 0.161111 0.860471
0 0.438542 0.376852 0.0333333 0.157407 0.862342
