0 0.046875 0.343519 0.0354167 0.142593 0.250346
0 0.660937 0.338889 0.021875 0.0925926 0.250851
0 0.319271 0.314815 0.0177083 0.0814815 0.251251
0 0.507292 0.339815 0.0291667 0.142593 0.253075
0 0.175521 0.32037 0.0239583 0.111111 0.253093
0 0.536458 0.34537 0.025 0.135185 0.253096
0 0.0463542 0.343519 0.0364583 0.142593 0.253482
0 0.598437 0.341667 0.0239583 0.127778 0.256796
0 0.536458 0.34537 0.025 0.135185 0.258634
0 0.175521 0.32037 0.0239583 0.107407 0.262234
0 0.319271 0.313889 0.0177083 0.0796296 0.267982
0 0.608333 0.35 0.0375 0.148148 0.26863
0 0.317708 0.306481 0.01875 0.0833333 0.275055
0 0.519792 0.339815 0.025 0.146296 0.277489
0 0.389062 0.347222 0.0322917 0.17963 0.280124
0 0.608854 0.35 0.0364583 0.144444 0.286374
0 0.319271 0.313889 0.0177083 0.0796296 0.286874
0 0.953646 0.575 0.0927083 0.65 0.288456
0 0.598958 0.339815 0.025 0.127778 0.28863
0 0.317708 0.306481 0.01875 0.087037 0.290529
0 0.61875 0.358333 0.025 0.138889 0.291061
0 0.389062 0.347222 0.0322917 0.17963 0.29189
0 0.61875 0.358333 0.0270833 0.138889 0.297832
0 0.51875 0.342593 0.0270833 0.148148 0.298184
0 0.953125 0.588889 0.09375 0.685185 0.29934
26 0.863021 0.50463 0.0427083 0.175926 0.301026
0 0.542188 0.339815 0.028125 0.138889 0.301837
0 0.660937 0.339815 0.021875 0.0944444 0.302398
0 0.389062 0.348148 0.0322917 0.177778 0.302491
0 0.660937 0.340741 0.021875 0.0925926 0.305399
0 0.81875 0.574074 0.120833 0.659259 0.305934
26 0.863021 0.505556 0.0427083 0.177778 0.310592
0 0.317708 0.306481 0.01875 0.087037 0.313467
26 0.863542 0.506481 0.04375 0.175926 0.317119
0 0.519271 0.343519 0.021875 0.135185 0.318935
26 0.865104 0.518519 0.0447917 0.151852 0.319756
26 0.865104 0.517593 0.0447917 0.15 0.323804
0 0.53125 0.340741 0.0416667 0.137037 0.330449
26 0.865625 0.518519 0.04375 0.151852 0.3381
0 0.621354 0.35 0.028125 0.137037 0.340252
0 0.621354 0.35 0.028125 0.137037 0.342817
0 0.519271 0.342593 0.021875 0.137037 0.347134
0 0.598437 0.339815 0.021875 0.124074 0.347573
0 0.54375 0.339815 0.0291667 0.135185 0.350155
0 0.598958 0.339815 0.025 0.124074 0.351496
0 0.542708 0.338889 0.0270833 0.137037 0.353237
0 0.531771 0.339815 0.0447917 0.135185 0.354297
0 0.009375 0.360185 0.01875 0.183333 0.361272
0 0.315625 0.309259 0.0229167 0.0925926 0.367002
0 0.009375 0.359259 0.01875 0.181481 0.367936
0 0.531771 0.340741 0.040625 0.137037 0.370443
0 0.598437 0.340741 0.021875 0.125926 0.37349
0 0.620313 0.353704 0.028125 0.137037 0.375228
0 0.389062 0.340741 0.034375 0.174074 0.377803
0 0.598437 0.340741 0.021875 0.125926 0.390007
0 0.551042 0.331481 0.0166667 0.111111 0.391892
0 0.0473958 0.359259 0.0385417 0.181481 0.393696
0 0.550521 0.331481 0.0177083 0.111111 0.394537
0 0.315625 0.309259 0.0229167 0.0925926 0.395642
0 0.518229 0.342593 0.0260417 0.148148 0.399391
0 0.315104 0.309259 0.0239583 0.0925926 0.405274
0 0.821875 0.55463 0.125 0.631481 0.406742
0 0.388542 0.340741 0.0333333 0.177778 0.409119
0 0.317708 0.308333 0.0208333 0.087037 0.415515
0 0.543229 0.339815 0.028125 0.135185 0.417795
0 0.536979 0.339815 0.0239583 0.131481 0.421895
0 0.0473958 0.360185 0.0385417 0.183333 0.422492
0 0.551042 0.331481 0.0166667 0.111111 0.42935
0 0.661979 0.330556 0.021875 0.0833333 0.43699
0 0.620833 0.355556 0.0291667 0.144444 0.443177
0 0.620313 0.35463 0.028125 0.142593 0.443195
0 0.175521 0.326852 0.021875 0.112963 0.449234
0 0.596875 0.336111 0.0229167 0.12037 0.460787
0 0.318229 0.307407 0.0197917 0.0851852 0.465683
0 0.174479 0.326852 0.021875 0.112963 0.468705
0 0.821875 0.557407 0.125 0.633333 0.469839
0 0.388542 0.341667 0.0333333 0.175926 0.47032
0 0.176042 0.325926 0.0229167 0.111111 0.473491
0 0.660937 0.330556 0.021875 0.087037 0.474183
0 0.176042 0.325926 0.0229167 0.111111 0.476987
0 0.540104 0.339815 0.0260417 0.131481 0.481256
0 0.618229 0.353704 0.0322917 0.144444 0.488899
0 0.389062 0.344444 0.0322917 0.177778 0.495477
0 0.598958 0.336111 0.0229167 0.12037 0.495806
0 0.620313 0.353704 0.0302083 0.144444 0.497758
0 0.541146 0.337963 0.028125 0.124074 0.50197
0 0.598958 0.336111 0.0229167 0.12037 0.502949
0 0.540104 0.338889 0.0260417 0.133333 0.503228
0 0.536979 0.339815 0.0239583 0.135185 0.504094
0 0.540104 0.338889 0.0260417 0.133333 0.50451
0 0.317708 0.308333 0.01875 0.087037 0.50551
0 0.536979 0.340741 0.0239583 0.137037 0.506479
0 0.598958 0.336111 0.0229167 0.12037 0.512908
0 0.661979 0.330556 0.021875 0.0833333 0.521623
0 0.177083 0.324074 0.0208333 0.107407 0.5221
0 0.389062 0.344444 0.0322917 0.177778 0.523429
0 0.661979 0.330556 0.021875 0.0833333 0.523618
0 0.177083 0.324074 0.0208333 0.107407 0.531718
0 0.542188 0.339815 0.0260417 0.135185 0.534369
0 0.660937 0.330556 0.021875 0.087037 0.538529
0 0.177083 0.324074 0.0208333 0.107407 0.539278
0 0.540625 0.337963 0.0291667 0.127778 0.540154
0 0.519792 0.341667 0.0229167 0.142593 0.5413
0 0.0104167 0.357407 0.0208333 0.185185 0.544929
0 0.660937 0.330556 0.021875 0.087037 0.544952
0 0.540625 0.337963 0.0291667 0.127778 0.546694
0 0.620313 0.35463 0.028125 0.146296 0.548018
0 0.519792 0.341667 0.0229167 0.146296 0.550797
0 0.620313 0.353704 0.0302083 0.144444 0.55696
0 0.318229 0.307407 0.0197917 0.0888889 0.557252
0 0.0104167 0.356481 0.0208333 0.187037 0.561867
0 0.620833 0.353704 0.0291667 0.144444 0.561988
0 0.0463542 0.361111 0.0364583 0.181481 0.562532
0 0.661458 0.331481 0.0208333 0.0925926 0.563356
0 0.544792 0.340741 0.025 0.133333 0.564205
0 0.318229 0.307407 0.0197917 0.0888889 0.565497
0 0.519271 0.339815 0.021875 0.142593 0.572674
0 0.318229 0.307407 0.0197917 0.0888889 0.574397
0 0.0463542 0.361111 0.0364583 0.185185 0.580437
0 0.954167 0.577778 0.0916667 0.659259 0.587329
0 0.821875 0.57037 0.120833 0.648148 0.588271
0 0.176563 0.325 0.0197917 0.109259 0.592523
0 0.597917 0.340741 0.0229167 0.122222 0.597812
0 0.620313 0.35463 0.028125 0.146296 0.597974
0 0.51875 0.341667 0.0229167 0.146296 0.600645
0 0.388542 0.343519 0.0333333 0.17963 0.60065
0 0.821875 0.57037 0.120833 0.648148 0.600802
0 0.661458 0.331481 0.0208333 0.0925926 0.613502
0 0.176042 0.324074 0.0208333 0.111111 0.616861
0 0.175521 0.325926 0.021875 0.111111 0.61923
0 0.389062 0.343519 0.0322917 0.183333 0.623462
0 0.176563 0.325 0.0197917 0.109259 0.624727
0 0.389062 0.343519 0.0322917 0.17963 0.626663
0 0.955208 0.57963 0.0895833 0.681481 0.627244
0 0.176563 0.325 0.0197917 0.109259 0.630055
0 0.954687 0.575 0.090625 0.698148 0.631982
0 0.046875 0.360185 0.0375 0.17963 0.655087
0 0.389062 0.343519 0.0322917 0.183333 0.656361
0 0.009375 0.35463 0.01875 0.190741 0.662814
0 0.389062 0.342593 0.0322917 0.181481 0.663408
0 0.519271 0.342593 0.021875 0.144444 0.666912
0 0.519792 0.342593 0.0229167 0.144444 0.670065
0 0.046875 0.360185 0.0375 0.17963 0.674801
0 0.00885417 0.358333 0.0177083 0.190741 0.675438
0 0.009375 0.35463 0.01875 0.190741 0.67741
0 0.0463542 0.360185 0.0364583 0.17963 0.693028
0 0.0463542 0.362037 0.0364583 0.17963 0.697222
0 0.619792 0.355556 0.0291667 0.144444 0.697383
0 0.009375 0.358333 0.01875 0.194444 0.701609
0 0.389062 0.342593 0.0322917 0.181481 0.702005
0 0.0458333 0.360185 0.0375 0.183333 0.70694
0 0.389062 0.342593 0.0322917 0.181481 0.710414
0 0.0453125 0.362963 0.0364583 0.185185 0.71698
0 0.0458333 0.360185 0.0375 0.183333 0.720017
0 0.620313 0.35463 0.028125 0.146296 0.720312
0 0.955208 0.575 0.0895833 0.694444 0.72298
0 0.954687 0.580556 0.090625 0.683333 0.72503
0 0.0458333 0.362037 0.0375 0.17963 0.72693
0 0.620313 0.35463 0.0302083 0.146296 0.727114
0 0.620313 0.353704 0.028125 0.144444 0.730743
0 0.0463542 0.362037 0.0364583 0.183333 0.736952
0 0.823958 0.567593 0.122917 0.642593 0.740451
0 0.0453125 0.362037 0.0364583 0.183333 0.743145
0 0.822396 0.560185 0.121875 0.624074 0.745593
0 0.388542 0.344444 0.0333333 0.177778 0.748542
0 0.619792 0.355556 0.0291667 0.144444 0.748849
0 0.389583 0.341667 0.03125 0.17963 0.751118
0 0.389583 0.341667 0.03125 0.17963 0.753697
0 0.955208 0.573148 0.0895833 0.698148 0.756308
0 0.388542 0.344444 0.0333333 0.177778 0.764772
0 0.0453125 0.362963 0.0364583 0.185185 0.765361
0 0.955729 0.578704 0.0885417 0.705556 0.781905
0 0.821875 0.562037 0.122917 0.635185 0.788215
0 0.389062 0.344444 0.0322917 0.177778 0.790645
0 0.955208 0.572222 0.0895833 0.7 0.795915
0 0.955729 0.578704 0.0885417 0.705556 0.796547
0 0.822396 0.564815 0.121875 0.637037 0.809316
0 0.823438 0.567593 0.121875 0.642593 0.821254
0 0.822396 0.565741 0.121875 0.646296 0.859036
0 0.822917 0.566667 0.122917 0.648148 0.868617
0 0.822917 0.565741 0.122917 0.646296 0.878767
