0 0.304688 0.312037 0.0302083 0.0833333 0.250582
0 0.108333 0.310185 0.0145833 0.0648148 0.251035
0 0.514063 0.337963 0.0239583 0.124074 0.259435
0 0.108333 0.310185 0.0145833 0.0648148 0.26017
26 0.852083 0.530556 0.0541667 0.164815 0.261244
0 0.177083 0.328704 0.01875 0.109259 0.261469
0 0.303646 0.314815 0.0302083 0.0851852 0.266527
26 0.852083 0.52963 0.05625 0.166667 0.267285
26 0.852083 0.52963 0.0541667 0.166667 0.267431
0 0.589583 0.339815 0.0208333 0.12037 0.278958
0 0.538021 0.349074 0.028125 0.135185 0.279779
0 0.177083 0.328704 0.01875 0.109259 0.281946
0 0.304167 0.312037 0.0291667 0.087037 0.285963
0 0.589063 0.340741 0.0197917 0.118519 0.289832
0 0.602083 0.352778 0.0354167 0.138889 0.291714
0 0.304167 0.312963 0.0291667 0.0888889 0.292779
0 0.539062 0.348148 0.0260417 0.12963 0.293905
0 0.304167 0.312037 0.0291667 0.087037 0.299104
0 0.515625 0.35 0.0229167 0.144444 0.299431
0 0.530729 0.349074 0.0385417 0.131481 0.301116
0 0.535417 0.347222 0.0229167 0.131481 0.303466
0 0.535417 0.347222 0.0229167 0.131481 0.304183
0 0.589063 0.339815 0.0197917 0.116667 0.308345
0 0.539062 0.348148 0.0260417 0.133333 0.3113
0 0.602083 0.352778 0.0333333 0.138889 0.311909
0 0.0114583 0.362963 0.0229167 0.185185 0.312379
0 0.0114583 0.362963 0.0229167 0.188889 0.318713
0 0.0453125 0.363889 0.0364583 0.168519 0.3221
0 0.946354 0.572222 0.107292 0.6 0.32234
0 0.944792 0.562963 0.110417 0.625926 0.324854
0 0.538021 0.35 0.028125 0.133333 0.329133
0 0.513021 0.35 0.028125 0.137037 0.329485
0 0.5125 0.349074 0.0270833 0.138889 0.332603
0 0.0453125 0.363889 0.0364583 0.168519 0.332947
0 0.515625 0.347222 0.0270833 0.142593 0.334337
0 0.0453125 0.362963 0.0364583 0.166667 0.342232
0 0.590625 0.339815 0.01875 0.112963 0.342869
0 0.530208 0.348148 0.0375 0.133333 0.346606
0 0.813542 0.584259 0.120833 0.646296 0.353698
0 0.517187 0.337037 0.021875 0.125926 0.363373
0 0.946354 0.572222 0.107292 0.685185 0.363664
26 0.854167 0.534259 0.0583333 0.164815 0.372314
26 0.853125 0.525926 0.0604167 0.177778 0.37255
26 0.854167 0.534259 0.0583333 0.164815 0.372883
26 0.854167 0.534259 0.0583333 0.164815 0.375148
0 0.53125 0.349074 0.0395833 0.131481 0.387859
0 0.516146 0.347222 0.0239583 0.131481 0.392021
0 0.814583 0.590741 0.122917 0.648148 0.402682
0 0.539062 0.348148 0.0260417 0.12963 0.40273
0 0.946875 0.574074 0.10625 0.688889 0.403837
0 0.0453125 0.369444 0.0364583 0.17963 0.405818
0 0.653646 0.339815 0.0197917 0.0833333 0.408367
0 0.539062 0.348148 0.0260417 0.12963 0.41257
0 0.609375 0.361111 0.025 0.151852 0.413177
0 0.945833 0.582407 0.108333 0.668519 0.414056
0 0.597917 0.352778 0.03125 0.135185 0.417649
0 0.608333 0.359259 0.0333333 0.148148 0.419412
0 0.609896 0.360185 0.0260417 0.15 0.421249
0 0.00729167 0.362037 0.0145833 0.190741 0.431246
0 0.174479 0.332407 0.021875 0.112963 0.431387
0 0.535937 0.35 0.0260417 0.12963 0.432923
0 0.386979 0.341667 0.0302083 0.161111 0.43399
0 0.0447917 0.369444 0.0354167 0.17963 0.434272
0 0.538021 0.348148 0.028125 0.133333 0.435004
0 0.386979 0.342593 0.0302083 0.162963 0.436593
0 0.00729167 0.363889 0.0145833 0.187037 0.437045
0 0.654167 0.335185 0.0229167 0.0888889 0.442185
0 0.539583 0.348148 0.025 0.133333 0.447037
0 0.592188 0.343519 0.0197917 0.12037 0.44965
0 0.592188 0.34537 0.0197917 0.124074 0.459819
0 0.811458 0.585185 0.11875 0.651852 0.462442
0 0.517187 0.341667 0.021875 0.127778 0.470911
0 0.516667 0.348148 0.0229167 0.140741 0.472782
0 0.516667 0.346296 0.0229167 0.137037 0.474386
0 0.592188 0.34537 0.0197917 0.124074 0.475893
0 0.654688 0.336111 0.021875 0.0907407 0.476966
0 0.653646 0.338889 0.0197917 0.0851852 0.481288
0 0.177083 0.330556 0.0208333 0.112963 0.484423
0 0.591667 0.34537 0.0208333 0.12037 0.484576
0 0.607813 0.360185 0.0322917 0.15 0.485348
0 0.176563 0.331481 0.0197917 0.107407 0.488184
0 0.653646 0.339815 0.0197917 0.0833333 0.488459
0 0.813542 0.605556 0.120833 0.692593 0.488654
0 0.516667 0.347222 0.0229167 0.138889 0.490464
0 0.654688 0.336111 0.021875 0.0907407 0.490797
0 0.814062 0.60463 0.119792 0.690741 0.492211
0 0.0447917 0.369444 0.0354167 0.17963 0.49379
0 0.8125 0.584259 0.11875 0.653704 0.494353
0 0.591667 0.34537 0.0208333 0.124074 0.496166
0 0.608854 0.359259 0.0322917 0.148148 0.500595
0 0.538542 0.35 0.025 0.133333 0.500681
0 0.591667 0.346296 0.0208333 0.122222 0.50129
0 0.176563 0.332407 0.0197917 0.109259 0.503715
0 0.176563 0.332407 0.0197917 0.109259 0.504543
0 0.654167 0.335185 0.0208333 0.0962963 0.508449
0 0.654167 0.334259 0.0208333 0.0907407 0.514177
0 0.385417 0.348148 0.03125 0.166667 0.514762
0 0.946354 0.574074 0.107292 0.688889 0.518934
0 0.945833 0.574074 0.108333 0.659259 0.522034
0 0.535937 0.35 0.0260417 0.133333 0.522765
0 0.176563 0.331481 0.0197917 0.103704 0.523033
0 0.385417 0.348148 0.03125 0.166667 0.523064
0 0.535937 0.35 0.0260417 0.133333 0.523183
0 0.517187 0.342593 0.021875 0.133333 0.523446
0 0.611458 0.360185 0.0291667 0.15 0.525774
0 0.175 0.331481 0.0208333 0.111111 0.526994
0 0.517187 0.342593 0.021875 0.133333 0.527434
0 0.538021 0.348148 0.028125 0.133333 0.529012
0 0.610417 0.356481 0.0270833 0.15 0.531309
0 0.538021 0.348148 0.028125 0.133333 0.534526
0 0.385417 0.348148 0.03125 0.166667 0.536586
0 0.610417 0.357407 0.0270833 0.148148 0.547296
0 0.176563 0.331481 0.0197917 0.107407 0.548605
0 0.385938 0.349074 0.0302083 0.168519 0.549065
0 0.385938 0.348148 0.0302083 0.166667 0.550528
0 0.176563 0.331481 0.0197917 0.107407 0.552056
0 0.611979 0.358333 0.028125 0.15 0.553662
0 0.610937 0.358333 0.028125 0.15 0.558793
0 0.654688 0.334259 0.021875 0.0944444 0.562048
0 0.00677083 0.362037 0.0135417 0.190741 0.567168
0 0.654167 0.335185 0.0208333 0.0925926 0.570302
0 0.610937 0.360185 0.028125 0.153704 0.582328
0 0.00677083 0.364815 0.0135417 0.185185 0.584941
0 0.654167 0.335185 0.0208333 0.0925926 0.584978
0 0.655208 0.335185 0.0208333 0.0962963 0.600215
0 0.946354 0.574074 0.107292 0.685185 0.603463
0 0.814583 0.590741 0.122917 0.648148 0.605429
0 0.811979 0.581481 0.119792 0.637037 0.607327
0 0.00833333 0.363889 0.0166667 0.190741 0.609983
0 0.00833333 0.364815 0.0166667 0.192593 0.642739
0 0.385417 0.347222 0.03125 0.164815 0.648158
0 0.945833 0.577778 0.108333 0.67037 0.653571
0 0.384896 0.347222 0.0302083 0.161111 0.662344
0 0.384896 0.347222 0.0302083 0.164815 0.662552
0 0.611458 0.360185 0.0270833 0.15 0.667726
0 0.0442708 0.366667 0.0364583 0.185185 0.696216
0 0.385417 0.34537 0.03125 0.164815 0.701258
0 0.0442708 0.367593 0.0364583 0.183333 0.70955
0 0.385417 0.346296 0.03125 0.166667 0.714312
0 0.384896 0.348148 0.0302083 0.166667 0.732793
0 0.385417 0.347222 0.03125 0.164815 0.735408
0 0.385417 0.347222 0.03125 0.164815 0.746214
0 0.385417 0.347222 0.03125 0.168519 0.747605
0 0.945833 0.577778 0.108333 0.674074 0.755636
0 0.0442708 0.369444 0.0364583 0.17963 0.755928
0 0.0432292 0.366667 0.0364583 0.185185 0.758421
0 0.0432292 0.366667 0.0364583 0.185185 0.769426
0 0.385417 0.347222 0.03125 0.164815 0.770623
0 0.0442708 0.369444 0.0364583 0.17963 0.776866
0 0.04375 0.368519 0.0354167 0.181481 0.779667
0 0.813542 0.593518 0.120833 0.675926 0.782763
0 0.811458 0.587037 0.11875 0.655556 0.784971
0 0.04375 0.369444 0.0354167 0.17963 0.785897
0 0.04375 0.368519 0.0354167 0.181481 0.791078
0 0.813021 0.586111 0.119792 0.67963 0.792026
0 0.04375 0.368519 0.0354167 0.181481 0.800382
0 0.813542 0.592593 0.120833 0.674074 0.830878
