13 0.311458 0.784259 0.30625 0.405556 0.250808
0 0.0484375 0.365741 0.0260417 0.105556 0.260525
0 0.0505208 0.367593 0.0239583 0.105556 0.2615
0 0.208333 0.362037 0.0229167 0.12037 0.261864
13 0.310417 0.784259 0.30625 0.405556 0.263458
0 0.415104 0.361111 0.0260417 0.12963 0.264453
0 0.125 0.372222 0.025 0.118519 0.26591
0 0.791146 0.559259 0.128125 0.592593 0.266248
0 0.125 0.368519 0.025 0.118519 0.267867
0 0.05 0.367593 0.025 0.105556 0.268717
0 0.125521 0.369444 0.0239583 0.116667 0.272091
0 0.919271 0.551852 0.121875 0.555556 0.274343
0 0.4875 0.363889 0.0208333 0.101852 0.275685
13 0.310937 0.785185 0.305208 0.403704 0.275734
0 0.281771 0.361111 0.0302083 0.137037 0.279496
0 0.488021 0.362963 0.0197917 0.1 0.279732
0 0.433854 0.360185 0.040625 0.112963 0.280537
0 0.0479167 0.362037 0.025 0.109259 0.287018
0 0.207292 0.365741 0.0229167 0.127778 0.292769
13 0.301562 0.787963 0.294792 0.405556 0.30053
0 0.791667 0.559259 0.129167 0.57037 0.302707
24 0.944792 0.501852 0.0833333 0.222222 0.302757
13 0.302083 0.787963 0.29375 0.405556 0.304166
0 0.415104 0.361111 0.0260417 0.12963 0.308669
24 0.956771 0.49537 0.0760417 0.209259 0.315358
13 0.302083 0.787963 0.295833 0.405556 0.317229
13 0.311979 0.786111 0.301042 0.409259 0.317963
0 0.916667 0.568519 0.125 0.596296 0.319253
24 0.956771 0.49537 0.0760417 0.209259 0.319352
24 0.959896 0.508333 0.071875 0.224074 0.320274
24 0.960417 0.508333 0.0708333 0.224074 0.323115
24 0.956771 0.49537 0.0760417 0.209259 0.324267
0 0.486458 0.362963 0.0208333 0.111111 0.326152
13 0.311458 0.787037 0.302083 0.407407 0.328689
13 0.311979 0.787037 0.301042 0.407407 0.329149
24 0.944792 0.501852 0.0833333 0.237037 0.32963
0 0.792188 0.572222 0.121875 0.57037 0.332675
24 0.960417 0.507407 0.0708333 0.225926 0.333991
24 0.944792 0.499074 0.0833333 0.231481 0.338095
0 0.443229 0.359259 0.0197917 0.1 0.353308
0 0.793229 0.574074 0.121875 0.585185 0.358125
0 0.378646 0.358333 0.0197917 0.116667 0.36225
0 0.466667 0.385185 0.025 0.137037 0.365866
0 0.414583 0.361111 0.025 0.12963 0.369342
24 0.953125 0.494444 0.0791667 0.214815 0.371485
0 0.486979 0.371296 0.021875 0.12037 0.376531
0 0.466146 0.37963 0.0302083 0.148148 0.379706
0 0.489062 0.358333 0.0197917 0.105556 0.381314
0 0.486458 0.369444 0.0208333 0.116667 0.383711
0 0.443229 0.359259 0.0197917 0.103704 0.384337
0 0.126042 0.372222 0.0270833 0.122222 0.385014
0 0.378125 0.358333 0.0208333 0.112963 0.387056
24 0.942187 0.490741 0.0822917 0.218519 0.388116
0 0.377083 0.361111 0.0229167 0.118519 0.389348
24 0.942187 0.489815 0.0802083 0.216667 0.391238
0 0.413021 0.359259 0.0260417 0.12963 0.398145
0 0.378125 0.357407 0.0208333 0.114815 0.405719
0 0.4875 0.362037 0.0208333 0.109259 0.408495
0 0.443229 0.359259 0.0197917 0.1 0.410646
24 0.945833 0.487037 0.0833333 0.218519 0.411391
0 0.466146 0.37963 0.0302083 0.144444 0.414274
24 0.942708 0.489815 0.08125 0.216667 0.419833
24 0.953646 0.493519 0.0760417 0.212963 0.427594
0 0.916667 0.568519 0.125 0.596296 0.428549
0 0.466146 0.37963 0.0322917 0.144444 0.434299
0 0.465104 0.381481 0.0302083 0.148148 0.438354
0 0.488021 0.358333 0.021875 0.101852 0.449836
0 0.0494792 0.363889 0.0239583 0.105556 0.451984
0 0.283333 0.362963 0.0291667 0.148148 0.454896
0 0.916667 0.574074 0.125 0.555556 0.455239
0 0.4875 0.362037 0.0208333 0.109259 0.457756
0 0.282813 0.361111 0.028125 0.148148 0.45838
0 0.05 0.363889 0.0229167 0.105556 0.45948
0 0.464583 0.381481 0.0291667 0.148148 0.460106
0 0.0479167 0.362963 0.025 0.103704 0.466947
24 0.944271 0.490741 0.0822917 0.214815 0.466952
0 0.0479167 0.364815 0.0229167 0.103704 0.473167
0 0.4875 0.362037 0.0208333 0.109259 0.474335
0 0.05 0.363889 0.0229167 0.105556 0.475389
0 0.05 0.363889 0.0229167 0.105556 0.477483
0 0.415625 0.361111 0.0229167 0.125926 0.48122
0 0.916667 0.575 0.125 0.561111 0.489961
0 0.444271 0.356481 0.0197917 0.101852 0.490915
0 0.415104 0.360185 0.021875 0.124074 0.493821
0 0.0479167 0.362963 0.025 0.107407 0.495348
0 0.442708 0.356481 0.0166667 0.112963 0.49694
0 0.488021 0.358333 0.021875 0.101852 0.497792
0 0.125521 0.372222 0.0260417 0.122222 0.49989
0 0.488021 0.358333 0.021875 0.101852 0.501962
0 0.0473958 0.362963 0.0239583 0.107407 0.5049
0 0.413021 0.359259 0.0239583 0.133333 0.51151
0 0.468229 0.381481 0.0302083 0.151852 0.513954
0 0.413021 0.359259 0.0239583 0.133333 0.515673
0 0.415625 0.360185 0.0229167 0.124074 0.515907
0 0.441146 0.359259 0.0197917 0.103704 0.517459
0 0.442187 0.357407 0.0177083 0.111111 0.519838
0 0.0479167 0.362963 0.0229167 0.107407 0.520289
0 0.0484375 0.362963 0.0239583 0.103704 0.521268
0 0.4875 0.358333 0.0208333 0.105556 0.527907
0 0.441667 0.358333 0.0208333 0.105556 0.529094
0 0.441667 0.358333 0.0208333 0.105556 0.531977
0 0.442708 0.356481 0.0166667 0.112963 0.533852
0 0.0489583 0.363889 0.0229167 0.105556 0.535212
0 0.468229 0.381481 0.0302083 0.151852 0.540643
0 0.0489583 0.363889 0.0229167 0.105556 0.542196
0 0.468229 0.380556 0.0302083 0.153704 0.557369
0 0.415104 0.359259 0.021875 0.125926 0.566492
0 0.126563 0.37037 0.0260417 0.122222 0.568701
0 0.415104 0.360185 0.0239583 0.127778 0.569406
0 0.378646 0.363889 0.021875 0.12037 0.573049
0 0.125521 0.372222 0.0260417 0.122222 0.582136
0 0.126563 0.371296 0.0260417 0.12037 0.584121
0 0.466667 0.384259 0.0270833 0.146296 0.58502
0 0.126042 0.371296 0.025 0.116667 0.590176
0 0.466667 0.384259 0.0270833 0.146296 0.594273
0 0.282292 0.363889 0.03125 0.146296 0.596916
0 0.282292 0.363889 0.03125 0.146296 0.600086
0 0.126042 0.373148 0.0270833 0.124074 0.60198
0 0.281771 0.362963 0.0302083 0.144444 0.602983
0 0.378125 0.362963 0.0208333 0.118519 0.617425
0 0.378646 0.362963 0.021875 0.122222 0.618461
0 0.566667 0.381481 0.0395833 0.207407 0.627397
0 0.378646 0.362963 0.021875 0.118519 0.637223
0 0.566146 0.380556 0.040625 0.209259 0.639035
0 0.378646 0.362963 0.021875 0.122222 0.63961
0 0.466146 0.383333 0.028125 0.148148 0.641227
0 0.378646 0.362963 0.021875 0.122222 0.644939
0 0.91875 0.567593 0.13125 0.57963 0.648728
0 0.125521 0.372222 0.0260417 0.122222 0.653269
0 0.378646 0.363889 0.021875 0.12037 0.653487
0 0.378646 0.363889 0.021875 0.12037 0.658142
0 0.415104 0.359259 0.021875 0.125926 0.660405
0 0.415104 0.359259 0.021875 0.125926 0.660535
0 0.282292 0.362963 0.03125 0.148148 0.670024
0 0.126042 0.372222 0.025 0.122222 0.674378
0 0.282292 0.362963 0.03125 0.144444 0.67868
0 0.125521 0.373148 0.0260417 0.124074 0.683136
0 0.918229 0.567593 0.130208 0.57963 0.689421
0 0.281771 0.361111 0.0302083 0.148148 0.690113
0 0.466146 0.383333 0.028125 0.148148 0.6947
0 0.466146 0.383333 0.028125 0.148148 0.697469
0 0.281771 0.361111 0.0302083 0.144444 0.701264
0 0.415104 0.361111 0.0239583 0.12963 0.701524
0 0.467187 0.385185 0.0260417 0.144444 0.714903
0 0.281771 0.365741 0.0322917 0.142593 0.715845
0 0.467187 0.384259 0.0260417 0.142593 0.716474
0 0.281771 0.365741 0.0322917 0.142593 0.720282
0 0.282292 0.364815 0.03125 0.144444 0.724735
0 0.282292 0.364815 0.03125 0.144444 0.7339
0 0.565625 0.380556 0.0395833 0.201852 0.736296
0 0.566146 0.381481 0.0385417 0.203704 0.739526
0 0.281771 0.364815 0.0322917 0.144444 0.740058
0 0.125521 0.373148 0.0260417 0.12037 0.741164
0 0.282292 0.363889 0.03125 0.146296 0.749258
0 0.126042 0.372222 0.025 0.118519 0.752023
0 0.794792 0.57037 0.125 0.577778 0.757249
0 0.126042 0.372222 0.025 0.118519 0.766323
0 0.915104 0.571296 0.121875 0.594444 0.77322
0 0.915104 0.57037 0.126042 0.603704 0.777014
0 0.125521 0.373148 0.0260417 0.124074 0.779537
0 0.126042 0.372222 0.025 0.118519 0.784033
0 0.79375 0.568519 0.127083 0.566667 0.794406
0 0.914583 0.572222 0.122917 0.596296 0.796824
0 0.125521 0.37037 0.0260417 0.122222 0.801908
0 0.125521 0.37037 0.0260417 0.122222 0.803374
0 0.915104 0.57037 0.126042 0.603704 0.808623
0 0.79375 0.568519 0.127083 0.577778 0.812063
0 0.125521 0.37037 0.0260417 0.122222 0.816218
0 0.566146 0.381481 0.0385417 0.203704 0.82578
0 0.566146 0.382407 0.0385417 0.205556 0.839809
0 0.566146 0.382407 0.0385417 0.205556 0.840375
0 0.91875 0.565741 0.125 0.583333 0.841113
0 0.567187 0.383333 0.0385417 0.207407 0.846941
0 0.566146 0.382407 0.0385417 0.205556 0.847481
0 0.566667 0.383333 0.0395833 0.207407 0.847618
0 0.794792 0.569444 0.125 0.575926 0.848406
0 0.566667 0.383333 0.0395833 0.207407 0.85251
0 0.793229 0.571296 0.126042 0.575926 0.855955
0 0.566146 0.383333 0.0385417 0.207407 0.857469
0 0.91875 0.562963 0.125 0.577778 0.859413
0 0.793229 0.571296 0.126042 0.575926 0.859479
0 0.566146 0.383333 0.0385417 0.207407 0.867363
0 0.566667 0.381481 0.0395833 0.203704 0.887067
0 0.79375 0.571296 0.125 0.568519 0.888662
0 0.566667 0.381481 0.0395833 0.207407 0.89165
0 0.79375 0.571296 0.125 0.568519 0.900201
0 0.794792 0.566667 0.122917 0.57037 0.909808
0 0.794792 0.566667 0.122917 0.57037 0.915656
