0 0.226042 0.398148 0.01875 0.062963 0.251032
13 0.218229 0.469444 0.0572917 0.0759259 0.252945
0 0.225 0.398148 0.01875 0.062963 0.25427
13 0.218229 0.469444 0.0572917 0.0759259 0.256549
0 0.442708 0.418519 0.01875 0.111111 0.257235
0 0.173438 0.413889 0.0197917 0.0796296 0.257352
13 0.288542 0.477778 0.0875 0.0740741 0.257489
0 0.654167 0.42963 0.0229167 0.111111 0.258776
0 0.442187 0.418519 0.0177083 0.107407 0.26107
0 0.290104 0.405556 0.015625 0.062963 0.262746
0 0.969792 0.608333 0.0604167 0.494444 0.265376
0 0.967708 0.60463 0.0645833 0.472222 0.267828
74 0.4 0.0685185 0.04375 0.137037 0.268186
0 0.969792 0.609259 0.0604167 0.492593 0.268369
13 0.288542 0.478704 0.0854167 0.0722222 0.269636
13 0.288021 0.474074 0.0864583 0.0740741 0.270168
0 0.442187 0.419444 0.0177083 0.109259 0.273148
74 0.400521 0.0675926 0.0427083 0.135185 0.279547
74 0.400521 0.0675926 0.0427083 0.135185 0.279572
0 0.402604 0.412037 0.015625 0.087037 0.280719
13 0.43125 0.630556 0.166667 0.112963 0.282509
0 0.970833 0.659259 0.0583333 0.618519 0.283965
13 0.291146 0.475 0.0947917 0.0722222 0.284175
74 0.400521 0.0675926 0.040625 0.131481 0.284312
13 0.290625 0.475 0.0916667 0.0722222 0.289058
13 0.28125 0.474074 0.0770833 0.0851852 0.289917
0 0.442187 0.410185 0.0177083 0.101852 0.292716
0 0.969271 0.677778 0.0614583 0.644444 0.29454
0 0.319271 0.401852 0.0135417 0.0592593 0.298512
13 0.284896 0.475926 0.084375 0.0777778 0.301891
0 0.176042 0.409259 0.01875 0.0888889 0.303158
13 0.28125 0.475 0.0770833 0.087037 0.303169
0 0.365625 0.415741 0.0166667 0.101852 0.305747
13 0.288542 0.475 0.0833333 0.0759259 0.306062
0 0.319271 0.401852 0.0135417 0.0592593 0.309573
74 0.399479 0.0694444 0.0447917 0.138889 0.312962
74 0.399479 0.0685185 0.0447917 0.137037 0.313586
0 0.96875 0.681481 0.0625 0.637037 0.313994
0 0.394792 0.419444 0.03125 0.109259 0.315487
0 0.39375 0.417593 0.0291667 0.109259 0.319096
0 0.971354 0.659259 0.0572917 0.611111 0.319599
13 0.284896 0.475926 0.084375 0.0777778 0.321472
0 0.31875 0.398148 0.0145833 0.0666667 0.3259
13 0.376563 0.588889 0.180208 0.107407 0.325954
0 0.970312 0.683333 0.059375 0.625926 0.326982
13 0.365625 0.578704 0.158333 0.0907407 0.329028
0 0.366146 0.415741 0.0177083 0.101852 0.329191
0 0.402083 0.412037 0.0166667 0.087037 0.330262
0 0.177604 0.408333 0.0177083 0.0907407 0.334356
0 0.970312 0.59537 0.059375 0.464815 0.335602
0 0.394792 0.419444 0.0291667 0.109259 0.336039
0 0.402604 0.412037 0.015625 0.087037 0.337493
0 0.177604 0.408333 0.0177083 0.0944444 0.339756
13 0.284375 0.472222 0.08125 0.0814815 0.341592
0 0.453646 0.44537 0.0364583 0.161111 0.343964
0 0.968229 0.643519 0.0635417 0.564815 0.34474
0 0.365625 0.415741 0.0166667 0.101852 0.34629
0 0.176042 0.412037 0.01875 0.087037 0.351583
0 0.177604 0.408333 0.0177083 0.0944444 0.356719
0 0.176042 0.412037 0.01875 0.087037 0.360839
0 0.453646 0.444444 0.0364583 0.159259 0.366952
13 0.284375 0.472222 0.0833333 0.0814815 0.367248
0 0.394792 0.419444 0.0291667 0.109259 0.379782
0 0.176042 0.412037 0.01875 0.087037 0.385021
0 0.39375 0.418519 0.0270833 0.107407 0.392843
0 0.394792 0.418519 0.0291667 0.111111 0.395651
0 0.394792 0.417593 0.0291667 0.105556 0.407522
0 0.392708 0.418519 0.03125 0.107407 0.41164
0 0.967708 0.611111 0.0645833 0.496296 0.417398
0 0.653125 0.430556 0.0208333 0.116667 0.43843
0 0.653125 0.430556 0.0208333 0.12037 0.439845
74 0.4 0.0666667 0.0416667 0.133333 0.444264
0 0.967188 0.610185 0.065625 0.501852 0.445793
0 0.394792 0.417593 0.0291667 0.109259 0.44611
74 0.4 0.0675926 0.0416667 0.135185 0.453208
0 0.394792 0.417593 0.0291667 0.109259 0.454396
0 0.967188 0.674074 0.065625 0.640741 0.458157
0 0.653125 0.430556 0.0208333 0.116667 0.458958
13 0.286979 0.474074 0.0885417 0.0814815 0.462177
0 0.366146 0.42037 0.0177083 0.107407 0.463258
0 0.652083 0.431481 0.0208333 0.114815 0.465198
0 0.401563 0.414815 0.0177083 0.0925926 0.47
13 0.288021 0.475 0.0885417 0.0833333 0.474886
0 0.652083 0.432407 0.0208333 0.112963 0.475048
0 0.652083 0.432407 0.0208333 0.112963 0.475187
0 0.457812 0.448148 0.0322917 0.159259 0.479496
0 0.457812 0.448148 0.034375 0.155556 0.481106
13 0.288542 0.475 0.0875 0.087037 0.481657
0 0.366667 0.421296 0.0166667 0.109259 0.48455
13 0.288542 0.473148 0.0875 0.0796296 0.487432
0 0.967708 0.681481 0.0645833 0.637037 0.494855
0 0.366146 0.42037 0.0177083 0.107407 0.507224
13 0.288542 0.473148 0.0875 0.0796296 0.509685
0 0.396354 0.418519 0.0260417 0.107407 0.51868
0 0.365625 0.421296 0.0166667 0.101852 0.519001
0 0.401563 0.414815 0.0177083 0.0962963 0.519399
0 0.401563 0.414815 0.0177083 0.0962963 0.525708
0 0.390625 0.418519 0.0208333 0.107407 0.532367
0 0.652604 0.431481 0.021875 0.114815 0.53779
0 0.969271 0.661111 0.0614583 0.6 0.540403
0 0.458854 0.447222 0.0364583 0.153704 0.55137
0 0.365625 0.421296 0.0166667 0.105556 0.553747
0 0.365625 0.421296 0.0166667 0.105556 0.554206
0 0.653125 0.432407 0.0208333 0.112963 0.560353
0 0.391146 0.419444 0.0197917 0.109259 0.56187
0 0.390625 0.419444 0.0208333 0.109259 0.564759
0 0.458333 0.447222 0.0354167 0.153704 0.570181
0 0.393229 0.417593 0.0302083 0.109259 0.572041
0 0.96875 0.676852 0.0625 0.624074 0.572449
0 0.39375 0.418519 0.0270833 0.107407 0.594538
0 0.393229 0.417593 0.0302083 0.109259 0.602002
0 0.393229 0.417593 0.0302083 0.109259 0.606282
0 0.969271 0.664815 0.0614583 0.603704 0.622052
0 0.454688 0.444444 0.0385417 0.166667 0.626876
0 0.366146 0.42037 0.0177083 0.107407 0.637969
0 0.969271 0.675926 0.0614583 0.644444 0.643829
0 0.366146 0.418519 0.0177083 0.111111 0.64492
0 0.455729 0.443519 0.0385417 0.168519 0.660938
0 0.45625 0.446296 0.0375 0.162963 0.674474
0 0.455729 0.444444 0.0385417 0.166667 0.674707
0 0.45625 0.446296 0.0375 0.162963 0.709266
0 0.45625 0.446296 0.0375 0.162963 0.732885
0 0.457292 0.448148 0.0375 0.159259 0.73503
0 0.457292 0.448148 0.0375 0.159259 0.739078
0 0.456771 0.44537 0.0364583 0.157407 0.741114
0 0.456771 0.444444 0.0364583 0.159259 0.747095
0 0.457292 0.447222 0.0375 0.161111 0.748902
0 0.969271 0.67963 0.0614583 0.637037 0.76396
