0 0.565104 0.351852 0.015625 0.0666667 0.252868
0 0.535937 0.393519 0.0302083 0.112963 0.258496
0 0.0375 0.368519 0.0229167 0.0925926 0.261057
0 0.0375 0.367593 0.0229167 0.0944444 0.266108
0 0.0375 0.367593 0.0229167 0.0944444 0.266673
0 0.0364583 0.375 0.025 0.109259 0.267765
0 0.0390625 0.372222 0.0239583 0.107407 0.273472
0 0.417188 0.377778 0.0322917 0.166667 0.281858
0 0.417708 0.377778 0.03125 0.166667 0.288844
0 0.534375 0.392593 0.0333333 0.111111 0.293725
0 0.621354 0.373148 0.0239583 0.112963 0.296581
0 0.535937 0.393519 0.0302083 0.112963 0.29701
0 0.535937 0.394444 0.0302083 0.111111 0.298571
0 0.721354 0.380556 0.028125 0.168519 0.302286
0 0.534896 0.388889 0.0260417 0.114815 0.304491
0 0.721354 0.37963 0.028125 0.166667 0.305638
0 0.565625 0.353704 0.0166667 0.0666667 0.306208
0 0.511458 0.390741 0.0333333 0.111111 0.311371
0 0.0359375 0.371296 0.021875 0.0981481 0.317745
0 0.533854 0.392593 0.0302083 0.111111 0.320087
0 0.621354 0.374074 0.0239583 0.118519 0.322188
0 0.534896 0.389815 0.0260417 0.112963 0.325666
0 0.565104 0.352778 0.015625 0.0685185 0.32608
0 0.564583 0.35463 0.0166667 0.0685185 0.326156
0 0.621354 0.373148 0.0239583 0.12037 0.326161
0 0.511458 0.391667 0.0333333 0.112963 0.327862
0 0.534896 0.392593 0.0322917 0.111111 0.330236
0 0.509896 0.386111 0.028125 0.116667 0.331297
0 0.534896 0.390741 0.0260417 0.111111 0.334998
0 0.976042 0.55 0.0479167 0.62963 0.33827
0 0.510417 0.383333 0.03125 0.118519 0.338578
0 0.564583 0.35463 0.0166667 0.0648148 0.340793
0 0.0369792 0.371296 0.021875 0.101852 0.344813
0 0.0359375 0.371296 0.021875 0.101852 0.345673
0 0.510938 0.391667 0.034375 0.112963 0.347236
0 0.535417 0.392593 0.03125 0.111111 0.353728
0 0.510938 0.383333 0.0322917 0.118519 0.354033
0 0.511979 0.386111 0.0322917 0.116667 0.359232
0 0.565104 0.353704 0.015625 0.0666667 0.360409
0 0.622917 0.378704 0.0270833 0.124074 0.361225
0 0.510417 0.383333 0.03125 0.118519 0.361453
0 0.533854 0.393519 0.0302083 0.109259 0.361729
0 0.533854 0.393519 0.0302083 0.109259 0.363126
0 0.00885417 0.373148 0.0177083 0.0981481 0.37024
0 0.621875 0.378704 0.0270833 0.124074 0.371106
0 0.511979 0.387037 0.0322917 0.114815 0.382368
0 0.508854 0.386111 0.028125 0.116667 0.382823
0 0.511979 0.387037 0.0322917 0.114815 0.391307
0 0.513021 0.388889 0.034375 0.114815 0.392299
0 0.00885417 0.373148 0.0177083 0.101852 0.395882
0 0.5125 0.388889 0.0354167 0.114815 0.396516
0 0.509896 0.389815 0.0302083 0.112963 0.398523
0 0.00885417 0.373148 0.0177083 0.101852 0.399807
0 0.509896 0.386111 0.028125 0.116667 0.413543
0 0.565104 0.352778 0.015625 0.0685185 0.414112
0 0.419271 0.382407 0.0302083 0.161111 0.417323
0 0.461458 0.387963 0.0270833 0.142593 0.417627
0 0.419792 0.382407 0.0291667 0.161111 0.417642
0 0.461979 0.387037 0.0260417 0.144444 0.420071
0 0.509896 0.388889 0.0302083 0.111111 0.421215
0 0.565104 0.352778 0.015625 0.0685185 0.424562
0 0.509896 0.388889 0.0302083 0.111111 0.42852
0 0.419271 0.383333 0.0302083 0.159259 0.440705
0 0.978125 0.535185 0.0416667 0.603704 0.452845
0 0.5125 0.387963 0.0354167 0.116667 0.453053
0 0.00885417 0.378704 0.0177083 0.101852 0.455144
0 0.420312 0.382407 0.0302083 0.168519 0.4552
0 0.510417 0.383333 0.0291667 0.114815 0.457017
0 0.00885417 0.377778 0.0177083 0.1 0.459953
0 0.460417 0.391667 0.0270833 0.15 0.460679
0 0.420312 0.382407 0.0302083 0.168519 0.461419
0 0.621875 0.37963 0.0270833 0.125926 0.463049
0 0.978646 0.537963 0.0427083 0.601852 0.46848
0 0.00885417 0.378704 0.0177083 0.101852 0.471435
0 0.509896 0.384259 0.0302083 0.112963 0.477042
0 0.509896 0.384259 0.0302083 0.112963 0.487356
0 0.622396 0.377778 0.0260417 0.125926 0.48882
0 0.623438 0.378704 0.0260417 0.124074 0.489549
0 0.978125 0.559259 0.04375 0.596296 0.504443
0 0.977083 0.563889 0.0458333 0.583333 0.50569
0 0.009375 0.376852 0.01875 0.109259 0.507677
0 0.977083 0.563889 0.0458333 0.575926 0.512366
0 0.621354 0.380556 0.0239583 0.124074 0.512979
0 0.460417 0.391667 0.0270833 0.15 0.515955
0 0.621354 0.381481 0.0239583 0.125926 0.516506
0 0.977604 0.559259 0.0447917 0.592593 0.517724
0 0.621354 0.380556 0.0239583 0.124074 0.518264
0 0.009375 0.377778 0.0166667 0.107407 0.529502
0 0.00885417 0.375926 0.0177083 0.1 0.542924
0 0.621875 0.37963 0.025 0.125926 0.565847
0 0.00885417 0.375926 0.0177083 0.1 0.575646
0 0.978646 0.538889 0.0427083 0.603704 0.578516
0 0.978646 0.542593 0.0427083 0.607407 0.583277
0 0.00885417 0.375926 0.0177083 0.1 0.583528
0 0.460938 0.391667 0.0260417 0.15 0.593712
0 0.721354 0.381481 0.0322917 0.159259 0.598153
0 0.460938 0.391667 0.0260417 0.146296 0.602069
0 0.0369792 0.374074 0.021875 0.103704 0.611805
0 0.0369792 0.375 0.021875 0.105556 0.615899
0 0.0369792 0.375 0.021875 0.105556 0.620416
0 0.460938 0.391667 0.0260417 0.15 0.624048
0 0.722917 0.377778 0.03125 0.159259 0.625287
0 0.723437 0.376852 0.0302083 0.157407 0.633226
0 0.460938 0.390741 0.028125 0.148148 0.638781
0 0.419792 0.382407 0.0333333 0.164815 0.639207
0 0.0369792 0.375 0.021875 0.105556 0.642679
0 0.0369792 0.375926 0.021875 0.107407 0.646792
0 0.721354 0.380556 0.0322917 0.161111 0.651418
0 0.0369792 0.375 0.021875 0.109259 0.665209
0 0.41875 0.382407 0.0333333 0.164815 0.666057
0 0.0375 0.375926 0.0229167 0.107407 0.673428
0 0.722396 0.381481 0.0302083 0.159259 0.687227
0 0.721354 0.381481 0.0322917 0.159259 0.698505
0 0.722396 0.381481 0.0322917 0.159259 0.699573
0 0.460417 0.390741 0.0270833 0.148148 0.700945
0 0.0364583 0.375 0.0229167 0.109259 0.701964
0 0.41875 0.382407 0.0333333 0.164815 0.702756
0 0.722917 0.381481 0.03125 0.159259 0.704411
0 0.419792 0.383333 0.0291667 0.166667 0.710836
0 0.419792 0.383333 0.0291667 0.162963 0.718753
0 0.459896 0.389815 0.0260417 0.153704 0.726044
0 0.722917 0.381481 0.03125 0.159259 0.728735
0 0.721875 0.381481 0.03125 0.159259 0.734466
0 0.460938 0.390741 0.0260417 0.148148 0.73665
0 0.459896 0.389815 0.0260417 0.15 0.738916
0 0.460417 0.390741 0.0270833 0.144444 0.75622
0 0.722917 0.381481 0.03125 0.159259 0.759042
0 0.460417 0.389815 0.0270833 0.146296 0.759621
0 0.621875 0.380556 0.025 0.124074 0.768945
0 0.622396 0.380556 0.0239583 0.124074 0.769338
0 0.41875 0.382407 0.03125 0.168519 0.769743
0 0.41875 0.382407 0.03125 0.168519 0.773187
0 0.722917 0.377778 0.0291667 0.155556 0.773533
0 0.622396 0.378704 0.0239583 0.124074 0.777695
0 0.722917 0.376852 0.0291667 0.157407 0.783536
0 0.622396 0.37963 0.0239583 0.122222 0.788996
0 0.41875 0.382407 0.03125 0.168519 0.790025
0 0.621875 0.378704 0.025 0.124074 0.813225
0 0.621875 0.37963 0.0229167 0.125926 0.819688
0 0.621875 0.380556 0.025 0.124074 0.824579
0 0.621875 0.380556 0.0229167 0.127778 0.825028
0 0.419271 0.382407 0.0322917 0.164815 0.826455
0 0.419271 0.381481 0.0322917 0.166667 0.828259
0 0.621354 0.380556 0.0239583 0.127778 0.841402
