0 0.370313 0.322222 0.021875 0.0814815 0.254251
0 0.473437 0.348148 0.0239583 0.111111 0.254578
13 0.421875 0.532407 0.0666667 0.161111 0.254716
13 0.421354 0.531482 0.0677083 0.159259 0.254957
0 0.570312 0.333333 0.0135417 0.0777778 0.255567
0 0.514063 0.342593 0.0177083 0.103704 0.257142
0 0.516146 0.334259 0.0177083 0.087037 0.257589
0 0.648438 0.374074 0.0447917 0.222222 0.263633
0 0.370313 0.340741 0.0135417 0.0555556 0.264276
0 0.370833 0.334259 0.0166667 0.0722222 0.268266
0 0.570312 0.333333 0.0135417 0.0777778 0.270577
13 0.422917 0.533333 0.06875 0.151852 0.27119
0 0.570833 0.331481 0.0145833 0.0814815 0.272084
0 0.570833 0.331481 0.0145833 0.0814815 0.288243
0 0.514583 0.333333 0.01875 0.0740741 0.288882
0 0.370833 0.334259 0.0166667 0.0722222 0.29941
0 0.329688 0.347222 0.0197917 0.0796296 0.304095
0 0.514583 0.333333 0.01875 0.0777778 0.309135
0 0.500521 0.365741 0.0302083 0.146296 0.314631
0 0.329688 0.347222 0.0197917 0.0796296 0.314637
0 0.496875 0.367593 0.025 0.135185 0.317666
0 0.0921875 0.375 0.028125 0.131481 0.318635
0 0.514583 0.333333 0.01875 0.0740741 0.330645
0 0.504167 0.361111 0.0354167 0.148148 0.336673
0 0.503646 0.361111 0.0364583 0.148148 0.338065
0 0.329688 0.347222 0.0197917 0.0796296 0.338557
0 0.09375 0.372222 0.03125 0.12963 0.360949
0 0.498958 0.366667 0.0291667 0.140741 0.365082
0 0.09375 0.372222 0.03125 0.12963 0.366635
0 0.330208 0.346296 0.01875 0.0740741 0.370977
0 0.498958 0.366667 0.0291667 0.140741 0.378652
0 0.498958 0.360185 0.0333333 0.153704 0.404638
0 0.499479 0.360185 0.034375 0.153704 0.410049
0 0.641667 0.376852 0.0520833 0.212963 0.41096
0 0.641146 0.375926 0.053125 0.214815 0.410971
0 0.0286458 0.384259 0.0510417 0.15 0.41643
0 0.641667 0.375 0.05 0.205556 0.418469
0 0.450521 0.361111 0.028125 0.137037 0.421769
0 0.0921875 0.375 0.028125 0.135185 0.424204
0 0.496875 0.362963 0.03125 0.148148 0.425965
0 0.642187 0.376852 0.053125 0.212963 0.427034
0 0.498437 0.361111 0.034375 0.151852 0.432486
0 0.0921875 0.375 0.028125 0.135185 0.432668
0 0.497917 0.362963 0.03125 0.148148 0.433391
0 0.028125 0.380556 0.0479167 0.161111 0.440211
0 0.450521 0.363889 0.0302083 0.146296 0.46232
0 0.450521 0.363889 0.0302083 0.146296 0.462421
0 0.028125 0.37963 0.0458333 0.159259 0.463617
0 0.09375 0.375 0.03125 0.131481 0.465693
0 0.028125 0.385185 0.05 0.151852 0.471257
0 0.0270833 0.384259 0.05 0.157407 0.478229
0 0.028125 0.385185 0.05 0.148148 0.483724
0 0.028125 0.37963 0.04375 0.151852 0.487317
0 0.497396 0.362963 0.0302083 0.148148 0.487615
0 0.449479 0.363889 0.0302083 0.142593 0.490134
0 0.449479 0.362963 0.0302083 0.144444 0.490495
0 0.496875 0.363889 0.0291667 0.146296 0.498951
0 0.028125 0.378704 0.04375 0.153704 0.503071
0 0.641667 0.375 0.05 0.209259 0.504165
0 0.452604 0.366667 0.0322917 0.144444 0.507967
0 0.0276042 0.384259 0.0510417 0.153704 0.512776
0 0.330208 0.343519 0.0208333 0.0796296 0.518984
0 0.640104 0.375926 0.0510417 0.214815 0.527407
0 0.452604 0.365741 0.0322917 0.142593 0.528256
0 0.449479 0.362037 0.028125 0.135185 0.531188
0 0.0932292 0.373148 0.0302083 0.138889 0.53494
0 0.028125 0.37963 0.04375 0.151852 0.537338
0 0.452604 0.365741 0.0322917 0.146296 0.542798
0 0.640104 0.375 0.0510417 0.212963 0.543914
0 0.496875 0.362963 0.0291667 0.148148 0.544333
0 0.329688 0.343519 0.021875 0.0796296 0.548884
0 0.496354 0.367593 0.0260417 0.142593 0.563451
0 0.496875 0.366667 0.0270833 0.140741 0.570315
0 0.0270833 0.381481 0.0458333 0.151852 0.571101
0 0.0932292 0.373148 0.0302083 0.138889 0.572405
0 0.449479 0.365741 0.0302083 0.142593 0.576317
0 0.0270833 0.381481 0.0458333 0.151852 0.582054
0 0.450521 0.364815 0.0302083 0.144444 0.582432
0 0.330208 0.347222 0.0208333 0.0833333 0.585852
0 0.496354 0.364815 0.028125 0.148148 0.590708
0 0.496875 0.361111 0.0270833 0.151852 0.592817
0 0.641667 0.375926 0.05 0.211111 0.594014
0 0.450521 0.364815 0.0302083 0.144444 0.598431
0 0.0276042 0.381481 0.046875 0.155556 0.599876
0 0.0932292 0.372222 0.0302083 0.137037 0.600335
0 0.496875 0.361111 0.0270833 0.151852 0.603137
0 0.449479 0.364815 0.0302083 0.144444 0.606653
0 0.643229 0.376852 0.0510417 0.212963 0.608688
0 0.0276042 0.381481 0.046875 0.155556 0.61069
0 0.449479 0.365741 0.0302083 0.142593 0.614526
0 0.330208 0.347222 0.0208333 0.0833333 0.618133
0 0.0276042 0.382407 0.046875 0.153704 0.624581
0 0.0932292 0.372222 0.0302083 0.137037 0.62653
0 0.0276042 0.381481 0.046875 0.155556 0.626915
0 0.330208 0.347222 0.0208333 0.0833333 0.627655
0 0.641146 0.375926 0.0489583 0.211111 0.640193
0 0.450521 0.364815 0.0302083 0.144444 0.640394
0 0.642708 0.377778 0.05 0.214815 0.641598
0 0.0932292 0.373148 0.0302083 0.138889 0.648295
0 0.0932292 0.373148 0.0302083 0.138889 0.649363
0 0.0927083 0.372222 0.03125 0.137037 0.650307
0 0.222396 0.423148 0.090625 0.390741 0.651392
0 0.222396 0.424074 0.090625 0.388889 0.653311
0 0.028125 0.381481 0.0479167 0.155556 0.653965
0 0.221875 0.424074 0.0895833 0.388889 0.655131
0 0.642708 0.376852 0.05 0.212963 0.662558
0 0.45 0.364815 0.0291667 0.140741 0.665181
0 0.09375 0.375926 0.03125 0.137037 0.670211
0 0.330208 0.344444 0.0208333 0.0814815 0.672867
0 0.09375 0.375926 0.03125 0.137037 0.673717
0 0.0276042 0.382407 0.046875 0.153704 0.678164
0 0.641146 0.375926 0.0489583 0.211111 0.681617
0 0.330208 0.344444 0.0208333 0.0814815 0.687898
0 0.45 0.364815 0.0291667 0.140741 0.693196
0 0.330208 0.34537 0.0208333 0.0796296 0.69715
0 0.0932292 0.373148 0.0302083 0.138889 0.707062
0 0.0932292 0.371296 0.0302083 0.138889 0.711517
0 0.641146 0.375926 0.0489583 0.211111 0.719954
0 0.45 0.364815 0.0291667 0.140741 0.732485
0 0.45 0.362037 0.0291667 0.142593 0.751069
0 0.220833 0.425 0.0958333 0.394444 0.751558
0 0.45 0.361111 0.0291667 0.140741 0.752584
0 0.221354 0.424074 0.0947917 0.396296 0.768351
0 0.448958 0.362963 0.0291667 0.137037 0.780601
0 0.448958 0.362037 0.0291667 0.138889 0.78944
0 0.642708 0.375 0.0458333 0.212963 0.808359
0 0.642708 0.375 0.0458333 0.216667 0.815845
0 0.222396 0.423148 0.0947917 0.387037 0.857452
0 0.223438 0.424074 0.0947917 0.385185 0.859356
0 0.222396 0.423148 0.0947917 0.387037 0.870592
0 0.223438 0.42037 0.0927083 0.385185 0.882458
0 0.223438 0.42037 0.0927083 0.385185 0.887397
0 0.223438 0.42037 0.0927083 0.385185 0.889941
0 0.223438 0.424074 0.0947917 0.385185 0.894854
0 0.222917 0.422222 0.0916667 0.381481 0.909536
0 0.222396 0.422222 0.090625 0.385185 0.909717
0 0.222917 0.422222 0.0916667 0.381481 0.91279
