0 0.586458 0.322222 0.025 0.140741 0.252257
0 0.425521 0.327778 0.034375 0.185185 0.253794
0 0.025 0.289815 0.01875 0.0907407 0.255487
0 0.452083 0.317593 0.0229167 0.161111 0.25749
0 0.340104 0.285185 0.015625 0.0518519 0.257847
0 0.451562 0.300926 0.021875 0.112963 0.259156
0 0.305208 0.283333 0.0270833 0.0703704 0.259241
0 0.24375 0.289815 0.0479167 0.101852 0.259421
0 0.376563 0.302778 0.015625 0.087037 0.261057
0 0.482292 0.311111 0.0208333 0.133333 0.261635
0 0.377083 0.312037 0.01875 0.109259 0.263693
0 0.261458 0.297222 0.0208333 0.0833333 0.265519
0 0.0244792 0.289815 0.0177083 0.0907407 0.265649
0 0.377083 0.312037 0.01875 0.112963 0.269961
0 0.605208 0.308333 0.0270833 0.112963 0.271239
0 0.452083 0.316667 0.0229167 0.162963 0.272152
0 0.141146 0.342593 0.0385417 0.211111 0.272306
0 0.451562 0.302778 0.021875 0.116667 0.275718
0 0.585938 0.323148 0.0260417 0.142593 0.277653
26 0.878646 0.475926 0.0447917 0.166667 0.278599
0 0.141146 0.343519 0.0385417 0.212963 0.279068
0 0.482292 0.310185 0.0208333 0.135185 0.279203
0 0.304688 0.284259 0.028125 0.0685185 0.281857
0 0.116146 0.312963 0.028125 0.118519 0.282554
0 0.261979 0.297222 0.021875 0.087037 0.282648
0 0.113021 0.312963 0.0239583 0.114815 0.283561
0 0.304688 0.284259 0.028125 0.0685185 0.286059
26 0.878646 0.475926 0.0447917 0.166667 0.287574
0 0.451042 0.301852 0.0229167 0.125926 0.287883
0 0.611458 0.3 0.0208333 0.0888889 0.289326
0 0.480729 0.311111 0.0260417 0.133333 0.290943
0 0.261458 0.297222 0.0208333 0.087037 0.290999
0 0.245833 0.288889 0.04375 0.1 0.292203
26 0.878646 0.475 0.0447917 0.164815 0.292373
0 0.451562 0.301852 0.021875 0.114815 0.292558
0 0.342187 0.283333 0.0177083 0.0518519 0.293635
0 0.376563 0.312037 0.021875 0.12037 0.294323
0 0.480729 0.312963 0.0260417 0.12963 0.296156
0 0.341667 0.283333 0.0166667 0.0518519 0.296446
26 0.878646 0.463889 0.046875 0.183333 0.297915
26 0.878646 0.463889 0.046875 0.183333 0.298875
0 0.377604 0.312963 0.0177083 0.111111 0.299208
0 0.611458 0.3 0.0208333 0.0925926 0.303265
26 0.878646 0.463889 0.046875 0.183333 0.304435
0 0.113021 0.312037 0.0239583 0.116667 0.304566
0 0.611458 0.3 0.0208333 0.0925926 0.31131
0 0.11875 0.341667 0.0333333 0.190741 0.312012
0 0.119271 0.341667 0.0322917 0.187037 0.318086
0 0.113021 0.312037 0.0239583 0.116667 0.318515
0 0.304167 0.291667 0.0270833 0.0722222 0.324744
0 0.480729 0.306481 0.0239583 0.138889 0.33101
0 0.480729 0.311111 0.0260417 0.137037 0.33711
0 0.840625 0.525926 0.125 0.748148 0.337677
0 0.480729 0.305556 0.0239583 0.137037 0.338468
0 0.378125 0.315741 0.0208333 0.12037 0.344864
0 0.304167 0.290741 0.0270833 0.0703704 0.34557
0 0.304167 0.290741 0.0270833 0.0703704 0.346979
0 0.14375 0.341667 0.0354167 0.209259 0.347194
0 0.115625 0.313889 0.0270833 0.127778 0.354283
0 0.116146 0.313889 0.028125 0.127778 0.356851
0 0.14375 0.342593 0.0354167 0.211111 0.361681
0 0.143229 0.336111 0.034375 0.201852 0.362041
0 0.14375 0.335185 0.0354167 0.2 0.363132
0 0.546354 0.309259 0.028125 0.125926 0.368891
0 0.14375 0.341667 0.0354167 0.209259 0.378262
0 0.116146 0.322222 0.028125 0.148148 0.379638
0 0.132292 0.338889 0.0520833 0.196296 0.387689
0 0.451042 0.305556 0.0229167 0.137037 0.388393
0 0.48125 0.310185 0.025 0.135185 0.392351
0 0.377083 0.311111 0.0166667 0.111111 0.397248
0 0.236979 0.282407 0.0322917 0.12037 0.399857
0 0.236458 0.282407 0.03125 0.12037 0.40182
0 0.377604 0.312037 0.0177083 0.112963 0.403082
0 0.451042 0.305556 0.0229167 0.133333 0.406266
0 0.131771 0.338889 0.0510417 0.196296 0.408556
0 0.238542 0.281481 0.03125 0.122222 0.414258
0 0.586979 0.324074 0.0260417 0.137037 0.414924
0 0.545833 0.311111 0.0270833 0.12963 0.4161
0 0.236458 0.281481 0.03125 0.118519 0.416986
0 0.545833 0.311111 0.0270833 0.12963 0.419761
0 0.236979 0.280556 0.0322917 0.124074 0.420421
0 0.238542 0.280556 0.03125 0.124074 0.421076
0 0.0541667 0.315741 0.0270833 0.131481 0.421146
0 0.611979 0.296296 0.021875 0.0925926 0.421168
0 0.377083 0.312037 0.0166667 0.112963 0.423121
0 0.480208 0.312963 0.025 0.12963 0.423804
0 0.480208 0.312037 0.025 0.131481 0.427282
0 0.238542 0.281481 0.03125 0.122222 0.427759
0 0.0541667 0.314815 0.0270833 0.140741 0.428528
0 0.479167 0.310185 0.0270833 0.127778 0.431537
0 0.116146 0.324074 0.028125 0.148148 0.436175
0 0.236979 0.281481 0.0322917 0.122222 0.436784
0 0.131771 0.338889 0.0510417 0.196296 0.437802
0 0.611979 0.296296 0.021875 0.0962963 0.438041
0 0.5875 0.322222 0.025 0.137037 0.44144
0 0.377604 0.314815 0.0197917 0.118519 0.442828
0 0.611979 0.296296 0.021875 0.0962963 0.445353
0 0.116146 0.323148 0.028125 0.146296 0.447531
0 0.588542 0.32037 0.0291667 0.12963 0.451488
0 0.236979 0.281481 0.0322917 0.122222 0.45406
0 0.117188 0.332407 0.0302083 0.164815 0.461591
0 0.0541667 0.313889 0.025 0.138889 0.468564
0 0.479167 0.311111 0.025 0.133333 0.472738
0 0.952604 0.555556 0.0947917 0.733333 0.474219
0 0.304167 0.287963 0.025 0.0722222 0.476932
0 0.479167 0.311111 0.025 0.133333 0.477807
0 0.610417 0.297222 0.0208333 0.0944444 0.478072
0 0.304688 0.289815 0.028125 0.0722222 0.479681
0 0.479167 0.311111 0.0270833 0.133333 0.483052
0 0.304167 0.287963 0.025 0.0722222 0.483132
0 0.304167 0.290741 0.0270833 0.0740741 0.485503
0 0.426562 0.326852 0.0322917 0.183333 0.487261
0 0.0541667 0.316667 0.0270833 0.125926 0.490439
0 0.117708 0.331481 0.0291667 0.162963 0.49138
0 0.543229 0.306481 0.028125 0.131481 0.492408
0 0.0536458 0.315741 0.028125 0.131481 0.492765
0 0.117188 0.333333 0.0302083 0.166667 0.498214
0 0.304167 0.287963 0.025 0.0722222 0.500745
0 0.480208 0.313889 0.0229167 0.127778 0.502985
0 0.5875 0.321296 0.0270833 0.138889 0.506056
0 0.480208 0.313889 0.0229167 0.124074 0.507169
0 0.304688 0.289815 0.028125 0.0722222 0.507337
0 0.426042 0.327778 0.03125 0.185185 0.508163
0 0.0536458 0.316667 0.0260417 0.133333 0.51135
0 0.480208 0.313889 0.0229167 0.127778 0.512702
0 0.588542 0.32037 0.0291667 0.137037 0.527754
0 0.586458 0.323148 0.0270833 0.138889 0.53339
0 0.542188 0.308333 0.028125 0.131481 0.537038
0 0.588021 0.321296 0.028125 0.135185 0.543863
0 0.425521 0.327778 0.0322917 0.185185 0.54415
0 0.0546875 0.315741 0.0260417 0.127778 0.54596
0 0.610417 0.299074 0.01875 0.087037 0.551433
0 0.586458 0.323148 0.0270833 0.138889 0.552518
0 0.543229 0.307407 0.028125 0.137037 0.553063
0 0.115625 0.32963 0.0291667 0.162963 0.556539
0 0.543229 0.307407 0.028125 0.133333 0.557183
0 0.053125 0.315741 0.0270833 0.131481 0.560799
0 0.427083 0.326852 0.0333333 0.17963 0.562083
0 0.115625 0.330556 0.0291667 0.164815 0.566112
0 0.0541667 0.312963 0.0270833 0.125926 0.566485
0 0.0546875 0.316667 0.0260417 0.125926 0.566543
0 0.0541667 0.313889 0.025 0.138889 0.573298
0 0.427083 0.327778 0.0333333 0.177778 0.582379
0 0.5875 0.321296 0.0270833 0.138889 0.583278
0 0.304167 0.291667 0.0270833 0.0722222 0.583892
0 0.834375 0.525926 0.11875 0.707407 0.584809
0 0.610937 0.298148 0.0197917 0.0888889 0.593491
0 0.610937 0.298148 0.0197917 0.0888889 0.596189
0 0.54375 0.308333 0.0291667 0.135185 0.59685
0 0.610417 0.3 0.0208333 0.1 0.599102
0 0.610417 0.299074 0.0208333 0.0944444 0.601228
0 0.542188 0.308333 0.0260417 0.131481 0.60581
0 0.0536458 0.313889 0.0260417 0.127778 0.606
0 0.542708 0.308333 0.0270833 0.131481 0.607476
0 0.0536458 0.313889 0.0260417 0.127778 0.610044
0 0.304688 0.289815 0.0260417 0.0722222 0.611593
0 0.952604 0.561111 0.0947917 0.744444 0.62546
0 0.610417 0.299074 0.0208333 0.0944444 0.636554
0 0.953125 0.560185 0.09375 0.746296 0.637407
0 0.836458 0.532407 0.114583 0.709259 0.643275
0 0.54375 0.308333 0.0291667 0.135185 0.654324
0 0.427083 0.32963 0.0333333 0.185185 0.654972
0 0.610417 0.299074 0.0208333 0.0944444 0.656327
0 0.480729 0.311111 0.0239583 0.133333 0.656767
0 0.304688 0.289815 0.0260417 0.0722222 0.657263
0 0.586979 0.321296 0.0260417 0.138889 0.663335
0 0.427083 0.328704 0.0333333 0.183333 0.665982
0 0.2375 0.283333 0.0333333 0.125926 0.665994
0 0.2375 0.282407 0.0333333 0.124074 0.667832
0 0.0536458 0.314815 0.0260417 0.125926 0.669211
0 0.544271 0.308333 0.028125 0.135185 0.671141
0 0.0536458 0.315741 0.0260417 0.131481 0.671197
0 0.304167 0.288889 0.0270833 0.0703704 0.677473
0 0.2375 0.284259 0.03125 0.127778 0.678283
0 0.834896 0.533333 0.113542 0.737037 0.67954
0 0.2375 0.286111 0.03125 0.124074 0.680195
0 0.427083 0.328704 0.0333333 0.183333 0.680438
0 0.5875 0.322222 0.0270833 0.140741 0.683316
0 0.427083 0.32963 0.0333333 0.185185 0.684791
0 0.304167 0.288889 0.0270833 0.0703704 0.685892
0 0.2375 0.286111 0.03125 0.124074 0.686198
0 0.304688 0.288889 0.0260417 0.0703704 0.69
0 0.0541667 0.315741 0.025 0.131481 0.690059
0 0.2375 0.282407 0.03125 0.124074 0.690293
0 0.427083 0.328704 0.0333333 0.183333 0.690321
0 0.238021 0.283333 0.0322917 0.125926 0.690885
0 0.2375 0.282407 0.03125 0.124074 0.691773
0 0.838542 0.537037 0.116667 0.714815 0.693755
0 0.2375 0.284259 0.03125 0.124074 0.694771
0 0.2375 0.286111 0.03125 0.124074 0.696646
0 0.0541667 0.316667 0.025 0.125926 0.700971
0 0.427083 0.32963 0.0333333 0.185185 0.701787
0 0.543229 0.308333 0.028125 0.135185 0.703612
0 0.5875 0.322222 0.0270833 0.137037 0.704611
0 0.2375 0.284259 0.03125 0.124074 0.705639
0 0.5875 0.322222 0.025 0.140741 0.705827
0 0.427083 0.327778 0.0333333 0.181481 0.70878
0 0.0541667 0.315741 0.025 0.124074 0.712603
0 0.427083 0.328704 0.0333333 0.183333 0.716079
0 0.2375 0.282407 0.03125 0.124074 0.716315
0 0.54375 0.309259 0.0291667 0.133333 0.718594
0 0.836458 0.533333 0.114583 0.707407 0.726744
0 0.480729 0.310185 0.0239583 0.131481 0.736918
0 0.952604 0.561111 0.0947917 0.722222 0.737622
0 0.5875 0.323148 0.0270833 0.138889 0.739903
0 0.5875 0.322222 0.0270833 0.140741 0.742655
0 0.586979 0.323148 0.0260417 0.142593 0.744131
0 0.54375 0.307407 0.0291667 0.137037 0.747879
0 0.543229 0.308333 0.028125 0.135185 0.748085
0 0.543229 0.308333 0.028125 0.135185 0.762784
0 0.427083 0.32963 0.0333333 0.181481 0.77148
0 0.54375 0.307407 0.0291667 0.137037 0.771648
0 0.480208 0.312963 0.0229167 0.12963 0.785616
0 0.427083 0.328704 0.0333333 0.183333 0.786833
0 0.54375 0.307407 0.0291667 0.137037 0.789909
0 0.480729 0.311111 0.0239583 0.133333 0.790837
0 0.480729 0.312037 0.0239583 0.135185 0.793165
0 0.586979 0.322222 0.0260417 0.140741 0.802843
0 0.54375 0.310185 0.0291667 0.135185 0.807202
0 0.54375 0.310185 0.0291667 0.135185 0.80817
0 0.952604 0.557407 0.0947917 0.733333 0.809356
0 0.952604 0.553704 0.0947917 0.744444 0.828431
0 0.838021 0.535185 0.115625 0.714815 0.830161
0 0.952604 0.552778 0.0947917 0.746296 0.847074
0 0.952083 0.55 0.0958333 0.751852 0.876497
0 0.952083 0.549074 0.0958333 0.753704 0.882204
0 0.836979 0.535185 0.115625 0.707407 0.908964
0 0.836979 0.535185 0.115625 0.707407 0.910359
0 0.835417 0.536111 0.11875 0.727778 0.926066
