0 0.153646 0.387963 0.0239583 0.105556 0.250645
0 0.3 0.392593 0.0291667 0.140741 0.250731
13 0.309896 0.485185 0.151042 0.125926 0.251927
26 0.817708 0.548148 0.0416667 0.133333 0.252749
0 0.300521 0.393519 0.028125 0.138889 0.254051
0 0.403125 0.385185 0.0270833 0.140741 0.264864
0 0.0682292 0.382407 0.0260417 0.112963 0.267217
0 0.297917 0.398148 0.03125 0.137037 0.267278
24 0.930729 0.543519 0.0989583 0.305556 0.269736
0 0.515104 0.374074 0.0177083 0.0740741 0.273719
0 0.154167 0.387963 0.0229167 0.109259 0.280597
13 0.299479 0.480556 0.155208 0.153704 0.281784
0 0.154167 0.387037 0.0229167 0.107407 0.286049
24 0.93125 0.543519 0.0979167 0.301852 0.286621
0 0.297396 0.398148 0.0302083 0.137037 0.291043
13 0.309896 0.488889 0.155208 0.140741 0.291885
0 0.434375 0.385185 0.0270833 0.12963 0.292752
0 0.435417 0.387963 0.0270833 0.124074 0.294371
0 0.435937 0.387963 0.0260417 0.124074 0.296508
0 0.515104 0.375 0.0177083 0.0759259 0.300787
0 0.435937 0.387963 0.0260417 0.124074 0.30112
13 0.236458 0.807407 0.254167 0.359259 0.306695
0 0.402083 0.390741 0.0229167 0.125926 0.308411
0 0.515104 0.374074 0.0177083 0.0740741 0.309807
13 0.236979 0.806481 0.253125 0.361111 0.310407
0 0.433854 0.390741 0.0239583 0.125926 0.310735
13 0.236979 0.806481 0.253125 0.357407 0.311378
0 0.402604 0.385185 0.0260417 0.137037 0.312686
0 0.465625 0.385185 0.01875 0.107407 0.316873
13 0.219271 0.799074 0.219792 0.331481 0.320608
0 0.154687 0.391667 0.0260417 0.116667 0.323069
13 0.21875 0.799074 0.220833 0.331481 0.327041
13 0.310417 0.480556 0.158333 0.138889 0.329282
0 0.154687 0.391667 0.0260417 0.112963 0.330034
0 0.402083 0.391667 0.0229167 0.127778 0.331504
0 0.409896 0.387963 0.0385417 0.131481 0.33471
0 0.465625 0.385185 0.01875 0.107407 0.33885
0 0.402083 0.390741 0.0229167 0.12963 0.341254
0 0.154687 0.390741 0.0260417 0.114815 0.347686
26 0.816667 0.538889 0.04375 0.151852 0.357889
26 0.817187 0.538889 0.0447917 0.151852 0.3588
0 0.0692708 0.383333 0.0260417 0.111111 0.360037
0 0.510938 0.381481 0.0260417 0.0888889 0.363293
0 0.465625 0.384259 0.01875 0.105556 0.364529
0 0.0692708 0.383333 0.0260417 0.111111 0.365457
0 0.06875 0.384259 0.0270833 0.112963 0.367984
26 0.816667 0.538889 0.04375 0.151852 0.369747
0 0.515104 0.377778 0.0177083 0.0777778 0.376358
0 0.434375 0.387963 0.0270833 0.124074 0.377536
0 0.297396 0.397222 0.028125 0.131481 0.378388
24 0.936458 0.539815 0.0875 0.253704 0.381074
0 0.907812 0.619444 0.117708 0.62037 0.382425
24 0.935938 0.539815 0.0864583 0.257407 0.385002
0 0.409896 0.388889 0.0385417 0.133333 0.387453
0 0.467708 0.388889 0.0208333 0.122222 0.389152
0 0.907812 0.62037 0.117708 0.611111 0.393712
0 0.403125 0.387963 0.0270833 0.138889 0.401532
0 0.409896 0.387963 0.0385417 0.131481 0.40411
24 0.935938 0.539815 0.0864583 0.257407 0.404749
0 0.435417 0.386111 0.025 0.127778 0.413732
0 0.402083 0.384259 0.025 0.12037 0.41966
0 0.403125 0.385185 0.025 0.137037 0.419916
0 0.515625 0.377778 0.01875 0.0777778 0.421961
0 0.154167 0.392593 0.025 0.114815 0.434292
0 0.515104 0.377778 0.0177083 0.0777778 0.434666
0 0.298438 0.392593 0.028125 0.144444 0.438334
0 0.783333 0.617593 0.108333 0.638889 0.439211
0 0.515104 0.375926 0.0177083 0.0777778 0.443157
0 0.154167 0.393519 0.0229167 0.112963 0.443667
0 0.402604 0.385185 0.0239583 0.125926 0.446977
0 0.298958 0.394444 0.0270833 0.12963 0.450813
0 0.155208 0.391667 0.025 0.109259 0.453955
0 0.298438 0.392593 0.028125 0.144444 0.456894
0 0.402604 0.385185 0.0239583 0.125926 0.459725
0 0.433854 0.387963 0.0260417 0.124074 0.464567
13 0.21875 0.784259 0.214583 0.309259 0.46504
0 0.154687 0.393519 0.021875 0.112963 0.471872
0 0.298958 0.39537 0.0291667 0.135185 0.476957
0 0.154687 0.393519 0.021875 0.112963 0.479288
0 0.402604 0.387963 0.0260417 0.138889 0.480093
0 0.465625 0.381481 0.01875 0.1 0.483661
0 0.466667 0.380556 0.0166667 0.109259 0.484308
0 0.465625 0.380556 0.01875 0.101852 0.487669
0 0.154687 0.390741 0.0260417 0.111111 0.488461
13 0.211458 0.77963 0.210417 0.3 0.489727
24 0.935938 0.531482 0.0864583 0.262963 0.489746
13 0.21875 0.783333 0.214583 0.311111 0.492847
0 0.465625 0.380556 0.01875 0.101852 0.494686
24 0.932813 0.523148 0.0927083 0.25 0.497495
0 0.911979 0.614815 0.123958 0.618519 0.498507
0 0.435937 0.384259 0.0260417 0.124074 0.49942
0 0.299479 0.39537 0.0260417 0.127778 0.500546
0 0.466667 0.380556 0.0166667 0.105556 0.501848
24 0.932813 0.525 0.0927083 0.25 0.503943
24 0.936458 0.530556 0.0854167 0.264815 0.505125
0 0.435937 0.385185 0.0260417 0.122222 0.507464
0 0.435417 0.385185 0.025 0.122222 0.509248
0 0.515625 0.375926 0.01875 0.0777778 0.510105
13 0.211458 0.780556 0.210417 0.301852 0.511122
0 0.298958 0.39537 0.0291667 0.135185 0.512169
0 0.515625 0.375926 0.01875 0.0777778 0.516782
0 0.466667 0.380556 0.0166667 0.109259 0.519646
24 0.932813 0.523148 0.0927083 0.25 0.521368
0 0.299479 0.39537 0.028125 0.131481 0.523394
13 0.216146 0.783333 0.213542 0.307407 0.52731
13 0.216146 0.784259 0.215625 0.309259 0.529262
13 0.215625 0.782407 0.2125 0.309259 0.530968
0 0.783854 0.617593 0.107292 0.638889 0.536781
0 0.298958 0.396296 0.025 0.12963 0.538317
0 0.465104 0.37963 0.0177083 0.107407 0.539786
0 0.515104 0.376852 0.0197917 0.0759259 0.540111
0 0.298958 0.396296 0.025 0.12963 0.54137
0 0.299479 0.39537 0.0260417 0.135185 0.546983
0 0.299479 0.39537 0.0260417 0.135185 0.550511
0 0.515104 0.375 0.0197917 0.0759259 0.552875
0 0.298958 0.39537 0.0270833 0.135185 0.553923
24 0.934896 0.527778 0.090625 0.259259 0.555935
0 0.4875 0.411111 0.03125 0.151852 0.570402
0 0.4875 0.412037 0.03125 0.15 0.571212
0 0.4875 0.409259 0.03125 0.159259 0.578825
24 0.934375 0.52963 0.0895833 0.255556 0.580162
0 0.298958 0.396296 0.0270833 0.133333 0.581358
0 0.903125 0.613889 0.104167 0.601852 0.586409
0 0.4875 0.409259 0.03125 0.159259 0.597988
0 0.488542 0.407407 0.03125 0.151852 0.602278
0 0.903125 0.614815 0.10625 0.6 0.609059
0 0.4875 0.409259 0.0333333 0.151852 0.61342
0 0.488542 0.406481 0.03125 0.153704 0.613483
0 0.603125 0.418519 0.04375 0.22963 0.615943
0 0.603125 0.418519 0.0416667 0.225926 0.617333
0 0.911458 0.614815 0.122917 0.614815 0.617504
0 0.434375 0.387963 0.025 0.124074 0.622081
0 0.486458 0.410185 0.0333333 0.153704 0.622607
0 0.403125 0.387963 0.025 0.138889 0.625023
0 0.4875 0.412037 0.03125 0.153704 0.633706
0 0.298958 0.39537 0.0270833 0.131481 0.634372
0 0.4875 0.412037 0.0291667 0.157407 0.638139
0 0.402604 0.387037 0.0239583 0.12963 0.640605
0 0.402604 0.386111 0.0239583 0.131481 0.643901
0 0.402604 0.386111 0.0239583 0.131481 0.653853
0 0.782812 0.62037 0.105208 0.607407 0.654207
0 0.486458 0.411111 0.0333333 0.155556 0.656919
0 0.433333 0.387037 0.025 0.125926 0.657877
24 0.934896 0.525 0.090625 0.257407 0.660788
24 0.934375 0.525 0.0875 0.257407 0.662823
0 0.402604 0.387963 0.0239583 0.127778 0.671424
0 0.433854 0.387037 0.0239583 0.125926 0.677018
0 0.154687 0.392593 0.0239583 0.114815 0.677605
24 0.934896 0.525 0.0885417 0.257407 0.678447
0 0.433854 0.387963 0.0239583 0.124074 0.685938
0 0.433854 0.386111 0.0239583 0.124074 0.688333
13 0.216146 0.783333 0.213542 0.307407 0.68888
13 0.216146 0.782407 0.215625 0.305556 0.694476
0 0.433854 0.386111 0.0239583 0.124074 0.696294
0 0.433854 0.386111 0.0239583 0.124074 0.698911
13 0.215625 0.782407 0.214583 0.305556 0.700794
0 0.402604 0.387963 0.0239583 0.127778 0.708632
13 0.214062 0.782407 0.211458 0.305556 0.712184
0 0.403125 0.388889 0.0229167 0.12963 0.712428
0 0.155208 0.390741 0.025 0.111111 0.717703
13 0.219271 0.785185 0.219792 0.314815 0.720772
0 0.604167 0.415741 0.0416667 0.22037 0.730914
13 0.217708 0.782407 0.216667 0.309259 0.732361
0 0.604167 0.416667 0.0416667 0.222222 0.734584
13 0.213542 0.782407 0.210417 0.305556 0.739829
0 0.155208 0.391667 0.025 0.112963 0.740629
13 0.217708 0.781482 0.216667 0.311111 0.745168
0 0.783333 0.619444 0.10625 0.601852 0.751473
0 0.154687 0.391667 0.0239583 0.109259 0.759305
0 0.603646 0.416667 0.0427083 0.225926 0.767843
0 0.782812 0.622222 0.105208 0.607407 0.773655
0 0.488021 0.409259 0.0322917 0.148148 0.783458
0 0.154687 0.391667 0.0239583 0.112963 0.783627
0 0.488021 0.410185 0.0322917 0.15 0.784113
0 0.154167 0.392593 0.0229167 0.111111 0.785769
0 0.154687 0.390741 0.0239583 0.114815 0.789731
0 0.603646 0.416667 0.0427083 0.225926 0.790166
0 0.603646 0.417593 0.0427083 0.224074 0.790348
0 0.154687 0.390741 0.0239583 0.114815 0.799623
0 0.488021 0.409259 0.0322917 0.151852 0.801176
0 0.907812 0.612963 0.115625 0.618519 0.803948
0 0.154687 0.390741 0.0239583 0.114815 0.80448
0 0.783333 0.618519 0.10625 0.6 0.812596
0 0.603646 0.416667 0.040625 0.222222 0.812846
0 0.906771 0.613889 0.115625 0.624074 0.81305
0 0.907812 0.612963 0.117708 0.622222 0.818541
0 0.907292 0.613889 0.116667 0.62037 0.824768
0 0.603646 0.417593 0.040625 0.224074 0.83165
0 0.603646 0.416667 0.040625 0.225926 0.844108
0 0.782812 0.617593 0.103125 0.616667 0.844195
0 0.782812 0.622222 0.103125 0.625926 0.848202
0 0.604167 0.417593 0.0416667 0.224074 0.85949
0 0.604167 0.417593 0.0416667 0.224074 0.859545
0 0.604167 0.417593 0.0416667 0.224074 0.86109
0 0.782292 0.617593 0.10625 0.62037 0.871254
0 0.783854 0.623148 0.105208 0.612963 0.876465
0 0.602604 0.417593 0.0427083 0.227778 0.879335
0 0.603125 0.416667 0.0416667 0.225926 0.884155
0 0.783854 0.622222 0.105208 0.611111 0.885621
0 0.782292 0.62037 0.10625 0.618519 0.893761
