0 0.542708 0.39537 0.0479167 0.105556 0.250008
0 0.758333 0.37963 0.0333333 0.174074 0.255023
0 0.758333 0.37963 0.0333333 0.174074 0.271237
0 0.361979 0.352778 0.0177083 0.0574074 0.271843
0 0.579687 0.352778 0.021875 0.0796296 0.27516
0 0.528125 0.388889 0.0291667 0.118519 0.275743
0 0.360938 0.352778 0.0177083 0.0574074 0.279417
0 0.474479 0.392593 0.028125 0.155556 0.288621
0 0.357292 0.350926 0.0145833 0.0611111 0.289374
0 0.358854 0.352778 0.0177083 0.0574074 0.297477
0 0.639063 0.371296 0.028125 0.127778 0.300075
0 0.357812 0.351852 0.015625 0.0592593 0.302745
0 0.554167 0.390741 0.0291667 0.114815 0.303081
0 0.545833 0.397222 0.04375 0.105556 0.304103
0 0.358333 0.352778 0.0166667 0.0574074 0.308034
0 0.474479 0.391667 0.028125 0.153704 0.325702
0 0.529688 0.393519 0.0302083 0.109259 0.328872
0 0.358333 0.352778 0.0166667 0.0574074 0.333047
0 0.545833 0.396296 0.04375 0.107407 0.340017
0 0.529688 0.393519 0.0302083 0.109259 0.340739
0 0.358333 0.352778 0.0166667 0.0574074 0.348298
0 0.554688 0.391667 0.0302083 0.112963 0.348734
0 0.529167 0.394444 0.03125 0.111111 0.349797
0 0.552604 0.398148 0.0322917 0.111111 0.350771
0 0.554688 0.391667 0.0302083 0.112963 0.350887
0 0.0145833 0.388889 0.0229167 0.103704 0.354545
0 0.358854 0.353704 0.015625 0.0592593 0.354902
0 0.550521 0.398148 0.0322917 0.107407 0.358787
0 0.473958 0.392593 0.0270833 0.155556 0.366326
0 0.527604 0.388889 0.028125 0.118519 0.371373
0 0.476042 0.392593 0.0291667 0.155556 0.374153
0 0.553125 0.397222 0.03125 0.109259 0.378705
0 0.0145833 0.388889 0.0229167 0.103704 0.380086
0 0.436979 0.390741 0.0302083 0.155556 0.380856
0 0.583854 0.35 0.015625 0.0740741 0.380965
0 0.0145833 0.388889 0.0229167 0.103704 0.385315
0 0.529688 0.386111 0.028125 0.116667 0.385703
0 0.436979 0.390741 0.0302083 0.155556 0.388542
0 0.583854 0.349074 0.015625 0.0759259 0.390458
0 0.550521 0.398148 0.0322917 0.107407 0.391802
0 0.436979 0.390741 0.0302083 0.155556 0.392673
0 0.476042 0.393519 0.0291667 0.153704 0.394781
0 0.582812 0.35 0.0135417 0.0703704 0.398649
0 0.582812 0.349074 0.015625 0.0759259 0.402131
0 0.358333 0.351852 0.0166667 0.0555556 0.40246
0 0.435937 0.384259 0.0322917 0.161111 0.40276
0 0.527083 0.388889 0.0270833 0.114815 0.408473
0 0.476042 0.393519 0.0291667 0.153704 0.41129
0 0.582812 0.35 0.0135417 0.0703704 0.412029
0 0.529688 0.386111 0.028125 0.116667 0.412221
0 0.474479 0.389815 0.0302083 0.15 0.416494
0 0.529688 0.386111 0.028125 0.116667 0.416893
0 0.552604 0.397222 0.0302083 0.109259 0.417623
0 0.550521 0.398148 0.0322917 0.107407 0.420336
0 0.436458 0.384259 0.03125 0.161111 0.425897
0 0.582812 0.348148 0.015625 0.0703704 0.426677
0 0.435937 0.389815 0.0302083 0.164815 0.430407
0 0.435937 0.389815 0.0302083 0.161111 0.433023
0 0.475 0.389815 0.0291667 0.15 0.44002
0 0.0130208 0.390741 0.0260417 0.1 0.447484
0 0.0401042 0.382407 0.0260417 0.112963 0.448585
0 0.639063 0.372222 0.028125 0.137037 0.454303
0 0.639063 0.372222 0.028125 0.137037 0.456066
0 0.753125 0.37963 0.0416667 0.177778 0.457567
0 0.552083 0.397222 0.03125 0.109259 0.457593
0 0.00989583 0.390741 0.0197917 0.0962963 0.458579
0 0.0125 0.389815 0.025 0.101852 0.467505
0 0.583854 0.35 0.0135417 0.0740741 0.468894
0 0.436458 0.384259 0.03125 0.161111 0.472672
0 0.0125 0.389815 0.025 0.101852 0.478097
0 0.552604 0.397222 0.0302083 0.109259 0.483546
0 0.552604 0.396296 0.0302083 0.107407 0.485762
0 0.753646 0.37963 0.040625 0.174074 0.489799
0 0.0104167 0.392593 0.0208333 0.0962963 0.49013
0 0.552083 0.397222 0.03125 0.109259 0.494923
0 0.040625 0.383333 0.025 0.111111 0.496924
0 0.583854 0.350926 0.0135417 0.0722222 0.503331
0 0.040625 0.383333 0.025 0.111111 0.503779
0 0.638542 0.374074 0.0270833 0.133333 0.510415
0 0.00989583 0.391667 0.0197917 0.0981481 0.514078
0 0.00989583 0.391667 0.0197917 0.0981481 0.514635
0 0.638542 0.374074 0.0270833 0.133333 0.516078
0 0.0119792 0.392593 0.021875 0.1 0.516714
0 0.553125 0.396296 0.03125 0.107407 0.517093
0 0.753646 0.381481 0.034375 0.185185 0.519938
0 0.0104167 0.391667 0.0208333 0.0981481 0.522927
0 0.583854 0.348148 0.0135417 0.0740741 0.523065
0 0.0104167 0.391667 0.0208333 0.0981481 0.523196
0 0.553125 0.396296 0.03125 0.107407 0.535862
0 0.0401042 0.381481 0.028125 0.111111 0.539057
0 0.638542 0.374074 0.0270833 0.133333 0.539418
0 0.0125 0.389815 0.0229167 0.101852 0.540528
0 0.753125 0.381481 0.0354167 0.181481 0.543223
0 0.583854 0.348148 0.0135417 0.0740741 0.544807
0 0.754167 0.382407 0.0375 0.175926 0.545461
0 0.0395833 0.382407 0.0270833 0.116667 0.545488
0 0.0390625 0.381481 0.028125 0.114815 0.569546
0 0.638021 0.374074 0.028125 0.133333 0.569625
0 0.638542 0.372222 0.0270833 0.133333 0.575206
0 0.0401042 0.380556 0.028125 0.112963 0.584898
0 0.0395833 0.382407 0.0270833 0.116667 0.598791
0 0.476042 0.392593 0.0291667 0.148148 0.60063
0 0.0390625 0.381481 0.028125 0.114815 0.608404
0 0.476042 0.392593 0.0291667 0.148148 0.608639
0 0.754167 0.382407 0.0375 0.175926 0.608682
0 0.0395833 0.382407 0.0270833 0.116667 0.61743
0 0.0401042 0.380556 0.028125 0.112963 0.620879
0 0.0395833 0.382407 0.0270833 0.112963 0.623187
0 0.0390625 0.383333 0.028125 0.111111 0.632903
0 0.475 0.391667 0.0291667 0.15 0.657198
0 0.638542 0.374074 0.0270833 0.12963 0.657374
0 0.435937 0.385185 0.0322917 0.166667 0.663074
0 0.0401042 0.381481 0.028125 0.118519 0.664176
0 0.475 0.391667 0.0291667 0.15 0.665288
0 0.435937 0.385185 0.0302083 0.166667 0.66772
0 0.754167 0.382407 0.0375 0.175926 0.66852
0 0.435417 0.389815 0.03125 0.157407 0.672853
0 0.0390625 0.383333 0.028125 0.111111 0.678511
0 0.435417 0.388889 0.03125 0.159259 0.683599
0 0.475 0.391667 0.0291667 0.15 0.684681
0 0.435417 0.388889 0.03125 0.155556 0.690116
0 0.475521 0.392593 0.028125 0.155556 0.696943
0 0.475521 0.392593 0.028125 0.151852 0.698023
0 0.638021 0.374074 0.028125 0.133333 0.700684
0 0.0401042 0.382407 0.028125 0.116667 0.711476
0 0.0390625 0.383333 0.028125 0.111111 0.716434
0 0.753646 0.381481 0.0364583 0.174074 0.720922
0 0.040625 0.382407 0.0270833 0.116667 0.73051
0 0.435937 0.387037 0.028125 0.162963 0.734681
0 0.435937 0.387037 0.028125 0.159259 0.741238
0 0.752604 0.380556 0.0385417 0.172222 0.741864
0 0.638021 0.375 0.028125 0.131481 0.742134
0 0.753646 0.382407 0.0364583 0.175926 0.743518
0 0.753125 0.382407 0.0354167 0.175926 0.744808
0 0.638542 0.374074 0.0270833 0.133333 0.744889
0 0.475 0.392593 0.0291667 0.151852 0.753596
0 0.752604 0.380556 0.0385417 0.175926 0.754765
0 0.638542 0.374074 0.0270833 0.12963 0.758003
0 0.638542 0.372222 0.0270833 0.133333 0.760333
0 0.638542 0.373148 0.0270833 0.135185 0.76038
0 0.638021 0.374074 0.028125 0.133333 0.761453
0 0.475521 0.392593 0.0302083 0.155556 0.763075
0 0.638542 0.374074 0.0270833 0.133333 0.764307
0 0.475 0.392593 0.0291667 0.151852 0.76541
0 0.638542 0.373148 0.0270833 0.135185 0.769239
0 0.475521 0.393519 0.0302083 0.153704 0.769359
0 0.753125 0.382407 0.0354167 0.175926 0.773765
0 0.436458 0.390741 0.03125 0.155556 0.776668
0 0.753646 0.382407 0.0364583 0.175926 0.777385
0 0.435937 0.385185 0.0302083 0.162963 0.777585
0 0.435937 0.390741 0.0302083 0.155556 0.778563
0 0.436458 0.386111 0.03125 0.161111 0.778941
0 0.753125 0.382407 0.0354167 0.175926 0.78364
0 0.475 0.392593 0.0291667 0.151852 0.787723
0 0.436458 0.390741 0.03125 0.155556 0.796256
