0 0.419271 0.381481 0.0364583 0.137037 0.250147
0 0.478125 0.394444 0.025 0.137037 0.250423
0 0.428125 0.384259 0.025 0.127778 0.251581
26 0.809375 0.532407 0.0395833 0.112963 0.254171
0 0.292188 0.396296 0.0302083 0.122222 0.254832
0 0.391146 0.385185 0.021875 0.122222 0.257574
0 0.290104 0.400926 0.0260417 0.105556 0.257686
0 0.452604 0.359259 0.015625 0.0777778 0.257829
24 0.917188 0.507407 0.0927083 0.211111 0.261209
0 0.142188 0.383333 0.0260417 0.103704 0.261691
26 0.809375 0.531482 0.0395833 0.114815 0.262453
0 0.391146 0.385185 0.021875 0.122222 0.262486
0 0.290104 0.4 0.0260417 0.103704 0.262702
0 0.426042 0.382407 0.0270833 0.135185 0.26286
0 0.428125 0.383333 0.025 0.12963 0.266846
0 0.590104 0.410185 0.040625 0.216667 0.27347
0 0.478646 0.403704 0.028125 0.137037 0.275018
0 0.291146 0.398148 0.0302083 0.118519 0.276402
13 0.239583 0.810185 0.258333 0.364815 0.276486
0 0.590104 0.410185 0.040625 0.216667 0.283289
0 0.478646 0.403704 0.0302083 0.140741 0.283373
0 0.9 0.592593 0.116667 0.596296 0.284329
0 0.391146 0.385185 0.021875 0.122222 0.284923
0 0.774479 0.598148 0.0989583 0.603704 0.285317
24 0.93125 0.521296 0.0770833 0.242593 0.28871
13 0.300521 0.50463 0.153125 0.131481 0.28921
13 0.240104 0.810185 0.259375 0.357407 0.293539
0 0.426042 0.37963 0.0229167 0.125926 0.295357
13 0.229687 0.789815 0.232292 0.331481 0.296879
24 0.919792 0.501852 0.0916667 0.225926 0.298763
24 0.920313 0.502778 0.0927083 0.224074 0.301644
0 0.292188 0.396296 0.028125 0.122222 0.301867
13 0.302083 0.501852 0.15625 0.133333 0.304607
24 0.915104 0.553704 0.107292 0.37037 0.305281
0 0.291667 0.401852 0.0270833 0.111111 0.307342
0 0.423958 0.375 0.0208333 0.12037 0.311458
26 0.809375 0.528704 0.0416667 0.138889 0.312387
0 0.772917 0.605556 0.1 0.607407 0.315495
0 0.454688 0.360185 0.015625 0.0796296 0.315706
0 0.142188 0.386111 0.028125 0.109259 0.316486
13 0.228646 0.791667 0.232292 0.331481 0.31672
24 0.919792 0.501852 0.0916667 0.222222 0.320192
0 0.140625 0.385185 0.0270833 0.103704 0.321703
0 0.772396 0.606481 0.0989583 0.605556 0.322247
0 0.291146 0.398148 0.028125 0.118519 0.323996
0 0.455729 0.368519 0.015625 0.0888889 0.327716
0 0.141146 0.387963 0.028125 0.105556 0.32876
0 0.290104 0.399074 0.0260417 0.109259 0.329005
26 0.809375 0.527778 0.0416667 0.133333 0.329623
0 0.290104 0.399074 0.0260417 0.109259 0.330621
0 0.899479 0.59537 0.115625 0.62037 0.331457
0 0.453646 0.365741 0.0177083 0.087037 0.331685
0 0.774479 0.6 0.101042 0.603704 0.332091
0 0.45625 0.367593 0.0166667 0.0907407 0.334053
0 0.290104 0.399074 0.0260417 0.109259 0.336356
24 0.918229 0.542593 0.101042 0.333333 0.338795
26 0.809375 0.527778 0.0416667 0.137037 0.34032
0 0.503646 0.37037 0.0177083 0.0777778 0.340322
0 0.454688 0.360185 0.015625 0.0796296 0.342417
13 0.219792 0.787963 0.220833 0.331481 0.348932
0 0.141146 0.385185 0.0260417 0.103704 0.351157
0 0.141146 0.385185 0.0260417 0.103704 0.351618
0 0.392708 0.378704 0.025 0.127778 0.351879
24 0.93125 0.52037 0.0729167 0.244444 0.352573
0 0.426042 0.37963 0.0229167 0.12963 0.353098
0 0.907812 0.578704 0.128125 0.575926 0.354234
0 0.898438 0.597222 0.115625 0.601852 0.362804
13 0.219792 0.789815 0.222917 0.335185 0.363096
0 0.426042 0.37963 0.0229167 0.12963 0.363495
0 0.503646 0.37037 0.0177083 0.0814815 0.363507
0 0.45625 0.367593 0.0166667 0.087037 0.363714
0 0.423958 0.377778 0.0208333 0.122222 0.366485
0 0.391146 0.381481 0.021875 0.122222 0.370683
0 0.426562 0.383333 0.0260417 0.133333 0.37168
0 0.141667 0.382407 0.025 0.0981481 0.371713
0 0.423958 0.377778 0.0208333 0.122222 0.381032
0 0.141667 0.386111 0.0270833 0.109259 0.386498
0 0.141146 0.387037 0.028125 0.107407 0.390182
0 0.476562 0.398148 0.028125 0.133333 0.391004
0 0.478125 0.400926 0.0270833 0.135185 0.3981
0 0.503646 0.37037 0.0177083 0.0814815 0.401835
0 0.503646 0.369444 0.0177083 0.0796296 0.415289
0 0.779167 0.603704 0.104167 0.6 0.417103
0 0.503646 0.371296 0.0177083 0.0796296 0.41835
13 0.221354 0.787963 0.226042 0.327778 0.419309
0 0.140625 0.387037 0.025 0.114815 0.420675
0 0.391146 0.382407 0.021875 0.124074 0.421694
0 0.391146 0.382407 0.021875 0.124074 0.426285
0 0.503646 0.371296 0.0177083 0.0796296 0.433574
13 0.220833 0.784259 0.227083 0.324074 0.434341
13 0.220833 0.785185 0.227083 0.325926 0.436001
0 0.140625 0.386111 0.025 0.112963 0.437509
0 0.140625 0.387037 0.025 0.111111 0.441771
13 0.248437 0.805556 0.276042 0.37037 0.442009
0 0.502604 0.371296 0.0197917 0.087037 0.448481
13 0.248958 0.80463 0.275 0.372222 0.455288
13 0.249479 0.805556 0.276042 0.37037 0.455835
0 0.141667 0.387963 0.025 0.105556 0.456003
0 0.778646 0.59537 0.101042 0.601852 0.457701
0 0.504167 0.369444 0.01875 0.0833333 0.46195
0 0.779167 0.602778 0.104167 0.598148 0.473808
0 0.142188 0.386111 0.0260417 0.105556 0.486902
0 0.142188 0.387037 0.0260417 0.107407 0.494788
0 0.476562 0.399074 0.0302083 0.142593 0.505093
0 0.142188 0.385185 0.0260417 0.107407 0.51275
0 0.777604 0.598148 0.103125 0.585185 0.525321
0 0.778646 0.597222 0.101042 0.594444 0.527144
0 0.142188 0.386111 0.0260417 0.105556 0.528026
24 0.927083 0.521296 0.0833333 0.238889 0.537468
24 0.927083 0.519444 0.08125 0.238889 0.542355
24 0.927604 0.519444 0.0822917 0.238889 0.553761
24 0.923437 0.513889 0.0927083 0.246296 0.559013
0 0.478646 0.399074 0.028125 0.142593 0.559136
0 0.590625 0.407407 0.0375 0.218519 0.562073
0 0.590104 0.406481 0.0385417 0.22037 0.56473
0 0.478646 0.399074 0.028125 0.142593 0.570532
0 0.479167 0.4 0.03125 0.144444 0.581821
24 0.923437 0.514815 0.090625 0.248148 0.582518
0 0.478646 0.399074 0.0302083 0.142593 0.584601
24 0.923437 0.513889 0.090625 0.246296 0.595587
0 0.478646 0.401852 0.0302083 0.144444 0.60408
0 0.477083 0.399074 0.0270833 0.138889 0.606659
0 0.477083 0.399074 0.0270833 0.138889 0.607176
24 0.923958 0.516667 0.0895833 0.244444 0.608646
0 0.904167 0.598148 0.122917 0.614815 0.615221
24 0.923958 0.517593 0.0895833 0.238889 0.618217
0 0.591146 0.406481 0.0385417 0.22037 0.622166
0 0.478646 0.4 0.0302083 0.140741 0.631081
0 0.478646 0.401852 0.0302083 0.144444 0.63321
0 0.591146 0.406481 0.0385417 0.22037 0.637981
0 0.591146 0.406481 0.0385417 0.22037 0.638024
0 0.478646 0.401852 0.0302083 0.144444 0.640647
13 0.244792 0.803704 0.275 0.366667 0.643825
13 0.244792 0.805556 0.275 0.366667 0.644216
13 0.242708 0.803704 0.272917 0.366667 0.647195
0 0.478125 0.400926 0.0270833 0.142593 0.671017
0 0.589583 0.407407 0.0375 0.218519 0.675916
0 0.590104 0.408333 0.0385417 0.22037 0.68395
0 0.478125 0.400926 0.0270833 0.142593 0.685875
0 0.901042 0.603704 0.116667 0.588889 0.703928
0 0.902604 0.601852 0.117708 0.6 0.709787
0 0.904167 0.598148 0.122917 0.611111 0.713442
0 0.901042 0.603704 0.11875 0.596296 0.71406
0 0.777604 0.597222 0.103125 0.587037 0.714504
0 0.902604 0.602778 0.119792 0.612963 0.725414
0 0.903646 0.597222 0.123958 0.609259 0.760806
0 0.903646 0.597222 0.123958 0.605556 0.762854
0 0.777083 0.6 0.102083 0.603704 0.780169
0 0.777083 0.599074 0.102083 0.601852 0.782612
0 0.591146 0.407407 0.0385417 0.222222 0.788754
0 0.775521 0.601852 0.0989583 0.6 0.789167
0 0.775521 0.601852 0.0989583 0.607407 0.792225
0 0.591146 0.407407 0.0385417 0.222222 0.79357
0 0.590104 0.408333 0.0385417 0.216667 0.80141
0 0.590625 0.407407 0.0375 0.218519 0.814847
0 0.589583 0.408333 0.0375 0.216667 0.81713
0 0.589583 0.409259 0.0375 0.218519 0.819224
0 0.776563 0.602778 0.101042 0.601852 0.828479
0 0.590625 0.407407 0.0375 0.218519 0.836843
0 0.776563 0.601852 0.101042 0.6 0.843167
0 0.590625 0.407407 0.0375 0.218519 0.850579
