0 0.494792 0.47037 0.0333333 0.137037 0.251016
0 0.378125 0.441667 0.0208333 0.101852 0.253571
0 0.965104 0.433333 0.0614583 0.3 0.257387
0 0.751042 0.575 0.1125 0.490741 0.258205
0 0.380208 0.438889 0.01875 0.1 0.260044
13 0.407292 0.581481 0.158333 0.0814815 0.26184
0 0.327604 0.42037 0.015625 0.0703704 0.264545
0 0.270312 0.449074 0.021875 0.105556 0.264921
0 0.751562 0.575 0.113542 0.487037 0.266056
0 0.327604 0.416667 0.0135417 0.0740741 0.266246
0 0.327604 0.418519 0.015625 0.0666667 0.267012
0 0.646354 0.417593 0.0177083 0.0462963 0.26875
0 0.443229 0.436111 0.0239583 0.109259 0.269472
0 0.378125 0.441667 0.0208333 0.105556 0.270033
0 0.327604 0.42037 0.015625 0.062963 0.271108
13 0.314063 0.489815 0.0760417 0.0685185 0.272786
0 0.646354 0.416667 0.0177083 0.0481481 0.275599
0 0.964063 0.350926 0.0510417 0.146296 0.276127
0 0.495313 0.472222 0.0322917 0.137037 0.278527
0 0.380208 0.439815 0.01875 0.0981481 0.278759
0 0.492188 0.468519 0.0322917 0.148148 0.285506
0 0.964063 0.350926 0.0510417 0.146296 0.287002
0 0.646354 0.418519 0.0177083 0.0481481 0.287475
0 0.646354 0.417593 0.0177083 0.0462963 0.288654
0 0.327083 0.416667 0.0145833 0.0703704 0.290138
0 0.378125 0.441667 0.0208333 0.101852 0.290987
0 0.273438 0.444444 0.0239583 0.107407 0.29266
0 0.492188 0.468519 0.0322917 0.148148 0.296919
13 0.314063 0.489815 0.0739583 0.0685185 0.297304
0 0.645833 0.417593 0.01875 0.05 0.297795
0 0.442708 0.437963 0.01875 0.101852 0.298155
0 0.646875 0.42037 0.0166667 0.0592593 0.298628
0 0.965625 0.35 0.0541667 0.148148 0.299026
0 0.0260417 0.497222 0.0479167 0.190741 0.300195
0 0.327604 0.42037 0.015625 0.062963 0.301888
0 0.0109375 0.50463 0.021875 0.175926 0.303282
0 0.327083 0.415741 0.0145833 0.0685185 0.304074
0 0.646354 0.42037 0.0177083 0.0592593 0.305401
0 0.752604 0.574074 0.111458 0.496296 0.306537
0 0.0109375 0.50463 0.021875 0.175926 0.307387
0 0.0614583 0.484259 0.0291667 0.175926 0.307796
0 0.645833 0.417593 0.01875 0.05 0.308633
0 0.0713542 0.468519 0.0322917 0.137037 0.311174
0 0.0682292 0.484259 0.0322917 0.164815 0.311231
0 0.0614583 0.484259 0.0291667 0.175926 0.311834
0 0.442708 0.437963 0.01875 0.0981481 0.313042
0 0.965625 0.35 0.0541667 0.148148 0.314887
0 0.752604 0.574074 0.111458 0.496296 0.316576
0 0.967188 0.428704 0.0572917 0.309259 0.318769
0 0.0385417 0.494444 0.0416667 0.196296 0.321047
0 0.442708 0.437963 0.01875 0.101852 0.325577
0 0.967188 0.428704 0.0572917 0.312963 0.328551
0 0.0682292 0.484259 0.0322917 0.161111 0.330046
0 0.965625 0.407407 0.05625 0.251852 0.330435
0 0.0385417 0.494444 0.0416667 0.196296 0.331326
0 0.327604 0.42037 0.015625 0.062963 0.338957
0 0.06875 0.484259 0.03125 0.161111 0.344024
0 0.965625 0.407407 0.05625 0.251852 0.345479
0 0.966667 0.430556 0.0583333 0.298148 0.346766
0 0.965625 0.407407 0.05625 0.248148 0.349188
0 0.967188 0.42963 0.0572917 0.311111 0.35326
0 0.269792 0.447222 0.0229167 0.101852 0.358993
0 0.0307292 0.498148 0.0489583 0.192593 0.36042
0 0.965104 0.426852 0.0552083 0.312963 0.367045
0 0.327604 0.42037 0.0135417 0.0666667 0.367607
0 0.00885417 0.512963 0.0177083 0.155556 0.368046
0 0.269792 0.449074 0.0208333 0.105556 0.370365
0 0.269792 0.448148 0.0229167 0.103704 0.374714
0 0.269792 0.446296 0.0229167 0.103704 0.374911
0 0.269792 0.448148 0.0229167 0.103704 0.37748
0 0.0307292 0.498148 0.0489583 0.192593 0.391326
0 0.327604 0.42037 0.0135417 0.0666667 0.391855
0 0.00885417 0.513889 0.0177083 0.153704 0.393114
0 0.965104 0.42963 0.0572917 0.314815 0.400639
0 0.0104167 0.506481 0.0208333 0.168519 0.400939
0 0.965104 0.42963 0.0572917 0.311111 0.413869
0 0.380208 0.441667 0.0208333 0.101852 0.433687
0 0.965625 0.430556 0.05625 0.312963 0.435037
0 0.379167 0.441667 0.0208333 0.0981481 0.436267
0 0.402604 0.439815 0.0302083 0.105556 0.440859
0 0.966667 0.423148 0.0583333 0.294444 0.441087
0 0.495313 0.47037 0.0364583 0.144444 0.461445
0 0.379167 0.441667 0.0208333 0.101852 0.465557
0 0.379167 0.441667 0.0208333 0.101852 0.467351
0 0.0697917 0.476852 0.0333333 0.146296 0.47373
0 0.495313 0.47037 0.0364583 0.144444 0.481147
0 0.0703125 0.475926 0.034375 0.148148 0.482999
0 0.0723958 0.471296 0.0302083 0.124074 0.505756
0 0.379687 0.440741 0.0197917 0.103704 0.513942
0 0.0734375 0.466667 0.028125 0.114815 0.515786
0 0.0703125 0.476852 0.034375 0.146296 0.516756
0 0.034375 0.496296 0.0375 0.192593 0.522904
0 0.0375 0.493519 0.0416667 0.190741 0.524433
0 0.0703125 0.475926 0.0322917 0.159259 0.530459
0 0.0703125 0.475926 0.0322917 0.159259 0.532141
0 0.0734375 0.467593 0.028125 0.116667 0.537435
0 0.0338542 0.496296 0.0385417 0.192593 0.540753
0 0.0734375 0.466667 0.028125 0.114815 0.543487
0 0.407813 0.437037 0.0197917 0.103704 0.583983
0 0.408333 0.437963 0.0208333 0.101852 0.584996
0 0.0729167 0.471296 0.0291667 0.131481 0.587821
0 0.408333 0.437037 0.0208333 0.103704 0.590299
0 0.0729167 0.47037 0.0291667 0.12963 0.592932
0 0.494271 0.471296 0.0322917 0.146296 0.60112
0 0.0369792 0.493519 0.040625 0.190741 0.604268
0 0.494792 0.471296 0.0333333 0.146296 0.614529
0 0.071875 0.475 0.03125 0.138889 0.628236
0 0.071875 0.475 0.03125 0.138889 0.639672
0 0.0380208 0.490741 0.0427083 0.188889 0.645981
0 0.071875 0.474074 0.03125 0.137037 0.651338
0 0.0380208 0.490741 0.0427083 0.188889 0.666507
0 0.408854 0.437963 0.0197917 0.101852 0.667892
0 0.0359375 0.494444 0.040625 0.192593 0.6718
0 0.442708 0.436111 0.0208333 0.105556 0.675834
0 0.753125 0.575 0.114583 0.490741 0.684706
0 0.0369792 0.493519 0.040625 0.190741 0.690328
0 0.407292 0.438889 0.0208333 0.103704 0.69165
0 0.753125 0.575 0.114583 0.490741 0.693466
0 0.0359375 0.49537 0.040625 0.194444 0.693482
0 0.443229 0.436111 0.021875 0.105556 0.701689
0 0.443229 0.434259 0.021875 0.105556 0.702021
0 0.0364583 0.49537 0.0416667 0.194444 0.703568
0 0.408854 0.437963 0.0197917 0.105556 0.713308
0 0.443229 0.436111 0.021875 0.109259 0.719746
0 0.408854 0.437963 0.0197917 0.105556 0.720226
0 0.0364583 0.494444 0.0416667 0.192593 0.720504
0 0.443229 0.436111 0.021875 0.109259 0.72172
0 0.443229 0.436111 0.021875 0.101852 0.726464
0 0.0364583 0.494444 0.0416667 0.196296 0.729851
0 0.44375 0.435185 0.0208333 0.103704 0.744374
0 0.44375 0.435185 0.0208333 0.103704 0.745268
0 0.407813 0.437037 0.0197917 0.103704 0.753826
0 0.407813 0.436111 0.0197917 0.105556 0.766094
0 0.407813 0.437037 0.0197917 0.103704 0.773688
0 0.407813 0.437037 0.0197917 0.103704 0.776117
0 0.753646 0.573148 0.117708 0.472222 0.784749
0 0.494792 0.469444 0.0333333 0.15 0.797973
0 0.753125 0.575 0.11875 0.475926 0.802094
0 0.495313 0.469444 0.034375 0.142593 0.807603
0 0.495313 0.47037 0.034375 0.144444 0.81048
0 0.443229 0.435185 0.021875 0.107407 0.812525
0 0.494792 0.469444 0.0333333 0.15 0.814408
0 0.495313 0.469444 0.0322917 0.15 0.815818
0 0.494792 0.47037 0.0333333 0.148148 0.82507
0 0.495313 0.469444 0.0322917 0.15 0.826654
0 0.494792 0.468519 0.0333333 0.148148 0.832202
0 0.495313 0.47037 0.0322917 0.148148 0.837517
0 0.494792 0.47037 0.0333333 0.148148 0.837588
0 0.753646 0.572222 0.117708 0.477778 0.839941
0 0.754167 0.573148 0.120833 0.472222 0.844184
0 0.494792 0.47037 0.0333333 0.148148 0.845084
0 0.752604 0.573148 0.115625 0.483333 0.879878
0 0.753125 0.575926 0.11875 0.481481 0.890975
0 0.753125 0.575 0.116667 0.483333 0.89347
0 0.753125 0.573148 0.11875 0.483333 0.897129
0 0.753125 0.574074 0.116667 0.481481 0.899825
0 0.753125 0.575 0.116667 0.483333 0.909532
