0 0.354167 0.35 0.0145833 0.062963 0.252623
0 0.433333 0.381481 0.0333333 0.162963 0.253973
0 0.471875 0.388889 0.0270833 0.140741 0.254853
0 0.531771 0.389815 0.0489583 0.116667 0.255252
0 0.525521 0.392593 0.0302083 0.114815 0.25566
13 0.0255208 0.776852 0.0489583 0.37963 0.256777
13 0.0255208 0.776852 0.0489583 0.37963 0.257658
0 0.547396 0.387037 0.0260417 0.118519 0.258219
0 0.351562 0.353704 0.0135417 0.0592593 0.25835
0 0.531771 0.389815 0.0489583 0.116667 0.259015
0 0.528125 0.387037 0.025 0.118519 0.259118
0 0.547917 0.389815 0.0291667 0.12037 0.261207
0 0.472396 0.387963 0.0260417 0.138889 0.262898
13 0.0255208 0.776852 0.0489583 0.37963 0.266255
0 0.525521 0.392593 0.0302083 0.114815 0.269934
0 0.547396 0.386111 0.0260417 0.116667 0.27065
0 0.0401042 0.377778 0.0260417 0.111111 0.272646
0 0.355208 0.350926 0.0166667 0.0611111 0.276706
0 0.524479 0.392593 0.0302083 0.114815 0.277351
0 0.354167 0.350926 0.0166667 0.0611111 0.277934
0 0.520833 0.390741 0.03125 0.111111 0.282991
0 0.527604 0.387037 0.0260417 0.118519 0.286564
0 0.351562 0.353704 0.0135417 0.0592593 0.29091
0 0.53125 0.389815 0.0479167 0.116667 0.291473
0 0.528125 0.387037 0.025 0.118519 0.294054
0 0.354167 0.350926 0.0166667 0.0611111 0.297321
0 0.577604 0.353704 0.0197917 0.0740741 0.298797
0 0.578125 0.351852 0.0166667 0.0703704 0.29981
0 0.520833 0.390741 0.03125 0.111111 0.306675
0 0.520833 0.390741 0.03125 0.111111 0.307642
0 0.577083 0.351852 0.0166667 0.0703704 0.311114
0 0.407813 0.35 0.0135417 0.0666667 0.314828
0 0.632292 0.372222 0.0229167 0.114815 0.316546
0 0.577604 0.35 0.015625 0.0703704 0.326868
0 0.407813 0.35 0.0135417 0.0666667 0.326993
0 0.521354 0.387037 0.028125 0.118519 0.329783
0 0.548437 0.390741 0.028125 0.118519 0.330676
0 0.0390625 0.378704 0.0260417 0.116667 0.335581
0 0.577604 0.35 0.015625 0.0703704 0.34553
0 0.577604 0.351852 0.0177083 0.0703704 0.349984
0 0.632292 0.372222 0.0229167 0.118519 0.352495
0 0.632292 0.373148 0.0229167 0.12037 0.357103
0 0.521354 0.387963 0.028125 0.116667 0.370881
0 0.471354 0.394444 0.0260417 0.133333 0.373439
0 0.521354 0.387963 0.028125 0.116667 0.37435
0 0.578646 0.351852 0.0177083 0.0703704 0.379847
0 0.0395833 0.381481 0.025 0.114815 0.385618
0 0.577604 0.35 0.015625 0.0666667 0.388714
0 0.521875 0.388889 0.03125 0.118519 0.388719
0 0.0401042 0.378704 0.0260417 0.112963 0.39003
0 0.630729 0.381481 0.0260417 0.125926 0.395906
0 0.63125 0.381481 0.0270833 0.125926 0.398618
0 0.63125 0.381481 0.0270833 0.125926 0.403094
0 0.740104 0.37963 0.0385417 0.166667 0.409184
0 0.521354 0.388889 0.0302083 0.118519 0.411954
0 0.578646 0.35 0.0177083 0.0666667 0.412235
0 0.0104167 0.386111 0.0208333 0.105556 0.4193
0 0.0395833 0.378704 0.025 0.116667 0.430492
0 0.470833 0.391667 0.0270833 0.138889 0.432449
0 0.740625 0.380556 0.0375 0.164815 0.435045
0 0.521875 0.388889 0.03125 0.118519 0.43862
0 0.0104167 0.387037 0.0208333 0.107407 0.453233
0 0.0104167 0.387037 0.0208333 0.107407 0.458092
0 0.577604 0.35 0.015625 0.0740741 0.468124
0 0.632292 0.377778 0.0270833 0.12963 0.481899
0 0.0109375 0.382407 0.021875 0.109259 0.487342
0 0.632292 0.378704 0.0229167 0.127778 0.48864
0 0.471875 0.392593 0.0270833 0.133333 0.490734
0 0.0119792 0.383333 0.021875 0.111111 0.496997
0 0.0401042 0.381481 0.021875 0.111111 0.498893
0 0.741667 0.381481 0.0333333 0.174074 0.503094
0 0.429688 0.380556 0.028125 0.157407 0.506049
0 0.0395833 0.381481 0.025 0.114815 0.50868
0 0.429167 0.380556 0.0291667 0.157407 0.509453
0 0.577604 0.35 0.015625 0.0740741 0.514893
0 0.742188 0.380556 0.0322917 0.172222 0.520749
0 0.0114583 0.380556 0.0229167 0.116667 0.52176
0 0.632292 0.377778 0.0270833 0.12963 0.525537
0 0.0401042 0.381481 0.021875 0.111111 0.528659
0 0.0109375 0.382407 0.021875 0.109259 0.531039
0 0.0109375 0.382407 0.021875 0.109259 0.537363
0 0.577604 0.35 0.015625 0.0740741 0.540669
0 0.632292 0.377778 0.0270833 0.12963 0.540867
0 0.0401042 0.381481 0.021875 0.111111 0.553112
0 0.0114583 0.380556 0.0229167 0.116667 0.557288
0 0.0114583 0.380556 0.0229167 0.116667 0.557971
0 0.741146 0.382407 0.0385417 0.164815 0.564204
0 0.471354 0.394444 0.0260417 0.144444 0.56879
0 0.632292 0.37963 0.0229167 0.125926 0.572957
0 0.632812 0.378704 0.021875 0.124074 0.573879
0 0.470833 0.39537 0.0270833 0.142593 0.576493
0 0.0119792 0.384259 0.021875 0.112963 0.57659
0 0.632292 0.378704 0.0270833 0.127778 0.577426
0 0.741146 0.383333 0.0364583 0.162963 0.591824
0 0.742188 0.383333 0.0364583 0.166667 0.59675
0 0.632292 0.377778 0.0270833 0.12963 0.601248
0 0.740625 0.382407 0.0375 0.164815 0.608292
0 0.471354 0.391667 0.028125 0.15 0.610799
0 0.430729 0.383333 0.0322917 0.162963 0.61489
0 0.742188 0.383333 0.0364583 0.166667 0.617155
0 0.740625 0.384259 0.0354167 0.164815 0.624477
0 0.631771 0.377778 0.0260417 0.12963 0.629076
0 0.740625 0.37963 0.0375 0.162963 0.630306
0 0.740104 0.37963 0.0385417 0.162963 0.633509
0 0.742188 0.382407 0.0364583 0.168519 0.639346
0 0.430729 0.382407 0.0322917 0.164815 0.644116
0 0.740625 0.383333 0.0375 0.162963 0.647316
0 0.471354 0.392593 0.028125 0.148148 0.647984
0 0.0411458 0.378704 0.0239583 0.112963 0.658084
0 0.740625 0.384259 0.0354167 0.164815 0.661087
0 0.430729 0.383333 0.0322917 0.162963 0.68578
0 0.0401042 0.377778 0.0239583 0.111111 0.690998
0 0.471354 0.391667 0.028125 0.15 0.691811
0 0.0416667 0.37963 0.0229167 0.114815 0.692854
0 0.0395833 0.37963 0.0229167 0.114815 0.705483
0 0.471354 0.392593 0.028125 0.144444 0.706932
0 0.0416667 0.37963 0.0229167 0.114815 0.710109
0 0.471875 0.391667 0.0270833 0.138889 0.724711
0 0.471354 0.391667 0.0260417 0.138889 0.728086
0 0.632292 0.377778 0.025 0.12963 0.731971
0 0.470833 0.392593 0.0270833 0.144444 0.73219
0 0.471354 0.392593 0.028125 0.144444 0.733076
0 0.631771 0.37963 0.0260417 0.12963 0.736666
0 0.471354 0.392593 0.028125 0.144444 0.741397
0 0.631771 0.378704 0.0260417 0.131481 0.743612
0 0.430729 0.385185 0.0322917 0.162963 0.752251
0 0.470833 0.392593 0.0270833 0.144444 0.761394
0 0.0401042 0.380556 0.0239583 0.116667 0.767129
0 0.631771 0.377778 0.0260417 0.12963 0.767879
0 0.430208 0.385185 0.0291667 0.159259 0.768313
0 0.430729 0.385185 0.0322917 0.162963 0.768669
0 0.470833 0.392593 0.0270833 0.144444 0.769272
0 0.430729 0.385185 0.0322917 0.162963 0.772432
0 0.430208 0.385185 0.0291667 0.155556 0.773681
0 0.430208 0.383333 0.03125 0.162963 0.775367
0 0.430208 0.383333 0.03125 0.159259 0.778402
0 0.430729 0.384259 0.0322917 0.164815 0.780794
0 0.0395833 0.381481 0.0229167 0.114815 0.784709
0 0.632292 0.378704 0.025 0.127778 0.784892
0 0.43125 0.384259 0.03125 0.164815 0.785016
0 0.0395833 0.380556 0.0229167 0.116667 0.787537
0 0.470833 0.391667 0.0270833 0.15 0.787876
0 0.632292 0.37963 0.025 0.12963 0.790906
0 0.0395833 0.380556 0.0229167 0.116667 0.801162
0 0.471354 0.391667 0.028125 0.146296 0.803139
0 0.43125 0.384259 0.03125 0.164815 0.803379
