0 0.0515625 0.498148 0.0427083 0.185185 0.254311
0 0.327083 0.416667 0.0208333 0.0851852 0.258574
2 0.131771 0.427778 0.0760417 0.0777778 0.258737
0 0.507812 0.47963 0.0364583 0.155556 0.260895
0 0.416146 0.446296 0.0260417 0.107407 0.26345
0 0.416146 0.441667 0.021875 0.101852 0.263549
0 0.327083 0.416667 0.0208333 0.0851852 0.269114
0 0.390104 0.450926 0.0197917 0.0981481 0.269203
0 0.084375 0.483333 0.0270833 0.159259 0.272039
0 0.0838542 0.483333 0.028125 0.162963 0.274469
0 0.508333 0.47963 0.0354167 0.155556 0.281006
0 0.416146 0.442593 0.021875 0.103704 0.281107
0 0.327083 0.417593 0.0208333 0.0833333 0.283252
0 0.508854 0.475 0.0364583 0.153704 0.28692
0 0.0640625 0.49537 0.0614583 0.17963 0.288832
0 0.416146 0.441667 0.021875 0.105556 0.290449
0 0.439583 0.446296 0.0395833 0.1 0.291037
0 0.329167 0.414815 0.01875 0.0814815 0.292342
0 0.329167 0.414815 0.01875 0.0814815 0.296024
0 0.416667 0.446296 0.025 0.107407 0.304261
0 0.508333 0.475926 0.0354167 0.155556 0.308619
0 0.389583 0.448148 0.0166667 0.0962963 0.312083
0 0.329167 0.414815 0.01875 0.0814815 0.312927
0 0.389062 0.448148 0.0177083 0.1 0.315657
0 0.0510417 0.502778 0.04375 0.183333 0.31604
0 0.328646 0.417593 0.0197917 0.087037 0.323447
0 0.0770833 0.491667 0.0333333 0.17963 0.331374
0 0.0510417 0.502778 0.04375 0.183333 0.335519
0 0.389583 0.448148 0.0166667 0.0962963 0.340076
0 0.0145833 0.524074 0.0291667 0.155556 0.340225
0 0.0520833 0.49537 0.0416667 0.183333 0.342149
0 0.0145833 0.524074 0.0291667 0.151852 0.342385
0 0.415625 0.446296 0.025 0.107407 0.348758
0 0.0770833 0.491667 0.0333333 0.17963 0.356961
13 0.420833 0.586111 0.166667 0.0944444 0.358807
13 0.416146 0.582407 0.161458 0.087037 0.362718
0 0.0630208 0.49537 0.0614583 0.175926 0.370299
0 0.507812 0.47963 0.034375 0.155556 0.370389
0 0.0520833 0.494444 0.0416667 0.181481 0.372494
0 0.329167 0.419444 0.01875 0.087037 0.374808
0 0.507812 0.480556 0.034375 0.153704 0.377131
0 0.507812 0.47963 0.034375 0.155556 0.377519
0 0.329167 0.418519 0.01875 0.0851852 0.382272
0 0.329688 0.418519 0.0197917 0.0851852 0.384718
0 0.329167 0.418519 0.01875 0.0888889 0.400909
0 0.329167 0.418519 0.01875 0.0851852 0.405373
0 0.0208333 0.512037 0.0416667 0.172222 0.409833
0 0.507812 0.474074 0.034375 0.155556 0.421788
0 0.0630208 0.49537 0.0614583 0.17963 0.428534
0 0.507812 0.474074 0.034375 0.155556 0.428989
0 0.0203125 0.512963 0.040625 0.17037 0.429253
0 0.0520833 0.49537 0.0416667 0.183333 0.446688
0 0.507812 0.474074 0.034375 0.155556 0.447982
0 0.0833333 0.488889 0.0270833 0.162963 0.451309
0 0.0203125 0.512037 0.040625 0.168519 0.451487
0 0.0833333 0.488889 0.0270833 0.162963 0.464392
0 0.444792 0.448148 0.0208333 0.0962963 0.469091
0 0.0822917 0.490741 0.0291667 0.162963 0.475766
0 0.015625 0.512963 0.03125 0.174074 0.477795
0 0.444792 0.447222 0.0208333 0.0981481 0.491176
0 0.015625 0.512963 0.03125 0.174074 0.499014
0 0.444792 0.447222 0.0208333 0.0981481 0.5009
0 0.0822917 0.490741 0.0291667 0.162963 0.533102
0 0.0541667 0.499074 0.04375 0.190741 0.541557
0 0.015625 0.512037 0.03125 0.175926 0.542241
0 0.0151042 0.517593 0.0302083 0.161111 0.542804
0 0.0151042 0.516667 0.0302083 0.162963 0.545796
0 0.0541667 0.499074 0.04375 0.190741 0.556238
0 0.0151042 0.522222 0.0302083 0.159259 0.55834
0 0.0822917 0.490741 0.0291667 0.162963 0.563388
0 0.0541667 0.5 0.0416667 0.185185 0.565307
0 0.0817708 0.489815 0.028125 0.164815 0.567582
0 0.0151042 0.521296 0.0302083 0.157407 0.568139
0 0.0541667 0.499074 0.0416667 0.187037 0.573956
0 0.0536458 0.499074 0.0447917 0.190741 0.575257
0 0.0828125 0.490741 0.028125 0.162963 0.580219
0 0.0546875 0.494444 0.0427083 0.188889 0.582918
0 0.0541667 0.49537 0.04375 0.190741 0.605211
0 0.015625 0.518519 0.03125 0.162963 0.625701
0 0.416146 0.447222 0.0239583 0.105556 0.62597
0 0.446354 0.446296 0.021875 0.1 0.636927
0 0.015625 0.517593 0.03125 0.164815 0.638948
0 0.446354 0.446296 0.021875 0.1 0.640733
0 0.0817708 0.490741 0.028125 0.162963 0.641586
0 0.446354 0.446296 0.021875 0.1 0.644823
0 0.015625 0.518519 0.03125 0.162963 0.646896
0 0.416146 0.44537 0.0239583 0.105556 0.651453
0 0.015625 0.518519 0.03125 0.162963 0.656321
0 0.015625 0.518519 0.03125 0.162963 0.670546
0 0.415625 0.446296 0.0229167 0.107407 0.676697
0 0.415625 0.446296 0.0229167 0.107407 0.680686
0 0.416667 0.446296 0.0229167 0.103704 0.698541
0 0.0828125 0.488889 0.0260417 0.166667 0.699294
0 0.0828125 0.487963 0.0260417 0.168519 0.70109
0 0.416146 0.443519 0.0239583 0.105556 0.713916
0 0.416146 0.443519 0.0239583 0.105556 0.728779
0 0.445312 0.446296 0.021875 0.103704 0.730534
0 0.445312 0.447222 0.0197917 0.0981481 0.731278
0 0.445312 0.446296 0.021875 0.1 0.731415
0 0.445312 0.446296 0.0197917 0.1 0.736356
0 0.445312 0.446296 0.0197917 0.1 0.73923
0 0.507812 0.47963 0.034375 0.155556 0.739786
0 0.415625 0.443519 0.0229167 0.105556 0.741871
0 0.508333 0.47963 0.0333333 0.159259 0.741928
0 0.507812 0.476852 0.034375 0.153704 0.781246
0 0.708333 0.55463 0.0729167 0.416667 0.785021
0 0.507812 0.476852 0.034375 0.153704 0.797683
0 0.708333 0.552778 0.075 0.412963 0.797927
0 0.507812 0.476852 0.034375 0.153704 0.798116
0 0.507812 0.476852 0.034375 0.153704 0.798781
0 0.707812 0.553704 0.071875 0.411111 0.799085
0 0.507812 0.476852 0.034375 0.153704 0.799445
0 0.707812 0.55463 0.071875 0.412963 0.802481
0 0.507812 0.476852 0.034375 0.157407 0.803215
0 0.507812 0.477778 0.034375 0.159259 0.804685
0 0.707812 0.55463 0.071875 0.42037 0.809392
0 0.707812 0.553704 0.0739583 0.414815 0.809895
0 0.707812 0.552778 0.0739583 0.412963 0.812214
0 0.707812 0.552778 0.071875 0.416667 0.813877
0 0.507812 0.476852 0.034375 0.153704 0.816708
0 0.707812 0.553704 0.071875 0.414815 0.854237
0 0.707812 0.55463 0.071875 0.416667 0.858416
0 0.707812 0.55463 0.071875 0.416667 0.859322
0 0.706771 0.551852 0.071875 0.418519 0.88116
0 0.707812 0.55463 0.071875 0.416667 0.882449
0 0.706771 0.552778 0.071875 0.416667 0.887089
0 0.706771 0.552778 0.071875 0.42037 0.887187
