13 0.285417 0.785185 0.295833 0.385185 0.251561
0 0.253646 0.337037 0.0239583 0.0555556 0.252471
13 0.285417 0.786111 0.295833 0.401852 0.253058
0 0.488542 0.357407 0.0270833 0.107407 0.264272
13 0.241146 0.437037 0.0760417 0.122222 0.268496
13 0.276563 0.443519 0.146875 0.116667 0.271766
0 0.415625 0.363889 0.0270833 0.127778 0.275876
0 0.489583 0.357407 0.025 0.103704 0.276203
0 0.467187 0.386111 0.0260417 0.135185 0.276473
0 0.435937 0.359259 0.040625 0.114815 0.277128
0 0.38125 0.367593 0.025 0.127778 0.279923
0 0.489062 0.359259 0.0239583 0.1 0.281729
13 0.236979 0.711111 0.215625 0.233333 0.284958
0 0.415625 0.362963 0.0270833 0.12963 0.286718
13 0.236979 0.712037 0.215625 0.231481 0.288059
13 0.239063 0.714815 0.223958 0.237037 0.301624
0 0.382292 0.368519 0.025 0.125926 0.306971
0 0.489062 0.358333 0.0260417 0.109259 0.312591
0 0.463021 0.376852 0.034375 0.138889 0.312632
0 0.279687 0.362037 0.034375 0.146296 0.314065
13 0.238542 0.72037 0.21875 0.248148 0.314228
0 0.904167 0.573148 0.114583 0.590741 0.323959
13 0.238542 0.715741 0.222917 0.235185 0.324388
0 0.489062 0.361111 0.0239583 0.0962963 0.326195
0 0.489583 0.359259 0.025 0.103704 0.340108
0 0.463021 0.376852 0.034375 0.138889 0.340585
0 0.284896 0.368519 0.0260417 0.151852 0.340587
0 0.285417 0.368519 0.0270833 0.151852 0.341289
24 0.930208 0.508333 0.0833333 0.242593 0.342081
13 0.239583 0.723148 0.222917 0.253704 0.348773
0 0.129688 0.362963 0.0260417 0.114815 0.350552
0 0.461458 0.376852 0.0395833 0.138889 0.35326
0 0.128646 0.362963 0.0260417 0.118519 0.353556
0 0.573958 0.391667 0.0416667 0.212963 0.357925
13 0.278646 0.791667 0.305208 0.390741 0.357928
0 0.489583 0.359259 0.025 0.103704 0.362202
0 0.281771 0.363889 0.0302083 0.153704 0.362599
13 0.239583 0.724074 0.222917 0.259259 0.363846
0 0.903646 0.57037 0.115625 0.607407 0.369176
0 0.281771 0.362963 0.0302083 0.151852 0.369894
13 0.278125 0.791667 0.304167 0.390741 0.370881
13 0.278646 0.791667 0.305208 0.390741 0.373244
24 0.930729 0.507407 0.084375 0.248148 0.376
0 0.573958 0.391667 0.0416667 0.212963 0.376046
24 0.930208 0.506481 0.0833333 0.25 0.377244
0 0.446354 0.358333 0.021875 0.101852 0.377392
24 0.935938 0.512037 0.0739583 0.227778 0.385358
24 0.936458 0.505556 0.075 0.225926 0.386582
24 0.936458 0.512037 0.075 0.227778 0.387537
0 0.573958 0.391667 0.0416667 0.212963 0.388324
0 0.284375 0.364815 0.0270833 0.151852 0.388814
0 0.466146 0.382407 0.028125 0.153704 0.394145
24 0.936458 0.511111 0.075 0.22963 0.396712
0 0.284375 0.364815 0.0270833 0.151852 0.397094
0 0.489583 0.361111 0.0229167 0.1 0.401228
0 0.903646 0.57037 0.115625 0.603704 0.401466
24 0.936458 0.506481 0.0770833 0.224074 0.402254
24 0.936979 0.506481 0.0760417 0.224074 0.406129
0 0.129167 0.363889 0.0270833 0.116667 0.406718
0 0.466667 0.383333 0.0270833 0.151852 0.410245
0 0.446354 0.358333 0.021875 0.105556 0.41084
0 0.489583 0.361111 0.0229167 0.1 0.413909
13 0.238542 0.717593 0.21875 0.242593 0.419061
0 0.416146 0.363889 0.0260417 0.127778 0.423442
13 0.239063 0.717593 0.219792 0.242593 0.424356
0 0.489583 0.356481 0.025 0.101852 0.424936
0 0.446354 0.358333 0.021875 0.105556 0.428592
0 0.415625 0.362963 0.025 0.12963 0.431644
0 0.129167 0.362037 0.025 0.112963 0.437007
0 0.896875 0.576852 0.102083 0.561111 0.437647
0 0.469271 0.382407 0.0322917 0.15 0.439275
0 0.897396 0.577778 0.103125 0.57037 0.443791
13 0.271354 0.771296 0.296875 0.35 0.444332
0 0.469792 0.382407 0.03125 0.15 0.46037
0 0.445833 0.355556 0.0208333 0.111111 0.470545
0 0.490104 0.357407 0.0239583 0.103704 0.471872
13 0.254687 0.741667 0.255208 0.287037 0.4739
0 0.896354 0.574074 0.105208 0.588889 0.473962
13 0.256771 0.739815 0.261458 0.287037 0.483109
0 0.129167 0.362963 0.025 0.114815 0.487915
0 0.46875 0.381481 0.03125 0.151852 0.488747
24 0.934896 0.508333 0.0802083 0.235185 0.489563
0 0.489583 0.356481 0.025 0.101852 0.493041
0 0.896354 0.574074 0.105208 0.585185 0.493274
0 0.415104 0.360185 0.0239583 0.127778 0.510925
24 0.934896 0.508333 0.0802083 0.242593 0.51283
0 0.489583 0.356481 0.025 0.101852 0.529056
0 0.489062 0.358333 0.0239583 0.105556 0.538291
0 0.129167 0.361111 0.0229167 0.118519 0.540187
0 0.128646 0.363889 0.0260417 0.116667 0.550232
0 0.129688 0.362037 0.021875 0.116667 0.560279
0 0.781771 0.574074 0.105208 0.611111 0.561201
0 0.129167 0.362037 0.0229167 0.116667 0.569401
0 0.381771 0.366667 0.021875 0.125926 0.582341
0 0.382292 0.368519 0.0229167 0.125926 0.587732
0 0.781771 0.575 0.103125 0.605556 0.589427
0 0.415625 0.361111 0.0229167 0.133333 0.59493
0 0.415625 0.361111 0.0229167 0.133333 0.59978
0 0.445312 0.355556 0.021875 0.107407 0.602429
0 0.284375 0.366667 0.0291667 0.148148 0.614025
0 0.445312 0.355556 0.021875 0.111111 0.614128
0 0.574479 0.389815 0.040625 0.212963 0.616111
0 0.381771 0.368519 0.021875 0.122222 0.61907
0 0.445312 0.355556 0.021875 0.111111 0.619858
0 0.574479 0.390741 0.040625 0.214815 0.624261
0 0.381771 0.368519 0.021875 0.122222 0.62651
0 0.466667 0.385185 0.0270833 0.148148 0.628475
0 0.381771 0.368519 0.021875 0.122222 0.629512
0 0.284896 0.365741 0.028125 0.153704 0.629541
0 0.283854 0.366667 0.0302083 0.148148 0.634937
0 0.381771 0.367593 0.021875 0.127778 0.635387
0 0.381771 0.366667 0.021875 0.125926 0.635958
0 0.284896 0.365741 0.028125 0.153704 0.636372
0 0.467187 0.383333 0.028125 0.148148 0.636909
0 0.466667 0.385185 0.0270833 0.144444 0.637629
0 0.283854 0.365741 0.0302083 0.146296 0.638401
0 0.381771 0.366667 0.021875 0.125926 0.651296
0 0.284375 0.365741 0.0291667 0.15 0.655257
0 0.129167 0.363889 0.025 0.112963 0.660819
0 0.415625 0.362037 0.0229167 0.127778 0.664534
0 0.283854 0.364815 0.028125 0.151852 0.669203
0 0.283854 0.364815 0.028125 0.151852 0.670779
0 0.283854 0.366667 0.0302083 0.148148 0.672101
0 0.283854 0.365741 0.028125 0.146296 0.672805
0 0.573958 0.389815 0.0416667 0.212963 0.674364
0 0.466667 0.383333 0.0270833 0.148148 0.676493
0 0.415625 0.361111 0.0229167 0.125926 0.682056
0 0.466667 0.383333 0.0270833 0.148148 0.690355
0 0.574479 0.388889 0.040625 0.214815 0.69072
0 0.415625 0.362037 0.0229167 0.127778 0.691334
0 0.415625 0.361111 0.0229167 0.122222 0.700434
0 0.416146 0.363889 0.0239583 0.127778 0.70079
0 0.901042 0.576852 0.110417 0.587037 0.702337
0 0.467187 0.385185 0.0260417 0.148148 0.713518
0 0.467187 0.385185 0.0260417 0.148148 0.716715
0 0.129167 0.362963 0.025 0.118519 0.728349
0 0.782292 0.574074 0.10625 0.566667 0.7288
0 0.415625 0.362037 0.0229167 0.12037 0.732007
0 0.129167 0.362963 0.025 0.114815 0.73852
0 0.415625 0.362037 0.0229167 0.12037 0.747164
0 0.128646 0.363889 0.0239583 0.116667 0.750997
0 0.129167 0.363889 0.025 0.112963 0.757216
0 0.899479 0.573148 0.103125 0.583333 0.75775
0 0.573438 0.388889 0.040625 0.207407 0.760656
0 0.573958 0.388889 0.0416667 0.211111 0.763822
0 0.901042 0.576852 0.110417 0.587037 0.764142
0 0.129167 0.362963 0.025 0.122222 0.772899
0 0.898958 0.574074 0.102083 0.57037 0.78062
0 0.129688 0.362037 0.0239583 0.12037 0.788895
0 0.129167 0.362037 0.0229167 0.12037 0.789371
0 0.128646 0.363889 0.0239583 0.116667 0.791158
0 0.573438 0.387963 0.0427083 0.212963 0.791509
0 0.416146 0.363889 0.0239583 0.127778 0.79434
0 0.573438 0.387963 0.0427083 0.212963 0.799944
0 0.782292 0.573148 0.10625 0.568519 0.801361
0 0.898958 0.573148 0.110417 0.561111 0.816511
0 0.783333 0.578704 0.102083 0.568519 0.826665
0 0.898958 0.572222 0.110417 0.566667 0.831919
0 0.783333 0.580556 0.102083 0.57963 0.83269
0 0.782292 0.577778 0.104167 0.577778 0.843705
0 0.573958 0.390741 0.0416667 0.211111 0.861471
0 0.574479 0.390741 0.0427083 0.211111 0.86292
0 0.574479 0.389815 0.040625 0.212963 0.865631
0 0.574479 0.389815 0.040625 0.212963 0.86719
0 0.574479 0.391667 0.0427083 0.212963 0.870671
0 0.574479 0.390741 0.0427083 0.211111 0.874893
0 0.782292 0.577778 0.104167 0.581481 0.882303
0 0.781771 0.576852 0.105208 0.57963 0.896183
0 0.782292 0.576852 0.104167 0.57963 0.902477
0 0.78125 0.578704 0.104167 0.575926 0.90534
0 0.781771 0.578704 0.105208 0.57963 0.913829
