0 0.307292 0.482407 0.0333333 0.17963 0.250416
0 0.472396 0.419444 0.0197917 0.0648148 0.257451
0 0.474479 0.419444 0.0197917 0.0722222 0.257638
0 0.557813 0.426852 0.015625 0.0759259 0.262902
2 0.0567708 0.487963 0.113542 0.353704 0.26319
0 0.307292 0.482407 0.0333333 0.17963 0.264048
0 0.306771 0.473148 0.028125 0.168519 0.264543
0 0.473437 0.422222 0.0197917 0.0703704 0.267057
0 0.594271 0.437037 0.0197917 0.0851852 0.267444
0 0.472396 0.419444 0.0197917 0.0648148 0.270431
2 0.0572917 0.489815 0.114583 0.353704 0.274587
0 0.291146 0.476852 0.0302083 0.168519 0.282307
0 0.306771 0.473148 0.028125 0.164815 0.283263
0 0.291667 0.477778 0.03125 0.166667 0.286451
0 0.59375 0.442593 0.01875 0.0888889 0.287581
0 0.471875 0.421296 0.01875 0.0648148 0.293142
0 0.302083 0.475926 0.0270833 0.166667 0.301979
0 0.302083 0.476852 0.0270833 0.168519 0.302755
0 0.281771 0.480556 0.0302083 0.168519 0.325538
0 0.558333 0.427778 0.0145833 0.0740741 0.325571
0 0.28125 0.481481 0.03125 0.17037 0.33513
0 0.298438 0.476852 0.040625 0.161111 0.336824
0 0.595833 0.440741 0.0208333 0.0888889 0.337952
0 0.558333 0.427778 0.0145833 0.0740741 0.35756
0 0.557813 0.42963 0.015625 0.0740741 0.360189
0 0.739062 0.488889 0.0510417 0.222222 0.362534
0 0.557813 0.42963 0.015625 0.0740741 0.378309
0 0.328646 0.485185 0.0385417 0.185185 0.383309
0 0.739062 0.488889 0.0510417 0.222222 0.384631
0 0.300521 0.477778 0.0385417 0.162963 0.387343
0 0.323438 0.485185 0.0552083 0.188889 0.394367
0 0.55625 0.426852 0.0166667 0.0796296 0.396245
0 0.739062 0.488889 0.0510417 0.222222 0.401788
0 0.557292 0.428704 0.0166667 0.0759259 0.407622
0 0.216667 0.485185 0.0333333 0.166667 0.409266
0 0.614062 0.438889 0.0197917 0.0925926 0.409971
0 0.328646 0.484259 0.0385417 0.183333 0.410732
0 0.557813 0.427778 0.015625 0.0777778 0.411875
0 0.220313 0.484259 0.034375 0.168519 0.413328
0 0.595833 0.441667 0.0208333 0.087037 0.413338
0 0.278646 0.47963 0.0322917 0.166667 0.415044
0 0.557813 0.428704 0.015625 0.0722222 0.415263
0 0.301042 0.476852 0.0375 0.161111 0.416599
0 0.220833 0.484259 0.0333333 0.168519 0.419731
0 0.278125 0.478704 0.0333333 0.164815 0.422178
0 0.33125 0.484259 0.0375 0.201852 0.426286
0 0.557292 0.427778 0.0145833 0.0777778 0.426531
0 0.216667 0.485185 0.0333333 0.166667 0.427481
0 0.556771 0.426852 0.015625 0.0759259 0.429078
0 0.735417 0.488889 0.0479167 0.222222 0.435274
0 0.33125 0.484259 0.0375 0.201852 0.443512
0 0.614062 0.438889 0.0197917 0.0962963 0.449838
0 0.595833 0.440741 0.0208333 0.0888889 0.450484
0 0.735417 0.488889 0.0479167 0.222222 0.452173
0 0.595833 0.440741 0.0208333 0.0888889 0.452315
0 0.557813 0.427778 0.015625 0.0777778 0.452431
0 0.614062 0.438889 0.0197917 0.0962963 0.452768
0 0.219271 0.485185 0.034375 0.162963 0.455592
0 0.325 0.485185 0.0520833 0.188889 0.458366
0 0.219271 0.485185 0.034375 0.162963 0.468512
0 0.325 0.484259 0.0520833 0.190741 0.474486
0 0.735417 0.488889 0.0479167 0.225926 0.479291
0 0.258854 0.483333 0.028125 0.155556 0.483915
0 0.258854 0.484259 0.028125 0.153704 0.487668
0 0.219271 0.486111 0.034375 0.164815 0.490569
0 0.259896 0.483333 0.0302083 0.155556 0.504772
2 0.05625 0.506481 0.1125 0.327778 0.518636
0 0.260417 0.483333 0.03125 0.155556 0.523523
2 0.05625 0.506481 0.1125 0.327778 0.527386
2 0.0572917 0.506481 0.1125 0.331481 0.55458
2 0.0567708 0.507407 0.111458 0.333333 0.554932
0 0.2625 0.484259 0.0354167 0.157407 0.563033
2 0.0572917 0.506481 0.1125 0.331481 0.563591
0 0.611979 0.438889 0.021875 0.0925926 0.565533
0 0.260417 0.483333 0.03125 0.155556 0.573841
0 0.611979 0.438889 0.0260417 0.0925926 0.574092
0 0.306771 0.475926 0.0302083 0.17037 0.574728
0 0.306771 0.475926 0.0302083 0.17037 0.577734
0 0.263021 0.484259 0.034375 0.157407 0.580217
0 0.6125 0.438889 0.025 0.0925926 0.584997
0 0.738542 0.488889 0.0520833 0.22963 0.589386
0 0.611979 0.438889 0.0260417 0.0925926 0.595391
0 0.613542 0.439815 0.0208333 0.0944444 0.597198
0 0.259896 0.483333 0.0302083 0.159259 0.602426
0 0.259896 0.482407 0.0302083 0.157407 0.629077
0 0.306771 0.475926 0.0260417 0.166667 0.630306
0 0.614062 0.437963 0.0197917 0.0944444 0.630476
0 0.306771 0.475 0.0260417 0.164815 0.638901
0 0.333854 0.487963 0.0385417 0.205556 0.64417
0 0.614062 0.439815 0.0197917 0.0981481 0.645889
0 0.333854 0.487963 0.0385417 0.205556 0.647059
0 0.259375 0.483333 0.0291667 0.159259 0.649956
0 0.613542 0.437963 0.0208333 0.0944444 0.652444
0 0.258854 0.484259 0.028125 0.157407 0.652948
0 0.613542 0.437963 0.0208333 0.0944444 0.656909
0 0.258854 0.484259 0.028125 0.157407 0.660483
2 0.0572917 0.501852 0.1125 0.32963 0.665617
0 0.736979 0.487037 0.0510417 0.225926 0.665759
0 0.7375 0.487963 0.05 0.227778 0.669844
2 0.0572917 0.500926 0.1125 0.331481 0.678136
2 0.0567708 0.500926 0.111458 0.331481 0.678262
0 0.7375 0.488889 0.0479167 0.222222 0.682476
2 0.0567708 0.501852 0.111458 0.333333 0.682891
0 0.217708 0.484259 0.0354167 0.168519 0.686779
2 0.0572917 0.501852 0.1125 0.32963 0.687703
0 0.217708 0.484259 0.0354167 0.168519 0.692505
2 0.0567708 0.501852 0.111458 0.32963 0.696476
2 0.0567708 0.502778 0.111458 0.331481 0.702664
2 0.0572917 0.505556 0.1125 0.32963 0.723684
2 0.0572917 0.50463 0.1125 0.327778 0.724572
2 0.0572917 0.505556 0.1125 0.32963 0.73628
0 0.7375 0.488889 0.0479167 0.222222 0.740072
0 0.332812 0.487037 0.0385417 0.2 0.748519
0 0.332812 0.487037 0.0385417 0.2 0.76384
0 0.7375 0.487963 0.0479167 0.224074 0.780139
0 0.7375 0.488889 0.0479167 0.222222 0.782463
0 0.332812 0.486111 0.0385417 0.201852 0.783683
0 0.218229 0.485185 0.034375 0.166667 0.789809
0 0.7375 0.487963 0.0479167 0.227778 0.790321
0 0.331771 0.487037 0.0385417 0.203704 0.792344
0 0.21875 0.486111 0.0354167 0.168519 0.792666
0 0.7375 0.487963 0.0479167 0.224074 0.793768
0 0.218229 0.485185 0.034375 0.166667 0.794048
0 0.218229 0.486111 0.034375 0.168519 0.795489
0 0.332812 0.487963 0.0385417 0.201852 0.801542
0 0.331771 0.487037 0.0385417 0.203704 0.802187
0 0.332812 0.488889 0.0385417 0.203704 0.804048
0 0.332812 0.487963 0.0385417 0.201852 0.804582
0 0.21875 0.486111 0.0354167 0.168519 0.808327
0 0.735937 0.487963 0.046875 0.227778 0.811008
0 0.735937 0.487963 0.046875 0.227778 0.816509
0 0.21875 0.485185 0.0354167 0.17037 0.820406
0 0.736979 0.488889 0.046875 0.22963 0.820798
0 0.736979 0.487963 0.046875 0.227778 0.826182
0 0.218229 0.485185 0.034375 0.17037 0.84958
0 0.218229 0.486111 0.034375 0.172222 0.852409
