0 0.344792 0.339815 0.0166667 0.0648148 0.25399
0 0.808854 0.539815 0.109375 0.568519 0.255529
0 0.344271 0.339815 0.0177083 0.0648148 0.255535
0 0.810938 0.539815 0.113542 0.572222 0.256114
13 0.278646 0.667593 0.217708 0.190741 0.25687
0 0.439583 0.343519 0.0208333 0.109259 0.257944
24 0.966667 0.466667 0.0666667 0.2 0.258106
0 0.918229 0.55 0.132292 0.592593 0.25845
13 0.277083 0.67037 0.216667 0.188889 0.259979
0 0.918229 0.549074 0.132292 0.590741 0.260376
13 0.282292 0.439815 0.15 0.109259 0.260422
13 0.278646 0.668519 0.217708 0.188889 0.26102
13 0.286458 0.444444 0.15 0.111111 0.26707
0 0.439583 0.343519 0.0208333 0.109259 0.268684
0 0.489583 0.353704 0.0208333 0.107407 0.271357
0 0.434896 0.35 0.034375 0.103704 0.272283
0 0.345833 0.338889 0.01875 0.0666667 0.272791
0 0.486979 0.358333 0.0197917 0.109259 0.274204
0 0.808333 0.551852 0.1125 0.585185 0.27557
0 0.808333 0.550926 0.1125 0.57963 0.277128
0 0.125 0.367593 0.025 0.109259 0.280233
0 0.465625 0.375 0.0291667 0.131481 0.283433
0 0.486979 0.358333 0.0197917 0.109259 0.284768
13 0.276563 0.671296 0.215625 0.190741 0.287439
0 0.468229 0.372222 0.0260417 0.12963 0.288264
0 0.563021 0.369444 0.0385417 0.194444 0.289807
24 0.948958 0.478704 0.0958333 0.287037 0.296916
0 0.563021 0.369444 0.0385417 0.194444 0.297632
0 0.125 0.368519 0.025 0.111111 0.298375
0 0.818229 0.534259 0.105208 0.546296 0.30084
0 0.124479 0.368519 0.0239583 0.111111 0.301629
0 0.285417 0.362963 0.03125 0.133333 0.304012
0 0.488021 0.353704 0.021875 0.107407 0.311513
0 0.413542 0.353704 0.0229167 0.122222 0.313927
0 0.811458 0.539815 0.1125 0.568519 0.320448
13 0.288021 0.441667 0.146875 0.0981481 0.320823
0 0.415104 0.347222 0.0197917 0.112963 0.326034
24 0.963021 0.461111 0.0739583 0.211111 0.326182
24 0.963021 0.461111 0.0739583 0.211111 0.327906
24 0.948438 0.475926 0.096875 0.259259 0.330402
13 0.294271 0.441667 0.153125 0.105556 0.333721
24 0.963542 0.461111 0.0729167 0.211111 0.338087
0 0.415104 0.348148 0.0197917 0.114815 0.340114
13 0.276563 0.668519 0.215625 0.192593 0.340663
0 0.125521 0.372222 0.0260417 0.122222 0.341566
0 0.414062 0.353704 0.021875 0.125926 0.341744
0 0.469271 0.383333 0.028125 0.133333 0.344874
0 0.0510417 0.362963 0.0208333 0.103704 0.346381
13 0.327083 0.789815 0.297917 0.42037 0.346744
13 0.2875 0.440741 0.145833 0.1 0.348942
13 0.276563 0.667593 0.215625 0.190741 0.349799
0 0.415104 0.347222 0.0197917 0.116667 0.353636
0 0.4875 0.351852 0.0208333 0.107407 0.354625
0 0.488021 0.353704 0.021875 0.107407 0.357435
0 0.0526042 0.366667 0.021875 0.0925926 0.357674
13 0.333854 0.784259 0.317708 0.416667 0.358669
0 0.414062 0.353704 0.021875 0.125926 0.360011
0 0.466146 0.375 0.028125 0.135185 0.363517
0 0.488021 0.35463 0.021875 0.105556 0.365989
13 0.333854 0.784259 0.319792 0.416667 0.367121
0 0.466146 0.375 0.028125 0.135185 0.37028
0 0.0526042 0.366667 0.021875 0.0925926 0.371433
13 0.333333 0.785185 0.31875 0.414815 0.371727
0 0.284896 0.358333 0.0302083 0.135185 0.373721
0 0.929688 0.527778 0.140625 0.57037 0.37506
13 0.327604 0.790741 0.298958 0.414815 0.378145
0 0.468229 0.373148 0.0260417 0.138889 0.378727
0 0.468229 0.373148 0.0260417 0.135185 0.381348
0 0.919792 0.55 0.133333 0.57037 0.382354
0 0.91875 0.549074 0.13125 0.568519 0.382911
0 0.053125 0.366667 0.0208333 0.0925926 0.383978
0 0.0526042 0.365741 0.021875 0.0944444 0.38409
0 0.378646 0.360185 0.021875 0.116667 0.385466
0 0.0510417 0.363889 0.0208333 0.101852 0.400845
13 0.282813 0.438889 0.148958 0.114815 0.401504
0 0.378646 0.359259 0.021875 0.118519 0.406904
13 0.33125 0.789815 0.297917 0.409259 0.417341
0 0.0510417 0.363889 0.0208333 0.101852 0.424076
0 0.474479 0.375 0.0302083 0.138889 0.424844
0 0.378646 0.359259 0.021875 0.118519 0.424994
0 0.0510417 0.363889 0.0208333 0.101852 0.427202
0 0.284375 0.359259 0.03125 0.137037 0.428654
0 0.473958 0.374074 0.0291667 0.140741 0.429949
13 0.33125 0.789815 0.295833 0.409259 0.431327
0 0.376563 0.358333 0.0239583 0.116667 0.431675
24 0.949479 0.472222 0.090625 0.237037 0.4327
0 0.469271 0.382407 0.028125 0.138889 0.432737
0 0.469271 0.382407 0.028125 0.138889 0.435482
24 0.949479 0.472222 0.090625 0.237037 0.436204
0 0.0526042 0.364815 0.021875 0.1 0.439401
0 0.442708 0.349074 0.0208333 0.0981481 0.449442
0 0.441667 0.351852 0.01875 0.103704 0.455403
0 0.415625 0.352778 0.0208333 0.12037 0.459884
0 0.467708 0.377778 0.03125 0.148148 0.46219
0 0.0520833 0.364815 0.0208333 0.0962963 0.462784
0 0.440104 0.347222 0.0197917 0.0944444 0.463605
0 0.928646 0.530556 0.132292 0.542593 0.465408
24 0.949479 0.471296 0.090625 0.235185 0.467112
0 0.440104 0.348148 0.0197917 0.1 0.468238
0 0.0520833 0.365741 0.0208333 0.0981481 0.470433
0 0.441667 0.351852 0.01875 0.1 0.471076
0 0.808854 0.55 0.117708 0.581481 0.472752
0 0.125521 0.372222 0.0260417 0.122222 0.475298
0 0.379167 0.358333 0.0208333 0.116667 0.479441
0 0.0520833 0.365741 0.0208333 0.0981481 0.479668
13 0.326042 0.782407 0.31875 0.416667 0.480943
0 0.440104 0.347222 0.0197917 0.0981481 0.484705
0 0.441667 0.351852 0.01875 0.103704 0.486609
0 0.809375 0.55 0.116667 0.581481 0.486675
0 0.378646 0.357407 0.021875 0.118519 0.489747
13 0.325521 0.783333 0.315625 0.414815 0.490295
13 0.325 0.783333 0.316667 0.414815 0.49487
0 0.467708 0.376852 0.0333333 0.146296 0.495296
0 0.440625 0.35 0.0208333 0.0925926 0.495314
0 0.467708 0.376852 0.03125 0.146296 0.498695
0 0.440625 0.35 0.0208333 0.0962963 0.503897
24 0.958333 0.472222 0.08125 0.218519 0.51032
0 0.415625 0.352778 0.0208333 0.116667 0.51413
0 0.46875 0.37963 0.0270833 0.137037 0.517874
0 0.379167 0.358333 0.0208333 0.116667 0.518132
0 0.440625 0.350926 0.0208333 0.0944444 0.523226
0 0.415625 0.353704 0.0208333 0.114815 0.525207
0 0.416146 0.353704 0.021875 0.114815 0.526067
0 0.285417 0.362963 0.03125 0.140741 0.534209
0 0.284896 0.362963 0.0322917 0.140741 0.534487
0 0.920313 0.54537 0.123958 0.598148 0.544785
24 0.957812 0.471296 0.0802083 0.22037 0.558642
24 0.961979 0.471296 0.0760417 0.224074 0.560336
0 0.416667 0.35463 0.0208333 0.124074 0.567436
0 0.921354 0.538889 0.136458 0.588889 0.569802
24 0.9625 0.471296 0.075 0.224074 0.57361
0 0.126563 0.371296 0.0260417 0.116667 0.576668
0 0.378125 0.358333 0.0229167 0.12037 0.5832
0 0.470313 0.377778 0.0302083 0.151852 0.58478
0 0.564062 0.373148 0.0364583 0.201852 0.584897
24 0.9625 0.471296 0.075 0.227778 0.586478
0 0.470313 0.377778 0.0302083 0.151852 0.587673
0 0.126563 0.372222 0.0260417 0.118519 0.589038
13 0.326562 0.783333 0.311458 0.418519 0.591715
0 0.378125 0.358333 0.0208333 0.12037 0.591895
0 0.126042 0.371296 0.025 0.116667 0.594147
0 0.920833 0.544444 0.122917 0.566667 0.595741
0 0.563542 0.372222 0.0354167 0.203704 0.601285
0 0.564583 0.372222 0.0375 0.203704 0.606002
0 0.126042 0.373148 0.0270833 0.12037 0.607846
13 0.326562 0.783333 0.311458 0.418519 0.608335
13 0.326562 0.784259 0.311458 0.416667 0.608365
0 0.563542 0.372222 0.0354167 0.2 0.608757
0 0.125521 0.374074 0.028125 0.122222 0.611904
0 0.470313 0.377778 0.0302083 0.151852 0.613285
0 0.284896 0.362037 0.0302083 0.138889 0.61538
0 0.564062 0.372222 0.0364583 0.2 0.618358
0 0.284375 0.361111 0.03125 0.140741 0.619011
0 0.378125 0.358333 0.0208333 0.12037 0.61974
0 0.284896 0.361111 0.0302083 0.140741 0.620428
0 0.378125 0.358333 0.0208333 0.12037 0.621812
0 0.284375 0.360185 0.03125 0.138889 0.62604
0 0.284896 0.359259 0.0302083 0.140741 0.626582
0 0.377604 0.359259 0.021875 0.118519 0.630418
0 0.915625 0.54537 0.133333 0.583333 0.648977
0 0.46875 0.378704 0.0291667 0.142593 0.66197
0 0.125521 0.373148 0.0260417 0.12037 0.669166
0 0.916146 0.54537 0.134375 0.587037 0.673482
0 0.284896 0.363889 0.0322917 0.138889 0.673596
0 0.284896 0.363889 0.0322917 0.138889 0.679608
0 0.126042 0.373148 0.0270833 0.124074 0.685924
0 0.126042 0.372222 0.025 0.122222 0.687825
0 0.920833 0.538889 0.135417 0.588889 0.688656
0 0.284896 0.363889 0.0322917 0.142593 0.700108
0 0.46875 0.378704 0.0291667 0.142593 0.703858
0 0.46875 0.378704 0.0291667 0.142593 0.712545
0 0.284896 0.362963 0.0322917 0.137037 0.717999
0 0.126042 0.374074 0.025 0.122222 0.720026
0 0.125521 0.373148 0.0260417 0.12037 0.7223
0 0.284896 0.362963 0.0322917 0.137037 0.72966
0 0.915625 0.54537 0.129167 0.575926 0.735458
0 0.284375 0.358333 0.03125 0.142593 0.739277
0 0.126042 0.374074 0.025 0.122222 0.745206
0 0.284896 0.363889 0.0322917 0.138889 0.746725
0 0.284375 0.359259 0.03125 0.140741 0.749274
0 0.916146 0.544444 0.132292 0.574074 0.754341
0 0.46875 0.37963 0.0270833 0.140741 0.760903
0 0.46875 0.37963 0.0270833 0.144444 0.761553
0 0.125521 0.374074 0.0260417 0.122222 0.765889
0 0.126042 0.374074 0.025 0.122222 0.766505
0 0.563542 0.37037 0.0375 0.196296 0.774941
0 0.563542 0.37037 0.0375 0.196296 0.780532
0 0.125521 0.371296 0.0260417 0.12037 0.8008
0 0.125521 0.371296 0.0260417 0.12037 0.803384
0 0.563542 0.371296 0.0354167 0.198148 0.81319
0 0.810417 0.546296 0.114583 0.577778 0.814591
0 0.125521 0.372222 0.0260417 0.118519 0.817787
0 0.8125 0.540741 0.1125 0.566667 0.819039
0 0.563542 0.37037 0.0375 0.2 0.824234
0 0.563021 0.37037 0.0364583 0.196296 0.827398
0 0.563021 0.37037 0.0364583 0.196296 0.834886
0 0.563542 0.371296 0.0354167 0.198148 0.835157
0 0.563542 0.372222 0.0354167 0.2 0.847692
0 0.563021 0.371296 0.0364583 0.201852 0.848419
0 0.563021 0.371296 0.0364583 0.201852 0.85505
0 0.8125 0.541667 0.1125 0.572222 0.861075
0 0.811458 0.540741 0.114583 0.581481 0.866562
0 0.810417 0.546296 0.114583 0.577778 0.868562
0 0.810938 0.539815 0.113542 0.583333 0.868999
0 0.810417 0.548148 0.114583 0.574074 0.875023
0 0.810417 0.548148 0.114583 0.574074 0.8795
