0 0.325 0.423148 0.0166667 0.0648148 0.259464
0 0.4875 0.469444 0.03125 0.138889 0.261877
0 0.645833 0.421296 0.0166667 0.0462963 0.262161
0 0.0291667 0.490741 0.0541667 0.203704 0.262367
0 0.645833 0.422222 0.0166667 0.0481481 0.262952
0 0.279687 0.439815 0.0239583 0.0981481 0.263951
0 0.280208 0.439815 0.0229167 0.0944444 0.264997
0 0.065625 0.473148 0.03125 0.131481 0.266627
13 0.392708 0.57963 0.147917 0.0814815 0.269479
0 0.326042 0.422222 0.0166667 0.0666667 0.270387
0 0.763542 0.560185 0.0916667 0.487037 0.270833
0 0.282813 0.42963 0.0177083 0.0888889 0.279501
0 0.645833 0.421296 0.0166667 0.0462963 0.280225
0 0.377604 0.444444 0.0197917 0.103704 0.282589
0 0.324479 0.423148 0.015625 0.0648148 0.284682
0 0.280208 0.440741 0.0229167 0.0962963 0.285109
0 0.488021 0.471296 0.0322917 0.138889 0.287323
0 0.274479 0.442593 0.028125 0.107407 0.287696
0 0.283333 0.430556 0.01875 0.0907407 0.28984
0 0.0328125 0.491667 0.0552083 0.194444 0.299209
0 0.0286458 0.492593 0.0552083 0.203704 0.301218
0 0.405208 0.442593 0.01875 0.103704 0.305198
0 0.969792 0.436111 0.0583333 0.312963 0.310552
0 0.325 0.423148 0.0166667 0.0648148 0.311474
0 0.282813 0.42963 0.0177083 0.0888889 0.313275
0 0.765104 0.571296 0.107292 0.487037 0.314464
0 0.325521 0.424074 0.0135417 0.0666667 0.326246
0 0.405208 0.442593 0.01875 0.103704 0.328356
13 0.423438 0.598148 0.203125 0.103704 0.329401
0 0.645833 0.422222 0.0166667 0.0481481 0.33116
0 0.405208 0.441667 0.01875 0.105556 0.336395
0 0.645312 0.421296 0.0177083 0.05 0.339007
0 0.488021 0.474074 0.0322917 0.148148 0.34033
0 0.971875 0.436111 0.05625 0.316667 0.341755
0 0.970833 0.435185 0.05625 0.307407 0.341771
0 0.488021 0.474074 0.0322917 0.148148 0.343281
0 0.971354 0.435185 0.0572917 0.322222 0.345571
0 0.325521 0.424074 0.0135417 0.0666667 0.346666
0 0.266146 0.451852 0.021875 0.111111 0.347935
0 0.971354 0.435185 0.0572917 0.325926 0.350162
0 0.266667 0.450926 0.0229167 0.112963 0.351085
0 0.645312 0.421296 0.0177083 0.05 0.353829
0 0.0640625 0.476852 0.0302083 0.172222 0.355235
0 0.645833 0.423148 0.0166667 0.0574074 0.355784
0 0.0645833 0.476852 0.03125 0.172222 0.357903
13 0.409375 0.586111 0.179167 0.0907407 0.35868
0 0.645833 0.425926 0.0166667 0.0592593 0.3634
0 0.970833 0.436111 0.05625 0.316667 0.364651
0 0.759896 0.573148 0.103125 0.487037 0.365315
0 0.486979 0.473148 0.0322917 0.15 0.365571
0 0.0328125 0.491667 0.0552083 0.194444 0.366123
0 0.970833 0.436111 0.05625 0.316667 0.366208
0 0.971354 0.436111 0.0572917 0.324074 0.367049
0 0.486979 0.473148 0.0322917 0.146296 0.367714
0 0.970833 0.437037 0.05625 0.314815 0.378469
0 0.266146 0.451852 0.021875 0.111111 0.37926
0 0.759896 0.573148 0.0989583 0.494444 0.379726
0 0.0260417 0.496296 0.04375 0.203704 0.383653
0 0.0260417 0.49537 0.04375 0.201852 0.388379
0 0.401042 0.438889 0.03125 0.103704 0.390558
0 0.266667 0.446296 0.0229167 0.103704 0.397546
0 0.264062 0.449074 0.021875 0.12037 0.398009
0 0.264583 0.45 0.0208333 0.118519 0.399879
0 0.0229167 0.49537 0.04375 0.190741 0.400151
0 0.266146 0.448148 0.0239583 0.107407 0.406487
0 0.267188 0.446296 0.0239583 0.107407 0.409479
0 0.264583 0.45 0.0208333 0.118519 0.415544
0 0.267188 0.447222 0.0239583 0.105556 0.415796
0 0.763021 0.574074 0.105208 0.485185 0.42779
0 0.374479 0.442593 0.0197917 0.0962963 0.430381
0 0.486458 0.468519 0.0333333 0.155556 0.435095
0 0.764583 0.573148 0.110417 0.494444 0.441488
0 0.0322917 0.492593 0.05625 0.196296 0.443142
0 0.0614583 0.486111 0.0354167 0.168519 0.444532
0 0.375 0.443519 0.0208333 0.0981481 0.446507
0 0.0197917 0.498148 0.0395833 0.188889 0.448057
0 0.0614583 0.486111 0.0354167 0.168519 0.449628
0 0.0296875 0.496296 0.0552083 0.192593 0.452321
0 0.407813 0.438889 0.021875 0.1 0.453766
0 0.486458 0.467593 0.0333333 0.153704 0.454172
0 0.0223958 0.49537 0.0447917 0.190741 0.458144
0 0.407813 0.438889 0.021875 0.1 0.458995
0 0.0614583 0.485185 0.0354167 0.17037 0.459218
0 0.0197917 0.498148 0.0395833 0.188889 0.461125
0 0.374479 0.443519 0.0197917 0.0981481 0.464099
0 0.407813 0.438889 0.021875 0.1 0.469549
0 0.0291667 0.496296 0.0541667 0.192593 0.469957
0 0.266146 0.450926 0.021875 0.112963 0.470588
0 0.375 0.442593 0.0208333 0.1 0.472268
0 0.0661458 0.478704 0.0302083 0.146296 0.472722
0 0.486458 0.468519 0.0333333 0.151852 0.47488
0 0.0661458 0.477778 0.0302083 0.144444 0.480267
0 0.0661458 0.476852 0.0302083 0.142593 0.490565
0 0.0291667 0.49537 0.0541667 0.194444 0.492322
0 0.0239583 0.493519 0.0479167 0.198148 0.497364
0 0.764583 0.571296 0.10625 0.498148 0.506595
0 0.0588542 0.483333 0.0364583 0.177778 0.508146
0 0.0208333 0.5 0.0416667 0.185185 0.509596
0 0.0239583 0.493519 0.0479167 0.201852 0.51054
0 0.0208333 0.500926 0.0416667 0.187037 0.518831
0 0.05 0.487963 0.0375 0.187037 0.521426
0 0.0213542 0.500926 0.0427083 0.187037 0.529738
0 0.376042 0.444444 0.01875 0.1 0.535022
0 0.0588542 0.483333 0.0364583 0.177778 0.543364
0 0.376042 0.444444 0.01875 0.103704 0.550441
0 0.05 0.487037 0.0375 0.188889 0.551538
0 0.065625 0.473148 0.03125 0.142593 0.554584
0 0.065625 0.473148 0.03125 0.142593 0.554873
0 0.376042 0.444444 0.01875 0.103704 0.556563
0 0.0223958 0.496296 0.0447917 0.192593 0.561009
0 0.0619792 0.482407 0.034375 0.161111 0.565633
0 0.0619792 0.483333 0.034375 0.162963 0.569106
0 0.406771 0.438889 0.021875 0.1 0.575708
0 0.488542 0.472222 0.0333333 0.148148 0.58173
0 0.065625 0.477778 0.03125 0.162963 0.588337
0 0.0651042 0.477778 0.0322917 0.162963 0.592611
0 0.489062 0.472222 0.0322917 0.148148 0.598453
0 0.489062 0.472222 0.0322917 0.148148 0.599344
0 0.0619792 0.482407 0.034375 0.161111 0.60501
0 0.0286458 0.489815 0.046875 0.201852 0.617678
0 0.40625 0.439815 0.0208333 0.101852 0.620214
0 0.40625 0.438889 0.0208333 0.103704 0.621125
0 0.442708 0.439815 0.01875 0.0981481 0.622071
0 0.442187 0.439815 0.0197917 0.0981481 0.626161
0 0.0291667 0.490741 0.0479167 0.203704 0.630141
0 0.442187 0.438889 0.021875 0.1 0.636028
0 0.442708 0.440741 0.01875 0.1 0.643037
0 0.441667 0.439815 0.0208333 0.101852 0.657279
0 0.442187 0.439815 0.021875 0.101852 0.664703
0 0.40625 0.438889 0.0208333 0.1 0.665135
0 0.765104 0.575926 0.107292 0.507407 0.703219
0 0.40625 0.438889 0.0208333 0.1 0.714077
0 0.764583 0.576852 0.10625 0.501852 0.734467
0 0.441146 0.438889 0.021875 0.103704 0.73546
0 0.40625 0.438889 0.0208333 0.1 0.736793
0 0.441667 0.440741 0.0208333 0.1 0.747107
0 0.764583 0.576852 0.10625 0.509259 0.748005
0 0.40625 0.438889 0.0208333 0.1 0.748779
0 0.441667 0.439815 0.0208333 0.101852 0.764153
0 0.441667 0.439815 0.0208333 0.101852 0.766687
0 0.488021 0.471296 0.0322917 0.15 0.768599
0 0.40625 0.437963 0.0208333 0.101852 0.769326
0 0.488021 0.471296 0.0322917 0.15 0.776474
0 0.441667 0.438889 0.0208333 0.103704 0.785468
0 0.763542 0.574074 0.10625 0.507407 0.795801
0 0.488021 0.472222 0.0322917 0.148148 0.798013
0 0.488021 0.471296 0.0322917 0.15 0.798345
0 0.442187 0.440741 0.021875 0.107407 0.806142
0 0.766146 0.57963 0.107292 0.511111 0.806549
0 0.488021 0.472222 0.0322917 0.151852 0.815959
0 0.765104 0.575926 0.107292 0.507407 0.816648
0 0.763542 0.575 0.10625 0.509259 0.822064
0 0.488021 0.472222 0.0322917 0.151852 0.82742
0 0.765625 0.578704 0.108333 0.509259 0.827582
0 0.4875 0.469444 0.0333333 0.142593 0.848706
0 0.488542 0.47037 0.0333333 0.144444 0.850152
0 0.488542 0.47037 0.0333333 0.148148 0.851467
0 0.486979 0.469444 0.0322917 0.146296 0.853798
0 0.763021 0.576852 0.105208 0.498148 0.855974
0 0.763021 0.575926 0.105208 0.496296 0.865986
