0 0.271354 0.291667 0.0239583 0.101852 0.253155
0 0.329167 0.284259 0.025 0.0648148 0.25509
0 0.494271 0.308333 0.0260417 0.135185 0.255418
0 0.421875 0.301852 0.0229167 0.103704 0.25783
26 0.870833 0.468519 0.04375 0.144444 0.259539
0 0.0973958 0.318519 0.0260417 0.122222 0.262205
26 0.870833 0.467593 0.04375 0.146296 0.263143
26 0.870833 0.467593 0.04375 0.146296 0.265811
0 0.271354 0.291667 0.0239583 0.101852 0.266977
0 0.423958 0.299074 0.0208333 0.101852 0.267092
0 0.422396 0.301852 0.0239583 0.103704 0.267558
0 0.951563 0.503704 0.096875 0.703704 0.267617
0 0.423438 0.298148 0.0197917 0.1 0.272783
0 0.945312 0.508333 0.109375 0.709259 0.274901
26 0.870833 0.455556 0.0395833 0.122222 0.283305
0 0.422396 0.302778 0.0239583 0.101852 0.284935
0 0.289062 0.288889 0.0489583 0.1 0.287506
0 0.424479 0.298148 0.0197917 0.1 0.288163
26 0.870313 0.461111 0.040625 0.12963 0.288809
0 0.426042 0.301852 0.01875 0.107407 0.292426
0 0.426042 0.301852 0.0166667 0.103704 0.294094
0 0.204167 0.325 0.0333333 0.17963 0.298375
0 0.945833 0.530556 0.108333 0.698148 0.298635
0 0.495833 0.305556 0.0229167 0.125926 0.299942
0 0.096875 0.318519 0.025 0.118519 0.302414
0 0.292188 0.288889 0.0427083 0.1 0.304497
0 0.204167 0.325926 0.0333333 0.181481 0.305973
26 0.870313 0.460185 0.040625 0.131481 0.306159
0 0.590104 0.319444 0.0302083 0.135185 0.308595
0 0.951563 0.503704 0.096875 0.703704 0.312696
26 0.870313 0.459259 0.040625 0.133333 0.317871
0 0.426042 0.300926 0.0166667 0.105556 0.318778
0 0.495313 0.310185 0.0260417 0.135185 0.32003
0 0.329167 0.286111 0.0270833 0.0722222 0.320601
0 0.292188 0.289815 0.0427083 0.101852 0.321491
0 0.426562 0.299074 0.0177083 0.105556 0.325874
0 0.298958 0.287037 0.03125 0.1 0.329081
0 0.426562 0.299074 0.0177083 0.101852 0.329315
0 0.271354 0.296296 0.021875 0.0851852 0.335681
0 0.0963542 0.319444 0.0260417 0.124074 0.338249
0 0.426562 0.299074 0.0177083 0.101852 0.343907
0 0.203646 0.330556 0.034375 0.17963 0.350993
0 0.55625 0.303704 0.0270833 0.12963 0.351052
0 0.0963542 0.319444 0.0260417 0.12037 0.353443
0 0.495833 0.308333 0.025 0.131481 0.35627
0 0.298438 0.287037 0.0302083 0.1 0.358114
0 0.590625 0.316667 0.03125 0.133333 0.358399
0 0.298958 0.287037 0.03125 0.1 0.359639
0 0.203646 0.330556 0.034375 0.17963 0.36478
0 0.329167 0.287037 0.0270833 0.0777778 0.365542
26 0.870313 0.456481 0.040625 0.127778 0.367453
26 0.870313 0.456481 0.040625 0.127778 0.377518
0 0.495833 0.306481 0.0229167 0.131481 0.379735
0 0.554167 0.303704 0.025 0.122222 0.38013
0 0.495833 0.306481 0.0229167 0.127778 0.380206
0 0.423438 0.301852 0.021875 0.107407 0.38029
0 0.948958 0.521296 0.102083 0.653704 0.382098
0 0.618229 0.294444 0.0239583 0.103704 0.382556
0 0.554688 0.30463 0.021875 0.12037 0.382886
0 0.329688 0.287963 0.0260417 0.0759259 0.388823
0 0.424479 0.302778 0.021875 0.109259 0.397009
0 0.297396 0.288889 0.0302083 0.103704 0.400344
0 0.55625 0.301852 0.0270833 0.125926 0.400732
0 0.554167 0.30463 0.0229167 0.12037 0.401521
0 0.297917 0.288889 0.03125 0.103704 0.405537
0 0.329688 0.287963 0.0260417 0.0759259 0.40594
0 0.0973958 0.321296 0.0239583 0.116667 0.407545
0 0.203646 0.330556 0.034375 0.183333 0.408108
0 0.0973958 0.32037 0.0239583 0.114815 0.412754
0 0.0973958 0.321296 0.0239583 0.116667 0.41303
0 0.0963542 0.319444 0.0260417 0.124074 0.41745
0 0.203646 0.330556 0.034375 0.183333 0.419286
0 0.204167 0.32963 0.0354167 0.181481 0.427018
0 0.591146 0.317593 0.0322917 0.131481 0.436999
0 0.55625 0.302778 0.0270833 0.127778 0.438427
0 0.329688 0.286111 0.0260417 0.0685185 0.439715
0 0.0973958 0.318519 0.0239583 0.118519 0.445132
0 0.828646 0.508333 0.119792 0.62037 0.454451
0 0.329688 0.286111 0.0260417 0.0685185 0.456767
0 0.204167 0.325926 0.0354167 0.181481 0.465573
0 0.946875 0.524074 0.10625 0.651852 0.46996
0 0.203646 0.325926 0.034375 0.181481 0.471526
0 0.55625 0.303704 0.0270833 0.12963 0.480204
0 0.945833 0.508333 0.108333 0.698148 0.481823
26 0.870833 0.452778 0.0416667 0.135185 0.484282
26 0.870833 0.45463 0.0416667 0.135185 0.487796
0 0.203646 0.325926 0.034375 0.181481 0.493056
0 0.4625 0.32037 0.03125 0.155556 0.495815
0 0.297396 0.289815 0.0302083 0.101852 0.498746
0 0.297917 0.287963 0.03125 0.0981481 0.499155
0 0.829167 0.511111 0.120833 0.614815 0.500938
26 0.870313 0.453704 0.0427083 0.133333 0.501229
0 0.55625 0.301852 0.0270833 0.125926 0.503058
0 0.329167 0.286111 0.0270833 0.0685185 0.512451
0 0.4625 0.32037 0.03125 0.155556 0.515452
0 0.297396 0.288889 0.0302083 0.1 0.517821
0 0.590625 0.316667 0.03125 0.140741 0.522411
0 0.297396 0.288889 0.0302083 0.1 0.524677
0 0.329167 0.286111 0.0270833 0.0685185 0.524821
0 0.0963542 0.319444 0.0239583 0.12037 0.529944
0 0.096875 0.319444 0.0229167 0.116667 0.532224
0 0.329167 0.286111 0.0270833 0.0685185 0.532573
0 0.204167 0.328704 0.0354167 0.183333 0.535663
0 0.204688 0.331481 0.034375 0.185185 0.535801
0 0.620833 0.292593 0.01875 0.0851852 0.536315
0 0.096875 0.32037 0.0229167 0.118519 0.537957
0 0.204167 0.327778 0.0354167 0.181481 0.544372
0 0.590625 0.315741 0.03125 0.138889 0.545519
0 0.204167 0.327778 0.0354167 0.181481 0.546045
0 0.096875 0.32037 0.0229167 0.118519 0.546867
0 0.495833 0.308333 0.0229167 0.127778 0.550549
0 0.204167 0.331481 0.0354167 0.185185 0.550904
0 0.495313 0.305556 0.021875 0.12963 0.553918
0 0.945833 0.507407 0.108333 0.696296 0.559523
0 0.0958333 0.318519 0.025 0.122222 0.560992
0 0.495833 0.310185 0.0229167 0.135185 0.562714
0 0.55625 0.303704 0.0270833 0.12963 0.565663
0 0.297396 0.287963 0.0322917 0.101852 0.571277
0 0.271354 0.297222 0.021875 0.087037 0.573741
0 0.620833 0.292593 0.01875 0.0851852 0.580464
0 0.620833 0.292593 0.01875 0.0851852 0.586181
0 0.271354 0.297222 0.021875 0.087037 0.593402
0 0.0958333 0.317593 0.025 0.124074 0.594713
0 0.0963542 0.32037 0.0239583 0.122222 0.596919
0 0.297396 0.287963 0.0322917 0.105556 0.597882
0 0.271354 0.297222 0.021875 0.087037 0.600961
0 0.830208 0.516667 0.122917 0.655556 0.604104
0 0.0958333 0.318519 0.025 0.122222 0.604252
0 0.620833 0.288889 0.01875 0.0888889 0.605318
0 0.464583 0.316667 0.0333333 0.155556 0.606423
0 0.271354 0.301852 0.021875 0.0888889 0.607274
0 0.464583 0.316667 0.0333333 0.159259 0.607859
0 0.297396 0.287963 0.0322917 0.105556 0.61061
0 0.55625 0.303704 0.025 0.12963 0.61357
0 0.495833 0.308333 0.0208333 0.135185 0.614308
0 0.270833 0.298148 0.0208333 0.0851852 0.614774
0 0.495313 0.309259 0.021875 0.12963 0.616074
0 0.271354 0.3 0.021875 0.0888889 0.628675
0 0.495313 0.309259 0.021875 0.12963 0.630062
0 0.620833 0.288889 0.01875 0.0888889 0.630585
0 0.271354 0.3 0.021875 0.0888889 0.634583
0 0.620833 0.288889 0.01875 0.0888889 0.634736
0 0.829687 0.512963 0.119792 0.644444 0.635712
0 0.495313 0.305556 0.021875 0.133333 0.657018
0 0.495313 0.305556 0.021875 0.133333 0.660567
0 0.620833 0.289815 0.01875 0.0907407 0.667034
0 0.590104 0.319444 0.0302083 0.138889 0.675297
0 0.464063 0.323148 0.0322917 0.157407 0.676918
0 0.55625 0.301852 0.025 0.125926 0.67768
0 0.55625 0.303704 0.025 0.12963 0.678462
0 0.4625 0.325 0.03125 0.164815 0.681376
0 0.590104 0.318519 0.0302083 0.137037 0.68156
0 0.55625 0.302778 0.025 0.127778 0.687345
0 0.830208 0.515741 0.122917 0.65 0.687547
0 0.55625 0.301852 0.025 0.125926 0.689366
0 0.55625 0.301852 0.025 0.125926 0.694544
0 0.591146 0.318519 0.0322917 0.140741 0.695058
0 0.620833 0.289815 0.01875 0.0944444 0.695227
0 0.621354 0.289815 0.0197917 0.0944444 0.697507
0 0.55625 0.301852 0.025 0.125926 0.697689
0 0.463542 0.32037 0.0333333 0.162963 0.697872
0 0.463542 0.323148 0.03125 0.157407 0.698942
0 0.4625 0.324074 0.03125 0.166667 0.699462
0 0.464063 0.321296 0.0322917 0.164815 0.700456
0 0.620313 0.289815 0.0197917 0.0944444 0.703838
0 0.591146 0.318519 0.0322917 0.140741 0.708835
0 0.55625 0.301852 0.025 0.125926 0.709995
0 0.463021 0.323148 0.0322917 0.161111 0.715906
0 0.948958 0.513889 0.102083 0.67963 0.716384
0 0.591146 0.316667 0.0322917 0.137037 0.732275
0 0.591146 0.316667 0.0322917 0.137037 0.732917
0 0.829687 0.521296 0.117708 0.631481 0.733199
0 0.555729 0.301852 0.0239583 0.125926 0.734345
0 0.463021 0.323148 0.0322917 0.161111 0.736208
0 0.464063 0.322222 0.0322917 0.159259 0.737335
0 0.620313 0.289815 0.0197917 0.0944444 0.753828
0 0.946875 0.515741 0.10625 0.675926 0.75724
0 0.495833 0.307407 0.0229167 0.12963 0.762282
0 0.463021 0.323148 0.0322917 0.164815 0.763921
0 0.829687 0.513889 0.119792 0.646296 0.766211
0 0.947917 0.512963 0.104167 0.707407 0.768604
0 0.591146 0.316667 0.0322917 0.137037 0.773425
0 0.828646 0.518519 0.117708 0.633333 0.775349
0 0.590625 0.318519 0.03125 0.140741 0.791366
0 0.947917 0.512037 0.104167 0.709259 0.792266
0 0.948438 0.512963 0.103125 0.711111 0.794789
0 0.590625 0.318519 0.03125 0.140741 0.795222
0 0.590625 0.318519 0.03125 0.140741 0.812708
0 0.829687 0.523148 0.117708 0.646296 0.816492
0 0.948438 0.511111 0.103125 0.711111 0.823678
0 0.828646 0.518519 0.119792 0.644444 0.867822
0 0.829687 0.519444 0.119792 0.657407 0.872584
0 0.829687 0.52037 0.119792 0.659259 0.873489
