0 0.334375 0.349074 0.01875 0.0648148 0.254653
0 0.454688 0.386111 0.028125 0.15 0.256478
0 0.514583 0.389815 0.0479167 0.109259 0.25676
0 0.515625 0.390741 0.0458333 0.107407 0.264136
0 0.528125 0.394444 0.025 0.107407 0.265239
0 0.335417 0.35 0.01875 0.062963 0.272477
0 0.334896 0.35 0.0177083 0.062963 0.275077
0 0.617188 0.373148 0.0260417 0.112963 0.276148
0 0.617188 0.373148 0.0260417 0.112963 0.281656
0 0.454688 0.386111 0.028125 0.15 0.28651
0 0.550521 0.360185 0.0260417 0.0796296 0.288296
0 0.392188 0.351852 0.0135417 0.0740741 0.292739
0 0.009375 0.375 0.01875 0.109259 0.294221
0 0.505729 0.380556 0.0302083 0.124074 0.295485
0 0.503125 0.386111 0.0291667 0.116667 0.297104
0 0.334896 0.35 0.0177083 0.062963 0.299317
0 0.0390625 0.37037 0.0260417 0.111111 0.301689
0 0.557292 0.351852 0.0145833 0.0666667 0.302249
0 0.336458 0.349074 0.0166667 0.0611111 0.303312
0 0.454688 0.386111 0.028125 0.15 0.30381
0 0.009375 0.375 0.01875 0.109259 0.303859
0 0.515625 0.390741 0.0458333 0.111111 0.317676
0 0.526563 0.391667 0.028125 0.109259 0.319518
0 0.392188 0.351852 0.0135417 0.0740741 0.327421
0 0.557292 0.351852 0.0145833 0.0666667 0.328524
0 0.524479 0.394444 0.028125 0.103704 0.333878
0 0.0380208 0.371296 0.0260417 0.116667 0.345221
0 0.558333 0.352778 0.0145833 0.0648148 0.355873
0 0.556771 0.352778 0.0177083 0.0648148 0.358725
0 0.0395833 0.371296 0.025 0.116667 0.35876
0 0.524479 0.39537 0.028125 0.105556 0.361243
0 0.557813 0.352778 0.015625 0.0685185 0.362369
0 0.441667 0.387963 0.05625 0.146296 0.364246
0 0.441667 0.387963 0.0541667 0.146296 0.364291
0 0.528646 0.388889 0.0239583 0.114815 0.367961
0 0.558333 0.353704 0.0145833 0.062963 0.36842
0 0.958333 0.512037 0.0833333 0.646296 0.368707
0 0.958333 0.50463 0.0833333 0.65 0.375534
0 0.524479 0.394444 0.028125 0.103704 0.376355
0 0.526563 0.391667 0.028125 0.109259 0.376553
0 0.504687 0.391667 0.0302083 0.105556 0.381568
0 0.454167 0.392593 0.0270833 0.137037 0.383185
0 0.0380208 0.372222 0.0260417 0.114815 0.391222
0 0.0390625 0.372222 0.0239583 0.114815 0.394903
0 0.504687 0.391667 0.0302083 0.105556 0.398102
0 0.529167 0.388889 0.025 0.114815 0.402912
0 0.0390625 0.372222 0.0239583 0.114815 0.406522
0 0.529167 0.388889 0.025 0.114815 0.407167
0 0.527604 0.394444 0.0260417 0.107407 0.407225
0 0.504687 0.391667 0.0302083 0.109259 0.410187
0 0.0395833 0.369444 0.025 0.112963 0.412413
0 0.441146 0.388889 0.0552083 0.144444 0.414071
0 0.503646 0.386111 0.028125 0.116667 0.415783
0 0.453646 0.389815 0.0260417 0.138889 0.42505
0 0.503125 0.387037 0.0270833 0.114815 0.436692
0 0.527604 0.394444 0.0260417 0.107407 0.442167
0 0.958333 0.50463 0.0833333 0.646296 0.448468
0 0.527604 0.394444 0.0260417 0.107407 0.450739
0 0.0380208 0.371296 0.0260417 0.116667 0.45232
0 0.527604 0.392593 0.0260417 0.107407 0.462879
0 0.454167 0.391667 0.0270833 0.146296 0.464366
0 0.556771 0.351852 0.015625 0.062963 0.477812
0 0.454167 0.392593 0.025 0.148148 0.494414
0 0.454167 0.390741 0.0270833 0.144444 0.494508
0 0.557813 0.352778 0.0135417 0.0685185 0.505373
0 0.454167 0.392593 0.025 0.144444 0.507988
0 0.958333 0.513889 0.0833333 0.65 0.513526
0 0.504687 0.384259 0.028125 0.116667 0.513727
0 0.557813 0.352778 0.0135417 0.0685185 0.519205
0 0.504687 0.385185 0.028125 0.114815 0.530717
0 0.454167 0.391667 0.025 0.146296 0.537354
0 0.504687 0.385185 0.028125 0.114815 0.545277
0 0.616146 0.382407 0.0260417 0.124074 0.546368
0 0.616146 0.383333 0.0239583 0.122222 0.549215
0 0.616146 0.382407 0.0260417 0.124074 0.554279
0 0.0380208 0.373148 0.0260417 0.112963 0.55436
0 0.0390625 0.37037 0.0239583 0.114815 0.559501
0 0.0104167 0.375926 0.01875 0.1 0.568143
0 0.616146 0.380556 0.028125 0.124074 0.574128
0 0.708333 0.37963 0.0291667 0.155556 0.575248
0 0.708854 0.378704 0.0302083 0.153704 0.576355
0 0.707812 0.381481 0.0322917 0.159259 0.587036
0 0.707812 0.381481 0.0322917 0.159259 0.592135
0 0.0104167 0.375926 0.0208333 0.107407 0.618275
0 0.616667 0.377778 0.0270833 0.125926 0.622551
0 0.415104 0.381481 0.034375 0.162963 0.638307
0 0.00989583 0.375926 0.0197917 0.103704 0.640439
0 0.616146 0.37963 0.028125 0.125926 0.644473
0 0.707292 0.381481 0.03125 0.151852 0.648644
0 0.415104 0.381481 0.034375 0.166667 0.65266
0 0.0104167 0.376852 0.0208333 0.109259 0.65296
0 0.00989583 0.375926 0.0197917 0.103704 0.653329
0 0.0380208 0.373148 0.0239583 0.109259 0.656996
0 0.0104167 0.376852 0.0208333 0.109259 0.661617
0 0.616667 0.378704 0.0270833 0.124074 0.667512
0 0.0104167 0.375 0.01875 0.109259 0.671288
0 0.616667 0.380556 0.0270833 0.127778 0.673725
0 0.616146 0.380556 0.028125 0.124074 0.677072
0 0.617188 0.378704 0.0260417 0.124074 0.678557
0 0.0390625 0.372222 0.0239583 0.111111 0.68273
0 0.454688 0.390741 0.028125 0.148148 0.68536
0 0.0380208 0.372222 0.0239583 0.111111 0.689253
0 0.415104 0.381481 0.034375 0.162963 0.693933
0 0.0109375 0.374074 0.0197917 0.111111 0.696351
0 0.0380208 0.373148 0.0239583 0.109259 0.703761
0 0.414062 0.384259 0.0302083 0.164815 0.705395
0 0.616667 0.380556 0.0270833 0.127778 0.708126
0 0.615625 0.37963 0.0270833 0.125926 0.709787
0 0.414583 0.384259 0.03125 0.161111 0.710975
0 0.707812 0.382407 0.0322917 0.153704 0.711479
0 0.0390625 0.372222 0.0239583 0.111111 0.711559
0 0.0390625 0.371296 0.0239583 0.109259 0.714421
0 0.707812 0.381481 0.0322917 0.151852 0.715447
0 0.616667 0.380556 0.0270833 0.127778 0.719252
0 0.0380208 0.371296 0.0239583 0.112963 0.719501
0 0.616667 0.381481 0.0270833 0.122222 0.742332
0 0.454167 0.390741 0.0270833 0.148148 0.744232
0 0.957292 0.508333 0.0854167 0.65 0.747771
0 0.707812 0.382407 0.0322917 0.153704 0.75302
0 0.616667 0.37963 0.0270833 0.125926 0.754167
0 0.414583 0.37963 0.0333333 0.162963 0.754608
0 0.415104 0.37963 0.0322917 0.162963 0.763355
0 0.957292 0.509259 0.0854167 0.651852 0.764008
0 0.707812 0.382407 0.0322917 0.15 0.771263
0 0.616146 0.37963 0.0260417 0.125926 0.772338
0 0.0380208 0.373148 0.0239583 0.112963 0.773177
0 0.707292 0.380556 0.03125 0.153704 0.77836
0 0.616667 0.380556 0.0270833 0.124074 0.780598
0 0.707292 0.380556 0.03125 0.153704 0.784361
0 0.707812 0.382407 0.0302083 0.153704 0.785339
0 0.454688 0.389815 0.0260417 0.146296 0.785737
0 0.415104 0.384259 0.0322917 0.164815 0.788235
0 0.616667 0.380556 0.0270833 0.124074 0.79162
0 0.707812 0.382407 0.0322917 0.153704 0.796437
0 0.415104 0.384259 0.0322917 0.164815 0.79768
0 0.707812 0.382407 0.0302083 0.153704 0.800629
0 0.707812 0.382407 0.0302083 0.153704 0.806281
0 0.415104 0.384259 0.0322917 0.164815 0.813427
0 0.958333 0.509259 0.0833333 0.666667 0.822373
0 0.957812 0.509259 0.084375 0.644444 0.826592
0 0.414583 0.381481 0.0333333 0.166667 0.827493
0 0.414583 0.381481 0.0333333 0.166667 0.828383
0 0.454167 0.389815 0.0270833 0.146296 0.836574
0 0.454167 0.392593 0.0270833 0.140741 0.83806
0 0.454167 0.392593 0.0270833 0.140741 0.838795
0 0.454167 0.388889 0.0270833 0.144444 0.847855
0 0.957812 0.510185 0.084375 0.646296 0.85934
0 0.957292 0.508333 0.0854167 0.653704 0.89101
0 0.957292 0.507407 0.0854167 0.648148 0.891846
0 0.958333 0.501852 0.0833333 0.67037 0.892348
