0 0.190625 0.428704 0.0458333 0.261111 0.25043
0 0.190625 0.427778 0.0458333 0.262963 0.250728
0 0.191146 0.428704 0.046875 0.261111 0.250969
26 0.727604 0.359259 0.0322917 0.1 0.251442
0 0.614062 0.361111 0.028125 0.125926 0.252476
26 0.728125 0.361111 0.0291667 0.0888889 0.25444
0 0.684896 0.311111 0.0260417 0.0851852 0.256038
0 0.684896 0.311111 0.0260417 0.0888889 0.256102
0 0.507292 0.362037 0.0229167 0.0907407 0.256294
0 0.188021 0.424074 0.053125 0.266667 0.261471
0 0.684896 0.311111 0.0260417 0.0851852 0.262011
24 0.727604 0.358333 0.0302083 0.0944444 0.274141
0 0.1875 0.433333 0.0541667 0.27037 0.274867
0 0.507812 0.362037 0.021875 0.0907407 0.278172
26 0.727604 0.360185 0.0322917 0.101852 0.279156
0 0.614062 0.362037 0.028125 0.12037 0.297193
0 0.6125 0.364815 0.0270833 0.12963 0.311341
0 0.685938 0.332407 0.0302083 0.142593 0.311956
24 0.728125 0.360185 0.0291667 0.087037 0.315211
0 0.611458 0.363889 0.0291667 0.127778 0.317478
24 0.728125 0.361111 0.0291667 0.0851852 0.32112
0 0.685938 0.331481 0.0302083 0.137037 0.321203
24 0.728125 0.360185 0.0291667 0.087037 0.329048
0 0.611979 0.364815 0.028125 0.133333 0.33129
0 0.189583 0.423148 0.0479167 0.242593 0.335697
0 0.6125 0.363889 0.0270833 0.131481 0.336253
0 0.611458 0.363889 0.0291667 0.127778 0.33979
24 0.727604 0.358333 0.0302083 0.0907407 0.347091
0 0.707292 0.394444 0.0666667 0.285185 0.347531
0 0.70625 0.394444 0.0666667 0.281481 0.348767
0 0.360417 0.350926 0.0270833 0.116667 0.348789
0 0.442708 0.362037 0.0291667 0.124074 0.349323
0 0.685417 0.32963 0.0291667 0.133333 0.351187
0 0.360417 0.349074 0.025 0.12037 0.354488
0 0.442708 0.362037 0.0291667 0.124074 0.363098
0 0.611458 0.362963 0.0270833 0.125926 0.364142
0 0.442187 0.361111 0.028125 0.122222 0.367054
0 0.705729 0.393519 0.0677083 0.283333 0.370167
0 0.190104 0.393519 0.0427083 0.187037 0.375444
0 0.360417 0.350926 0.0270833 0.12037 0.388137
0 0.189583 0.393519 0.0416667 0.190741 0.394378
0 0.189583 0.425926 0.0458333 0.259259 0.395638
0 0.611458 0.363889 0.0270833 0.131481 0.396063
0 0.190104 0.394444 0.0427083 0.188889 0.396656
0 0.189583 0.425926 0.0458333 0.259259 0.397037
0 0.709896 0.4 0.0614583 0.285185 0.400083
0 0.189063 0.425926 0.046875 0.259259 0.401135
0 0.442708 0.362037 0.0291667 0.124074 0.404295
0 0.614062 0.362037 0.0260417 0.124074 0.405835
24 0.727604 0.358333 0.0302083 0.0907407 0.417443
0 0.442187 0.361111 0.028125 0.12963 0.429352
0 0.442187 0.361111 0.0260417 0.125926 0.430821
0 0.360417 0.349074 0.025 0.12037 0.434371
0 0.360938 0.348148 0.0239583 0.118519 0.44822
0 0.611458 0.363889 0.0270833 0.131481 0.452811
0 0.705208 0.394444 0.0583333 0.281481 0.459962
0 0.611458 0.363889 0.0270833 0.131481 0.463713
0 0.359896 0.351852 0.0260417 0.114815 0.471354
0 0.359896 0.350926 0.0260417 0.116667 0.493384
0 0.694271 0.396296 0.0427083 0.288889 0.497865
0 0.443229 0.362037 0.028125 0.135185 0.509668
0 0.360417 0.350926 0.025 0.12037 0.51735
0 0.360417 0.35 0.025 0.118519 0.517725
0 0.703646 0.39537 0.0635417 0.275926 0.581789
0 0.706771 0.396296 0.0635417 0.281481 0.58233
0 0.706771 0.39537 0.0635417 0.283333 0.595779
0 0.443229 0.364815 0.0302083 0.12963 0.598226
0 0.443229 0.364815 0.028125 0.12963 0.599997
0 0.703646 0.39537 0.0635417 0.275926 0.602065
0 0.70625 0.396296 0.0625 0.281481 0.60514
0 0.443229 0.362963 0.028125 0.125926 0.615993
0 0.70625 0.396296 0.0645833 0.281481 0.621478
0 0.703646 0.39537 0.0614583 0.275926 0.627458
0 0.6125 0.360185 0.0270833 0.127778 0.63338
0 0.613021 0.361111 0.028125 0.125926 0.640401
0 0.360417 0.349074 0.0229167 0.116667 0.643069
0 0.705208 0.39537 0.0625 0.27963 0.643085
0 0.705729 0.396296 0.0614583 0.281481 0.645862
0 0.70625 0.394444 0.0625 0.281481 0.655245
0 0.6125 0.364815 0.0270833 0.12963 0.655374
0 0.70625 0.394444 0.0625 0.281481 0.660971
0 0.120833 0.514815 0.166667 0.555556 0.666914
0 0.360938 0.352778 0.0239583 0.12037 0.676564
0 0.44375 0.365741 0.0291667 0.131481 0.677418
0 0.360938 0.352778 0.0239583 0.12037 0.679562
0 0.120833 0.515741 0.166667 0.561111 0.682986
0 0.360938 0.352778 0.0239583 0.12037 0.685234
0 0.44375 0.364815 0.0291667 0.133333 0.687558
0 0.6125 0.364815 0.0291667 0.12963 0.68936
0 0.705729 0.396296 0.0614583 0.281481 0.70039
0 0.443229 0.362963 0.028125 0.125926 0.701756
0 0.613021 0.361111 0.028125 0.12963 0.701762
0 0.360417 0.351852 0.025 0.114815 0.702643
0 0.443229 0.362963 0.028125 0.125926 0.710553
0 0.6125 0.361111 0.0270833 0.12963 0.710796
0 0.6125 0.361111 0.0270833 0.12963 0.711403
0 0.443229 0.362037 0.028125 0.135185 0.711452
0 0.443229 0.362037 0.028125 0.135185 0.716146
0 0.119792 0.506481 0.160417 0.564815 0.71784
0 0.44375 0.364815 0.0291667 0.137037 0.725129
0 0.6125 0.364815 0.0270833 0.12963 0.725782
0 0.6125 0.361111 0.0270833 0.12963 0.72669
0 0.6125 0.364815 0.0270833 0.12963 0.727275
0 0.443229 0.364815 0.028125 0.137037 0.729906
0 0.611979 0.364815 0.028125 0.133333 0.730649
0 0.611979 0.364815 0.028125 0.12963 0.736794
0 0.119271 0.507407 0.159375 0.559259 0.737089
0 0.359896 0.350926 0.0239583 0.116667 0.742431
0 0.120833 0.512037 0.164583 0.55 0.750206
0 0.120833 0.511111 0.164583 0.548148 0.767253
0 0.120833 0.511111 0.164583 0.548148 0.768515
0 0.705208 0.398148 0.0645833 0.285185 0.777952
0 0.360938 0.350926 0.0239583 0.127778 0.785491
0 0.360938 0.351852 0.0239583 0.125926 0.796639
0 0.122396 0.508333 0.163542 0.546296 0.811521
0 0.360938 0.351852 0.0239583 0.125926 0.815449
0 0.122396 0.511111 0.163542 0.548148 0.83959
0 0.121875 0.509259 0.164583 0.559259 0.84669
0 0.121875 0.511111 0.164583 0.548148 0.861302
0 0.122396 0.511111 0.163542 0.548148 0.866195
0 0.122396 0.511111 0.163542 0.551852 0.890226
0 0.121875 0.511111 0.1625 0.551852 0.902721
0 0.121875 0.511111 0.1625 0.551852 0.903483
