0 0.371354 0.438889 0.0197917 0.103704 0.250352
0 0.644271 0.427778 0.0177083 0.0481481 0.25102
0 0.644271 0.426852 0.0177083 0.05 0.25427
0 0.980208 0.737963 0.0395833 0.172222 0.257807
13 0.391667 0.582407 0.164583 0.0907407 0.25909
13 0.388542 0.589815 0.154167 0.0981481 0.261707
0 0.476562 0.475926 0.034375 0.151852 0.263495
0 0.644271 0.427778 0.0177083 0.0481481 0.265281
0 0.64375 0.432407 0.01875 0.0611111 0.267501
13 0.463542 0.630556 0.1125 0.087037 0.268126
0 0.644271 0.433333 0.0177083 0.0592593 0.268724
0 0.477604 0.472222 0.034375 0.137037 0.270669
26 0.844792 0.714815 0.0479167 0.137037 0.270804
13 0.463021 0.631481 0.111458 0.0888889 0.275381
13 0.386458 0.582407 0.15 0.087037 0.276526
13 0.385938 0.582407 0.148958 0.087037 0.27784
13 0.461979 0.628704 0.117708 0.0907407 0.277964
0 0.257292 0.441667 0.0270833 0.12037 0.278506
0 0.279687 0.435185 0.0177083 0.0814815 0.279212
0 0.644271 0.432407 0.0177083 0.0611111 0.279532
26 0.844271 0.714815 0.0489583 0.137037 0.28338
0 0.438542 0.437037 0.025 0.107407 0.284857
0 0.0578125 0.469444 0.0322917 0.15 0.28604
0 0.280208 0.435185 0.01875 0.0851852 0.287504
0 0.0104167 0.493519 0.0208333 0.17963 0.290605
0 0.279687 0.437963 0.0177083 0.0796296 0.292484
0 0.0578125 0.47037 0.0322917 0.148148 0.292967
0 0.258333 0.44537 0.0291667 0.12037 0.293173
0 0.979167 0.666667 0.0416667 0.325926 0.293855
0 0.279167 0.437963 0.01875 0.0833333 0.295053
13 0.463542 0.62963 0.1125 0.0888889 0.301577
0 0.979167 0.665741 0.0416667 0.324074 0.302514
0 0.0104167 0.493519 0.0208333 0.17963 0.305334
13 0.4625 0.630556 0.1125 0.0907407 0.306898
13 0.463542 0.630556 0.1125 0.087037 0.306936
0 0.257812 0.448148 0.0260417 0.125926 0.309643
0 0.439063 0.441667 0.0260417 0.116667 0.309844
0 0.279687 0.436111 0.0177083 0.0833333 0.314776
0 0.4375 0.436111 0.0229167 0.105556 0.315721
0 0.979167 0.667593 0.0416667 0.324074 0.317152
13 0.383854 0.582407 0.153125 0.087037 0.320593
13 0.388542 0.590741 0.160417 0.1 0.322225
0 0.0125 0.492593 0.025 0.185185 0.322427
0 0.979688 0.703704 0.040625 0.248148 0.322518
13 0.453646 0.621296 0.128125 0.0981481 0.323765
0 0.979688 0.703704 0.040625 0.248148 0.326143
0 0.279687 0.437037 0.0177083 0.0814815 0.328069
0 0.438021 0.438889 0.0239583 0.111111 0.328836
0 0.256771 0.44537 0.0260417 0.12037 0.329112
0 0.644792 0.433333 0.01875 0.062963 0.335248
0 0.438021 0.436111 0.0239583 0.105556 0.336272
0 0.438021 0.436111 0.0239583 0.105556 0.342409
0 0.979688 0.706481 0.040625 0.246296 0.348686
0 0.256771 0.446296 0.0260417 0.118519 0.355389
0 0.257292 0.44537 0.025 0.12037 0.356227
0 0.0369792 0.477778 0.0322917 0.174074 0.371457
0 0.0432292 0.477778 0.0510417 0.159259 0.375681
0 0.401563 0.439815 0.0197917 0.105556 0.37782
0 0.439583 0.441667 0.025 0.116667 0.37918
0 0.645312 0.437963 0.0197917 0.0722222 0.382952
0 0.0369792 0.477778 0.0322917 0.174074 0.390549
0 0.0229167 0.486111 0.0458333 0.17963 0.404685
0 0.39375 0.444444 0.0354167 0.107407 0.408971
0 0.0536458 0.473148 0.034375 0.164815 0.409628
0 0.0536458 0.473148 0.034375 0.164815 0.416011
0 0.401563 0.439815 0.0197917 0.109259 0.421471
0 0.401563 0.439815 0.0197917 0.109259 0.425831
0 0.0432292 0.478704 0.0510417 0.161111 0.426362
0 0.0333333 0.484259 0.0333333 0.172222 0.43025
0 0.802083 0.600926 0.0875 0.564815 0.43413
0 0.438542 0.437963 0.025 0.109259 0.43502
0 0.0260417 0.487037 0.05 0.181481 0.45012
0 0.0432292 0.477778 0.0510417 0.159259 0.450785
0 0.0333333 0.484259 0.0333333 0.168519 0.450803
0 0.0338542 0.484259 0.0322917 0.172222 0.478763
0 0.0260417 0.486111 0.05 0.183333 0.494076
0 0.371875 0.443519 0.01875 0.105556 0.496666
0 0.0578125 0.467593 0.0322917 0.135185 0.500655
0 0.802604 0.601852 0.0864583 0.57037 0.519987
0 0.371875 0.443519 0.0208333 0.105556 0.522877
0 0.371875 0.443519 0.0208333 0.105556 0.526744
0 0.0588542 0.466667 0.0322917 0.12963 0.542397
0 0.0328125 0.480556 0.034375 0.183333 0.555163
0 0.371354 0.444444 0.0197917 0.111111 0.558716
0 0.371875 0.444444 0.0208333 0.111111 0.563078
0 0.0322917 0.481481 0.0354167 0.185185 0.565057
0 0.371875 0.44537 0.0208333 0.109259 0.569251
0 0.439063 0.441667 0.0239583 0.116667 0.572559
0 0.371875 0.444444 0.0208333 0.111111 0.576279
0 0.371875 0.444444 0.0208333 0.111111 0.578351
0 0.802604 0.605556 0.0885417 0.574074 0.587857
0 0.0578125 0.467593 0.0322917 0.131481 0.602422
0 0.0114583 0.486111 0.0229167 0.17963 0.610168
0 0.0578125 0.467593 0.0322917 0.131481 0.620459
0 0.0114583 0.485185 0.0229167 0.181481 0.621785
0 0.0348958 0.483333 0.034375 0.181481 0.628955
0 0.439063 0.437963 0.021875 0.109259 0.643463
0 0.034375 0.483333 0.0354167 0.181481 0.64527
0 0.0583333 0.467593 0.0333333 0.131481 0.651909
0 0.401563 0.443519 0.021875 0.109259 0.652448
0 0.0114583 0.490741 0.0229167 0.181481 0.655874
0 0.0114583 0.490741 0.0229167 0.181481 0.658964
0 0.0588542 0.467593 0.0322917 0.131481 0.66009
0 0.439063 0.437963 0.021875 0.109259 0.660247
0 0.439063 0.437963 0.021875 0.109259 0.660447
0 0.0578125 0.467593 0.0322917 0.131481 0.672102
0 0.0572917 0.469444 0.0333333 0.138889 0.677756
0 0.0578125 0.468519 0.0322917 0.137037 0.678985
0 0.802604 0.607407 0.090625 0.577778 0.685702
0 0.477604 0.472222 0.0364583 0.151852 0.686795
0 0.477604 0.472222 0.0364583 0.151852 0.689593
0 0.0114583 0.491667 0.0229167 0.183333 0.690241
0 0.401563 0.440741 0.021875 0.111111 0.692307
0 0.0572917 0.469444 0.0333333 0.138889 0.692697
0 0.401042 0.442593 0.01875 0.107407 0.698139
0 0.477604 0.472222 0.0364583 0.151852 0.709227
0 0.477083 0.473148 0.0354167 0.15 0.712632
0 0.401563 0.442593 0.0197917 0.107407 0.727534
0 0.477083 0.474074 0.0354167 0.151852 0.727645
0 0.401042 0.440741 0.0208333 0.107407 0.727826
0 0.477083 0.472222 0.0354167 0.151852 0.72988
0 0.477083 0.474074 0.0354167 0.148148 0.730711
0 0.401563 0.442593 0.0197917 0.107407 0.73894
0 0.401042 0.440741 0.0208333 0.107407 0.745454
0 0.438542 0.437963 0.0208333 0.101852 0.745535
0 0.439063 0.439815 0.021875 0.101852 0.754526
0 0.438542 0.437037 0.0229167 0.107407 0.756078
0 0.439063 0.438889 0.021875 0.103704 0.75958
0 0.401042 0.440741 0.0208333 0.107407 0.761419
0 0.438542 0.438889 0.0229167 0.111111 0.761989
0 0.439063 0.439815 0.021875 0.105556 0.767134
0 0.439063 0.439815 0.021875 0.105556 0.767183
0 0.439063 0.438889 0.021875 0.103704 0.770877
0 0.801562 0.603704 0.090625 0.574074 0.772012
0 0.0578125 0.468519 0.0322917 0.144444 0.77647
0 0.0578125 0.468519 0.0322917 0.140741 0.783343
0 0.477083 0.472222 0.0354167 0.144444 0.79941
0 0.477604 0.472222 0.034375 0.148148 0.804201
0 0.477083 0.472222 0.0354167 0.148148 0.830355
0 0.477083 0.473148 0.0354167 0.15 0.834635
0 0.801562 0.60463 0.090625 0.572222 0.835432
0 0.477083 0.473148 0.0354167 0.15 0.840208
0 0.477083 0.471296 0.0354167 0.15 0.848241
0 0.477604 0.473148 0.034375 0.15 0.852475
0 0.477604 0.472222 0.034375 0.148148 0.856507
0 0.802604 0.607407 0.090625 0.574074 0.869141
0 0.801562 0.603704 0.0885417 0.574074 0.872419
0 0.801562 0.603704 0.0885417 0.574074 0.875424
0 0.801042 0.606481 0.09375 0.561111 0.879073
0 0.802604 0.609259 0.090625 0.588889 0.882573
0 0.800521 0.60463 0.0927083 0.564815 0.888601
