26 0.824479 0.530556 0.040625 0.105556 0.250889
0 0.533333 0.359259 0.025 0.12963 0.251785
26 0.823958 0.526852 0.0375 0.109259 0.252789
1 0.980208 0.705556 0.0395833 0.122222 0.252822
0 0.295312 0.327778 0.028125 0.0962963 0.253401
0 0.503125 0.362963 0.0291667 0.140741 0.256591
0 0.504687 0.363889 0.0302083 0.135185 0.257494
0 0.034375 0.380556 0.0395833 0.175926 0.272297
0 0.638542 0.349074 0.0208333 0.0944444 0.275951
0 0.0338542 0.381481 0.040625 0.177778 0.278822
26 0.825 0.526852 0.0395833 0.109259 0.282719
0 0.0958333 0.321296 0.0166667 0.0648148 0.286331
13 0.4375 0.441667 0.0729167 0.0796296 0.287315
26 0.825521 0.526852 0.040625 0.109259 0.288749
0 0.876562 0.453704 0.0677083 0.440741 0.28896
26 0.825 0.525926 0.0395833 0.111111 0.289479
0 0.498437 0.358333 0.0260417 0.127778 0.290463
0 0.295833 0.322222 0.025 0.0925926 0.291212
0 0.0953125 0.321296 0.015625 0.0648148 0.291962
0 0.0953125 0.321296 0.015625 0.0648148 0.29304
13 0.4375 0.440741 0.0729167 0.0777778 0.29324
0 0.0958333 0.32037 0.0166667 0.0666667 0.293655
1 0.980208 0.70463 0.0395833 0.124074 0.296522
1 0.980208 0.70463 0.0395833 0.12037 0.304788
0 0.295312 0.325 0.0260417 0.0944444 0.30573
0 0.507812 0.358333 0.0260417 0.135185 0.30613
0 0.1625 0.347222 0.0208333 0.105556 0.307866
0 0.503125 0.362963 0.0270833 0.140741 0.308982
0 0.296354 0.325926 0.0260417 0.0925926 0.311025
1 0.980208 0.70463 0.0395833 0.12037 0.311273
0 0.295312 0.327778 0.028125 0.0962963 0.311557
0 0.295833 0.323148 0.025 0.0944444 0.314656
0 0.519271 0.361111 0.0427083 0.133333 0.314838
0 0.0958333 0.32037 0.0166667 0.0666667 0.315709
0 0.0953125 0.321296 0.015625 0.0648148 0.316212
0 0.295833 0.323148 0.025 0.0944444 0.317099
0 0.533333 0.360185 0.025 0.135185 0.318222
0 0.533333 0.360185 0.025 0.135185 0.322809
0 0.505208 0.363889 0.0291667 0.135185 0.325153
0 0.638542 0.349074 0.0208333 0.0944444 0.330307
0 0.161458 0.34537 0.0229167 0.112963 0.331577
0 0.164583 0.340741 0.0208333 0.1 0.332776
0 0.638542 0.349074 0.0208333 0.0944444 0.334355
0 0.505729 0.362037 0.0260417 0.131481 0.343117
0 0.161979 0.34537 0.0239583 0.112963 0.346533
0 0.295312 0.324074 0.0260417 0.0962963 0.347753
0 0.295312 0.325 0.0260417 0.0981481 0.348234
0 0.161458 0.34537 0.0229167 0.112963 0.351616
0 0.521875 0.361111 0.0395833 0.133333 0.352434
0 0.161458 0.341667 0.0229167 0.101852 0.36273
0 0.295833 0.327778 0.0270833 0.0962963 0.367813
0 0.590104 0.369444 0.0322917 0.153704 0.374474
0 0.0953125 0.321296 0.015625 0.0648148 0.376202
0 0.161458 0.341667 0.0229167 0.101852 0.381206
0 0.161979 0.341667 0.0239583 0.101852 0.382176
0 0.521875 0.360185 0.0395833 0.135185 0.383079
0 0.591146 0.369444 0.0322917 0.153704 0.384612
0 0.502083 0.363889 0.0270833 0.138889 0.391579
0 0.372917 0.359259 0.0333333 0.17037 0.39961
0 0.581771 0.365741 0.0322917 0.153704 0.405071
0 0.581771 0.366667 0.0322917 0.151852 0.411707
0 0.783854 0.599074 0.117708 0.653704 0.412729
0 0.529167 0.361111 0.0270833 0.137037 0.415892
0 0.928646 0.59537 0.113542 0.701852 0.418288
0 0.0947917 0.321296 0.0145833 0.0685185 0.420318
0 0.372396 0.359259 0.0322917 0.17037 0.422118
0 0.505729 0.362037 0.0260417 0.135185 0.434247
0 0.505729 0.362037 0.0260417 0.135185 0.441684
0 0.505208 0.362963 0.0270833 0.133333 0.441798
0 0.638542 0.35463 0.0208333 0.112963 0.449051
0 0.498437 0.358333 0.0260417 0.138889 0.458713
0 0.498437 0.357407 0.0260417 0.137037 0.462904
0 0.590104 0.374074 0.0322917 0.155556 0.465421
0 0.876042 0.461111 0.0729167 0.444444 0.475752
0 0.876042 0.461111 0.0729167 0.448148 0.47612
0 0.876042 0.460185 0.0729167 0.442593 0.479705
0 0.783333 0.602778 0.11875 0.675926 0.480703
0 0.590104 0.373148 0.0322917 0.153704 0.49374
0 0.590625 0.373148 0.03125 0.153704 0.494444
0 0.527083 0.358333 0.0270833 0.127778 0.494787
0 0.164583 0.341667 0.01875 0.105556 0.51635
0 0.164583 0.344444 0.0208333 0.103704 0.52422
0 0.165104 0.343519 0.0197917 0.101852 0.526335
0 0.164583 0.344444 0.01875 0.103704 0.528326
0 0.528646 0.358333 0.0260417 0.131481 0.533537
0 0.165104 0.342593 0.0197917 0.103704 0.537723
0 0.529167 0.361111 0.0270833 0.133333 0.538707
0 0.165104 0.342593 0.0197917 0.103704 0.539529
0 0.164583 0.341667 0.01875 0.105556 0.541966
0 0.588021 0.37037 0.0364583 0.155556 0.547878
0 0.638021 0.352778 0.021875 0.101852 0.549296
0 0.529167 0.357407 0.025 0.137037 0.552241
0 0.529167 0.358333 0.025 0.138889 0.556956
0 0.507292 0.358333 0.025 0.142593 0.557833
0 0.164583 0.341667 0.01875 0.105556 0.562379
0 0.529688 0.360185 0.028125 0.135185 0.564872
0 0.527083 0.359259 0.025 0.133333 0.564895
0 0.527083 0.359259 0.025 0.133333 0.564973
0 0.507812 0.358333 0.0260417 0.142593 0.56602
0 0.5875 0.37037 0.0354167 0.155556 0.567836
0 0.586458 0.37037 0.0354167 0.151852 0.570797
0 0.6375 0.352778 0.0208333 0.105556 0.574587
0 0.877083 0.448148 0.0729167 0.444444 0.574822
0 0.877083 0.447222 0.0729167 0.446296 0.581915
0 0.0328125 0.382407 0.0364583 0.183333 0.582769
0 0.939583 0.602778 0.120833 0.724074 0.585704
0 0.877604 0.446296 0.0739583 0.440741 0.589083
0 0.585938 0.371296 0.034375 0.153704 0.59338
0 0.0328125 0.381481 0.0364583 0.181481 0.595289
0 0.878125 0.446296 0.0729167 0.437037 0.595831
0 0.6375 0.353704 0.0208333 0.103704 0.601283
0 0.5875 0.37037 0.0354167 0.155556 0.603595
0 0.6375 0.353704 0.0208333 0.103704 0.605768
0 0.878125 0.447222 0.0729167 0.435185 0.609549
0 0.034375 0.380556 0.0354167 0.183333 0.614147
0 0.372917 0.358333 0.03125 0.168519 0.617786
0 0.939062 0.596296 0.121875 0.722222 0.618069
0 0.372917 0.358333 0.03125 0.168519 0.625512
0 0.6375 0.35463 0.0208333 0.105556 0.626161
0 0.638021 0.35463 0.021875 0.105556 0.630805
0 0.588021 0.371296 0.0364583 0.153704 0.631238
0 0.372917 0.358333 0.03125 0.168519 0.634897
0 0.5875 0.372222 0.0354167 0.151852 0.636777
0 0.529688 0.360185 0.0239583 0.131481 0.637119
0 0.529688 0.360185 0.0260417 0.135185 0.639727
0 0.638021 0.353704 0.0197917 0.111111 0.650053
0 0.939062 0.601852 0.121875 0.722222 0.661264
0 0.877604 0.453704 0.0697917 0.433333 0.662002
0 0.5875 0.371296 0.0354167 0.153704 0.663118
0 0.877604 0.448148 0.071875 0.444444 0.668333
0 0.877604 0.449074 0.071875 0.453704 0.670083
0 0.6375 0.355556 0.0208333 0.111111 0.671014
0 0.938542 0.597222 0.120833 0.709259 0.671734
0 0.590104 0.371296 0.0302083 0.157407 0.671952
0 0.877604 0.45 0.071875 0.451852 0.672392
0 0.373437 0.359259 0.0302083 0.166667 0.673182
0 0.0348958 0.381481 0.0364583 0.185185 0.673547
0 0.590104 0.371296 0.0302083 0.153704 0.677399
0 0.783854 0.593518 0.121875 0.635185 0.677435
0 0.373437 0.359259 0.0302083 0.166667 0.678227
0 0.372917 0.361111 0.03125 0.166667 0.678257
0 0.877604 0.45463 0.0697917 0.438889 0.682909
0 0.877083 0.45463 0.0708333 0.438889 0.685152
0 0.784896 0.598148 0.121875 0.677778 0.695593
0 0.0338542 0.381481 0.0364583 0.181481 0.697443
0 0.372917 0.361111 0.03125 0.166667 0.708499
0 0.373437 0.359259 0.0302083 0.166667 0.716177
0 0.784896 0.597222 0.121875 0.675926 0.729134
0 0.372917 0.360185 0.03125 0.168519 0.733048
0 0.0338542 0.382407 0.0364583 0.183333 0.733711
0 0.529688 0.361111 0.0260417 0.133333 0.741815
0 0.938542 0.597222 0.120833 0.709259 0.745825
0 0.373437 0.356481 0.0302083 0.168519 0.746118
0 0.373437 0.357407 0.0302083 0.166667 0.74748
0 0.034375 0.381481 0.0354167 0.185185 0.749674
0 0.784375 0.594444 0.122917 0.659259 0.760347
0 0.0328125 0.382407 0.0364583 0.183333 0.760693
0 0.0338542 0.381481 0.0364583 0.181481 0.764543
0 0.0338542 0.382407 0.034375 0.187037 0.76642
0 0.783854 0.599074 0.121875 0.65 0.769796
0 0.0328125 0.382407 0.0364583 0.187037 0.771261
0 0.530208 0.361111 0.025 0.133333 0.77153
0 0.936979 0.589815 0.123958 0.712963 0.775731
0 0.530208 0.361111 0.025 0.133333 0.776269
0 0.0338542 0.382407 0.034375 0.187037 0.776481
0 0.0338542 0.382407 0.034375 0.187037 0.779043
0 0.529688 0.361111 0.0260417 0.133333 0.779736
0 0.372917 0.356481 0.03125 0.172222 0.796607
0 0.877604 0.447222 0.071875 0.438889 0.800986
0 0.372917 0.356481 0.03125 0.172222 0.803239
0 0.877604 0.447222 0.071875 0.438889 0.808854
0 0.938542 0.600926 0.122917 0.716667 0.810476
0 0.939062 0.600926 0.121875 0.716667 0.836426
0 0.784896 0.594444 0.123958 0.659259 0.838625
0 0.785417 0.598148 0.122917 0.67037 0.892245
0 0.785937 0.598148 0.121875 0.666667 0.893974
0 0.783854 0.599074 0.117708 0.672222 0.897959
