24 0.755729 0.338889 0.034375 0.111111 0.252172
0 0.184896 0.403704 0.0510417 0.251852 0.252634
24 0.751042 0.341667 0.0416667 0.15 0.257614
1 0.984896 0.399074 0.0302083 0.116667 0.258151
0 0.870313 0.299074 0.028125 0.105556 0.259235
0 0.519792 0.34537 0.0229167 0.109259 0.265323
0 0.519271 0.340741 0.021875 0.111111 0.269776
24 0.751042 0.341667 0.0416667 0.146296 0.271539
0 0.402083 0.321296 0.0166667 0.0648148 0.272186
26 0.171354 0.367593 0.0239583 0.0907407 0.272752
24 0.755729 0.338889 0.034375 0.107407 0.274162
1 0.984896 0.399074 0.0302083 0.116667 0.274591
0 0.519271 0.341667 0.021875 0.109259 0.275528
0 0.869792 0.299074 0.0270833 0.105556 0.27557
0 0.870313 0.299074 0.028125 0.105556 0.276575
0 0.527604 0.341667 0.0260417 0.105556 0.276747
0 0.519792 0.34537 0.0229167 0.105556 0.277531
1 0.984375 0.399074 0.03125 0.116667 0.277985
0 0.548958 0.318519 0.0166667 0.0666667 0.278024
0 0.398958 0.316667 0.0166667 0.0777778 0.281258
0 0.453125 0.344444 0.0270833 0.137037 0.285116
0 0.870313 0.299074 0.028125 0.101852 0.286217
26 0.172396 0.367593 0.0239583 0.0944444 0.291571
0 0.0880208 0.524074 0.176042 0.625926 0.294513
0 0.504167 0.352778 0.0291667 0.135185 0.296952
0 0.403125 0.315741 0.0166667 0.0685185 0.298103
1 0.982292 0.400926 0.0333333 0.116667 0.29823
1 0.982292 0.401852 0.0333333 0.114815 0.29961
0 0.0916667 0.526852 0.177083 0.627778 0.306637
26 0.171875 0.371296 0.0208333 0.0833333 0.308915
0 0.188021 0.410185 0.0552083 0.290741 0.309471
0 0.403646 0.312963 0.0177083 0.0777778 0.31021
26 0.171875 0.360185 0.0270833 0.105556 0.310901
26 0.172396 0.368519 0.0239583 0.0925926 0.310972
0 0.1875 0.406481 0.0541667 0.287037 0.311645
0 0.402083 0.321296 0.0166667 0.0648148 0.312485
0 0.398958 0.316667 0.0166667 0.0740741 0.313265
26 0.172396 0.368519 0.0239583 0.0925926 0.313957
0 0.403125 0.312963 0.0166667 0.0777778 0.314737
0 0.546875 0.321296 0.0166667 0.0722222 0.320996
0 0.453125 0.347222 0.0270833 0.161111 0.322
24 0.75625 0.338889 0.0354167 0.107407 0.322587
0 0.548437 0.318519 0.015625 0.0666667 0.325767
0 0.453646 0.341667 0.028125 0.15 0.327215
1 0.983333 0.401852 0.0333333 0.114815 0.327225
0 0.869792 0.3 0.0270833 0.107407 0.330768
0 0.378646 0.32963 0.021875 0.1 0.332662
0 0.626042 0.344444 0.0270833 0.133333 0.338661
0 0.184896 0.409259 0.0510417 0.274074 0.347035
0 0.403646 0.312963 0.0177083 0.0777778 0.347881
0 0.626042 0.344444 0.0270833 0.12963 0.352844
0 0.402083 0.32037 0.0166667 0.062963 0.353526
0 0.453125 0.347222 0.0270833 0.157407 0.356021
0 0.548958 0.318519 0.0166667 0.062963 0.356684
0 0.378646 0.330556 0.021875 0.101852 0.360187
0 0.453125 0.341667 0.0270833 0.15 0.361531
0 0.500521 0.355556 0.028125 0.12963 0.362814
0 0.548437 0.318519 0.015625 0.0666667 0.367359
0 0.378646 0.330556 0.021875 0.101852 0.370196
1 0.983854 0.397222 0.0322917 0.116667 0.374423
1 0.983854 0.397222 0.0322917 0.116667 0.374477
0 0.547917 0.318519 0.0145833 0.0666667 0.379539
1 0.983333 0.397222 0.0333333 0.116667 0.381661
0 0.1875 0.412037 0.05 0.287037 0.383143
0 0.1875 0.412037 0.05 0.287037 0.385775
0 0.0895833 0.515741 0.179167 0.635185 0.387364
26 0.172396 0.369444 0.0239583 0.0907407 0.387571
0 0.1875 0.412037 0.05 0.287037 0.388205
0 0.453125 0.341667 0.0270833 0.15 0.390319
1 0.978646 0.397222 0.0427083 0.124074 0.395119
0 0.707292 0.37963 0.0395833 0.285185 0.39853
0 0.717188 0.387963 0.0572917 0.305556 0.403414
26 0.172396 0.368519 0.0239583 0.0888889 0.40348
1 0.978646 0.397222 0.0427083 0.12037 0.403725
0 0.547917 0.318519 0.0145833 0.0666667 0.409336
1 0.978646 0.397222 0.0427083 0.12037 0.410602
0 0.499479 0.351852 0.028125 0.140741 0.411426
0 0.453646 0.347222 0.0260417 0.161111 0.412458
0 0.547917 0.318519 0.0145833 0.0666667 0.415917
1 0.979688 0.397222 0.040625 0.12037 0.416124
0 0.549479 0.318519 0.015625 0.062963 0.416193
24 0.754687 0.346296 0.0364583 0.0925926 0.420442
0 0.707292 0.380556 0.0395833 0.283333 0.423369
0 0.707292 0.37963 0.0395833 0.274074 0.424155
26 0.171875 0.369444 0.025 0.0907407 0.428485
24 0.755208 0.343519 0.0354167 0.0981481 0.43077
1 0.979167 0.397222 0.0395833 0.12037 0.431818
0 0.706771 0.381481 0.040625 0.292593 0.433491
24 0.755208 0.346296 0.0375 0.0925926 0.436992
0 0.0911458 0.531482 0.182292 0.62963 0.437483
0 0.549479 0.317593 0.015625 0.0648148 0.441691
1 0.980729 0.397222 0.0385417 0.12037 0.441715
24 0.755208 0.34537 0.0375 0.0944444 0.442492
0 0.551562 0.317593 0.0114583 0.0648148 0.44396
0 0.547917 0.318519 0.0145833 0.0666667 0.44724
0 0.551562 0.318519 0.0114583 0.062963 0.448114
0 0.498958 0.356481 0.0270833 0.131481 0.450805
0 0.499479 0.351852 0.028125 0.140741 0.450916
0 0.497917 0.353704 0.0291667 0.140741 0.455204
0 0.707292 0.380556 0.0395833 0.290741 0.461447
0 0.732813 0.381481 0.071875 0.307407 0.464858
24 0.755208 0.342593 0.0354167 0.107407 0.465874
24 0.755729 0.343519 0.0364583 0.101852 0.466132
0 0.499479 0.351852 0.028125 0.140741 0.466692
0 0.627083 0.347222 0.0270833 0.135185 0.466751
0 0.626562 0.346296 0.0260417 0.12963 0.469451
24 0.755729 0.343519 0.0364583 0.101852 0.469652
0 0.730729 0.387963 0.0739583 0.305556 0.470264
0 0.453125 0.347222 0.025 0.153704 0.480678
0 0.453125 0.348148 0.025 0.155556 0.483362
0 0.707292 0.380556 0.0395833 0.290741 0.486037
0 0.627083 0.347222 0.0270833 0.131481 0.487311
24 0.755208 0.341667 0.0354167 0.101852 0.501467
0 0.378646 0.336111 0.0197917 0.101852 0.502329
0 0.497917 0.353704 0.0291667 0.137037 0.505283
0 0.497396 0.353704 0.028125 0.137037 0.505912
0 0.627083 0.347222 0.0270833 0.135185 0.505965
0 0.378646 0.337037 0.0197917 0.103704 0.511095
0 0.378646 0.336111 0.0197917 0.105556 0.528476
0 0.733854 0.381481 0.0697917 0.307407 0.535361
0 0.0921875 0.526852 0.178125 0.638889 0.538665
0 0.626562 0.347222 0.0260417 0.127778 0.538944
24 0.755208 0.341667 0.0354167 0.101852 0.540576
0 0.500521 0.355556 0.028125 0.140741 0.547254
0 0.500521 0.356481 0.028125 0.138889 0.548029
0 0.731771 0.384259 0.0739583 0.305556 0.548426
0 0.626562 0.347222 0.0260417 0.127778 0.55511
0 0.453125 0.338889 0.0270833 0.148148 0.562478
0 0.453125 0.338889 0.0270833 0.148148 0.569059
0 0.730729 0.384259 0.0739583 0.309259 0.58237
0 0.627083 0.348148 0.0291667 0.12963 0.582776
0 0.717188 0.381481 0.0552083 0.303704 0.593485
0 0.499479 0.352778 0.028125 0.138889 0.605493
0 0.378646 0.333333 0.021875 0.107407 0.606945
0 0.717708 0.380556 0.05625 0.301852 0.615829
0 0.708854 0.378704 0.040625 0.305556 0.617264
0 0.626562 0.346296 0.028125 0.133333 0.617901
0 0.499479 0.352778 0.028125 0.138889 0.618969
0 0.71875 0.381481 0.05 0.307407 0.622995
0 0.498958 0.356481 0.0270833 0.135185 0.624457
0 0.0895833 0.522222 0.179167 0.633333 0.628895
0 0.499479 0.356481 0.028125 0.135185 0.634014
0 0.717708 0.380556 0.05625 0.301852 0.634336
0 0.499479 0.352778 0.028125 0.138889 0.672781
0 0.729688 0.383333 0.0697917 0.303704 0.676683
0 0.453646 0.346296 0.028125 0.159259 0.677626
0 0.627083 0.348148 0.0291667 0.133333 0.679877
0 0.453125 0.34537 0.0270833 0.157407 0.681267
0 0.730729 0.382407 0.065625 0.316667 0.689848
0 0.627083 0.348148 0.0270833 0.12963 0.694298
0 0.626562 0.34537 0.028125 0.135185 0.703862
0 0.626562 0.346296 0.028125 0.12963 0.70437
0 0.731771 0.382407 0.065625 0.309259 0.705216
0 0.626562 0.34537 0.028125 0.135185 0.705231
0 0.453125 0.344444 0.0270833 0.155556 0.711944
0 0.626562 0.346296 0.028125 0.12963 0.714662
0 0.626562 0.34537 0.028125 0.127778 0.716539
0 0.379167 0.335185 0.0208333 0.103704 0.722145
0 0.73125 0.382407 0.0645833 0.309259 0.724352
0 0.453125 0.34537 0.0270833 0.157407 0.734781
0 0.729688 0.384259 0.0697917 0.309259 0.736964
0 0.626562 0.34537 0.028125 0.127778 0.739506
0 0.453125 0.346296 0.0270833 0.159259 0.740019
0 0.730729 0.382407 0.065625 0.309259 0.740489
0 0.378125 0.334259 0.0208333 0.105556 0.742974
0 0.377604 0.334259 0.021875 0.105556 0.753781
0 0.0927083 0.525 0.185417 0.612963 0.754532
0 0.379167 0.335185 0.0208333 0.103704 0.76053
0 0.379167 0.335185 0.0208333 0.103704 0.76177
0 0.626562 0.346296 0.028125 0.12963 0.764142
0 0.626562 0.346296 0.028125 0.12963 0.778138
0 0.453125 0.346296 0.0270833 0.159259 0.791212
0 0.378125 0.337037 0.0208333 0.1 0.796072
0 0.0927083 0.525 0.185417 0.616667 0.807752
0 0.378125 0.336111 0.0208333 0.101852 0.808246
0 0.378125 0.336111 0.0208333 0.101852 0.818732
0 0.453125 0.343519 0.0270833 0.15 0.820076
0 0.453125 0.344444 0.0270833 0.148148 0.824908
0 0.452604 0.343519 0.0260417 0.157407 0.834204
0 0.452604 0.343519 0.0260417 0.153704 0.836379
0 0.0927083 0.525926 0.185417 0.618519 0.837778
0 0.0911458 0.522222 0.182292 0.611111 0.897202
0 0.0911458 0.522222 0.182292 0.611111 0.898524
0 0.0911458 0.522222 0.182292 0.614815 0.899412
0 0.0901042 0.524074 0.180208 0.637037 0.907145
0 0.0911458 0.522222 0.182292 0.611111 0.90731
0 0.0911458 0.523148 0.182292 0.612963 0.907868
0 0.0911458 0.522222 0.182292 0.611111 0.918152
