0 0.559375 0.405556 0.0270833 0.107407 0.250509
0 0.443229 0.382407 0.0322917 0.161111 0.252555
0 0.559375 0.405556 0.0270833 0.107407 0.253958
0 0.532292 0.393519 0.0333333 0.112963 0.270774
0 0.420833 0.350926 0.01875 0.0759259 0.271384
0 0.590625 0.358333 0.0145833 0.0685185 0.273246
0 0.478646 0.39537 0.0260417 0.135185 0.273848
0 0.532292 0.393519 0.0333333 0.112963 0.27414
0 0.441667 0.382407 0.0291667 0.164815 0.281903
0 0.441146 0.381481 0.0302083 0.162963 0.283119
0 0.458854 0.394444 0.0697917 0.144444 0.283435
0 0.44375 0.382407 0.03125 0.157407 0.284493
0 0.441146 0.383333 0.0364583 0.159259 0.284921
0 0.420312 0.348148 0.0197917 0.0814815 0.289628
0 0.590625 0.359259 0.0145833 0.0703704 0.298912
0 0.535417 0.399074 0.0375 0.116667 0.302014
0 0.478646 0.397222 0.028125 0.138889 0.304747
0 0.560417 0.401852 0.03125 0.118519 0.311538
0 0.589063 0.360185 0.015625 0.0648148 0.311963
0 0.559896 0.400926 0.0302083 0.12037 0.322013
0 0.590104 0.359259 0.015625 0.0703704 0.326118
0 0.535417 0.4 0.0375 0.118519 0.328113
0 0.459375 0.39537 0.0666667 0.142593 0.332144
0 0.535417 0.398148 0.0333333 0.118519 0.333871
0 0.591146 0.359259 0.0135417 0.0703704 0.346686
0 0.420312 0.350926 0.0177083 0.0833333 0.346774
0 0.021875 0.384259 0.03125 0.116667 0.34846
0 0.561458 0.398148 0.0291667 0.118519 0.352269
0 0.459375 0.394444 0.0666667 0.144444 0.354095
0 0.420312 0.350926 0.0177083 0.0833333 0.354784
0 0.531771 0.397222 0.0322917 0.116667 0.355369
0 0.535417 0.398148 0.0333333 0.118519 0.356993
0 0.560417 0.401852 0.03125 0.118519 0.359762
0 0.531771 0.397222 0.0322917 0.12037 0.36193
0 0.590104 0.358333 0.015625 0.0685185 0.362457
0 0.559896 0.4 0.0302083 0.118519 0.364753
0 0.590625 0.359259 0.0145833 0.0666667 0.36499
0 0.535417 0.398148 0.0333333 0.118519 0.368862
0 0.591146 0.359259 0.0135417 0.0666667 0.371652
0 0.535417 0.399074 0.0375 0.116667 0.374049
0 0.420312 0.351852 0.0177083 0.0814815 0.377814
0 0.590625 0.359259 0.0145833 0.0666667 0.38563
0 0.533333 0.4 0.0333333 0.114815 0.385636
0 0.559896 0.401852 0.0302083 0.118519 0.38636
0 0.559375 0.399074 0.0291667 0.116667 0.389468
0 0.561458 0.399074 0.0291667 0.12037 0.389915
0 0.561458 0.4 0.0291667 0.118519 0.392022
0 0.533333 0.4 0.0333333 0.114815 0.3999
0 0.560417 0.4 0.0291667 0.118519 0.404206
0 0.533854 0.39537 0.0322917 0.116667 0.409486
0 0.0192708 0.382407 0.0322917 0.127778 0.410025
0 0.559375 0.4 0.0291667 0.114815 0.422511
0 0.559375 0.4 0.0291667 0.114815 0.42489
0 0.0192708 0.382407 0.0322917 0.127778 0.4298
0 0.0192708 0.383333 0.0322917 0.125926 0.437787
0 0.021875 0.385185 0.0291667 0.118519 0.439357
0 0.533854 0.396296 0.0322917 0.114815 0.445856
0 0.533333 0.4 0.0333333 0.114815 0.447167
0 0.021875 0.385185 0.0291667 0.118519 0.450663
0 0.531771 0.396296 0.0322917 0.118519 0.450881
0 0.533854 0.396296 0.0322917 0.114815 0.452081
0 0.641146 0.378704 0.0322917 0.127778 0.518438
0 0.442187 0.391667 0.0302083 0.157407 0.530639
0 0.442708 0.391667 0.0291667 0.157407 0.546225
0 0.442708 0.391667 0.0291667 0.157407 0.551333
0 0.0213542 0.385185 0.0302083 0.122222 0.551872
0 0.641146 0.383333 0.0302083 0.125926 0.557354
0 0.641146 0.384259 0.0302083 0.127778 0.56522
0 0.478646 0.396296 0.028125 0.148148 0.567157
0 0.640625 0.383333 0.0291667 0.125926 0.570594
0 0.478646 0.396296 0.028125 0.148148 0.578886
0 0.0197917 0.385185 0.03125 0.122222 0.594213
0 0.021875 0.385185 0.0291667 0.122222 0.597177
0 0.78125 0.392593 0.0395833 0.181481 0.599129
0 0.0197917 0.385185 0.03125 0.122222 0.606173
0 0.021875 0.385185 0.0291667 0.122222 0.606435
0 0.0208333 0.387037 0.03125 0.122222 0.606624
0 0.0197917 0.384259 0.03125 0.12037 0.609335
0 0.641146 0.378704 0.0322917 0.127778 0.616039
0 0.78125 0.392593 0.0395833 0.181481 0.617757
0 0.78125 0.394444 0.0395833 0.181481 0.618946
0 0.0208333 0.387037 0.03125 0.122222 0.623573
0 0.0203125 0.387963 0.0322917 0.12037 0.624751
0 0.78125 0.394444 0.0375 0.185185 0.636967
0 0.641146 0.378704 0.0322917 0.127778 0.642115
0 0.0208333 0.386111 0.03125 0.12037 0.646735
0 0.0208333 0.386111 0.03125 0.12037 0.654777
0 0.780729 0.394444 0.0385417 0.177778 0.65575
0 0.0208333 0.386111 0.03125 0.12037 0.663497
0 0.78125 0.394444 0.0395833 0.181481 0.674851
0 0.641667 0.382407 0.03125 0.127778 0.684134
0 0.780729 0.394444 0.0385417 0.177778 0.686844
0 0.641146 0.382407 0.0322917 0.127778 0.687474
0 0.78125 0.393519 0.0375 0.187037 0.687554
0 0.479167 0.396296 0.025 0.151852 0.695501
0 0.641146 0.381481 0.0322917 0.125926 0.700516
0 0.479167 0.39537 0.0270833 0.15 0.705345
0 0.780729 0.394444 0.0385417 0.177778 0.711941
0 0.642187 0.383333 0.0302083 0.12963 0.713856
0 0.78125 0.394444 0.0375 0.185185 0.716108
0 0.641146 0.381481 0.0322917 0.125926 0.721024
0 0.478646 0.397222 0.028125 0.146296 0.72637
0 0.642187 0.383333 0.0302083 0.12963 0.726499
0 0.642187 0.383333 0.0302083 0.12963 0.731867
0 0.641667 0.382407 0.03125 0.124074 0.733494
0 0.78125 0.394444 0.0395833 0.181481 0.735809
0 0.641146 0.381481 0.0302083 0.12963 0.739823
0 0.478646 0.398148 0.028125 0.148148 0.746747
0 0.641146 0.381481 0.0302083 0.12963 0.747796
0 0.641667 0.382407 0.03125 0.124074 0.7498
0 0.442187 0.390741 0.0302083 0.159259 0.751153
0 0.780729 0.393519 0.040625 0.17963 0.751194
0 0.478646 0.397222 0.028125 0.142593 0.752918
0 0.478646 0.397222 0.028125 0.146296 0.761301
0 0.641146 0.381481 0.0302083 0.12963 0.765064
0 0.442708 0.390741 0.0291667 0.159259 0.766937
0 0.780729 0.394444 0.040625 0.181481 0.768499
0 0.442708 0.387037 0.03125 0.159259 0.773666
0 0.442708 0.387963 0.03125 0.157407 0.77644
0 0.478646 0.397222 0.028125 0.146296 0.777946
0 0.478646 0.398148 0.028125 0.148148 0.780281
0 0.442708 0.390741 0.0291667 0.159259 0.783093
0 0.478646 0.396296 0.028125 0.148148 0.803469
0 0.478125 0.39537 0.0291667 0.146296 0.816355
0 0.442708 0.387963 0.0291667 0.157407 0.831382
0 0.443229 0.387963 0.0302083 0.153704 0.835492
