0 0.619792 0.359259 0.0270833 0.140741 0.250689
0 0.6 0.341667 0.0229167 0.127778 0.251996
0 0.540104 0.338889 0.028125 0.137037 0.255977
0 0.599479 0.339815 0.0260417 0.12037 0.257111
0 0.0458333 0.338889 0.0354167 0.12963 0.259006
0 0.660937 0.339815 0.021875 0.0907407 0.259367
26 0.86875 0.515741 0.0416667 0.146296 0.259522
0 0.6 0.341667 0.0229167 0.127778 0.26046
0 0.0458333 0.338889 0.0354167 0.12963 0.262224
0 0.317708 0.307407 0.0208333 0.0851852 0.262946
0 0.296354 0.308333 0.0322917 0.0981481 0.264918
0 0.319792 0.312037 0.0166667 0.0833333 0.266333
0 0.827083 0.549074 0.127083 0.62037 0.268761
26 0.86875 0.515741 0.0416667 0.146296 0.271881
0 0.296875 0.307407 0.0291667 0.1 0.272615
0 0.389583 0.348148 0.0333333 0.181481 0.277891
0 0.317708 0.306481 0.0208333 0.087037 0.278916
0 0.621354 0.349074 0.028125 0.127778 0.279665
0 0.54375 0.338889 0.0291667 0.12963 0.279732
26 0.868229 0.49537 0.0427083 0.175926 0.284814
0 0.517187 0.343519 0.028125 0.146296 0.285056
0 0.296875 0.306481 0.0291667 0.101852 0.28672
0 0.296875 0.306481 0.0291667 0.101852 0.289247
0 0.389583 0.348148 0.0333333 0.181481 0.292116
0 0.00729167 0.35 0.0145833 0.185185 0.296408
26 0.868229 0.49537 0.0427083 0.175926 0.297714
0 0.507812 0.339815 0.028125 0.142593 0.29844
0 0.597396 0.336111 0.0239583 0.116667 0.298608
0 0.317708 0.307407 0.0208333 0.0851852 0.298689
0 0.046875 0.361111 0.0416667 0.185185 0.299109
26 0.868229 0.496296 0.0427083 0.177778 0.301368
0 0.530729 0.339815 0.040625 0.135185 0.30212
0 0.389583 0.348148 0.0333333 0.177778 0.304405
0 0.620833 0.355556 0.0291667 0.133333 0.304968
0 0.508333 0.340741 0.0291667 0.140741 0.306803
0 0.660937 0.339815 0.021875 0.0907407 0.307291
0 0.31875 0.314815 0.01875 0.0814815 0.308405
0 0.540104 0.337963 0.0260417 0.135185 0.310953
0 0.660937 0.338889 0.021875 0.0888889 0.311593
0 0.951042 0.581481 0.0979167 0.711111 0.313462
0 0.823438 0.55463 0.123958 0.631481 0.315977
0 0.951042 0.581481 0.0979167 0.711111 0.320316
0 0.046875 0.362037 0.0416667 0.187037 0.324463
0 0.828646 0.558333 0.128125 0.635185 0.330334
0 0.31875 0.313889 0.01875 0.0796296 0.337516
0 0.530208 0.340741 0.0395833 0.137037 0.338752
0 0.543229 0.337963 0.028125 0.131481 0.344235
0 0.31875 0.313889 0.01875 0.0796296 0.346793
0 0.530729 0.339815 0.0427083 0.135185 0.363262
0 0.51875 0.341667 0.0229167 0.135185 0.363401
0 0.517708 0.342593 0.0270833 0.148148 0.364277
0 0.620833 0.353704 0.0270833 0.137037 0.375998
0 0.550521 0.331481 0.015625 0.114815 0.378589
0 0.598958 0.335185 0.0229167 0.118519 0.383565
0 0.540104 0.338889 0.0260417 0.12963 0.385078
0 0.550521 0.331481 0.015625 0.114815 0.385294
0 0.823438 0.557407 0.123958 0.637037 0.388375
0 0.389062 0.340741 0.034375 0.174074 0.389494
0 0.952083 0.591667 0.0958333 0.701852 0.390379
0 0.51875 0.341667 0.0229167 0.135185 0.391439
0 0.598958 0.335185 0.0229167 0.118519 0.394197
0 0.598958 0.335185 0.0229167 0.118519 0.395513
0 0.621354 0.350926 0.028125 0.138889 0.399204
0 0.175521 0.326852 0.021875 0.112963 0.402523
0 0.621354 0.350926 0.028125 0.138889 0.402735
0 0.540104 0.338889 0.0260417 0.12963 0.40312
0 0.174479 0.327778 0.021875 0.111111 0.40676
0 0.540104 0.338889 0.0260417 0.12963 0.409449
0 0.389062 0.340741 0.034375 0.174074 0.420677
0 0.550521 0.331481 0.015625 0.114815 0.421051
0 0.821875 0.567593 0.120833 0.657407 0.423335
0 0.314583 0.309259 0.025 0.0962963 0.428646
0 0.175521 0.326852 0.021875 0.109259 0.430309
0 0.176042 0.326852 0.0229167 0.109259 0.434659
0 0.317708 0.308333 0.0208333 0.087037 0.440158
0 0.389062 0.34537 0.034375 0.17963 0.450241
0 0.822396 0.567593 0.119792 0.657407 0.452389
0 0.314583 0.309259 0.025 0.0962963 0.4536
0 0.177083 0.324074 0.0208333 0.103704 0.458402
0 0.955208 0.576852 0.0895833 0.675926 0.461359
0 0.314583 0.308333 0.025 0.0944444 0.461377
0 0.177083 0.324074 0.0208333 0.107407 0.464175
0 0.046875 0.362037 0.0395833 0.183333 0.471156
0 0.389062 0.340741 0.034375 0.174074 0.474801
0 0.177083 0.324074 0.0208333 0.107407 0.478759
0 0.389583 0.34537 0.0333333 0.17963 0.479547
0 0.661979 0.330556 0.021875 0.0833333 0.485132
0 0.598437 0.339815 0.021875 0.116667 0.491624
0 0.046875 0.361111 0.0395833 0.185185 0.492606
0 0.51875 0.339815 0.0229167 0.142593 0.49781
0 0.544271 0.338889 0.0239583 0.12963 0.5098
0 0.176563 0.325926 0.0197917 0.107407 0.511292
0 0.536458 0.338889 0.0229167 0.12963 0.512685
0 0.661458 0.32963 0.0208333 0.0851852 0.513175
0 0.318229 0.308333 0.0197917 0.087037 0.515523
0 0.539062 0.336111 0.028125 0.124074 0.517496
0 0.540104 0.338889 0.0260417 0.133333 0.524077
0 0.539062 0.336111 0.028125 0.124074 0.533521
0 0.175521 0.326852 0.021875 0.109259 0.537741
0 0.51875 0.341667 0.0229167 0.142593 0.539138
0 0.539062 0.336111 0.028125 0.124074 0.540577
0 0.176042 0.324074 0.0208333 0.111111 0.543202
0 0.176563 0.325926 0.0197917 0.107407 0.546077
0 0.318229 0.309259 0.0197917 0.0888889 0.550623
0 0.176563 0.325926 0.0197917 0.107407 0.553236
0 0.51875 0.341667 0.0229167 0.142593 0.553466
0 0.51875 0.342593 0.0229167 0.144444 0.559079
0 0.621354 0.353704 0.028125 0.148148 0.559408
0 0.661979 0.331481 0.021875 0.0851852 0.563173
0 0.661979 0.330556 0.021875 0.0833333 0.563477
0 0.661458 0.330556 0.0208333 0.087037 0.575293
0 0.620313 0.355556 0.028125 0.144444 0.575784
0 0.0114583 0.355556 0.0229167 0.185185 0.577072
0 0.661458 0.330556 0.0208333 0.0907407 0.577088
0 0.620833 0.35463 0.0291667 0.146296 0.577548
0 0.536458 0.338889 0.0229167 0.133333 0.579544
0 0.620833 0.355556 0.0291667 0.144444 0.580596
0 0.621354 0.35463 0.028125 0.146296 0.581013
0 0.661979 0.330556 0.021875 0.087037 0.581486
0 0.536458 0.338889 0.0229167 0.133333 0.584685
0 0.953646 0.576852 0.0927083 0.705556 0.585142
0 0.0114583 0.35463 0.0229167 0.187037 0.585195
0 0.620833 0.35463 0.0291667 0.146296 0.585341
0 0.389062 0.342593 0.034375 0.181481 0.587788
0 0.046875 0.362963 0.0375 0.185185 0.602534
0 0.621354 0.35463 0.028125 0.146296 0.606789
0 0.389583 0.344444 0.0333333 0.181481 0.610099
0 0.00989583 0.355556 0.0197917 0.188889 0.613514
0 0.318229 0.308333 0.0197917 0.0907407 0.613943
0 0.388542 0.343519 0.0333333 0.17963 0.614724
0 0.046875 0.360185 0.0375 0.17963 0.614897
0 0.318229 0.308333 0.0197917 0.0907407 0.624646
0 0.0458333 0.361111 0.0375 0.185185 0.625797
0 0.318229 0.308333 0.0197917 0.0907407 0.627427
0 0.009375 0.355556 0.01875 0.185185 0.630872
0 0.0463542 0.360185 0.0385417 0.17963 0.631434
0 0.661458 0.331481 0.0208333 0.0925926 0.632914
0 0.046875 0.360185 0.0375 0.17963 0.633025
0 0.00989583 0.350926 0.0197917 0.187037 0.63315
0 0.620833 0.35463 0.0291667 0.146296 0.635123
0 0.955208 0.581481 0.0895833 0.696296 0.637759
0 0.0463542 0.362037 0.0364583 0.183333 0.637918
0 0.389583 0.344444 0.0333333 0.181481 0.645068
0 0.00989583 0.351852 0.0197917 0.185185 0.647184
0 0.0458333 0.362037 0.0375 0.183333 0.647489
0 0.0463542 0.360185 0.0385417 0.17963 0.648863
0 0.51875 0.341667 0.0229167 0.142593 0.652019
0 0.389583 0.342593 0.0333333 0.181481 0.654643
0 0.51875 0.341667 0.0229167 0.142593 0.656544
0 0.955729 0.587963 0.0885417 0.705556 0.656924
0 0.0463542 0.360185 0.0385417 0.17963 0.667394
0 0.953125 0.575 0.09375 0.705556 0.673932
0 0.0458333 0.361111 0.0375 0.181481 0.67978
0 0.0463542 0.362963 0.0364583 0.185185 0.680268
0 0.953646 0.576852 0.0927083 0.701852 0.684907
0 0.389062 0.342593 0.0322917 0.181481 0.688701
0 0.955729 0.57963 0.0885417 0.711111 0.697225
0 0.389062 0.342593 0.0322917 0.181481 0.697982
0 0.620833 0.353704 0.0270833 0.148148 0.726952
0 0.620833 0.355556 0.0291667 0.144444 0.727424
0 0.955729 0.578704 0.0885417 0.709259 0.728702
0 0.389062 0.34537 0.034375 0.175926 0.728798
0 0.953125 0.575 0.09375 0.705556 0.72881
0 0.620833 0.353704 0.0270833 0.144444 0.740184
0 0.389583 0.342593 0.03125 0.181481 0.741579
0 0.389583 0.343519 0.03125 0.17963 0.744863
0 0.620833 0.35463 0.0291667 0.146296 0.748832
0 0.389062 0.344444 0.034375 0.177778 0.749124
0 0.823958 0.561111 0.120833 0.62963 0.752118
0 0.823958 0.564815 0.120833 0.640741 0.755803
0 0.620833 0.355556 0.0291667 0.144444 0.76261
0 0.388542 0.344444 0.0333333 0.177778 0.775207
0 0.825 0.565741 0.122917 0.646296 0.777706
0 0.823958 0.562963 0.120833 0.640741 0.807077
0 0.825 0.565741 0.122917 0.646296 0.830589
0 0.823438 0.566667 0.121875 0.655556 0.844847
0 0.824479 0.563889 0.123958 0.664815 0.859754
0 0.823958 0.563889 0.122917 0.661111 0.868604
