0 0.525521 0.322222 0.015625 0.0666667 0.252179
0 0.488021 0.335185 0.0177083 0.0851852 0.258767
0 0.197917 0.383333 0.0875 0.318519 0.261007
0 0.467187 0.351852 0.0260417 0.137037 0.261934
0 0.197917 0.383333 0.0875 0.318519 0.262596
0 0.371354 0.321296 0.0135417 0.0611111 0.263792
0 0.198437 0.382407 0.0864583 0.316667 0.264497
0 0.4875 0.333333 0.0208333 0.0925926 0.270625
0 0.525521 0.322222 0.015625 0.0666667 0.272801
0 0.646875 0.350926 0.0229167 0.131481 0.275004
0 0.292188 0.332407 0.028125 0.105556 0.275056
0 0.473437 0.351852 0.0385417 0.144444 0.276593
0 0.38125 0.312963 0.0145833 0.0703704 0.283591
0 0.486979 0.333333 0.0197917 0.0925926 0.285307
0 0.647396 0.350926 0.021875 0.127778 0.288122
0 0.371354 0.321296 0.0135417 0.0611111 0.291745
0 0.292188 0.332407 0.028125 0.105556 0.292992
0 0.294792 0.327778 0.03125 0.0962963 0.293733
0 0.292188 0.332407 0.028125 0.105556 0.298038
0 0.38125 0.312963 0.0145833 0.0703704 0.298055
0 0.488542 0.335185 0.01875 0.0888889 0.308768
0 0.488542 0.335185 0.01875 0.0888889 0.313648
0 0.64375 0.359259 0.0291667 0.148148 0.314854
0 0.294792 0.327778 0.03125 0.1 0.315264
0 0.294792 0.327778 0.03125 0.1 0.3181
0 0.467187 0.349074 0.028125 0.131481 0.324257
0 0.340104 0.32037 0.0197917 0.0777778 0.325777
0 0.340104 0.32037 0.0197917 0.0777778 0.327494
0 0.202604 0.381481 0.0864583 0.311111 0.32805
0 0.198437 0.385185 0.0885417 0.322222 0.338832
0 0.198437 0.385185 0.0885417 0.318519 0.338938
0 0.506771 0.351852 0.0260417 0.140741 0.342642
0 0.631771 0.362037 0.0239583 0.172222 0.344317
0 0.339583 0.321296 0.0208333 0.0759259 0.345928
0 0.202604 0.381481 0.0864583 0.307407 0.34633
0 0.506771 0.351852 0.0260417 0.140741 0.35253
0 0.202604 0.382407 0.0864583 0.305556 0.356977
0 0.633333 0.363889 0.0270833 0.172222 0.369279
0 0.633333 0.363889 0.0270833 0.172222 0.372416
0 0.294792 0.337963 0.0291667 0.101852 0.450029
0 0.339583 0.319444 0.0208333 0.0833333 0.45021
0 0.339063 0.32037 0.021875 0.0814815 0.463773
0 0.467187 0.351852 0.028125 0.159259 0.464102
0 0.339063 0.32037 0.021875 0.0814815 0.464732
0 0.202083 0.385185 0.0875 0.314815 0.465204
0 0.467187 0.352778 0.028125 0.157407 0.466858
0 0.201562 0.385185 0.0864583 0.314815 0.481873
0 0.510417 0.353704 0.0291667 0.133333 0.481913
0 0.294271 0.336111 0.028125 0.105556 0.485192
0 0.294792 0.336111 0.0291667 0.105556 0.488836
0 0.638542 0.362963 0.0375 0.166667 0.491246
0 0.638542 0.362963 0.0354167 0.166667 0.494507
0 0.640625 0.362037 0.0333333 0.164815 0.496514
0 0.639583 0.362963 0.0333333 0.166667 0.508691
0 0.645833 0.358333 0.025 0.146296 0.51319
0 0.634375 0.361111 0.0291667 0.166667 0.537464
0 0.638542 0.362963 0.0354167 0.17037 0.541552
0 0.634375 0.362963 0.0291667 0.166667 0.551103
0 0.508333 0.353704 0.0270833 0.133333 0.575428
0 0.638021 0.365741 0.034375 0.168519 0.577015
0 0.297396 0.333333 0.0322917 0.107407 0.584117
0 0.2 0.385185 0.0875 0.318519 0.592281
0 0.644271 0.362037 0.0302083 0.164815 0.597858
0 0.508854 0.35463 0.0302083 0.131481 0.600433
0 0.638021 0.365741 0.034375 0.168519 0.604728
0 0.644792 0.361111 0.0291667 0.162963 0.605458
0 0.297396 0.333333 0.0322917 0.107407 0.611064
0 0.202604 0.384259 0.0885417 0.316667 0.62072
0 0.508333 0.355556 0.0291667 0.133333 0.62463
0 0.638021 0.365741 0.034375 0.168519 0.624956
0 0.295833 0.334259 0.03125 0.105556 0.633805
0 0.508854 0.35463 0.0302083 0.131481 0.635266
0 0.297396 0.333333 0.0322917 0.107407 0.635585
0 0.467187 0.35 0.028125 0.140741 0.645018
0 0.467187 0.35 0.028125 0.140741 0.645359
0 0.508333 0.35463 0.0291667 0.131481 0.646628
0 0.295833 0.334259 0.03125 0.105556 0.646659
0 0.296354 0.334259 0.0322917 0.109259 0.656123
0 0.467187 0.351852 0.028125 0.151852 0.659152
0 0.296354 0.334259 0.0322917 0.109259 0.661375
0 0.508333 0.355556 0.0291667 0.133333 0.670267
0 0.510417 0.35463 0.0291667 0.135185 0.674949
0 0.295833 0.334259 0.03125 0.105556 0.675855
0 0.295833 0.333333 0.03125 0.107407 0.676783
0 0.510417 0.355556 0.0291667 0.133333 0.681084
0 0.340104 0.32037 0.0177083 0.0777778 0.68367
0 0.295833 0.333333 0.03125 0.107407 0.685117
0 0.295833 0.334259 0.03125 0.109259 0.692169
0 0.467187 0.351852 0.028125 0.151852 0.694524
0 0.295833 0.333333 0.03125 0.107407 0.702702
0 0.340104 0.322222 0.0177083 0.0814815 0.704182
0 0.339583 0.32037 0.01875 0.0777778 0.705423
0 0.467187 0.353704 0.028125 0.148148 0.708751
0 0.339583 0.32037 0.01875 0.0777778 0.712631
0 0.339583 0.322222 0.01875 0.0814815 0.713102
0 0.295833 0.335185 0.03125 0.107407 0.714451
0 0.467187 0.351852 0.028125 0.151852 0.716316
0 0.339583 0.322222 0.01875 0.0814815 0.716483
0 0.295833 0.335185 0.03125 0.111111 0.737364
0 0.508333 0.35463 0.0270833 0.138889 0.739122
0 0.340104 0.322222 0.0177083 0.0777778 0.745195
0 0.508333 0.35463 0.0270833 0.135185 0.74562
0 0.467187 0.352778 0.028125 0.146296 0.749914
0 0.508854 0.355556 0.028125 0.133333 0.754241
0 0.467187 0.353704 0.028125 0.148148 0.75481
0 0.339583 0.32037 0.01875 0.0777778 0.764305
0 0.295833 0.334259 0.03125 0.109259 0.765897
0 0.467187 0.350926 0.028125 0.153704 0.806119
0 0.467187 0.350926 0.028125 0.15 0.81687
0 0.200521 0.385185 0.0864583 0.322222 0.84551
0 0.200521 0.385185 0.0864583 0.322222 0.848408
0 0.200521 0.385185 0.0864583 0.318519 0.852309
0 0.200521 0.385185 0.0864583 0.318519 0.860861
0 0.201042 0.386111 0.0875 0.316667 0.861722
0 0.201042 0.386111 0.0875 0.316667 0.870205
0 0.201042 0.385185 0.0875 0.318519 0.871755
0 0.201042 0.384259 0.0875 0.316667 0.873459
0 0.200521 0.384259 0.0864583 0.316667 0.873537
0 0.200521 0.384259 0.0864583 0.316667 0.875357
