0 0.0125 0.361111 0.025 0.148148 0.250689
0 0.654688 0.355556 0.0260417 0.107407 0.252389
0 0.4875 0.364815 0.0270833 0.133333 0.254615
0 0.653646 0.362037 0.021875 0.0907407 0.255295
0 0.566667 0.365741 0.0291667 0.15 0.260615
0 0.466667 0.34537 0.0166667 0.0759259 0.26098
0 0.566667 0.365741 0.0291667 0.15 0.262209
0 0.569271 0.364815 0.0322917 0.151852 0.264591
0 0.569271 0.364815 0.0322917 0.151852 0.265852
0 0.569271 0.364815 0.0322917 0.151852 0.283468
0 0.489062 0.359259 0.0239583 0.133333 0.284625
0 0.653125 0.362037 0.0208333 0.0907407 0.291467
0 0.486979 0.364815 0.021875 0.12963 0.295601
13 0.379167 0.541667 0.0916667 0.0981481 0.295833
0 0.486979 0.364815 0.0260417 0.133333 0.298017
13 0.379687 0.536111 0.090625 0.0907407 0.298425
0 0.352083 0.389815 0.0583333 0.264815 0.298567
0 0.486979 0.364815 0.021875 0.12963 0.299928
0 0.653125 0.362037 0.0208333 0.0907407 0.305479
0 0.486979 0.364815 0.021875 0.12963 0.307132
0 0.292708 0.339815 0.025 0.0759259 0.314622
0 0.949479 0.611111 0.0989583 0.655556 0.316593
0 0.29375 0.341667 0.025 0.0759259 0.317627
0 0.652604 0.357407 0.0239583 0.0925926 0.319777
0 0.293229 0.340741 0.0260417 0.0777778 0.321477
0 0.29375 0.340741 0.025 0.0740741 0.32349
0 0.952083 0.6 0.0958333 0.677778 0.33049
0 0.29375 0.340741 0.025 0.0740741 0.330979
0 0.0114583 0.364815 0.0229167 0.140741 0.331878
0 0.29375 0.340741 0.025 0.0777778 0.333141
0 0.293229 0.340741 0.0260417 0.0740741 0.333601
0 0.486979 0.365741 0.0260417 0.135185 0.333835
0 0.952083 0.6 0.09375 0.681481 0.334763
13 0.379167 0.541667 0.09375 0.0981481 0.340578
0 0.0114583 0.360185 0.0229167 0.138889 0.341298
0 0.0109375 0.361111 0.021875 0.137037 0.342963
0 0.0119792 0.361111 0.0239583 0.151852 0.344064
0 0.652604 0.358333 0.021875 0.0944444 0.353615
13 0.379167 0.536111 0.09375 0.0907407 0.353629
0 0.0114583 0.363889 0.0229167 0.138889 0.355685
0 0.0125 0.362037 0.025 0.15 0.355701
0 0.485417 0.364815 0.0229167 0.12963 0.366626
0 0.652083 0.357407 0.0229167 0.0925926 0.370576
0 0.485938 0.364815 0.0239583 0.133333 0.408341
0 0.654167 0.353704 0.0229167 0.0962963 0.414226
0 0.485938 0.364815 0.0239583 0.133333 0.415316
0 0.488021 0.362963 0.021875 0.125926 0.422287
0 0.95 0.612037 0.1 0.657407 0.433632
0 0.294271 0.340741 0.0239583 0.0777778 0.435294
0 0.486458 0.362963 0.0229167 0.125926 0.4357
0 0.452083 0.363889 0.0270833 0.127778 0.442753
0 0.953125 0.60463 0.09375 0.67963 0.445398
0 0.654167 0.35463 0.0229167 0.0981481 0.448265
0 0.654688 0.353704 0.0239583 0.0962963 0.451571
0 0.654167 0.356481 0.0229167 0.101852 0.463206
0 0.451562 0.362037 0.0239583 0.131481 0.464225
0 0.616146 0.374074 0.0302083 0.140741 0.467416
0 0.451562 0.363889 0.028125 0.127778 0.467509
13 0.378646 0.537037 0.0947917 0.0962963 0.467676
13 0.378646 0.537963 0.0927083 0.0981481 0.472133
0 0.451562 0.360185 0.028125 0.12037 0.475622
0 0.353125 0.389815 0.0583333 0.264815 0.477191
0 0.616146 0.374074 0.0302083 0.137037 0.480089
13 0.378125 0.537037 0.09375 0.0962963 0.483645
0 0.488021 0.362963 0.021875 0.12963 0.483887
13 0.378646 0.538889 0.0927083 0.0962963 0.484452
0 0.654688 0.357407 0.0239583 0.103704 0.486576
0 0.488021 0.362963 0.021875 0.12963 0.487503
13 0.378646 0.537037 0.0947917 0.0962963 0.491253
0 0.486458 0.362963 0.0229167 0.12963 0.495675
0 0.569271 0.369444 0.0322917 0.15 0.496762
13 0.378125 0.538889 0.0916667 0.0962963 0.501786
13 0.378646 0.538889 0.0927083 0.0962963 0.502293
0 0.569271 0.369444 0.0322917 0.15 0.50397
0 0.486458 0.362963 0.0229167 0.12963 0.505143
13 0.377604 0.538889 0.0927083 0.0962963 0.505731
0 0.451562 0.361111 0.0239583 0.133333 0.506113
0 0.653646 0.35463 0.0239583 0.105556 0.507449
0 0.569271 0.369444 0.0322917 0.15 0.512197
13 0.378125 0.538889 0.09375 0.0962963 0.516091
0 0.452083 0.360185 0.0270833 0.12037 0.519528
0 0.451562 0.361111 0.0239583 0.133333 0.52381
0 0.452083 0.363889 0.0270833 0.127778 0.524805
0 0.451562 0.363889 0.028125 0.127778 0.527029
13 0.378646 0.538889 0.0927083 0.0962963 0.529114
0 0.616146 0.375926 0.028125 0.137037 0.537299
13 0.379167 0.537963 0.09375 0.0981481 0.538563
0 0.0119792 0.363889 0.0239583 0.142593 0.555955
0 0.451042 0.358333 0.025 0.109259 0.564063
0 0.452083 0.363889 0.0270833 0.127778 0.564375
0 0.0119792 0.364815 0.0239583 0.140741 0.566328
0 0.451042 0.361111 0.0270833 0.118519 0.568721
0 0.452083 0.360185 0.0270833 0.116667 0.581756
0 0.4875 0.363889 0.0229167 0.131481 0.603357
0 0.451562 0.358333 0.0260417 0.112963 0.610733
0 0.452604 0.363889 0.0260417 0.127778 0.613772
0 0.451562 0.358333 0.0260417 0.112963 0.614517
0 0.615104 0.376852 0.028125 0.135185 0.625424
0 0.452083 0.360185 0.0270833 0.124074 0.637258
0 0.452083 0.360185 0.0270833 0.124074 0.638644
0 0.203125 0.327778 0.0541667 0.148148 0.64767
0 0.4875 0.365741 0.0229167 0.131481 0.655185
0 0.0109375 0.360185 0.021875 0.142593 0.65788
0 0.0109375 0.361111 0.021875 0.140741 0.660468
0 0.203125 0.327778 0.0541667 0.148148 0.670448
0 0.353125 0.397222 0.05625 0.27963 0.682
0 0.944792 0.602778 0.110417 0.698148 0.688328
0 0.944271 0.602778 0.109375 0.694444 0.692759
0 0.615625 0.375926 0.0270833 0.144444 0.698143
0 0.615625 0.376852 0.0270833 0.146296 0.699566
0 0.353125 0.397222 0.05625 0.27963 0.708773
0 0.202604 0.330556 0.0510417 0.153704 0.717357
0 0.615625 0.375926 0.0270833 0.144444 0.720952
0 0.569271 0.368519 0.0322917 0.148148 0.721
0 0.352083 0.396296 0.0604167 0.281481 0.723187
0 0.202604 0.330556 0.0510417 0.153704 0.724442
0 0.353125 0.396296 0.05625 0.274074 0.726419
0 0.0114583 0.362037 0.0229167 0.15 0.730509
0 0.0114583 0.360185 0.0229167 0.142593 0.731464
0 0.56875 0.368519 0.03125 0.148148 0.732375
0 0.0114583 0.360185 0.0229167 0.138889 0.735178
0 0.56875 0.366667 0.03125 0.151852 0.75676
0 0.56875 0.366667 0.03125 0.151852 0.758856
0 0.0114583 0.362037 0.0229167 0.15 0.765038
0 0.569271 0.367593 0.0322917 0.15 0.766664
0 0.352083 0.396296 0.0604167 0.277778 0.773895
0 0.202604 0.32963 0.053125 0.155556 0.774138
0 0.56875 0.367593 0.03125 0.153704 0.774716
0 0.616146 0.375926 0.028125 0.140741 0.777414
0 0.56875 0.367593 0.03125 0.15 0.779031
0 0.616146 0.376852 0.028125 0.142593 0.781307
0 0.203646 0.327778 0.053125 0.151852 0.782646
0 0.203125 0.32963 0.0541667 0.148148 0.783996
0 0.203646 0.328704 0.053125 0.15 0.784786
0 0.56875 0.364815 0.03125 0.148148 0.785768
0 0.353125 0.394444 0.05625 0.277778 0.786021
0 0.203646 0.328704 0.053125 0.15 0.793436
0 0.203125 0.32963 0.0520833 0.151852 0.797262
0 0.615625 0.375 0.0291667 0.138889 0.797478
0 0.353125 0.396296 0.0583333 0.277778 0.799357
0 0.203646 0.32963 0.053125 0.148148 0.801634
0 0.56875 0.367593 0.03125 0.15 0.801934
0 0.56875 0.364815 0.03125 0.144444 0.803168
0 0.615625 0.375 0.0291667 0.138889 0.807356
0 0.353125 0.396296 0.0583333 0.277778 0.810173
0 0.615625 0.375 0.0291667 0.138889 0.811367
0 0.202604 0.328704 0.053125 0.15 0.816398
0 0.353125 0.394444 0.05625 0.274074 0.81865
0 0.615625 0.375 0.0291667 0.138889 0.820424
0 0.202604 0.328704 0.053125 0.15 0.821854
0 0.353125 0.396296 0.05625 0.277778 0.823332
0 0.615625 0.374074 0.0291667 0.137037 0.826803
0 0.352604 0.396296 0.0572917 0.277778 0.827761
0 0.203646 0.32963 0.053125 0.151852 0.827827
0 0.353125 0.396296 0.0583333 0.277778 0.83092
0 0.615625 0.374074 0.0291667 0.137037 0.833338
0 0.202604 0.328704 0.053125 0.15 0.835076
0 0.352604 0.396296 0.0572917 0.277778 0.836713
0 0.203125 0.327778 0.0520833 0.151852 0.845525
0 0.615104 0.376852 0.028125 0.138889 0.845528
0 0.203125 0.328704 0.0541667 0.15 0.846981
0 0.615625 0.375926 0.0291667 0.137037 0.851849
0 0.203125 0.328704 0.0520833 0.15 0.853693
0 0.949479 0.609259 0.096875 0.681481 0.855527
0 0.944271 0.603704 0.109375 0.688889 0.878767
0 0.944271 0.602778 0.109375 0.687037 0.880208
0 0.945312 0.60463 0.107292 0.690741 0.899069
0 0.945833 0.603704 0.108333 0.688889 0.899722
0 0.949479 0.610185 0.101042 0.672222 0.915333
