0 0.466667 0.333333 0.01875 0.0851852 0.256867
0 0.471354 0.330556 0.0177083 0.0759259 0.257564
0 0.0291667 0.387037 0.0583333 0.274074 0.261588
0 0.620313 0.35 0.0302083 0.133333 0.262701
0 0.382812 0.390741 0.059375 0.292593 0.262933
13 0.223438 0.650926 0.444792 0.22037 0.264287
0 0.620313 0.350926 0.0302083 0.131481 0.267485
0 0.456771 0.342593 0.028125 0.111111 0.271878
36 0.95625 0.926852 0.08125 0.138889 0.27684
13 0.223958 0.648148 0.44375 0.214815 0.278908
0 0.496875 0.352778 0.0270833 0.131481 0.279906
36 0.956771 0.926852 0.0822917 0.138889 0.282155
0 0.298958 0.330556 0.0375 0.0722222 0.283624
13 0.2125 0.462037 0.139583 0.153704 0.283678
0 0.466146 0.332407 0.0197917 0.087037 0.285975
0 0.457812 0.34537 0.0260417 0.112963 0.287864
0 0.620833 0.353704 0.03125 0.12963 0.288767
36 0.956771 0.926852 0.0822917 0.138889 0.29016
0 0.496354 0.349074 0.0260417 0.131481 0.291928
13 0.392188 0.516667 0.0864583 0.0888889 0.294074
0 0.466667 0.333333 0.01875 0.0851852 0.295274
0 0.471354 0.330556 0.0177083 0.0759259 0.307418
0 0.203646 0.322222 0.046875 0.133333 0.311578
36 0.957812 0.925926 0.0822917 0.140741 0.312405
13 0.392188 0.516667 0.0864583 0.0888889 0.314453
0 0.471354 0.330556 0.0177083 0.0759259 0.315346
36 0.957812 0.925926 0.0822917 0.140741 0.315626
13 0.2125 0.466667 0.135417 0.155556 0.31947
0 0.307292 0.327778 0.0270833 0.0777778 0.319527
13 0.213021 0.466667 0.136458 0.155556 0.321103
36 0.957812 0.925926 0.0822917 0.140741 0.321267
13 0.389583 0.508333 0.0833333 0.087037 0.325253
0 0.496354 0.34537 0.0239583 0.12037 0.329706
13 0.2125 0.464815 0.1375 0.151852 0.331618
13 0.213542 0.463889 0.135417 0.15 0.3334
13 0.2125 0.462963 0.1375 0.151852 0.333889
13 0.2125 0.466667 0.1375 0.155556 0.33498
0 0.572917 0.346296 0.0291667 0.137037 0.336199
36 0.957292 0.925 0.0833333 0.138889 0.34052
0 0.307292 0.327778 0.0270833 0.0777778 0.340548
13 0.389583 0.508333 0.0854167 0.087037 0.341389
0 0.307292 0.327778 0.0270833 0.0777778 0.341574
0 0.307813 0.325926 0.0260417 0.0777778 0.346188
0 0.573958 0.349074 0.0291667 0.131481 0.347283
13 0.213021 0.464815 0.138542 0.151852 0.350552
0 0.307813 0.325926 0.028125 0.0740741 0.35762
0 0.307813 0.325926 0.0260417 0.0814815 0.358268
0 0.456771 0.341667 0.0260417 0.109259 0.358388
0 0.571875 0.347222 0.0291667 0.135185 0.359342
36 0.957292 0.926852 0.08125 0.138889 0.367734
0 0.383854 0.371296 0.0572917 0.253704 0.368101
0 0.307813 0.326852 0.0260417 0.0796296 0.36966
0 0.307292 0.326852 0.0291667 0.0759259 0.373833
13 0.2125 0.463889 0.139583 0.15 0.375533
0 0.496875 0.351852 0.025 0.12963 0.376736
0 0.496875 0.350926 0.025 0.131481 0.37994
13 0.211979 0.462963 0.136458 0.151852 0.382233
36 0.957292 0.925926 0.0833333 0.137037 0.392204
0 0.0307292 0.381481 0.0614583 0.255556 0.406109
0 0.496875 0.349074 0.025 0.131481 0.406956
0 0.458333 0.337963 0.025 0.0907407 0.408447
0 0.197917 0.323148 0.0541667 0.142593 0.422954
0 0.03125 0.381481 0.0604167 0.255556 0.440751
0 0.203125 0.323148 0.0458333 0.131481 0.442321
13 0.213021 0.463889 0.134375 0.15 0.442387
0 0.571875 0.35 0.03125 0.140741 0.444154
0 0.652604 0.336111 0.0197917 0.101852 0.445953
0 0.573438 0.35 0.0302083 0.140741 0.446306
0 0.200521 0.323148 0.0510417 0.138889 0.449568
0 0.955729 0.605556 0.0885417 0.72963 0.452301
0 0.652604 0.341667 0.0197917 0.101852 0.454247
0 0.201562 0.321296 0.053125 0.138889 0.455596
0 0.2 0.324074 0.0520833 0.140741 0.456095
0 0.496875 0.352778 0.025 0.131481 0.457231
0 0.382292 0.371296 0.05625 0.242593 0.466753
0 0.03125 0.385185 0.0625 0.27037 0.468552
13 0.2125 0.462037 0.1375 0.15 0.46917
0 0.383333 0.372222 0.05625 0.240741 0.471357
0 0.457292 0.341667 0.0229167 0.105556 0.475353
0 0.621875 0.355556 0.0333333 0.144444 0.476124
0 0.495833 0.349074 0.0229167 0.135185 0.477366
0 0.200521 0.32037 0.0510417 0.144444 0.481196
13 0.391667 0.512037 0.0854167 0.0944444 0.481412
0 0.496354 0.349074 0.0239583 0.135185 0.486664
0 0.620313 0.357407 0.0302083 0.140741 0.490117
0 0.571875 0.347222 0.0291667 0.15 0.490911
0 0.201042 0.32037 0.0520833 0.144444 0.496302
0 0.198437 0.321296 0.053125 0.138889 0.496741
0 0.652604 0.336111 0.0197917 0.101852 0.499232
0 0.620313 0.357407 0.0302083 0.140741 0.500907
0 0.652604 0.336111 0.0197917 0.101852 0.501279
0 0.621875 0.355556 0.0333333 0.144444 0.501593
0 0.571875 0.348148 0.0291667 0.148148 0.502602
0 0.200521 0.322222 0.0510417 0.140741 0.506029
0 0.457812 0.342593 0.0239583 0.103704 0.507213
0 0.653125 0.337963 0.0208333 0.109259 0.5077
0 0.652604 0.341667 0.0197917 0.101852 0.510021
0 0.2 0.322222 0.0520833 0.140741 0.512302
0 0.201562 0.321296 0.053125 0.138889 0.516957
0 0.652604 0.341667 0.0197917 0.101852 0.51731
0 0.0307292 0.387037 0.0614583 0.262963 0.518666
13 0.391667 0.512037 0.0854167 0.0944444 0.522712
0 0.457292 0.341667 0.0229167 0.105556 0.524922
0 0.457292 0.341667 0.0229167 0.105556 0.529518
0 0.621354 0.356481 0.0322917 0.142593 0.529784
0 0.45625 0.342593 0.025 0.107407 0.530129
0 0.571875 0.347222 0.0291667 0.15 0.532436
0 0.200521 0.322222 0.0510417 0.140741 0.53332
0 0.0307292 0.381481 0.0614583 0.251852 0.538418
0 0.619792 0.359259 0.03125 0.133333 0.542992
0 0.2 0.32037 0.0520833 0.140741 0.545054
0 0.619271 0.360185 0.0302083 0.138889 0.558222
0 0.45625 0.343519 0.0229167 0.12037 0.56385
0 0.496875 0.351852 0.0229167 0.133333 0.567988
0 0.200521 0.321296 0.053125 0.138889 0.568649
0 0.652604 0.336111 0.0197917 0.101852 0.568732
0 0.61875 0.359259 0.03125 0.137037 0.572573
0 0.2 0.321296 0.0520833 0.138889 0.577772
0 0.03125 0.386111 0.0625 0.268519 0.579583
0 0.203646 0.323148 0.046875 0.135185 0.579604
0 0.203646 0.323148 0.046875 0.135185 0.579964
13 0.390625 0.511111 0.0854167 0.0925926 0.58159
13 0.391146 0.510185 0.084375 0.0907407 0.581882
13 0.390625 0.511111 0.0833333 0.0925926 0.58975
0 0.496354 0.352778 0.021875 0.131481 0.598098
0 0.45625 0.343519 0.0229167 0.12037 0.599376
0 0.45625 0.343519 0.0229167 0.12037 0.600321
0 0.652604 0.337037 0.0197917 0.103704 0.603107
0 0.0317708 0.383333 0.0635417 0.27037 0.605664
0 0.652604 0.337037 0.0197917 0.103704 0.61604
13 0.390625 0.511111 0.0854167 0.0925926 0.626413
13 0.390625 0.511111 0.0854167 0.0925926 0.630388
13 0.391146 0.511111 0.084375 0.0888889 0.645067
0 0.383333 0.372222 0.05625 0.251852 0.645321
0 0.653125 0.339815 0.0208333 0.105556 0.647224
13 0.391146 0.511111 0.084375 0.0888889 0.649653
0 0.496354 0.35 0.0239583 0.12963 0.655278
0 0.202604 0.322222 0.0489583 0.137037 0.667401
0 0.382812 0.371296 0.0572917 0.246296 0.668733
0 0.203125 0.322222 0.0479167 0.140741 0.673459
0 0.202604 0.321296 0.0489583 0.138889 0.674692
0 0.203125 0.322222 0.0479167 0.140741 0.676259
0 0.572396 0.348148 0.0302083 0.148148 0.681072
0 0.202604 0.321296 0.0489583 0.138889 0.682712
13 0.390625 0.510185 0.0833333 0.0907407 0.685371
13 0.390625 0.510185 0.0833333 0.0907407 0.686128
0 0.572396 0.347222 0.0302083 0.142593 0.68916
0 0.571875 0.348148 0.0291667 0.140741 0.690199
0 0.572396 0.347222 0.0302083 0.142593 0.690513
0 0.202083 0.321296 0.05 0.138889 0.692117
13 0.391146 0.510185 0.084375 0.0907407 0.692662
0 0.571354 0.348148 0.028125 0.140741 0.693437
0 0.572396 0.348148 0.0302083 0.148148 0.696269
0 0.496875 0.351852 0.0229167 0.12963 0.6967
0 0.382812 0.371296 0.0572917 0.246296 0.696778
0 0.202604 0.321296 0.0489583 0.138889 0.696836
0 0.0307292 0.389815 0.0614583 0.272222 0.702688
0 0.572396 0.346296 0.0302083 0.148148 0.703264
0 0.496354 0.352778 0.021875 0.135185 0.706149
0 0.202083 0.322222 0.05 0.140741 0.708992
0 0.572396 0.347222 0.0302083 0.15 0.709661
0 0.496354 0.351852 0.0239583 0.12963 0.713998
13 0.391146 0.510185 0.084375 0.0907407 0.715037
0 0.496354 0.351852 0.021875 0.133333 0.717131
0 0.572396 0.346296 0.0302083 0.148148 0.71881
0 0.496875 0.352778 0.0229167 0.131481 0.719361
0 0.496875 0.352778 0.0229167 0.135185 0.722767
0 0.572396 0.347222 0.0302083 0.142593 0.724336
0 0.382812 0.374074 0.0572917 0.248148 0.732677
0 0.382812 0.374074 0.0572917 0.248148 0.736648
0 0.382812 0.374074 0.0572917 0.248148 0.743122
0 0.382812 0.371296 0.0572917 0.246296 0.767327
0 0.619792 0.356481 0.03125 0.142593 0.781218
0 0.383333 0.373148 0.05625 0.25 0.784135
0 0.0307292 0.383333 0.0614583 0.266667 0.790428
0 0.619792 0.359259 0.03125 0.140741 0.791792
0 0.619792 0.359259 0.03125 0.140741 0.795512
0 0.619792 0.356481 0.03125 0.142593 0.796916
0 0.955729 0.608333 0.0885417 0.72037 0.801223
0 0.382812 0.373148 0.0572917 0.25 0.805233
0 0.619792 0.356481 0.03125 0.142593 0.810998
0 0.0307292 0.383333 0.0614583 0.266667 0.811759
0 0.0307292 0.382407 0.0614583 0.264815 0.818637
0 0.0296875 0.387037 0.059375 0.262963 0.81951
0 0.619271 0.358333 0.0322917 0.146296 0.820586
0 0.0302083 0.384259 0.0604167 0.264815 0.821096
0 0.619271 0.358333 0.0322917 0.146296 0.822936
0 0.0302083 0.386111 0.0604167 0.268519 0.823032
0 0.95625 0.609259 0.0875 0.722222 0.82456
0 0.383333 0.372222 0.05625 0.251852 0.824927
0 0.619271 0.357407 0.0322917 0.148148 0.832445
0 0.383333 0.372222 0.05625 0.251852 0.833373
0 0.382292 0.372222 0.0583333 0.255556 0.837762
0 0.0302083 0.384259 0.0604167 0.264815 0.837916
0 0.383333 0.372222 0.05625 0.251852 0.841113
0 0.0302083 0.384259 0.0604167 0.264815 0.852287
0 0.955729 0.606481 0.0885417 0.72037 0.855509
0 0.0302083 0.385185 0.0604167 0.266667 0.877879
0 0.955729 0.609259 0.0885417 0.72963 0.883583
0 0.955729 0.611111 0.0885417 0.72963 0.883664
0 0.955729 0.611111 0.0885417 0.72963 0.885299
0 0.955729 0.611111 0.0885417 0.72963 0.885758
0 0.955208 0.60463 0.0895833 0.738889 0.903002
