0 0.465625 0.355556 0.0270833 0.137037 0.250074
0 0.368229 0.314815 0.0177083 0.0740741 0.253124
0 0.485938 0.338889 0.0177083 0.0814815 0.265045
0 0.368229 0.314815 0.0177083 0.0740741 0.266642
0 0.341146 0.326852 0.028125 0.0759259 0.269451
0 0.139583 0.35 0.0354167 0.144444 0.270472
0 0.478125 0.357407 0.0479167 0.144444 0.271972
0 0.140104 0.350926 0.0364583 0.146296 0.276784
0 0.507812 0.357407 0.0260417 0.137037 0.285147
0 0.361458 0.313889 0.0145833 0.0722222 0.289526
0 0.507812 0.358333 0.0260417 0.138889 0.290222
0 0.486458 0.338889 0.01875 0.0814815 0.291216
0 0.368229 0.32037 0.015625 0.0703704 0.297396
0 0.138021 0.353704 0.040625 0.133333 0.303926
0 0.485938 0.338889 0.0177083 0.0814815 0.306621
0 0.642708 0.358333 0.03125 0.157407 0.308008
0 0.638542 0.363889 0.03125 0.183333 0.308811
0 0.641146 0.360185 0.0385417 0.168519 0.309067
0 0.638542 0.363889 0.03125 0.17963 0.320731
0 0.361979 0.313889 0.0135417 0.0722222 0.328971
0 0.368229 0.32037 0.015625 0.0703704 0.329739
0 0.291146 0.340741 0.0322917 0.107407 0.33954
0 0.291146 0.340741 0.0322917 0.107407 0.360983
0 0.641146 0.362963 0.0364583 0.174074 0.374846
0 0.291146 0.340741 0.0322917 0.107407 0.37931
0 0.465104 0.355556 0.0260417 0.137037 0.389048
0 0.140104 0.357407 0.040625 0.144444 0.415018
0 0.140104 0.357407 0.040625 0.144444 0.420284
0 0.140104 0.357407 0.040625 0.144444 0.436335
0 0.465625 0.350926 0.0270833 0.135185 0.441856
0 0.465625 0.350926 0.0270833 0.138889 0.442092
0 0.291667 0.340741 0.0333333 0.103704 0.451877
0 0.291667 0.339815 0.0333333 0.105556 0.455194
0 0.291667 0.340741 0.0333333 0.103704 0.481355
0 0.510417 0.357407 0.0291667 0.12963 0.507673
0 0.640104 0.362037 0.0364583 0.183333 0.508589
0 0.138542 0.35463 0.0416667 0.142593 0.543202
0 0.640104 0.362037 0.034375 0.183333 0.549255
0 0.138542 0.353704 0.0416667 0.140741 0.55256
0 0.639583 0.363889 0.0375 0.17963 0.552762
0 0.339583 0.327778 0.01875 0.0777778 0.559543
0 0.641667 0.363889 0.0354167 0.183333 0.567897
0 0.508333 0.357407 0.0291667 0.12963 0.568957
0 0.138542 0.357407 0.0416667 0.148148 0.580634
0 0.339583 0.327778 0.01875 0.0777778 0.583315
0 0.641146 0.363889 0.0364583 0.183333 0.586666
0 0.338542 0.325926 0.01875 0.0777778 0.587114
0 0.339583 0.327778 0.01875 0.0777778 0.598949
0 0.139062 0.353704 0.040625 0.144444 0.599717
0 0.339583 0.328704 0.01875 0.0759259 0.602701
0 0.292188 0.341667 0.0322917 0.109259 0.603346
0 0.292188 0.341667 0.0322917 0.109259 0.603953
0 0.292188 0.343519 0.0322917 0.105556 0.606589
0 0.139062 0.353704 0.040625 0.144444 0.610648
0 0.138542 0.357407 0.0416667 0.148148 0.613093
0 0.508333 0.358333 0.0270833 0.127778 0.616877
0 0.339063 0.325926 0.0197917 0.0777778 0.618806
0 0.508333 0.357407 0.0291667 0.12963 0.623151
0 0.508333 0.358333 0.0291667 0.131481 0.625253
0 0.338542 0.325926 0.01875 0.0777778 0.62821
0 0.292188 0.342593 0.0322917 0.107407 0.629431
0 0.639583 0.363889 0.0354167 0.17963 0.629549
0 0.292188 0.342593 0.0322917 0.107407 0.637025
0 0.508333 0.357407 0.0291667 0.12963 0.638165
0 0.339063 0.327778 0.0177083 0.0777778 0.643556
0 0.292188 0.341667 0.0322917 0.109259 0.645502
0 0.510417 0.357407 0.0291667 0.12963 0.646523
0 0.292188 0.343519 0.0322917 0.109259 0.647311
0 0.510417 0.357407 0.0291667 0.133333 0.649059
0 0.138542 0.356481 0.0416667 0.146296 0.654366
0 0.640104 0.362037 0.0322917 0.17963 0.654955
0 0.339583 0.325926 0.01875 0.0777778 0.660279
0 0.292188 0.343519 0.0322917 0.109259 0.665034
0 0.138542 0.357407 0.0416667 0.148148 0.665125
0 0.465625 0.356481 0.0270833 0.15 0.665612
0 0.339063 0.325926 0.0197917 0.0777778 0.668127
0 0.639583 0.362037 0.03125 0.17963 0.67003
0 0.465625 0.356481 0.0270833 0.146296 0.677192
0 0.508333 0.359259 0.0291667 0.133333 0.678292
0 0.339583 0.326852 0.01875 0.0759259 0.679517
0 0.292188 0.343519 0.0322917 0.109259 0.681068
0 0.292188 0.341667 0.0322917 0.105556 0.682682
0 0.292188 0.341667 0.0322917 0.105556 0.684789
0 0.138542 0.356481 0.0416667 0.146296 0.693018
0 0.639583 0.363889 0.0354167 0.17963 0.697532
0 0.292188 0.341667 0.0322917 0.105556 0.702012
0 0.465625 0.356481 0.0270833 0.15 0.707219
0 0.202604 0.402778 0.0927083 0.342593 0.714421
0 0.203125 0.40463 0.09375 0.342593 0.716365
0 0.508333 0.358333 0.0270833 0.131481 0.716885
0 0.465625 0.35463 0.0270833 0.153704 0.717024
0 0.466146 0.355556 0.028125 0.151852 0.718533
0 0.508333 0.358333 0.0270833 0.131481 0.71857
0 0.138542 0.356481 0.0416667 0.146296 0.719166
0 0.203125 0.40463 0.09375 0.342593 0.72168
0 0.639583 0.364815 0.0354167 0.181481 0.722229
0 0.202604 0.402778 0.0927083 0.342593 0.723072
0 0.203125 0.405556 0.09375 0.344444 0.726909
0 0.639583 0.363889 0.0354167 0.17963 0.729404
0 0.465625 0.356481 0.0270833 0.146296 0.736874
0 0.639583 0.364815 0.0354167 0.181481 0.741782
0 0.465625 0.356481 0.0270833 0.15 0.770888
0 0.508333 0.358333 0.0270833 0.131481 0.772835
0 0.465625 0.356481 0.0270833 0.146296 0.774904
0 0.201562 0.400926 0.0947917 0.342593 0.789389
0 0.464583 0.355556 0.0270833 0.148148 0.822932
0 0.465104 0.35463 0.028125 0.146296 0.832583
0 0.202083 0.403704 0.0916667 0.344444 0.854385
0 0.202083 0.403704 0.0916667 0.344444 0.855682
0 0.202083 0.400926 0.09375 0.342593 0.86044
0 0.202083 0.403704 0.0916667 0.340741 0.860796
0 0.202083 0.400926 0.09375 0.342593 0.880003
0 0.202083 0.400926 0.09375 0.342593 0.886654
0 0.202604 0.403704 0.0927083 0.344444 0.89322
0 0.202604 0.402778 0.0927083 0.342593 0.895227
0 0.202604 0.403704 0.0927083 0.344444 0.895268
