0 0.485938 0.35 0.0260417 0.1 0.251669
0 0.404687 0.340741 0.028125 0.151852 0.251765
0 0.491667 0.348148 0.0208333 0.0962963 0.252092
0 0.0109375 0.322222 0.021875 0.133333 0.253229
0 0.490104 0.351852 0.0260417 0.0962963 0.254098
0 0.0421875 0.32037 0.0197917 0.0962963 0.256546
0 0.491667 0.348148 0.0208333 0.0962963 0.263613
24 0.922396 0.367593 0.0802083 0.209259 0.268153
0 0.490104 0.351852 0.0260417 0.0962963 0.268421
0 0.660937 0.339815 0.0239583 0.127778 0.26944
0 0.490104 0.351852 0.0260417 0.0962963 0.272998
24 0.921354 0.367593 0.0802083 0.201852 0.274386
0 0.0671875 0.32037 0.0197917 0.1 0.281466
0 0.485938 0.349074 0.0260417 0.101852 0.282497
24 0.929688 0.369444 0.0697917 0.198148 0.286756
0 0.661458 0.338889 0.0270833 0.125926 0.288341
0 0.873958 0.449074 0.0833333 0.542593 0.292384
0 0.485938 0.35 0.0260417 0.103704 0.293456
0 0.404167 0.341667 0.0291667 0.15 0.294554
24 0.929688 0.368519 0.0677083 0.203704 0.295964
0 0.539583 0.316667 0.0145833 0.0740741 0.2992
0 0.509896 0.352778 0.0260417 0.0981481 0.302913
0 0.0666667 0.32037 0.01875 0.103704 0.30674
0 0.0671875 0.32037 0.0197917 0.103704 0.306978
0 0.660937 0.337963 0.0260417 0.124074 0.307039
0 0.0677083 0.319444 0.025 0.101852 0.307798
0 0.509896 0.352778 0.0260417 0.0981481 0.313835
0 0.660937 0.338889 0.0239583 0.125926 0.318063
0 0.540104 0.316667 0.015625 0.0703704 0.320561
0 0.009375 0.319444 0.01875 0.131481 0.321697
25 0.430729 0.273148 0.040625 0.0277778 0.321817
0 0.0671875 0.319444 0.0239583 0.101852 0.323072
0 0.897396 0.463889 0.121875 0.561111 0.324649
0 0.897917 0.464815 0.122917 0.566667 0.325061
0 0.660937 0.338889 0.0239583 0.125926 0.325146
0 0.509896 0.352778 0.0260417 0.0981481 0.326764
25 0.43125 0.274074 0.0375 0.0333333 0.326909
0 0.540104 0.316667 0.015625 0.0740741 0.33035
0 0.661458 0.338889 0.025 0.12963 0.332593
0 0.873438 0.449074 0.084375 0.538889 0.333809
25 0.43125 0.274074 0.0375 0.0333333 0.33752
25 0.430729 0.273148 0.040625 0.0277778 0.341339
0 0.540104 0.316667 0.015625 0.0740741 0.345905
0 0.506771 0.352778 0.028125 0.0944444 0.347485
24 0.928125 0.37037 0.075 0.207407 0.347694
0 0.485938 0.350926 0.0239583 0.0944444 0.348754
25 0.43125 0.274074 0.0375 0.0333333 0.352429
25 0.430729 0.272222 0.040625 0.0259259 0.362789
0 0.895312 0.448148 0.119792 0.525926 0.376864
0 0.540104 0.316667 0.015625 0.0740741 0.379305
0 0.507812 0.352778 0.0260417 0.0944444 0.379636
24 0.925 0.367593 0.0770833 0.216667 0.387725
0 0.506771 0.353704 0.0260417 0.0962963 0.387959
24 0.925 0.367593 0.075 0.216667 0.388815
0 0.540625 0.317593 0.0145833 0.0722222 0.389555
24 0.925 0.368519 0.075 0.218519 0.397056
0 0.660937 0.338889 0.0260417 0.125926 0.398913
0 0.539583 0.316667 0.0145833 0.0703704 0.401812
0 0.0104167 0.323148 0.0208333 0.135185 0.407461
0 0.389062 0.335185 0.0177083 0.107407 0.407527
0 0.539583 0.318519 0.0145833 0.0666667 0.408893
24 0.928125 0.371296 0.0729167 0.209259 0.413626
0 0.0104167 0.323148 0.0208333 0.135185 0.416825
0 0.506771 0.352778 0.0260417 0.0981481 0.419228
0 0.507292 0.352778 0.025 0.0981481 0.424272
0 0.389062 0.336111 0.0177083 0.112963 0.427925
0 0.539583 0.316667 0.0145833 0.0703704 0.429601
0 0.389062 0.336111 0.0177083 0.112963 0.43947
0 0.660937 0.338889 0.0260417 0.122222 0.439901
0 0.384375 0.332407 0.0166667 0.109259 0.443031
24 0.928646 0.368519 0.0739583 0.207407 0.449611
0 0.540104 0.316667 0.0135417 0.0740741 0.45199
0 0.88125 0.462037 0.0875 0.557407 0.456272
24 0.928646 0.367593 0.0739583 0.209259 0.457014
24 0.928646 0.367593 0.0739583 0.209259 0.458374
0 0.385938 0.32963 0.015625 0.1 0.462012
0 0.446875 0.355556 0.0229167 0.133333 0.462229
0 0.447917 0.357407 0.025 0.137037 0.46982
0 0.539583 0.315741 0.0145833 0.0722222 0.474724
0 0.404687 0.347222 0.028125 0.153704 0.481886
0 0.009375 0.319444 0.01875 0.138889 0.486049
0 0.447917 0.352778 0.0270833 0.146296 0.490297
0 0.009375 0.32037 0.01875 0.140741 0.492448
0 0.877604 0.457407 0.078125 0.57037 0.493203
0 0.0671875 0.317593 0.021875 0.101852 0.499754
0 0.404687 0.343519 0.028125 0.135185 0.501791
0 0.405208 0.347222 0.0270833 0.153704 0.50366
0 0.877604 0.459259 0.078125 0.548148 0.50907
0 0.400521 0.347222 0.0364583 0.146296 0.511977
24 0.927083 0.374074 0.075 0.207407 0.512229
0 0.880208 0.462037 0.0833333 0.557407 0.515216
0 0.601562 0.340741 0.028125 0.12963 0.518434
24 0.923958 0.373148 0.0729167 0.201852 0.533478
24 0.923437 0.373148 0.0760417 0.198148 0.533899
0 0.822917 0.432407 0.0770833 0.472222 0.540185
0 0.009375 0.319444 0.01875 0.131481 0.54295
0 0.601562 0.340741 0.028125 0.133333 0.543764
0 0.405208 0.347222 0.0270833 0.153704 0.547369
24 0.928125 0.375 0.0708333 0.194444 0.548731
0 0.601042 0.341667 0.0270833 0.131481 0.55098
0 0.661458 0.333333 0.025 0.118519 0.555229
0 0.00885417 0.32037 0.0177083 0.133333 0.555539
24 0.927083 0.373148 0.075 0.209259 0.557993
0 0.601562 0.341667 0.028125 0.127778 0.561401
24 0.928125 0.375 0.06875 0.198148 0.567114
0 0.447917 0.353704 0.0270833 0.140741 0.571471
0 0.822396 0.434259 0.0760417 0.472222 0.573723
0 0.447396 0.352778 0.0260417 0.146296 0.577348
0 0.661979 0.333333 0.0239583 0.118519 0.577402
0 0.447396 0.353704 0.028125 0.140741 0.579797
0 0.661458 0.333333 0.025 0.118519 0.585806
0 0.601562 0.340741 0.028125 0.125926 0.586424
0 0.3875 0.333333 0.0166667 0.1 0.594445
0 0.601042 0.339815 0.0270833 0.127778 0.595512
0 0.0666667 0.319444 0.0229167 0.101852 0.596651
0 0.661458 0.334259 0.0229167 0.12037 0.599913
0 0.404687 0.346296 0.0322917 0.148148 0.600324
0 0.0666667 0.319444 0.0229167 0.101852 0.607306
0 0.602083 0.341667 0.0270833 0.127778 0.609562
0 0.661458 0.338889 0.0229167 0.12963 0.610131
24 0.927604 0.372222 0.0739583 0.207407 0.611303
0 0.0421875 0.323148 0.0197917 0.0944444 0.612735
24 0.927083 0.371296 0.0729167 0.209259 0.613652
0 0.405208 0.34537 0.03125 0.146296 0.613667
0 0.881771 0.456481 0.090625 0.546296 0.616175
0 0.386979 0.332407 0.0177083 0.101852 0.621723
0 0.447917 0.353704 0.0270833 0.140741 0.623325
24 0.927604 0.371296 0.0739583 0.209259 0.624423
0 0.386979 0.332407 0.0177083 0.101852 0.625961
0 0.88125 0.455556 0.0916667 0.544444 0.626408
0 0.601042 0.340741 0.0270833 0.125926 0.640111
0 0.661458 0.335185 0.0229167 0.118519 0.643724
0 0.661458 0.335185 0.0229167 0.118519 0.645091
0 0.660937 0.338889 0.0239583 0.122222 0.645749
0 0.660937 0.337963 0.0239583 0.124074 0.647537
0 0.878646 0.451852 0.0927083 0.555556 0.648161
0 0.877604 0.451852 0.090625 0.555556 0.64959
0 0.601562 0.340741 0.0260417 0.125926 0.659558
0 0.404687 0.348148 0.028125 0.151852 0.660222
0 0.0421875 0.323148 0.0197917 0.0944444 0.660503
0 0.447917 0.353704 0.0270833 0.140741 0.663421
0 0.447917 0.353704 0.0270833 0.140741 0.668395
0 0.0421875 0.321296 0.0197917 0.0944444 0.671919
24 0.925521 0.374074 0.0760417 0.207407 0.673875
24 0.925521 0.375 0.0760417 0.209259 0.675256
0 0.0421875 0.323148 0.0197917 0.0944444 0.676779
0 0.601562 0.339815 0.028125 0.127778 0.678727
24 0.925521 0.374074 0.0760417 0.207407 0.684924
0 0.00885417 0.32037 0.0177083 0.137037 0.68674
0 0.00885417 0.32037 0.0177083 0.137037 0.688127
0 0.009375 0.319444 0.01875 0.135185 0.690539
0 0.446875 0.355556 0.025 0.140741 0.692602
0 0.601562 0.340741 0.028125 0.12963 0.695306
0 0.0671875 0.32037 0.021875 0.103704 0.696413
0 0.446875 0.355556 0.025 0.137037 0.697892
0 0.009375 0.319444 0.01875 0.135185 0.704351
0 0.0427083 0.323148 0.0208333 0.0981481 0.704358
0 0.0677083 0.317593 0.0229167 0.0981481 0.705997
0 0.0416667 0.321296 0.0208333 0.0944444 0.707602
0 0.0416667 0.321296 0.0208333 0.0944444 0.707686
0 0.404687 0.346296 0.028125 0.151852 0.716043
0 0.0671875 0.32037 0.021875 0.107407 0.719873
0 0.601562 0.341667 0.028125 0.127778 0.720384
0 0.602083 0.341667 0.0270833 0.127778 0.732009
0 0.0671875 0.32037 0.021875 0.107407 0.733028
0 0.601562 0.340741 0.028125 0.12963 0.736967
0 0.0421875 0.322222 0.021875 0.0962963 0.740586
0 0.0671875 0.316667 0.021875 0.1 0.742077
0 0.0677083 0.317593 0.0229167 0.101852 0.744925
0 0.00989583 0.322222 0.0177083 0.12963 0.747821
0 0.880208 0.460185 0.0854167 0.561111 0.747946
0 0.824479 0.431481 0.078125 0.481481 0.748103
0 0.602083 0.341667 0.0270833 0.127778 0.748258
0 0.602083 0.341667 0.0270833 0.127778 0.750417
0 0.447396 0.35463 0.0260417 0.138889 0.755245
0 0.405208 0.347222 0.0270833 0.153704 0.757669
0 0.880729 0.461111 0.0822917 0.559259 0.761135
0 0.447396 0.353704 0.0260417 0.144444 0.764777
0 0.826042 0.434259 0.0791667 0.475926 0.765158
0 0.601562 0.341667 0.028125 0.127778 0.765883
0 0.447396 0.356481 0.0260417 0.146296 0.773243
0 0.00989583 0.32037 0.0197917 0.12963 0.781263
0 0.447396 0.356481 0.0260417 0.142593 0.785113
0 0.601562 0.341667 0.028125 0.127778 0.789082
0 0.825 0.434259 0.0770833 0.47963 0.793864
0 0.405208 0.344444 0.0270833 0.144444 0.79487
0 0.825 0.434259 0.0770833 0.47963 0.795117
0 0.404687 0.343519 0.028125 0.142593 0.797868
0 0.825 0.432407 0.075 0.468519 0.803621
0 0.825521 0.433333 0.0760417 0.466667 0.80738
0 0.826042 0.435185 0.0791667 0.474074 0.832996
0 0.824479 0.432407 0.0802083 0.487037 0.84118
0 0.826042 0.434259 0.0791667 0.47963 0.844852
0 0.405208 0.342593 0.0270833 0.159259 0.851138
0 0.405208 0.342593 0.0270833 0.155556 0.858517
0 0.824479 0.431481 0.078125 0.488889 0.863315
