0 0.596354 0.348148 0.015625 0.0666667 0.250895
0 0.541146 0.397222 0.0322917 0.109259 0.252032
0 0.561458 0.4 0.0354167 0.114815 0.253298
0 0.815625 0.384259 0.05 0.22037 0.254575
0 0.541667 0.393519 0.03125 0.116667 0.256048
0 0.540625 0.398148 0.0333333 0.111111 0.258746
0 0.541146 0.397222 0.0322917 0.109259 0.26039
0 0.366146 0.342593 0.015625 0.062963 0.262421
0 0.596875 0.35 0.0145833 0.0666667 0.263906
0 0.816146 0.389815 0.0489583 0.22037 0.264617
0 0.815625 0.384259 0.05 0.216667 0.266308
0 0.365625 0.343519 0.0166667 0.0685185 0.267467
0 0.561979 0.4 0.034375 0.111111 0.277146
0 0.484896 0.388889 0.0302083 0.151852 0.281183
0 0.366146 0.342593 0.015625 0.062963 0.282984
0 0.459896 0.37963 0.065625 0.151852 0.283695
0 0.484896 0.389815 0.0302083 0.153704 0.286929
0 0.567187 0.396296 0.0322917 0.122222 0.291607
0 0.567187 0.39537 0.0322917 0.12037 0.301976
0 0.542708 0.389815 0.03125 0.116667 0.309189
0 0.366146 0.343519 0.015625 0.0685185 0.317045
0 0.442708 0.375 0.03125 0.164815 0.317501
0 0.459896 0.37963 0.0635417 0.151852 0.318177
0 0.442708 0.375 0.03125 0.164815 0.319236
0 0.541667 0.394444 0.03125 0.114815 0.321737
0 0.44375 0.37963 0.03125 0.162963 0.325041
0 0.44375 0.37963 0.03125 0.162963 0.325098
0 0.56875 0.387963 0.0291667 0.116667 0.334913
0 0.459896 0.37963 0.0635417 0.151852 0.340161
0 0.565104 0.394444 0.034375 0.122222 0.34102
0 0.366146 0.343519 0.015625 0.0685185 0.343914
0 0.565104 0.39537 0.034375 0.12037 0.352081
0 0.567187 0.39537 0.0322917 0.12037 0.355547
0 0.542708 0.389815 0.03125 0.116667 0.358961
0 0.543229 0.389815 0.0302083 0.116667 0.359169
0 0.56875 0.388889 0.0291667 0.114815 0.365879
0 0.56875 0.388889 0.0291667 0.114815 0.368707
0 0.817187 0.384259 0.0427083 0.212963 0.375523
0 0.565625 0.394444 0.0333333 0.122222 0.397739
0 0.596875 0.35 0.0145833 0.0666667 0.412143
0 0.595312 0.350926 0.015625 0.0685185 0.422268
0 0.817187 0.385185 0.0427083 0.214815 0.427089
0 0.567708 0.393519 0.0333333 0.131481 0.427346
0 0.568229 0.393519 0.0322917 0.131481 0.430612
0 0.596875 0.349074 0.0145833 0.0648148 0.440168
0 0.567708 0.393519 0.0333333 0.131481 0.442037
0 0.595312 0.349074 0.0114583 0.0685185 0.451065
0 0.642187 0.371296 0.028125 0.131481 0.454719
0 0.595312 0.35 0.0114583 0.0666667 0.462515
0 0.642187 0.371296 0.028125 0.127778 0.467038
0 0.817187 0.384259 0.0427083 0.212963 0.468883
0 0.567708 0.396296 0.0291667 0.118519 0.469383
0 0.594792 0.35 0.0145833 0.0703704 0.475815
0 0.484375 0.384259 0.03125 0.15 0.482289
0 0.445312 0.380556 0.034375 0.161111 0.48709
0 0.568229 0.397222 0.0302083 0.116667 0.489145
0 0.445312 0.380556 0.034375 0.161111 0.499535
0 0.484375 0.384259 0.03125 0.15 0.504259
0 0.444271 0.373148 0.034375 0.164815 0.506456
0 0.444271 0.374074 0.034375 0.162963 0.509032
0 0.568229 0.397222 0.0302083 0.116667 0.510846
0 0.596354 0.348148 0.0135417 0.0666667 0.520206
0 0.596354 0.348148 0.0135417 0.0666667 0.529897
0 0.642187 0.371296 0.028125 0.131481 0.539385
0 0.641667 0.371296 0.0270833 0.131481 0.55071
0 0.642187 0.371296 0.028125 0.131481 0.591435
0 0.642187 0.371296 0.028125 0.131481 0.595922
0 0.641667 0.373148 0.0270833 0.131481 0.596554
0 0.484375 0.384259 0.03125 0.146296 0.5969
0 0.641667 0.373148 0.0270833 0.131481 0.62014
0 0.641667 0.373148 0.0270833 0.131481 0.628964
0 0.816667 0.386111 0.0416667 0.212963 0.630162
0 0.816146 0.386111 0.040625 0.216667 0.631917
0 0.816146 0.387963 0.0447917 0.212963 0.636406
0 0.642187 0.372222 0.028125 0.12963 0.651877
0 0.641667 0.373148 0.0270833 0.131481 0.665421
0 0.484896 0.383333 0.0302083 0.148148 0.673209
0 0.816146 0.388889 0.0447917 0.214815 0.68391
0 0.484896 0.384259 0.0302083 0.15 0.686849
0 0.817708 0.388889 0.04375 0.214815 0.691555
0 0.642187 0.372222 0.028125 0.12963 0.693303
0 0.816667 0.385185 0.0458333 0.214815 0.695046
0 0.444792 0.378704 0.0333333 0.161111 0.696719
0 0.816667 0.387037 0.04375 0.218519 0.697821
0 0.817187 0.388889 0.0427083 0.214815 0.70913
0 0.444792 0.378704 0.0333333 0.161111 0.718183
0 0.642708 0.373148 0.0270833 0.127778 0.718523
0 0.817187 0.388889 0.0427083 0.214815 0.721005
0 0.816146 0.387963 0.0447917 0.212963 0.730298
0 0.641667 0.372222 0.0270833 0.12963 0.730347
0 0.642708 0.373148 0.0270833 0.127778 0.740245
0 0.444792 0.377778 0.0333333 0.162963 0.749516
0 0.484375 0.386111 0.03125 0.15 0.752625
0 0.641667 0.372222 0.0270833 0.12963 0.754656
0 0.641667 0.374074 0.0270833 0.12963 0.756804
0 0.641667 0.374074 0.0270833 0.12963 0.762633
0 0.484375 0.386111 0.03125 0.15 0.765051
0 0.444271 0.377778 0.0322917 0.166667 0.783
0 0.444271 0.377778 0.0322917 0.166667 0.785666
0 0.484375 0.386111 0.03125 0.15 0.787543
0 0.444271 0.377778 0.0322917 0.166667 0.799342
0 0.483854 0.384259 0.0302083 0.153704 0.825501
0 0.484896 0.384259 0.0302083 0.15 0.830805
0 0.484896 0.384259 0.0302083 0.15 0.833125
0 0.483854 0.385185 0.0302083 0.151852 0.833584
0 0.44375 0.378704 0.0333333 0.164815 0.856901
0 0.44375 0.378704 0.0333333 0.161111 0.859355
