0 0.334375 0.30463 0.0166667 0.0611111 0.252627
0 0.459375 0.341667 0.0291667 0.142593 0.255345
24 0.891146 0.34537 0.065625 0.190741 0.255665
0 0.394271 0.328704 0.0260417 0.105556 0.258869
0 0.333854 0.306481 0.015625 0.0611111 0.260835
0 0.805729 0.400926 0.065625 0.438889 0.26096
0 0.499479 0.340741 0.0239583 0.0962963 0.263141
0 0.0473958 0.328704 0.028125 0.116667 0.263996
0 0.334896 0.30463 0.015625 0.0611111 0.266809
0 0.865104 0.423148 0.096875 0.487037 0.267927
0 0.499479 0.341667 0.0239583 0.0981481 0.270313
0 0.505208 0.342593 0.04375 0.0962963 0.270511
13 0.230208 0.876852 0.360417 0.238889 0.274278
0 0.459896 0.34537 0.0260417 0.138889 0.274598
0 0.499479 0.341667 0.0239583 0.0981481 0.275389
13 0.227604 0.876852 0.361458 0.242593 0.28194
0 0.846354 0.413889 0.071875 0.490741 0.283561
0 0.936979 0.289815 0.0322917 0.146296 0.285135
13 0.227083 0.876852 0.360417 0.242593 0.285677
0 0.658333 0.330556 0.0270833 0.127778 0.285955
0 0.659375 0.325 0.0270833 0.116667 0.2866
13 0.230208 0.877778 0.360417 0.237037 0.287197
0 0.333854 0.305556 0.015625 0.062963 0.288821
0 0.936979 0.288889 0.0322917 0.144444 0.290495
24 0.889063 0.338889 0.0635417 0.196296 0.291559
24 0.888542 0.338889 0.0645833 0.192593 0.294237
0 0.936979 0.287963 0.0322917 0.142593 0.295044
24 0.89375 0.35 0.0541667 0.177778 0.295739
0 0.392188 0.32963 0.021875 0.103704 0.295962
0 0.459375 0.341667 0.0270833 0.142593 0.296987
0 0.0947917 0.324074 0.0208333 0.0925926 0.29874
24 0.891146 0.338889 0.0572917 0.2 0.299071
24 0.89375 0.35 0.0541667 0.181481 0.30253
0 0.440625 0.342593 0.0666667 0.151852 0.305339
24 0.891146 0.339815 0.0572917 0.198148 0.306263
0 0.658854 0.325 0.0260417 0.116667 0.307494
0 0.458854 0.341667 0.028125 0.142593 0.307961
24 0.891146 0.339815 0.0572917 0.201852 0.308409
0 0.518229 0.344444 0.028125 0.107407 0.31055
24 0.89375 0.35 0.0541667 0.181481 0.313819
0 0.659375 0.318519 0.025 0.103704 0.315379
0 0.845833 0.412963 0.075 0.496296 0.315979
0 0.658854 0.325 0.0260417 0.116667 0.316203
0 0.392708 0.32963 0.0208333 0.103704 0.31894
0 0.936458 0.292593 0.0333333 0.162963 0.319287
0 0.547396 0.310185 0.015625 0.0648148 0.319648
0 0.394271 0.327778 0.0260417 0.107407 0.319859
0 0.936979 0.290741 0.034375 0.159259 0.321039
0 0.936979 0.290741 0.034375 0.159259 0.321248
0 0.494792 0.340741 0.0291667 0.103704 0.322701
0 0.936979 0.293519 0.0322917 0.161111 0.324067
0 0.495313 0.339815 0.028125 0.105556 0.325034
0 0.546354 0.310185 0.015625 0.0648148 0.326079
0 0.459375 0.34537 0.0270833 0.135185 0.328803
0 0.852083 0.424074 0.08125 0.488889 0.329393
0 0.392708 0.32963 0.0208333 0.103704 0.338266
0 0.517187 0.344444 0.0239583 0.0962963 0.340685
0 0.046875 0.327778 0.0270833 0.118519 0.352643
24 0.894271 0.35463 0.0552083 0.175926 0.353723
0 0.546354 0.311111 0.015625 0.0666667 0.357313
0 0.609375 0.328704 0.0270833 0.124074 0.364563
0 0.0942708 0.324074 0.021875 0.0888889 0.368996
0 0.659375 0.321296 0.025 0.109259 0.370561
0 0.659375 0.32037 0.025 0.107407 0.371549
24 0.894271 0.35463 0.0552083 0.175926 0.371968
0 0.517187 0.343519 0.0239583 0.0981481 0.372275
0 0.494271 0.338889 0.0260417 0.103704 0.37508
24 0.894271 0.35463 0.0552083 0.175926 0.375633
0 0.494792 0.341667 0.0270833 0.0981481 0.378395
0 0.658333 0.326852 0.0270833 0.12037 0.378403
0 0.658333 0.326852 0.0270833 0.12037 0.382934
0 0.609375 0.32963 0.0270833 0.125926 0.388392
0 0.609375 0.328704 0.0270833 0.124074 0.388745
0 0.517187 0.34537 0.0239583 0.0981481 0.392344
0 0.547396 0.310185 0.0135417 0.0648148 0.396649
0 0.517187 0.34537 0.0239583 0.0981481 0.396935
0 0.459896 0.347222 0.028125 0.146296 0.39954
0 0.821354 0.406481 0.0927083 0.464815 0.40019
0 0.0442708 0.327778 0.028125 0.12963 0.40328
0 0.415625 0.338889 0.0270833 0.137037 0.406374
0 0.658333 0.330556 0.0270833 0.124074 0.413948
0 0.517187 0.344444 0.0239583 0.1 0.415923
0 0.517187 0.344444 0.0239583 0.1 0.416752
0 0.494792 0.341667 0.0270833 0.0981481 0.420266
0 0.494792 0.341667 0.0270833 0.0981481 0.422707
0 0.547396 0.310185 0.0135417 0.0648148 0.425597
0 0.494792 0.340741 0.0270833 0.1 0.430895
0 0.459896 0.347222 0.028125 0.146296 0.436673
0 0.0447917 0.327778 0.0270833 0.125926 0.437775
0 0.547396 0.310185 0.0135417 0.0611111 0.440091
24 0.893229 0.347222 0.0572917 0.190741 0.444644
0 0.608854 0.337037 0.0260417 0.122222 0.445101
0 0.0442708 0.327778 0.028125 0.12963 0.445185
0 0.015625 0.34537 0.03125 0.183333 0.445202
0 0.852604 0.417593 0.084375 0.487037 0.447844
0 0.015625 0.34537 0.03125 0.183333 0.448763
24 0.892708 0.349074 0.05625 0.175926 0.449194
0 0.494271 0.338889 0.0260417 0.0962963 0.457227
0 0.608333 0.337037 0.025 0.122222 0.459763
0 0.608333 0.337037 0.025 0.122222 0.4627
0 0.547396 0.310185 0.0135417 0.0611111 0.464347
0 0.392708 0.327778 0.0229167 0.1 0.465434
0 0.658333 0.328704 0.0270833 0.12037 0.466552
0 0.658333 0.327778 0.0270833 0.118519 0.474559
0 0.494271 0.337963 0.0260417 0.0981481 0.477118
0 0.0442708 0.326852 0.0260417 0.127778 0.477246
24 0.892708 0.348148 0.05625 0.177778 0.47772
0 0.494271 0.338889 0.0260417 0.1 0.479415
24 0.891667 0.339815 0.0604167 0.190741 0.479548
0 0.852083 0.415741 0.0833333 0.490741 0.481811
0 0.936979 0.3 0.034375 0.162963 0.485339
0 0.806771 0.403704 0.0635417 0.459259 0.487415
0 0.0703125 0.326852 0.015625 0.087037 0.487821
0 0.936979 0.299074 0.034375 0.161111 0.488145
0 0.0145833 0.355556 0.0291667 0.188889 0.490128
24 0.891667 0.339815 0.0583333 0.194444 0.491649
0 0.459375 0.347222 0.0270833 0.146296 0.494292
0 0.936979 0.299074 0.034375 0.161111 0.495658
0 0.460417 0.343519 0.0270833 0.142593 0.510107
0 0.392708 0.328704 0.0229167 0.105556 0.515582
0 0.392708 0.328704 0.0229167 0.105556 0.515889
0 0.460417 0.342593 0.0270833 0.140741 0.52334
0 0.0703125 0.326852 0.015625 0.087037 0.524534
0 0.0703125 0.325926 0.015625 0.0925926 0.529249
0 0.0479167 0.328704 0.025 0.116667 0.533618
0 0.0145833 0.355556 0.0291667 0.188889 0.533779
0 0.460417 0.346296 0.0270833 0.144444 0.534837
0 0.460417 0.346296 0.0270833 0.144444 0.535406
0 0.415104 0.337963 0.0260417 0.127778 0.536306
0 0.0453125 0.327778 0.0260417 0.125926 0.537088
0 0.0703125 0.326852 0.015625 0.087037 0.548531
0 0.657812 0.330556 0.0239583 0.124074 0.559206
0 0.0703125 0.325926 0.015625 0.0925926 0.571352
24 0.891667 0.346296 0.0604167 0.188889 0.576659
0 0.0947917 0.324074 0.01875 0.0925926 0.578503
0 0.0703125 0.325926 0.015625 0.0925926 0.578823
0 0.415104 0.337963 0.0260417 0.135185 0.583241
0 0.658854 0.326852 0.0260417 0.12037 0.583864
0 0.415104 0.337963 0.0260417 0.135185 0.584072
0 0.658854 0.326852 0.0260417 0.12037 0.588561
0 0.416146 0.338889 0.028125 0.144444 0.590916
0 0.0953125 0.322222 0.0197917 0.0925926 0.600046
24 0.892708 0.347222 0.05625 0.187037 0.600483
24 0.892708 0.347222 0.05625 0.187037 0.602908
0 0.0145833 0.355556 0.0291667 0.188889 0.603946
0 0.841146 0.423148 0.0927083 0.512963 0.607356
24 0.892708 0.346296 0.05625 0.185185 0.610485
0 0.0145833 0.350926 0.0291667 0.201852 0.614001
0 0.0145833 0.350926 0.0291667 0.198148 0.61933
0 0.0947917 0.325926 0.01875 0.0962963 0.620129
0 0.393229 0.328704 0.0239583 0.101852 0.621991
0 0.39375 0.327778 0.0229167 0.103704 0.622786
0 0.414583 0.339815 0.0270833 0.146296 0.626657
0 0.609375 0.332407 0.0270833 0.131481 0.627167
0 0.659375 0.326852 0.025 0.12037 0.631447
0 0.0953125 0.322222 0.0197917 0.0962963 0.632684
0 0.658854 0.326852 0.0260417 0.116667 0.632745
0 0.658333 0.326852 0.025 0.116667 0.635957
0 0.416146 0.338889 0.028125 0.144444 0.638933
0 0.0953125 0.323148 0.0197917 0.0944444 0.643439
0 0.851562 0.423148 0.0822917 0.501852 0.644197
0 0.609896 0.334259 0.028125 0.127778 0.647191
0 0.0947917 0.325926 0.01875 0.1 0.647867
0 0.415625 0.338889 0.0270833 0.144444 0.648671
0 0.0947917 0.325926 0.01875 0.1 0.652058
0 0.392708 0.328704 0.0229167 0.105556 0.655705
0 0.414583 0.339815 0.0270833 0.146296 0.656036
0 0.609375 0.333333 0.0270833 0.125926 0.659561
0 0.414583 0.338889 0.0270833 0.148148 0.662977
0 0.851562 0.423148 0.0822917 0.505556 0.669859
0 0.0151042 0.348148 0.0302083 0.196296 0.67024
0 0.393229 0.328704 0.0239583 0.105556 0.672031
0 0.803646 0.401852 0.059375 0.437037 0.672341
0 0.0151042 0.348148 0.0302083 0.196296 0.67653
0 0.0458333 0.32963 0.025 0.114815 0.677095
0 0.0458333 0.32963 0.025 0.114815 0.679792
0 0.393229 0.328704 0.021875 0.105556 0.679805
0 0.609375 0.332407 0.0270833 0.127778 0.680439
0 0.459896 0.34537 0.028125 0.142593 0.685234
0 0.0463542 0.32963 0.0239583 0.114815 0.685793
0 0.85 0.422222 0.08125 0.518519 0.690018
0 0.805208 0.400926 0.0645833 0.438889 0.694647
0 0.805208 0.400926 0.0645833 0.438889 0.695512
0 0.805208 0.400926 0.0645833 0.442593 0.701825
0 0.0151042 0.350926 0.0302083 0.187037 0.703271
0 0.609375 0.333333 0.0270833 0.12963 0.706676
0 0.805208 0.402778 0.0625 0.427778 0.708492
0 0.0151042 0.350926 0.0302083 0.187037 0.710975
0 0.609375 0.334259 0.0270833 0.127778 0.712253
0 0.0453125 0.326852 0.0239583 0.12037 0.714095
0 0.805208 0.401852 0.0625 0.42963 0.71903
0 0.852083 0.425 0.08125 0.512963 0.720188
0 0.805208 0.402778 0.0625 0.427778 0.721337
0 0.852083 0.425 0.08125 0.512963 0.726042
0 0.609896 0.333333 0.028125 0.125926 0.729028
0 0.459375 0.344444 0.0270833 0.140741 0.729984
0 0.0453125 0.327778 0.0239583 0.125926 0.730781
0 0.459375 0.344444 0.0270833 0.140741 0.736788
0 0.0453125 0.327778 0.0239583 0.125926 0.739669
0 0.609375 0.333333 0.0270833 0.125926 0.745538
0 0.608854 0.333333 0.028125 0.122222 0.746766
0 0.015625 0.35 0.03125 0.188889 0.749074
0 0.415625 0.339815 0.0270833 0.15 0.754095
0 0.0453125 0.325926 0.0239583 0.125926 0.760517
0 0.459375 0.343519 0.0270833 0.15 0.761697
0 0.0447917 0.326852 0.025 0.124074 0.762274
0 0.608854 0.333333 0.028125 0.122222 0.76476
0 0.415625 0.339815 0.0270833 0.146296 0.76575
0 0.609896 0.334259 0.028125 0.127778 0.770908
0 0.459375 0.344444 0.0270833 0.144444 0.772951
0 0.854167 0.424074 0.0875 0.507407 0.773276
0 0.0453125 0.326852 0.0239583 0.127778 0.774944
0 0.609375 0.333333 0.0270833 0.122222 0.775135
0 0.459375 0.34537 0.0270833 0.142593 0.777265
0 0.459375 0.343519 0.0270833 0.146296 0.780308
0 0.0453125 0.326852 0.0239583 0.127778 0.782144
0 0.853646 0.424074 0.084375 0.503704 0.785833
0 0.804688 0.403704 0.0614583 0.437037 0.810815
0 0.804688 0.401852 0.0614583 0.437037 0.816069
0 0.804688 0.402778 0.0614583 0.435185 0.817194
0 0.609375 0.333333 0.0270833 0.125926 0.817457
0 0.415104 0.339815 0.028125 0.146296 0.82154
0 0.415625 0.339815 0.0291667 0.146296 0.82856
0 0.608854 0.335185 0.0260417 0.125926 0.829727
0 0.608854 0.334259 0.0260417 0.124074 0.839993
