0 0.494271 0.325 0.021875 0.0981481 0.251823
0 0.884375 0.277778 0.03125 0.166667 0.253332
24 0.808854 0.328704 0.046875 0.124074 0.255964
0 0.591667 0.323148 0.025 0.116667 0.256923
0 0.0515625 0.337037 0.0635417 0.185185 0.257504
0 0.591667 0.323148 0.025 0.116667 0.257647
0 0.494271 0.325 0.021875 0.0981481 0.258209
0 0.473958 0.325 0.025 0.116667 0.263314
0 0.616146 0.306481 0.034375 0.109259 0.263948
0 0.521875 0.29537 0.0229167 0.0759259 0.26581
0 0.479688 0.32037 0.021875 0.107407 0.266422
0 0.473437 0.325 0.0239583 0.112963 0.268887
0 0.314063 0.289815 0.015625 0.0611111 0.271333
0 0.384375 0.294444 0.0145833 0.0666667 0.272954
24 0.808333 0.328704 0.0458333 0.127778 0.27351
24 0.808854 0.328704 0.046875 0.127778 0.273788
0 0.479688 0.321296 0.021875 0.105556 0.278854
0 0.494792 0.322222 0.0229167 0.107407 0.283405
0 0.884375 0.284259 0.0333333 0.157407 0.286029
0 0.622396 0.30463 0.021875 0.101852 0.286808
0 0.479688 0.321296 0.021875 0.105556 0.287645
0 0.884896 0.282407 0.0322917 0.157407 0.289428
0 0.884375 0.284259 0.03125 0.157407 0.291949
0 0.884375 0.282407 0.03125 0.157407 0.294202
0 0.622396 0.30463 0.021875 0.101852 0.298324
0 0.446875 0.326852 0.025 0.131481 0.301896
0 0.884896 0.282407 0.0322917 0.157407 0.302562
0 0.884375 0.284259 0.0333333 0.161111 0.304598
0 0.494792 0.322222 0.0229167 0.107407 0.307196
0 0.622396 0.30463 0.021875 0.101852 0.312172
0 0.883854 0.284259 0.0302083 0.172222 0.3125
0 0.527604 0.293519 0.0177083 0.0648148 0.312582
0 0.776563 0.37963 0.096875 0.403704 0.314498
0 0.494792 0.322222 0.0229167 0.103704 0.316893
0 0.403646 0.316667 0.028125 0.144444 0.318827
0 0.883854 0.284259 0.0302083 0.172222 0.319448
0 0.403646 0.315741 0.028125 0.146296 0.323861
24 0.807292 0.326852 0.0479167 0.131481 0.327843
0 0.317187 0.288889 0.015625 0.0592593 0.328872
0 0.446875 0.32963 0.025 0.137037 0.330257
0 0.367188 0.312963 0.0197917 0.103704 0.332676
0 0.621875 0.29537 0.0208333 0.087037 0.332841
0 0.317187 0.288889 0.015625 0.0592593 0.343153
0 0.0989583 0.30463 0.0208333 0.0833333 0.35073
0 0.05 0.339815 0.0625 0.187037 0.351947
0 0.0989583 0.305556 0.0208333 0.0814815 0.357944
0 0.447396 0.32963 0.0239583 0.133333 0.358928
0 0.367188 0.308333 0.021875 0.0981481 0.369571
0 0.526042 0.292593 0.0145833 0.0740741 0.370602
24 0.805208 0.328704 0.0479167 0.146296 0.370667
0 0.0989583 0.305556 0.0208333 0.0814815 0.371349
0 0.05 0.340741 0.0625 0.188889 0.372545
0 0.591667 0.317593 0.0270833 0.12037 0.373114
0 0.367188 0.312963 0.0197917 0.107407 0.374835
0 0.0494792 0.336111 0.0614583 0.183333 0.375326
0 0.367188 0.313889 0.0197917 0.109259 0.378047
24 0.805729 0.32963 0.0489583 0.148148 0.379363
0 0.0973958 0.303704 0.021875 0.0814815 0.381409
0 0.0494792 0.336111 0.0614583 0.183333 0.381849
0 0.0484375 0.340741 0.0614583 0.188889 0.385937
0 0.0484375 0.341667 0.0614583 0.190741 0.386232
24 0.804688 0.328704 0.0489583 0.15 0.39003
0 0.0484375 0.337037 0.065625 0.188889 0.390131
0 0.366667 0.308333 0.0208333 0.0981481 0.390265
0 0.526042 0.292593 0.0145833 0.0703704 0.394096
0 0.0494792 0.336111 0.0614583 0.183333 0.398396
0 0.367188 0.309259 0.021875 0.1 0.401766
0 0.0973958 0.30463 0.021875 0.0796296 0.401958
0 0.781771 0.388889 0.0927083 0.440741 0.403563
0 0.0973958 0.30463 0.021875 0.0796296 0.404872
0 0.0520833 0.336111 0.0604167 0.183333 0.409442
0 0.0510417 0.337037 0.0625 0.185185 0.410112
0 0.526042 0.292593 0.0166667 0.0703704 0.415359
0 0.0510417 0.337037 0.0625 0.181481 0.423298
0 0.525 0.294444 0.0145833 0.0740741 0.425437
0 0.591667 0.318519 0.0270833 0.122222 0.427379
0 0.592188 0.318519 0.0260417 0.122222 0.428171
0 0.0510417 0.338889 0.0625 0.185185 0.428535
0 0.448438 0.32963 0.028125 0.144444 0.431232
0 0.527083 0.293519 0.0166667 0.0685185 0.43843
24 0.807292 0.326852 0.0458333 0.131481 0.443664
0 0.525521 0.294444 0.015625 0.0740741 0.447709
0 0.526042 0.292593 0.0166667 0.0703704 0.460652
0 0.447917 0.328704 0.0270833 0.15 0.463854
0 0.525521 0.294444 0.015625 0.0740741 0.469293
0 0.0984375 0.303704 0.021875 0.0814815 0.470966
0 0.0984375 0.30463 0.021875 0.0833333 0.476964
24 0.806771 0.325926 0.0489583 0.137037 0.480842
0 0.622396 0.3 0.021875 0.0888889 0.482253
0 0.0984375 0.30463 0.021875 0.0833333 0.485608
0 0.525521 0.293519 0.015625 0.0685185 0.4868
0 0.448438 0.330556 0.028125 0.146296 0.494346
0 0.446875 0.327778 0.025 0.140741 0.496696
24 0.807292 0.325926 0.0479167 0.137037 0.49923
0 0.446875 0.328704 0.025 0.138889 0.503855
0 0.0484375 0.337037 0.0635417 0.188889 0.508496
0 0.740104 0.374074 0.053125 0.366667 0.512149
24 0.80625 0.328704 0.05 0.116667 0.524849
0 0.622396 0.3 0.021875 0.0925926 0.532077
0 0.622396 0.3 0.021875 0.0925926 0.533377
0 0.448438 0.330556 0.028125 0.146296 0.541626
0 0.404687 0.325926 0.0322917 0.155556 0.545134
0 0.777604 0.381481 0.0947917 0.414815 0.550333
0 0.622396 0.298148 0.0197917 0.0851852 0.551839
0 0.404687 0.326852 0.0322917 0.153704 0.554005
0 0.447396 0.32963 0.0260417 0.148148 0.558235
0 0.447917 0.328704 0.0270833 0.146296 0.559842
0 0.0979167 0.30463 0.0208333 0.0833333 0.561349
24 0.806771 0.325926 0.0489583 0.133333 0.562771
0 0.404687 0.326852 0.0322917 0.153704 0.566738
0 0.592188 0.321296 0.028125 0.12037 0.56812
24 0.80625 0.326852 0.0479167 0.131481 0.573759
24 0.80625 0.327778 0.0479167 0.125926 0.579969
0 0.592188 0.321296 0.028125 0.12037 0.580194
24 0.807292 0.326852 0.0479167 0.131481 0.591369
0 0.621875 0.297222 0.0208333 0.087037 0.591412
0 0.761979 0.37963 0.078125 0.396296 0.594839
24 0.80625 0.326852 0.0479167 0.127778 0.599066
0 0.621875 0.297222 0.0208333 0.087037 0.599234
0 0.0973958 0.30463 0.021875 0.0833333 0.603066
24 0.80625 0.327778 0.0479167 0.125926 0.612239
24 0.807292 0.327778 0.0479167 0.140741 0.614478
0 0.761458 0.37963 0.08125 0.396296 0.618048
0 0.761979 0.37963 0.0822917 0.396296 0.622585
24 0.806771 0.326852 0.046875 0.142593 0.623171
0 0.742708 0.375 0.0541667 0.368519 0.627089
0 0.447396 0.327778 0.0260417 0.148148 0.637891
0 0.446875 0.32963 0.025 0.140741 0.652393
0 0.447396 0.32963 0.0260417 0.140741 0.654081
0 0.591667 0.321296 0.025 0.12037 0.65557
0 0.447396 0.328704 0.0260417 0.146296 0.655613
0 0.592188 0.32037 0.0260417 0.122222 0.662079
0 0.592188 0.319444 0.0260417 0.12037 0.664735
0 0.591667 0.321296 0.025 0.12037 0.670918
0 0.621354 0.300926 0.0197917 0.0944444 0.671007
0 0.782292 0.383333 0.0833333 0.418519 0.672821
0 0.0494792 0.338889 0.0614583 0.185185 0.678071
0 0.0494792 0.338889 0.0614583 0.185185 0.679851
0 0.592708 0.321296 0.0270833 0.116667 0.684089
0 0.591667 0.321296 0.025 0.12037 0.684536
0 0.592188 0.32037 0.0260417 0.122222 0.694418
0 0.0494792 0.338889 0.065625 0.185185 0.696951
0 0.0494792 0.337037 0.0614583 0.185185 0.704477
0 0.592188 0.32037 0.0260417 0.122222 0.709134
0 0.404167 0.325926 0.0291667 0.155556 0.716135
0 0.404687 0.325926 0.0302083 0.155556 0.71649
0 0.0494792 0.337037 0.0614583 0.181481 0.721238
0 0.366667 0.312037 0.0208333 0.105556 0.722739
0 0.05 0.338889 0.0645833 0.185185 0.729937
0 0.367188 0.312037 0.021875 0.105556 0.741021
0 0.367188 0.312037 0.0197917 0.105556 0.745853
0 0.781771 0.385185 0.0802083 0.418519 0.745858
0 0.592188 0.32037 0.0260417 0.118519 0.749068
0 0.404167 0.325 0.0291667 0.153704 0.749146
0 0.366667 0.311111 0.0208333 0.103704 0.749258
0 0.446875 0.328704 0.025 0.15 0.749719
0 0.739062 0.374074 0.046875 0.359259 0.750798
0 0.779167 0.382407 0.0729167 0.405556 0.757031
0 0.592188 0.321296 0.0260417 0.12037 0.760826
0 0.779167 0.382407 0.0729167 0.409259 0.763183
0 0.05 0.337037 0.0625 0.181481 0.764117
0 0.446875 0.328704 0.025 0.146296 0.769232
0 0.779167 0.382407 0.0729167 0.405556 0.769628
0 0.404687 0.322222 0.0302083 0.151852 0.771681
0 0.739062 0.375 0.046875 0.357407 0.774368
0 0.447396 0.32963 0.0260417 0.148148 0.776243
0 0.739062 0.374074 0.046875 0.359259 0.777723
0 0.404687 0.323148 0.0302083 0.15 0.778105
0 0.05 0.337963 0.0625 0.183333 0.782975
0 0.740104 0.373148 0.0489583 0.361111 0.78951
0 0.366667 0.312963 0.0208333 0.103704 0.789521
0 0.366667 0.312963 0.0208333 0.107407 0.796505
0 0.05 0.337963 0.0625 0.183333 0.796739
0 0.740104 0.372222 0.0489583 0.359259 0.805735
0 0.740104 0.373148 0.0489583 0.361111 0.806654
0 0.366667 0.312963 0.0208333 0.103704 0.806856
0 0.0494792 0.337963 0.0614583 0.183333 0.807863
0 0.404687 0.325 0.0302083 0.153704 0.810666
0 0.0494792 0.337963 0.0635417 0.183333 0.816608
0 0.05 0.338889 0.0645833 0.185185 0.820093
0 0.404687 0.325 0.0302083 0.153704 0.826318
0 0.404687 0.325926 0.0302083 0.155556 0.82914
0 0.366146 0.311111 0.0197917 0.103704 0.832177
0 0.05 0.337963 0.0625 0.183333 0.833295
0 0.0494792 0.338889 0.0635417 0.185185 0.845178
0 0.404687 0.321296 0.028125 0.157407 0.870793
0 0.404167 0.321296 0.0291667 0.153704 0.878466
