0 0.477604 0.362037 0.0510417 0.142593 0.251268
0 0.575 0.307407 0.0208333 0.122222 0.254616
0 0.154167 0.357407 0.01875 0.114815 0.255164
0 0.477083 0.362037 0.05 0.142593 0.270764
0 0.464063 0.361111 0.028125 0.137037 0.277402
0 0.511979 0.364815 0.0302083 0.137037 0.282567
0 0.511979 0.364815 0.0302083 0.137037 0.286347
0 0.483854 0.341667 0.021875 0.0981481 0.28707
0 0.116667 0.367593 0.0333333 0.138889 0.287862
0 0.113021 0.375 0.0364583 0.127778 0.290451
0 0.483854 0.341667 0.021875 0.0981481 0.293586
0 0.114063 0.375926 0.0364583 0.125926 0.293709
0 0.578646 0.307407 0.0177083 0.114815 0.300312
0 0.116667 0.367593 0.0333333 0.146296 0.301084
0 0.578646 0.307407 0.0177083 0.114815 0.305131
0 0.511979 0.358333 0.0302083 0.131481 0.306077
0 0.578646 0.307407 0.0177083 0.114815 0.314672
0 0.577604 0.308333 0.0197917 0.116667 0.334367
0 0.578646 0.313889 0.0177083 0.109259 0.350495
0 0.341146 0.339815 0.0197917 0.0833333 0.353362
0 0.509896 0.360185 0.0302083 0.135185 0.358554
0 0.509896 0.363889 0.028125 0.135185 0.362549
0 0.645833 0.376852 0.0416667 0.194444 0.362896
0 0.341667 0.339815 0.0208333 0.0833333 0.364577
0 0.114063 0.377778 0.0364583 0.140741 0.373843
0 0.341667 0.339815 0.0208333 0.0833333 0.377604
0 0.113021 0.375926 0.0364583 0.133333 0.377639
0 0.645833 0.375926 0.0416667 0.192593 0.380212
0 0.155729 0.372222 0.0197917 0.118519 0.38666
0 0.113021 0.375926 0.0364583 0.133333 0.388117
0 0.641667 0.375 0.0395833 0.190741 0.403423
0 0.113542 0.377778 0.0375 0.140741 0.414172
0 0.114063 0.376852 0.0364583 0.135185 0.418284
0 0.645312 0.368519 0.0427083 0.196296 0.41894
0 0.641667 0.375 0.0375 0.190741 0.41929
0 0.155208 0.372222 0.01875 0.118519 0.421176
0 0.155208 0.372222 0.01875 0.118519 0.426787
0 0.114583 0.371296 0.0354167 0.138889 0.427728
0 0.114063 0.376852 0.0364583 0.135185 0.429243
0 0.341667 0.339815 0.0208333 0.0833333 0.437539
0 0.645312 0.369444 0.0427083 0.201852 0.445435
0 0.290104 0.362037 0.0302083 0.0981481 0.446575
0 0.154687 0.362037 0.0197917 0.116667 0.453639
0 0.114583 0.371296 0.0354167 0.138889 0.456296
0 0.113542 0.377778 0.0375 0.140741 0.469871
0 0.154687 0.362037 0.0197917 0.116667 0.472492
0 0.154687 0.362037 0.0197917 0.116667 0.473196
0 0.341146 0.340741 0.0177083 0.0814815 0.477606
0 0.290104 0.362037 0.0302083 0.0981481 0.488864
0 0.114583 0.371296 0.0354167 0.138889 0.496998
0 0.290625 0.361111 0.0291667 0.1 0.498274
0 0.154687 0.364815 0.0197917 0.12963 0.508783
0 0.154687 0.368519 0.0197917 0.133333 0.524921
0 0.289583 0.355556 0.03125 0.114815 0.526785
0 0.289583 0.35463 0.03125 0.112963 0.534608
0 0.289583 0.35463 0.03125 0.112963 0.556704
0 0.464063 0.359259 0.028125 0.133333 0.559819
0 0.510417 0.363889 0.0291667 0.138889 0.565121
0 0.289583 0.35463 0.03125 0.109259 0.565483
0 0.509896 0.362963 0.028125 0.140741 0.567045
0 0.643229 0.371296 0.040625 0.190741 0.579527
0 0.289583 0.35463 0.0333333 0.109259 0.583009
0 0.5125 0.360185 0.03125 0.142593 0.586723
0 0.5125 0.359259 0.03125 0.144444 0.589055
0 0.464583 0.359259 0.0291667 0.133333 0.603714
0 0.510938 0.362963 0.0322917 0.137037 0.607912
0 0.289583 0.35463 0.03125 0.109259 0.616993
0 0.510938 0.363889 0.0322917 0.138889 0.621223
0 0.290104 0.355556 0.0302083 0.107407 0.622347
0 0.290104 0.357407 0.0322917 0.111111 0.625005
0 0.290104 0.357407 0.0322917 0.111111 0.625103
0 0.290104 0.357407 0.0322917 0.111111 0.628971
0 0.289583 0.357407 0.03125 0.111111 0.629381
0 0.290104 0.355556 0.0302083 0.107407 0.639407
0 0.290104 0.357407 0.0322917 0.111111 0.647844
0 0.290104 0.356481 0.0322917 0.109259 0.653182
0 0.510938 0.362963 0.0322917 0.137037 0.655252
0 0.289583 0.355556 0.03125 0.107407 0.66417
0 0.642708 0.372222 0.0395833 0.192593 0.664562
0 0.509896 0.360185 0.0302083 0.142593 0.664954
0 0.511458 0.364815 0.03125 0.140741 0.675586
0 0.509896 0.360185 0.0302083 0.142593 0.676312
0 0.464063 0.361111 0.028125 0.144444 0.679005
0 0.341667 0.340741 0.01875 0.0814815 0.688495
0 0.464583 0.361111 0.0291667 0.140741 0.691089
0 0.341667 0.34537 0.01875 0.0833333 0.695272
0 0.464583 0.362963 0.0291667 0.140741 0.697036
0 0.644271 0.375 0.0385417 0.187037 0.703406
0 0.511458 0.363889 0.03125 0.142593 0.704203
0 0.341667 0.344444 0.01875 0.0814815 0.710866
0 0.341667 0.341667 0.01875 0.0833333 0.711214
0 0.341146 0.34537 0.0197917 0.0833333 0.714205
0 0.644271 0.375 0.0385417 0.187037 0.714997
0 0.643229 0.373148 0.0385417 0.190741 0.715756
0 0.511458 0.364815 0.03125 0.140741 0.720502
0 0.642708 0.372222 0.0395833 0.192593 0.721431
0 0.464583 0.362963 0.0291667 0.140741 0.721543
0 0.644271 0.375 0.0385417 0.187037 0.723659
0 0.464063 0.360185 0.028125 0.135185 0.723687
0 0.341667 0.341667 0.01875 0.0833333 0.723802
0 0.341667 0.341667 0.01875 0.0796296 0.73432
0 0.464063 0.360185 0.028125 0.135185 0.735976
0 0.643229 0.373148 0.0385417 0.190741 0.739404
0 0.464583 0.362963 0.0291667 0.140741 0.744857
0 0.206771 0.42037 0.084375 0.362963 0.755701
0 0.206771 0.42037 0.084375 0.362963 0.757162
0 0.643229 0.374074 0.0385417 0.192593 0.761022
0 0.464583 0.362963 0.0291667 0.140741 0.765161
0 0.206771 0.419444 0.084375 0.361111 0.768154
0 0.642708 0.373148 0.0375 0.190741 0.769366
0 0.464583 0.362963 0.0291667 0.140741 0.775611
0 0.642708 0.372222 0.0354167 0.192593 0.782468
0 0.464583 0.362963 0.0291667 0.144444 0.782517
0 0.464583 0.360185 0.0291667 0.135185 0.800857
0 0.464583 0.360185 0.0291667 0.135185 0.804796
0 0.207292 0.42037 0.0833333 0.359259 0.815541
0 0.207813 0.421296 0.084375 0.361111 0.821533
0 0.207813 0.42037 0.084375 0.362963 0.823065
0 0.206771 0.419444 0.0864583 0.361111 0.846452
0 0.206771 0.419444 0.0864583 0.361111 0.857113
0 0.207813 0.419444 0.0864583 0.357407 0.875464
0 0.207813 0.419444 0.0864583 0.357407 0.877555
0 0.207813 0.419444 0.0864583 0.357407 0.877829
0 0.207292 0.421296 0.0854167 0.357407 0.879339
0 0.207292 0.42037 0.0854167 0.355556 0.879451
0 0.207292 0.42037 0.0854167 0.355556 0.881022
0 0.207292 0.421296 0.0854167 0.357407 0.887715
