0 0.684375 0.350926 0.0166667 0.0981481 0.251377
13 0.177604 0.784259 0.351042 0.261111 0.252771
0 0.00677083 0.37037 0.0135417 0.133333 0.253427
13 0.220833 0.787037 0.277083 0.22963 0.254602
0 0.49375 0.367593 0.025 0.124074 0.256167
0 0.473958 0.35463 0.0229167 0.109259 0.25777
13 0.375 0.568519 0.10625 0.125926 0.26112
0 0.684896 0.350926 0.0177083 0.101852 0.269423
0 0.474479 0.355556 0.021875 0.107407 0.27027
0 0.969271 0.532407 0.059375 0.890741 0.273248
0 0.00729167 0.368519 0.0145833 0.137037 0.273317
13 0.377083 0.562037 0.102083 0.116667 0.273885
13 0.372917 0.571296 0.10625 0.131481 0.279656
0 0.259896 0.338889 0.0197917 0.0925926 0.282389
0 0.260417 0.339815 0.01875 0.0907407 0.283938
0 0.472396 0.343519 0.015625 0.087037 0.285536
0 0.684375 0.350926 0.0166667 0.101852 0.286296
0 0.49375 0.364815 0.0270833 0.12963 0.287428
0 0.3 0.416667 0.06875 0.344444 0.291658
38 0.980729 0.268519 0.0385417 0.288889 0.29576
0 0.00677083 0.368519 0.0135417 0.12963 0.296345
38 0.980208 0.268519 0.0375 0.285185 0.297792
0 0.3 0.423148 0.06875 0.338889 0.299018
0 0.272917 0.341667 0.0208333 0.0907407 0.299343
0 0.218229 0.328704 0.0697917 0.157407 0.302204
0 0.217708 0.32963 0.0708333 0.155556 0.306588
0 0.3 0.423148 0.06875 0.342593 0.307257
0 0.260417 0.338889 0.01875 0.0925926 0.308685
13 0.372917 0.575 0.1125 0.138889 0.308726
13 0.372917 0.575 0.1125 0.135185 0.310309
38 0.980729 0.269444 0.0385417 0.287037 0.312099
38 0.980729 0.267593 0.0385417 0.287037 0.312482
13 0.372917 0.575 0.1125 0.135185 0.312578
0 0.263542 0.337963 0.025 0.0907407 0.312581
38 0.980729 0.265741 0.0385417 0.287037 0.318272
0 0.3 0.423148 0.06875 0.338889 0.321187
38 0.980729 0.265741 0.0385417 0.287037 0.324625
0 0.00625 0.37037 0.0125 0.12963 0.325663
0 0.472396 0.343519 0.0177083 0.087037 0.326191
0 0.263542 0.337037 0.025 0.0925926 0.326712
0 0.261458 0.336111 0.025 0.0944444 0.327036
0 0.00729167 0.367593 0.0145833 0.142593 0.328773
0 0.263542 0.337963 0.025 0.0907407 0.334891
0 0.472917 0.342593 0.0166667 0.0814815 0.33503
0 0.471875 0.343519 0.0166667 0.087037 0.335554
38 0.98125 0.267593 0.0375 0.283333 0.336456
0 0.96875 0.530556 0.0625 0.846296 0.343209
38 0.98125 0.268519 0.0375 0.288889 0.358499
0 0.967708 0.536111 0.0645833 0.842593 0.358845
0 0.451562 0.357407 0.0260417 0.122222 0.361719
0 0.00729167 0.368519 0.0145833 0.140741 0.363603
38 0.98125 0.269444 0.0375 0.287037 0.367712
0 0.472396 0.342593 0.0177083 0.0851852 0.368221
0 0.453125 0.360185 0.0270833 0.131481 0.372252
38 0.98125 0.268519 0.0375 0.288889 0.376422
0 0.49375 0.363889 0.025 0.131481 0.378805
0 0.00677083 0.369444 0.0135417 0.138889 0.385308
0 0.452604 0.361111 0.0260417 0.144444 0.38881
0 0.472396 0.342593 0.0177083 0.0814815 0.393239
0 0.454167 0.360185 0.0270833 0.131481 0.396102
13 0.371875 0.567593 0.10625 0.131481 0.3972
0 0.452604 0.361111 0.0260417 0.144444 0.407052
0 0.970833 0.561111 0.0583333 0.807407 0.411231
0 0.259896 0.332407 0.021875 0.101852 0.412148
0 0.49375 0.365741 0.0270833 0.127778 0.415703
0 0.00625 0.37037 0.0125 0.133333 0.415788
0 0.49375 0.365741 0.025 0.127778 0.416577
0 0.453646 0.347222 0.0239583 0.101852 0.41942
0 0.453125 0.357407 0.0270833 0.125926 0.419807
0 0.684375 0.362037 0.0166667 0.0981481 0.421329
0 0.301042 0.423148 0.0708333 0.324074 0.432694
0 0.451562 0.356481 0.0260417 0.127778 0.438211
0 0.453125 0.360185 0.0270833 0.131481 0.439573
0 0.451562 0.356481 0.0260417 0.127778 0.440747
0 0.684375 0.361111 0.0166667 0.1 0.444227
0 0.623438 0.37037 0.0302083 0.12963 0.457748
0 0.684375 0.362037 0.0166667 0.0981481 0.458883
0 0.453125 0.347222 0.0229167 0.105556 0.463555
0 0.969792 0.52963 0.0583333 0.822222 0.464777
0 0.453125 0.347222 0.0229167 0.105556 0.465337
0 0.260417 0.336111 0.0208333 0.0981481 0.465613
0 0.259896 0.335185 0.0197917 0.0962963 0.466878
0 0.453125 0.357407 0.0270833 0.125926 0.470492
0 0.259896 0.336111 0.0197917 0.0981481 0.475153
0 0.218229 0.333333 0.0677083 0.155556 0.481265
0 0.454167 0.360185 0.0270833 0.135185 0.485711
0 0.301562 0.419444 0.0697917 0.324074 0.499697
0 0.583854 0.363889 0.0322917 0.161111 0.508756
13 0.373437 0.567593 0.109375 0.127778 0.509297
0 0.217708 0.333333 0.0666667 0.155556 0.510846
0 0.216146 0.332407 0.065625 0.161111 0.51808
0 0.301562 0.418519 0.0697917 0.337037 0.520221
13 0.373437 0.568519 0.109375 0.125926 0.522708
13 0.373437 0.567593 0.109375 0.127778 0.52555
0 0.216146 0.333333 0.065625 0.159259 0.530137
0 0.583854 0.363889 0.0322917 0.161111 0.531123
0 0.49375 0.364815 0.025 0.12963 0.532179
0 0.217708 0.334259 0.0666667 0.157407 0.538337
0 0.453646 0.359259 0.0260417 0.12963 0.545084
0 0.452604 0.358333 0.0260417 0.124074 0.565713
0 0.684896 0.357407 0.0177083 0.114815 0.566267
13 0.373437 0.568519 0.111458 0.12963 0.571614
0 0.684896 0.353704 0.0177083 0.107407 0.572016
0 0.301562 0.421296 0.0677083 0.338889 0.572485
0 0.301562 0.418519 0.0697917 0.340741 0.573997
13 0.373437 0.569444 0.109375 0.127778 0.577665
13 0.373437 0.568519 0.111458 0.12963 0.586439
13 0.372917 0.568519 0.10625 0.12963 0.589193
0 0.684896 0.356481 0.0177083 0.112963 0.589408
0 0.453125 0.357407 0.025 0.125926 0.589522
13 0.373437 0.568519 0.111458 0.12963 0.593493
0 0.684896 0.35463 0.0177083 0.109259 0.593943
0 0.302083 0.422222 0.0666667 0.337037 0.594241
0 0.684896 0.35463 0.0177083 0.109259 0.594337
0 0.623438 0.371296 0.0302083 0.138889 0.598739
0 0.302083 0.422222 0.0666667 0.337037 0.599184
0 0.684375 0.355556 0.0166667 0.111111 0.603389
0 0.622917 0.371296 0.0291667 0.138889 0.608791
0 0.684896 0.355556 0.0177083 0.111111 0.609078
0 0.684375 0.356481 0.0166667 0.109259 0.612455
0 0.968229 0.536111 0.0635417 0.924074 0.624117
0 0.685417 0.355556 0.0166667 0.114815 0.628303
0 0.215625 0.332407 0.06875 0.157407 0.631261
0 0.969792 0.534259 0.0604167 0.831481 0.634136
0 0.217187 0.334259 0.0677083 0.161111 0.639207
0 0.623958 0.372222 0.0291667 0.133333 0.646226
0 0.216146 0.332407 0.0677083 0.161111 0.651289
0 0.454167 0.360185 0.025 0.131481 0.651449
0 0.49375 0.365741 0.025 0.127778 0.655589
0 0.453125 0.357407 0.025 0.125926 0.656823
0 0.453125 0.357407 0.025 0.125926 0.66174
0 0.968229 0.544444 0.0614583 0.844444 0.673165
0 0.49375 0.364815 0.025 0.122222 0.692356
0 0.622917 0.374074 0.0291667 0.133333 0.69601
0 0.216146 0.331481 0.065625 0.155556 0.700096
0 0.583333 0.362963 0.03125 0.159259 0.705273
0 0.216146 0.332407 0.065625 0.157407 0.708279
0 0.49375 0.364815 0.025 0.122222 0.708826
0 0.583333 0.362963 0.03125 0.159259 0.713336
0 0.623438 0.371296 0.0302083 0.135185 0.718846
0 0.583333 0.362963 0.03125 0.159259 0.719324
0 0.494271 0.365741 0.0239583 0.12037 0.721795
0 0.215625 0.332407 0.0645833 0.157407 0.725782
0 0.216667 0.334259 0.0666667 0.157407 0.728621
0 0.623438 0.372222 0.0302083 0.137037 0.72979
0 0.49375 0.363889 0.025 0.127778 0.731773
0 0.215625 0.332407 0.0645833 0.157407 0.736361
0 0.49375 0.363889 0.025 0.127778 0.741681
0 0.215625 0.332407 0.0645833 0.157407 0.742769
0 0.301042 0.421296 0.06875 0.342593 0.743985
0 0.216667 0.331481 0.0666667 0.155556 0.747704
0 0.493229 0.363889 0.0239583 0.127778 0.748262
0 0.217187 0.331481 0.065625 0.155556 0.750469
0 0.583854 0.362963 0.0302083 0.159259 0.753333
0 0.215625 0.332407 0.0645833 0.157407 0.756896
0 0.623438 0.372222 0.0302083 0.137037 0.757032
0 0.970833 0.532407 0.0583333 0.827778 0.758653
0 0.583333 0.363889 0.03125 0.157407 0.760893
0 0.216146 0.332407 0.0677083 0.157407 0.763552
0 0.583854 0.362963 0.0302083 0.159259 0.763952
0 0.583333 0.363889 0.03125 0.157407 0.766641
0 0.623958 0.373148 0.0291667 0.138889 0.773051
0 0.301042 0.42037 0.06875 0.340741 0.776785
0 0.301042 0.42037 0.06875 0.344444 0.779127
0 0.623958 0.374074 0.0291667 0.137037 0.783811
0 0.623438 0.373148 0.0302083 0.135185 0.784434
0 0.215625 0.333333 0.0666667 0.159259 0.785566
0 0.49375 0.365741 0.0229167 0.127778 0.785633
0 0.582812 0.361111 0.0302083 0.155556 0.789303
0 0.623958 0.373148 0.0291667 0.138889 0.796253
0 0.583333 0.363889 0.03125 0.157407 0.797777
0 0.583333 0.362037 0.03125 0.153704 0.798433
0 0.301562 0.422222 0.0677083 0.337037 0.80243
0 0.623958 0.374074 0.0291667 0.137037 0.807555
0 0.301562 0.421296 0.0677083 0.335185 0.808765
0 0.623438 0.373148 0.0302083 0.135185 0.816558
0 0.301562 0.42037 0.0677083 0.340741 0.818893
0 0.622917 0.373148 0.0291667 0.135185 0.819385
0 0.301562 0.421296 0.0677083 0.335185 0.820123
0 0.623958 0.373148 0.0291667 0.135185 0.823061
0 0.623438 0.372222 0.0302083 0.137037 0.826249
0 0.583333 0.362037 0.03125 0.157407 0.831882
0 0.622917 0.372222 0.0291667 0.137037 0.833251
0 0.583333 0.362037 0.03125 0.157407 0.834759
0 0.583854 0.362037 0.0322917 0.157407 0.847403
0 0.301562 0.42037 0.0677083 0.337037 0.853629
0 0.302083 0.419444 0.0666667 0.338889 0.85909
0 0.301562 0.419444 0.0677083 0.335185 0.867406
