0 0.570312 0.332407 0.015625 0.0722222 0.250387
0 0.570312 0.331481 0.015625 0.0703704 0.25129
2 0.428125 0.318519 0.0208333 0.037037 0.251739
0 0.0317708 0.39537 0.0489583 0.131481 0.252129
2 0.428125 0.318519 0.0208333 0.037037 0.252757
0 0.647917 0.372222 0.0458333 0.218519 0.253126
0 0.260417 0.352778 0.0333333 0.112963 0.255762
2 0.428125 0.318519 0.0208333 0.037037 0.258526
0 0.516146 0.336111 0.0177083 0.0685185 0.25937
0 0.570833 0.330556 0.0145833 0.0759259 0.260472
0 0.570833 0.333333 0.0145833 0.0703704 0.260483
0 0.570833 0.333333 0.0145833 0.0703704 0.260648
2 0.36875 0.312037 0.0291667 0.0611111 0.260966
0 0.648438 0.371296 0.046875 0.22037 0.263304
0 0.03125 0.392593 0.0458333 0.12963 0.263883
0 0.0317708 0.39537 0.0489583 0.131481 0.266968
26 0.658333 0.348148 0.0270833 0.0666667 0.270283
0 0.264062 0.356481 0.0322917 0.112963 0.271301
0 0.515625 0.342593 0.0166667 0.0851852 0.272295
0 0.03125 0.39537 0.0479167 0.131481 0.27457
0 0.260417 0.352778 0.0333333 0.112963 0.274787
0 0.227604 0.425926 0.0989583 0.396296 0.275594
0 0.264583 0.355556 0.03125 0.114815 0.276566
0 0.332292 0.346296 0.01875 0.0777778 0.278149
0 0.516146 0.337037 0.0177083 0.0666667 0.279026
24 0.658333 0.349074 0.025 0.0611111 0.288985
0 0.451562 0.362037 0.0302083 0.135185 0.295608
0 0.227083 0.424074 0.09375 0.385185 0.306946
0 0.265625 0.347222 0.0270833 0.0981481 0.308061
0 0.0979167 0.369444 0.0291667 0.142593 0.308397
0 0.264062 0.35463 0.0302083 0.112963 0.308403
0 0.264583 0.355556 0.03125 0.111111 0.309382
0 0.0979167 0.369444 0.0291667 0.142593 0.316026
0 0.0322917 0.386111 0.0375 0.124074 0.316795
0 0.265104 0.348148 0.0260417 0.1 0.326207
0 0.264583 0.35463 0.0291667 0.109259 0.327137
0 0.227083 0.425 0.09375 0.383333 0.327385
0 0.227083 0.424074 0.09375 0.385185 0.329132
0 0.265104 0.348148 0.0260417 0.1 0.334631
0 0.0984375 0.35463 0.0302083 0.112963 0.339743
0 0.264062 0.353704 0.0302083 0.111111 0.343819
0 0.500521 0.362963 0.034375 0.144444 0.344581
0 0.264583 0.352778 0.025 0.109259 0.353474
0 0.451042 0.362963 0.0291667 0.133333 0.354088
0 0.0973958 0.369444 0.0302083 0.142593 0.354515
0 0.0979167 0.357407 0.03125 0.118519 0.358128
0 0.450521 0.367593 0.0302083 0.146296 0.366431
0 0.642708 0.374074 0.0520833 0.214815 0.366817
0 0.0979167 0.357407 0.03125 0.118519 0.36936
0 0.096875 0.368519 0.0270833 0.12963 0.370264
0 0.643229 0.374074 0.0510417 0.207407 0.376933
0 0.643229 0.376852 0.053125 0.212963 0.386888
0 0.0979167 0.358333 0.03125 0.12037 0.392481
0 0.643229 0.375926 0.053125 0.214815 0.39334
0 0.450521 0.366667 0.0302083 0.148148 0.39398
0 0.226562 0.427778 0.0989583 0.396296 0.394367
0 0.501042 0.362963 0.0333333 0.144444 0.396738
0 0.0979167 0.355556 0.03125 0.111111 0.399137
0 0.451042 0.367593 0.0291667 0.146296 0.399632
0 0.452083 0.366667 0.0291667 0.148148 0.408219
0 0.0979167 0.355556 0.03125 0.111111 0.410032
0 0.498958 0.364815 0.0333333 0.140741 0.411396
0 0.452083 0.365741 0.0291667 0.15 0.415283
0 0.498437 0.367593 0.028125 0.138889 0.422727
0 0.03125 0.386111 0.0395833 0.131481 0.42273
0 0.265104 0.351852 0.0260417 0.111111 0.422755
0 0.498437 0.366667 0.028125 0.137037 0.423345
0 0.0307292 0.390741 0.0447917 0.133333 0.424738
0 0.0307292 0.390741 0.0447917 0.133333 0.426031
0 0.222396 0.423148 0.0927083 0.383333 0.427111
0 0.222396 0.424074 0.0927083 0.385185 0.433161
0 0.505208 0.361111 0.0375 0.140741 0.433999
0 0.222396 0.423148 0.0927083 0.387037 0.434821
0 0.03125 0.391667 0.0458333 0.135185 0.436101
0 0.0307292 0.390741 0.0427083 0.133333 0.436958
0 0.03125 0.392593 0.0458333 0.133333 0.438884
0 0.0317708 0.387037 0.040625 0.133333 0.440524
0 0.03125 0.392593 0.0458333 0.133333 0.44214
0 0.505729 0.361111 0.0364583 0.140741 0.44303
0 0.498437 0.365741 0.0322917 0.138889 0.447401
0 0.03125 0.391667 0.0458333 0.131481 0.448031
0 0.499479 0.364815 0.0322917 0.140741 0.453779
0 0.501042 0.362963 0.0333333 0.140741 0.45636
0 0.265104 0.351852 0.0260417 0.111111 0.45841
0 0.265104 0.351852 0.0260417 0.111111 0.458671
0 0.502604 0.364815 0.034375 0.140741 0.460344
0 0.643229 0.373148 0.0510417 0.209259 0.468091
0 0.03125 0.390741 0.0458333 0.133333 0.471421
0 0.639583 0.375 0.0458333 0.216667 0.473221
0 0.502083 0.364815 0.0354167 0.137037 0.475856
0 0.503125 0.365741 0.0354167 0.142593 0.484656
0 0.639063 0.374074 0.046875 0.214815 0.489856
0 0.503125 0.366667 0.0354167 0.144444 0.494846
0 0.502604 0.363889 0.0364583 0.142593 0.496179
0 0.502083 0.363889 0.0354167 0.142593 0.497164
0 0.0973958 0.359259 0.028125 0.118519 0.498594
0 0.503646 0.365741 0.034375 0.142593 0.501897
0 0.451562 0.365741 0.0302083 0.142593 0.515336
0 0.499479 0.362037 0.028125 0.146296 0.519399
0 0.499479 0.362037 0.028125 0.146296 0.526778
0 0.502083 0.363889 0.0354167 0.142593 0.536
0 0.451562 0.365741 0.0302083 0.142593 0.538234
0 0.0973958 0.360185 0.028125 0.12037 0.545193
0 0.0973958 0.360185 0.028125 0.12037 0.552962
0 0.096875 0.37037 0.0270833 0.137037 0.559223
0 0.643229 0.375926 0.0510417 0.214815 0.561183
0 0.0963542 0.37037 0.028125 0.137037 0.566705
0 0.644271 0.376852 0.0510417 0.212963 0.57208
0 0.096875 0.367593 0.0291667 0.142593 0.572544
0 0.222396 0.425926 0.096875 0.392593 0.575639
0 0.451562 0.365741 0.0302083 0.142593 0.581242
0 0.222396 0.425 0.096875 0.390741 0.588232
0 0.096875 0.364815 0.0291667 0.137037 0.593236
0 0.0973958 0.365741 0.0302083 0.138889 0.593583
0 0.452083 0.365741 0.03125 0.146296 0.602536
0 0.641146 0.375 0.0489583 0.212963 0.609155
0 0.64375 0.375926 0.05 0.214815 0.611498
0 0.096875 0.367593 0.0291667 0.142593 0.619647
0 0.096875 0.368519 0.0291667 0.140741 0.625221
0 0.096875 0.364815 0.0291667 0.137037 0.625361
0 0.452083 0.365741 0.03125 0.146296 0.627217
0 0.64375 0.375926 0.05 0.214815 0.640104
0 0.451042 0.362963 0.0291667 0.140741 0.647944
0 0.332812 0.341667 0.021875 0.0833333 0.649501
0 0.641146 0.375 0.0489583 0.212963 0.656181
0 0.451042 0.362963 0.0291667 0.140741 0.659464
0 0.332812 0.34537 0.021875 0.0907407 0.664856
0 0.332812 0.340741 0.021875 0.0851852 0.667772
0 0.451562 0.365741 0.0302083 0.146296 0.676817
0 0.332812 0.344444 0.021875 0.0888889 0.688443
0 0.332292 0.343519 0.0208333 0.0833333 0.697155
0 0.641146 0.375 0.0489583 0.212963 0.698621
0 0.332812 0.344444 0.021875 0.0888889 0.699535
0 0.453125 0.367593 0.03125 0.146296 0.710532
0 0.451562 0.362037 0.0302083 0.142593 0.711393
0 0.332292 0.343519 0.0208333 0.0833333 0.716116
0 0.451562 0.361111 0.0302083 0.140741 0.716954
0 0.453125 0.366667 0.03125 0.148148 0.718636
0 0.332292 0.343519 0.0208333 0.0833333 0.721391
0 0.452604 0.366667 0.0322917 0.148148 0.741215
0 0.451562 0.362963 0.0302083 0.148148 0.767423
0 0.452083 0.363889 0.03125 0.146296 0.770534
0 0.64375 0.375 0.0458333 0.212963 0.795152
0 0.64375 0.375 0.0458333 0.216667 0.802343
0 0.224479 0.425926 0.096875 0.381481 0.839494
0 0.223958 0.426852 0.0958333 0.387037 0.857308
0 0.223958 0.426852 0.0958333 0.387037 0.865071
0 0.224479 0.425926 0.096875 0.381481 0.881214
0 0.224479 0.423148 0.0947917 0.37963 0.885798
0 0.224479 0.422222 0.0947917 0.381481 0.890308
0 0.224479 0.423148 0.0947917 0.37963 0.891886
0 0.223958 0.424074 0.0916667 0.381481 0.895455
0 0.223958 0.424074 0.0916667 0.377778 0.895603
0 0.224479 0.425 0.0927083 0.37963 0.896911
