0 0.247917 0.383333 0.0145833 0.0888889 0.251672
0 0.251042 0.385185 0.0166667 0.0888889 0.255066
0 0.325 0.383333 0.0208333 0.125926 0.255402
0 0.815104 0.387963 0.028125 0.142593 0.267536
0 0.582812 0.385185 0.0385417 0.17037 0.271116
0 0.247917 0.383333 0.0145833 0.0888889 0.277163
0 0.502083 0.390741 0.0520833 0.151852 0.278122
13 0.340625 0.792593 0.13125 0.388889 0.279554
13 0.440104 0.758333 0.321875 0.390741 0.284479
13 0.340104 0.791667 0.130208 0.390741 0.285432
0 0.991146 0.612963 0.0177083 0.381481 0.285976
13 0.385938 0.62963 0.192708 0.137037 0.287892
13 0.386458 0.630556 0.191667 0.138889 0.290129
0 0.923958 0.574074 0.120833 0.551852 0.290266
0 0.923958 0.575 0.120833 0.568519 0.29148
13 0.386979 0.625 0.192708 0.135185 0.299143
13 0.439583 0.757407 0.320833 0.388889 0.304187
13 0.386458 0.625 0.191667 0.135185 0.304396
13 0.440104 0.758333 0.321875 0.390741 0.304477
0 0.582812 0.385185 0.0385417 0.174074 0.305752
13 0.385417 0.62963 0.2 0.140741 0.310367
0 0.0145833 0.442593 0.0291667 0.2 0.313637
0 0.322396 0.381481 0.028125 0.12963 0.316509
13 0.342708 0.792593 0.1375 0.388889 0.318727
13 0.342708 0.791667 0.1375 0.390741 0.320666
0 0.473958 0.367593 0.0208333 0.087037 0.327681
0 0.474479 0.366667 0.021875 0.0888889 0.328342
0 0.474479 0.366667 0.021875 0.0888889 0.336027
13 0.440625 0.766667 0.320833 0.396296 0.340954
0 0.434896 0.369444 0.0572917 0.116667 0.34174
0 0.416146 0.372222 0.028125 0.114815 0.343844
0 0.322396 0.386111 0.0239583 0.127778 0.349488
0 0.474479 0.368519 0.0197917 0.0925926 0.351795
0 0.0145833 0.442593 0.0291667 0.196296 0.353696
0 0.322917 0.383333 0.0270833 0.125926 0.3544
13 0.440104 0.766667 0.321875 0.396296 0.357404
0 0.322917 0.385185 0.025 0.12963 0.362451
0 0.513021 0.391667 0.0322917 0.161111 0.365468
0 0.322917 0.383333 0.0270833 0.12963 0.366895
13 0.440104 0.765741 0.319792 0.394444 0.367435
0 0.322396 0.385185 0.0239583 0.12963 0.369415
0 0.322396 0.382407 0.0260417 0.127778 0.373486
0 0.5125 0.392593 0.03125 0.159259 0.373596
0 0.507292 0.390741 0.04375 0.155556 0.379895
0 0.459896 0.369444 0.0364583 0.101852 0.379983
0 0.928125 0.57963 0.116667 0.574074 0.380263
0 0.416146 0.372222 0.0260417 0.118519 0.381734
0 0.0130208 0.45463 0.0260417 0.198148 0.385231
0 0.927083 0.580556 0.116667 0.575926 0.386299
0 0.507812 0.391667 0.0427083 0.157407 0.390636
0 0.102604 0.384259 0.015625 0.0981481 0.393339
0 0.0130208 0.455556 0.0260417 0.2 0.401856
0 0.454688 0.374074 0.0177083 0.118519 0.408779
0 0.103125 0.384259 0.0166667 0.0981481 0.414466
0 0.103646 0.386111 0.0177083 0.0981481 0.416541
0 0.454167 0.374074 0.01875 0.118519 0.432322
0 0.0145833 0.441667 0.0291667 0.198148 0.435221
0 0.103125 0.384259 0.0166667 0.0981481 0.435873
0 0.323438 0.383333 0.0260417 0.125926 0.442831
0 0.458333 0.372222 0.0291667 0.103704 0.445178
0 0.454688 0.374074 0.0177083 0.118519 0.451772
0 0.415625 0.372222 0.0270833 0.114815 0.458287
0 0.415104 0.371296 0.0239583 0.116667 0.461815
0 0.322396 0.383333 0.0260417 0.12963 0.464903
0 0.166667 0.394444 0.0270833 0.125926 0.474045
0 0.0130208 0.453704 0.0260417 0.192593 0.475798
0 0.510938 0.391667 0.0322917 0.157407 0.476836
0 0.415104 0.371296 0.0239583 0.112963 0.476979
0 0.416146 0.372222 0.0260417 0.118519 0.477526
0 0.0130208 0.45463 0.0260417 0.194444 0.478679
0 0.415104 0.37037 0.0239583 0.114815 0.483645
0 0.510938 0.391667 0.0322917 0.157407 0.489352
0 0.102604 0.386111 0.0177083 0.0981481 0.494435
0 0.102604 0.385185 0.0177083 0.1 0.513557
0 0.166146 0.396296 0.028125 0.122222 0.515817
0 0.166146 0.396296 0.0260417 0.122222 0.524041
0 0.920833 0.576852 0.120833 0.568519 0.529956
0 0.322396 0.381481 0.0260417 0.125926 0.531725
0 0.166667 0.397222 0.0270833 0.124074 0.53335
0 0.920833 0.576852 0.120833 0.568519 0.533839
0 0.103125 0.387037 0.01875 0.1 0.533966
0 0.474479 0.368519 0.0197917 0.0888889 0.5343
0 0.474479 0.368519 0.0197917 0.0888889 0.536984
0 0.102604 0.385185 0.0177083 0.1 0.537464
0 0.102604 0.387963 0.0177083 0.101852 0.541538
0 0.474479 0.368519 0.0197917 0.0888889 0.551791
0 0.103125 0.387037 0.0166667 0.0962963 0.557761
0 0.0140625 0.452778 0.028125 0.205556 0.559866
0 0.0140625 0.452778 0.028125 0.205556 0.565944
0 0.582292 0.385185 0.0354167 0.17037 0.573002
0 0.103125 0.386111 0.0166667 0.0981481 0.575042
0 0.416667 0.37037 0.0270833 0.107407 0.577204
0 0.323958 0.37963 0.0229167 0.118519 0.578644
0 0.165625 0.396296 0.025 0.122222 0.579831
0 0.473437 0.37037 0.0197917 0.0962963 0.580335
0 0.103125 0.386111 0.0166667 0.0981481 0.58162
0 0.166146 0.396296 0.0239583 0.122222 0.58219
0 0.323958 0.37963 0.0229167 0.118519 0.585252
0 0.166146 0.394444 0.0260417 0.122222 0.58562
0 0.323958 0.37963 0.0229167 0.118519 0.59706
0 0.166667 0.396296 0.025 0.122222 0.597644
0 0.416667 0.371296 0.0270833 0.105556 0.601014
0 0.454167 0.371296 0.01875 0.105556 0.603553
0 0.416146 0.37037 0.0260417 0.103704 0.604233
0 0.582292 0.384259 0.0354167 0.172222 0.609722
0 0.416667 0.372222 0.025 0.114815 0.611753
0 0.473437 0.37037 0.0197917 0.1 0.611848
0 0.473437 0.37037 0.0197917 0.1 0.619175
0 0.166146 0.39537 0.0260417 0.12037 0.622207
0 0.0140625 0.452778 0.028125 0.201852 0.633517
0 0.0140625 0.452778 0.028125 0.201852 0.636286
0 0.416146 0.371296 0.0260417 0.112963 0.63929
0 0.473437 0.368519 0.0197917 0.0962963 0.639996
0 0.454167 0.37037 0.01875 0.107407 0.641873
0 0.322917 0.383333 0.025 0.12963 0.642125
0 0.582292 0.385185 0.0354167 0.17037 0.646638
0 0.166667 0.394444 0.0270833 0.122222 0.647084
0 0.473437 0.368519 0.0197917 0.0962963 0.647669
0 0.454688 0.37037 0.0197917 0.111111 0.648328
0 0.473437 0.369444 0.0197917 0.0981481 0.650837
0 0.454167 0.37037 0.01875 0.111111 0.655152
0 0.323438 0.381481 0.0239583 0.125926 0.663516
0 0.323438 0.382407 0.0239583 0.124074 0.663861
0 0.166146 0.394444 0.0260417 0.122222 0.66484
0 0.454167 0.37037 0.01875 0.107407 0.666699
0 0.323438 0.381481 0.0239583 0.125926 0.669914
0 0.166146 0.394444 0.0260417 0.118519 0.671319
0 0.454688 0.37037 0.0197917 0.107407 0.672486
0 0.415625 0.37037 0.025 0.114815 0.676501
0 0.323958 0.381481 0.025 0.125926 0.678687
0 0.416146 0.37037 0.0239583 0.114815 0.683161
0 0.416146 0.37037 0.0239583 0.114815 0.683773
0 0.0135417 0.453704 0.0270833 0.203704 0.689285
0 0.0135417 0.453704 0.0270833 0.203704 0.713064
0 0.0140625 0.451852 0.028125 0.203704 0.72053
0 0.0135417 0.453704 0.0270833 0.203704 0.738404
0 0.166667 0.397222 0.025 0.124074 0.738622
0 0.166146 0.39537 0.0260417 0.12037 0.739903
0 0.510938 0.394444 0.0322917 0.155556 0.74031
0 0.510938 0.394444 0.0322917 0.155556 0.744175
0 0.510938 0.394444 0.0322917 0.155556 0.745335
0 0.0140625 0.451852 0.028125 0.203704 0.754287
0 0.511979 0.393519 0.0322917 0.157407 0.766344
0 0.0140625 0.451852 0.028125 0.203704 0.769124
0 0.166667 0.394444 0.025 0.122222 0.775315
0 0.511979 0.394444 0.0322917 0.155556 0.781593
0 0.166667 0.394444 0.025 0.122222 0.782303
0 0.166667 0.39537 0.025 0.124074 0.783619
0 0.511979 0.393519 0.0322917 0.157407 0.785677
0 0.511979 0.393519 0.0322917 0.157407 0.787165
0 0.166667 0.39537 0.025 0.12037 0.795544
0 0.509896 0.394444 0.0322917 0.155556 0.806552
0 0.582292 0.387037 0.0354167 0.174074 0.809001
0 0.511979 0.393519 0.0322917 0.157407 0.809984
0 0.509896 0.393519 0.0322917 0.157407 0.811387
0 0.582292 0.387963 0.0354167 0.172222 0.816039
0 0.582292 0.387963 0.0354167 0.172222 0.824634
0 0.582292 0.387037 0.0354167 0.174074 0.82631
0 0.582292 0.386111 0.0354167 0.175926 0.830081
0 0.582292 0.385185 0.0354167 0.177778 0.834709
0 0.582292 0.387037 0.0354167 0.174074 0.844377
0 0.921875 0.575 0.11875 0.564815 0.852583
0 0.921875 0.575926 0.11875 0.559259 0.854103
0 0.583333 0.386111 0.0354167 0.172222 0.856838
0 0.922917 0.576852 0.120833 0.568519 0.863307
0 0.582812 0.386111 0.034375 0.172222 0.863486
0 0.582812 0.386111 0.034375 0.172222 0.864113
0 0.923437 0.576852 0.121875 0.568519 0.886828
0 0.925 0.577778 0.122917 0.574074 0.902048
0 0.925 0.577778 0.122917 0.574074 0.90551
0 0.919792 0.575926 0.122917 0.559259 0.924311
0 0.920313 0.575 0.121875 0.561111 0.930076
