0 0.463021 0.382407 0.021875 0.112963 0.255278
0 0.459896 0.383333 0.0239583 0.114815 0.258383
13 0.371875 0.458333 0.0958333 0.0648148 0.260346
0 0.784375 0.396296 0.025 0.133333 0.261397
0 0.496354 0.374074 0.0302083 0.0925926 0.261717
13 0.376563 0.451852 0.0885417 0.0666667 0.262192
0 0.366146 0.351852 0.0177083 0.0814815 0.26331
13 0.370833 0.457407 0.1 0.062963 0.267211
0 0.972917 0.574074 0.0541667 0.522222 0.267801
0 0.363021 0.350926 0.015625 0.0833333 0.268004
0 0.785417 0.396296 0.025 0.133333 0.268862
13 0.303646 0.442593 0.065625 0.0962963 0.270969
0 0.160417 0.393519 0.0270833 0.127778 0.27145
0 0.972917 0.575 0.0541667 0.524074 0.271921
13 0.421354 0.581481 0.167708 0.1 0.27462
0 0.290625 0.364815 0.025 0.0703704 0.276729
13 0.304167 0.443519 0.0645833 0.0981481 0.276828
13 0.371354 0.458333 0.096875 0.0611111 0.277331
13 0.419792 0.585185 0.170833 0.107407 0.277361
13 0.325 0.44537 0.110417 0.101852 0.28001
13 0.466146 0.659259 0.265625 0.27037 0.282732
0 0.524479 0.408333 0.0322917 0.15 0.285225
13 0.304167 0.443519 0.0666667 0.0981481 0.286124
13 0.371875 0.450926 0.09375 0.0722222 0.288416
13 0.371354 0.450926 0.0927083 0.0722222 0.288697
13 0.423438 0.582407 0.176042 0.101852 0.289768
13 0.303125 0.441667 0.0666667 0.101852 0.290714
13 0.467708 0.655556 0.26875 0.259259 0.293779
13 0.419792 0.586111 0.175 0.109259 0.294513
0 0.461979 0.384259 0.0260417 0.109259 0.2951
13 0.419792 0.585185 0.175 0.107407 0.296546
0 0.524479 0.408333 0.0322917 0.15 0.298508
13 0.303646 0.441667 0.0677083 0.101852 0.300453
13 0.303646 0.443519 0.065625 0.0981481 0.301682
0 0.560938 0.386111 0.0302083 0.135185 0.303497
13 0.303646 0.442593 0.065625 0.0962963 0.304879
13 0.306771 0.44537 0.071875 0.0981481 0.305958
0 0.0541667 0.428704 0.05 0.205556 0.306144
13 0.303125 0.441667 0.0666667 0.0981481 0.312193
0 0.522396 0.406481 0.0322917 0.131481 0.312681
0 0.522917 0.409259 0.03125 0.133333 0.316407
13 0.426042 0.57963 0.164583 0.1 0.316559
0 0.524479 0.408333 0.0322917 0.15 0.316794
0 0.522917 0.411111 0.0333333 0.140741 0.321954
0 0.522396 0.412037 0.0322917 0.142593 0.324253
13 0.422917 0.580556 0.175 0.101852 0.329777
0 0.0536458 0.428704 0.0510417 0.205556 0.335372
13 0.422396 0.582407 0.178125 0.105556 0.339923
0 0.560417 0.385185 0.0291667 0.137037 0.340868
13 0.466146 0.652778 0.265625 0.253704 0.341073
13 0.466146 0.656482 0.265625 0.257407 0.344718
0 0.295833 0.362963 0.0208333 0.0666667 0.354847
0 0.0458333 0.425926 0.0416667 0.203704 0.354981
0 0.785417 0.398148 0.0270833 0.137037 0.363964
0 0.05 0.431481 0.05 0.211111 0.365709
0 0.294271 0.362963 0.021875 0.0666667 0.366264
0 0.294271 0.362963 0.021875 0.0666667 0.367005
0 0.0505208 0.431481 0.0510417 0.214815 0.368489
0 0.29375 0.363889 0.0208333 0.0685185 0.369678
0 0.461979 0.383333 0.0260417 0.107407 0.370261
0 0.29375 0.362963 0.0208333 0.0666667 0.374815
0 0.053125 0.428704 0.0520833 0.205556 0.375128
0 0.0463542 0.425926 0.0427083 0.207407 0.381553
0 0.292708 0.362963 0.0229167 0.0666667 0.381868
0 0.258854 0.376852 0.0197917 0.0907407 0.383774
13 0.468229 0.660185 0.267708 0.253704 0.387122
0 0.294271 0.362963 0.021875 0.0666667 0.388441
0 0.503125 0.366667 0.0166667 0.0777778 0.388915
0 0.461979 0.384259 0.0260417 0.109259 0.390592
13 0.467708 0.660185 0.266667 0.25 0.392346
0 0.528646 0.400926 0.040625 0.15 0.394329
0 0.0463542 0.425926 0.0427083 0.207407 0.396131
0 0.29375 0.362963 0.0208333 0.0666667 0.396653
13 0.421875 0.584259 0.16875 0.109259 0.397208
13 0.421875 0.584259 0.172917 0.109259 0.397698
13 0.420833 0.582407 0.166667 0.109259 0.402973
0 0.407813 0.375 0.021875 0.109259 0.403135
0 0.785417 0.397222 0.0270833 0.135185 0.403574
0 0.261979 0.377778 0.0239583 0.1 0.404443
13 0.451042 0.600926 0.2375 0.146296 0.407449
0 0.785417 0.398148 0.0270833 0.140741 0.411254
13 0.421354 0.584259 0.171875 0.109259 0.412062
0 0.528646 0.401852 0.040625 0.148148 0.414941
0 0.784896 0.397222 0.0260417 0.135185 0.41511
0 0.504167 0.373148 0.0166667 0.0759259 0.415446
0 0.2625 0.375926 0.0229167 0.0962963 0.420433
0 0.160938 0.39537 0.0260417 0.127778 0.421987
13 0.466146 0.65463 0.263542 0.253704 0.424234
0 0.460417 0.382407 0.0229167 0.109259 0.425248
0 0.2625 0.376852 0.0229167 0.0981481 0.427445
0 0.785417 0.397222 0.0270833 0.135185 0.43024
0 0.560938 0.390741 0.0302083 0.151852 0.431093
0 0.503125 0.37037 0.0166667 0.0851852 0.431479
0 0.2625 0.376852 0.0229167 0.0981481 0.434722
0 0.560938 0.389815 0.0302083 0.15 0.435736
0 0.160938 0.394444 0.0260417 0.125926 0.436305
0 0.504167 0.368519 0.0166667 0.0777778 0.43644
13 0.466667 0.653704 0.264583 0.251852 0.437767
0 0.529167 0.401852 0.0416667 0.148148 0.440609
0 0.504167 0.367593 0.0166667 0.0796296 0.440845
0 0.504167 0.374074 0.0166667 0.0777778 0.441419
0 0.259375 0.376852 0.0208333 0.0907407 0.445002
0 0.259375 0.377778 0.0208333 0.0925926 0.446099
0 0.504167 0.37037 0.0166667 0.0814815 0.457609
0 0.2625 0.375 0.0208333 0.101852 0.460509
0 0.410417 0.374074 0.025 0.107407 0.463587
0 0.258854 0.377778 0.0197917 0.0925926 0.466447
0 0.784375 0.397222 0.025 0.138889 0.468219
0 0.504167 0.368519 0.0166667 0.0777778 0.470763
0 0.785417 0.397222 0.0270833 0.135185 0.471133
0 0.504167 0.373148 0.0166667 0.0759259 0.471502
0 0.784896 0.396296 0.0260417 0.137037 0.473783
0 0.409896 0.374074 0.0239583 0.107407 0.484123
0 0.784896 0.396296 0.0260417 0.133333 0.484317
0 0.409896 0.374074 0.0239583 0.107407 0.488876
0 0.160938 0.396296 0.0239583 0.133333 0.49454
0 0.784896 0.396296 0.0260417 0.137037 0.496877
0 0.784896 0.397222 0.0260417 0.135185 0.504056
0 0.522917 0.409259 0.03125 0.137037 0.510357
0 0.0520833 0.430556 0.0541667 0.216667 0.511593
0 0.522917 0.410185 0.03125 0.138889 0.516699
0 0.161458 0.398148 0.0270833 0.12963 0.517591
0 0.161458 0.398148 0.0270833 0.12963 0.518783
0 0.504167 0.37037 0.0166667 0.0814815 0.520246
0 0.560938 0.386111 0.0302083 0.15 0.52073
0 0.0526042 0.432407 0.0510417 0.209259 0.522441
0 0.0526042 0.432407 0.0510417 0.212963 0.527404
0 0.504167 0.37037 0.0166667 0.0814815 0.528426
0 0.560938 0.385185 0.0302083 0.148148 0.529516
0 0.785417 0.398148 0.025 0.137037 0.530798
0 0.522917 0.40463 0.0333333 0.15 0.531194
0 0.408333 0.369444 0.0208333 0.105556 0.53727
0 0.560938 0.385185 0.0302083 0.148148 0.546369
0 0.785937 0.397222 0.0260417 0.135185 0.551969
0 0.408854 0.368519 0.021875 0.111111 0.558855
0 0.160938 0.396296 0.0239583 0.12963 0.565628
0 0.409375 0.369444 0.0208333 0.109259 0.569473
0 0.408854 0.369444 0.021875 0.109259 0.578898
0 0.971354 0.567593 0.0572917 0.524074 0.580412
0 0.461979 0.384259 0.0239583 0.109259 0.593228
0 0.522917 0.40463 0.0333333 0.153704 0.599446
0 0.161458 0.397222 0.0270833 0.131481 0.601663
0 0.525 0.40463 0.03125 0.15 0.60868
0 0.522917 0.405556 0.0333333 0.151852 0.612763
0 0.523438 0.408333 0.0322917 0.146296 0.614502
0 0.523438 0.408333 0.0322917 0.146296 0.614737
0 0.408333 0.373148 0.0208333 0.105556 0.615569
0 0.160938 0.398148 0.0260417 0.12963 0.621885
0 0.461979 0.381481 0.0239583 0.103704 0.621926
0 0.523438 0.407407 0.0322917 0.148148 0.636343
0 0.522396 0.405556 0.0322917 0.148148 0.638572
0 0.525521 0.40463 0.0322917 0.15 0.63913
0 0.461979 0.380556 0.0239583 0.105556 0.640162
0 0.461979 0.381481 0.0239583 0.103704 0.644751
0 0.463021 0.380556 0.021875 0.101852 0.645117
0 0.4625 0.383333 0.025 0.107407 0.64582
0 0.522396 0.405556 0.0322917 0.148148 0.652254
0 0.463021 0.380556 0.021875 0.105556 0.657637
0 0.463021 0.380556 0.021875 0.105556 0.657834
0 0.407813 0.372222 0.0197917 0.103704 0.664638
0 0.0505208 0.432407 0.0510417 0.209259 0.664979
0 0.0515625 0.432407 0.0510417 0.216667 0.671334
0 0.0510417 0.431481 0.0520833 0.214815 0.676405
0 0.0515625 0.431481 0.0510417 0.214815 0.678946
0 0.407813 0.371296 0.0197917 0.105556 0.680206
0 0.161458 0.396296 0.0229167 0.12963 0.680621
0 0.0510417 0.431481 0.0520833 0.214815 0.685608
0 0.05 0.42963 0.0479167 0.218519 0.685876
0 0.407813 0.371296 0.0197917 0.105556 0.686176
0 0.0494792 0.428704 0.0489583 0.212963 0.687693
0 0.560938 0.386111 0.0302083 0.142593 0.693622
0 0.560938 0.385185 0.0302083 0.144444 0.694067
0 0.05 0.42963 0.05 0.211111 0.694933
0 0.161458 0.398148 0.025 0.12963 0.701122
0 0.0505208 0.432407 0.0510417 0.212963 0.714273
0 0.973437 0.566667 0.053125 0.52963 0.717351
0 0.973437 0.569444 0.053125 0.535185 0.726881
0 0.05 0.430556 0.05 0.212963 0.74378
0 0.560938 0.387963 0.0302083 0.15 0.750368
0 0.161458 0.398148 0.025 0.12963 0.751949
0 0.161458 0.398148 0.025 0.12963 0.757451
0 0.161458 0.397222 0.025 0.131481 0.762281
0 0.160938 0.398148 0.0260417 0.12963 0.763237
0 0.560938 0.387963 0.0302083 0.15 0.765177
0 0.05 0.432407 0.0520833 0.209259 0.766638
0 0.560417 0.387037 0.0291667 0.151852 0.778372
0 0.975 0.572222 0.05 0.52963 0.780957
0 0.05 0.430556 0.05 0.212963 0.782831
0 0.560938 0.387963 0.0302083 0.15 0.783537
0 0.560417 0.387037 0.0291667 0.151852 0.784729
0 0.975 0.569444 0.0479167 0.538889 0.786257
0 0.161458 0.398148 0.025 0.12963 0.788003
0 0.975 0.571296 0.05 0.535185 0.792149
0 0.560417 0.385185 0.0291667 0.140741 0.792182
0 0.560417 0.385185 0.0291667 0.140741 0.795663
0 0.975521 0.569444 0.0489583 0.542593 0.79689
0 0.161458 0.396296 0.025 0.12963 0.83758
0 0.161458 0.396296 0.025 0.12963 0.846599
