0 0.380208 0.314815 0.0229167 0.0814815 0.250183
0 0.65 0.362037 0.04375 0.205556 0.2516
0 0.075 0.366667 0.0375 0.155556 0.257681
0 0.483333 0.326852 0.0229167 0.0944444 0.258451
0 0.524479 0.32037 0.0177083 0.0740741 0.258817
2 0.405208 0.311111 0.0291667 0.062963 0.259376
0 0.519271 0.346296 0.0260417 0.137037 0.264151
0 0.483854 0.328704 0.0239583 0.0981481 0.269698
26 0.664062 0.334259 0.0197917 0.0537037 0.272332
0 0.126563 0.363889 0.0322917 0.127778 0.278655
0 0.379167 0.311111 0.025 0.0814815 0.279174
26 0.664062 0.335185 0.0239583 0.0481481 0.283134
0 0.0765625 0.362037 0.0385417 0.157407 0.284764
0 0.124479 0.364815 0.0322917 0.140741 0.287803
0 0.579167 0.327778 0.01875 0.062963 0.289301
26 0.664062 0.336111 0.0239583 0.0462963 0.29082
0 0.525 0.32037 0.0166667 0.0740741 0.29112
0 0.579687 0.327778 0.0177083 0.062963 0.294361
0 0.075 0.366667 0.0375 0.155556 0.295518
0 0.652083 0.359259 0.0458333 0.207407 0.296117
0 0.357812 0.327778 0.015625 0.0777778 0.298469
0 0.652083 0.359259 0.0458333 0.207407 0.298488
0 0.0765625 0.362037 0.0385417 0.157407 0.29876
0 0.652083 0.358333 0.0458333 0.209259 0.298892
13 0.241667 0.826852 0.29375 0.331481 0.300131
13 0.242188 0.825926 0.294792 0.32963 0.301764
26 0.664062 0.334259 0.0197917 0.0537037 0.301826
13 0.243229 0.827778 0.294792 0.333333 0.302015
0 0.484375 0.32963 0.0229167 0.1 0.302101
0 0.123958 0.364815 0.03125 0.140741 0.302407
26 0.664062 0.334259 0.0197917 0.0537037 0.302517
13 0.242708 0.825926 0.29375 0.32963 0.303836
13 0.242708 0.826852 0.29375 0.331481 0.307071
0 0.511979 0.352778 0.0302083 0.135185 0.307467
0 0.484375 0.32963 0.0229167 0.1 0.307921
13 0.242708 0.825926 0.295833 0.333333 0.309645
0 0.359375 0.324074 0.0145833 0.0851852 0.313581
0 0.123958 0.364815 0.03125 0.140741 0.315163
0 0.125 0.365741 0.0333333 0.131481 0.32348
0 0.579167 0.326852 0.01875 0.0611111 0.32863
26 0.664062 0.335185 0.0239583 0.0481481 0.331428
0 0.0770833 0.360185 0.0375 0.157407 0.332666
0 0.125 0.365741 0.0333333 0.131481 0.337008
0 0.357812 0.327778 0.0135417 0.0777778 0.339013
0 0.278646 0.347222 0.034375 0.116667 0.345645
0 0.078125 0.362037 0.0354167 0.157407 0.348983
0 0.357812 0.327778 0.0135417 0.0777778 0.353197
0 0.279167 0.347222 0.0333333 0.116667 0.353956
0 0.506771 0.349074 0.028125 0.15 0.354266
0 0.227604 0.416667 0.096875 0.37037 0.357809
0 0.078125 0.363889 0.0354167 0.157407 0.358646
0 0.128125 0.361111 0.0291667 0.125926 0.360763
0 0.648958 0.360185 0.0479167 0.209259 0.36211
0 0.506771 0.35 0.028125 0.148148 0.368856
0 0.0770833 0.362037 0.0354167 0.157407 0.369819
0 0.279167 0.347222 0.0333333 0.116667 0.369996
0 0.0776042 0.363889 0.0364583 0.157407 0.371361
0 0.509375 0.353704 0.0291667 0.133333 0.373235
0 0.648958 0.360185 0.0479167 0.209259 0.373522
0 0.579167 0.324074 0.0166667 0.062963 0.378222
0 0.579167 0.327778 0.0166667 0.062963 0.378793
0 0.505729 0.349074 0.034375 0.135185 0.382563
0 0.647917 0.361111 0.0520833 0.203704 0.384856
0 0.0791667 0.362963 0.0333333 0.159259 0.386328
0 0.579167 0.324074 0.0166667 0.062963 0.38728
0 0.358854 0.324074 0.0135417 0.0814815 0.393534
0 0.227083 0.416667 0.0958333 0.37037 0.395988
0 0.0791667 0.363889 0.0333333 0.161111 0.397095
0 0.578646 0.324074 0.0177083 0.062963 0.406142
0 0.507292 0.35 0.03125 0.137037 0.407189
0 0.579167 0.324074 0.0166667 0.062963 0.407845
0 0.578646 0.326852 0.015625 0.0648148 0.408896
0 0.578646 0.324074 0.0177083 0.062963 0.413153
0 0.127604 0.364815 0.0302083 0.125926 0.416926
0 0.0776042 0.363889 0.0364583 0.157407 0.419414
0 0.341146 0.32963 0.021875 0.0851852 0.428057
0 0.578646 0.324074 0.0177083 0.062963 0.434091
0 0.359375 0.324074 0.0145833 0.0814815 0.434451
0 0.0770833 0.362037 0.0354167 0.157407 0.444455
0 0.341146 0.32963 0.021875 0.0888889 0.445735
0 0.0796875 0.367593 0.0322917 0.142593 0.448091
0 0.0791667 0.367593 0.03125 0.142593 0.448866
0 0.278646 0.347222 0.0302083 0.112963 0.450934
0 0.578646 0.325926 0.015625 0.0666667 0.454487
0 0.507292 0.349074 0.03125 0.138889 0.456682
0 0.126563 0.363889 0.0322917 0.138889 0.462676
0 0.341146 0.330556 0.021875 0.087037 0.464472
0 0.222917 0.414815 0.0895833 0.381481 0.468458
0 0.65 0.360185 0.0479167 0.205556 0.477188
0 0.125521 0.362037 0.0322917 0.135185 0.479747
0 0.342187 0.330556 0.0197917 0.0796296 0.479822
0 0.222917 0.414815 0.0895833 0.381481 0.482313
0 0.278646 0.347222 0.0302083 0.112963 0.484474
0 0.279167 0.347222 0.03125 0.112963 0.486311
0 0.126563 0.363889 0.0322917 0.135185 0.493634
0 0.648958 0.357407 0.05 0.207407 0.496061
0 0.459896 0.35 0.028125 0.133333 0.5004
0 0.341667 0.330556 0.0208333 0.0796296 0.510293
0 0.341146 0.328704 0.021875 0.0833333 0.515523
0 0.125521 0.362037 0.0322917 0.135185 0.515846
0 0.225 0.415741 0.09375 0.372222 0.523782
0 0.648438 0.358333 0.0510417 0.205556 0.524879
0 0.127083 0.362963 0.03125 0.137037 0.528278
0 0.127083 0.362963 0.03125 0.137037 0.528859
0 0.224479 0.415741 0.0947917 0.372222 0.534508
0 0.128125 0.362963 0.0291667 0.125926 0.538878
0 0.224479 0.415741 0.0947917 0.368519 0.539825
0 0.128125 0.362963 0.0291667 0.125926 0.541807
0 0.341667 0.328704 0.0208333 0.0833333 0.546314
0 0.125521 0.362037 0.0322917 0.135185 0.553174
0 0.509896 0.353704 0.0322917 0.140741 0.560224
0 0.341146 0.328704 0.021875 0.0833333 0.566499
0 0.509896 0.353704 0.0302083 0.140741 0.567349
0 0.65 0.360185 0.0479167 0.205556 0.567758
0 0.647917 0.358333 0.0479167 0.205556 0.56839
0 0.127083 0.362963 0.03125 0.137037 0.576197
0 0.647917 0.357407 0.0479167 0.203704 0.579497
0 0.223438 0.413889 0.0927083 0.375926 0.579664
0 0.509896 0.35463 0.0302083 0.138889 0.583464
0 0.127604 0.364815 0.0302083 0.133333 0.583511
0 0.223438 0.413889 0.0927083 0.372222 0.586536
0 0.647917 0.357407 0.0479167 0.207407 0.586925
0 0.223438 0.413889 0.0927083 0.372222 0.588071
0 0.127604 0.364815 0.0302083 0.133333 0.594806
0 0.127083 0.362037 0.03125 0.135185 0.599957
0 0.341146 0.32963 0.021875 0.0814815 0.605954
0 0.127083 0.362037 0.03125 0.135185 0.607935
0 0.509896 0.35463 0.0302083 0.138889 0.615098
0 0.509896 0.352778 0.0302083 0.138889 0.615212
0 0.460417 0.35 0.0270833 0.137037 0.615611
0 0.341146 0.32963 0.021875 0.0814815 0.619606
0 0.648438 0.359259 0.0489583 0.203704 0.62127
0 0.460938 0.350926 0.028125 0.131481 0.627485
0 0.341667 0.32963 0.0208333 0.0814815 0.629995
0 0.651563 0.353704 0.046875 0.203704 0.631967
0 0.460417 0.35 0.0270833 0.133333 0.632742
0 0.341146 0.32963 0.0197917 0.0814815 0.63871
0 0.279687 0.347222 0.0322917 0.12037 0.6405
0 0.651563 0.35463 0.046875 0.209259 0.644749
0 0.460417 0.35 0.0270833 0.137037 0.646072
0 0.511458 0.353704 0.03125 0.144444 0.647409
0 0.459896 0.35 0.028125 0.12963 0.651875
0 0.508854 0.353704 0.0302083 0.144444 0.651994
0 0.508854 0.35463 0.0302083 0.142593 0.653644
0 0.511458 0.353704 0.03125 0.140741 0.653806
0 0.127083 0.362037 0.03125 0.135185 0.654612
0 0.459896 0.35 0.028125 0.12963 0.657669
0 0.459896 0.349074 0.0260417 0.135185 0.659529
0 0.509896 0.35463 0.0302083 0.138889 0.665639
0 0.279167 0.34537 0.03125 0.116667 0.668057
0 0.279687 0.347222 0.0322917 0.116667 0.669406
0 0.460417 0.349074 0.025 0.135185 0.674073
0 0.279167 0.34537 0.03125 0.116667 0.680514
0 0.279687 0.347222 0.0322917 0.116667 0.680612
0 0.648958 0.359259 0.0479167 0.203704 0.680625
0 0.649479 0.360185 0.0489583 0.205556 0.687214
0 0.279687 0.343519 0.0322917 0.112963 0.688721
0 0.460417 0.35 0.0270833 0.137037 0.693237
0 0.279687 0.344444 0.0322917 0.114815 0.694524
0 0.459896 0.35 0.0260417 0.137037 0.696659
0 0.279167 0.34537 0.03125 0.116667 0.699153
0 0.460938 0.350926 0.028125 0.131481 0.7014
0 0.648958 0.359259 0.0479167 0.203704 0.720254
0 0.280208 0.346296 0.03125 0.111111 0.729282
0 0.279687 0.34537 0.0302083 0.109259 0.729604
0 0.279687 0.343519 0.0322917 0.112963 0.733882
0 0.460417 0.35 0.0270833 0.133333 0.74613
0 0.460417 0.350926 0.0270833 0.131481 0.750474
0 0.279687 0.346296 0.0302083 0.111111 0.751117
0 0.460417 0.349074 0.0270833 0.135185 0.75752
0 0.459896 0.349074 0.0260417 0.135185 0.767777
0 0.648958 0.358333 0.0458333 0.205556 0.785443
0 0.225 0.416667 0.09375 0.381481 0.804065
0 0.225521 0.414815 0.0947917 0.381481 0.804589
0 0.648958 0.358333 0.0458333 0.212963 0.805759
0 0.225 0.416667 0.09375 0.377778 0.808894
0 0.225521 0.415741 0.0947917 0.37963 0.809403
0 0.225 0.416667 0.09375 0.377778 0.812652
0 0.225521 0.415741 0.0947917 0.37963 0.81813
0 0.460417 0.349074 0.0270833 0.138889 0.850842
0 0.460417 0.35 0.0270833 0.140741 0.852968
0 0.225 0.416667 0.0916667 0.377778 0.886775
0 0.225 0.416667 0.0916667 0.374074 0.889522
0 0.225 0.416667 0.0916667 0.377778 0.894277
0 0.225 0.416667 0.0916667 0.374074 0.897993
