0 0.509375 0.423148 0.025 0.12037 0.252286
0 0.513542 0.422222 0.025 0.122222 0.254618
2 0.0911458 0.513889 0.182292 0.364815 0.256615
0 0.621354 0.430556 0.0177083 0.0907407 0.258417
28 0.675 0.542593 0.0541667 0.0592593 0.260424
0 0.786458 0.471296 0.0416667 0.172222 0.261383
0 0.841667 0.439815 0.0208333 0.112963 0.266598
0 0.509375 0.423148 0.025 0.12037 0.270504
0 0.621354 0.430556 0.0177083 0.0944444 0.274151
0 0.786458 0.471296 0.0416667 0.172222 0.274406
0 0.841146 0.439815 0.0197917 0.112963 0.277734
0 0.509896 0.424074 0.0239583 0.118519 0.280579
0 0.625 0.426852 0.0208333 0.087037 0.286756
0 0.621354 0.431481 0.0177083 0.0925926 0.295863
2 0.09375 0.514815 0.183333 0.362963 0.300867
0 0.841146 0.439815 0.0197917 0.112963 0.303691
0 0.840625 0.435185 0.01875 0.1 0.315508
0 0.728125 0.463889 0.0354167 0.209259 0.316074
28 0.677083 0.542593 0.05625 0.0555556 0.317798
0 0.625 0.426852 0.0208333 0.0907407 0.318797
0 0.625 0.426852 0.0208333 0.0907407 0.319187
0 0.728125 0.463889 0.0354167 0.212963 0.323465
0 0.370313 0.47037 0.0302083 0.166667 0.323608
0 0.513021 0.424074 0.0239583 0.118519 0.324366
0 0.369271 0.47037 0.0302083 0.166667 0.326316
0 0.342708 0.462963 0.0270833 0.151852 0.329735
0 0.342708 0.462037 0.0270833 0.153704 0.330669
28 0.676042 0.542593 0.05625 0.0555556 0.3323
0 0.840625 0.434259 0.01875 0.101852 0.333058
0 0.515104 0.423148 0.0239583 0.12037 0.336826
0 0.427604 0.422222 0.0114583 0.062963 0.344407
0 0.621354 0.428704 0.0197917 0.0907407 0.345407
0 0.515104 0.424074 0.0239583 0.122222 0.347617
0 0.840104 0.437037 0.0197917 0.103704 0.348124
0 0.647917 0.425 0.0166667 0.087037 0.34969
0 0.515104 0.424074 0.0239583 0.122222 0.350691
0 0.2625 0.475 0.0354167 0.161111 0.35252
0 0.840625 0.434259 0.01875 0.101852 0.352918
0 0.73125 0.47037 0.0354167 0.207407 0.355
0 0.73125 0.47037 0.0354167 0.211111 0.356779
0 0.840625 0.438889 0.01875 0.103704 0.360391
0 0.427604 0.422222 0.0114583 0.062963 0.366752
0 0.261979 0.475 0.034375 0.164815 0.367807
0 0.648438 0.425 0.0177083 0.087037 0.36836
0 0.301562 0.475 0.0260417 0.164815 0.372147
0 0.584896 0.422222 0.015625 0.0814815 0.376677
0 0.302083 0.475 0.025 0.164815 0.382417
0 0.647917 0.425 0.0166667 0.087037 0.382612
0 0.840104 0.437963 0.0177083 0.101852 0.383604
0 0.261979 0.474074 0.034375 0.162963 0.391891
0 0.621354 0.425926 0.0177083 0.0814815 0.412493
0 0.369792 0.469444 0.0291667 0.153704 0.414846
0 0.394792 0.47037 0.0291667 0.162963 0.420416
0 0.367708 0.468519 0.03125 0.155556 0.423735
0 0.304688 0.475926 0.0302083 0.159259 0.427538
0 0.382292 0.471296 0.0479167 0.164815 0.427747
0 0.36875 0.469444 0.03125 0.157407 0.429334
0 0.357292 0.466667 0.0229167 0.155556 0.433418
0 0.621875 0.42963 0.01875 0.0962963 0.434326
0 0.428646 0.422222 0.0114583 0.062963 0.434695
0 0.648958 0.425 0.0166667 0.0907407 0.434874
0 0.621875 0.42963 0.01875 0.0962963 0.43649
0 0.303646 0.475926 0.0302083 0.159259 0.437004
0 0.648438 0.426852 0.0177083 0.0944444 0.437392
0 0.307292 0.473148 0.03125 0.161111 0.43856
0 0.428646 0.422222 0.0114583 0.062963 0.43891
0 0.648958 0.425 0.0166667 0.0907407 0.439055
0 0.784896 0.47037 0.040625 0.174074 0.439943
0 0.357292 0.466667 0.0229167 0.155556 0.443216
0 0.342708 0.465741 0.0270833 0.157407 0.445101
0 0.784896 0.47037 0.040625 0.174074 0.445126
0 0.381771 0.471296 0.046875 0.164815 0.445384
0 0.343229 0.467593 0.028125 0.157407 0.449357
0 0.621875 0.42963 0.01875 0.0962963 0.457156
0 0.306771 0.473148 0.0322917 0.161111 0.459284
0 0.2625 0.481481 0.0333333 0.159259 0.459559
0 0.394792 0.469444 0.0270833 0.161111 0.461559
0 0.648958 0.425 0.0166667 0.0907407 0.461924
0 0.2625 0.481481 0.0333333 0.159259 0.464478
0 0.304688 0.476852 0.0302083 0.157407 0.464488
0 0.2625 0.480556 0.0333333 0.157407 0.466962
0 0.36875 0.468519 0.03125 0.159259 0.470103
0 0.586979 0.423148 0.015625 0.0759259 0.471408
0 0.369792 0.47037 0.0270833 0.151852 0.474455
0 0.369792 0.47037 0.0291667 0.151852 0.48437
0 0.394792 0.469444 0.0291667 0.161111 0.486685
0 0.395833 0.465741 0.025 0.153704 0.487486
0 0.381771 0.471296 0.046875 0.164815 0.48922
0 0.395312 0.465741 0.0260417 0.153704 0.493282
0 0.260938 0.475 0.034375 0.164815 0.496164
0 0.339583 0.468519 0.025 0.162963 0.512008
0 0.261458 0.476852 0.0354167 0.164815 0.513296
0 0.339583 0.467593 0.025 0.161111 0.515858
0 0.261458 0.475926 0.0354167 0.166667 0.518512
0 0.586979 0.421296 0.015625 0.0796296 0.522399
0 0.342708 0.466667 0.0270833 0.155556 0.523887
0 0.586458 0.422222 0.0145833 0.0814815 0.527329
0 0.30625 0.473148 0.03125 0.161111 0.527462
0 0.306771 0.475926 0.034375 0.159259 0.529748
0 0.30625 0.475926 0.0333333 0.159259 0.531546
0 0.342708 0.468519 0.0270833 0.155556 0.537157
0 0.586458 0.422222 0.0166667 0.0814815 0.544083
0 0.311979 0.471296 0.0322917 0.161111 0.545318
0 0.586458 0.42037 0.0145833 0.0777778 0.545698
0 0.586458 0.423148 0.0166667 0.0759259 0.548499
0 0.311458 0.472222 0.0333333 0.162963 0.554314
0 0.394271 0.471296 0.028125 0.161111 0.555712
0 0.342708 0.466667 0.0270833 0.155556 0.555764
0 0.394271 0.472222 0.028125 0.166667 0.555871
0 0.394271 0.472222 0.028125 0.166667 0.564797
0 0.585938 0.422222 0.015625 0.0814815 0.564878
0 0.586979 0.421296 0.015625 0.0759259 0.57367
0 0.30625 0.475926 0.0333333 0.159259 0.592615
0 0.394271 0.47037 0.028125 0.162963 0.604012
0 0.785417 0.468519 0.0416667 0.162963 0.606929
2 0.0953125 0.513889 0.190625 0.368519 0.613319
2 0.0953125 0.513889 0.190625 0.372222 0.619296
0 0.305729 0.474074 0.0322917 0.166667 0.626708
0 0.785937 0.469444 0.0427083 0.164815 0.626859
0 0.305208 0.474074 0.03125 0.166667 0.634052
0 0.343229 0.467593 0.0260417 0.153704 0.640693
0 0.2625 0.476852 0.0333333 0.164815 0.643236
2 0.09375 0.513889 0.1875 0.361111 0.644331
0 0.785417 0.469444 0.0416667 0.161111 0.644548
0 0.2625 0.477778 0.0333333 0.166667 0.646496
2 0.0942708 0.512037 0.186458 0.364815 0.660886
0 0.394271 0.471296 0.028125 0.161111 0.671345
2 0.0942708 0.512963 0.188542 0.362963 0.677681
0 0.305729 0.475926 0.0302083 0.162963 0.678941
0 0.371354 0.467593 0.0260417 0.161111 0.682508
2 0.0942708 0.513889 0.188542 0.361111 0.682936
0 0.371354 0.466667 0.0260417 0.159259 0.682972
2 0.09375 0.514815 0.1875 0.366667 0.686298
2 0.0947917 0.514815 0.1875 0.366667 0.686336
0 0.728646 0.467593 0.034375 0.209259 0.688731
0 0.305729 0.476852 0.0302083 0.164815 0.689861
2 0.09375 0.512037 0.1875 0.364815 0.692554
2 0.0942708 0.512037 0.188542 0.364815 0.694016
0 0.728646 0.467593 0.034375 0.209259 0.697826
2 0.09375 0.513889 0.1875 0.361111 0.702131
0 0.786979 0.469444 0.0427083 0.164815 0.70768
2 0.0942708 0.512037 0.188542 0.364815 0.716856
0 0.261458 0.477778 0.0333333 0.162963 0.718342
0 0.342187 0.468519 0.0260417 0.159259 0.724211
0 0.261458 0.477778 0.0333333 0.162963 0.728643
2 0.0942708 0.512037 0.188542 0.364815 0.729142
0 0.342187 0.467593 0.0260417 0.157407 0.731253
0 0.395312 0.469444 0.0260417 0.161111 0.734812
2 0.0947917 0.513889 0.189583 0.364815 0.735571
0 0.371875 0.468519 0.0270833 0.159259 0.735774
0 0.786458 0.47037 0.0416667 0.166667 0.736606
0 0.395312 0.469444 0.0260417 0.161111 0.73782
0 0.371875 0.467593 0.0270833 0.157407 0.741941
2 0.0947917 0.513889 0.189583 0.364815 0.741999
0 0.786458 0.47037 0.0416667 0.162963 0.758374
0 0.263021 0.480556 0.034375 0.168519 0.761044
0 0.2625 0.480556 0.0354167 0.164815 0.761744
0 0.728646 0.467593 0.034375 0.205556 0.770802
0 0.786458 0.468519 0.0416667 0.162963 0.779256
0 0.261979 0.481481 0.034375 0.162963 0.780526
0 0.730208 0.465741 0.0354167 0.201852 0.78348
0 0.261979 0.481481 0.034375 0.166667 0.786286
0 0.261979 0.477778 0.034375 0.162963 0.793198
0 0.730208 0.466667 0.0354167 0.207407 0.79595
0 0.729167 0.467593 0.0354167 0.205556 0.797017
0 0.786458 0.469444 0.0416667 0.161111 0.79718
0 0.786458 0.469444 0.0416667 0.164815 0.79993
0 0.786458 0.468519 0.0416667 0.162963 0.801308
0 0.730208 0.465741 0.0354167 0.201852 0.803593
0 0.730208 0.466667 0.0354167 0.207407 0.804814
0 0.729688 0.465741 0.034375 0.209259 0.807967
0 0.261979 0.477778 0.034375 0.166667 0.812983
0 0.786458 0.469444 0.0416667 0.164815 0.817168
0 0.729167 0.467593 0.0354167 0.205556 0.818184
0 0.730208 0.466667 0.0354167 0.203704 0.830039
0 0.785417 0.469444 0.0416667 0.161111 0.830858
0 0.261979 0.477778 0.034375 0.162963 0.83114
0 0.785417 0.469444 0.0416667 0.164815 0.835425
0 0.728646 0.467593 0.0364583 0.209259 0.885528
0 0.728646 0.468519 0.0364583 0.211111 0.89368
