0 0.975521 0.573148 0.046875 0.168519 0.250732
0 0.975521 0.573148 0.046875 0.168519 0.251771
0 0.975521 0.573148 0.046875 0.168519 0.251873
13 0.0921875 0.836111 0.184375 0.146296 0.252126
0 0.501562 0.351852 0.0302083 0.133333 0.253381
0 0.976042 0.573148 0.0458333 0.168519 0.255911
0 0.346875 0.298148 0.0125 0.0555556 0.257346
0 0.503125 0.349074 0.0291667 0.138889 0.263574
0 0.295312 0.336111 0.0302083 0.0833333 0.263576
0 0.976562 0.573148 0.046875 0.168519 0.264696
0 0.976042 0.573148 0.0458333 0.168519 0.268428
0 0.346875 0.298148 0.0125 0.0518519 0.26849
0 0.502604 0.349074 0.028125 0.138889 0.270539
0 0.501042 0.351852 0.03125 0.133333 0.273323
0 0.220833 0.372222 0.0541667 0.3 0.284845
0 0.501562 0.351852 0.0302083 0.133333 0.285874
13 0.0916667 0.875 0.18125 0.227778 0.291671
0 0.295312 0.336111 0.0302083 0.0796296 0.295987
0 0.633333 0.358333 0.0291667 0.135185 0.29651
0 0.295312 0.335185 0.028125 0.0814815 0.297908
13 0.0916667 0.843518 0.183333 0.161111 0.303951
13 0.0916667 0.875 0.179167 0.227778 0.308033
0 0.498958 0.351852 0.0291667 0.133333 0.309427
0 0.479688 0.335185 0.015625 0.0814815 0.311262
13 0.090625 0.843518 0.175 0.168519 0.313281
0 0.606771 0.351852 0.028125 0.162963 0.320191
0 0.346875 0.298148 0.0125 0.0518519 0.322896
0 0.346875 0.298148 0.0125 0.0518519 0.330271
0 0.323958 0.313889 0.0208333 0.0722222 0.33087
0 0.606771 0.352778 0.028125 0.161111 0.330912
0 0.498958 0.351852 0.0291667 0.133333 0.34129
13 0.090625 0.843518 0.177083 0.168519 0.347996
13 0.090625 0.843518 0.177083 0.172222 0.361505
0 0.498958 0.349074 0.03125 0.131481 0.396685
0 0.500521 0.35 0.0302083 0.133333 0.40459
0 0.323958 0.312963 0.0208333 0.0666667 0.415637
0 0.322917 0.316667 0.0229167 0.0740741 0.42341
0 0.156771 0.448148 0.096875 0.481481 0.425105
0 0.498437 0.351852 0.028125 0.133333 0.42813
0 0.174479 0.441667 0.128125 0.494444 0.433756
0 0.323438 0.312963 0.021875 0.0666667 0.434175
0 0.632812 0.358333 0.028125 0.142593 0.452581
0 0.323438 0.312963 0.021875 0.0666667 0.454335
13 0.090625 0.850926 0.175 0.175926 0.454822
0 0.295833 0.330556 0.0291667 0.0944444 0.461608
0 0.295833 0.32963 0.0291667 0.0962963 0.461783
0 0.633333 0.358333 0.0291667 0.142593 0.462283
0 0.460417 0.348148 0.0291667 0.133333 0.464503
0 0.498958 0.351852 0.03125 0.133333 0.467323
0 0.295833 0.327778 0.0291667 0.0888889 0.47341
0 0.5 0.351852 0.03125 0.133333 0.490302
0 0.221354 0.377778 0.0572917 0.277778 0.49043
0 0.295833 0.330556 0.0291667 0.0944444 0.490763
13 0.090625 0.850926 0.177083 0.17963 0.492907
0 0.295833 0.327778 0.0291667 0.0888889 0.493878
0 0.615104 0.356481 0.046875 0.157407 0.499026
13 0.090625 0.850926 0.177083 0.17963 0.501983
0 0.295833 0.327778 0.0291667 0.0888889 0.504506
13 0.090625 0.863889 0.179167 0.205556 0.511855
0 0.460938 0.35 0.0260417 0.133333 0.512115
0 0.322917 0.318519 0.0208333 0.0740741 0.514058
0 0.295833 0.32963 0.0291667 0.0925926 0.516403
0 0.500521 0.351852 0.0302083 0.133333 0.520888
0 0.218229 0.37963 0.0552083 0.292593 0.532245
0 0.322917 0.318519 0.0208333 0.0703704 0.53276
13 0.0916667 0.863889 0.177083 0.212963 0.534861
0 0.157292 0.447222 0.102083 0.483333 0.538352
0 0.322917 0.318519 0.0208333 0.0740741 0.542266
0 0.295312 0.328704 0.0302083 0.0907407 0.544084
0 0.322917 0.317593 0.0208333 0.0722222 0.545667
0 0.614062 0.355556 0.046875 0.159259 0.54872
13 0.0911458 0.859259 0.180208 0.2 0.549297
0 0.322917 0.318519 0.0208333 0.0740741 0.550156
0 0.460417 0.35 0.0270833 0.137037 0.553169
13 0.090625 0.859259 0.179167 0.196296 0.557673
0 0.322917 0.318519 0.0208333 0.0703704 0.562356
13 0.0911458 0.856481 0.180208 0.194444 0.570877
0 0.498958 0.35 0.03125 0.133333 0.576127
0 0.614062 0.355556 0.046875 0.159259 0.576388
13 0.0916667 0.863889 0.179167 0.212963 0.581065
13 0.0916667 0.862963 0.179167 0.211111 0.581674
0 0.498958 0.35 0.03125 0.133333 0.582741
0 0.297917 0.328704 0.0270833 0.0907407 0.585019
0 0.156771 0.449074 0.096875 0.483333 0.585099
0 0.501042 0.350926 0.03125 0.135185 0.587771
0 0.156771 0.449074 0.096875 0.487037 0.591531
0 0.160417 0.450926 0.110417 0.487037 0.593312
0 0.164062 0.447222 0.111458 0.498148 0.597174
0 0.501042 0.350926 0.03125 0.135185 0.600135
0 0.500521 0.353704 0.0322917 0.133333 0.601271
0 0.295833 0.330556 0.0291667 0.0944444 0.601771
0 0.295833 0.330556 0.0291667 0.0944444 0.602386
0 0.295833 0.328704 0.0291667 0.0907407 0.608487
0 0.500521 0.353704 0.0322917 0.133333 0.61282
0 0.297917 0.328704 0.0270833 0.0944444 0.616569
0 0.297917 0.328704 0.0270833 0.0944444 0.623963
0 0.633854 0.358333 0.0302083 0.131481 0.63423
0 0.5 0.353704 0.03125 0.133333 0.637803
0 0.604167 0.355556 0.0291667 0.162963 0.645303
0 0.296354 0.32963 0.0302083 0.0888889 0.645408
0 0.295833 0.330556 0.0291667 0.0944444 0.648107
0 0.604688 0.355556 0.028125 0.162963 0.656204
0 0.460417 0.35 0.0270833 0.137037 0.664751
0 0.220833 0.377778 0.0541667 0.288889 0.66691
0 0.460417 0.35 0.0270833 0.137037 0.667991
0 0.634375 0.360185 0.0291667 0.135185 0.66949
0 0.460417 0.350926 0.0291667 0.146296 0.676216
0 0.296354 0.330556 0.0302083 0.0907407 0.676307
0 0.605208 0.35463 0.03125 0.157407 0.681828
0 0.296875 0.330556 0.0291667 0.0907407 0.68838
0 0.220833 0.378704 0.0541667 0.287037 0.691922
0 0.605729 0.35463 0.0302083 0.157407 0.695781
0 0.459896 0.35 0.028125 0.144444 0.698777
0 0.460417 0.35 0.0291667 0.148148 0.699787
0 0.459896 0.35 0.028125 0.144444 0.700715
0 0.605208 0.353704 0.03125 0.155556 0.702422
0 0.220833 0.378704 0.0541667 0.287037 0.703993
0 0.460938 0.350926 0.028125 0.138889 0.710582
0 0.459896 0.350926 0.028125 0.142593 0.711347
0 0.460417 0.350926 0.0270833 0.146296 0.714897
0 0.459896 0.348148 0.028125 0.12963 0.717878
0 0.460938 0.350926 0.028125 0.138889 0.72127
0 0.459896 0.348148 0.028125 0.12963 0.727546
0 0.633854 0.359259 0.0302083 0.133333 0.733633
0 0.163021 0.45 0.111458 0.496296 0.738117
0 0.633854 0.359259 0.0302083 0.133333 0.740449
0 0.634375 0.357407 0.0291667 0.137037 0.746913
0 0.460938 0.350926 0.028125 0.138889 0.748752
0 0.220833 0.376852 0.0541667 0.283333 0.752691
0 0.605729 0.355556 0.0302083 0.162963 0.770718
0 0.634375 0.357407 0.0291667 0.137037 0.773162
0 0.605729 0.355556 0.0302083 0.162963 0.777504
0 0.605729 0.355556 0.0302083 0.162963 0.777601
0 0.634896 0.357407 0.028125 0.137037 0.77806
0 0.220313 0.378704 0.0552083 0.287037 0.780637
0 0.220833 0.377778 0.05625 0.285185 0.786262
0 0.634375 0.358333 0.0291667 0.135185 0.789752
0 0.220833 0.376852 0.05625 0.283333 0.789778
0 0.220833 0.377778 0.05625 0.285185 0.791968
0 0.460417 0.349074 0.0270833 0.142593 0.81203
0 0.634896 0.357407 0.028125 0.137037 0.812152
0 0.605208 0.355556 0.0291667 0.162963 0.814612
0 0.220833 0.377778 0.0541667 0.292593 0.815618
0 0.460417 0.35 0.0270833 0.140741 0.816208
0 0.163021 0.45 0.111458 0.496296 0.816456
0 0.605208 0.355556 0.0291667 0.166667 0.818581
0 0.220833 0.376852 0.0541667 0.290741 0.820953
0 0.220833 0.376852 0.0541667 0.290741 0.821127
0 0.634896 0.358333 0.028125 0.135185 0.826164
0 0.633854 0.359259 0.028125 0.140741 0.832843
0 0.634375 0.360185 0.0291667 0.138889 0.834031
0 0.161979 0.45 0.109375 0.507407 0.863611
0 0.161458 0.45 0.110417 0.507407 0.865798
0 0.160417 0.449074 0.110417 0.487037 0.877595
0 0.157292 0.45 0.102083 0.488889 0.884786
0 0.160417 0.45 0.110417 0.496296 0.887413
0 0.157292 0.449074 0.102083 0.483333 0.88857
