0 0.470313 0.358333 0.0260417 0.0981481 0.253492
0 0.00677083 0.375926 0.0135417 0.122222 0.256842
0 0.492188 0.381481 0.0239583 0.125926 0.262122
0 0.491667 0.380556 0.025 0.127778 0.262847
0 0.471354 0.362963 0.0239583 0.0888889 0.264415
13 0.395312 0.590741 0.0989583 0.2 0.265806
0 0.470313 0.357407 0.0260417 0.0962963 0.266819
0 0.329688 0.357407 0.0197917 0.0851852 0.273371
0 0.00885417 0.387963 0.0177083 0.138889 0.276342
0 0.438542 0.373148 0.03125 0.138889 0.296699
0 0.440104 0.371296 0.0322917 0.127778 0.299779
0 0.492188 0.371296 0.0239583 0.124074 0.304387
0 0.470313 0.362963 0.0239583 0.0888889 0.304502
0 0.329688 0.357407 0.0177083 0.0851852 0.312723
0 0.330208 0.357407 0.01875 0.0851852 0.31312
0 0.490104 0.375926 0.0302083 0.137037 0.31369
0 0.511979 0.346296 0.0177083 0.0740741 0.319592
0 0.470833 0.362963 0.0229167 0.0888889 0.319619
0 0.00677083 0.378704 0.0135417 0.135185 0.331478
0 0.329688 0.351852 0.0197917 0.0851852 0.332258
0 0.514583 0.341667 0.0166667 0.0648148 0.334022
0 0.513542 0.342593 0.0166667 0.0666667 0.34584
0 0.439063 0.372222 0.0302083 0.137037 0.346748
0 0.491146 0.376852 0.028125 0.138889 0.349785
0 0.513542 0.342593 0.0166667 0.0666667 0.351793
0 0.511979 0.342593 0.015625 0.0703704 0.353499
0 0.511458 0.347222 0.0166667 0.0722222 0.358679
0 0.576042 0.348148 0.0166667 0.0703704 0.359334
0 0.513542 0.342593 0.0166667 0.0666667 0.360531
0 0.576042 0.351852 0.0166667 0.062963 0.363323
0 0.329688 0.352778 0.0197917 0.0907407 0.365878
0 0.369792 0.339815 0.0166667 0.0833333 0.372489
0 0.329688 0.352778 0.0197917 0.0907407 0.37545
0 0.367708 0.336111 0.01875 0.087037 0.379489
0 0.513542 0.342593 0.0166667 0.0666667 0.380118
0 0.491667 0.375926 0.0270833 0.133333 0.380122
0 0.511979 0.342593 0.0177083 0.0703704 0.3812
0 0.607292 0.374074 0.025 0.140741 0.381982
0 0.607292 0.374074 0.025 0.140741 0.38266
0 0.513542 0.342593 0.0166667 0.0666667 0.382854
0 0.511458 0.346296 0.01875 0.0740741 0.386381
0 0.576563 0.35 0.015625 0.0666667 0.387278
0 0.576042 0.351852 0.0166667 0.062963 0.391724
0 0.511979 0.342593 0.0177083 0.0703704 0.396832
0 0.606771 0.371296 0.028125 0.131481 0.403253
0 0.577604 0.349074 0.015625 0.0648148 0.403852
0 0.490625 0.375926 0.0291667 0.133333 0.405006
0 0.511458 0.346296 0.01875 0.0740741 0.410508
0 0.513542 0.342593 0.0166667 0.0666667 0.413359
0 0.491667 0.375926 0.0270833 0.137037 0.414675
0 0.369792 0.339815 0.0166667 0.0833333 0.42568
0 0.647917 0.392593 0.03125 0.222222 0.427701
0 0.492188 0.371296 0.0239583 0.127778 0.429529
0 0.492188 0.372222 0.0239583 0.12963 0.42994
0 0.576042 0.351852 0.0166667 0.062963 0.437746
0 0.578125 0.349074 0.0145833 0.0648148 0.438572
0 0.647917 0.392593 0.0333333 0.222222 0.44008
0 0.440104 0.372222 0.0322917 0.133333 0.452706
0 0.369792 0.337037 0.0166667 0.0814815 0.453811
0 0.440104 0.371296 0.0322917 0.131481 0.455161
0 0.490625 0.376852 0.025 0.124074 0.455209
0 0.577083 0.35 0.0145833 0.0666667 0.455794
0 0.578125 0.35 0.0145833 0.062963 0.468947
0 0.369271 0.341667 0.015625 0.0796296 0.470558
0 0.369792 0.338889 0.0166667 0.0814815 0.471917
0 0.491146 0.375926 0.0260417 0.133333 0.477447
0 0.369792 0.341667 0.0166667 0.0796296 0.481064
0 0.490625 0.376852 0.025 0.127778 0.481811
0 0.576563 0.35 0.015625 0.0666667 0.495278
0 0.441667 0.375926 0.0333333 0.140741 0.497375
0 0.490625 0.376852 0.025 0.127778 0.497917
0 0.369792 0.340741 0.0166667 0.0777778 0.499106
0 0.369271 0.337963 0.0177083 0.0833333 0.508491
0 0.441667 0.375926 0.0333333 0.140741 0.510058
0 0.328125 0.353704 0.0208333 0.0888889 0.525831
0 0.328125 0.353704 0.0208333 0.0888889 0.529892
0 0.657292 0.392593 0.05 0.22963 0.531016
0 0.607292 0.372222 0.0270833 0.137037 0.536283
0 0.657292 0.392593 0.05 0.22963 0.540088
0 0.577604 0.349074 0.015625 0.0685185 0.541741
0 0.657292 0.392593 0.05 0.22963 0.545943
0 0.491146 0.375926 0.0260417 0.133333 0.553243
0 0.491667 0.376852 0.025 0.138889 0.560827
0 0.441146 0.375926 0.0322917 0.140741 0.560999
0 0.607292 0.372222 0.0270833 0.133333 0.562086
0 0.328125 0.353704 0.0208333 0.0888889 0.563453
0 0.329167 0.352778 0.0208333 0.087037 0.56679
0 0.607292 0.373148 0.0270833 0.135185 0.573985
0 0.606771 0.373148 0.0260417 0.135185 0.576838
0 0.328125 0.353704 0.0208333 0.0851852 0.578081
0 0.654688 0.389815 0.0552083 0.231481 0.585279
0 0.606771 0.373148 0.028125 0.131481 0.600979
0 0.607292 0.373148 0.0270833 0.135185 0.617143
0 0.492188 0.375926 0.0239583 0.12963 0.617192
0 0.607292 0.372222 0.0270833 0.12963 0.625187
0 0.606771 0.373148 0.0260417 0.135185 0.62891
0 0.438542 0.375926 0.0333333 0.140741 0.632863
0 0.655729 0.390741 0.053125 0.233333 0.634252
0 0.607292 0.372222 0.0270833 0.137037 0.645292
0 0.438542 0.376852 0.0333333 0.142593 0.649137
0 0.657292 0.392593 0.0458333 0.233333 0.660506
0 0.655729 0.390741 0.053125 0.233333 0.664555
0 0.65625 0.390741 0.0520833 0.237037 0.669282
0 0.657292 0.390741 0.0520833 0.233333 0.671136
0 0.657292 0.391667 0.0458333 0.238889 0.67591
0 0.491667 0.376852 0.0229167 0.131481 0.676849
0 0.329167 0.355556 0.01875 0.0851852 0.679409
0 0.65625 0.391667 0.0520833 0.235185 0.679573
0 0.655729 0.391667 0.053125 0.235185 0.68954
0 0.606771 0.371296 0.028125 0.131481 0.691108
0 0.438542 0.376852 0.0333333 0.142593 0.698069
0 0.203646 0.448148 0.0885417 0.42963 0.705537
0 0.329688 0.35463 0.0197917 0.0907407 0.70556
0 0.657292 0.390741 0.0520833 0.233333 0.710079
0 0.329688 0.35463 0.0197917 0.0907407 0.726791
0 0.329688 0.35463 0.0197917 0.0907407 0.727165
0 0.492188 0.376852 0.0239583 0.127778 0.728578
0 0.492188 0.376852 0.0239583 0.131481 0.729153
0 0.203646 0.448148 0.0885417 0.42963 0.736991
0 0.439063 0.377778 0.0322917 0.144444 0.741384
0 0.439063 0.377778 0.0322917 0.144444 0.742933
0 0.606771 0.371296 0.028125 0.131481 0.744612
0 0.60625 0.371296 0.0270833 0.131481 0.749737
0 0.657292 0.390741 0.0520833 0.233333 0.754099
0 0.203646 0.44537 0.0885417 0.446296 0.759401
0 0.439063 0.377778 0.0322917 0.144444 0.764095
0 0.203646 0.446296 0.0885417 0.444444 0.764155
0 0.438542 0.373148 0.03125 0.146296 0.764212
0 0.65625 0.391667 0.0479167 0.231481 0.767792
0 0.438542 0.373148 0.03125 0.142593 0.768033
0 0.65625 0.392593 0.0479167 0.233333 0.768225
0 0.439583 0.372222 0.03125 0.140741 0.775867
0 0.203646 0.44537 0.0885417 0.446296 0.781564
0 0.439583 0.373148 0.03125 0.138889 0.784442
0 0.606771 0.373148 0.0260417 0.135185 0.788763
0 0.606771 0.373148 0.0260417 0.131481 0.793515
0 0.203125 0.448148 0.0875 0.433333 0.794095
0 0.203125 0.447222 0.0875 0.435185 0.804657
0 0.203125 0.448148 0.0875 0.433333 0.814939
0 0.203646 0.447222 0.0885417 0.431481 0.850984
0 0.203646 0.449074 0.0885417 0.431481 0.852873
0 0.203646 0.448148 0.0885417 0.433333 0.855391
0 0.202604 0.449074 0.0885417 0.427778 0.873252
0 0.203125 0.448148 0.0895833 0.425926 0.884553
0 0.202083 0.447222 0.0875 0.427778 0.887805
0 0.202083 0.448148 0.0875 0.42963 0.888676
