0 0.295833 0.372222 0.025 0.0814815 0.253201
13 0.438021 0.597222 0.180208 0.105556 0.254914
0 0.309896 0.361111 0.0177083 0.062963 0.256532
0 0.280208 0.381481 0.0145833 0.0962963 0.258161
0 0.827604 0.392593 0.0302083 0.148148 0.260574
0 0.015625 0.427778 0.03125 0.203704 0.263965
0 0.482812 0.380556 0.021875 0.109259 0.265274
0 0.015625 0.427778 0.03125 0.2 0.267274
13 0.435937 0.598148 0.176042 0.111111 0.270805
0 0.278646 0.377778 0.0114583 0.0740741 0.272984
0 0.015625 0.426852 0.03125 0.198148 0.27912
0 0.0140625 0.431481 0.028125 0.207407 0.280272
13 0.396354 0.449074 0.096875 0.0796296 0.280811
13 0.439063 0.599074 0.180208 0.116667 0.283216
0 0.827083 0.392593 0.0291667 0.148148 0.288312
0 0.482812 0.378704 0.0239583 0.112963 0.290394
0 0.192188 0.39537 0.0260417 0.116667 0.291548
0 0.0651042 0.432407 0.053125 0.212963 0.296012
13 0.392188 0.456481 0.090625 0.0685185 0.29603
0 0.482292 0.380556 0.0208333 0.112963 0.296121
0 0.281771 0.378704 0.015625 0.087037 0.296342
13 0.396354 0.450926 0.0947917 0.0796296 0.298578
0 0.482292 0.380556 0.0208333 0.112963 0.300229
0 0.0140625 0.431481 0.028125 0.2 0.301418
0 0.826563 0.391667 0.0302083 0.146296 0.306663
0 0.278646 0.377778 0.0135417 0.0740741 0.310286
0 0.2875 0.37963 0.0229167 0.1 0.310713
0 0.2875 0.377778 0.0208333 0.103704 0.311859
13 0.392188 0.456481 0.090625 0.0685185 0.315658
0 0.541146 0.402778 0.0322917 0.153704 0.319779
0 0.541146 0.402778 0.0322917 0.153704 0.322669
0 0.481771 0.374074 0.021875 0.107407 0.328967
13 0.394271 0.451852 0.0927083 0.0740741 0.332389
0 0.542188 0.396296 0.0322917 0.148148 0.334529
13 0.39375 0.451852 0.0916667 0.0740741 0.340319
13 0.436458 0.599074 0.18125 0.112963 0.341083
0 0.542188 0.39537 0.0322917 0.146296 0.342129
13 0.438021 0.598148 0.180208 0.111111 0.344424
13 0.436458 0.598148 0.18125 0.111111 0.345702
0 0.481771 0.374074 0.021875 0.111111 0.355913
0 0.191667 0.396296 0.0270833 0.114815 0.357448
0 0.0614583 0.436111 0.05 0.216667 0.364352
0 0.481771 0.374074 0.021875 0.114815 0.365033
0 0.827083 0.390741 0.0291667 0.144444 0.366394
0 0.827083 0.390741 0.0291667 0.144444 0.370416
0 0.0348958 0.437037 0.0697917 0.218519 0.370879
0 0.0614583 0.436111 0.05 0.216667 0.371317
0 0.0609375 0.428704 0.0510417 0.209259 0.37386
0 0.0614583 0.436111 0.05 0.216667 0.378545
0 0.434375 0.369444 0.025 0.0981481 0.382366
0 0.826563 0.391667 0.0302083 0.146296 0.383704
0 0.326042 0.361111 0.0270833 0.0666667 0.38787
0 0.827083 0.390741 0.0291667 0.144444 0.397162
0 0.434375 0.369444 0.025 0.101852 0.39777
0 0.0338542 0.437037 0.0677083 0.214815 0.399493
13 0.436979 0.597222 0.182292 0.112963 0.399889
0 0.968229 0.555556 0.0635417 0.533333 0.400626
0 0.826563 0.390741 0.0302083 0.144444 0.400649
0 0.826563 0.391667 0.0302083 0.146296 0.4108
0 0.434375 0.369444 0.025 0.101852 0.412715
0 0.96875 0.555556 0.0625 0.537037 0.416435
0 0.0609375 0.42963 0.0510417 0.211111 0.418094
0 0.193229 0.397222 0.0260417 0.116667 0.418281
0 0.192188 0.396296 0.0260417 0.114815 0.425697
0 0.967188 0.574074 0.065625 0.518519 0.426803
0 0.0338542 0.437037 0.0677083 0.218519 0.43223
0 0.280208 0.380556 0.0166667 0.0944444 0.432542
0 0.489583 0.375926 0.025 0.1 0.436161
0 0.280208 0.380556 0.0166667 0.0907407 0.437468
0 0.967188 0.575 0.065625 0.52037 0.441085
0 0.435417 0.375 0.0229167 0.101852 0.44227
0 0.289062 0.380556 0.0197917 0.101852 0.452947
0 0.289062 0.380556 0.0197917 0.101852 0.45505
0 0.280208 0.37963 0.0166667 0.0925926 0.457229
0 0.489583 0.375926 0.025 0.103704 0.458181
0 0.289062 0.380556 0.0197917 0.101852 0.46164
0 0.497396 0.374074 0.015625 0.0851852 0.469531
0 0.0609375 0.428704 0.0510417 0.209259 0.472431
0 0.489062 0.375926 0.0260417 0.103704 0.473011
0 0.33125 0.359259 0.0208333 0.0703704 0.47476
0 0.330208 0.360185 0.0208333 0.0685185 0.476593
0 0.435937 0.372222 0.0239583 0.107407 0.478867
0 0.33125 0.359259 0.0208333 0.0703704 0.485232
0 0.191667 0.39537 0.025 0.112963 0.486236
0 0.330208 0.360185 0.0208333 0.0685185 0.493448
0 0.435417 0.373148 0.0229167 0.101852 0.497106
0 0.496875 0.374074 0.0166667 0.0851852 0.501945
0 0.33125 0.360185 0.0208333 0.0685185 0.50324
0 0.192708 0.396296 0.025 0.114815 0.505264
0 0.330729 0.359259 0.021875 0.0703704 0.505314
0 0.496875 0.374074 0.0166667 0.0851852 0.506052
0 0.435417 0.372222 0.0229167 0.103704 0.512824
0 0.435417 0.373148 0.0229167 0.101852 0.5136
0 0.436979 0.374074 0.0239583 0.103704 0.518617
0 0.330729 0.360185 0.021875 0.0685185 0.519504
0 0.0145833 0.441667 0.0291667 0.183333 0.529804
0 0.436979 0.374074 0.0239583 0.103704 0.53229
0 0.330729 0.360185 0.021875 0.0685185 0.535895
0 0.436979 0.374074 0.0239583 0.103704 0.539277
0 0.0161458 0.433333 0.0322917 0.214815 0.545865
0 0.0145833 0.441667 0.0291667 0.183333 0.547767
0 0.0145833 0.441667 0.0291667 0.183333 0.553884
0 0.0630208 0.432407 0.0489583 0.216667 0.558557
0 0.483333 0.378704 0.0229167 0.109259 0.565345
0 0.0161458 0.433333 0.0322917 0.211111 0.567695
0 0.191667 0.393519 0.025 0.105556 0.578744
0 0.0630208 0.431481 0.0489583 0.214815 0.588204
0 0.481771 0.378704 0.021875 0.112963 0.588236
0 0.192188 0.396296 0.0239583 0.111111 0.589395
0 0.0640625 0.435185 0.0489583 0.218519 0.594565
0 0.191667 0.394444 0.025 0.111111 0.600891
0 0.0640625 0.435185 0.0489583 0.214815 0.605627
0 0.191667 0.393519 0.025 0.109259 0.606581
0 0.0140625 0.437963 0.028125 0.190741 0.620171
0 0.0140625 0.437963 0.028125 0.190741 0.626496
0 0.0609375 0.431481 0.0510417 0.222222 0.629886
0 0.482812 0.37963 0.021875 0.107407 0.630402
0 0.541146 0.399074 0.0322917 0.153704 0.630731
0 0.192188 0.397222 0.0239583 0.112963 0.634541
0 0.0619792 0.434259 0.0489583 0.216667 0.640437
0 0.192188 0.396296 0.0239583 0.111111 0.644167
0 0.0609375 0.430556 0.0510417 0.22037 0.646285
0 0.0619792 0.433333 0.0489583 0.218519 0.648335
0 0.541146 0.398148 0.0322917 0.151852 0.650117
0 0.595833 0.383333 0.03125 0.155556 0.663372
0 0.482292 0.376852 0.0208333 0.105556 0.666341
0 0.595833 0.382407 0.03125 0.157407 0.666764
0 0.482292 0.375926 0.0208333 0.107407 0.669056
0 0.0151042 0.437037 0.0302083 0.188889 0.669198
0 0.0619792 0.433333 0.0510417 0.214815 0.675561
0 0.482292 0.376852 0.0208333 0.105556 0.677623
0 0.0151042 0.437037 0.0302083 0.188889 0.679655
0 0.0598958 0.433333 0.053125 0.222222 0.681773
0 0.191667 0.39537 0.025 0.112963 0.684571
0 0.0151042 0.435185 0.0302083 0.192593 0.692605
0 0.0151042 0.435185 0.0302083 0.192593 0.694351
0 0.192188 0.397222 0.0239583 0.112963 0.710714
0 0.0614583 0.433333 0.0520833 0.218519 0.713735
0 0.0619792 0.433333 0.0510417 0.214815 0.717958
0 0.192188 0.396296 0.0239583 0.114815 0.720722
0 0.0619792 0.433333 0.0510417 0.218519 0.721535
0 0.542188 0.400926 0.0322917 0.153704 0.726535
0 0.541667 0.4 0.0333333 0.151852 0.726922
0 0.192708 0.397222 0.025 0.116667 0.727396
0 0.966667 0.563889 0.0666667 0.516667 0.730473
0 0.0151042 0.436111 0.0302083 0.190741 0.742129
0 0.595833 0.383333 0.03125 0.159259 0.743759
0 0.595833 0.383333 0.03125 0.162963 0.744085
0 0.541667 0.4 0.0333333 0.151852 0.747116
0 0.192188 0.396296 0.0239583 0.114815 0.75071
0 0.542188 0.400926 0.0322917 0.153704 0.752725
0 0.967188 0.565741 0.065625 0.524074 0.757816
0 0.966667 0.564815 0.0666667 0.522222 0.757913
0 0.595833 0.382407 0.03125 0.157407 0.75828
0 0.542188 0.400926 0.0322917 0.153704 0.758592
0 0.542188 0.400926 0.0322917 0.153704 0.760052
0 0.541667 0.4 0.0333333 0.151852 0.761046
0 0.966667 0.566667 0.0666667 0.522222 0.761593
0 0.542188 0.400926 0.0322917 0.153704 0.762287
0 0.192188 0.397222 0.0239583 0.112963 0.76352
0 0.966146 0.564815 0.0677083 0.518519 0.766986
0 0.595833 0.382407 0.03125 0.157407 0.767253
0 0.595833 0.382407 0.03125 0.157407 0.76853
0 0.0614583 0.433333 0.05 0.214815 0.768993
0 0.542188 0.400926 0.0322917 0.153704 0.779327
0 0.542188 0.399074 0.0322917 0.153704 0.783768
0 0.542188 0.4 0.0322917 0.155556 0.787492
0 0.595833 0.382407 0.03125 0.157407 0.799087
0 0.595833 0.382407 0.03125 0.161111 0.80567
0 0.596354 0.383333 0.0302083 0.155556 0.813432
0 0.596354 0.382407 0.0302083 0.157407 0.814016
0 0.595833 0.382407 0.03125 0.157407 0.824484
0 0.595833 0.383333 0.03125 0.155556 0.832721
0 0.967188 0.562963 0.065625 0.514815 0.833554
0 0.595833 0.383333 0.03125 0.155556 0.839453
0 0.967708 0.564815 0.0645833 0.522222 0.844543
0 0.595833 0.382407 0.03125 0.157407 0.848617
0 0.966667 0.563889 0.0666667 0.538889 0.871739
0 0.967188 0.564815 0.065625 0.518519 0.872397
0 0.966667 0.563889 0.0666667 0.535185 0.875632
