0 0.0635417 0.397222 0.01875 0.0981481 0.253681
0 0.0635417 0.396296 0.01875 0.0962963 0.256728
0 0.0640625 0.392593 0.0177083 0.0962963 0.262317
0 0.352083 0.355556 0.0166667 0.0851852 0.26328
0 0.386458 0.362963 0.0270833 0.133333 0.263503
0 0.0625 0.394444 0.01875 0.0962963 0.263708
0 0.210417 0.388889 0.0125 0.0851852 0.265808
0 0.384375 0.371296 0.025 0.127778 0.265939
26 0.907812 0.501852 0.034375 0.114815 0.266258
0 0.0630208 0.397222 0.0177083 0.0981481 0.267575
0 0.386458 0.362963 0.0270833 0.133333 0.26796
0 0.349479 0.35463 0.0177083 0.0833333 0.26969
0 0.0640625 0.394444 0.0177083 0.1 0.269875
0 0.290625 0.383333 0.0270833 0.12963 0.273499
0 0.210417 0.388889 0.0125 0.0851852 0.276872
0 0.384896 0.372222 0.0260417 0.125926 0.27904
0 0.242708 0.368519 0.0166667 0.0592593 0.280287
0 0.291146 0.385185 0.028125 0.137037 0.285012
0 0.0635417 0.393519 0.0166667 0.0981481 0.288603
0 0.425521 0.377778 0.0197917 0.118519 0.291742
0 0.290625 0.392593 0.0270833 0.148148 0.293799
0 0.35 0.35463 0.0166667 0.0833333 0.297792
0 0.352604 0.351852 0.0177083 0.0888889 0.297888
0 0.290625 0.392593 0.0270833 0.148148 0.300086
0 0.242708 0.368519 0.0166667 0.0592593 0.300967
0 0.352604 0.350926 0.0177083 0.087037 0.310186
0 0.430208 0.375 0.0229167 0.101852 0.311594
26 0.906771 0.490741 0.0364583 0.140741 0.314068
0 0.425521 0.377778 0.0197917 0.118519 0.317805
26 0.90625 0.491667 0.0354167 0.138889 0.323098
0 0.291146 0.385185 0.028125 0.137037 0.325426
0 0.430729 0.374074 0.021875 0.1 0.328187
0 0.959375 0.552778 0.0791667 0.583333 0.329045
0 0.425521 0.377778 0.0197917 0.118519 0.33407
0 0.0619792 0.39537 0.0177083 0.101852 0.336586
0 0.0619792 0.396296 0.0197917 0.103704 0.339424
0 0.430729 0.374074 0.021875 0.1 0.340706
0 0.352083 0.351852 0.0166667 0.0888889 0.340876
0 0.0625 0.396296 0.01875 0.103704 0.346165
26 0.906771 0.491667 0.0364583 0.138889 0.34975
0 0.958854 0.549074 0.0802083 0.616667 0.352413
0 0.479167 0.396296 0.0270833 0.155556 0.358442
0 0.384375 0.37037 0.025 0.125926 0.358851
0 0.479167 0.396296 0.0270833 0.155556 0.365341
0 0.871354 0.559259 0.096875 0.559259 0.36738
0 0.291146 0.385185 0.028125 0.133333 0.379801
0 0.382812 0.371296 0.0260417 0.127778 0.389226
0 0.290625 0.385185 0.0270833 0.140741 0.393725
0 0.290625 0.385185 0.0270833 0.137037 0.397508
0 0.384896 0.372222 0.0260417 0.125926 0.402777
0 0.445312 0.375 0.0197917 0.0944444 0.425274
0 0.870833 0.559259 0.0958333 0.559259 0.431655
0 0.448438 0.375 0.0177083 0.0907407 0.443413
0 0.447917 0.374074 0.01875 0.0888889 0.451331
0 0.444271 0.374074 0.0197917 0.0888889 0.45637
0 0.291146 0.388889 0.028125 0.137037 0.456862
0 0.448438 0.375 0.0177083 0.087037 0.457201
0 0.444271 0.374074 0.0197917 0.0925926 0.479309
0 0.444271 0.374074 0.0197917 0.0925926 0.484819
0 0.291667 0.387037 0.0270833 0.137037 0.501269
0 0.478646 0.39537 0.0322917 0.153704 0.517351
0 0.291146 0.387963 0.028125 0.135185 0.519872
0 0.445312 0.375 0.021875 0.0907407 0.527232
0 0.291146 0.387963 0.0260417 0.131481 0.530647
0 0.291146 0.387037 0.028125 0.133333 0.563258
0 0.480729 0.392593 0.0302083 0.155556 0.574511
0 0.480208 0.392593 0.0291667 0.155556 0.579309
0 0.290625 0.387037 0.0270833 0.137037 0.579821
0 0.384375 0.37037 0.0229167 0.122222 0.595642
0 0.291667 0.388889 0.0270833 0.137037 0.59889
0 0.48125 0.396296 0.0291667 0.155556 0.603539
0 0.961979 0.551852 0.0760417 0.585185 0.604529
0 0.961979 0.551852 0.0760417 0.581481 0.609357
0 0.481771 0.39537 0.028125 0.157407 0.611647
0 0.384896 0.371296 0.0239583 0.124074 0.614332
0 0.558854 0.384259 0.034375 0.183333 0.614488
0 0.384896 0.371296 0.0239583 0.124074 0.617744
0 0.558854 0.384259 0.034375 0.183333 0.631754
0 0.444792 0.373148 0.0208333 0.0944444 0.636994
0 0.291667 0.387037 0.0270833 0.137037 0.638989
0 0.291146 0.387037 0.0260417 0.137037 0.644227
0 0.291667 0.387037 0.0270833 0.137037 0.649233
0 0.384896 0.37037 0.0239583 0.125926 0.651351
0 0.480208 0.394444 0.03125 0.155556 0.655505
0 0.385417 0.372222 0.025 0.122222 0.655706
0 0.480729 0.394444 0.0302083 0.155556 0.661609
0 0.444792 0.373148 0.0208333 0.0944444 0.662266
0 0.385417 0.372222 0.025 0.122222 0.662288
0 0.385417 0.372222 0.025 0.125926 0.663957
0 0.444792 0.373148 0.0208333 0.0944444 0.665449
0 0.480208 0.394444 0.03125 0.155556 0.668561
0 0.291146 0.387037 0.0260417 0.137037 0.682366
0 0.291146 0.387963 0.0260417 0.138889 0.684088
0 0.480729 0.394444 0.0302083 0.155556 0.690296
0 0.480729 0.394444 0.0302083 0.155556 0.690398
0 0.384375 0.371296 0.0229167 0.124074 0.702878
0 0.869792 0.571296 0.0958333 0.568519 0.705692
0 0.870313 0.57037 0.096875 0.566667 0.710804
0 0.383854 0.37037 0.0239583 0.125926 0.72751
0 0.963021 0.549074 0.0739583 0.575926 0.730879
0 0.383854 0.37037 0.0239583 0.125926 0.73678
0 0.383854 0.37037 0.0239583 0.125926 0.737681
0 0.480729 0.394444 0.0302083 0.155556 0.73922
0 0.558854 0.385185 0.034375 0.177778 0.7451
0 0.558854 0.384259 0.034375 0.17963 0.747667
0 0.480208 0.394444 0.0291667 0.155556 0.749478
0 0.480208 0.394444 0.0291667 0.159259 0.750186
0 0.559375 0.383333 0.0333333 0.188889 0.761527
0 0.558854 0.385185 0.034375 0.177778 0.761847
0 0.559375 0.383333 0.0333333 0.188889 0.769304
0 0.963021 0.55 0.0739583 0.581481 0.777835
0 0.961458 0.549074 0.0770833 0.587037 0.781313
0 0.871875 0.571296 0.0958333 0.568519 0.785512
0 0.871875 0.572222 0.09375 0.57037 0.796684
0 0.871354 0.573148 0.0947917 0.57963 0.801519
0 0.9625 0.546296 0.075 0.581481 0.808413
0 0.961458 0.546296 0.0770833 0.588889 0.811487
0 0.558854 0.386111 0.034375 0.183333 0.828656
0 0.558854 0.386111 0.034375 0.183333 0.835184
0 0.558854 0.386111 0.034375 0.17963 0.835263
0 0.558854 0.386111 0.034375 0.17963 0.839092
0 0.558854 0.385185 0.034375 0.181481 0.841343
0 0.871875 0.571296 0.0958333 0.568519 0.841369
0 0.558854 0.386111 0.034375 0.183333 0.848386
0 0.558854 0.386111 0.034375 0.183333 0.850646
0 0.960417 0.546296 0.0791667 0.585185 0.85263
0 0.960417 0.546296 0.0791667 0.585185 0.854176
0 0.961979 0.54537 0.0760417 0.583333 0.856771
0 0.558854 0.386111 0.034375 0.183333 0.857042
0 0.871875 0.573148 0.09375 0.572222 0.860839
0 0.872917 0.572222 0.0958333 0.57037 0.864509
0 0.872396 0.571296 0.0947917 0.568519 0.870226
0 0.871354 0.573148 0.0947917 0.57963 0.872943
