0 0.0854167 0.490741 0.0333333 0.162963 0.250757
13 0.446875 0.585185 0.185417 0.0925926 0.251588
0 0.0760417 0.496296 0.0458333 0.174074 0.251966
74 0.408854 0.113889 0.040625 0.131481 0.251998
0 0.94375 0.431481 0.0541667 0.27037 0.253043
26 0.711979 0.623148 0.0302083 0.105556 0.254202
74 0.409896 0.112037 0.0385417 0.127778 0.256062
0 0.0421875 0.502778 0.0385417 0.183333 0.256533
24 0.0651042 0.464815 0.0302083 0.0703704 0.263599
24 0.0651042 0.463889 0.0302083 0.0722222 0.264315
0 0.444271 0.447222 0.0197917 0.0944444 0.276429
0 0.438542 0.444444 0.0375 0.1 0.276603
0 0.419271 0.440741 0.021875 0.0888889 0.279484
0 0.0286458 0.516667 0.0385417 0.162963 0.281185
0 0.0229167 0.511111 0.0416667 0.155556 0.282819
0 0.0895833 0.493519 0.025 0.175926 0.283535
13 0.440104 0.580556 0.173958 0.0944444 0.283785
0 0.0291667 0.517593 0.0375 0.164815 0.28436
0 0.378646 0.439815 0.015625 0.087037 0.28687
0 0.0307292 0.502778 0.0364583 0.17963 0.287704
0 0.0770833 0.489815 0.04375 0.168519 0.290778
0 0.0895833 0.493519 0.0229167 0.175926 0.290921
0 0.0770833 0.496296 0.04375 0.174074 0.298753
0 0.0307292 0.503704 0.0364583 0.177778 0.300687
0 0.0229167 0.512037 0.0416667 0.153704 0.303307
0 0.444271 0.447222 0.0197917 0.0981481 0.304575
0 0.419271 0.440741 0.021875 0.0925926 0.307558
0 0.444271 0.447222 0.0197917 0.0981481 0.312867
0 0.0328125 0.505556 0.0364583 0.181481 0.313269
0 0.419271 0.439815 0.021875 0.0907407 0.314542
74 0.409375 0.112963 0.0395833 0.12963 0.324423
13 0.4375 0.581481 0.175 0.0925926 0.332006
74 0.409375 0.112963 0.0395833 0.12963 0.341601
0 0.942708 0.441667 0.05625 0.290741 0.344854
0 0.941667 0.440741 0.0583333 0.277778 0.346188
13 0.440104 0.585185 0.178125 0.0962963 0.349504
0 0.0838542 0.496296 0.0364583 0.174074 0.350642
0 0.942708 0.440741 0.05625 0.292593 0.358088
0 0.0322917 0.505556 0.0354167 0.181481 0.360817
0 0.388542 0.446296 0.01875 0.0888889 0.362103
0 0.417188 0.446296 0.0260417 0.0962963 0.364516
0 0.444271 0.440741 0.0197917 0.0962963 0.375829
0 0.0260417 0.514815 0.0395833 0.162963 0.378214
0 0.411458 0.446296 0.0208333 0.0925926 0.386094
0 0.942708 0.441667 0.05625 0.290741 0.389972
0 0.444271 0.441667 0.0197917 0.0981481 0.402841
0 0.379687 0.442593 0.015625 0.0814815 0.40418
0 0.378125 0.442593 0.0166667 0.0851852 0.404396
0 0.0265625 0.514815 0.0385417 0.162963 0.406328
0 0.379167 0.442593 0.0166667 0.0814815 0.408119
0 0.0911458 0.486111 0.021875 0.157407 0.408415
0 0.411458 0.44537 0.0208333 0.0944444 0.413867
0 0.411458 0.44537 0.0208333 0.0944444 0.41569
0 0.444271 0.441667 0.0197917 0.0981481 0.418963
0 0.0270833 0.514815 0.0395833 0.162963 0.433843
0 0.379167 0.443519 0.0145833 0.0833333 0.436261
0 0.065625 0.5 0.0395833 0.181481 0.436576
0 0.379167 0.444444 0.0166667 0.0851852 0.439308
0 0.0322917 0.505556 0.0354167 0.181481 0.439413
0 0.0604167 0.502778 0.0375 0.183333 0.441401
0 0.379167 0.442593 0.0166667 0.0814815 0.458531
0 0.378646 0.443519 0.015625 0.0833333 0.464069
0 0.0609375 0.502778 0.0385417 0.183333 0.470326
0 0.943229 0.436111 0.0552083 0.287037 0.470738
0 0.394792 0.44537 0.0166667 0.0907407 0.477011
0 0.394271 0.44537 0.015625 0.0907407 0.478875
0 0.445833 0.443519 0.0208333 0.0981481 0.480567
0 0.445833 0.443519 0.0208333 0.101852 0.481459
0 0.0302083 0.510185 0.0375 0.175926 0.486184
0 0.0911458 0.487963 0.021875 0.164815 0.486484
0 0.514063 0.478704 0.0322917 0.146296 0.487604
0 0.944271 0.434259 0.0552083 0.294444 0.489487
0 0.421354 0.444444 0.0260417 0.1 0.4905
0 0.445833 0.442593 0.0208333 0.1 0.491477
0 0.0911458 0.487037 0.021875 0.162963 0.494953
0 0.394792 0.44537 0.0166667 0.0907407 0.496753
0 0.944271 0.434259 0.0552083 0.294444 0.497082
0 0.421875 0.444444 0.025 0.1 0.497222
0 0.514063 0.478704 0.0322917 0.146296 0.498607
0 0.0302083 0.509259 0.0395833 0.166667 0.502124
0 0.94375 0.434259 0.0541667 0.294444 0.502677
0 0.943229 0.437963 0.0552083 0.287037 0.508463
0 0.944271 0.434259 0.0552083 0.287037 0.509076
0 0.0291667 0.510185 0.0375 0.175926 0.509307
0 0.943229 0.437037 0.0552083 0.288889 0.509444
0 0.0302083 0.510185 0.0395833 0.168519 0.511385
0 0.421875 0.444444 0.025 0.1 0.51532
0 0.065625 0.5 0.0395833 0.181481 0.518571
0 0.0666667 0.498148 0.0375 0.185185 0.522847
0 0.943229 0.435185 0.0552083 0.292593 0.52351
0 0.943229 0.437963 0.0552083 0.287037 0.537215
0 0.0291667 0.510185 0.0375 0.175926 0.546961
0 0.418229 0.444444 0.021875 0.1 0.548642
0 0.0666667 0.499074 0.0375 0.183333 0.55437
0 0.419792 0.444444 0.0229167 0.0925926 0.558925
0 0.682292 0.55 0.0708333 0.381481 0.572162
0 0.682813 0.55 0.0697917 0.377778 0.577999
0 0.419792 0.444444 0.0229167 0.0962963 0.584168
0 0.419792 0.444444 0.0229167 0.0962963 0.587493
0 0.682813 0.55 0.0697917 0.381481 0.596828
0 0.065625 0.500926 0.0395833 0.183333 0.610694
0 0.513542 0.474074 0.0333333 0.144444 0.620988
0 0.065625 0.5 0.0395833 0.188889 0.636542
0 0.444271 0.444444 0.021875 0.103704 0.637567
0 0.513542 0.474074 0.0333333 0.144444 0.642079
0 0.514583 0.474074 0.0333333 0.148148 0.642961
0 0.514583 0.474074 0.0333333 0.148148 0.643956
0 0.0666667 0.499074 0.0395833 0.183333 0.656295
0 0.0645833 0.500926 0.0395833 0.187037 0.658551
0 0.444271 0.443519 0.0197917 0.0981481 0.659674
0 0.514583 0.474074 0.0333333 0.144444 0.662961
0 0.0666667 0.498148 0.0395833 0.185185 0.666142
0 0.444271 0.444444 0.021875 0.103704 0.675957
0 0.444271 0.443519 0.0197917 0.101852 0.676544
0 0.444271 0.443519 0.0197917 0.101852 0.677166
0 0.0651042 0.5 0.040625 0.188889 0.677773
0 0.685417 0.550926 0.075 0.390741 0.69012
0 0.685417 0.551852 0.075 0.392593 0.699502
0 0.514063 0.475926 0.0322917 0.148148 0.719335
0 0.684375 0.548148 0.0729167 0.392593 0.72708
0 0.682813 0.54537 0.071875 0.37963 0.733737
0 0.514063 0.475926 0.0322917 0.148148 0.735443
0 0.514063 0.475 0.0322917 0.146296 0.740361
0 0.682292 0.546296 0.0708333 0.381481 0.753367
0 0.682292 0.547222 0.0708333 0.37963 0.767767
0 0.514063 0.475926 0.0322917 0.148148 0.778166
0 0.514063 0.475926 0.0322917 0.144444 0.779313
0 0.684375 0.548148 0.0729167 0.392593 0.781488
0 0.683854 0.550926 0.0739583 0.383333 0.790647
0 0.684896 0.55 0.0739583 0.396296 0.794896
0 0.683333 0.55 0.0729167 0.385185 0.800865
0 0.684896 0.55 0.0739583 0.396296 0.802874
0 0.514063 0.475926 0.0322917 0.148148 0.805197
0 0.514583 0.475926 0.0333333 0.144444 0.816757
0 0.683333 0.549074 0.0729167 0.383333 0.820307
0 0.514063 0.475926 0.0322917 0.148148 0.82096
0 0.514063 0.475926 0.0322917 0.148148 0.823936
0 0.514063 0.475926 0.0322917 0.148148 0.839322
