0 0.103646 0.337037 0.046875 0.162963 0.254707
0 0.596875 0.335185 0.0229167 0.122222 0.256469
0 0.416146 0.330556 0.0260417 0.135185 0.256703
24 0.767187 0.338889 0.0385417 0.111111 0.261524
0 0.717188 0.385185 0.053125 0.333333 0.261652
0 0.416146 0.32963 0.0260417 0.137037 0.263415
0 0.415625 0.337963 0.0270833 0.138889 0.263653
13 0.247917 0.782407 0.327083 0.405556 0.265476
0 0.383333 0.312037 0.0125 0.0648148 0.266478
0 0.601562 0.334259 0.028125 0.127778 0.266837
0 0.753125 0.386111 0.06875 0.357407 0.267076
13 0.248958 0.782407 0.327083 0.405556 0.270612
13 0.248958 0.782407 0.327083 0.405556 0.272472
0 0.4625 0.344444 0.0291667 0.144444 0.27385
24 0.767187 0.338889 0.0385417 0.125926 0.276162
0 0.4625 0.344444 0.0291667 0.144444 0.280402
24 0.767187 0.337963 0.0385417 0.124074 0.281222
0 0.497917 0.337037 0.025 0.0925926 0.281551
0 0.460938 0.340741 0.0239583 0.137037 0.290586
13 0.245833 0.781482 0.333333 0.411111 0.299578
13 0.246354 0.780556 0.332292 0.409259 0.304047
0 0.616146 0.322222 0.0177083 0.1 0.304924
0 0.498958 0.336111 0.025 0.0944444 0.305057
13 0.246875 0.781482 0.33125 0.411111 0.307959
0 0.497917 0.336111 0.025 0.0944444 0.309862
0 0.528125 0.307407 0.0166667 0.0703704 0.310119
0 0.616146 0.322222 0.0177083 0.1 0.310585
0 0.415104 0.334259 0.0239583 0.146296 0.312193
0 0.528125 0.307407 0.0166667 0.0666667 0.312743
0 0.485417 0.336111 0.0208333 0.0944444 0.313638
0 0.48125 0.337037 0.01875 0.1 0.314417
0 0.615104 0.331481 0.0197917 0.122222 0.316633
0 0.383854 0.312037 0.0135417 0.0648148 0.317719
24 0.766146 0.334259 0.040625 0.124074 0.322259
0 0.461458 0.339815 0.0270833 0.146296 0.3321
0 0.522396 0.321296 0.0260417 0.0907407 0.340057
0 0.48125 0.337963 0.01875 0.101852 0.343459
0 0.48125 0.337037 0.01875 0.1 0.347559
0 0.528125 0.308333 0.0166667 0.0685185 0.349865
24 0.766146 0.334259 0.0385417 0.124074 0.357089
0 0.460417 0.339815 0.0270833 0.146296 0.361182
0 0.460938 0.339815 0.0239583 0.131481 0.370104
0 0.10625 0.337963 0.0479167 0.168519 0.376391
0 0.604688 0.330556 0.0302083 0.12037 0.379344
0 0.615104 0.323148 0.0197917 0.109259 0.38245
24 0.766146 0.334259 0.040625 0.124074 0.383062
0 0.605208 0.333333 0.03125 0.125926 0.384746
0 0.10625 0.337963 0.0479167 0.164815 0.387337
0 0.501042 0.336111 0.0208333 0.0981481 0.396451
0 0.529167 0.311111 0.0166667 0.0740741 0.402005
0 0.598437 0.331481 0.021875 0.114815 0.404845
0 0.528125 0.311111 0.0166667 0.0740741 0.407881
0 0.415104 0.335185 0.0239583 0.144444 0.41038
0 0.500521 0.335185 0.021875 0.1 0.418012
0 0.501042 0.337037 0.0229167 0.0925926 0.419607
0 0.713021 0.380556 0.0427083 0.32037 0.419967
0 0.501042 0.335185 0.0208333 0.1 0.42355
0 0.604688 0.32963 0.0302083 0.118519 0.424378
0 0.460938 0.339815 0.0260417 0.146296 0.427052
0 0.604688 0.32963 0.0302083 0.118519 0.429275
0 0.615104 0.325 0.0197917 0.112963 0.447491
0 0.415104 0.334259 0.0239583 0.146296 0.450659
0 0.528125 0.311111 0.0166667 0.0740741 0.452665
0 0.615104 0.325 0.0197917 0.112963 0.453955
0 0.598437 0.331481 0.021875 0.114815 0.45466
0 0.460938 0.339815 0.0260417 0.146296 0.457278
0 0.598958 0.331481 0.0229167 0.114815 0.458933
0 0.108333 0.336111 0.0520833 0.164815 0.459303
0 0.110937 0.337037 0.0447917 0.159259 0.464702
0 0.528125 0.307407 0.0166667 0.0666667 0.466781
0 0.107292 0.335185 0.05 0.159259 0.467775
0 0.528646 0.305556 0.015625 0.0666667 0.469268
0 0.528125 0.308333 0.0166667 0.0722222 0.482926
0 0.110937 0.337963 0.0447917 0.161111 0.48648
24 0.765625 0.331481 0.0395833 0.125926 0.487303
0 0.743229 0.383333 0.0864583 0.355556 0.487571
24 0.765625 0.330556 0.0395833 0.127778 0.491358
0 0.614583 0.331481 0.01875 0.125926 0.500567
0 0.714063 0.382407 0.0447917 0.324074 0.502835
24 0.765625 0.331481 0.0395833 0.118519 0.504062
0 0.366146 0.324074 0.0177083 0.103704 0.505199
0 0.599479 0.335185 0.0239583 0.122222 0.510354
0 0.528125 0.309259 0.0166667 0.0703704 0.511634
0 0.460938 0.339815 0.0239583 0.138889 0.513152
0 0.107813 0.337037 0.0489583 0.159259 0.519048
24 0.766667 0.337037 0.0395833 0.107407 0.520206
0 0.460938 0.339815 0.0239583 0.138889 0.522369
24 0.766667 0.330556 0.0416667 0.131481 0.52356
24 0.765104 0.333333 0.0427083 0.12963 0.528508
24 0.766667 0.336111 0.0395833 0.112963 0.529963
24 0.766667 0.32963 0.0416667 0.122222 0.533039
0 0.528125 0.308333 0.0166667 0.0685185 0.536834
24 0.766146 0.336111 0.040625 0.112963 0.542117
24 0.765625 0.333333 0.0416667 0.12963 0.54468
0 0.108333 0.337037 0.0520833 0.162963 0.54556
24 0.766146 0.32963 0.0427083 0.125926 0.550542
0 0.415625 0.337963 0.0270833 0.142593 0.551747
0 0.711458 0.381481 0.0395833 0.322222 0.555022
0 0.747396 0.386111 0.078125 0.361111 0.558166
0 0.107813 0.337037 0.0489583 0.159259 0.560969
0 0.107813 0.336111 0.0510417 0.157407 0.561727
0 0.748438 0.385185 0.0760417 0.359259 0.564648
0 0.415625 0.337963 0.0270833 0.142593 0.5653
0 0.460938 0.341667 0.0260417 0.146296 0.565982
24 0.765625 0.334259 0.0416667 0.127778 0.56939
0 0.747917 0.386111 0.0770833 0.361111 0.569743
0 0.415104 0.337037 0.028125 0.137037 0.573207
0 0.738542 0.384259 0.0875 0.353704 0.577962
0 0.747917 0.386111 0.0770833 0.361111 0.585828
0 0.10625 0.337963 0.05 0.164815 0.586052
0 0.711458 0.381481 0.0395833 0.318519 0.586398
0 0.460938 0.342593 0.0260417 0.144444 0.587105
0 0.107292 0.335185 0.05 0.159259 0.596664
0 0.711458 0.381481 0.0395833 0.318519 0.601873
0 0.10625 0.337037 0.05 0.166667 0.606004
0 0.745833 0.384259 0.0791667 0.353704 0.608642
0 0.415625 0.334259 0.0270833 0.131481 0.611184
0 0.460938 0.339815 0.0239583 0.146296 0.632409
0 0.10625 0.337037 0.05 0.166667 0.634265
0 0.736458 0.385185 0.08125 0.355556 0.639015
0 0.107292 0.337037 0.05 0.162963 0.64526
0 0.107292 0.335185 0.05 0.159259 0.649398
0 0.747917 0.386111 0.0791667 0.361111 0.650642
0 0.366146 0.325926 0.021875 0.1 0.654382
0 0.461458 0.340741 0.025 0.144444 0.663248
0 0.713021 0.382407 0.0447917 0.327778 0.663884
0 0.366667 0.326852 0.0208333 0.101852 0.664347
0 0.735937 0.385185 0.0822917 0.351852 0.668984
0 0.367188 0.326852 0.0197917 0.101852 0.672267
0 0.367188 0.325926 0.0197917 0.103704 0.673804
0 0.460938 0.339815 0.0239583 0.146296 0.674644
0 0.746875 0.385185 0.0791667 0.355556 0.679166
0 0.735937 0.385185 0.0822917 0.355556 0.681242
0 0.713021 0.382407 0.0447917 0.327778 0.688832
0 0.460938 0.340741 0.0239583 0.144444 0.688896
0 0.366146 0.325926 0.021875 0.103704 0.690435
0 0.366146 0.325926 0.021875 0.103704 0.691126
0 0.416146 0.337037 0.028125 0.140741 0.692191
0 0.107292 0.336111 0.0479167 0.161111 0.6947
0 0.713542 0.381481 0.0458333 0.325926 0.697858
0 0.107813 0.336111 0.0489583 0.161111 0.701561
0 0.366146 0.325 0.0197917 0.105556 0.705714
0 0.415104 0.337037 0.028125 0.148148 0.719778
0 0.416146 0.337037 0.028125 0.140741 0.743001
0 0.365625 0.325926 0.01875 0.103704 0.750305
0 0.415104 0.337037 0.028125 0.148148 0.757301
0 0.416146 0.335185 0.0260417 0.137037 0.761397
0 0.416146 0.335185 0.0260417 0.137037 0.761863
0 0.415625 0.337037 0.0270833 0.140741 0.764809
0 0.415104 0.337037 0.028125 0.148148 0.797945
0 0.365625 0.324074 0.01875 0.1 0.803871
0 0.365104 0.323148 0.0197917 0.101852 0.82051
0 0.365625 0.324074 0.01875 0.103704 0.822538
0 0.415625 0.337037 0.0270833 0.140741 0.844291
0 0.415104 0.337037 0.028125 0.140741 0.853537
