13 0.44375 0.462037 0.04375 0.101852 0.251293
13 0.125521 0.839815 0.251042 0.275926 0.251317
13 0.125521 0.839815 0.251042 0.275926 0.251688
13 0.444792 0.459259 0.0416667 0.107407 0.254167
0 0.305729 0.335185 0.028125 0.0888889 0.254591
13 0.170312 0.848148 0.336458 0.288889 0.25802
13 0.370833 0.59537 0.127083 0.157407 0.258553
0 0.483854 0.334259 0.015625 0.0907407 0.260922
0 0.966667 0.847222 0.0666667 0.257407 0.26096
0 0.0328125 0.293519 0.028125 0.112963 0.261547
13 0.444271 0.462037 0.0427083 0.101852 0.261683
13 0.171354 0.848148 0.338542 0.288889 0.261688
13 0.371354 0.597222 0.128125 0.157407 0.261859
0 0.486458 0.352778 0.0645833 0.131481 0.261939
13 0.444271 0.459259 0.0427083 0.103704 0.263548
13 0.371354 0.59537 0.128125 0.157407 0.263792
0 0.0333333 0.293519 0.0270833 0.112963 0.265958
0 0.966667 0.846296 0.0666667 0.255556 0.268276
0 0.967708 0.676852 0.0645833 0.587037 0.2695
0 0.966667 0.846296 0.0666667 0.255556 0.269542
0 0.483854 0.335185 0.015625 0.0888889 0.269929
13 0.371875 0.582407 0.127083 0.142593 0.270613
13 0.444271 0.462037 0.0427083 0.101852 0.271288
13 0.121354 0.841667 0.240625 0.283333 0.273541
0 0.966667 0.852778 0.0666667 0.257407 0.273945
0 0.966146 0.85 0.0677083 0.259259 0.27757
0 0.966667 0.840741 0.0645833 0.248148 0.278168
0 0.321354 0.333333 0.0260417 0.0740741 0.281939
0 0.325521 0.333333 0.0197917 0.0666667 0.282465
13 0.120833 0.841667 0.239583 0.283333 0.282861
0 0.967188 0.841667 0.065625 0.25 0.28496
0 0.967188 0.839815 0.065625 0.25 0.28517
13 0.371875 0.582407 0.127083 0.142593 0.285449
13 0.369271 0.599074 0.136458 0.172222 0.287159
13 0.371875 0.582407 0.127083 0.142593 0.287394
0 0.966146 0.674074 0.0677083 0.592593 0.299865
0 0.305208 0.335185 0.0270833 0.0888889 0.303074
0 0.320833 0.334259 0.0270833 0.0759259 0.303623
0 0.320833 0.333333 0.0270833 0.0740741 0.309401
0 0.636979 0.362037 0.0302083 0.131481 0.310548
13 0.369792 0.599074 0.135417 0.168519 0.311133
0 0.325 0.330556 0.01875 0.0611111 0.314364
0 0.966667 0.843518 0.0666667 0.253704 0.318229
0 0.488021 0.352778 0.059375 0.131481 0.32305
0 0.966667 0.843518 0.0666667 0.253704 0.32797
0 0.966667 0.849074 0.0666667 0.257407 0.330133
0 0.325 0.330556 0.01875 0.0611111 0.331817
0 0.966667 0.843518 0.0666667 0.253704 0.33188
13 0.118229 0.839815 0.236458 0.275926 0.332342
0 0.500521 0.35 0.0302083 0.12963 0.339053
13 0.118229 0.839815 0.236458 0.275926 0.344646
0 0.325 0.330556 0.01875 0.0611111 0.350409
0 0.488542 0.352778 0.0583333 0.135185 0.353719
0 0.6375 0.362963 0.0291667 0.12963 0.357016
0 0.638021 0.361111 0.0302083 0.137037 0.357453
0 0.638021 0.362037 0.0302083 0.135185 0.368235
0 0.305208 0.337037 0.0270833 0.0888889 0.380138
0 0.00833333 0.360185 0.0166667 0.157407 0.380743
0 0.465625 0.351852 0.0270833 0.133333 0.381766
0 0.00833333 0.360185 0.0166667 0.157407 0.383793
0 0.638542 0.362037 0.0291667 0.135185 0.384542
13 0.370313 0.587037 0.132292 0.148148 0.392333
0 0.503125 0.351852 0.0291667 0.133333 0.393603
0 0.305729 0.335185 0.028125 0.0851852 0.394141
0 0.966146 0.839815 0.0677083 0.25 0.400097
0 0.6375 0.363889 0.0291667 0.131481 0.402195
0 0.6375 0.363889 0.0291667 0.131481 0.405669
0 0.504167 0.350926 0.0270833 0.146296 0.407616
13 0.370833 0.587037 0.13125 0.148148 0.41054
0 0.0078125 0.362963 0.015625 0.148148 0.4117
13 0.370833 0.587037 0.133333 0.148148 0.412997
13 0.369792 0.594444 0.13125 0.155556 0.415243
13 0.369792 0.59537 0.13125 0.157407 0.416757
13 0.369792 0.594444 0.13125 0.159259 0.417271
0 0.636979 0.361111 0.0322917 0.137037 0.423179
0 0.503646 0.35 0.0260417 0.144444 0.423583
0 0.636458 0.361111 0.03125 0.137037 0.428956
0 0.304167 0.336111 0.0270833 0.0833333 0.434913
13 0.369271 0.594444 0.130208 0.166667 0.437864
0 0.0078125 0.363889 0.015625 0.15 0.441612
0 0.304167 0.336111 0.025 0.0833333 0.443205
0 0.305208 0.334259 0.0270833 0.087037 0.453385
13 0.369271 0.590741 0.132292 0.162963 0.45415
0 0.304167 0.336111 0.025 0.0833333 0.457758
0 0.465625 0.347222 0.0291667 0.131481 0.475162
0 0.465625 0.350926 0.0270833 0.135185 0.497303
13 0.369271 0.593518 0.130208 0.161111 0.510141
0 0.603125 0.359259 0.0333333 0.159259 0.515779
0 0.603125 0.359259 0.0333333 0.159259 0.515814
0 0.00885417 0.362037 0.0177083 0.153704 0.527974
13 0.369792 0.589815 0.13125 0.157407 0.529865
0 0.304688 0.337963 0.0260417 0.0833333 0.532716
0 0.00885417 0.362037 0.0177083 0.153704 0.538648
0 0.501042 0.350926 0.03125 0.138889 0.552807
0 0.636458 0.362037 0.03125 0.135185 0.552851
0 0.304688 0.337963 0.0260417 0.0796296 0.560687
0 0.501562 0.350926 0.0302083 0.138889 0.562566
0 0.304688 0.337963 0.0260417 0.0796296 0.564417
0 0.305208 0.337037 0.0270833 0.0851852 0.572348
0 0.00833333 0.360185 0.0166667 0.157407 0.581278
0 0.00885417 0.361111 0.0177083 0.159259 0.586949
0 0.30625 0.335185 0.0270833 0.0851852 0.606727
0 0.305208 0.335185 0.0270833 0.0851852 0.60876
0 0.247396 0.425926 0.0760417 0.414815 0.610959
0 0.465625 0.349074 0.0291667 0.135185 0.618312
0 0.503646 0.352778 0.028125 0.138889 0.622802
0 0.466146 0.348148 0.028125 0.133333 0.625811
0 0.604688 0.360185 0.0322917 0.161111 0.640132
0 0.604688 0.359259 0.0322917 0.162963 0.657827
0 0.503125 0.352778 0.0270833 0.138889 0.658133
0 0.305208 0.337037 0.0270833 0.0851852 0.660089
0 0.6375 0.362963 0.0291667 0.12963 0.665632
0 0.465625 0.352778 0.0270833 0.142593 0.672148
0 0.465625 0.351852 0.0270833 0.140741 0.672589
0 0.503646 0.353704 0.028125 0.137037 0.673871
0 0.465104 0.350926 0.028125 0.146296 0.67582
0 0.247396 0.425 0.078125 0.405556 0.678543
0 0.466146 0.350926 0.028125 0.142593 0.679926
0 0.304688 0.335185 0.0260417 0.0851852 0.683072
0 0.247396 0.425926 0.078125 0.407407 0.684793
0 0.604688 0.359259 0.0322917 0.162963 0.684882
0 0.246875 0.425 0.0770833 0.405556 0.688775
0 0.503125 0.352778 0.0270833 0.138889 0.690157
0 0.465104 0.350926 0.028125 0.146296 0.697599
0 0.304688 0.335185 0.0260417 0.0851852 0.698232
0 0.503646 0.353704 0.028125 0.137037 0.700427
0 0.465104 0.350926 0.028125 0.146296 0.701559
0 0.304688 0.335185 0.0260417 0.0851852 0.703971
0 0.503125 0.351852 0.0291667 0.140741 0.713491
0 0.466146 0.35 0.028125 0.140741 0.722332
0 0.503125 0.351852 0.0291667 0.140741 0.724284
0 0.503646 0.353704 0.028125 0.137037 0.727036
0 0.466146 0.35 0.028125 0.140741 0.727324
0 0.603646 0.357407 0.0302083 0.159259 0.728187
0 0.604167 0.359259 0.0333333 0.159259 0.731569
0 0.604167 0.359259 0.0333333 0.159259 0.733846
0 0.603646 0.357407 0.0302083 0.162963 0.738347
0 0.6375 0.362963 0.03125 0.133333 0.747592
0 0.604167 0.358333 0.0333333 0.157407 0.751019
0 0.6375 0.363889 0.0291667 0.131481 0.757208
0 0.247396 0.426852 0.0760417 0.416667 0.761254
0 0.636458 0.362963 0.03125 0.140741 0.765803
0 0.6375 0.361111 0.03125 0.137037 0.766519
0 0.6375 0.361111 0.03125 0.137037 0.768207
0 0.465625 0.351852 0.0270833 0.140741 0.775778
0 0.636458 0.362963 0.03125 0.140741 0.776694
0 0.466146 0.350926 0.028125 0.138889 0.780999
0 0.604688 0.358333 0.0322917 0.161111 0.786269
0 0.604688 0.358333 0.0322917 0.164815 0.790505
0 0.604688 0.359259 0.0322917 0.162963 0.790848
0 0.6375 0.361111 0.03125 0.137037 0.791555
0 0.245833 0.425926 0.0770833 0.403704 0.7924
0 0.604167 0.359259 0.0333333 0.162963 0.799842
0 0.604167 0.359259 0.0333333 0.162963 0.80173
0 0.245833 0.425926 0.0770833 0.403704 0.802158
0 0.6375 0.362037 0.03125 0.135185 0.824711
0 0.6375 0.362037 0.03125 0.135185 0.825668
0 0.246875 0.427778 0.075 0.411111 0.826172
0 0.246875 0.426852 0.075 0.409259 0.836191
0 0.6375 0.361111 0.03125 0.137037 0.840051
0 0.246875 0.42963 0.075 0.407407 0.860077
0 0.246875 0.430556 0.075 0.409259 0.865937
0 0.246875 0.430556 0.075 0.409259 0.866775
0 0.247917 0.430556 0.075 0.405556 0.887413
0 0.247917 0.431481 0.075 0.407407 0.88966
0 0.247917 0.431481 0.075 0.411111 0.893492
