0 0.834375 0.386111 0.0291667 0.142593 0.250143
0 0.498437 0.371296 0.021875 0.101852 0.253519
0 0.832812 0.393519 0.0260417 0.153704 0.253767
0 0.292708 0.371296 0.0229167 0.109259 0.253951
0 0.834896 0.384259 0.028125 0.135185 0.2548
13 0.432813 0.599074 0.184375 0.112963 0.255042
0 0.315625 0.356481 0.0229167 0.0574074 0.255131
36 0.975521 0.809259 0.046875 0.0592593 0.257028
0 0.498437 0.37037 0.021875 0.0962963 0.258372
13 0.432813 0.599074 0.184375 0.112963 0.262895
36 0.975521 0.809259 0.046875 0.0592593 0.263631
0 0.441146 0.367593 0.0239583 0.109259 0.26574
0 0.441146 0.367593 0.0239583 0.112963 0.269639
13 0.390104 0.447222 0.0802083 0.0796296 0.270013
36 0.975521 0.808333 0.0489583 0.0611111 0.272137
0 0.498437 0.37037 0.021875 0.1 0.273909
0 0.293229 0.372222 0.0260417 0.0925926 0.274259
13 0.399479 0.442593 0.0947917 0.0814815 0.275035
0 0.403125 0.344444 0.01875 0.0851852 0.276113
0 0.41875 0.34537 0.0166667 0.0796296 0.276159
13 0.399479 0.441667 0.0947917 0.0796296 0.278014
0 0.972396 0.576852 0.0552083 0.557407 0.279039
13 0.390625 0.45 0.0875 0.0777778 0.281269
0 0.500521 0.366667 0.0177083 0.0851852 0.28264
0 0.441146 0.367593 0.0239583 0.112963 0.283787
0 0.402604 0.344444 0.0177083 0.0814815 0.285353
0 0.402604 0.344444 0.0177083 0.0851852 0.286349
0 0.5 0.366667 0.01875 0.0851852 0.291096
36 0.975521 0.808333 0.0489583 0.0611111 0.292432
13 0.390625 0.449074 0.0875 0.0759259 0.292599
0 0.418229 0.347222 0.0177083 0.0796296 0.292959
0 0.0619792 0.434259 0.0510417 0.22037 0.29684
0 0.402083 0.347222 0.0166667 0.0796296 0.296895
36 0.976562 0.815741 0.046875 0.0574074 0.29876
0 0.285417 0.375 0.0208333 0.0944444 0.301473
0 0.500521 0.366667 0.0177083 0.0851852 0.302103
36 0.976042 0.809259 0.0479167 0.062963 0.303526
0 0.403125 0.34537 0.0166667 0.0796296 0.303667
0 0.501562 0.368519 0.0177083 0.0925926 0.305758
13 0.431771 0.598148 0.186458 0.114815 0.30651
0 0.41875 0.346296 0.0166667 0.0777778 0.307372
0 0.285417 0.375926 0.0208333 0.0962963 0.308997
36 0.976562 0.808333 0.046875 0.0648148 0.310713
36 0.976042 0.814815 0.0479167 0.0592593 0.312792
36 0.976562 0.810185 0.046875 0.0648148 0.313381
0 0.41875 0.348148 0.0166667 0.0777778 0.314557
36 0.975521 0.813889 0.046875 0.0574074 0.315888
36 0.976042 0.808333 0.0479167 0.0648148 0.316082
13 0.391667 0.44537 0.0979167 0.0833333 0.316698
0 0.0625 0.434259 0.05 0.216667 0.317618
0 0.402604 0.34537 0.0177083 0.0833333 0.318041
36 0.976042 0.814815 0.0479167 0.0592593 0.320255
0 0.402604 0.34537 0.0177083 0.0796296 0.320604
0 0.290625 0.374074 0.0229167 0.107407 0.324116
13 0.395312 0.444444 0.0947917 0.0814815 0.325869
0 0.0140625 0.427778 0.028125 0.174074 0.327736
0 0.285417 0.375926 0.0208333 0.0962963 0.331059
0 0.441146 0.362963 0.028125 0.111111 0.333131
36 0.976562 0.809259 0.046875 0.0666667 0.335722
36 0.976042 0.813889 0.0479167 0.0537037 0.339299
0 0.41875 0.346296 0.0166667 0.0777778 0.339843
0 0.833333 0.387963 0.0270833 0.146296 0.342037
0 0.0140625 0.427778 0.028125 0.174074 0.34226
0 0.41875 0.348148 0.0166667 0.0777778 0.343441
0 0.441667 0.364815 0.0270833 0.118519 0.343788
13 0.391667 0.444444 0.0958333 0.0851852 0.344267
36 0.976042 0.813889 0.0479167 0.0574074 0.34472
13 0.392708 0.444444 0.0875 0.0814815 0.345344
0 0.440625 0.359259 0.0270833 0.122222 0.346883
0 0.440625 0.360185 0.0270833 0.12037 0.347411
0 0.290625 0.375926 0.0229167 0.103704 0.347851
36 0.976042 0.812963 0.0479167 0.0592593 0.350533
13 0.392708 0.444444 0.0875 0.0814815 0.353866
0 0.0140625 0.427778 0.028125 0.174074 0.353958
36 0.976042 0.812037 0.0479167 0.0574074 0.355851
0 0.833333 0.387963 0.0270833 0.146296 0.35665
0 0.492708 0.372222 0.0291667 0.1 0.377522
0 0.440625 0.361111 0.025 0.118519 0.389437
36 0.976562 0.812037 0.046875 0.0611111 0.389557
0 0.832292 0.389815 0.025 0.15 0.389968
0 0.440625 0.361111 0.0229167 0.118519 0.400743
0 0.492708 0.372222 0.0291667 0.103704 0.40461
0 0.832812 0.388889 0.028125 0.140741 0.406993
0 0.290625 0.375 0.0208333 0.101852 0.412551
0 0.492708 0.371296 0.0291667 0.101852 0.413798
0 0.440625 0.359259 0.025 0.118519 0.414717
0 0.339583 0.35463 0.0208333 0.0685185 0.415733
0 0.290625 0.375926 0.0208333 0.103704 0.416665
36 0.976562 0.812037 0.046875 0.0611111 0.41687
0 0.5 0.368519 0.01875 0.0925926 0.416907
0 0.833333 0.388889 0.0270833 0.140741 0.418335
0 0.440625 0.361111 0.025 0.118519 0.419064
0 0.832292 0.389815 0.025 0.15 0.420473
0 0.441146 0.362963 0.0260417 0.111111 0.425434
0 0.0135417 0.432407 0.0270833 0.172222 0.42556
0 0.483854 0.371296 0.0197917 0.116667 0.427943
0 0.339063 0.353704 0.0197917 0.0703704 0.430153
0 0.290625 0.375926 0.0208333 0.103704 0.430499
0 0.833854 0.388889 0.028125 0.144444 0.436584
0 0.0135417 0.432407 0.0270833 0.175926 0.442594
0 0.336979 0.353704 0.0239583 0.0703704 0.454768
0 0.441146 0.364815 0.0260417 0.118519 0.454978
0 0.336979 0.353704 0.0239583 0.0703704 0.456011
0 0.0135417 0.440741 0.0270833 0.181481 0.457888
0 0.0140625 0.440741 0.028125 0.181481 0.459788
0 0.053125 0.430556 0.0604167 0.22037 0.461486
0 0.833854 0.387963 0.028125 0.142593 0.469155
0 0.499479 0.368519 0.0177083 0.0888889 0.47372
0 0.833333 0.388889 0.0270833 0.140741 0.477963
0 0.338542 0.353704 0.0229167 0.0703704 0.478937
0 0.336979 0.35463 0.0239583 0.0685185 0.480761
0 0.338021 0.35463 0.021875 0.0685185 0.483116
0 0.338542 0.353704 0.0229167 0.0703704 0.483498
0 0.059375 0.42963 0.05 0.218519 0.490305
0 0.499479 0.369444 0.0177083 0.0907407 0.495241
0 0.546354 0.394444 0.0302083 0.151852 0.500699
0 0.833333 0.388889 0.0270833 0.144444 0.504196
0 0.971354 0.552778 0.0572917 0.546296 0.505651
0 0.499479 0.369444 0.0177083 0.0907407 0.506542
0 0.545833 0.394444 0.0291667 0.151852 0.508106
0 0.0140625 0.440741 0.028125 0.181481 0.509724
0 0.338542 0.35463 0.0229167 0.0685185 0.512378
0 0.971354 0.552778 0.0572917 0.546296 0.519732
0 0.0541667 0.431481 0.0583333 0.218519 0.523204
0 0.059375 0.428704 0.05 0.216667 0.523234
0 0.601042 0.382407 0.03125 0.175926 0.529364
0 0.0567708 0.426852 0.053125 0.212963 0.530314
0 0.601042 0.381481 0.03125 0.174074 0.540381
0 0.0536458 0.431481 0.0572917 0.222222 0.547843
0 0.483854 0.373148 0.021875 0.109259 0.549734
0 0.195312 0.392593 0.0260417 0.114815 0.553636
0 0.544792 0.393519 0.0291667 0.153704 0.555034
0 0.483333 0.371296 0.0208333 0.112963 0.564316
0 0.545313 0.393519 0.0302083 0.153704 0.573667
0 0.0567708 0.427778 0.053125 0.214815 0.580327
0 0.194792 0.392593 0.0270833 0.114815 0.581163
0 0.544792 0.392593 0.0291667 0.155556 0.585717
0 0.0145833 0.432407 0.0291667 0.183333 0.591071
0 0.483333 0.371296 0.0208333 0.116667 0.597832
0 0.483333 0.372222 0.0208333 0.118519 0.601867
0 0.441667 0.363889 0.025 0.109259 0.60627
0 0.484375 0.375 0.0229167 0.112963 0.606626
0 0.544792 0.391667 0.0291667 0.15 0.61746
0 0.0145833 0.433333 0.0291667 0.185185 0.619562
0 0.545313 0.391667 0.028125 0.15 0.620874
0 0.195833 0.39537 0.0270833 0.116667 0.633991
0 0.059375 0.430556 0.05 0.216667 0.637304
0 0.195312 0.39537 0.0260417 0.116667 0.638441
0 0.0567708 0.426852 0.053125 0.212963 0.642764
0 0.441146 0.363889 0.0239583 0.116667 0.643658
0 0.059375 0.42963 0.05 0.218519 0.645949
0 0.195312 0.392593 0.0260417 0.114815 0.652956
0 0.482812 0.373148 0.0197917 0.112963 0.653576
0 0.482812 0.373148 0.0197917 0.112963 0.657083
0 0.482812 0.373148 0.0197917 0.112963 0.658036
0 0.195833 0.394444 0.025 0.114815 0.66109
0 0.195312 0.391667 0.0260417 0.112963 0.667458
0 0.0572917 0.42963 0.0520833 0.214815 0.678652
0 0.0140625 0.435185 0.028125 0.181481 0.68133
0 0.0140625 0.436111 0.028125 0.183333 0.68409
0 0.545313 0.392593 0.0302083 0.151852 0.686732
0 0.195312 0.391667 0.028125 0.112963 0.688506
0 0.441146 0.364815 0.0260417 0.114815 0.693247
0 0.0140625 0.437037 0.028125 0.177778 0.694134
0 0.545313 0.392593 0.0302083 0.151852 0.698009
0 0.05625 0.42963 0.0520833 0.218519 0.70333
0 0.441667 0.364815 0.025 0.111111 0.70573
0 0.0140625 0.437037 0.028125 0.177778 0.707132
0 0.194792 0.391667 0.0270833 0.116667 0.708155
0 0.601042 0.381481 0.03125 0.162963 0.708416
0 0.195833 0.393519 0.0270833 0.112963 0.709093
0 0.0572917 0.42963 0.0520833 0.214815 0.717559
0 0.441146 0.364815 0.0239583 0.111111 0.717692
0 0.441667 0.363889 0.025 0.112963 0.719244
0 0.0135417 0.437037 0.0270833 0.177778 0.720945
0 0.194792 0.392593 0.0270833 0.114815 0.720949
0 0.545313 0.392593 0.0302083 0.151852 0.721632
0 0.601042 0.381481 0.03125 0.162963 0.722031
0 0.0135417 0.437037 0.0270833 0.177778 0.724332
0 0.601042 0.381481 0.03125 0.162963 0.727067
0 0.545313 0.392593 0.0302083 0.151852 0.729873
0 0.545313 0.392593 0.0302083 0.151852 0.730322
0 0.545313 0.392593 0.028125 0.155556 0.731556
0 0.441146 0.363889 0.0239583 0.112963 0.736409
0 0.0578125 0.42963 0.053125 0.214815 0.737607
0 0.195312 0.393519 0.0260417 0.112963 0.739285
0 0.441667 0.363889 0.025 0.112963 0.741953
0 0.0140625 0.436111 0.028125 0.183333 0.742671
0 0.545313 0.391667 0.028125 0.153704 0.743618
0 0.0578125 0.42963 0.053125 0.214815 0.747611
0 0.972917 0.565741 0.0541667 0.553704 0.749456
0 0.545313 0.391667 0.0302083 0.15 0.753657
0 0.195312 0.393519 0.0260417 0.112963 0.756142
0 0.195312 0.392593 0.0260417 0.114815 0.757566
0 0.972917 0.562963 0.0541667 0.559259 0.76153
0 0.0572917 0.42963 0.0520833 0.214815 0.769465
0 0.971875 0.563889 0.05625 0.542593 0.771524
0 0.195833 0.392593 0.0270833 0.114815 0.773155
0 0.195312 0.393519 0.0260417 0.116667 0.775858
0 0.195312 0.392593 0.0260417 0.118519 0.77819
0 0.0578125 0.428704 0.0510417 0.224074 0.78011
0 0.0572917 0.428704 0.0520833 0.22037 0.784317
0 0.972917 0.564815 0.0541667 0.548148 0.785619
0 0.972396 0.563889 0.0552083 0.542593 0.786464
0 0.195312 0.393519 0.0260417 0.116667 0.801701
0 0.601042 0.37963 0.03125 0.162963 0.80683
0 0.601042 0.37963 0.03125 0.166667 0.811293
0 0.972917 0.562963 0.0541667 0.555556 0.815712
0 0.601042 0.37963 0.03125 0.162963 0.818896
0 0.972396 0.566667 0.0552083 0.548148 0.818935
0 0.601042 0.380556 0.03125 0.164815 0.830896
0 0.601042 0.37963 0.03125 0.162963 0.842111
0 0.601042 0.381481 0.03125 0.162963 0.850143
0 0.601042 0.381481 0.03125 0.162963 0.854341
0 0.601042 0.381481 0.03125 0.166667 0.863089
0 0.600521 0.380556 0.0322917 0.164815 0.879404
0 0.600521 0.380556 0.0322917 0.168519 0.879567
