0 0.666667 0.349074 0.0291667 0.135185 0.252151
0 0.332812 0.350926 0.015625 0.0722222 0.257131
0 0.495313 0.380556 0.0302083 0.131481 0.258318
0 0.376042 0.35 0.0125 0.0592593 0.266839
0 0.693229 0.405556 0.053125 0.27037 0.268418
0 0.167187 0.503704 0.148958 0.477778 0.268492
0 0.342708 0.360185 0.03125 0.0907407 0.269781
0 0.703646 0.375926 0.0385417 0.155556 0.27187
0 0.207813 0.427778 0.0364583 0.233333 0.27429
0 0.614062 0.372222 0.028125 0.125926 0.274788
0 0.166667 0.498148 0.14375 0.474074 0.276399
0 0.170833 0.496296 0.154167 0.451852 0.281171
0 0.383333 0.353704 0.0166667 0.0703704 0.28257
24 0.70625 0.362963 0.0333333 0.111111 0.283738
0 0.383333 0.351852 0.0166667 0.0703704 0.284499
0 0.169271 0.496296 0.144792 0.462963 0.286578
0 0.526042 0.352778 0.01875 0.0759259 0.294425
0 0.167187 0.497222 0.144792 0.472222 0.296505
0 0.527083 0.353704 0.01875 0.0777778 0.298521
0 0.208333 0.426852 0.0375 0.238889 0.299653
0 0.44375 0.380556 0.0270833 0.15 0.305594
0 0.529688 0.35 0.015625 0.0703704 0.306133
0 0.444271 0.37963 0.028125 0.151852 0.308316
0 0.385417 0.352778 0.0145833 0.0648148 0.309277
0 0.167187 0.510185 0.144792 0.475926 0.313983
0 0.614062 0.373148 0.028125 0.127778 0.315644
0 0.495833 0.381481 0.0291667 0.12963 0.315961
0 0.613542 0.373148 0.0270833 0.127778 0.316634
0 0.701563 0.398148 0.0447917 0.251852 0.316777
0 0.610937 0.374074 0.0302083 0.133333 0.323875
0 0.169271 0.496296 0.146875 0.451852 0.325573
0 0.499479 0.381481 0.0260417 0.122222 0.325838
0 0.526563 0.35 0.015625 0.0703704 0.326061
0 0.526563 0.351852 0.0197917 0.0777778 0.33121
24 0.70625 0.362963 0.0333333 0.107407 0.331795
0 0.700521 0.384259 0.0447917 0.198148 0.333467
0 0.385417 0.352778 0.0145833 0.0648148 0.336426
0 0.526563 0.352778 0.0177083 0.0759259 0.337531
0 0.610937 0.375 0.0302083 0.131481 0.339333
0 0.442708 0.375926 0.0291667 0.144444 0.348415
0 0.382812 0.353704 0.015625 0.0666667 0.349586
0 0.442708 0.375926 0.0291667 0.144444 0.349767
0 0.529688 0.348148 0.015625 0.0703704 0.366259
0 0.499479 0.381481 0.0260417 0.125926 0.367937
0 0.332292 0.352778 0.0166667 0.0759259 0.369562
0 0.611458 0.374074 0.0291667 0.12963 0.370237
0 0.499479 0.381481 0.0260417 0.125926 0.371077
0 0.204688 0.431481 0.0385417 0.237037 0.374919
0 0.201562 0.425926 0.034375 0.22963 0.375232
0 0.382812 0.353704 0.015625 0.0666667 0.382248
0 0.443229 0.375 0.028125 0.135185 0.384994
0 0.44375 0.374074 0.0291667 0.137037 0.390748
0 0.202083 0.425926 0.0354167 0.237037 0.393301
0 0.496354 0.384259 0.028125 0.135185 0.405122
0 0.445312 0.378704 0.0260417 0.131481 0.415169
0 0.333333 0.350926 0.0166667 0.0722222 0.417726
0 0.443229 0.376852 0.028125 0.138889 0.424057
0 0.496875 0.383333 0.0291667 0.133333 0.424319
0 0.66875 0.400926 0.0333333 0.25 0.424878
0 0.332812 0.35 0.0177083 0.0740741 0.427197
0 0.689583 0.4 0.0604167 0.266667 0.43453
0 0.167708 0.508333 0.145833 0.487037 0.439263
0 0.66875 0.400926 0.0333333 0.246296 0.442236
0 0.668229 0.401852 0.0322917 0.248148 0.445772
0 0.494271 0.380556 0.028125 0.127778 0.449496
0 0.167708 0.509259 0.145833 0.485185 0.451268
0 0.613542 0.373148 0.0291667 0.135185 0.451934
0 0.383333 0.351852 0.0145833 0.0666667 0.453032
0 0.333333 0.350926 0.0166667 0.0722222 0.453761
0 0.529167 0.35 0.0145833 0.0703704 0.454524
0 0.528125 0.350926 0.0166667 0.0685185 0.460541
0 0.495833 0.383333 0.0270833 0.133333 0.462741
0 0.353125 0.369444 0.01875 0.101852 0.466301
0 0.351042 0.367593 0.0229167 0.101852 0.467145
0 0.6875 0.401852 0.0625 0.262963 0.46868
0 0.495313 0.382407 0.0239583 0.124074 0.479112
0 0.204688 0.432407 0.0385417 0.246296 0.482639
0 0.20625 0.427778 0.0354167 0.240741 0.483175
0 0.496875 0.383333 0.0291667 0.133333 0.485503
0 0.613542 0.372222 0.0291667 0.133333 0.48581
0 0.496354 0.385185 0.0239583 0.12963 0.486692
0 0.353125 0.369444 0.01875 0.105556 0.488232
0 0.496354 0.385185 0.0239583 0.12963 0.492254
0 0.529167 0.349074 0.0145833 0.0685185 0.492394
0 0.496354 0.385185 0.0239583 0.12963 0.495269
0 0.20625 0.427778 0.0354167 0.240741 0.498822
0 0.613542 0.373148 0.0291667 0.135185 0.5019
0 0.20625 0.426852 0.0354167 0.238889 0.504419
0 0.353125 0.369444 0.01875 0.105556 0.505316
0 0.688542 0.403704 0.0604167 0.262963 0.509795
0 0.686979 0.401852 0.0614583 0.262963 0.515367
0 0.496354 0.383333 0.028125 0.133333 0.525506
0 0.495313 0.382407 0.0239583 0.127778 0.533352
0 0.352083 0.366667 0.01875 0.107407 0.536727
0 0.495313 0.382407 0.0239583 0.127778 0.539751
0 0.529167 0.349074 0.0145833 0.0685185 0.541629
0 0.669792 0.400926 0.0354167 0.242593 0.544053
0 0.688542 0.403704 0.0583333 0.262963 0.551838
0 0.670313 0.401852 0.0364583 0.244444 0.562014
0 0.529167 0.349074 0.0145833 0.0685185 0.564389
0 0.496354 0.384259 0.0260417 0.135185 0.572368
0 0.205729 0.427778 0.0364583 0.237037 0.579964
0 0.686979 0.402778 0.0614583 0.264815 0.580822
0 0.670313 0.400926 0.0364583 0.242593 0.583679
0 0.444792 0.378704 0.025 0.138889 0.587807
0 0.444792 0.37963 0.025 0.140741 0.592046
0 0.669792 0.399074 0.0333333 0.253704 0.610313
0 0.204167 0.428704 0.0375 0.246296 0.615311
0 0.204167 0.42963 0.0375 0.248148 0.625704
0 0.204167 0.42963 0.0375 0.248148 0.62617
0 0.167187 0.505556 0.144792 0.481481 0.632181
0 0.444792 0.377778 0.0291667 0.144444 0.647431
0 0.689583 0.401852 0.0583333 0.262963 0.652141
0 0.166146 0.50463 0.142708 0.483333 0.653731
0 0.690104 0.401852 0.059375 0.262963 0.653782
0 0.166146 0.506481 0.142708 0.483333 0.655703
0 0.690104 0.401852 0.059375 0.262963 0.670487
0 0.205208 0.426852 0.0375 0.242593 0.679324
0 0.204688 0.42963 0.0364583 0.244444 0.684672
0 0.204688 0.430556 0.0364583 0.242593 0.687082
0 0.204688 0.42963 0.0364583 0.244444 0.690948
0 0.166146 0.503704 0.144792 0.474074 0.695106
0 0.352604 0.369444 0.0197917 0.105556 0.698405
0 0.444792 0.377778 0.0291667 0.144444 0.704467
0 0.6125 0.375926 0.0291667 0.12963 0.705386
0 0.444271 0.37963 0.028125 0.148148 0.707111
0 0.44375 0.377778 0.0291667 0.148148 0.707932
0 0.444792 0.378704 0.0291667 0.146296 0.710187
0 0.444271 0.37963 0.028125 0.148148 0.726896
0 0.352604 0.369444 0.0197917 0.109259 0.73073
0 0.6125 0.375 0.0291667 0.131481 0.733904
0 0.6125 0.376852 0.0291667 0.131481 0.734814
0 0.444271 0.378704 0.028125 0.146296 0.736227
0 0.352604 0.369444 0.0197917 0.109259 0.739929
0 0.6125 0.375926 0.0291667 0.12963 0.742139
0 0.680208 0.400926 0.0458333 0.268519 0.743436
0 0.6125 0.376852 0.0291667 0.131481 0.745127
0 0.444271 0.376852 0.028125 0.15 0.755824
0 0.6125 0.375926 0.0291667 0.133333 0.762944
0 0.6125 0.375 0.0291667 0.131481 0.764859
0 0.6125 0.375926 0.0291667 0.12963 0.770828
0 0.352083 0.367593 0.01875 0.105556 0.772589
0 0.444271 0.377778 0.028125 0.148148 0.789216
0 0.692708 0.40463 0.0541667 0.272222 0.793785
0 0.352083 0.367593 0.01875 0.101852 0.793917
0 0.6125 0.375926 0.0291667 0.12963 0.804799
0 0.166667 0.50463 0.145833 0.483333 0.805672
0 0.167187 0.50463 0.146875 0.483333 0.812638
0 0.6125 0.375926 0.0291667 0.12963 0.813643
0 0.352083 0.366667 0.01875 0.103704 0.814255
0 0.352083 0.366667 0.01875 0.103704 0.816025
0 0.6125 0.375 0.0291667 0.131481 0.829101
0 0.6125 0.375 0.0291667 0.131481 0.830996
0 0.44375 0.376852 0.0291667 0.146296 0.836323
0 0.44375 0.376852 0.0291667 0.142593 0.845916
0 0.167187 0.503704 0.142708 0.477778 0.855733
0 0.167187 0.503704 0.144792 0.485185 0.877788
0 0.167187 0.503704 0.146875 0.492593 0.883426
0 0.167187 0.503704 0.142708 0.474074 0.889094
0 0.166146 0.503704 0.140625 0.477778 0.906806
0 0.166146 0.503704 0.140625 0.477778 0.907396
