13 0.358854 0.609259 0.146875 0.17037 0.251578
13 0.359375 0.59537 0.141667 0.175926 0.253704
0 0.301562 0.335185 0.028125 0.0888889 0.256344
0 0.0317708 0.289815 0.0302083 0.124074 0.258772
0 0.461458 0.352778 0.0270833 0.142593 0.261279
0 0.0317708 0.289815 0.0302083 0.124074 0.263831
0 0.0307292 0.289815 0.0322917 0.12037 0.266142
0 0.0317708 0.288889 0.0302083 0.122222 0.26652
0 0.480729 0.337963 0.0135417 0.0833333 0.270188
13 0.359896 0.608333 0.144792 0.17963 0.270973
13 0.179688 0.87963 0.317708 0.233333 0.271333
0 0.0317708 0.289815 0.0302083 0.124074 0.274851
13 0.180208 0.87963 0.316667 0.233333 0.276276
0 0.979688 0.812037 0.040625 0.368519 0.278154
0 0.979688 0.811111 0.040625 0.37037 0.279212
13 0.292188 0.440741 0.0864583 0.122222 0.28092
0 0.980729 0.811111 0.0385417 0.37037 0.282223
13 0.360417 0.594444 0.141667 0.17037 0.282475
13 0.359375 0.603704 0.145833 0.166667 0.285505
0 0.0322917 0.288889 0.03125 0.122222 0.285988
13 0.291667 0.444444 0.0916667 0.125926 0.29075
13 0.292708 0.444444 0.0895833 0.12963 0.294462
13 0.291146 0.443519 0.090625 0.124074 0.294813
13 0.359375 0.60463 0.145833 0.164815 0.297241
0 0.498437 0.350926 0.0302083 0.127778 0.29868
13 0.359375 0.60463 0.147917 0.161111 0.300212
0 0.298958 0.334259 0.0229167 0.0833333 0.304053
13 0.291667 0.443519 0.0916667 0.124074 0.30514
13 0.292188 0.442593 0.0864583 0.122222 0.307521
0 0.493229 0.351852 0.0489583 0.12963 0.310054
0 0.557292 0.32963 0.0145833 0.0518519 0.312367
13 0.291146 0.442593 0.0885417 0.125926 0.313981
0 0.300521 0.336111 0.0260417 0.0944444 0.314878
0 0.555208 0.327778 0.0145833 0.0481481 0.3149
13 0.360417 0.605556 0.14375 0.17037 0.316264
13 0.293229 0.444444 0.090625 0.12963 0.317347
0 0.556771 0.330556 0.015625 0.0537037 0.317807
0 0.556771 0.328704 0.015625 0.05 0.320635
0 0.0322917 0.288889 0.0291667 0.122222 0.322737
0 0.555208 0.327778 0.0145833 0.0481481 0.323453
13 0.291146 0.442593 0.0885417 0.125926 0.327204
13 0.291146 0.442593 0.0885417 0.125926 0.330154
0 0.03125 0.288889 0.0291667 0.122222 0.331852
0 0.557292 0.32963 0.0145833 0.0518519 0.332717
0 0.03125 0.289815 0.0291667 0.12037 0.337427
0 0.55625 0.32963 0.0145833 0.0518519 0.344099
13 0.291667 0.439815 0.0875 0.127778 0.346376
0 0.03125 0.288889 0.0291667 0.122222 0.348308
0 0.556771 0.32963 0.015625 0.0481481 0.352398
0 0.464583 0.347222 0.0291667 0.127778 0.353275
0 0.301042 0.336111 0.0270833 0.0907407 0.354617
0 0.494792 0.352778 0.04375 0.131481 0.355459
0 0.502083 0.351852 0.0270833 0.133333 0.364004
0 0.323438 0.327778 0.0197917 0.0666667 0.367396
0 0.55625 0.32963 0.0166667 0.0518519 0.387479
0 0.55625 0.330556 0.0145833 0.05 0.388431
0 0.495313 0.352778 0.0427083 0.131481 0.391068
0 0.322917 0.327778 0.0208333 0.0666667 0.391583
0 0.322396 0.328704 0.0197917 0.0796296 0.402109
0 0.556771 0.32963 0.015625 0.0481481 0.406911
0 0.504167 0.35 0.025 0.140741 0.407871
0 0.323438 0.327778 0.0197917 0.0666667 0.408741
0 0.503646 0.349074 0.0260417 0.138889 0.411768
0 0.322396 0.327778 0.0197917 0.0777778 0.428296
0 0.464583 0.349074 0.0291667 0.131481 0.431059
0 0.502604 0.351852 0.028125 0.133333 0.433485
0 0.464063 0.349074 0.028125 0.131481 0.434795
0 0.322396 0.330556 0.0197917 0.0722222 0.439902
0 0.322396 0.327778 0.0197917 0.0777778 0.453156
0 0.502083 0.351852 0.0270833 0.133333 0.47822
0 0.322917 0.32963 0.0208333 0.0777778 0.478245
0 0.55625 0.32963 0.0145833 0.0481481 0.478329
0 0.463542 0.352778 0.0270833 0.135185 0.47884
0 0.308333 0.333333 0.03125 0.0851852 0.480169
0 0.302083 0.337037 0.025 0.0851852 0.481084
0 0.498437 0.350926 0.0302083 0.138889 0.486107
0 0.498437 0.350926 0.0302083 0.138889 0.497581
0 0.55625 0.32963 0.0145833 0.0481481 0.497645
0 0.322917 0.330556 0.0208333 0.0759259 0.51613
0 0.608854 0.362037 0.0385417 0.157407 0.519825
0 0.322917 0.330556 0.0208333 0.0759259 0.519992
0 0.302083 0.337037 0.025 0.0851852 0.523779
0 0.463021 0.352778 0.028125 0.135185 0.523909
0 0.302083 0.337037 0.025 0.0851852 0.529021
0 0.502083 0.351852 0.0270833 0.133333 0.544248
0 0.608333 0.362037 0.0395833 0.157407 0.550915
0 0.502604 0.353704 0.028125 0.133333 0.552276
0 0.301562 0.335185 0.0260417 0.0888889 0.575515
0 0.607813 0.362037 0.0385417 0.157407 0.583944
0 0.634375 0.359259 0.0291667 0.133333 0.594071
0 0.300521 0.336111 0.0260417 0.087037 0.604371
0 0.502083 0.350926 0.0270833 0.138889 0.623282
0 0.502604 0.353704 0.028125 0.133333 0.625525
0 0.300521 0.335185 0.0260417 0.0851852 0.62808
0 0.300521 0.335185 0.0260417 0.0851852 0.636916
0 0.635417 0.361111 0.0291667 0.12963 0.640838
0 0.502083 0.351852 0.0270833 0.137037 0.642758
0 0.604688 0.362037 0.0322917 0.157407 0.649069
0 0.604167 0.362037 0.0333333 0.157407 0.652875
0 0.502604 0.353704 0.028125 0.133333 0.653031
0 0.603646 0.359259 0.0302083 0.159259 0.664308
0 0.634896 0.362963 0.028125 0.133333 0.671377
0 0.604167 0.362037 0.0333333 0.157407 0.678199
0 0.603646 0.360185 0.0302083 0.161111 0.679026
0 0.634375 0.360185 0.0291667 0.138889 0.682261
0 0.603125 0.361111 0.0333333 0.159259 0.682796
0 0.633854 0.360185 0.028125 0.138889 0.684082
0 0.602604 0.361111 0.0322917 0.159259 0.684661
0 0.635417 0.362037 0.0291667 0.131481 0.700218
0 0.463542 0.352778 0.0291667 0.142593 0.707105
0 0.302083 0.335185 0.025 0.0888889 0.708541
0 0.300521 0.335185 0.0239583 0.0888889 0.708706
0 0.635417 0.362037 0.0291667 0.131481 0.709612
0 0.635417 0.361111 0.0291667 0.137037 0.716552
0 0.463021 0.352778 0.028125 0.146296 0.71683
0 0.302083 0.334259 0.025 0.087037 0.726826
0 0.463542 0.353704 0.0291667 0.140741 0.728417
0 0.463021 0.352778 0.028125 0.146296 0.733858
0 0.463021 0.352778 0.028125 0.146296 0.736774
0 0.301562 0.334259 0.0260417 0.087037 0.738442
0 0.635417 0.361111 0.0291667 0.137037 0.751125
0 0.463021 0.352778 0.028125 0.138889 0.75297
0 0.463542 0.352778 0.0291667 0.142593 0.753117
0 0.463021 0.351852 0.028125 0.140741 0.757167
0 0.605208 0.360185 0.03125 0.161111 0.761414
0 0.635417 0.362037 0.0270833 0.135185 0.761589
0 0.604688 0.362037 0.0322917 0.161111 0.761704
0 0.463542 0.351852 0.0291667 0.140741 0.762477
0 0.604688 0.361111 0.0322917 0.162963 0.766241
0 0.209896 0.444444 0.107292 0.448148 0.767712
0 0.463542 0.352778 0.0291667 0.138889 0.768976
0 0.209375 0.444444 0.10625 0.448148 0.773558
0 0.635938 0.362037 0.028125 0.135185 0.774993
0 0.604688 0.362037 0.0322917 0.161111 0.775823
0 0.604688 0.362037 0.0322917 0.161111 0.782155
0 0.209896 0.444444 0.105208 0.440741 0.785699
0 0.634896 0.362963 0.028125 0.137037 0.803275
0 0.635938 0.361111 0.028125 0.137037 0.806212
0 0.634896 0.362963 0.028125 0.137037 0.811708
0 0.209375 0.439815 0.108333 0.45 0.813054
0 0.208854 0.439815 0.107292 0.442593 0.814739
0 0.208854 0.439815 0.107292 0.446296 0.829882
0 0.635417 0.362037 0.0270833 0.135185 0.832075
0 0.209375 0.442593 0.10625 0.448148 0.835694
0 0.209375 0.441667 0.10625 0.446296 0.875061
0 0.209896 0.438889 0.107292 0.444444 0.887639
0 0.209375 0.438889 0.10625 0.444444 0.908331
0 0.208854 0.443519 0.105208 0.45 0.915488
0 0.208854 0.443519 0.105208 0.45 0.91748
0 0.209375 0.444444 0.104167 0.448148 0.922172
0 0.209375 0.443519 0.104167 0.446296 0.924064
0 0.209375 0.443519 0.104167 0.446296 0.925716
