0 0.746354 0.378704 0.0697917 0.294444 0.25111
0 0.515625 0.338889 0.0208333 0.1 0.252308
0 0.373958 0.334259 0.025 0.105556 0.254095
0 0.465625 0.349074 0.0458333 0.146296 0.254451
0 0.540104 0.315741 0.015625 0.0685185 0.265087
0 0.389062 0.325 0.0177083 0.0944444 0.267469
0 0.714063 0.389815 0.0322917 0.309259 0.270631
0 0.373437 0.336111 0.021875 0.101852 0.27149
0 0.373437 0.336111 0.021875 0.105556 0.272892
0 0.395312 0.317593 0.0135417 0.0574074 0.276077
0 0.373437 0.336111 0.021875 0.105556 0.279888
0 0.542708 0.313889 0.01875 0.0574074 0.284224
0 0.394271 0.316667 0.015625 0.0703704 0.284781
0 0.394792 0.316667 0.0166667 0.0703704 0.285895
0 0.745833 0.380556 0.06875 0.312963 0.28603
24 0.763021 0.341667 0.0385417 0.105556 0.28774
24 0.763021 0.340741 0.0385417 0.111111 0.288677
24 0.763542 0.34537 0.0395833 0.0981481 0.29116
0 0.513542 0.347222 0.0208333 0.0907407 0.292355
24 0.763021 0.340741 0.0385417 0.111111 0.293131
0 0.540104 0.315741 0.015625 0.0648148 0.296583
24 0.763542 0.344444 0.0395833 0.103704 0.299903
0 0.711458 0.383333 0.0354167 0.303704 0.302051
24 0.763542 0.344444 0.0395833 0.103704 0.307261
0 0.160417 0.337037 0.0520833 0.155556 0.308651
0 0.514583 0.341667 0.0208333 0.0981481 0.312681
0 0.745833 0.385185 0.06875 0.296296 0.315893
0 0.477604 0.349074 0.0260417 0.138889 0.316527
0 0.513542 0.347222 0.0208333 0.0907407 0.320115
0 0.478646 0.351852 0.0260417 0.137037 0.321909
0 0.15625 0.339815 0.05625 0.15 0.325686
0 0.160417 0.337037 0.0520833 0.151852 0.327251
0 0.513021 0.342593 0.0239583 0.0962963 0.328422
0 0.438542 0.341667 0.0291667 0.153704 0.330427
0 0.395833 0.317593 0.0145833 0.0574074 0.330648
0 0.514583 0.342593 0.0208333 0.1 0.333253
0 0.513542 0.347222 0.0208333 0.0907407 0.333654
0 0.539062 0.316667 0.0177083 0.0666667 0.334725
0 0.539062 0.317593 0.0177083 0.0685185 0.334861
0 0.394271 0.316667 0.015625 0.0703704 0.33507
0 0.711458 0.383333 0.0354167 0.3 0.336314
0 0.471875 0.35 0.0354167 0.144444 0.336706
0 0.15625 0.340741 0.05625 0.151852 0.339881
0 0.0505208 0.606481 0.0989583 0.627778 0.340973
0 0.739583 0.392593 0.0666667 0.325926 0.344106
0 0.514583 0.342593 0.0208333 0.1 0.344652
0 0.0510417 0.607407 0.1 0.633333 0.345197
0 0.740104 0.392593 0.065625 0.325926 0.346509
0 0.740104 0.392593 0.0677083 0.325926 0.347674
24 0.764063 0.343519 0.0385417 0.116667 0.352024
0 0.711458 0.383333 0.0354167 0.3 0.357329
0 0.155729 0.339815 0.0572917 0.153704 0.358637
0 0.438542 0.340741 0.0291667 0.151852 0.363619
0 0.540104 0.315741 0.015625 0.0648148 0.364619
0 0.713021 0.387037 0.034375 0.307407 0.365251
0 0.438542 0.340741 0.0291667 0.151852 0.370719
0 0.539062 0.316667 0.0177083 0.0666667 0.372863
24 0.764063 0.343519 0.0385417 0.112963 0.380659
0 0.540104 0.316667 0.015625 0.062963 0.381217
0 0.158333 0.337963 0.05625 0.146296 0.38859
24 0.7625 0.338889 0.0416667 0.114815 0.393716
0 0.539062 0.316667 0.0177083 0.062963 0.394228
0 0.613542 0.340741 0.0291667 0.125926 0.401787
0 0.540625 0.315741 0.0145833 0.0685185 0.406363
24 0.763542 0.343519 0.0395833 0.112963 0.406611
0 0.613021 0.346296 0.0260417 0.122222 0.415707
0 0.156771 0.339815 0.0572917 0.153704 0.421862
24 0.763021 0.337963 0.040625 0.112963 0.42396
0 0.540104 0.315741 0.0135417 0.0685185 0.430636
0 0.157292 0.339815 0.0583333 0.15 0.430833
0 0.157813 0.337963 0.0572917 0.146296 0.438559
0 0.438021 0.346296 0.028125 0.155556 0.438618
0 0.613021 0.346296 0.0260417 0.118519 0.438758
0 0.438021 0.346296 0.028125 0.155556 0.449181
0 0.477083 0.351852 0.0229167 0.12963 0.453274
0 0.613021 0.346296 0.0260417 0.118519 0.456731
0 0.741146 0.388889 0.0760417 0.333333 0.458467
0 0.740104 0.390741 0.078125 0.325926 0.459296
24 0.763021 0.338889 0.040625 0.111111 0.468692
0 0.477083 0.343519 0.0229167 0.124074 0.469427
0 0.438542 0.346296 0.0270833 0.155556 0.471047
0 0.477604 0.351852 0.021875 0.12963 0.476973
0 0.614583 0.341667 0.03125 0.124074 0.479994
0 0.714063 0.387963 0.0322917 0.312963 0.481489
0 0.739583 0.390741 0.0770833 0.32963 0.483157
0 0.156771 0.339815 0.0572917 0.15 0.48319
0 0.477083 0.343519 0.0229167 0.127778 0.497348
0 0.613542 0.340741 0.0270833 0.125926 0.503991
0 0.156771 0.339815 0.0572917 0.153704 0.504102
0 0.713542 0.387963 0.0375 0.312963 0.507363
0 0.477083 0.344444 0.0229167 0.125926 0.508575
0 0.477604 0.349074 0.0239583 0.138889 0.508744
0 0.157813 0.338889 0.0572917 0.148148 0.512882
24 0.763021 0.338889 0.040625 0.118519 0.513176
24 0.763021 0.341667 0.040625 0.105556 0.514574
0 0.0463542 0.59537 0.0927083 0.627778 0.515459
0 0.614583 0.340741 0.03125 0.122222 0.52081
0 0.715625 0.387037 0.0354167 0.314815 0.523468
0 0.613542 0.340741 0.0270833 0.125926 0.524821
0 0.742188 0.388889 0.071875 0.32963 0.529479
24 0.763542 0.340741 0.0416667 0.111111 0.530294
24 0.763542 0.340741 0.0416667 0.111111 0.53328
24 0.763021 0.337963 0.040625 0.112963 0.534524
0 0.0479167 0.603704 0.0958333 0.644444 0.535048
0 0.614583 0.340741 0.03125 0.122222 0.541404
0 0.157292 0.340741 0.0583333 0.151852 0.542057
0 0.713542 0.386111 0.0395833 0.309259 0.54471
0 0.0484375 0.603704 0.096875 0.644444 0.54754
0 0.156771 0.338889 0.0572917 0.151852 0.551767
0 0.157292 0.339815 0.0583333 0.153704 0.561455
24 0.763021 0.337963 0.040625 0.112963 0.564483
0 0.156771 0.340741 0.0572917 0.151852 0.564682
0 0.477604 0.353704 0.021875 0.137037 0.565493
0 0.740104 0.389815 0.0739583 0.324074 0.56658
0 0.0489583 0.610185 0.0958333 0.62037 0.569724
0 0.0458333 0.59537 0.0916667 0.631481 0.570633
0 0.615104 0.342593 0.0302083 0.12963 0.572039
0 0.046875 0.599074 0.09375 0.62037 0.572178
0 0.157292 0.338889 0.0541667 0.155556 0.572861
0 0.477604 0.351852 0.021875 0.133333 0.576008
0 0.477604 0.353704 0.021875 0.137037 0.577809
0 0.478646 0.351852 0.0239583 0.140741 0.579698
0 0.156771 0.338889 0.0552083 0.155556 0.579883
0 0.477604 0.351852 0.021875 0.133333 0.581522
0 0.713542 0.387037 0.0395833 0.307407 0.587561
24 0.763021 0.338889 0.040625 0.118519 0.588177
24 0.763021 0.339815 0.040625 0.112963 0.589695
24 0.7625 0.338889 0.0416667 0.118519 0.594058
0 0.614583 0.342593 0.0291667 0.12963 0.596203
0 0.614583 0.343519 0.0291667 0.124074 0.602181
0 0.615104 0.342593 0.028125 0.12963 0.603564
0 0.613542 0.342593 0.0270833 0.12963 0.613769
0 0.0494792 0.607407 0.096875 0.637037 0.61533
0 0.046875 0.598148 0.09375 0.625926 0.620573
0 0.372917 0.335185 0.0208333 0.1 0.621815
0 0.4375 0.34537 0.0291667 0.153704 0.62283
0 0.613542 0.342593 0.0270833 0.12963 0.62312
0 0.614062 0.343519 0.0260417 0.127778 0.62977
0 0.614583 0.343519 0.0291667 0.127778 0.63629
0 0.438021 0.34537 0.028125 0.157407 0.636774
0 0.614583 0.343519 0.0291667 0.124074 0.645213
0 0.73125 0.388889 0.0645833 0.32963 0.652911
0 0.7375 0.389815 0.0708333 0.327778 0.654747
0 0.614583 0.343519 0.0291667 0.124074 0.655959
0 0.614583 0.343519 0.0291667 0.127778 0.663821
0 0.373958 0.333333 0.0229167 0.103704 0.675929
0 0.73125 0.388889 0.0645833 0.325926 0.676808
0 0.614583 0.343519 0.0291667 0.127778 0.684481
0 0.73125 0.388889 0.0645833 0.32963 0.693839
0 0.438021 0.339815 0.028125 0.15 0.704382
0 0.438021 0.339815 0.028125 0.153704 0.714103
0 0.0494792 0.603704 0.0989583 0.637037 0.739135
0 0.05 0.60463 0.1 0.638889 0.741068
0 0.373958 0.335185 0.0208333 0.103704 0.742273
0 0.438542 0.342593 0.0270833 0.159259 0.743864
0 0.438542 0.34537 0.0291667 0.157407 0.750145
0 0.438542 0.342593 0.0270833 0.155556 0.750531
0 0.373958 0.335185 0.0208333 0.103704 0.753638
0 0.373437 0.334259 0.021875 0.101852 0.763408
0 0.373437 0.335185 0.021875 0.103704 0.763879
0 0.438542 0.34537 0.0270833 0.161111 0.765584
0 0.438542 0.34537 0.0291667 0.157407 0.769651
0 0.374479 0.336111 0.021875 0.101852 0.777497
0 0.438542 0.34537 0.0270833 0.157407 0.778944
0 0.438021 0.34537 0.028125 0.157407 0.779486
0 0.374479 0.336111 0.021875 0.105556 0.784523
0 0.0489583 0.60463 0.0979167 0.638889 0.798585
0 0.374479 0.336111 0.021875 0.105556 0.799467
0 0.0489583 0.60463 0.0979167 0.642593 0.802079
