0 0.621875 0.316667 0.0208333 0.122222 0.250401
0 0.453125 0.339815 0.025 0.135185 0.25114
0 0.73125 0.362963 0.0416667 0.314815 0.253577
0 0.320312 0.291667 0.015625 0.0648148 0.257382
0 0.491667 0.334259 0.0416667 0.0907407 0.264904
0 0.526563 0.297222 0.0177083 0.0759259 0.267013
0 0.479688 0.326852 0.0260417 0.101852 0.272059
0 0.319271 0.294444 0.015625 0.0703704 0.274086
0 0.596875 0.323148 0.025 0.127778 0.280801
0 0.370833 0.310185 0.0208333 0.0944444 0.282791
0 0.370833 0.310185 0.0208333 0.0944444 0.286896
0 0.603646 0.317593 0.0427083 0.131481 0.288639
0 0.477604 0.331481 0.0239583 0.118519 0.293095
0 0.479688 0.327778 0.0239583 0.103704 0.295699
0 0.318229 0.294444 0.0177083 0.0703704 0.300751
0 0.490625 0.333333 0.04375 0.0925926 0.301625
0 0.622396 0.319444 0.021875 0.127778 0.304281
0 0.479167 0.327778 0.025 0.103704 0.304636
0 0.596875 0.323148 0.025 0.131481 0.305161
0 0.320312 0.29537 0.015625 0.0648148 0.307809
0 0.370833 0.309259 0.0208333 0.0925926 0.308331
0 0.596354 0.323148 0.0239583 0.131481 0.309471
0 0.603646 0.317593 0.040625 0.131481 0.310159
0 0.622396 0.319444 0.021875 0.127778 0.311095
0 0.452604 0.336111 0.0260417 0.15 0.32075
0 0.319792 0.29537 0.0145833 0.0722222 0.325566
0 0.499479 0.332407 0.0260417 0.0907407 0.328551
0 0.478125 0.330556 0.0229167 0.12037 0.334739
0 0.482292 0.330556 0.0291667 0.0981481 0.338799
0 0.604688 0.318519 0.0427083 0.12963 0.339149
0 0.478125 0.331481 0.0229167 0.118519 0.343314
0 0.319792 0.294444 0.0145833 0.0703704 0.349471
24 0.791667 0.331481 0.04375 0.125926 0.354934
24 0.791146 0.331481 0.0427083 0.118519 0.355929
0 0.452604 0.335185 0.028125 0.148148 0.356177
0 0.478646 0.331481 0.0260417 0.0962963 0.359347
0 0.499479 0.332407 0.0260417 0.0907407 0.360407
0 0.320312 0.297222 0.015625 0.0685185 0.362678
0 0.320833 0.29537 0.0145833 0.0648148 0.363959
0 0.732292 0.373148 0.0458333 0.32037 0.366618
24 0.791146 0.331481 0.0427083 0.122222 0.369123
0 0.499479 0.332407 0.0260417 0.0907407 0.371829
0 0.527083 0.298148 0.0166667 0.0740741 0.372828
0 0.527083 0.297222 0.0166667 0.0759259 0.375053
0 0.4125 0.322222 0.0291667 0.159259 0.381251
0 0.454167 0.336111 0.0270833 0.142593 0.381461
0 0.320312 0.29537 0.015625 0.0611111 0.383064
0 0.411979 0.321296 0.0302083 0.157407 0.384766
0 0.410417 0.327778 0.03125 0.155556 0.386043
0 0.501042 0.332407 0.0229167 0.0907407 0.389046
0 0.760417 0.380556 0.0604167 0.390741 0.40198
0 0.527604 0.299074 0.015625 0.0759259 0.403028
0 0.478646 0.330556 0.0260417 0.0981481 0.405015
0 0.453646 0.337037 0.0239583 0.144444 0.406434
0 0.764063 0.381481 0.0739583 0.388889 0.407141
0 0.453125 0.337037 0.025 0.148148 0.410285
0 0.453125 0.333333 0.0229167 0.133333 0.410487
24 0.794792 0.332407 0.04375 0.112963 0.411245
0 0.76875 0.384259 0.0770833 0.405556 0.41365
0 0.0776042 0.337037 0.0572917 0.177778 0.415955
0 0.078125 0.337037 0.05625 0.177778 0.416593
0 0.528125 0.298148 0.0166667 0.0740741 0.419122
0 0.596354 0.318519 0.028125 0.125926 0.419383
0 0.452604 0.335185 0.0239583 0.133333 0.419461
0 0.478646 0.330556 0.0260417 0.0981481 0.420356
0 0.527604 0.297222 0.015625 0.0759259 0.42556
0 0.411458 0.326852 0.0291667 0.157407 0.428244
0 0.768229 0.385185 0.0739583 0.403704 0.430333
0 0.527604 0.299074 0.015625 0.0722222 0.431081
0 0.501042 0.333333 0.0229167 0.0925926 0.433915
24 0.794271 0.332407 0.0427083 0.112963 0.438909
0 0.501042 0.333333 0.0229167 0.0925926 0.440551
0 0.452604 0.335185 0.0260417 0.144444 0.442891
0 0.760417 0.380556 0.0604167 0.390741 0.443795
0 0.768229 0.386111 0.0739583 0.401852 0.446412
0 0.501042 0.334259 0.025 0.087037 0.452401
0 0.73125 0.374074 0.0458333 0.355556 0.455525
0 0.760417 0.380556 0.0604167 0.387037 0.457102
0 0.622917 0.308333 0.01875 0.0944444 0.457371
24 0.794271 0.332407 0.0427083 0.112963 0.457751
0 0.410937 0.326852 0.028125 0.153704 0.457806
0 0.527604 0.297222 0.015625 0.0759259 0.457962
0 0.73125 0.373148 0.0458333 0.353704 0.459744
0 0.73125 0.374074 0.0458333 0.351852 0.462937
0 0.595833 0.317593 0.0270833 0.127778 0.463848
0 0.319792 0.292593 0.0145833 0.0703704 0.464967
0 0.452604 0.336111 0.0260417 0.146296 0.467169
0 0.595833 0.317593 0.0270833 0.127778 0.468241
0 0.760938 0.37963 0.071875 0.388889 0.469373
0 0.454167 0.335185 0.0270833 0.144444 0.472991
0 0.595833 0.316667 0.025 0.133333 0.481178
24 0.793229 0.32963 0.0447917 0.111111 0.482733
0 0.368229 0.315741 0.0197917 0.105556 0.484531
0 0.622917 0.309259 0.01875 0.0962963 0.488724
24 0.793229 0.328704 0.0447917 0.109259 0.492742
0 0.622396 0.312037 0.0197917 0.105556 0.493262
0 0.622917 0.308333 0.01875 0.0944444 0.501576
0 0.764583 0.381481 0.075 0.4 0.503308
24 0.79375 0.328704 0.0458333 0.109259 0.509057
0 0.764583 0.381481 0.0791667 0.392593 0.51421
0 0.452604 0.334259 0.0239583 0.146296 0.528394
0 0.622396 0.312037 0.0197917 0.101852 0.545845
0 0.622396 0.312037 0.0197917 0.101852 0.547241
0 0.454167 0.336111 0.0270833 0.142593 0.54835
0 0.596354 0.321296 0.0260417 0.127778 0.549744
0 0.0776042 0.334259 0.0572917 0.172222 0.550881
0 0.369271 0.317593 0.0197917 0.101852 0.560752
0 0.595833 0.32037 0.0270833 0.133333 0.56263
0 0.596354 0.319444 0.028125 0.138889 0.572477
0 0.0776042 0.335185 0.0572917 0.174074 0.573826
24 0.794792 0.32963 0.0458333 0.122222 0.576954
24 0.794271 0.328704 0.0447917 0.116667 0.59107
0 0.596354 0.321296 0.0260417 0.131481 0.593596
24 0.794271 0.332407 0.0427083 0.109259 0.59553
0 0.0770833 0.335185 0.0583333 0.174074 0.597087
0 0.622396 0.309259 0.0197917 0.0962963 0.60201
0 0.595833 0.321296 0.025 0.131481 0.608752
0 0.729688 0.373148 0.040625 0.353704 0.616189
24 0.794271 0.328704 0.0447917 0.116667 0.617122
0 0.596354 0.319444 0.028125 0.138889 0.626801
0 0.595833 0.319444 0.0270833 0.131481 0.628147
0 0.078125 0.335185 0.0583333 0.166667 0.628408
24 0.794271 0.331481 0.0427083 0.118519 0.63116
0 0.729688 0.373148 0.040625 0.353704 0.631712
0 0.757812 0.378704 0.0677083 0.387037 0.634296
0 0.369271 0.317593 0.0197917 0.105556 0.636067
0 0.369792 0.316667 0.0208333 0.103704 0.637871
0 0.729688 0.374074 0.040625 0.351852 0.638402
24 0.794271 0.332407 0.0427083 0.116667 0.644401
0 0.369271 0.316667 0.0197917 0.103704 0.650722
0 0.596354 0.316667 0.0260417 0.140741 0.655396
24 0.794271 0.331481 0.0447917 0.122222 0.658941
0 0.369792 0.316667 0.0208333 0.103704 0.659062
0 0.595833 0.317593 0.025 0.138889 0.660886
0 0.410417 0.322222 0.0291667 0.159259 0.663684
24 0.79375 0.330556 0.04375 0.124074 0.669733
0 0.369792 0.316667 0.0208333 0.103704 0.670468
0 0.764583 0.381481 0.06875 0.4 0.676855
0 0.410417 0.322222 0.0291667 0.159259 0.677413
0 0.595833 0.319444 0.0270833 0.135185 0.677907
0 0.452604 0.335185 0.0239583 0.148148 0.678058
0 0.0760417 0.336111 0.0583333 0.172222 0.681653
0 0.453125 0.334259 0.0229167 0.142593 0.682176
0 0.369792 0.314815 0.0208333 0.107407 0.683829
0 0.0765625 0.336111 0.0552083 0.175926 0.684015
0 0.453125 0.333333 0.0229167 0.140741 0.695178
0 0.732292 0.374074 0.04375 0.362963 0.697336
0 0.0765625 0.336111 0.0552083 0.175926 0.697931
24 0.79375 0.331481 0.04375 0.122222 0.702349
0 0.731771 0.373148 0.0447917 0.361111 0.70283
0 0.452604 0.335185 0.0239583 0.140741 0.703869
0 0.596354 0.319444 0.0260417 0.138889 0.706344
0 0.0765625 0.335185 0.0552083 0.174074 0.716503
0 0.0770833 0.334259 0.05625 0.172222 0.718285
0 0.732292 0.373148 0.04375 0.361111 0.720434
0 0.452604 0.334259 0.0239583 0.138889 0.72176
0 0.760938 0.377778 0.0635417 0.396296 0.7311
0 0.0776042 0.336111 0.0572917 0.175926 0.738409
0 0.0770833 0.334259 0.05625 0.172222 0.739402
0 0.760417 0.376852 0.0645833 0.398148 0.741627
0 0.760938 0.376852 0.0635417 0.398148 0.74256
0 0.0765625 0.335185 0.0552083 0.174074 0.742957
0 0.078125 0.335185 0.05625 0.174074 0.743908
0 0.369271 0.316667 0.0197917 0.107407 0.74541
0 0.410937 0.327778 0.0302083 0.155556 0.75367
0 0.411458 0.327778 0.0291667 0.155556 0.759083
0 0.0765625 0.334259 0.0552083 0.172222 0.765971
0 0.0765625 0.334259 0.0552083 0.172222 0.773144
0 0.411979 0.326852 0.0302083 0.164815 0.781777
0 0.411979 0.326852 0.0302083 0.161111 0.78825
0 0.0765625 0.335185 0.0572917 0.174074 0.792469
0 0.411458 0.326852 0.0291667 0.157407 0.793532
0 0.411979 0.328704 0.0302083 0.157407 0.813854
0 0.411458 0.325926 0.0291667 0.159259 0.814329
0 0.411458 0.325926 0.0291667 0.162963 0.815195
0 0.411458 0.328704 0.0291667 0.157407 0.817188
0 0.411979 0.328704 0.0302083 0.161111 0.831394
