0 0.291146 0.333333 0.0322917 0.0888889 0.250254
13 0.311979 0.430556 0.0760417 0.105556 0.251274
0 0.159896 0.349074 0.0260417 0.105556 0.25206
0 0.285417 0.334259 0.0354167 0.0944444 0.255924
0 0.282292 0.376852 0.0416667 0.17963 0.259422
0 0.571354 0.386111 0.034375 0.135185 0.26073
0 0.159896 0.349074 0.0260417 0.105556 0.262783
0 0.285417 0.334259 0.0354167 0.0944444 0.26308
0 0.159896 0.349074 0.0260417 0.105556 0.266143
0 0.288542 0.332407 0.0354167 0.087037 0.270068
13 0.311458 0.424074 0.0791667 0.0962963 0.272287
0 0.492708 0.366667 0.0229167 0.122222 0.273917
0 0.485938 0.372222 0.0260417 0.125926 0.275736
0 0.290104 0.332407 0.0322917 0.087037 0.278787
0 0.5125 0.371296 0.025 0.12037 0.279961
0 0.491667 0.37037 0.0291667 0.137037 0.280867
13 0.311458 0.424074 0.0791667 0.0962963 0.281869
0 0.771875 0.590741 0.14375 0.625926 0.285904
0 0.282292 0.376852 0.0416667 0.17963 0.29607
0 0.468229 0.346296 0.0260417 0.0888889 0.296297
0 0.524479 0.373148 0.021875 0.116667 0.296398
0 0.489062 0.37037 0.0302083 0.137037 0.296655
0 0.290104 0.332407 0.0322917 0.0907407 0.297489
0 0.524479 0.372222 0.021875 0.118519 0.298142
0 0.5125 0.371296 0.025 0.12037 0.299206
0 0.5125 0.371296 0.025 0.12037 0.302542
0 0.524479 0.372222 0.021875 0.114815 0.302689
0 0.290104 0.332407 0.0322917 0.0907407 0.303559
0 0.485938 0.373148 0.0260417 0.127778 0.303766
0 0.485938 0.373148 0.0260417 0.127778 0.308073
0 0.922396 0.605556 0.153125 0.6 0.308423
0 0.920313 0.62037 0.146875 0.651852 0.312234
0 0.156771 0.348148 0.0260417 0.111111 0.312937
0 0.813542 0.344444 0.0416667 0.162963 0.313029
13 0.310937 0.425 0.0802083 0.105556 0.314361
0 0.51875 0.368519 0.0270833 0.111111 0.317603
0 0.813542 0.342593 0.0416667 0.162963 0.318462
0 0.157292 0.348148 0.0270833 0.107407 0.320295
0 0.813021 0.343519 0.040625 0.161111 0.321834
0 0.519792 0.373148 0.03125 0.124074 0.322635
0 0.285417 0.35463 0.0395833 0.131481 0.334178
13 0.3125 0.426852 0.0791667 0.0981481 0.339775
0 0.520833 0.374074 0.0291667 0.122222 0.344509
0 0.519271 0.374074 0.0302083 0.122222 0.346377
0 0.51875 0.369444 0.0270833 0.112963 0.351513
0 0.492708 0.367593 0.0229167 0.131481 0.353323
0 0.772396 0.594444 0.144792 0.637037 0.354996
0 0.492708 0.367593 0.0229167 0.131481 0.359118
0 0.51875 0.369444 0.0270833 0.112963 0.359317
0 0.285417 0.343519 0.0395833 0.112963 0.359516
13 0.313021 0.424074 0.0739583 0.0962963 0.36002
0 0.520312 0.373148 0.0302083 0.124074 0.362795
0 0.285417 0.340741 0.0395833 0.103704 0.364572
0 0.517708 0.373148 0.03125 0.124074 0.371633
13 0.3125 0.424074 0.075 0.0962963 0.371682
0 0.519271 0.374074 0.0302083 0.122222 0.384962
13 0.313542 0.427778 0.08125 0.103704 0.385755
0 0.158854 0.348148 0.0239583 0.107407 0.390679
0 0.365625 0.373148 0.0333333 0.168519 0.396261
0 0.520312 0.374074 0.0302083 0.122222 0.40001
0 0.51875 0.373148 0.03125 0.124074 0.400319
0 0.521354 0.374074 0.028125 0.122222 0.400403
0 0.491146 0.371296 0.0239583 0.127778 0.406214
13 0.3125 0.425 0.0770833 0.0907407 0.406653
13 0.3125 0.424074 0.0791667 0.0925926 0.41412
0 0.574479 0.390741 0.034375 0.148148 0.41643
0 0.775521 0.592593 0.138542 0.62963 0.416681
0 0.365625 0.373148 0.0333333 0.168519 0.418576
0 0.772396 0.612963 0.138542 0.655556 0.419402
13 0.3125 0.426852 0.0791667 0.0981481 0.419917
0 0.574479 0.389815 0.034375 0.146296 0.421332
0 0.621354 0.358333 0.0197917 0.087037 0.427514
0 0.492188 0.37037 0.0239583 0.137037 0.429042
13 0.3125 0.426852 0.0791667 0.0981481 0.430319
0 0.772917 0.613889 0.1375 0.657407 0.430387
0 0.573958 0.387963 0.0333333 0.146296 0.439997
0 0.491146 0.371296 0.0239583 0.127778 0.440219
0 0.923958 0.608333 0.15 0.657407 0.444175
0 0.491146 0.371296 0.0239583 0.127778 0.446598
0 0.921875 0.613889 0.152083 0.65 0.446849
0 0.573438 0.387037 0.034375 0.144444 0.448806
0 0.159375 0.347222 0.0208333 0.105556 0.462546
0 0.776042 0.596296 0.139583 0.633333 0.465627
0 0.620833 0.359259 0.01875 0.0888889 0.474434
0 0.157292 0.349074 0.025 0.109259 0.4768
0 0.620833 0.359259 0.01875 0.0888889 0.480086
0 0.159896 0.347222 0.021875 0.105556 0.481865
0 0.51875 0.372222 0.0291667 0.118519 0.482921
0 0.159375 0.347222 0.0208333 0.105556 0.485745
0 0.51875 0.372222 0.0291667 0.118519 0.495399
0 0.157292 0.349074 0.025 0.109259 0.4958
0 0.157292 0.349074 0.025 0.109259 0.498497
0 0.518229 0.372222 0.028125 0.118519 0.500678
0 0.0234375 0.384259 0.0385417 0.183333 0.502458
0 0.923437 0.608333 0.148958 0.657407 0.504412
0 0.571354 0.382407 0.0364583 0.142593 0.512288
0 0.920313 0.619444 0.144792 0.672222 0.514526
0 0.367188 0.371296 0.0364583 0.164815 0.519865
0 0.571354 0.383333 0.0364583 0.140741 0.521883
0 0.021875 0.384259 0.0416667 0.17963 0.523499
0 0.0234375 0.384259 0.0385417 0.183333 0.528319
0 0.571875 0.383333 0.0354167 0.140741 0.533832
0 0.021875 0.383333 0.0416667 0.181481 0.535237
0 0.776042 0.6 0.135417 0.640741 0.536565
0 0.922917 0.614815 0.152083 0.659259 0.5392
0 0.777604 0.599074 0.138542 0.642593 0.541338
0 0.367188 0.371296 0.0364583 0.164815 0.544884
0 0.0229167 0.384259 0.0395833 0.187037 0.559001
0 0.571354 0.385185 0.034375 0.144444 0.56008
0 0.571354 0.386111 0.034375 0.146296 0.562073
0 0.779688 0.614815 0.138542 0.677778 0.569434
0 0.367188 0.37037 0.0364583 0.166667 0.573766
0 0.921875 0.616667 0.154167 0.681481 0.575592
0 0.920313 0.616667 0.159375 0.681481 0.576808
0 0.571354 0.387037 0.034375 0.144444 0.577382
0 0.571875 0.387037 0.0354167 0.144444 0.582689
0 0.920833 0.608333 0.15625 0.657407 0.586177
0 0.779167 0.613889 0.139583 0.672222 0.596273
0 0.620313 0.363889 0.0197917 0.0907407 0.601161
0 0.620313 0.361111 0.0197917 0.0962963 0.604717
0 0.0223958 0.384259 0.0385417 0.187037 0.607765
0 0.620313 0.360185 0.0197917 0.0907407 0.616632
0 0.921354 0.616667 0.157292 0.688889 0.626659
0 0.0213542 0.381481 0.0385417 0.177778 0.644707
0 0.620313 0.363889 0.0197917 0.0907407 0.647144
0 0.620313 0.363889 0.0197917 0.0907407 0.649058
0 0.620313 0.360185 0.0197917 0.0907407 0.649469
0 0.620313 0.360185 0.0197917 0.0907407 0.657913
0 0.366667 0.37037 0.0375 0.166667 0.660701
0 0.572396 0.386111 0.034375 0.146296 0.661281
0 0.0213542 0.381481 0.0385417 0.177778 0.662439
0 0.620313 0.362037 0.0197917 0.0981481 0.664786
0 0.0213542 0.381481 0.0385417 0.177778 0.666432
0 0.366146 0.37037 0.0364583 0.17037 0.669036
0 0.921875 0.614815 0.145833 0.644444 0.67232
0 0.919792 0.616667 0.15625 0.677778 0.674849
0 0.572917 0.385185 0.0354167 0.148148 0.688069
0 0.365625 0.371296 0.0354167 0.168519 0.690201
0 0.919792 0.615741 0.15625 0.67963 0.694081
0 0.366667 0.37037 0.0375 0.166667 0.696684
0 0.572917 0.387037 0.0354167 0.144444 0.700637
0 0.0223958 0.383333 0.0385417 0.188889 0.705231
0 0.776042 0.6 0.1375 0.659259 0.707625
0 0.572396 0.386111 0.034375 0.146296 0.70867
0 0.619792 0.363889 0.0208333 0.101852 0.714605
0 0.921875 0.615741 0.154167 0.683333 0.716425
0 0.573438 0.387037 0.034375 0.144444 0.720737
0 0.021875 0.384259 0.0395833 0.183333 0.721033
0 0.366146 0.369444 0.0364583 0.168519 0.722517
0 0.366667 0.37037 0.0375 0.166667 0.728382
0 0.366146 0.37037 0.0364583 0.166667 0.734724
0 0.365625 0.369444 0.0354167 0.168519 0.740742
0 0.572396 0.387037 0.034375 0.144444 0.745101
0 0.0223958 0.384259 0.0385417 0.17963 0.746771
0 0.021875 0.384259 0.0395833 0.183333 0.749409
0 0.366146 0.37037 0.0364583 0.166667 0.750261
0 0.0223958 0.385185 0.0385417 0.181481 0.760904
0 0.366146 0.371296 0.0364583 0.168519 0.772017
0 0.777604 0.599074 0.138542 0.664815 0.774488
0 0.021875 0.384259 0.0395833 0.183333 0.788311
0 0.777083 0.606481 0.1375 0.65 0.794317
0 0.777083 0.605556 0.1375 0.651852 0.842745
0 0.776042 0.612963 0.1375 0.666667 0.883237
0 0.776563 0.612037 0.136458 0.664815 0.884216
