0 0.834896 0.398148 0.028125 0.166667 0.250424
36 0.964063 0.82037 0.0635417 0.0555556 0.253355
0 0.341146 0.358333 0.021875 0.0648148 0.255186
0 0.498958 0.366667 0.01875 0.0888889 0.257793
13 0.423958 0.608333 0.19375 0.127778 0.258541
0 0.499479 0.366667 0.0197917 0.0925926 0.259911
0 0.439063 0.363889 0.028125 0.112963 0.261294
36 0.964583 0.821296 0.0625 0.0537037 0.264737
13 0.394271 0.45 0.103125 0.0814815 0.26586
13 0.394792 0.449074 0.102083 0.0796296 0.26591
0 0.341667 0.358333 0.0229167 0.0648148 0.266443
0 0.834896 0.409259 0.028125 0.188889 0.266687
0 0.498958 0.366667 0.01875 0.0925926 0.267083
0 0.439063 0.363889 0.0260417 0.112963 0.275663
36 0.964583 0.821296 0.0625 0.0537037 0.276652
0 0.440625 0.367593 0.0270833 0.112963 0.283365
0 0.438542 0.364815 0.0270833 0.111111 0.28618
0 0.192188 0.396296 0.0302083 0.118519 0.289422
0 0.289062 0.375 0.0239583 0.105556 0.292799
0 0.441146 0.366667 0.028125 0.111111 0.293201
0 0.967188 0.537963 0.065625 0.587037 0.29584
36 0.963542 0.821296 0.0625 0.0537037 0.296984
36 0.963021 0.82037 0.059375 0.0592593 0.300702
0 0.835417 0.402778 0.0291667 0.172222 0.301664
0 0.192708 0.396296 0.0291667 0.114815 0.303811
0 0.834375 0.409259 0.0270833 0.188889 0.311535
0 0.288542 0.377778 0.025 0.103704 0.313894
0 0.192708 0.396296 0.0291667 0.114815 0.3154
36 0.961458 0.82037 0.0583333 0.0518519 0.318133
0 0.835417 0.403704 0.0291667 0.174074 0.319369
0 0.967708 0.538889 0.0645833 0.562963 0.320898
0 0.500521 0.367593 0.0177083 0.0981481 0.322787
0 0.341146 0.357407 0.021875 0.062963 0.323506
36 0.963021 0.82037 0.059375 0.0592593 0.327051
0 0.474479 0.367593 0.0385417 0.116667 0.33115
0 0.0140625 0.428704 0.028125 0.194444 0.332716
0 0.341146 0.356481 0.021875 0.0648148 0.332981
36 0.961458 0.82037 0.0583333 0.0518519 0.333881
0 0.0140625 0.427778 0.028125 0.192593 0.335546
0 0.834896 0.401852 0.028125 0.17037 0.348185
0 0.0135417 0.432407 0.0270833 0.201852 0.350269
0 0.280729 0.380556 0.0177083 0.0981481 0.353519
0 0.0145833 0.428704 0.0291667 0.190741 0.354682
0 0.280729 0.380556 0.015625 0.0944444 0.356865
0 0.0135417 0.431481 0.0270833 0.196296 0.358514
0 0.498437 0.369444 0.0197917 0.101852 0.361418
0 0.341146 0.357407 0.021875 0.062963 0.361783
0 0.498437 0.369444 0.0197917 0.105556 0.364147
0 0.545313 0.394444 0.0322917 0.148148 0.369895
0 0.289062 0.378704 0.0239583 0.109259 0.373691
0 0.280729 0.380556 0.015625 0.0981481 0.374414
0 0.545313 0.394444 0.0322917 0.148148 0.374846
0 0.341146 0.355556 0.021875 0.062963 0.37671
0 0.498437 0.369444 0.0197917 0.101852 0.376932
0 0.0145833 0.439815 0.0291667 0.187037 0.377981
0 0.289062 0.378704 0.0239583 0.109259 0.383578
0 0.441146 0.367593 0.0260417 0.112963 0.385048
0 0.289062 0.378704 0.0239583 0.109259 0.386299
0 0.441146 0.367593 0.0260417 0.109259 0.388827
0 0.0140625 0.439815 0.028125 0.187037 0.390036
0 0.341667 0.358333 0.0208333 0.0685185 0.391686
0 0.499479 0.368519 0.0177083 0.0962963 0.395989
0 0.341146 0.356481 0.0239583 0.0685185 0.400411
0 0.053125 0.428704 0.0541667 0.22037 0.402279
0 0.341146 0.356481 0.0239583 0.0685185 0.407986
0 0.0145833 0.439815 0.0291667 0.187037 0.40964
0 0.440625 0.369444 0.0229167 0.109259 0.41972
0 0.340625 0.356481 0.0229167 0.0648148 0.421565
0 0.341146 0.356481 0.0239583 0.0685185 0.424044
0 0.053125 0.428704 0.0541667 0.22037 0.426335
0 0.496354 0.371296 0.0239583 0.101852 0.430945
0 0.440625 0.369444 0.0229167 0.109259 0.43386
0 0.0145833 0.431481 0.0291667 0.211111 0.440918
0 0.0145833 0.430556 0.0291667 0.209259 0.444076
0 0.440625 0.369444 0.0229167 0.109259 0.44618
0 0.496354 0.372222 0.0239583 0.103704 0.449136
0 0.496354 0.371296 0.0239583 0.101852 0.458459
0 0.0151042 0.436111 0.0302083 0.198148 0.464806
0 0.0151042 0.435185 0.0302083 0.196296 0.465168
0 0.0536458 0.431481 0.0552083 0.218519 0.477914
0 0.053125 0.428704 0.0541667 0.22037 0.480717
0 0.0135417 0.436111 0.0270833 0.198148 0.483142
0 0.498437 0.37037 0.0177083 0.0888889 0.488254
0 0.0536458 0.431481 0.0552083 0.218519 0.488556
0 0.0135417 0.436111 0.0270833 0.198148 0.499755
0 0.498958 0.37037 0.01875 0.0925926 0.508167
0 0.498958 0.37037 0.01875 0.0925926 0.518115
0 0.482292 0.371296 0.0208333 0.112963 0.537776
0 0.966667 0.556481 0.0666667 0.572222 0.542883
0 0.966667 0.556481 0.0666667 0.564815 0.550113
0 0.482812 0.372222 0.0197917 0.114815 0.579425
0 0.19375 0.394444 0.0291667 0.118519 0.59399
0 0.54375 0.393519 0.03125 0.157407 0.602771
0 0.544271 0.393519 0.0322917 0.157407 0.605047
0 0.0505208 0.430556 0.0572917 0.22037 0.606913
0 0.54375 0.392593 0.0333333 0.155556 0.607705
0 0.441146 0.366667 0.0239583 0.107407 0.610205
0 0.19375 0.394444 0.0291667 0.118519 0.611813
0 0.601042 0.382407 0.03125 0.175926 0.61388
0 0.441146 0.367593 0.0239583 0.112963 0.617247
0 0.19375 0.39537 0.0291667 0.116667 0.61733
0 0.0526042 0.430556 0.0552083 0.224074 0.623714
0 0.601042 0.382407 0.03125 0.172222 0.626435
0 0.0510417 0.431481 0.05625 0.222222 0.638087
0 0.441667 0.367593 0.025 0.109259 0.641639
0 0.0140625 0.434259 0.028125 0.194444 0.64182
0 0.0140625 0.434259 0.028125 0.194444 0.644265
0 0.194792 0.398148 0.025 0.118519 0.646437
0 0.0515625 0.426852 0.0552083 0.224074 0.646771
0 0.194792 0.397222 0.0270833 0.116667 0.651026
0 0.481771 0.37037 0.0197917 0.114815 0.652049
0 0.0510417 0.425926 0.05625 0.222222 0.653926
0 0.194792 0.397222 0.025 0.116667 0.655466
0 0.441667 0.368519 0.025 0.107407 0.660956
0 0.441667 0.368519 0.025 0.107407 0.668313
0 0.48125 0.371296 0.01875 0.112963 0.669663
0 0.481771 0.371296 0.0197917 0.12037 0.670097
0 0.481771 0.37037 0.0197917 0.118519 0.671276
0 0.966146 0.55463 0.0677083 0.561111 0.674445
0 0.441146 0.367593 0.0239583 0.109259 0.675273
0 0.0510417 0.431481 0.05625 0.222222 0.675713
0 0.481771 0.371296 0.0197917 0.112963 0.677356
0 0.481771 0.371296 0.0197917 0.112963 0.677498
0 0.441146 0.366667 0.0239583 0.111111 0.689971
0 0.441146 0.366667 0.0239583 0.111111 0.696302
0 0.0520833 0.42963 0.0541667 0.222222 0.700266
0 0.965104 0.547222 0.0697917 0.557407 0.701094
0 0.0140625 0.433333 0.028125 0.196296 0.70476
0 0.54375 0.391667 0.0333333 0.15 0.718024
0 0.54375 0.392593 0.0333333 0.151852 0.718883
0 0.965104 0.547222 0.0697917 0.561111 0.723657
0 0.601562 0.381481 0.0302083 0.166667 0.724512
0 0.0515625 0.42963 0.0552083 0.225926 0.72735
0 0.19375 0.39537 0.0291667 0.116667 0.72833
0 0.0520833 0.42963 0.0541667 0.222222 0.733398
0 0.601562 0.382407 0.0302083 0.164815 0.735343
0 0.544271 0.391667 0.0322917 0.153704 0.735708
0 0.966146 0.553704 0.0677083 0.559259 0.735969
0 0.601562 0.381481 0.0302083 0.166667 0.74224
0 0.0515625 0.42963 0.0552083 0.22963 0.750848
0 0.0520833 0.42963 0.05625 0.222222 0.751694
0 0.54375 0.392593 0.0333333 0.155556 0.752755
0 0.543229 0.392593 0.0322917 0.155556 0.754688
0 0.194271 0.39537 0.028125 0.116667 0.757559
0 0.194271 0.39537 0.028125 0.116667 0.759889
0 0.0510417 0.42963 0.05625 0.225926 0.762116
0 0.54375 0.392593 0.0333333 0.151852 0.765647
0 0.544271 0.391667 0.0322917 0.15 0.766348
0 0.19375 0.394444 0.0291667 0.114815 0.769964
0 0.544271 0.391667 0.0322917 0.15 0.771459
0 0.54375 0.391667 0.0333333 0.153704 0.772888
0 0.194271 0.39537 0.028125 0.116667 0.773069
0 0.194271 0.39537 0.028125 0.116667 0.777976
0 0.601562 0.37963 0.0322917 0.162963 0.778939
0 0.544271 0.391667 0.0322917 0.15 0.779846
0 0.19375 0.394444 0.0291667 0.114815 0.781939
0 0.0520833 0.42963 0.0541667 0.222222 0.784276
0 0.602083 0.380556 0.03125 0.164815 0.786326
0 0.194271 0.394444 0.028125 0.114815 0.795944
0 0.194271 0.39537 0.028125 0.116667 0.813156
0 0.601042 0.381481 0.03125 0.166667 0.816238
0 0.965625 0.550926 0.06875 0.568519 0.816987
0 0.965625 0.552778 0.06875 0.561111 0.824781
0 0.601042 0.381481 0.03125 0.166667 0.827242
0 0.966667 0.55 0.0666667 0.581481 0.827671
0 0.19375 0.396296 0.0270833 0.122222 0.835826
0 0.19375 0.396296 0.0270833 0.122222 0.83601
0 0.601042 0.383333 0.03125 0.166667 0.838032
0 0.601562 0.381481 0.0302083 0.166667 0.839399
0 0.601042 0.382407 0.03125 0.164815 0.842173
0 0.966667 0.55 0.0666667 0.574074 0.847866
0 0.601042 0.382407 0.03125 0.168519 0.853076
0 0.19375 0.39537 0.0270833 0.12037 0.853186
0 0.600521 0.381481 0.0322917 0.162963 0.855009
0 0.600521 0.381481 0.0322917 0.166667 0.855662
0 0.966146 0.551852 0.0677083 0.566667 0.86463
0 0.966146 0.551852 0.0677083 0.559259 0.875326
