28 0.546875 0.600926 0.0625 0.0611111 0.250289
0 0.483333 0.464815 0.0229167 0.0962963 0.257398
0 0.452604 0.458333 0.0197917 0.087037 0.259216
0 0.664062 0.531482 0.046875 0.244444 0.264614
0 0.14375 0.513889 0.03125 0.175926 0.265914
0 0.665104 0.537963 0.046875 0.261111 0.278412
0 0.0828125 0.508333 0.040625 0.17963 0.278979
0 0.483333 0.465741 0.0229167 0.0981481 0.27972
26 0.156771 0.573148 0.0302083 0.0759259 0.28022
0 0.143229 0.514815 0.0322917 0.177778 0.282833
0 0.483333 0.465741 0.0229167 0.0981481 0.284659
0 0.452604 0.451852 0.015625 0.0814815 0.286853
26 0.156771 0.573148 0.0302083 0.0759259 0.288292
26 0.156771 0.573148 0.0302083 0.0759259 0.291665
0 0.191146 0.52037 0.046875 0.225926 0.297224
0 0.452083 0.452778 0.0166667 0.0833333 0.304137
0 0.0822917 0.507407 0.0416667 0.181481 0.304504
26 0.154687 0.578704 0.0302083 0.0685185 0.304565
0 0.663021 0.531482 0.0447917 0.244444 0.313235
0 0.188542 0.519444 0.05 0.231481 0.313322
0 0.190625 0.521296 0.0479167 0.224074 0.31354
0 0.452604 0.452778 0.0177083 0.0833333 0.315062
0 0.190625 0.52037 0.0479167 0.225926 0.331591
0 0.452083 0.452778 0.0166667 0.0833333 0.34021
0 0.00989583 0.45 0.0177083 0.0703704 0.346932
0 0.189063 0.519444 0.0510417 0.238889 0.35288
26 0.155729 0.575926 0.0302083 0.0703704 0.354537
0 0.00989583 0.45 0.0177083 0.0703704 0.357302
0 0.184896 0.526852 0.0489583 0.238889 0.368482
0 0.00989583 0.45 0.0177083 0.0666667 0.368663
0 0.0114583 0.45 0.01875 0.0666667 0.369419
0 0.0114583 0.45 0.01875 0.0666667 0.370305
0 0.18125 0.524074 0.0604167 0.233333 0.371059
26 0.155208 0.578704 0.0291667 0.0685185 0.377472
0 0.127604 0.511111 0.0322917 0.17037 0.386212
0 0.0114583 0.449074 0.01875 0.0685185 0.388318
0 0.0114583 0.45 0.01875 0.0666667 0.389463
0 0.124479 0.512037 0.0302083 0.172222 0.400073
0 0.181771 0.525 0.0572917 0.235185 0.402139
0 0.0114583 0.451852 0.0166667 0.0666667 0.402671
0 0.0114583 0.450926 0.01875 0.0685185 0.404181
0 0.5 0.463889 0.0270833 0.101852 0.408344
0 0.500521 0.462963 0.0239583 0.1 0.41237
0 0.500521 0.463889 0.0239583 0.101852 0.413215
0 0.126563 0.512037 0.0322917 0.172222 0.413244
0 0.0109375 0.450926 0.0177083 0.0648148 0.420938
26 0.155729 0.576852 0.0302083 0.0722222 0.42659
0 0.500521 0.463889 0.0239583 0.101852 0.42662
0 0.123958 0.511111 0.0291667 0.17037 0.426993
0 0.124479 0.511111 0.0302083 0.17037 0.428988
0 0.0114583 0.45 0.0166667 0.0666667 0.432765
0 0.184375 0.525926 0.05 0.248148 0.434152
0 0.664062 0.531482 0.0510417 0.266667 0.442351
0 0.663021 0.530556 0.0510417 0.257407 0.449555
26 0.155208 0.578704 0.0291667 0.0685185 0.451359
26 0.155208 0.578704 0.03125 0.0685185 0.452343
0 0.0796875 0.507407 0.040625 0.181481 0.454343
0 0.185937 0.525926 0.053125 0.237037 0.455326
26 0.155729 0.576852 0.0322917 0.0759259 0.460454
0 0.452604 0.455556 0.015625 0.0851852 0.464962
0 0.453125 0.455556 0.0166667 0.0814815 0.466533
26 0.155208 0.578704 0.03125 0.0685185 0.466789
0 0.126563 0.511111 0.0322917 0.17037 0.470905
0 0.453125 0.455556 0.0166667 0.0814815 0.47121
0 0.0796875 0.507407 0.040625 0.181481 0.475572
0 0.665104 0.530556 0.0489583 0.253704 0.481751
26 0.155208 0.575926 0.03125 0.0740741 0.486687
0 0.181771 0.525 0.0572917 0.235185 0.491294
0 0.452604 0.45463 0.015625 0.0833333 0.495294
0 0.663542 0.531482 0.05 0.266667 0.49667
0 0.453125 0.455556 0.0166667 0.0814815 0.503424
0 0.0791667 0.508333 0.0395833 0.17963 0.511452
0 0.502604 0.461111 0.0197917 0.1 0.51348
0 0.452604 0.455556 0.015625 0.0814815 0.516692
0 0.664583 0.530556 0.0479167 0.253704 0.521033
0 0.0791667 0.509259 0.0375 0.177778 0.53058
0 0.452604 0.45463 0.015625 0.0833333 0.544335
0 0.186458 0.527778 0.0520833 0.244444 0.556079
0 0.664583 0.531482 0.0479167 0.255556 0.559401
0 0.186458 0.526852 0.0541667 0.25 0.560208
0 0.502604 0.461111 0.0197917 0.1 0.560269
0 0.502604 0.461111 0.0197917 0.1 0.566266
0 0.184375 0.527778 0.0520833 0.240741 0.56737
0 0.126042 0.512037 0.0333333 0.168519 0.572309
0 0.185937 0.527778 0.0510417 0.244444 0.589596
0 0.124479 0.512037 0.0302083 0.161111 0.594338
0 0.124479 0.512037 0.0302083 0.161111 0.613057
0 0.503125 0.462963 0.0208333 0.1 0.617168
0 0.125521 0.512037 0.0322917 0.168519 0.618771
0 0.615104 0.494444 0.0364583 0.159259 0.6188
0 0.186458 0.528704 0.0520833 0.242593 0.6195
0 0.615625 0.493519 0.0354167 0.153704 0.619521
0 0.615625 0.494444 0.0354167 0.151852 0.624587
0 0.615625 0.494444 0.0354167 0.151852 0.625214
0 0.185417 0.526852 0.0541667 0.246296 0.629144
0 0.184375 0.526852 0.0541667 0.246296 0.629506
0 0.503125 0.462037 0.0208333 0.101852 0.642109
0 0.615104 0.49537 0.0364583 0.157407 0.642247
0 0.503125 0.462963 0.0208333 0.1 0.643085
0 0.126042 0.511111 0.03125 0.166667 0.643935
0 0.503646 0.462963 0.0197917 0.103704 0.645252
0 0.664062 0.537037 0.0447917 0.251852 0.651619
0 0.663542 0.532407 0.0458333 0.261111 0.652264
0 0.503125 0.462963 0.0208333 0.103704 0.653137
0 0.126042 0.510185 0.03125 0.168519 0.656768
0 0.124479 0.511111 0.0302083 0.166667 0.661508
0 0.185417 0.525926 0.0541667 0.244444 0.670172
0 0.185937 0.526852 0.0552083 0.246296 0.67058
0 0.124479 0.510185 0.0302083 0.168519 0.67373
0 0.125521 0.512037 0.0322917 0.172222 0.677462
0 0.663542 0.537037 0.0458333 0.251852 0.688989
0 0.663542 0.532407 0.05 0.261111 0.69645
0 0.185417 0.525926 0.0541667 0.244444 0.698959
0 0.615104 0.49537 0.034375 0.153704 0.702131
0 0.615104 0.496296 0.034375 0.151852 0.704411
0 0.663542 0.532407 0.0458333 0.261111 0.707214
0 0.124479 0.510185 0.0302083 0.164815 0.718606
0 0.663542 0.536111 0.0458333 0.25 0.719141
0 0.663021 0.532407 0.046875 0.261111 0.727063
0 0.185417 0.525926 0.0541667 0.244444 0.73435
0 0.184896 0.528704 0.053125 0.25 0.752586
0 0.663542 0.533333 0.0458333 0.259259 0.765859
0 0.615625 0.496296 0.0354167 0.151852 0.768084
0 0.0802083 0.509259 0.0395833 0.181481 0.773091
0 0.615625 0.49537 0.0333333 0.15 0.779438
0 0.615625 0.49537 0.0354167 0.157407 0.787085
0 0.0802083 0.509259 0.0395833 0.185185 0.788283
0 0.0802083 0.510185 0.0395833 0.183333 0.788564
0 0.615625 0.494444 0.0354167 0.159259 0.790063
0 0.615625 0.49537 0.0354167 0.15 0.794606
0 0.0802083 0.509259 0.0395833 0.185185 0.795432
0 0.615625 0.49537 0.0333333 0.15 0.797009
0 0.0807292 0.510185 0.0385417 0.187037 0.797784
0 0.0807292 0.510185 0.0385417 0.187037 0.80327
0 0.0802083 0.507407 0.0395833 0.181481 0.80432
0 0.0807292 0.510185 0.0385417 0.187037 0.805495
0 0.0807292 0.509259 0.0385417 0.185185 0.807123
0 0.615625 0.494444 0.0354167 0.151852 0.808995
0 0.0802083 0.509259 0.0395833 0.185185 0.809651
0 0.615625 0.49537 0.0354167 0.153704 0.812235
0 0.0802083 0.508333 0.0395833 0.183333 0.813829
