0 0.490104 0.432407 0.028125 0.157407 0.25062
0 0.428646 0.40463 0.0260417 0.116667 0.252063
13 0.340104 0.466667 0.0885417 0.0777778 0.252483
0 0.232812 0.402778 0.0177083 0.0981481 0.25256
13 0.427083 0.646296 0.235417 0.214815 0.254879
0 0.323958 0.382407 0.0166667 0.0722222 0.260445
13 0.339583 0.469444 0.0916667 0.0796296 0.260539
0 0.36875 0.394444 0.0145833 0.0888889 0.260724
13 0.427604 0.646296 0.238542 0.214815 0.262657
13 0.395312 0.587037 0.161458 0.107407 0.262771
0 0.490104 0.432407 0.028125 0.157407 0.267618
13 0.401042 0.583333 0.16875 0.0962963 0.269028
0 0.06875 0.413889 0.0208333 0.0944444 0.269339
13 0.396875 0.589815 0.16875 0.109259 0.269666
0 0.733854 0.386111 0.0239583 0.0648148 0.270835
13 0.396875 0.587963 0.16875 0.109259 0.271269
0 0.733854 0.386111 0.0239583 0.0648148 0.275388
0 0.232812 0.402778 0.0177083 0.0944444 0.275523
0 0.06875 0.413889 0.0208333 0.0944444 0.275818
0 0.734375 0.381481 0.0229167 0.0555556 0.279398
0 0.428646 0.40463 0.0260417 0.112963 0.282245
0 0.06875 0.414815 0.0208333 0.0962963 0.285199
13 0.396875 0.592593 0.166667 0.107407 0.286914
13 0.397396 0.592593 0.169792 0.107407 0.288279
13 0.440104 0.650926 0.248958 0.216667 0.288374
13 0.396354 0.588889 0.165625 0.107407 0.288467
0 0.734375 0.382407 0.0229167 0.0574074 0.288702
0 0.06875 0.413889 0.0208333 0.0944444 0.292104
13 0.439583 0.65 0.25 0.218519 0.292381
13 0.396875 0.588889 0.16875 0.107407 0.29251
0 0.254167 0.387963 0.01875 0.0611111 0.293104
13 0.396875 0.592593 0.16875 0.107407 0.295635
0 0.323958 0.382407 0.0166667 0.0722222 0.302572
0 0.734375 0.382407 0.0229167 0.0574074 0.303156
0 0.734896 0.381481 0.021875 0.0555556 0.303972
13 0.336979 0.467593 0.096875 0.0833333 0.307626
13 0.336979 0.467593 0.096875 0.087037 0.318344
0 0.0223958 0.45463 0.0447917 0.198148 0.319468
0 0.254167 0.387963 0.01875 0.0611111 0.32361
0 0.734375 0.381481 0.0229167 0.0555556 0.323997
0 0.324479 0.383333 0.015625 0.0703704 0.327356
13 0.339583 0.469444 0.0895833 0.0759259 0.331543
0 0.253646 0.387963 0.0177083 0.0611111 0.334079
0 0.254167 0.387963 0.01875 0.0611111 0.33805
0 0.734375 0.382407 0.0229167 0.0574074 0.338433
0 0.228125 0.397222 0.01875 0.0907407 0.341212
13 0.439583 0.650926 0.252083 0.22037 0.341649
0 0.465625 0.390741 0.01875 0.0814815 0.341787
0 0.252604 0.390741 0.0177083 0.0666667 0.343638
13 0.339583 0.47037 0.0895833 0.0740741 0.34766
0 0.465625 0.406481 0.01875 0.0907407 0.348842
0 0.734375 0.382407 0.0229167 0.0574074 0.349031
0 0.0270833 0.462963 0.05 0.196296 0.362818
13 0.439583 0.650926 0.252083 0.216667 0.365965
0 0.428646 0.40463 0.0260417 0.116667 0.368651
0 0.733854 0.387037 0.0239583 0.0703704 0.37542
0 0.733854 0.387963 0.021875 0.0685185 0.37562
0 0.0229167 0.455556 0.0458333 0.2 0.37745
0 0.0270833 0.462037 0.0520833 0.198148 0.380555
13 0.440104 0.647222 0.253125 0.224074 0.384479
0 0.428646 0.40463 0.0260417 0.116667 0.385176
0 0.465625 0.391667 0.01875 0.0833333 0.387968
0 0.253646 0.387963 0.0177083 0.0611111 0.392839
0 0.115625 0.425 0.025 0.131481 0.393609
0 0.465625 0.391667 0.01875 0.0833333 0.393819
0 0.115104 0.425926 0.0260417 0.12963 0.396568
0 0.428125 0.40463 0.025 0.112963 0.397109
13 0.440104 0.648148 0.251042 0.222222 0.406143
0 0.115625 0.425926 0.025 0.12963 0.409187
0 0.253646 0.387963 0.0177083 0.0611111 0.409419
13 0.4375 0.646296 0.25 0.214815 0.419071
0 0.465625 0.406481 0.01875 0.0944444 0.419197
0 0.517708 0.405556 0.0270833 0.133333 0.422585
0 0.465625 0.407407 0.01875 0.0925926 0.42627
0 0.0229167 0.455556 0.0458333 0.2 0.432599
0 0.0286458 0.459259 0.046875 0.196296 0.432716
0 0.0265625 0.461111 0.0510417 0.196296 0.43386
0 0.232812 0.400926 0.0177083 0.0981481 0.448172
0 0.232812 0.400926 0.0177083 0.0944444 0.448223
13 0.436979 0.646296 0.248958 0.214815 0.451634
0 0.232292 0.400926 0.0166667 0.0944444 0.45463
0 0.0223958 0.455556 0.0447917 0.207407 0.458765
0 0.232812 0.400926 0.0177083 0.0981481 0.459011
0 0.0229167 0.45463 0.0458333 0.205556 0.460252
0 0.428125 0.40463 0.025 0.116667 0.469038
0 0.500521 0.417593 0.046875 0.157407 0.484044
0 0.025 0.457407 0.0479167 0.2 0.490092
0 0.517708 0.402778 0.0270833 0.138889 0.498774
0 0.028125 0.459259 0.0458333 0.196296 0.49988
0 0.5 0.417593 0.04375 0.157407 0.501419
0 0.0255208 0.457407 0.046875 0.2 0.51668
0 0.499479 0.417593 0.0427083 0.157407 0.525918
0 0.465104 0.399074 0.0197917 0.0944444 0.53184
0 0.517708 0.403704 0.0270833 0.137037 0.538341
0 0.465625 0.401852 0.01875 0.0962963 0.53865
0 0.429167 0.403704 0.025 0.118519 0.550232
0 0.517187 0.407407 0.0260417 0.133333 0.557984
0 0.517187 0.406481 0.028125 0.142593 0.567538
0 0.028125 0.459259 0.0458333 0.196296 0.571714
0 0.465625 0.401852 0.01875 0.0962963 0.580483
0 0.428646 0.402778 0.0239583 0.12037 0.585832
0 0.491146 0.425 0.0322917 0.15 0.586973
0 0.429167 0.402778 0.025 0.12037 0.590682
0 0.465104 0.4 0.0197917 0.0962963 0.593357
0 0.465104 0.401852 0.0197917 0.0962963 0.595255
0 0.0276042 0.457407 0.046875 0.207407 0.595296
0 0.465104 0.399074 0.0197917 0.0944444 0.596703
0 0.0276042 0.456481 0.046875 0.209259 0.601129
0 0.428125 0.400926 0.025 0.112963 0.602154
0 0.491667 0.425 0.0333333 0.15 0.608976
0 0.517708 0.402778 0.0270833 0.138889 0.612566
0 0.428125 0.400926 0.0229167 0.112963 0.618107
0 0.428125 0.400926 0.025 0.112963 0.620095
0 0.114583 0.425926 0.0270833 0.133333 0.626375
0 0.465104 0.400926 0.0197917 0.0981481 0.629646
0 0.491146 0.425 0.0322917 0.15 0.629835
0 0.025 0.459259 0.0479167 0.196296 0.641758
0 0.114583 0.425926 0.0270833 0.125926 0.644494
0 0.516667 0.406481 0.0270833 0.142593 0.644654
0 0.0286458 0.459259 0.046875 0.196296 0.653567
0 0.464583 0.4 0.01875 0.103704 0.663503
0 0.114583 0.425 0.0270833 0.131481 0.664623
0 0.0286458 0.459259 0.046875 0.196296 0.664989
0 0.490625 0.427778 0.0291667 0.155556 0.665749
0 0.0276042 0.460185 0.0489583 0.194444 0.667868
0 0.0255208 0.459259 0.0489583 0.196296 0.667871
0 0.490625 0.42963 0.03125 0.155556 0.668666
0 0.490625 0.427778 0.0291667 0.155556 0.669653
0 0.114583 0.425926 0.0270833 0.133333 0.683857
0 0.0270833 0.461111 0.05 0.192593 0.686977
0 0.428646 0.40463 0.0239583 0.112963 0.690091
0 0.115104 0.425926 0.028125 0.12963 0.691748
0 0.490104 0.42963 0.0302083 0.155556 0.693733
0 0.0255208 0.459259 0.0489583 0.196296 0.694049
0 0.518229 0.405556 0.0260417 0.137037 0.69984
0 0.967188 0.576852 0.065625 0.531482 0.703562
0 0.967188 0.577778 0.065625 0.533333 0.707551
0 0.0270833 0.461111 0.05 0.192593 0.709414
0 0.517708 0.405556 0.0270833 0.137037 0.709753
0 0.115104 0.425 0.028125 0.124074 0.710596
0 0.429167 0.403704 0.0229167 0.111111 0.716756
0 0.428646 0.40463 0.0239583 0.116667 0.720432
0 0.115625 0.424074 0.0270833 0.12963 0.722783
0 0.967188 0.578704 0.065625 0.535185 0.722849
0 0.966146 0.57963 0.0677083 0.514815 0.725926
0 0.967188 0.57963 0.065625 0.537037 0.728563
0 0.429167 0.403704 0.0229167 0.111111 0.73305
0 0.114583 0.425 0.0270833 0.131481 0.740796
0 0.516667 0.405556 0.0270833 0.144444 0.74279
0 0.114583 0.425 0.0270833 0.131481 0.746071
0 0.490625 0.426852 0.03125 0.153704 0.75163
0 0.429167 0.403704 0.0229167 0.111111 0.754162
0 0.490625 0.427778 0.03125 0.151852 0.764069
0 0.114583 0.425926 0.0270833 0.125926 0.765573
0 0.518229 0.406481 0.0260417 0.142593 0.766057
0 0.429167 0.40463 0.0229167 0.116667 0.766403
0 0.114583 0.425926 0.0270833 0.12963 0.77122
0 0.115625 0.425 0.0270833 0.127778 0.772793
0 0.517708 0.407407 0.0270833 0.140741 0.774104
0 0.966667 0.578704 0.0666667 0.52037 0.776929
0 0.115625 0.425 0.0270833 0.127778 0.779874
0 0.490625 0.427778 0.03125 0.151852 0.787723
0 0.966667 0.580556 0.0666667 0.516667 0.788164
0 0.966667 0.578704 0.0666667 0.52037 0.789935
0 0.967188 0.576852 0.065625 0.535185 0.798037
0 0.491146 0.426852 0.0302083 0.153704 0.811253
0 0.491146 0.427778 0.0302083 0.155556 0.815967
0 0.967188 0.576852 0.065625 0.531482 0.819656
0 0.114583 0.425 0.0270833 0.127778 0.82049
0 0.114583 0.425 0.0270833 0.127778 0.821407
0 0.967188 0.578704 0.065625 0.52037 0.847838
0 0.966667 0.578704 0.0666667 0.52037 0.862399
