13 0.373437 0.624074 0.215625 0.137037 0.250808
0 0.255729 0.385185 0.0197917 0.1 0.251627
13 0.33125 0.787037 0.125 0.388889 0.25336
0 0.255729 0.386111 0.0197917 0.0981481 0.253472
13 0.33125 0.787037 0.125 0.392593 0.25421
13 0.354688 0.451852 0.0802083 0.0814815 0.257689
13 0.284375 0.439815 0.0666667 0.0981481 0.258329
13 0.286458 0.442593 0.0666667 0.103704 0.260238
13 0.375521 0.625926 0.211458 0.133333 0.26259
0 0.244271 0.386111 0.0135417 0.0907407 0.265191
0 0.986458 0.589815 0.0270833 0.464815 0.265292
13 0.375521 0.625926 0.211458 0.133333 0.268595
13 0.436458 0.775926 0.33125 0.392593 0.26895
0 0.409375 0.371296 0.025 0.12037 0.270866
0 0.0078125 0.487037 0.015625 0.122222 0.272948
13 0.285937 0.438889 0.065625 0.1 0.275318
13 0.285937 0.441667 0.065625 0.101852 0.277342
13 0.285937 0.441667 0.065625 0.101852 0.279113
13 0.353646 0.460185 0.0947917 0.0759259 0.279221
0 0.255729 0.385185 0.0197917 0.1 0.279469
0 0.161979 0.393519 0.0239583 0.127778 0.27976
13 0.286458 0.437963 0.0666667 0.0981481 0.280163
0 0.0078125 0.487963 0.015625 0.12037 0.280624
13 0.285937 0.438889 0.065625 0.1 0.283198
0 0.464583 0.368519 0.0354167 0.1 0.284433
13 0.435937 0.775926 0.330208 0.392593 0.286136
0 0.0989583 0.387037 0.0208333 0.103704 0.287123
13 0.285937 0.438889 0.0677083 0.1 0.287681
0 0.242708 0.383333 0.0145833 0.0925926 0.287794
0 0.244271 0.386111 0.0135417 0.0907407 0.288135
0 0.0994792 0.387037 0.0197917 0.1 0.289357
0 0.250521 0.385185 0.021875 0.0962963 0.291218
0 0.0994792 0.386111 0.0197917 0.101852 0.291571
13 0.347396 0.462037 0.105208 0.0833333 0.296352
13 0.357812 0.450926 0.096875 0.0907407 0.30063
0 0.096875 0.385185 0.01875 0.103704 0.300826
0 0.409375 0.373148 0.025 0.12037 0.301513
0 0.0078125 0.487963 0.015625 0.12037 0.302054
13 0.436458 0.776852 0.329167 0.390741 0.302982
0 0.317187 0.37963 0.0260417 0.122222 0.305045
13 0.347917 0.463889 0.10625 0.0833333 0.306311
0 0.00833333 0.472222 0.0166667 0.155556 0.308723
13 0.357812 0.450926 0.096875 0.0907407 0.308849
0 0.318229 0.382407 0.028125 0.131481 0.312722
13 0.33125 0.788889 0.127083 0.396296 0.314692
0 0.810938 0.393519 0.028125 0.157407 0.3156
13 0.379167 0.631481 0.195833 0.137037 0.31627
0 0.45 0.362963 0.01875 0.111111 0.318719
13 0.378646 0.630556 0.196875 0.135185 0.318951
0 0.255208 0.385185 0.0208333 0.0962963 0.31911
13 0.33125 0.788889 0.127083 0.396296 0.320488
0 0.00833333 0.474074 0.0166667 0.155556 0.321313
13 0.353646 0.459259 0.103125 0.0814815 0.321397
13 0.33125 0.781482 0.125 0.4 0.323176
13 0.353646 0.460185 0.103125 0.0796296 0.32819
13 0.330208 0.446296 0.152083 0.0962963 0.329756
13 0.330208 0.780556 0.125 0.398148 0.330426
13 0.348437 0.452778 0.101042 0.0944444 0.33168
13 0.348958 0.452778 0.1 0.0944444 0.33335
0 0.317187 0.380556 0.0239583 0.127778 0.334396
0 0.450521 0.363889 0.0197917 0.112963 0.334526
0 0.810938 0.391667 0.028125 0.153704 0.338236
13 0.330729 0.787963 0.123958 0.394444 0.340092
0 0.461458 0.372222 0.0333333 0.1 0.343705
13 0.330729 0.787963 0.123958 0.390741 0.344777
13 0.330208 0.787963 0.125 0.398148 0.347015
0 0.810938 0.393519 0.028125 0.153704 0.347481
0 0.0078125 0.488889 0.015625 0.118519 0.349264
0 0.317708 0.380556 0.0270833 0.131481 0.352115
0 0.316667 0.380556 0.025 0.127778 0.352459
0 0.45 0.363889 0.01875 0.112963 0.35347
0 0.810417 0.392593 0.0270833 0.151852 0.353886
13 0.286458 0.439815 0.0666667 0.0981481 0.35502
0 0.258333 0.384259 0.0208333 0.101852 0.355542
0 0.161458 0.393519 0.0229167 0.124074 0.355762
13 0.286458 0.439815 0.0645833 0.0981481 0.356111
13 0.333854 0.787963 0.130208 0.398148 0.357542
0 0.164062 0.397222 0.0239583 0.127778 0.359044
0 0.317708 0.383333 0.0270833 0.133333 0.361212
13 0.285937 0.438889 0.065625 0.0962963 0.36173
0 0.258333 0.385185 0.01875 0.1 0.362181
13 0.285937 0.438889 0.065625 0.0962963 0.362957
13 0.286458 0.439815 0.0645833 0.0981481 0.363738
0 0.408333 0.375 0.0229167 0.127778 0.364457
0 0.258854 0.384259 0.0197917 0.101852 0.365878
13 0.332292 0.787037 0.129167 0.396296 0.369247
0 0.810417 0.393519 0.0270833 0.153704 0.374812
0 0.0953125 0.386111 0.021875 0.105556 0.380875
13 0.354688 0.452778 0.109375 0.0907407 0.382092
13 0.377604 0.625 0.198958 0.135185 0.382507
0 0.809375 0.392593 0.0229167 0.151852 0.383591
0 0.0953125 0.386111 0.021875 0.105556 0.384099
0 0.45 0.366667 0.01875 0.114815 0.386769
0 0.917188 0.561111 0.107292 0.559259 0.387873
0 0.0078125 0.487037 0.015625 0.118519 0.389431
13 0.377604 0.625 0.198958 0.135185 0.391122
0 0.809896 0.393519 0.021875 0.15 0.39217
0 0.0963542 0.387963 0.021875 0.101852 0.392847
0 0.0958333 0.387963 0.0208333 0.101852 0.393956
0 0.163021 0.391667 0.0260417 0.12037 0.397111
0 0.0958333 0.386111 0.0208333 0.105556 0.399358
0 0.1625 0.391667 0.025 0.12037 0.403004
0 0.242188 0.383333 0.0135417 0.0888889 0.403238
0 0.318229 0.382407 0.0260417 0.131481 0.403359
0 0.163021 0.391667 0.0260417 0.12037 0.406366
13 0.376042 0.630556 0.208333 0.142593 0.410056
0 0.986979 0.594444 0.0260417 0.437037 0.412392
0 0.810417 0.391667 0.0270833 0.153704 0.417634
0 0.242188 0.382407 0.0135417 0.0907407 0.41911
0 0.914583 0.571296 0.1125 0.557407 0.420082
0 0.809896 0.394444 0.0260417 0.155556 0.422448
0 0.0078125 0.487963 0.015625 0.12037 0.426147
0 0.00833333 0.487963 0.0166667 0.12037 0.428422
0 0.473958 0.371296 0.0166667 0.0833333 0.431141
0 0.915625 0.571296 0.1125 0.564815 0.433592
0 0.473958 0.371296 0.0145833 0.0833333 0.435918
0 0.317187 0.381481 0.0260417 0.12963 0.437462
0 0.917188 0.561111 0.105208 0.551852 0.441312
0 0.809896 0.394444 0.0260417 0.155556 0.441519
0 0.450521 0.367593 0.0177083 0.116667 0.443717
0 0.317187 0.384259 0.0260417 0.127778 0.445786
0 0.096875 0.387963 0.01875 0.105556 0.446405
0 0.811458 0.391667 0.0291667 0.15 0.451397
0 0.096875 0.387963 0.01875 0.105556 0.452518
0 0.317187 0.384259 0.0260417 0.131481 0.455129
0 0.096875 0.387963 0.01875 0.105556 0.457304
0 0.00833333 0.484259 0.0166667 0.131481 0.457865
0 0.451042 0.367593 0.01875 0.116667 0.459791
0 0.474479 0.37037 0.015625 0.0814815 0.460916
0 0.317187 0.382407 0.0260417 0.135185 0.464452
0 0.451042 0.367593 0.01875 0.116667 0.467881
0 0.161979 0.394444 0.028125 0.125926 0.468076
0 0.317187 0.384259 0.0260417 0.131481 0.468584
0 0.161458 0.39537 0.0270833 0.124074 0.471334
0 0.451042 0.37037 0.01875 0.103704 0.474968
0 0.986979 0.589815 0.0260417 0.472222 0.477079
0 0.161458 0.390741 0.025 0.118519 0.477243
0 0.470833 0.371296 0.01875 0.0907407 0.477336
0 0.451042 0.37037 0.01875 0.103704 0.479854
0 0.450521 0.373148 0.0197917 0.116667 0.492919
0 0.810938 0.391667 0.028125 0.15 0.495284
0 0.45 0.371296 0.01875 0.12037 0.496503
0 0.451042 0.37037 0.01875 0.103704 0.498459
0 0.160938 0.390741 0.0239583 0.118519 0.500153
0 0.810938 0.391667 0.028125 0.15 0.501559
0 0.161458 0.390741 0.025 0.118519 0.503659
0 0.451042 0.375 0.0208333 0.116667 0.513474
0 0.450521 0.374074 0.0197917 0.114815 0.521342
0 0.160938 0.394444 0.021875 0.122222 0.527703
0 0.986979 0.593518 0.0260417 0.435185 0.532454
0 0.470313 0.371296 0.0197917 0.0944444 0.533904
0 0.470313 0.371296 0.0197917 0.0944444 0.535797
0 0.161979 0.394444 0.0260417 0.125926 0.542219
0 0.409375 0.369444 0.0229167 0.116667 0.548339
0 0.9875 0.589815 0.025 0.457407 0.556453
0 0.161979 0.394444 0.0260417 0.122222 0.563539
0 0.409375 0.37037 0.0229167 0.114815 0.564788
0 0.317708 0.381481 0.025 0.12963 0.568486
0 0.507812 0.39537 0.0322917 0.157407 0.57159
0 0.409375 0.37037 0.0229167 0.114815 0.572056
0 0.470313 0.37037 0.0197917 0.0925926 0.575452
0 0.508333 0.39537 0.03125 0.157407 0.588631
0 0.410937 0.373148 0.0260417 0.116667 0.592737
0 0.410417 0.373148 0.025 0.112963 0.595818
0 0.410417 0.373148 0.025 0.112963 0.601283
0 0.409375 0.372222 0.0229167 0.118519 0.601464
0 0.409375 0.37037 0.0229167 0.118519 0.603198
0 0.506771 0.394444 0.0322917 0.159259 0.604185
0 0.1625 0.394444 0.025 0.125926 0.610772
0 0.470313 0.369444 0.0197917 0.0944444 0.612032
0 0.9875 0.593518 0.025 0.435185 0.612327
0 0.470313 0.369444 0.0197917 0.0944444 0.612392
0 0.318229 0.381481 0.0260417 0.12963 0.614068
0 0.506771 0.394444 0.0322917 0.159259 0.616697
0 0.1625 0.394444 0.025 0.125926 0.617569
0 0.505729 0.396296 0.034375 0.159259 0.619252
0 0.1625 0.394444 0.025 0.125926 0.623462
0 0.578125 0.382407 0.0354167 0.168519 0.638779
0 0.161979 0.393519 0.0260417 0.124074 0.647363
0 0.317708 0.381481 0.025 0.125926 0.656963
0 0.409375 0.372222 0.0229167 0.118519 0.65794
0 0.408854 0.371296 0.021875 0.116667 0.661662
0 0.409375 0.372222 0.0229167 0.118519 0.66178
0 0.579167 0.384259 0.0354167 0.172222 0.662976
0 0.578125 0.382407 0.0354167 0.168519 0.665288
0 0.317708 0.383333 0.025 0.133333 0.667308
0 0.161458 0.394444 0.025 0.125926 0.66963
0 0.579167 0.384259 0.0354167 0.172222 0.683022
0 0.161458 0.39537 0.025 0.124074 0.685297
0 0.161979 0.39537 0.0260417 0.124074 0.6911
0 0.317708 0.381481 0.025 0.12963 0.692359
0 0.317708 0.381481 0.025 0.12963 0.69654
0 0.161979 0.394444 0.0260417 0.125926 0.697177
0 0.507812 0.39537 0.0302083 0.161111 0.706603
0 0.579167 0.384259 0.0354167 0.172222 0.707208
0 0.508333 0.39537 0.0291667 0.161111 0.715372
0 0.506771 0.394444 0.0322917 0.159259 0.72991
0 0.506771 0.394444 0.0322917 0.155556 0.74835
0 0.506771 0.394444 0.0322917 0.155556 0.74976
0 0.507292 0.394444 0.0333333 0.155556 0.752797
0 0.506771 0.394444 0.0322917 0.159259 0.761246
0 0.506771 0.394444 0.0322917 0.159259 0.795454
0 0.578646 0.383333 0.0364583 0.181481 0.798041
0 0.916146 0.571296 0.111458 0.561111 0.807273
0 0.916667 0.57037 0.1125 0.555556 0.807542
0 0.506771 0.39537 0.0322917 0.157407 0.81001
0 0.578646 0.383333 0.0364583 0.181481 0.811303
0 0.506771 0.394444 0.0322917 0.159259 0.812682
0 0.578125 0.386111 0.0375 0.172222 0.831512
0 0.578125 0.386111 0.0375 0.175926 0.841772
0 0.578646 0.385185 0.0364583 0.174074 0.848169
0 0.579167 0.385185 0.0354167 0.174074 0.852947
0 0.579167 0.385185 0.0354167 0.174074 0.854274
0 0.916146 0.573148 0.111458 0.568519 0.8559
0 0.915625 0.573148 0.1125 0.568519 0.856393
0 0.579167 0.385185 0.0354167 0.174074 0.863849
0 0.579167 0.385185 0.0354167 0.174074 0.86553
0 0.579167 0.385185 0.0354167 0.174074 0.866538
0 0.916146 0.573148 0.111458 0.568519 0.867379
0 0.915625 0.573148 0.1125 0.568519 0.891361
0 0.916667 0.573148 0.114583 0.572222 0.903527
0 0.916667 0.573148 0.114583 0.572222 0.90775
0 0.915104 0.573148 0.113542 0.564815 0.919258
0 0.915625 0.571296 0.1125 0.568519 0.927862
