0 0.492708 0.330556 0.025 0.101852 0.250063
0 0.624479 0.316667 0.0197917 0.1 0.250663
0 0.442708 0.337037 0.0229167 0.144444 0.252607
0 0.477083 0.331481 0.0291667 0.1 0.253365
0 0.485938 0.325926 0.0322917 0.107407 0.253489
0 0.49375 0.324074 0.0229167 0.1 0.256109
0 0.0901042 0.313889 0.0239583 0.0833333 0.259566
0 0.472917 0.331481 0.0270833 0.1 0.263856
0 0.476562 0.332407 0.0302083 0.101852 0.264723
0 0.472917 0.331481 0.0270833 0.1 0.265993
0 0.476562 0.332407 0.0302083 0.101852 0.267643
0 0.0901042 0.313889 0.0239583 0.0833333 0.268527
0 0.443229 0.337037 0.021875 0.144444 0.268554
0 0.590104 0.319444 0.0260417 0.127778 0.269739
0 0.090625 0.321296 0.0270833 0.0981481 0.275366
24 0.816667 0.335185 0.0458333 0.133333 0.27721
0 0.444271 0.328704 0.0239583 0.131481 0.279525
0 0.0583333 0.32037 0.025 0.114815 0.280706
0 0.444271 0.328704 0.0239583 0.131481 0.283682
0 0.397917 0.331481 0.0270833 0.137037 0.285348
0 0.090625 0.323148 0.0270833 0.101852 0.288118
24 0.815104 0.331481 0.0447917 0.137037 0.28851
0 0.366667 0.32037 0.0208333 0.103704 0.297602
0 0.445312 0.332407 0.0239583 0.112963 0.304747
0 0.623958 0.316667 0.0208333 0.103704 0.305171
24 0.816667 0.335185 0.04375 0.133333 0.306386
0 0.366667 0.321296 0.0208333 0.105556 0.309233
0 0.625521 0.313889 0.021875 0.105556 0.311114
0 0.623958 0.316667 0.0208333 0.103704 0.313001
24 0.816667 0.335185 0.0458333 0.133333 0.318564
0 0.0302083 0.342593 0.0604167 0.181481 0.320153
0 0.445312 0.332407 0.0239583 0.112963 0.321928
0 0.445312 0.332407 0.0239583 0.112963 0.322771
0 0.0296875 0.342593 0.059375 0.177778 0.326328
0 0.366667 0.321296 0.0208333 0.105556 0.329808
0 0.590625 0.321296 0.025 0.127778 0.330173
0 0.590625 0.321296 0.025 0.127778 0.335631
24 0.815104 0.325926 0.046875 0.140741 0.344132
0 0.397396 0.327778 0.028125 0.144444 0.35496
0 0.090625 0.317593 0.0229167 0.0907407 0.359081
24 0.815104 0.326852 0.046875 0.138889 0.360053
0 0.0916667 0.328704 0.025 0.109259 0.362182
0 0.397396 0.327778 0.028125 0.140741 0.365064
0 0.090625 0.316667 0.0229167 0.0925926 0.36851
0 0.777604 0.390741 0.084375 0.411111 0.374494
0 0.090625 0.316667 0.0229167 0.0925926 0.37526
0 0.596354 0.323148 0.034375 0.124074 0.384642
24 0.814062 0.330556 0.0510417 0.138889 0.385722
0 0.090625 0.32037 0.025 0.0925926 0.396174
0 0.0916667 0.330556 0.025 0.112963 0.399518
24 0.815104 0.333333 0.0447917 0.133333 0.400864
0 0.0911458 0.330556 0.0260417 0.112963 0.406743
0 0.590625 0.325 0.0270833 0.127778 0.406847
0 0.444792 0.336111 0.0270833 0.135185 0.408369
0 0.590625 0.325 0.0270833 0.127778 0.408529
0 0.7875 0.392593 0.0791667 0.414815 0.415363
0 0.090625 0.322222 0.025 0.0962963 0.417364
0 0.0328125 0.338889 0.065625 0.177778 0.428788
0 0.444792 0.336111 0.0270833 0.135185 0.44379
0 0.0328125 0.338889 0.065625 0.181481 0.447585
0 0.0328125 0.339815 0.065625 0.17963 0.459737
0 0.444271 0.338889 0.0239583 0.133333 0.461468
0 0.397917 0.331481 0.0291667 0.155556 0.468842
0 0.367188 0.325926 0.0197917 0.103704 0.47134
0 0.444271 0.336111 0.0260417 0.135185 0.475376
0 0.396875 0.331481 0.0291667 0.155556 0.481042
0 0.44375 0.335185 0.0270833 0.140741 0.488824
0 0.397917 0.332407 0.0291667 0.153704 0.492049
0 0.0322917 0.341667 0.0645833 0.187037 0.493869
0 0.367188 0.326852 0.0197917 0.105556 0.495396
0 0.0317708 0.339815 0.0635417 0.183333 0.507816
0 0.367188 0.326852 0.0197917 0.105556 0.507894
24 0.815625 0.331481 0.0458333 0.148148 0.514464
0 0.590625 0.325926 0.025 0.122222 0.515896
0 0.590625 0.324074 0.025 0.12963 0.517449
0 0.444271 0.338889 0.0239583 0.133333 0.5243
0 0.784896 0.392593 0.084375 0.422222 0.52498
0 0.780208 0.391667 0.08125 0.42037 0.529384
24 0.815625 0.331481 0.0458333 0.148148 0.530658
0 0.44375 0.335185 0.0270833 0.144444 0.531429
0 0.0322917 0.341667 0.0645833 0.183333 0.534525
0 0.444271 0.337963 0.0239583 0.135185 0.535311
0 0.590625 0.325926 0.025 0.122222 0.539266
24 0.816146 0.330556 0.046875 0.138889 0.553081
0 0.590625 0.325 0.0229167 0.12037 0.554402
0 0.590625 0.325 0.025 0.124074 0.554732
0 0.745833 0.380556 0.0520833 0.372222 0.559602
24 0.815625 0.334259 0.0458333 0.138889 0.562726
24 0.816146 0.32963 0.046875 0.133333 0.566734
0 0.444271 0.334259 0.0260417 0.138889 0.570418
0 0.397917 0.333333 0.0291667 0.159259 0.571886
24 0.815625 0.333333 0.0458333 0.137037 0.57735
24 0.816146 0.330556 0.046875 0.135185 0.589788
24 0.815625 0.333333 0.0458333 0.137037 0.595215
24 0.815104 0.333333 0.046875 0.144444 0.603425
0 0.754167 0.387963 0.0645833 0.401852 0.60529
0 0.444271 0.335185 0.0260417 0.140741 0.609445
24 0.814583 0.332407 0.0458333 0.142593 0.611503
0 0.397396 0.333333 0.028125 0.159259 0.61154
0 0.623958 0.312037 0.0208333 0.101852 0.615871
0 0.744792 0.37963 0.0479167 0.362963 0.617352
0 0.444271 0.336111 0.0260417 0.127778 0.619395
0 0.44375 0.335185 0.025 0.137037 0.620998
0 0.625 0.311111 0.0208333 0.0962963 0.621451
0 0.753646 0.387037 0.0635417 0.403704 0.622193
0 0.745833 0.381481 0.0520833 0.377778 0.622391
0 0.398438 0.333333 0.028125 0.159259 0.622589
0 0.753646 0.386111 0.0635417 0.405556 0.62845
0 0.782812 0.394444 0.0697917 0.418519 0.629313
0 0.744792 0.37963 0.0479167 0.359259 0.631206
0 0.782292 0.394444 0.0708333 0.418519 0.636421
0 0.744792 0.380556 0.0479167 0.361111 0.63743
0 0.782812 0.394444 0.0697917 0.414815 0.637455
0 0.590625 0.324074 0.025 0.12963 0.637715
0 0.625 0.311111 0.0208333 0.1 0.65626
0 0.367188 0.324074 0.021875 0.1 0.658831
0 0.625 0.311111 0.0208333 0.1 0.661581
0 0.03125 0.340741 0.0625 0.181481 0.663118
0 0.625 0.312037 0.0208333 0.101852 0.664683
0 0.397917 0.334259 0.0291667 0.161111 0.674314
0 0.625 0.312037 0.0208333 0.0981481 0.675402
0 0.783333 0.392593 0.0729167 0.418519 0.68097
0 0.367188 0.324074 0.021875 0.103704 0.681773
0 0.366667 0.324074 0.0208333 0.103704 0.685297
0 0.03125 0.341667 0.0625 0.183333 0.697462
0 0.590104 0.325 0.0239583 0.124074 0.699609
0 0.03125 0.341667 0.0625 0.183333 0.702522
0 0.44375 0.334259 0.025 0.142593 0.706998
0 0.444792 0.336111 0.025 0.131481 0.71017
0 0.444792 0.336111 0.025 0.131481 0.714355
0 0.590625 0.325 0.0229167 0.124074 0.714518
0 0.397917 0.335185 0.0291667 0.162963 0.716017
0 0.625 0.312037 0.0208333 0.101852 0.721352
0 0.625 0.312037 0.0208333 0.101852 0.724523
0 0.398438 0.334259 0.028125 0.161111 0.724984
0 0.590625 0.325926 0.0229167 0.122222 0.727032
0 0.590625 0.324074 0.025 0.12963 0.729168
0 0.0307292 0.341667 0.0614583 0.187037 0.732922
0 0.0317708 0.344444 0.0635417 0.181481 0.733722
0 0.0307292 0.341667 0.0614583 0.183333 0.734587
0 0.0322917 0.343519 0.0645833 0.17963 0.736222
0 0.0307292 0.341667 0.0614583 0.187037 0.736664
0 0.590104 0.325 0.0239583 0.127778 0.737111
0 0.03125 0.340741 0.0625 0.181481 0.741692
0 0.0307292 0.341667 0.0614583 0.187037 0.742778
0 0.0302083 0.341667 0.0604167 0.183333 0.743182
0 0.366667 0.323148 0.0208333 0.105556 0.744525
0 0.366667 0.323148 0.01875 0.101852 0.746192
0 0.0302083 0.341667 0.0604167 0.183333 0.750974
0 0.590625 0.325 0.025 0.127778 0.756686
0 0.590625 0.325 0.025 0.127778 0.763835
0 0.366146 0.324074 0.0197917 0.1 0.764566
0 0.366667 0.322222 0.01875 0.103704 0.773428
0 0.398438 0.331481 0.028125 0.148148 0.773868
0 0.366146 0.322222 0.0197917 0.103704 0.775355
0 0.398438 0.331481 0.028125 0.144444 0.775593
0 0.03125 0.342593 0.0625 0.185185 0.779416
0 0.397917 0.334259 0.0270833 0.161111 0.784349
0 0.397917 0.334259 0.0270833 0.157407 0.793814
0 0.747396 0.37963 0.0510417 0.366667 0.795304
0 0.747396 0.378704 0.0510417 0.368519 0.806316
0 0.747396 0.378704 0.0510417 0.364815 0.813275
0 0.783333 0.393519 0.06875 0.42037 0.815804
0 0.782812 0.390741 0.0697917 0.422222 0.856954
0 0.782812 0.390741 0.0697917 0.422222 0.861204
0 0.782812 0.391667 0.0697917 0.427778 0.862326
