0 0.473958 0.37963 0.0229167 0.125926 0.253942
0 0.556771 0.386111 0.034375 0.15 0.256432
0 0.473958 0.37963 0.0229167 0.125926 0.257431
0 0.358854 0.378704 0.0302083 0.153704 0.260358
0 0.129688 0.347222 0.0135417 0.0944444 0.267895
13 0.352083 0.473148 0.189583 0.201852 0.269329
0 0.478125 0.375926 0.0229167 0.12963 0.271809
0 0.932813 0.603704 0.132292 0.637037 0.272395
0 0.358333 0.378704 0.03125 0.153704 0.272729
0 0.55625 0.386111 0.0333333 0.15 0.274084
0 0.504687 0.369444 0.0239583 0.116667 0.282723
0 0.747917 0.358333 0.0479167 0.172222 0.285058
0 0.129688 0.35463 0.015625 0.105556 0.285581
0 0.260938 0.357407 0.028125 0.118519 0.288327
0 0.780729 0.594444 0.117708 0.611111 0.291657
0 0.747917 0.358333 0.0479167 0.172222 0.292875
0 0.257292 0.360185 0.0270833 0.109259 0.293015
0 0.747917 0.358333 0.0479167 0.172222 0.294176
0 0.504687 0.37037 0.0239583 0.114815 0.29515
0 0.930729 0.605556 0.134375 0.648148 0.295536
13 0.359896 0.472222 0.203125 0.203704 0.296691
0 0.476562 0.378704 0.021875 0.135185 0.298587
0 0.55625 0.386111 0.0333333 0.15 0.302769
0 0.502083 0.375926 0.0229167 0.125926 0.306154
0 0.260938 0.357407 0.028125 0.122222 0.309193
0 0.260938 0.357407 0.028125 0.122222 0.312671
0 0.748438 0.380556 0.0510417 0.212963 0.313579
0 0.748438 0.380556 0.0510417 0.212963 0.314256
0 0.129167 0.35463 0.0145833 0.105556 0.314768
0 0.746875 0.37963 0.0520833 0.207407 0.317652
0 0.748438 0.380556 0.0510417 0.212963 0.321079
0 0.508333 0.376852 0.03125 0.127778 0.322408
0 0.129167 0.35463 0.0145833 0.105556 0.332529
0 0.502083 0.375926 0.0208333 0.12963 0.333035
13 0.360938 0.471296 0.201042 0.194444 0.333648
0 0.558333 0.391667 0.0333333 0.153704 0.335268
0 0.257292 0.360185 0.0270833 0.109259 0.337723
13 0.35 0.466667 0.183333 0.185185 0.337873
0 0.558333 0.390741 0.0333333 0.151852 0.339696
0 0.152083 0.353704 0.0229167 0.103704 0.350335
0 0.746875 0.381481 0.05 0.218519 0.35288
0 0.502083 0.375 0.0208333 0.127778 0.353255
0 0.747396 0.381481 0.0489583 0.218519 0.354917
0 0.746875 0.381481 0.0520833 0.214815 0.355419
0 0.747396 0.380556 0.0489583 0.216667 0.355725
0 0.771354 0.616667 0.107292 0.640741 0.367464
0 0.771354 0.616667 0.105208 0.637037 0.370652
0 0.514583 0.375 0.0208333 0.112963 0.373575
0 0.477083 0.375926 0.01875 0.12963 0.378129
0 0.508854 0.376852 0.0302083 0.127778 0.383218
0 0.606771 0.369444 0.0197917 0.0981481 0.383236
0 0.509375 0.375926 0.03125 0.125926 0.383773
0 0.514583 0.375 0.0229167 0.112963 0.384961
0 0.515104 0.375926 0.021875 0.111111 0.394091
0 0.781771 0.59537 0.119792 0.601852 0.394264
0 0.15 0.357407 0.0229167 0.103704 0.400462
0 0.508854 0.376852 0.0302083 0.127778 0.403458
0 0.60625 0.360185 0.01875 0.0907407 0.403643
0 0.257812 0.361111 0.028125 0.114815 0.408487
0 0.151042 0.357407 0.0229167 0.103704 0.41271
0 0.925 0.603704 0.125 0.651852 0.4145
0 0.152604 0.35463 0.021875 0.105556 0.417868
0 0.354688 0.37963 0.0322917 0.159259 0.420891
0 0.256771 0.362037 0.0260417 0.12037 0.421554
0 0.150521 0.357407 0.021875 0.103704 0.422883
0 0.354688 0.380556 0.0322917 0.161111 0.426717
0 0.257292 0.361111 0.0270833 0.107407 0.427097
0 0.152083 0.357407 0.0229167 0.0962963 0.437509
0 0.257812 0.361111 0.028125 0.114815 0.447169
0 0.508854 0.375926 0.0302083 0.122222 0.447847
0 0.256771 0.363889 0.0260417 0.127778 0.448117
0 0.477604 0.375926 0.0197917 0.133333 0.449267
0 0.257812 0.362963 0.028125 0.118519 0.452459
0 0.152083 0.356481 0.0229167 0.0981481 0.455534
0 0.152083 0.356481 0.0229167 0.0981481 0.46223
0 0.256771 0.363889 0.0260417 0.127778 0.463654
0 0.477604 0.375926 0.0197917 0.133333 0.465889
0 0.556771 0.391667 0.0322917 0.153704 0.467471
0 0.507292 0.376852 0.03125 0.12037 0.470824
0 0.556771 0.391667 0.0322917 0.153704 0.471046
0 0.257812 0.361111 0.028125 0.114815 0.474472
0 0.780729 0.611111 0.123958 0.625926 0.476479
0 0.509896 0.375 0.0302083 0.124074 0.481869
0 0.357292 0.382407 0.03125 0.153704 0.482795
0 0.556771 0.392593 0.0322917 0.151852 0.485298
0 0.357292 0.382407 0.03125 0.153704 0.494964
0 0.355729 0.377778 0.0322917 0.159259 0.50251
0 0.921875 0.605556 0.11875 0.659259 0.503332
0 0.355729 0.377778 0.0322917 0.159259 0.506146
0 0.507292 0.376852 0.03125 0.12037 0.507743
0 0.921875 0.60463 0.11875 0.664815 0.508224
0 0.925521 0.60463 0.123958 0.653704 0.510306
0 0.0161458 0.388889 0.0322917 0.174074 0.516818
0 0.257812 0.362963 0.0260417 0.118519 0.520151
0 0.507292 0.376852 0.03125 0.12037 0.520851
0 0.258333 0.361111 0.0270833 0.111111 0.521773
0 0.257812 0.362963 0.0260417 0.118519 0.533982
0 0.780208 0.611111 0.125 0.625926 0.536101
0 0.921875 0.606481 0.120833 0.646296 0.542525
0 0.605208 0.369444 0.0208333 0.087037 0.544519
0 0.257292 0.363889 0.025 0.116667 0.545479
0 0.015625 0.39537 0.03125 0.17963 0.547988
0 0.355729 0.376852 0.0322917 0.157407 0.549325
0 0.257812 0.361111 0.0260417 0.114815 0.550429
0 0.605729 0.364815 0.0197917 0.0888889 0.564813
0 0.0161458 0.388889 0.0322917 0.174074 0.574663
0 0.779167 0.608333 0.11875 0.627778 0.578191
0 0.015625 0.39537 0.03125 0.17963 0.587696
0 0.923437 0.606481 0.128125 0.642593 0.58942
0 0.0166667 0.391667 0.0333333 0.175926 0.595326
0 0.605729 0.369444 0.0197917 0.0907407 0.610291
0 0.605729 0.364815 0.0197917 0.0888889 0.610436
0 0.0166667 0.393519 0.0333333 0.175926 0.610992
0 0.605729 0.369444 0.0197917 0.0907407 0.613722
0 0.60625 0.367593 0.0208333 0.0981481 0.614166
0 0.60625 0.364815 0.01875 0.0888889 0.61746
0 0.015625 0.394444 0.03125 0.177778 0.621411
0 0.015625 0.393519 0.03125 0.17963 0.626717
0 0.355729 0.381481 0.0322917 0.159259 0.630287
0 0.776563 0.607407 0.113542 0.62963 0.630873
0 0.60625 0.365741 0.0208333 0.0981481 0.632344
0 0.355729 0.381481 0.0322917 0.159259 0.634338
0 0.355729 0.381481 0.0322917 0.159259 0.636231
0 0.925521 0.606481 0.128125 0.657407 0.650355
0 0.355208 0.37963 0.03125 0.155556 0.650484
0 0.015625 0.39537 0.03125 0.17963 0.653959
0 0.0161458 0.388889 0.0322917 0.174074 0.657722
0 0.355208 0.378704 0.03125 0.157407 0.669617
0 0.0166667 0.392593 0.0333333 0.177778 0.670941
0 0.355208 0.37963 0.03125 0.159259 0.682219
0 0.55625 0.389815 0.0333333 0.15 0.684336
0 0.0166667 0.392593 0.0333333 0.177778 0.685952
0 0.55625 0.390741 0.0333333 0.151852 0.695166
0 0.35625 0.381481 0.03125 0.159259 0.69641
0 0.0161458 0.393519 0.0322917 0.17963 0.697532
0 0.55625 0.390741 0.0333333 0.148148 0.698723
0 0.35625 0.381481 0.03125 0.159259 0.700725
0 0.778125 0.601852 0.1125 0.611111 0.703474
0 0.55625 0.390741 0.0333333 0.148148 0.704916
0 0.556771 0.389815 0.0322917 0.15 0.705333
0 0.923437 0.608333 0.130208 0.646296 0.708245
0 0.0161458 0.393519 0.0322917 0.17963 0.725256
0 0.55625 0.390741 0.0333333 0.151852 0.728927
0 0.556771 0.389815 0.0322917 0.15 0.730704
0 0.779167 0.608333 0.11875 0.631481 0.731205
0 0.921875 0.605556 0.120833 0.655556 0.735115
0 0.925 0.606481 0.127083 0.653704 0.741355
0 0.776042 0.608333 0.1125 0.646296 0.752432
0 0.55625 0.388889 0.0333333 0.151852 0.755692
0 0.55625 0.389815 0.0333333 0.15 0.758584
0 0.777604 0.602778 0.113542 0.62037 0.764801
0 0.556771 0.390741 0.0322917 0.151852 0.765922
0 0.0161458 0.393519 0.0322917 0.17963 0.77654
0 0.778125 0.614815 0.11875 0.633333 0.800365
0 0.778646 0.613889 0.117708 0.631481 0.821194
