13 0.379167 0.45 0.0916667 0.0777778 0.250612
13 0.422396 0.590741 0.169792 0.111111 0.251441
0 0.113021 0.392593 0.0177083 0.0925926 0.252178
0 0.790625 0.4 0.0270833 0.12963 0.252502
0 0.258333 0.384259 0.0145833 0.087037 0.253125
0 0.509375 0.385185 0.0166667 0.1 0.253327
13 0.430208 0.587963 0.177083 0.101852 0.259292
13 0.307292 0.44537 0.0666667 0.101852 0.261444
0 0.0427083 0.414815 0.0333333 0.177778 0.262178
0 0.384375 0.349074 0.0166667 0.0833333 0.262238
0 0.461979 0.389815 0.0239583 0.112963 0.262652
13 0.307292 0.44537 0.0645833 0.0981481 0.263542
13 0.306771 0.44537 0.0677083 0.101852 0.263649
0 0.0427083 0.412963 0.0333333 0.177778 0.265636
0 0.378646 0.353704 0.0239583 0.0851852 0.266073
13 0.430208 0.587963 0.183333 0.105556 0.266692
13 0.422917 0.591667 0.172917 0.112963 0.267221
13 0.313542 0.44537 0.08125 0.0981481 0.269575
13 0.422917 0.591667 0.172917 0.112963 0.269911
0 0.0416667 0.412963 0.03125 0.174074 0.270209
0 0.464063 0.387037 0.0260417 0.111111 0.270239
0 0.978646 0.556481 0.0427083 0.561111 0.270256
13 0.472396 0.662037 0.269792 0.264815 0.270453
0 0.386979 0.353704 0.0197917 0.0888889 0.272012
0 0.166146 0.396296 0.0260417 0.118519 0.272106
0 0.4625 0.389815 0.025 0.109259 0.272117
0 0.978125 0.555556 0.04375 0.585185 0.272811
13 0.36875 0.449074 0.0729167 0.0759259 0.274866
0 0.4625 0.389815 0.025 0.109259 0.276142
13 0.424479 0.585185 0.167708 0.103704 0.281486
13 0.306771 0.44537 0.065625 0.0981481 0.282112
13 0.372396 0.456481 0.090625 0.0685185 0.282144
13 0.429688 0.587963 0.182292 0.105556 0.283759
13 0.306771 0.443519 0.065625 0.0981481 0.284916
13 0.307292 0.44537 0.0645833 0.0981481 0.285208
13 0.371875 0.456481 0.0854167 0.0685185 0.285725
0 0.367708 0.35 0.0166667 0.0888889 0.286752
13 0.306771 0.44537 0.065625 0.0981481 0.287171
0 0.3875 0.352778 0.01875 0.087037 0.288423
13 0.425521 0.585185 0.173958 0.107407 0.291217
13 0.372917 0.456481 0.0895833 0.0685185 0.29185
0 0.409896 0.372222 0.021875 0.1 0.292149
13 0.379687 0.457407 0.0947917 0.0666667 0.292833
0 0.410417 0.371296 0.0208333 0.101852 0.29344
13 0.30625 0.443519 0.0645833 0.0981481 0.295309
13 0.307813 0.44537 0.0635417 0.0981481 0.295565
0 0.264062 0.383333 0.021875 0.0925926 0.299868
13 0.378125 0.448148 0.0875 0.0814815 0.300902
13 0.36875 0.449074 0.0770833 0.0759259 0.302986
0 0.464583 0.383333 0.025 0.111111 0.305001
13 0.470313 0.661111 0.269792 0.262963 0.306011
13 0.30625 0.444444 0.0666667 0.0962963 0.30922
0 0.464583 0.384259 0.025 0.109259 0.310669
0 0.3875 0.352778 0.01875 0.087037 0.312094
13 0.308333 0.446296 0.06875 0.0962963 0.312259
13 0.372396 0.456481 0.0864583 0.0685185 0.31361
13 0.425 0.584259 0.172917 0.105556 0.315848
0 0.300521 0.362963 0.0197917 0.0666667 0.315882
0 0.264062 0.380556 0.0197917 0.0944444 0.316048
0 0.410417 0.372222 0.0208333 0.1 0.316381
0 0.367708 0.350926 0.0166667 0.0907407 0.318729
13 0.378125 0.455556 0.0958333 0.0666667 0.321324
0 0.790104 0.400926 0.0260417 0.138889 0.321675
0 0.524479 0.40463 0.0322917 0.131481 0.321697
0 0.3 0.362963 0.0208333 0.0666667 0.322554
0 0.370833 0.352778 0.01875 0.087037 0.323425
0 0.382292 0.350926 0.0208333 0.087037 0.324473
13 0.378646 0.448148 0.090625 0.0814815 0.324736
13 0.429167 0.582407 0.172917 0.101852 0.324874
0 0.3 0.364815 0.01875 0.0666667 0.325281
0 0.3 0.364815 0.01875 0.0666667 0.326643
13 0.423958 0.586111 0.16875 0.112963 0.329598
13 0.423958 0.586111 0.170833 0.112963 0.330882
0 0.565625 0.391667 0.0291667 0.153704 0.332022
0 0.382292 0.351852 0.01875 0.0851852 0.33425
0 0.266667 0.381481 0.0229167 0.0962963 0.335887
0 0.526042 0.405556 0.03125 0.133333 0.336897
0 0.266667 0.381481 0.0229167 0.0925926 0.337091
0 0.790104 0.400926 0.0260417 0.138889 0.337459
13 0.378125 0.456481 0.0958333 0.0648148 0.338059
0 0.300521 0.362963 0.0197917 0.0666667 0.340613
13 0.373437 0.44537 0.0864583 0.0796296 0.341713
0 0.565625 0.391667 0.0291667 0.153704 0.341818
0 0.565625 0.391667 0.0291667 0.153704 0.342889
13 0.423438 0.586111 0.171875 0.112963 0.345302
0 0.523958 0.410185 0.0333333 0.138889 0.345829
13 0.373958 0.44537 0.0854167 0.0796296 0.346775
13 0.375521 0.446296 0.0947917 0.0814815 0.347041
0 0.3 0.363889 0.01875 0.0648148 0.348588
0 0.165625 0.397222 0.025 0.12037 0.348895
0 0.382292 0.351852 0.01875 0.0851852 0.348906
0 0.166146 0.396296 0.0260417 0.122222 0.352243
0 0.791146 0.402778 0.028125 0.142593 0.352428
0 0.266667 0.381481 0.0229167 0.0925926 0.352674
0 0.165625 0.400926 0.0270833 0.124074 0.352752
0 0.298438 0.362963 0.0197917 0.0666667 0.356795
0 0.524479 0.410185 0.0322917 0.138889 0.357766
13 0.472396 0.666667 0.269792 0.255556 0.362763
0 0.297917 0.364815 0.01875 0.0666667 0.362764
0 0.297396 0.364815 0.0177083 0.0666667 0.364246
0 0.524479 0.407407 0.0322917 0.144444 0.365418
0 0.297917 0.363889 0.01875 0.0685185 0.366419
0 0.791146 0.398148 0.028125 0.137037 0.368379
13 0.472396 0.667593 0.269792 0.25 0.369003
0 0.970312 0.565741 0.059375 0.542593 0.371176
0 0.524479 0.408333 0.0322917 0.146296 0.373023
0 0.791146 0.397222 0.028125 0.135185 0.374294
0 0.299479 0.362963 0.0197917 0.0666667 0.375539
13 0.470313 0.660185 0.267708 0.257407 0.378347
0 0.259375 0.384259 0.0166667 0.087037 0.379125
0 0.298438 0.363889 0.0197917 0.0648148 0.380154
0 0.791146 0.403704 0.028125 0.144444 0.380559
0 0.297917 0.363889 0.01875 0.0648148 0.383025
0 0.791146 0.398148 0.028125 0.137037 0.384472
13 0.436979 0.589815 0.192708 0.116667 0.385449
0 0.258854 0.383333 0.0177083 0.0888889 0.392095
13 0.470833 0.659259 0.26875 0.255556 0.392843
0 0.507292 0.37037 0.0166667 0.0888889 0.394413
0 0.464063 0.387037 0.0260417 0.111111 0.395542
13 0.376563 0.449074 0.0947917 0.0833333 0.395635
0 0.369271 0.351852 0.0177083 0.0851852 0.396891
0 0.524479 0.408333 0.0322917 0.146296 0.3979
0 0.165625 0.4 0.0270833 0.122222 0.398533
13 0.424479 0.586111 0.167708 0.109259 0.399756
0 0.0520833 0.433333 0.0479167 0.211111 0.402741
0 0.369271 0.350926 0.0177083 0.087037 0.403753
0 0.565625 0.389815 0.0291667 0.15 0.406309
0 0.565625 0.387037 0.03125 0.133333 0.407096
13 0.378125 0.447222 0.0916667 0.0759259 0.408505
0 0.259375 0.383333 0.0166667 0.0888889 0.412611
0 0.0520833 0.433333 0.0479167 0.211111 0.415821
0 0.791146 0.403704 0.028125 0.144444 0.421337
0 0.565625 0.389815 0.0291667 0.15 0.422685
13 0.377604 0.447222 0.090625 0.0759259 0.426352
0 0.369271 0.351852 0.0177083 0.0851852 0.430321
0 0.297396 0.364815 0.0197917 0.0666667 0.430648
0 0.507292 0.369444 0.0145833 0.087037 0.430797
0 0.791667 0.4 0.0291667 0.137037 0.438838
0 0.790625 0.4 0.0270833 0.137037 0.438945
0 0.464063 0.387037 0.0239583 0.114815 0.447982
0 0.791667 0.399074 0.0291667 0.138889 0.453517
0 0.464583 0.384259 0.0229167 0.112963 0.454745
0 0.790625 0.399074 0.0270833 0.135185 0.459195
0 0.05 0.42963 0.0458333 0.211111 0.461093
0 0.0505208 0.430556 0.0447917 0.212963 0.461882
0 0.791667 0.4 0.0291667 0.137037 0.462584
0 0.507292 0.369444 0.0145833 0.087037 0.463202
0 0.464063 0.387037 0.0239583 0.114815 0.463285
0 0.566146 0.386111 0.0302083 0.15 0.465235
0 0.464063 0.387037 0.0239583 0.111111 0.46996
0 0.464063 0.386111 0.0239583 0.112963 0.475324
0 0.566146 0.385185 0.0302083 0.148148 0.476532
0 0.0552083 0.437963 0.0520833 0.205556 0.476701
0 0.507292 0.374074 0.0166667 0.0888889 0.477975
0 0.566146 0.385185 0.0302083 0.148148 0.48092
0 0.166146 0.4 0.0260417 0.125926 0.485251
0 0.410417 0.375 0.0208333 0.101852 0.485531
0 0.0552083 0.437963 0.0520833 0.205556 0.485658
0 0.523438 0.40463 0.034375 0.15 0.486105
0 0.525 0.411111 0.0333333 0.140741 0.493
0 0.525 0.410185 0.0333333 0.142593 0.493624
0 0.0552083 0.437963 0.0520833 0.205556 0.49374
0 0.166146 0.400926 0.0260417 0.127778 0.504087
0 0.506771 0.374074 0.015625 0.0925926 0.5068
0 0.410937 0.378704 0.0197917 0.0981481 0.512684
0 0.507292 0.374074 0.0166667 0.0925926 0.512841
0 0.525 0.40463 0.0333333 0.142593 0.515983
0 0.411979 0.376852 0.021875 0.0981481 0.520044
0 0.411458 0.375926 0.01875 0.0962963 0.524294
0 0.507292 0.374074 0.0166667 0.0925926 0.525767
0 0.411979 0.377778 0.021875 0.1 0.528702
0 0.525 0.40463 0.0333333 0.142593 0.53671
0 0.411979 0.377778 0.021875 0.1 0.538979
0 0.411979 0.375926 0.0197917 0.1 0.540089
0 0.464063 0.384259 0.0239583 0.109259 0.548458
0 0.411979 0.376852 0.0197917 0.0981481 0.548951
0 0.166146 0.4 0.0260417 0.122222 0.553988
0 0.566146 0.385185 0.0302083 0.144444 0.559908
0 0.0536458 0.436111 0.0552083 0.212963 0.560764
0 0.464063 0.384259 0.0239583 0.109259 0.569209
0 0.464063 0.384259 0.0239583 0.109259 0.571173
0 0.166146 0.4 0.0260417 0.122222 0.577547
0 0.566146 0.385185 0.0302083 0.144444 0.578817
0 0.527083 0.40463 0.03125 0.15 0.590248
0 0.528125 0.40463 0.03125 0.15 0.60677
0 0.464583 0.383333 0.0229167 0.107407 0.607493
0 0.0552083 0.436111 0.0520833 0.201852 0.614502
0 0.465104 0.383333 0.021875 0.107407 0.625045
0 0.975 0.568519 0.05 0.540741 0.626527
0 0.0552083 0.435185 0.0520833 0.207407 0.628531
0 0.526042 0.40463 0.03125 0.146296 0.63532
0 0.465104 0.384259 0.021875 0.109259 0.639339
0 0.526563 0.403704 0.0302083 0.148148 0.641062
0 0.0541667 0.435185 0.05 0.214815 0.641251
0 0.465104 0.384259 0.021875 0.109259 0.641841
0 0.526042 0.407407 0.03125 0.148148 0.647022
0 0.0541667 0.435185 0.05 0.211111 0.64926
0 0.526042 0.407407 0.03125 0.148148 0.650534
0 0.053125 0.436111 0.0520833 0.209259 0.651821
0 0.053125 0.434259 0.0520833 0.212963 0.658263
0 0.526042 0.406481 0.0333333 0.146296 0.661823
0 0.526042 0.405556 0.0333333 0.148148 0.668656
0 0.975 0.57037 0.05 0.551852 0.670745
0 0.0536458 0.435185 0.053125 0.211111 0.671256
0 0.526042 0.40463 0.03125 0.146296 0.672335
0 0.526042 0.406481 0.03125 0.15 0.679603
0 0.053125 0.436111 0.0520833 0.209259 0.695839
0 0.0526042 0.433333 0.0510417 0.211111 0.7086
0 0.166667 0.398148 0.025 0.122222 0.711024
0 0.166667 0.399074 0.025 0.124074 0.736707
0 0.0526042 0.434259 0.0510417 0.212963 0.739088
0 0.166667 0.399074 0.025 0.124074 0.740518
0 0.166667 0.400926 0.025 0.124074 0.742418
0 0.053125 0.436111 0.0520833 0.209259 0.747496
0 0.565625 0.388889 0.03125 0.151852 0.758194
0 0.0526042 0.434259 0.0510417 0.212963 0.764662
0 0.565625 0.389815 0.03125 0.153704 0.771224
0 0.976562 0.564815 0.046875 0.559259 0.788356
0 0.976562 0.566667 0.046875 0.559259 0.789961
0 0.566146 0.387037 0.0302083 0.151852 0.793352
0 0.975521 0.565741 0.046875 0.564815 0.795179
0 0.566146 0.387037 0.0302083 0.151852 0.796202
0 0.565625 0.388889 0.03125 0.151852 0.796403
0 0.565625 0.387037 0.03125 0.140741 0.798106
0 0.165625 0.4 0.025 0.122222 0.798871
0 0.977083 0.564815 0.0458333 0.562963 0.799451
0 0.565625 0.387037 0.03125 0.140741 0.800665
0 0.165625 0.4 0.025 0.125926 0.801258
0 0.566146 0.387037 0.0302083 0.151852 0.803444
0 0.565104 0.387963 0.0302083 0.15 0.803651
0 0.565625 0.387963 0.03125 0.146296 0.805091
0 0.165625 0.4 0.025 0.125926 0.832154
0 0.166146 0.400926 0.0239583 0.124074 0.833497
0 0.165625 0.4 0.025 0.125926 0.842145
