0 0.338542 0.353704 0.0166667 0.0592593 0.252996
0 0.434896 0.387963 0.071875 0.15 0.257727
0 0.457292 0.388889 0.0291667 0.137037 0.257988
0 0.393229 0.349074 0.0135417 0.0685185 0.260371
0 0.517708 0.387037 0.0520833 0.111111 0.265893
0 0.00885417 0.374074 0.0177083 0.107407 0.266662
0 0.341146 0.348148 0.015625 0.062963 0.267191
0 0.00885417 0.374074 0.0177083 0.107407 0.268605
0 0.560417 0.351852 0.0145833 0.0666667 0.272277
0 0.340625 0.35 0.0166667 0.062963 0.281917
0 0.533854 0.39537 0.0302083 0.112963 0.283102
0 0.533854 0.394444 0.0302083 0.114815 0.283579
0 0.341146 0.348148 0.015625 0.062963 0.287814
0 0.0364583 0.375926 0.0270833 0.114815 0.291985
0 0.458333 0.387037 0.0291667 0.144444 0.300472
0 0.435417 0.387963 0.06875 0.146296 0.302407
0 0.619271 0.372222 0.0260417 0.111111 0.303598
0 0.517708 0.387963 0.05 0.109259 0.306054
0 0.53125 0.394444 0.03125 0.107407 0.306645
0 0.340625 0.350926 0.0166667 0.0611111 0.307016
0 0.339583 0.350926 0.0166667 0.0611111 0.308496
0 0.561458 0.35463 0.0166667 0.0685185 0.3103
0 0.458333 0.386111 0.0291667 0.146296 0.3115
0 0.965625 0.516667 0.06875 0.644444 0.314049
0 0.434896 0.387963 0.0697917 0.146296 0.324753
0 0.0364583 0.375926 0.0270833 0.114815 0.328178
0 0.619271 0.373148 0.0260417 0.112963 0.329889
0 0.559896 0.351852 0.0135417 0.0666667 0.333865
0 0.619271 0.372222 0.0260417 0.114815 0.337011
0 0.340625 0.350926 0.0166667 0.0611111 0.340371
0 0.531771 0.393519 0.0302083 0.105556 0.340929
0 0.338021 0.353704 0.015625 0.0592593 0.342198
0 0.50625 0.380556 0.03125 0.12037 0.346006
0 0.456771 0.391667 0.028125 0.15 0.35096
0 0.620833 0.378704 0.0270833 0.12037 0.360269
0 0.393229 0.348148 0.0135417 0.0740741 0.363515
0 0.340625 0.350926 0.0166667 0.0611111 0.36718
0 0.560938 0.35463 0.015625 0.0648148 0.367233
0 0.50625 0.380556 0.03125 0.12037 0.370819
0 0.559896 0.351852 0.0135417 0.0666667 0.372116
0 0.517708 0.387037 0.05 0.111111 0.373283
0 0.456771 0.391667 0.028125 0.146296 0.374653
0 0.0369792 0.375926 0.0260417 0.114815 0.381239
0 0.01875 0.375926 0.0354167 0.111111 0.383882
0 0.50625 0.381481 0.03125 0.122222 0.386348
0 0.531771 0.393519 0.0302083 0.109259 0.387607
0 0.338021 0.353704 0.015625 0.0592593 0.388475
0 0.45625 0.390741 0.0270833 0.148148 0.393787
0 0.393229 0.348148 0.0135417 0.0740741 0.394243
0 0.457292 0.385185 0.0291667 0.148148 0.394669
0 0.457292 0.386111 0.0291667 0.146296 0.395453
0 0.505208 0.385185 0.03125 0.118519 0.399955
0 0.620313 0.378704 0.0260417 0.12037 0.406654
0 0.620313 0.378704 0.0260417 0.12037 0.407961
0 0.967188 0.507407 0.065625 0.644444 0.41079
0 0.0390625 0.372222 0.0239583 0.111111 0.417834
0 0.505729 0.385185 0.0302083 0.118519 0.420245
0 0.617188 0.376852 0.0260417 0.124074 0.425066
0 0.457292 0.386111 0.0291667 0.146296 0.436915
0 0.560938 0.353704 0.015625 0.0666667 0.437781
0 0.53125 0.392593 0.0291667 0.107407 0.443447
0 0.505729 0.388889 0.0302083 0.111111 0.449875
0 0.505729 0.388889 0.0302083 0.111111 0.455391
0 0.505729 0.388889 0.0302083 0.111111 0.458809
0 0.617188 0.377778 0.0239583 0.122222 0.462405
0 0.560938 0.353704 0.015625 0.0666667 0.46426
0 0.617708 0.377778 0.025 0.122222 0.467814
0 0.560417 0.353704 0.0145833 0.0666667 0.482562
0 0.53125 0.392593 0.0291667 0.107407 0.485449
0 0.0364583 0.375926 0.025 0.111111 0.487918
0 0.561979 0.35463 0.015625 0.0648148 0.488631
0 0.00833333 0.375 0.0166667 0.105556 0.491399
0 0.715104 0.380556 0.028125 0.168519 0.494176
0 0.531771 0.391667 0.028125 0.112963 0.494298
0 0.53125 0.392593 0.0291667 0.107407 0.503753
0 0.714583 0.381481 0.0270833 0.166667 0.504804
0 0.417708 0.384259 0.0333333 0.161111 0.508245
0 0.561979 0.35463 0.015625 0.0648148 0.510958
0 0.417188 0.383333 0.034375 0.159259 0.511119
0 0.619271 0.380556 0.028125 0.124074 0.514906
0 0.560417 0.353704 0.0145833 0.0666667 0.517443
0 0.009375 0.377778 0.01875 0.111111 0.51746
0 0.009375 0.377778 0.01875 0.111111 0.521934
0 0.53125 0.394444 0.0291667 0.107407 0.524447
0 0.009375 0.377778 0.01875 0.111111 0.527548
0 0.531771 0.391667 0.028125 0.112963 0.531515
0 0.531771 0.391667 0.028125 0.112963 0.537754
0 0.416667 0.382407 0.03125 0.157407 0.54067
0 0.505729 0.386111 0.0302083 0.116667 0.541176
0 0.417708 0.383333 0.0333333 0.159259 0.542126
0 0.416667 0.382407 0.03125 0.157407 0.542811
0 0.00989583 0.375926 0.0177083 0.111111 0.551154
0 0.715625 0.37963 0.0375 0.162963 0.554203
0 0.965625 0.518519 0.06875 0.644444 0.554442
0 0.00885417 0.375 0.0177083 0.105556 0.556177
0 0.61875 0.37963 0.0270833 0.125926 0.559722
0 0.00885417 0.375 0.0177083 0.105556 0.561178
0 0.53125 0.394444 0.0291667 0.107407 0.564839
0 0.50625 0.383333 0.0291667 0.111111 0.574624
0 0.618229 0.382407 0.0260417 0.124074 0.579663
0 0.53125 0.394444 0.0291667 0.107407 0.586777
0 0.715625 0.380556 0.0375 0.161111 0.592317
0 0.618229 0.382407 0.0260417 0.124074 0.594296
0 0.50625 0.383333 0.0291667 0.111111 0.595938
0 0.618229 0.383333 0.0260417 0.122222 0.599383
0 0.715104 0.383333 0.034375 0.155556 0.607625
0 0.50625 0.383333 0.0291667 0.111111 0.607837
0 0.619792 0.380556 0.0270833 0.124074 0.616337
0 0.965625 0.511111 0.06875 0.662963 0.62009
0 0.965625 0.507407 0.06875 0.681481 0.63423
0 0.61875 0.37963 0.0270833 0.125926 0.63449
0 0.715625 0.381481 0.0333333 0.155556 0.642841
0 0.61875 0.378704 0.0270833 0.124074 0.644134
0 0.715104 0.380556 0.034375 0.157407 0.662395
0 0.0375 0.375 0.0229167 0.112963 0.664101
0 0.0375 0.375 0.0229167 0.109259 0.668254
0 0.715625 0.381481 0.0333333 0.155556 0.673382
0 0.61875 0.37963 0.0270833 0.125926 0.682754
0 0.715104 0.382407 0.034375 0.157407 0.68404
0 0.0369792 0.376852 0.0239583 0.109259 0.687124
0 0.715104 0.380556 0.034375 0.157407 0.687162
0 0.715104 0.380556 0.034375 0.157407 0.702545
0 0.0375 0.375 0.0229167 0.109259 0.705564
0 0.966146 0.506481 0.0677083 0.664815 0.710935
0 0.0375 0.375 0.0229167 0.109259 0.715715
0 0.0369792 0.376852 0.0239583 0.109259 0.726105
0 0.61875 0.380556 0.0270833 0.127778 0.729616
0 0.715625 0.381481 0.0333333 0.155556 0.730551
0 0.966146 0.507407 0.0677083 0.677778 0.732674
0 0.714583 0.37963 0.0354167 0.155556 0.735779
0 0.714063 0.380556 0.0364583 0.157407 0.740154
0 0.618229 0.37963 0.0260417 0.125926 0.743006
0 0.0369792 0.376852 0.0239583 0.109259 0.744812
0 0.715104 0.383333 0.034375 0.155556 0.74772
0 0.619271 0.381481 0.0260417 0.122222 0.750663
0 0.967188 0.507407 0.065625 0.674074 0.752654
0 0.61875 0.380556 0.0270833 0.124074 0.754003
0 0.0369792 0.375926 0.0239583 0.111111 0.754051
0 0.457292 0.389815 0.0291667 0.15 0.765111
0 0.457292 0.388889 0.0291667 0.148148 0.766237
0 0.61875 0.380556 0.0270833 0.124074 0.774118
0 0.417188 0.387037 0.0302083 0.155556 0.781596
0 0.417188 0.387963 0.0302083 0.157407 0.782787
0 0.61875 0.380556 0.0270833 0.124074 0.78751
0 0.967708 0.50463 0.0645833 0.661111 0.791975
0 0.457292 0.388889 0.0291667 0.148148 0.793073
0 0.417188 0.387963 0.0302083 0.157407 0.798577
0 0.416146 0.384259 0.0322917 0.161111 0.805686
0 0.416667 0.385185 0.0291667 0.155556 0.806326
0 0.416667 0.385185 0.0333333 0.159259 0.808519
0 0.416667 0.385185 0.0291667 0.151852 0.81271
0 0.457292 0.388889 0.0291667 0.148148 0.814156
0 0.457292 0.388889 0.0291667 0.144444 0.816069
0 0.966146 0.507407 0.0677083 0.67037 0.818176
0 0.456771 0.387963 0.028125 0.153704 0.83259
0 0.456771 0.387963 0.028125 0.15 0.841613
0 0.966667 0.506481 0.0666667 0.672222 0.886703
0 0.965625 0.512037 0.06875 0.668519 0.886983
