0 0.25625 0.386111 0.025 0.0759259 0.250984
0 0.656771 0.425 0.0239583 0.116667 0.252853
0 0.945312 0.592593 0.109375 0.496296 0.253908
13 0.382292 0.630556 0.233333 0.172222 0.254758
0 0.657292 0.425 0.0229167 0.116667 0.255068
0 0.25625 0.388889 0.0229167 0.0740741 0.256688
0 0.314583 0.392593 0.0145833 0.0703704 0.258527
13 0.382812 0.630556 0.232292 0.172222 0.258752
0 0.257292 0.386111 0.025 0.0759259 0.259639
0 0.256771 0.388889 0.0239583 0.0740741 0.261528
13 0.343229 0.587963 0.165625 0.101852 0.262556
13 0.361979 0.600926 0.207292 0.124074 0.264686
0 0.25625 0.385185 0.025 0.0740741 0.268426
0 0.192708 0.392593 0.0229167 0.0703704 0.270438
0 0.945833 0.591667 0.108333 0.505556 0.270737
13 0.280729 0.477778 0.0885417 0.0703704 0.272916
0 0.192708 0.392593 0.0229167 0.0703704 0.274038
13 0.20625 0.462037 0.0625 0.0907407 0.276974
13 0.206771 0.462037 0.0635417 0.0907407 0.278534
13 0.207292 0.477778 0.0645833 0.118519 0.27969
0 0.948438 0.577778 0.103125 0.47037 0.280164
0 0.25625 0.389815 0.0229167 0.0722222 0.28102
0 0.192188 0.389815 0.021875 0.0685185 0.284199
0 0.192188 0.389815 0.021875 0.0685185 0.285343
13 0.20625 0.464815 0.0625 0.0962963 0.289109
13 0.342708 0.587037 0.1625 0.1 0.289308
13 0.277083 0.476852 0.0895833 0.0759259 0.289724
0 0.0364583 0.439815 0.0270833 0.124074 0.290192
0 0.0364583 0.439815 0.0270833 0.124074 0.291215
0 0.657812 0.412963 0.0239583 0.0888889 0.29234
0 0.0369792 0.430556 0.028125 0.112963 0.293115
0 0.192708 0.391667 0.0229167 0.0685185 0.293263
0 0.945833 0.590741 0.108333 0.477778 0.293285
13 0.343229 0.588889 0.165625 0.1 0.293899
13 0.342708 0.587037 0.164583 0.1 0.294768
13 0.280729 0.47963 0.0885417 0.0703704 0.295777
13 0.277604 0.477778 0.0885417 0.0740741 0.296294
13 0.34375 0.590741 0.16875 0.103704 0.297153
0 0.192188 0.389815 0.021875 0.0685185 0.299791
0 0.0364583 0.439815 0.0270833 0.124074 0.300734
13 0.207813 0.465741 0.0677083 0.0981481 0.305204
0 0.441667 0.428704 0.0354167 0.153704 0.306212
0 0.657292 0.425 0.0229167 0.12037 0.307097
0 0.0354167 0.435185 0.0291667 0.122222 0.307655
0 0.0369792 0.430556 0.028125 0.112963 0.307696
0 0.0369792 0.430556 0.028125 0.112963 0.308655
0 0.441146 0.42963 0.034375 0.155556 0.309324
13 0.342708 0.586111 0.160417 0.0981481 0.310277
13 0.34375 0.589815 0.16875 0.101852 0.31526
13 0.206771 0.464815 0.0635417 0.0962963 0.315702
13 0.345313 0.589815 0.171875 0.105556 0.315761
13 0.206771 0.464815 0.0635417 0.0962963 0.316505
0 0.441146 0.428704 0.034375 0.153704 0.316696
13 0.383333 0.62963 0.241667 0.174074 0.319291
13 0.383333 0.631481 0.239583 0.177778 0.319729
0 0.194792 0.389815 0.0229167 0.0685185 0.32333
13 0.381771 0.630556 0.244792 0.175926 0.326415
0 0.314583 0.392593 0.0145833 0.0666667 0.329904
0 0.947917 0.580556 0.104167 0.475926 0.334798
0 0.0354167 0.434259 0.0291667 0.12037 0.336767
0 0.314063 0.393519 0.0135417 0.0685185 0.345465
13 0.205729 0.466667 0.065625 0.0962963 0.34984
0 0.314583 0.392593 0.0145833 0.0666667 0.353488
13 0.205729 0.466667 0.065625 0.0962963 0.353832
13 0.379687 0.62963 0.240625 0.174074 0.357778
0 0.0359375 0.431481 0.028125 0.114815 0.358328
0 0.386458 0.410185 0.0395833 0.101852 0.358366
0 0.293229 0.401852 0.0177083 0.0777778 0.360334
0 0.314063 0.393519 0.0135417 0.0685185 0.36241
0 0.386979 0.412037 0.034375 0.101852 0.367177
0 0.29375 0.401852 0.0166667 0.0777778 0.368114
13 0.382812 0.630556 0.242708 0.172222 0.368686
0 0.396875 0.401852 0.01875 0.0814815 0.375585
0 0.0354167 0.430556 0.0270833 0.116667 0.375906
13 0.367188 0.600926 0.209375 0.124074 0.37695
0 0.0359375 0.435185 0.028125 0.122222 0.37884
0 0.440104 0.432407 0.034375 0.153704 0.384339
0 0.29375 0.401852 0.0166667 0.0777778 0.385239
0 0.947917 0.580556 0.104167 0.47963 0.387039
0 0.0354167 0.431481 0.0270833 0.114815 0.392248
0 0.363021 0.413889 0.0239583 0.112963 0.398015
0 0.656771 0.419444 0.0239583 0.109259 0.401254
0 0.440104 0.433333 0.034375 0.155556 0.408451
0 0.396875 0.402778 0.01875 0.0833333 0.414265
0 0.396875 0.402778 0.01875 0.0833333 0.415199
0 0.946354 0.586111 0.107292 0.47963 0.427646
0 0.363021 0.413889 0.0239583 0.112963 0.428093
0 0.359375 0.412963 0.0208333 0.107407 0.44472
0 0.359896 0.412963 0.0197917 0.107407 0.45485
13 0.379687 0.624074 0.238542 0.166667 0.463103
0 0.440104 0.437037 0.034375 0.159259 0.467301
0 0.440104 0.437037 0.034375 0.159259 0.471237
0 0.440104 0.437037 0.034375 0.159259 0.471281
0 0.359375 0.412963 0.01875 0.107407 0.473526
0 0.359896 0.411111 0.0197917 0.114815 0.481572
0 0.359896 0.412037 0.0197917 0.112963 0.484387
0 0.396354 0.407407 0.0177083 0.1 0.492246
0 0.359896 0.412037 0.0197917 0.112963 0.495237
0 0.945312 0.587037 0.103125 0.474074 0.510153
0 0.378125 0.412963 0.01875 0.107407 0.510794
0 0.377604 0.412037 0.0197917 0.109259 0.536657
0 0.377604 0.412037 0.0197917 0.109259 0.54615
0 0.396354 0.412037 0.0197917 0.101852 0.570173
0 0.946354 0.586111 0.107292 0.47963 0.581476
0 0.378125 0.410185 0.0208333 0.101852 0.587247
0 0.944792 0.585185 0.108333 0.477778 0.596925
0 0.378125 0.409259 0.0208333 0.103704 0.609897
0 0.396354 0.412037 0.0197917 0.101852 0.611186
0 0.396354 0.412963 0.0197917 0.103704 0.613291
0 0.378125 0.409259 0.0208333 0.103704 0.624778
0 0.439583 0.437963 0.0333333 0.157407 0.640829
0 0.945312 0.589815 0.105208 0.483333 0.644249
0 0.395833 0.410185 0.01875 0.0981481 0.648412
0 0.439583 0.437963 0.0333333 0.157407 0.655086
0 0.395833 0.410185 0.01875 0.101852 0.676066
0 0.395833 0.410185 0.01875 0.101852 0.681713
0 0.944271 0.586111 0.105208 0.47963 0.690751
0 0.945833 0.588889 0.104167 0.488889 0.693951
0 0.441146 0.432407 0.0364583 0.157407 0.694327
0 0.441146 0.432407 0.0364583 0.157407 0.696734
0 0.441146 0.432407 0.0364583 0.161111 0.730492
0 0.440625 0.432407 0.0354167 0.161111 0.734332
0 0.440625 0.432407 0.0354167 0.161111 0.735644
0 0.440625 0.433333 0.0354167 0.159259 0.744492
0 0.945312 0.586111 0.107292 0.475926 0.762087
0 0.440625 0.434259 0.0354167 0.161111 0.76933
0 0.944792 0.585185 0.10625 0.488889 0.780964
0 0.440625 0.435185 0.0333333 0.159259 0.788707
0 0.440625 0.433333 0.0354167 0.159259 0.791091
0 0.440625 0.435185 0.0333333 0.162963 0.794304
0 0.94375 0.586111 0.10625 0.487037 0.794773
0 0.945312 0.585185 0.107292 0.481481 0.825044
0 0.945312 0.587037 0.107292 0.477778 0.853951
