0 0.366667 0.314815 0.0208333 0.0740741 0.252524
0 0.323438 0.328704 0.0177083 0.0685185 0.253079
36 0.971354 0.938889 0.0572917 0.0851852 0.25865
0 0.361979 0.309259 0.015625 0.0740741 0.259574
0 0.602083 0.351852 0.03125 0.159259 0.260328
0 0.322917 0.327778 0.01875 0.0740741 0.262886
0 0.303125 0.326852 0.01875 0.0722222 0.263757
0 0.323438 0.328704 0.0177083 0.0648148 0.265179
0 0.322396 0.327778 0.0177083 0.0740741 0.265347
0 0.3 0.333333 0.0166667 0.0777778 0.265752
0 0.300521 0.332407 0.0177083 0.0759259 0.266886
0 0.323958 0.330556 0.01875 0.0685185 0.26905
0 0.226042 0.328704 0.0479167 0.17963 0.269676
36 0.971354 0.938889 0.0572917 0.0851852 0.273673
0 0.635417 0.359259 0.0291667 0.133333 0.280452
0 0.502083 0.350926 0.0270833 0.135185 0.281034
0 0.303125 0.326852 0.01875 0.0722222 0.282086
0 0.226042 0.328704 0.0479167 0.17963 0.283592
36 0.971875 0.943519 0.05625 0.0907407 0.286154
36 0.971875 0.941667 0.05625 0.0907407 0.286481
0 0.300521 0.332407 0.0177083 0.0759259 0.290097
0 0.322396 0.326852 0.0177083 0.0722222 0.29124
0 0.481771 0.333333 0.015625 0.0851852 0.293846
0 0.463542 0.339815 0.0291667 0.112963 0.297425
0 0.303125 0.327778 0.01875 0.0703704 0.29922
0 0.481771 0.334259 0.015625 0.0833333 0.303384
0 0.463021 0.349074 0.028125 0.138889 0.30499
0 0.972396 0.811111 0.0552083 0.318519 0.308341
36 0.972917 0.940741 0.0541667 0.0851852 0.313552
0 0.307813 0.330556 0.0260417 0.0759259 0.325927
36 0.972396 0.940741 0.0552083 0.0851852 0.327024
0 0.970833 0.802778 0.0583333 0.335185 0.329694
0 0.227083 0.326852 0.05 0.175926 0.332287
0 0.970833 0.802778 0.0583333 0.335185 0.335293
0 0.635417 0.358333 0.0291667 0.138889 0.336517
36 0.971354 0.942593 0.0572917 0.0888889 0.337651
0 0.970833 0.801852 0.0583333 0.337037 0.338745
0 0.635938 0.358333 0.0302083 0.138889 0.340145
0 0.463021 0.349074 0.028125 0.138889 0.344595
0 0.5 0.351852 0.0333333 0.140741 0.347979
0 0.463542 0.339815 0.0291667 0.112963 0.348899
0 0.502604 0.35 0.0260417 0.12963 0.350164
36 0.971875 0.940741 0.0541667 0.0851852 0.350876
36 0.971354 0.943519 0.0552083 0.087037 0.35892
0 0.228646 0.322222 0.0489583 0.177778 0.368174
36 0.971875 0.943519 0.05625 0.087037 0.368999
0 0.227604 0.325926 0.0489583 0.174074 0.372073
0 0.228646 0.322222 0.0489583 0.177778 0.375976
0 0.227604 0.325926 0.0489583 0.174074 0.376212
0 0.226562 0.328704 0.0489583 0.172222 0.376862
0 0.226042 0.32963 0.05 0.177778 0.377825
36 0.971875 0.939815 0.05625 0.087037 0.377968
0 0.227604 0.325926 0.0489583 0.174074 0.380881
36 0.971875 0.943519 0.05625 0.087037 0.383182
0 0.226562 0.328704 0.0489583 0.172222 0.384262
0 0.228125 0.328704 0.0479167 0.17963 0.388021
36 0.971875 0.939815 0.05625 0.087037 0.390469
0 0.464063 0.339815 0.028125 0.112963 0.391758
0 0.228125 0.327778 0.05 0.177778 0.39313
0 0.463542 0.349074 0.0270833 0.135185 0.393256
0 0.502604 0.351852 0.0302083 0.140741 0.395133
36 0.971875 0.943519 0.05625 0.087037 0.404792
36 0.971875 0.943519 0.05625 0.087037 0.407535
0 0.226562 0.328704 0.0489583 0.172222 0.408153
36 0.971875 0.942593 0.05625 0.0888889 0.415878
0 0.463021 0.338889 0.028125 0.118519 0.418238
36 0.971875 0.942593 0.05625 0.0888889 0.418642
0 0.502604 0.351852 0.0302083 0.140741 0.425937
0 0.304688 0.332407 0.0197917 0.0796296 0.425939
0 0.00885417 0.360185 0.0177083 0.153704 0.429176
0 0.00885417 0.360185 0.0177083 0.153704 0.431409
0 0.463021 0.349074 0.0260417 0.127778 0.43598
0 0.00833333 0.363889 0.0166667 0.142593 0.440529
0 0.305208 0.333333 0.01875 0.0777778 0.443967
0 0.601042 0.353704 0.03125 0.159259 0.448411
0 0.305208 0.333333 0.01875 0.0777778 0.452987
0 0.303646 0.335185 0.0197917 0.0851852 0.45308
0 0.463021 0.339815 0.028125 0.116667 0.457364
0 0.601042 0.35463 0.03125 0.157407 0.45955
0 0.00833333 0.363889 0.0166667 0.142593 0.463136
36 0.972396 0.942593 0.0552083 0.0888889 0.465544
0 0.463021 0.339815 0.028125 0.116667 0.477491
0 0.601042 0.35463 0.03125 0.157407 0.478819
0 0.227083 0.326852 0.05 0.175926 0.488432
0 0.227083 0.326852 0.05 0.175926 0.491805
0 0.463021 0.348148 0.0260417 0.12963 0.492629
0 0.227083 0.327778 0.05 0.177778 0.49813
0 0.463021 0.348148 0.0260417 0.12963 0.501411
0 0.464063 0.338889 0.028125 0.111111 0.513476
0 0.00885417 0.362037 0.0177083 0.146296 0.532671
0 0.26875 0.424074 0.06875 0.403704 0.534408
0 0.00885417 0.362037 0.0177083 0.146296 0.538584
0 0.464063 0.338889 0.028125 0.111111 0.541916
0 0.464063 0.338889 0.028125 0.111111 0.544785
0 0.268229 0.425 0.0677083 0.390741 0.548624
0 0.603646 0.35463 0.034375 0.161111 0.55261
0 0.464063 0.344444 0.028125 0.122222 0.553027
0 0.463542 0.344444 0.0270833 0.125926 0.565486
0 0.602604 0.353704 0.034375 0.162963 0.566859
0 0.502083 0.352778 0.0270833 0.142593 0.567828
0 0.26875 0.424074 0.06875 0.4 0.571213
0 0.502083 0.350926 0.0270833 0.146296 0.574289
0 0.502083 0.35 0.025 0.140741 0.581079
0 0.502604 0.35 0.0260417 0.140741 0.58443
0 0.502604 0.35 0.0260417 0.144444 0.587638
0 0.00885417 0.362037 0.0177083 0.153704 0.589905
0 0.464063 0.344444 0.0260417 0.125926 0.59773
0 0.602604 0.35463 0.034375 0.164815 0.599154
0 0.464063 0.343519 0.028125 0.12037 0.599783
0 0.463542 0.344444 0.0270833 0.125926 0.602509
0 0.502083 0.352778 0.0270833 0.142593 0.602588
0 0.503125 0.353704 0.0270833 0.140741 0.605734
0 0.00833333 0.361111 0.0166667 0.155556 0.608688
0 0.265625 0.418519 0.0729167 0.385185 0.626772
0 0.464063 0.344444 0.028125 0.122222 0.627714
0 0.502604 0.352778 0.0260417 0.142593 0.65465
0 0.503125 0.353704 0.0270833 0.140741 0.670425
0 0.265625 0.418519 0.0708333 0.385185 0.673152
0 0.265625 0.424074 0.0666667 0.388889 0.680248
0 0.265625 0.424074 0.0666667 0.388889 0.692675
0 0.266146 0.419444 0.0697917 0.387037 0.697322
0 0.265625 0.425 0.0666667 0.390741 0.701534
0 0.266146 0.417593 0.0697917 0.383333 0.702982
0 0.636458 0.358333 0.0291667 0.135185 0.705048
0 0.266146 0.418519 0.0697917 0.385185 0.720196
0 0.636458 0.358333 0.0291667 0.131481 0.720436
0 0.503125 0.353704 0.0270833 0.140741 0.723182
0 0.502604 0.350926 0.028125 0.146296 0.727587
0 0.502604 0.350926 0.028125 0.142593 0.745508
0 0.266667 0.418519 0.06875 0.385185 0.766098
0 0.636979 0.358333 0.0302083 0.138889 0.785458
0 0.601042 0.35463 0.03125 0.161111 0.789466
0 0.601042 0.35463 0.03125 0.161111 0.793997
0 0.636458 0.358333 0.0291667 0.138889 0.795123
0 0.601042 0.353704 0.03125 0.162963 0.795554
0 0.636979 0.358333 0.0302083 0.138889 0.804056
0 0.636979 0.359259 0.0302083 0.133333 0.805017
0 0.636458 0.359259 0.0291667 0.133333 0.80725
0 0.601042 0.353704 0.03125 0.162963 0.818125
0 0.267708 0.421296 0.0666667 0.383333 0.82432
0 0.601042 0.353704 0.03125 0.162963 0.825533
0 0.600521 0.353704 0.0322917 0.159259 0.825717
0 0.600521 0.35463 0.0322917 0.161111 0.825912
0 0.267708 0.421296 0.0666667 0.383333 0.82916
0 0.267188 0.421296 0.0677083 0.387037 0.829831
0 0.636979 0.358333 0.0302083 0.138889 0.837755
0 0.636979 0.358333 0.0302083 0.138889 0.844843
0 0.636979 0.358333 0.0302083 0.138889 0.848974
0 0.636458 0.358333 0.0291667 0.138889 0.863522
0 0.636458 0.358333 0.0291667 0.138889 0.864466
