0 0.317187 0.389815 0.015625 0.0722222 0.255185
13 0.311458 0.484259 0.0895833 0.0685185 0.255676
13 0.423958 0.653704 0.247917 0.196296 0.256144
0 0.438542 0.408333 0.01875 0.0907407 0.258756
0 0.295833 0.388889 0.01875 0.0703704 0.258932
0 0.0114583 0.485185 0.0229167 0.155556 0.259109
0 0.703646 0.419444 0.0239583 0.124074 0.260575
0 0.947917 0.606481 0.104167 0.527778 0.260842
0 0.296354 0.388889 0.0177083 0.0703704 0.261095
0 0.438021 0.409259 0.0177083 0.0888889 0.262758
0 0.224479 0.397222 0.0177083 0.0685185 0.266493
0 0.229167 0.394444 0.0166667 0.0666667 0.267599
0 0.316146 0.390741 0.015625 0.0703704 0.27059
0 0.297917 0.390741 0.01875 0.0703704 0.273284
0 0.224479 0.397222 0.0177083 0.0722222 0.273787
0 0.0109375 0.485185 0.021875 0.155556 0.274609
0 0.0125 0.485185 0.025 0.151852 0.274825
0 0.951042 0.596296 0.0979167 0.488889 0.274938
0 0.297917 0.390741 0.01875 0.0703704 0.27553
13 0.41875 0.649074 0.25 0.205556 0.277233
0 0.0869792 0.432407 0.0260417 0.127778 0.278483
0 0.296354 0.388889 0.0177083 0.0703704 0.281532
13 0.419271 0.647222 0.253125 0.209259 0.281993
0 0.0119792 0.486111 0.0239583 0.153704 0.282432
0 0.0869792 0.432407 0.0260417 0.127778 0.282742
0 0.229167 0.394444 0.0166667 0.0666667 0.28733
0 0.0130208 0.478704 0.0260417 0.172222 0.288644
0 0.316146 0.390741 0.015625 0.0703704 0.297157
0 0.224479 0.397222 0.0177083 0.0685185 0.29968
0 0.297917 0.391667 0.01875 0.0685185 0.302641
0 0.297396 0.390741 0.0177083 0.0703704 0.304664
0 0.228125 0.39537 0.01875 0.0611111 0.307826
0 0.0109375 0.477778 0.021875 0.166667 0.329859
13 0.41875 0.647222 0.2625 0.212963 0.335868
0 0.0104167 0.476852 0.0208333 0.168519 0.338204
13 0.416667 0.647222 0.258333 0.216667 0.345121
0 0.340625 0.396296 0.0166667 0.103704 0.351346
13 0.417188 0.647222 0.255208 0.212963 0.351609
0 0.340625 0.396296 0.0166667 0.103704 0.357082
0 0.947917 0.592593 0.104167 0.496296 0.358503
0 0.467187 0.440741 0.028125 0.155556 0.366401
0 0.205208 0.409259 0.0208333 0.0925926 0.367144
13 0.416667 0.646296 0.254167 0.207407 0.367701
0 0.491146 0.416667 0.0260417 0.140741 0.368064
0 0.206771 0.410185 0.021875 0.0907407 0.37433
0 0.467187 0.439815 0.028125 0.153704 0.374367
0 0.342187 0.396296 0.021875 0.0962963 0.374475
0 0.205729 0.410185 0.0197917 0.0907407 0.3845
0 0.340625 0.397222 0.0166667 0.101852 0.388644
0 0.341667 0.399074 0.0208333 0.0944444 0.388666
0 0.205208 0.409259 0.0208333 0.0962963 0.391599
13 0.416667 0.646296 0.25 0.211111 0.396351
13 0.416146 0.646296 0.251042 0.211111 0.402318
0 0.227604 0.397222 0.0197917 0.0685185 0.404243
0 0.205208 0.408333 0.0208333 0.0944444 0.405783
0 0.948438 0.592593 0.103125 0.5 0.409238
0 0.205729 0.410185 0.0197917 0.0944444 0.410136
0 0.0119792 0.478704 0.0239583 0.172222 0.424736
0 0.226562 0.397222 0.0197917 0.0648148 0.426043
0 0.226562 0.397222 0.0197917 0.0648148 0.426506
0 0.205729 0.410185 0.0197917 0.0944444 0.428067
0 0.406771 0.410185 0.021875 0.112963 0.434557
0 0.439583 0.408333 0.01875 0.087037 0.446762
0 0.0848958 0.436111 0.0260417 0.135185 0.451699
0 0.951042 0.606481 0.0979167 0.52037 0.453082
0 0.491146 0.416667 0.0260417 0.140741 0.45325
0 0.477604 0.42963 0.0489583 0.151852 0.456282
0 0.342187 0.400926 0.0197917 0.101852 0.46052
0 0.226562 0.397222 0.0197917 0.0648148 0.464679
0 0.341667 0.4 0.01875 0.1 0.472362
0 0.410417 0.409259 0.01875 0.114815 0.479626
0 0.477083 0.430556 0.04375 0.153704 0.481807
0 0.439583 0.409259 0.01875 0.0888889 0.482621
0 0.410417 0.408333 0.01875 0.112963 0.487517
0 0.409896 0.408333 0.0197917 0.112963 0.487984
0 0.341667 0.4 0.01875 0.1 0.490375
0 0.341667 0.4 0.01875 0.1 0.492533
0 0.0848958 0.437037 0.028125 0.133333 0.492714
0 0.491146 0.416667 0.0260417 0.133333 0.498318
0 0.439583 0.408333 0.01875 0.087037 0.49861
0 0.477083 0.430556 0.04375 0.157407 0.500394
0 0.491146 0.422222 0.0260417 0.12963 0.513963
0 0.0854167 0.437037 0.025 0.133333 0.518847
0 0.438542 0.403704 0.0166667 0.0814815 0.530468
0 0.0854167 0.436111 0.0270833 0.131481 0.532797
0 0.409375 0.408333 0.01875 0.112963 0.538734
0 0.439063 0.403704 0.0177083 0.0814815 0.539626
0 0.409896 0.411111 0.0197917 0.111111 0.540186
0 0.438542 0.405556 0.0166667 0.0814815 0.545781
0 0.951042 0.607407 0.0979167 0.522222 0.545831
0 0.0854167 0.437037 0.0270833 0.133333 0.548269
0 0.409375 0.409259 0.01875 0.111111 0.549939
0 0.409896 0.410185 0.0177083 0.112963 0.550632
0 0.945833 0.597222 0.108333 0.505556 0.551572
0 0.945833 0.598148 0.108333 0.5 0.556881
0 0.438542 0.406481 0.01875 0.087037 0.558425
0 0.409375 0.407407 0.0208333 0.114815 0.560449
0 0.439063 0.405556 0.0177083 0.0814815 0.56307
0 0.409375 0.408333 0.0208333 0.116667 0.572308
0 0.439063 0.405556 0.0177083 0.0814815 0.573195
0 0.439063 0.403704 0.0177083 0.0814815 0.573779
0 0.409896 0.407407 0.0197917 0.114815 0.579206
0 0.438542 0.403704 0.0166667 0.0814815 0.582124
0 0.409375 0.410185 0.0208333 0.112963 0.582774
0 0.0854167 0.437037 0.025 0.12963 0.582949
0 0.0854167 0.437037 0.025 0.133333 0.589491
0 0.491667 0.422222 0.025 0.137037 0.603653
0 0.491667 0.422222 0.025 0.137037 0.607184
0 0.0848958 0.437037 0.0260417 0.12963 0.607661
0 0.0848958 0.437037 0.0260417 0.12963 0.61164
0 0.0854167 0.436111 0.0270833 0.131481 0.616683
0 0.490625 0.415741 0.0270833 0.138889 0.636728
0 0.491146 0.415741 0.0260417 0.138889 0.637342
0 0.490625 0.416667 0.025 0.137037 0.641088
0 0.468229 0.436111 0.028125 0.153704 0.643563
0 0.0854167 0.436111 0.0270833 0.131481 0.645382
0 0.467708 0.436111 0.0270833 0.15 0.648869
0 0.491667 0.415741 0.025 0.138889 0.653795
0 0.490104 0.417593 0.0260417 0.131481 0.659298
0 0.0848958 0.436111 0.0260417 0.131481 0.663618
0 0.468229 0.440741 0.0302083 0.151852 0.681729
0 0.468229 0.439815 0.0302083 0.153704 0.692971
0 0.490625 0.415741 0.0270833 0.138889 0.700982
0 0.468229 0.439815 0.0302083 0.153704 0.703328
0 0.0854167 0.436111 0.025 0.131481 0.704761
0 0.468229 0.437963 0.0302083 0.153704 0.711185
0 0.468229 0.437963 0.0302083 0.153704 0.715361
0 0.0854167 0.437037 0.025 0.125926 0.738199
0 0.0854167 0.436111 0.025 0.124074 0.744523
0 0.490104 0.415741 0.0260417 0.138889 0.745878
0 0.468229 0.440741 0.0302083 0.155556 0.74822
0 0.0859375 0.436111 0.0260417 0.131481 0.752942
0 0.468229 0.439815 0.0302083 0.153704 0.753198
0 0.468229 0.437963 0.0302083 0.153704 0.759133
0 0.490104 0.417593 0.0260417 0.131481 0.766168
0 0.490625 0.416667 0.0270833 0.12963 0.767446
0 0.0854167 0.436111 0.025 0.131481 0.77054
0 0.0854167 0.436111 0.025 0.131481 0.772813
0 0.951042 0.591667 0.0979167 0.509259 0.792726
0 0.951042 0.591667 0.0979167 0.505556 0.815462
0 0.951042 0.594444 0.0979167 0.503704 0.82279
0 0.951042 0.59537 0.0979167 0.494444 0.82483
0 0.95 0.609259 0.1 0.525926 0.869825
0 0.95 0.609259 0.1 0.525926 0.886788
0 0.95 0.608333 0.1 0.524074 0.901671
0 0.95 0.608333 0.1 0.524074 0.902236
