0 0.480729 0.288889 0.015625 0.0851852 0.254897
0 0.640104 0.286111 0.0197917 0.0981481 0.263396
0 0.640104 0.286111 0.0197917 0.0981481 0.268606
0 0.316146 0.289815 0.0364583 0.0722222 0.271139
0 0.355729 0.281481 0.015625 0.0555556 0.271875
0 0.0989583 0.343519 0.0458333 0.205556 0.272272
36 0.974479 0.801852 0.0510417 0.107407 0.272468
0 0.497396 0.308333 0.0260417 0.135185 0.272648
0 0.320833 0.288889 0.0270833 0.0777778 0.275866
0 0.355729 0.282407 0.015625 0.0574074 0.279792
0 0.00677083 0.297222 0.0135417 0.0685185 0.281153
36 0.974479 0.814815 0.0510417 0.0851852 0.281387
36 0.974479 0.802778 0.0510417 0.109259 0.283378
0 0.00677083 0.297222 0.0135417 0.0685185 0.283496
0 0.228125 0.283333 0.0375 0.122222 0.285508
36 0.974479 0.814815 0.0510417 0.0851852 0.287538
0 0.114583 0.338889 0.0458333 0.218519 0.292185
36 0.974479 0.814815 0.0510417 0.0851852 0.292714
36 0.974479 0.815741 0.0510417 0.0796296 0.294915
0 0.570312 0.309259 0.0260417 0.133333 0.297976
36 0.973958 0.815741 0.0520833 0.0796296 0.298662
0 0.570833 0.308333 0.025 0.135185 0.30117
0 0.00677083 0.298148 0.0135417 0.0666667 0.305311
0 0.228125 0.284259 0.0375 0.124074 0.305959
0 0.0270833 0.302778 0.01875 0.0907407 0.306841
0 0.496875 0.308333 0.0270833 0.131481 0.307035
0 0.0265625 0.302778 0.0177083 0.0907407 0.307318
0 0.228125 0.284259 0.0375 0.124074 0.313151
0 0.1 0.343519 0.0458333 0.205556 0.31536
0 0.498437 0.309259 0.0260417 0.133333 0.32136
0 0.0630208 0.325926 0.028125 0.133333 0.321446
0 0.00677083 0.297222 0.0135417 0.0685185 0.322056
0 0.113021 0.348148 0.046875 0.222222 0.325387
0 0.895312 0.519444 0.132292 0.653704 0.329479
0 0.0307292 0.296296 0.0239583 0.0962963 0.329592
0 0.113021 0.348148 0.046875 0.222222 0.337314
0 0.0265625 0.302778 0.0177083 0.0907407 0.338496
0 0.114583 0.338889 0.0458333 0.214815 0.342053
0 0.497917 0.30463 0.0229167 0.138889 0.343306
0 0.640625 0.292593 0.01875 0.0925926 0.343975
0 0.320312 0.291667 0.0239583 0.0759259 0.345544
0 0.497917 0.30463 0.0229167 0.138889 0.345735
0 0.0625 0.32037 0.025 0.125926 0.347303
0 0.290625 0.292593 0.0208333 0.0740741 0.3484
0 0.1125 0.348148 0.0479167 0.222222 0.349542
0 0.111458 0.344444 0.0541667 0.22963 0.351589
0 0.290625 0.291667 0.0208333 0.0722222 0.352664
0 0.110417 0.346296 0.0541667 0.225926 0.361234
0 0.640625 0.291667 0.01875 0.0944444 0.364042
0 0.110417 0.343519 0.0458333 0.224074 0.364202
0 0.290625 0.291667 0.0208333 0.0722222 0.366258
0 0.320312 0.291667 0.0239583 0.0722222 0.370257
0 0.614062 0.314815 0.028125 0.133333 0.375961
0 0.290625 0.290741 0.0208333 0.0740741 0.377384
0 0.320312 0.291667 0.0239583 0.0722222 0.377484
0 0.290625 0.291667 0.0208333 0.0759259 0.380665
0 0.614062 0.313889 0.028125 0.131481 0.38208
0 0.110937 0.344444 0.053125 0.225926 0.383651
0 0.110417 0.342593 0.0458333 0.225926 0.384836
0 0.622396 0.301852 0.0447917 0.118519 0.385563
0 0.640625 0.291667 0.01875 0.0944444 0.387174
0 0.624479 0.301852 0.046875 0.118519 0.396229
0 0.497917 0.309259 0.025 0.133333 0.397801
0 0.622396 0.301852 0.0427083 0.118519 0.402026
0 0.114063 0.343519 0.0447917 0.22037 0.406769
0 0.114583 0.343519 0.0458333 0.22037 0.408046
0 0.290625 0.290741 0.0208333 0.0740741 0.408417
0 0.0630208 0.32037 0.0239583 0.12963 0.412033
0 0.0630208 0.32037 0.0239583 0.12963 0.41343
0 0.497917 0.306481 0.0229167 0.135185 0.414897
0 0.428125 0.333333 0.0395833 0.203704 0.419874
0 0.429688 0.338889 0.046875 0.225926 0.421506
0 0.429688 0.337963 0.046875 0.224074 0.423567
0 0.0645833 0.325 0.025 0.131481 0.424475
0 0.566667 0.306481 0.0270833 0.135185 0.427827
0 0.0630208 0.325926 0.028125 0.133333 0.434271
0 0.428125 0.334259 0.0395833 0.205556 0.436821
0 0.320833 0.288889 0.025 0.0740741 0.438135
0 0.497396 0.308333 0.0239583 0.131481 0.438786
0 0.0630208 0.325926 0.028125 0.133333 0.439011
0 0.463021 0.309259 0.028125 0.125926 0.448092
0 0.320833 0.289815 0.025 0.0722222 0.448606
0 0.227083 0.287037 0.0375 0.12963 0.448968
0 0.427604 0.333333 0.040625 0.203704 0.452699
0 0.0640625 0.323148 0.0239583 0.124074 0.459777
0 0.115625 0.340741 0.0416667 0.222222 0.466067
0 0.320833 0.289815 0.025 0.0722222 0.466936
0 0.463021 0.309259 0.028125 0.12963 0.467778
0 0.0630208 0.325926 0.028125 0.133333 0.470183
0 0.108333 0.34537 0.0458333 0.22037 0.473511
0 0.107813 0.34537 0.046875 0.22037 0.477051
0 0.0625 0.325 0.0270833 0.135185 0.481463
0 0.291146 0.291667 0.021875 0.0722222 0.481834
0 0.290625 0.290741 0.0229167 0.0740741 0.482234
0 0.291146 0.290741 0.021875 0.0740741 0.486631
0 0.115625 0.339815 0.0416667 0.224074 0.487077
0 0.117708 0.342593 0.0416667 0.225926 0.48911
0 0.0645833 0.323148 0.0229167 0.127778 0.490212
0 0.0640625 0.323148 0.0239583 0.127778 0.492209
0 0.0645833 0.325 0.025 0.135185 0.498066
0 0.117708 0.342593 0.0416667 0.225926 0.499008
0 0.291146 0.290741 0.021875 0.0703704 0.5001
0 0.117708 0.341667 0.0416667 0.227778 0.501541
0 0.0645833 0.325 0.025 0.135185 0.503309
0 0.290625 0.291667 0.0229167 0.0722222 0.504118
0 0.228125 0.287037 0.0375 0.12963 0.505753
0 0.463021 0.309259 0.028125 0.12963 0.511778
0 0.320833 0.289815 0.025 0.0759259 0.514002
0 0.498437 0.307407 0.021875 0.133333 0.516119
0 0.0291667 0.3 0.0229167 0.0962963 0.518128
0 0.0302083 0.300926 0.0229167 0.0981481 0.525301
0 0.0630208 0.325926 0.0260417 0.133333 0.52545
0 0.0630208 0.325926 0.028125 0.133333 0.531287
0 0.320312 0.288889 0.0239583 0.0740741 0.531621
0 0.463021 0.308333 0.028125 0.124074 0.534027
0 0.111979 0.343519 0.0489583 0.22037 0.538563
0 0.319792 0.290741 0.025 0.0740741 0.539731
0 0.320312 0.288889 0.0239583 0.0740741 0.540607
0 0.615625 0.314815 0.0291667 0.133333 0.542882
0 0.567708 0.305556 0.0270833 0.133333 0.545034
0 0.0291667 0.298148 0.0229167 0.1 0.546583
0 0.320312 0.289815 0.0239583 0.0722222 0.546901
0 0.0286458 0.299074 0.0197917 0.0944444 0.55306
0 0.0625 0.325 0.0270833 0.131481 0.558952
0 0.0291667 0.297222 0.0229167 0.101852 0.560348
0 0.227083 0.287037 0.0375 0.133333 0.56543
0 0.0291667 0.297222 0.0229167 0.101852 0.567841
0 0.0276042 0.298148 0.0197917 0.0962963 0.570473
0 0.461458 0.308333 0.0270833 0.127778 0.575855
0 0.227083 0.287037 0.0375 0.133333 0.576207
0 0.461979 0.308333 0.028125 0.127778 0.578911
0 0.028125 0.299074 0.01875 0.0944444 0.580093
0 0.567187 0.307407 0.0260417 0.137037 0.580795
0 0.111979 0.344444 0.0489583 0.222222 0.582638
0 0.228125 0.287037 0.0375 0.12963 0.58576
0 0.228646 0.287037 0.0385417 0.12963 0.586879
0 0.228125 0.286111 0.0375 0.124074 0.587604
0 0.496875 0.309259 0.0229167 0.133333 0.589311
0 0.228125 0.286111 0.0375 0.124074 0.593357
0 0.567187 0.307407 0.0260417 0.137037 0.593439
0 0.641146 0.289815 0.021875 0.0981481 0.596004
0 0.0630208 0.325 0.0260417 0.131481 0.596131
0 0.461458 0.308333 0.0270833 0.127778 0.596237
0 0.463021 0.309259 0.028125 0.122222 0.598183
0 0.891146 0.514815 0.142708 0.711111 0.602376
0 0.228125 0.286111 0.0375 0.124074 0.608891
0 0.461458 0.308333 0.0270833 0.127778 0.610153
0 0.463021 0.309259 0.0260417 0.12963 0.613525
0 0.461979 0.307407 0.028125 0.125926 0.614583
0 0.461979 0.307407 0.028125 0.125926 0.61482
0 0.497917 0.306481 0.0229167 0.138889 0.619531
0 0.568229 0.306481 0.028125 0.135185 0.621314
0 0.568229 0.306481 0.028125 0.138889 0.621838
0 0.111979 0.344444 0.0489583 0.222222 0.623986
0 0.641146 0.290741 0.021875 0.1 0.624669
0 0.641146 0.290741 0.021875 0.1 0.627211
0 0.639063 0.288889 0.021875 0.0962963 0.634181
0 0.567708 0.305556 0.0270833 0.137037 0.641728
0 0.640625 0.287963 0.0208333 0.0981481 0.64378
0 0.568229 0.306481 0.028125 0.138889 0.643864
0 0.614583 0.314815 0.0291667 0.133333 0.643905
0 0.568229 0.307407 0.028125 0.133333 0.644218
0 0.567708 0.305556 0.0270833 0.133333 0.644444
0 0.426562 0.337037 0.040625 0.211111 0.645016
0 0.497917 0.307407 0.0229167 0.137037 0.648246
0 0.228125 0.287037 0.0375 0.125926 0.651846
0 0.568229 0.307407 0.028125 0.137037 0.660234
0 0.427083 0.337037 0.0395833 0.211111 0.666298
0 0.228125 0.286111 0.0375 0.127778 0.681073
0 0.568229 0.306481 0.028125 0.135185 0.683239
0 0.228125 0.287963 0.0375 0.127778 0.684017
0 0.498437 0.308333 0.0239583 0.131481 0.685782
0 0.567708 0.306481 0.0270833 0.138889 0.685917
0 0.498437 0.307407 0.021875 0.137037 0.686069
0 0.568229 0.305556 0.028125 0.140741 0.687643
0 0.428646 0.333333 0.0427083 0.207407 0.694424
0 0.498437 0.306481 0.021875 0.135185 0.694492
0 0.428646 0.334259 0.0427083 0.209259 0.707027
0 0.227604 0.287037 0.0385417 0.12963 0.711361
0 0.228125 0.286111 0.0375 0.127778 0.72014
0 0.640104 0.288889 0.0197917 0.0962963 0.729325
0 0.428646 0.334259 0.0427083 0.209259 0.730774
0 0.227604 0.286111 0.0385417 0.127778 0.732603
0 0.427604 0.332407 0.0427083 0.209259 0.734562
0 0.640104 0.288889 0.0197917 0.1 0.735105
0 0.640104 0.289815 0.0197917 0.0981481 0.737102
0 0.427604 0.332407 0.0427083 0.209259 0.741182
0 0.427083 0.332407 0.0416667 0.209259 0.741535
0 0.615625 0.315741 0.0291667 0.138889 0.743858
0 0.615625 0.312037 0.0291667 0.138889 0.746937
0 0.567708 0.306481 0.0270833 0.138889 0.752543
0 0.615104 0.315741 0.028125 0.138889 0.757487
0 0.427083 0.337963 0.0395833 0.209259 0.758436
0 0.568229 0.305556 0.028125 0.140741 0.763919
0 0.427083 0.338889 0.0395833 0.211111 0.766645
0 0.615625 0.311111 0.0291667 0.137037 0.771194
0 0.614583 0.313889 0.0291667 0.138889 0.772542
0 0.568229 0.307407 0.028125 0.137037 0.778604
0 0.615625 0.311111 0.0291667 0.137037 0.779371
0 0.568229 0.307407 0.028125 0.137037 0.786398
0 0.614583 0.313889 0.0291667 0.138889 0.791535
0 0.614583 0.312963 0.0291667 0.140741 0.792948
0 0.615104 0.314815 0.0302083 0.137037 0.796577
0 0.615104 0.314815 0.0302083 0.137037 0.797691
0 0.895833 0.514815 0.133333 0.7 0.811941
0 0.894792 0.512037 0.133333 0.72037 0.81594
0 0.894271 0.512963 0.132292 0.714815 0.834133
0 0.894271 0.517593 0.138542 0.701852 0.873434
0 0.894271 0.515741 0.138542 0.701852 0.890204
0 0.894271 0.515741 0.136458 0.705556 0.897187
0 0.894271 0.514815 0.136458 0.703704 0.899416
0 0.895312 0.512037 0.134375 0.712963 0.905605
