0 0.76875 0.400926 0.0270833 0.12037 0.250308
13 0.463021 0.651852 0.263542 0.233333 0.250697
0 0.148958 0.411111 0.0270833 0.122222 0.251969
0 0.278646 0.374074 0.0177083 0.062963 0.255865
13 0.421354 0.583333 0.178125 0.1 0.257293
0 0.515104 0.412963 0.0322917 0.137037 0.260628
0 0.398438 0.376852 0.0239583 0.0944444 0.260634
0 0.513542 0.415741 0.0333333 0.138889 0.260713
0 0.492708 0.373148 0.0145833 0.0759259 0.262741
0 0.280729 0.372222 0.0177083 0.062963 0.264326
0 0.767187 0.409259 0.0239583 0.12963 0.266078
0 0.0973958 0.393519 0.0197917 0.0944444 0.266837
0 0.398438 0.375926 0.0239583 0.0925926 0.267016
0 0.147917 0.411111 0.0270833 0.125926 0.269424
0 0.354167 0.364815 0.01875 0.0777778 0.273174
0 0.147917 0.411111 0.0270833 0.125926 0.273499
0 0.76875 0.40463 0.0270833 0.124074 0.276759
0 0.492188 0.374074 0.015625 0.0777778 0.278861
0 0.280208 0.372222 0.0166667 0.062963 0.280152
0 0.255208 0.389815 0.025 0.0907407 0.281378
0 0.449479 0.388889 0.0260417 0.1 0.282933
0 0.955729 0.575 0.0885417 0.483333 0.283509
13 0.417188 0.586111 0.171875 0.105556 0.28498
0 0.354167 0.364815 0.01875 0.0777778 0.287577
13 0.461979 0.641667 0.269792 0.224074 0.288548
0 0.95625 0.574074 0.0875 0.485185 0.290953
0 0.513542 0.414815 0.03125 0.137037 0.291253
0 0.354688 0.368519 0.0197917 0.0740741 0.293926
13 0.338542 0.450926 0.139583 0.087037 0.294525
0 0.282813 0.373148 0.021875 0.0648148 0.295936
0 0.280729 0.371296 0.0177083 0.0611111 0.296418
0 0.354167 0.365741 0.01875 0.0759259 0.297413
0 0.45 0.388889 0.025 0.103704 0.298079
0 0.282292 0.371296 0.01875 0.0611111 0.305427
0 0.396354 0.384259 0.0177083 0.0981481 0.307228
0 0.449479 0.388889 0.0260417 0.103704 0.30835
13 0.460938 0.647222 0.261458 0.235185 0.308604
0 0.354167 0.368519 0.01875 0.0740741 0.310037
0 0.282813 0.372222 0.021875 0.062963 0.311944
13 0.418229 0.587037 0.178125 0.107407 0.315253
0 0.0588542 0.434259 0.0302083 0.216667 0.316768
0 0.292708 0.369444 0.0125 0.0611111 0.317355
0 0.292708 0.37037 0.0125 0.0592593 0.320954
13 0.460938 0.648148 0.261458 0.233333 0.321304
13 0.363021 0.455556 0.0927083 0.0814815 0.323352
0 0.282813 0.372222 0.021875 0.062963 0.324015
13 0.418229 0.586111 0.178125 0.105556 0.324322
0 0.396354 0.383333 0.0177083 0.1 0.325251
0 0.451042 0.393519 0.025 0.109259 0.325649
13 0.3625 0.45463 0.0854167 0.0796296 0.32945
0 0.354688 0.367593 0.0177083 0.0722222 0.334878
13 0.3625 0.45463 0.0854167 0.0796296 0.336415
13 0.363542 0.459259 0.0875 0.0740741 0.346176
0 0.289583 0.371296 0.0145833 0.0611111 0.346919
0 0.0588542 0.433333 0.0302083 0.218519 0.347165
0 0.76875 0.401852 0.0270833 0.118519 0.347784
0 0.767708 0.408333 0.0270833 0.131481 0.348003
13 0.41875 0.585185 0.170833 0.107407 0.348823
0 0.255208 0.391667 0.0208333 0.0944444 0.351969
0 0.396354 0.383333 0.0177083 0.1 0.354084
13 0.41875 0.585185 0.175 0.107407 0.357394
0 0.289583 0.371296 0.0145833 0.0611111 0.357514
0 0.284375 0.372222 0.0208333 0.062963 0.358094
13 0.363542 0.460185 0.0875 0.0722222 0.364879
0 0.452083 0.392593 0.025 0.111111 0.369443
0 0.255729 0.391667 0.021875 0.0981481 0.369627
13 0.41875 0.585185 0.175 0.107407 0.374188
0 0.0963542 0.399074 0.0197917 0.0981481 0.381354
0 0.255729 0.391667 0.021875 0.0981481 0.382673
0 0.0963542 0.396296 0.0197917 0.0962963 0.386402
0 0.254687 0.389815 0.021875 0.0944444 0.387532
13 0.432813 0.591667 0.203125 0.12037 0.394104
0 0.767708 0.407407 0.0270833 0.12963 0.395074
0 0.0963542 0.399074 0.0197917 0.101852 0.397705
0 0.0963542 0.399074 0.0197917 0.101852 0.402155
0 0.254687 0.389815 0.021875 0.0944444 0.405769
0 0.546875 0.394444 0.0291667 0.133333 0.405877
0 0.767187 0.409259 0.0239583 0.133333 0.407154
0 0.252604 0.389815 0.021875 0.0907407 0.407381
0 0.525521 0.406481 0.0510417 0.15 0.411603
0 0.76875 0.407407 0.025 0.125926 0.412346
0 0.767708 0.408333 0.0270833 0.135185 0.415108
13 0.417708 0.585185 0.170833 0.107407 0.415443
0 0.526563 0.405556 0.053125 0.151852 0.420059
0 0.254687 0.389815 0.021875 0.0944444 0.42169
0 0.494271 0.386111 0.015625 0.087037 0.425232
0 0.767187 0.409259 0.0239583 0.133333 0.432331
0 0.49375 0.385185 0.0145833 0.0851852 0.432626
0 0.395312 0.385185 0.0197917 0.1 0.43925
0 0.525 0.40463 0.05 0.15 0.44091
0 0.096875 0.397222 0.0208333 0.0944444 0.446994
0 0.547917 0.394444 0.0270833 0.137037 0.449619
0 0.768229 0.407407 0.0260417 0.12963 0.45671
0 0.451042 0.393519 0.025 0.109259 0.459864
0 0.395833 0.382407 0.0208333 0.101852 0.471141
0 0.76875 0.406481 0.025 0.127778 0.47268
0 0.957292 0.575926 0.0854167 0.474074 0.479029
0 0.76875 0.407407 0.025 0.125926 0.47985
0 0.49375 0.386111 0.0145833 0.087037 0.485677
0 0.451042 0.393519 0.025 0.109259 0.485807
0 0.451042 0.393519 0.025 0.109259 0.486394
0 0.396354 0.383333 0.0177083 0.0962963 0.491652
0 0.396875 0.383333 0.01875 0.1 0.496511
0 0.491667 0.378704 0.0166667 0.0833333 0.501637
0 0.396875 0.382407 0.01875 0.0981481 0.503002
0 0.492188 0.378704 0.015625 0.0833333 0.511797
0 0.492708 0.37963 0.0145833 0.0888889 0.513192
0 0.547917 0.392593 0.0291667 0.133333 0.518544
0 0.492708 0.378704 0.0145833 0.0833333 0.519029
0 0.492708 0.381481 0.0145833 0.0851852 0.525116
0 0.046875 0.437037 0.0520833 0.222222 0.536344
0 0.146875 0.414815 0.0291667 0.122222 0.536775
0 0.046875 0.438889 0.0541667 0.214815 0.539483
0 0.492708 0.381481 0.0166667 0.0851852 0.540326
0 0.146875 0.414815 0.0291667 0.122222 0.543149
0 0.767708 0.408333 0.025 0.131481 0.543151
0 0.768229 0.408333 0.0260417 0.127778 0.545338
0 0.0432292 0.434259 0.0447917 0.22037 0.55048
0 0.053125 0.437963 0.04375 0.212963 0.554306
0 0.492188 0.378704 0.015625 0.0833333 0.554495
0 0.053125 0.437963 0.0416667 0.216667 0.555653
0 0.451562 0.393519 0.021875 0.112963 0.557585
0 0.493229 0.381481 0.015625 0.0851852 0.55978
0 0.146875 0.414815 0.0291667 0.122222 0.56036
0 0.0463542 0.438889 0.053125 0.214815 0.565957
0 0.0432292 0.433333 0.046875 0.218519 0.571805
0 0.0453125 0.436111 0.0510417 0.212963 0.587534
0 0.0463542 0.438889 0.053125 0.214815 0.594431
0 0.0447917 0.437037 0.0479167 0.214815 0.600488
0 0.957292 0.564815 0.0854167 0.5 0.601413
0 0.0447917 0.437037 0.0479167 0.214815 0.616292
0 0.0463542 0.437963 0.0510417 0.216667 0.616585
0 0.956771 0.575926 0.0864583 0.477778 0.618718
0 0.452604 0.391667 0.021875 0.101852 0.622682
0 0.0447917 0.437963 0.0479167 0.216667 0.623662
0 0.957292 0.575 0.0854167 0.475926 0.628391
0 0.957812 0.585185 0.084375 0.440741 0.628392
0 0.956771 0.563889 0.0864583 0.501852 0.63496
0 0.146875 0.415741 0.0291667 0.12037 0.636006
0 0.958333 0.586111 0.0833333 0.446296 0.648007
0 0.957812 0.585185 0.084375 0.444444 0.648074
0 0.146354 0.414815 0.0302083 0.125926 0.65037
0 0.0453125 0.437037 0.0510417 0.214815 0.655396
0 0.547396 0.396296 0.0302083 0.148148 0.659106
0 0.146354 0.414815 0.0302083 0.125926 0.659506
0 0.452604 0.391667 0.021875 0.105556 0.660572
0 0.0463542 0.439815 0.053125 0.212963 0.661021
0 0.547396 0.396296 0.0302083 0.148148 0.666812
0 0.452604 0.391667 0.021875 0.105556 0.667873
0 0.146354 0.414815 0.0302083 0.125926 0.668955
0 0.547396 0.394444 0.028125 0.144444 0.669005
0 0.547396 0.392593 0.028125 0.140741 0.670761
0 0.146354 0.414815 0.028125 0.125926 0.67236
0 0.547396 0.392593 0.028125 0.140741 0.673299
0 0.515104 0.412963 0.034375 0.148148 0.676962
0 0.547396 0.39537 0.028125 0.142593 0.677782
0 0.451562 0.393519 0.021875 0.109259 0.681163
0 0.451562 0.394444 0.0239583 0.111111 0.683379
0 0.515104 0.412963 0.034375 0.148148 0.685419
0 0.452604 0.392593 0.021875 0.107407 0.687335
0 0.146875 0.415741 0.0291667 0.12037 0.6904
0 0.546875 0.396296 0.0291667 0.148148 0.697053
0 0.513542 0.412963 0.0333333 0.148148 0.699664
0 0.513542 0.412963 0.0333333 0.148148 0.710155
0 0.0453125 0.437037 0.0510417 0.214815 0.711905
0 0.957812 0.574074 0.084375 0.481481 0.714787
0 0.146354 0.415741 0.028125 0.12037 0.715557
0 0.452604 0.393519 0.021875 0.109259 0.715766
0 0.145833 0.415741 0.0291667 0.124074 0.716572
0 0.452604 0.392593 0.021875 0.107407 0.716771
0 0.145833 0.415741 0.0270833 0.124074 0.718835
0 0.145833 0.415741 0.0270833 0.124074 0.725663
0 0.957812 0.574074 0.084375 0.481481 0.7288
0 0.547917 0.394444 0.0270833 0.144444 0.729283
0 0.547917 0.393519 0.0270833 0.142593 0.736813
0 0.145833 0.414815 0.0291667 0.12963 0.736916
0 0.957292 0.569444 0.0854167 0.487037 0.737141
0 0.046875 0.437963 0.0520833 0.212963 0.73829
0 0.513542 0.412963 0.0333333 0.148148 0.740034
0 0.957292 0.57037 0.0854167 0.485185 0.741831
0 0.547396 0.393519 0.028125 0.146296 0.742773
0 0.514063 0.414815 0.0322917 0.148148 0.745304
0 0.514063 0.414815 0.0322917 0.144444 0.746087
0 0.145833 0.415741 0.0291667 0.124074 0.746102
0 0.0463542 0.437963 0.0510417 0.216667 0.750706
0 0.145833 0.415741 0.0291667 0.124074 0.75907
0 0.513542 0.414815 0.0354167 0.148148 0.773102
0 0.547396 0.393519 0.028125 0.146296 0.778291
0 0.145833 0.414815 0.0291667 0.12963 0.781066
0 0.513542 0.415741 0.0354167 0.146296 0.782113
0 0.547396 0.393519 0.028125 0.146296 0.782686
0 0.145833 0.414815 0.0291667 0.12963 0.789845
0 0.514583 0.413889 0.0333333 0.15 0.796067
0 0.514583 0.413889 0.0333333 0.15 0.805129
0 0.514583 0.413889 0.0333333 0.15 0.814801
