0 0.540104 0.305556 0.0177083 0.0777778 0.252347
0 0.65 0.319444 0.0229167 0.116667 0.252457
0 0.490104 0.332407 0.0260417 0.105556 0.258067
0 0.0994792 0.321296 0.0197917 0.0907407 0.261211
0 0.075 0.325926 0.0166667 0.0925926 0.261705
0 0.604167 0.325 0.0270833 0.124074 0.262154
0 0.651042 0.323148 0.025 0.12037 0.262391
0 0.459375 0.346296 0.0291667 0.155556 0.263661
0 0.492708 0.328704 0.025 0.0981481 0.265433
0 0.1 0.317593 0.01875 0.087037 0.265988
0 0.1 0.321296 0.01875 0.0907407 0.267039
0 0.651042 0.323148 0.025 0.12037 0.267142
1 0.917188 0.324074 0.0447917 0.159259 0.267946
0 0.1 0.317593 0.01875 0.0907407 0.274191
0 0.824479 0.401852 0.096875 0.462963 0.277671
24 0.867188 0.32037 0.0572917 0.188889 0.279114
0 0.1 0.316667 0.01875 0.0888889 0.279117
1 0.916667 0.324074 0.04375 0.159259 0.280244
0 0.540625 0.305556 0.0166667 0.0777778 0.280848
0 0.0729167 0.325926 0.01875 0.107407 0.281356
1 0.917708 0.336111 0.04375 0.127778 0.281811
1 0.917188 0.324074 0.0447917 0.159259 0.283085
0 0.492188 0.32963 0.0239583 0.1 0.283139
0 0.0958333 0.322222 0.025 0.0888889 0.283509
0 0.835417 0.413889 0.0833333 0.47963 0.283525
24 0.867188 0.321296 0.0572917 0.194444 0.283709
0 0.459375 0.347222 0.0291667 0.153704 0.283978
0 0.0239583 0.356481 0.0479167 0.190741 0.284638
1 0.917188 0.336111 0.0447917 0.127778 0.287383
0 0.0729167 0.326852 0.0208333 0.109259 0.28849
0 0.503646 0.337963 0.040625 0.0944444 0.289748
0 0.0994792 0.321296 0.0177083 0.087037 0.289871
0 0.79375 0.396296 0.06875 0.418519 0.290895
0 0.389583 0.325926 0.0270833 0.107407 0.292061
0 0.543229 0.302778 0.015625 0.0759259 0.292975
0 0.568229 0.298148 0.015625 0.062963 0.293474
0 0.790625 0.39537 0.0666667 0.412963 0.294444
0 0.0734375 0.326852 0.0197917 0.109259 0.294479
0 0.075 0.326852 0.01875 0.0944444 0.294546
0 0.492708 0.32963 0.025 0.1 0.295422
0 0.0755208 0.326852 0.0177083 0.0944444 0.296153
0 0.492188 0.334259 0.028125 0.105556 0.297405
1 0.923437 0.338889 0.0552083 0.12963 0.300533
0 0.458854 0.346296 0.028125 0.155556 0.301975
0 0.490104 0.333333 0.0239583 0.103704 0.302879
0 0.490104 0.333333 0.0239583 0.103704 0.303074
0 0.492708 0.333333 0.0291667 0.107407 0.307334
0 0.542708 0.301852 0.0166667 0.0777778 0.307558
1 0.923437 0.338889 0.0552083 0.12963 0.310273
1 0.923437 0.338889 0.0552083 0.12963 0.311099
0 0.568229 0.298148 0.015625 0.062963 0.314174
0 0.604688 0.325926 0.0260417 0.125926 0.315006
0 0.604688 0.325926 0.0260417 0.125926 0.316099
24 0.866667 0.332407 0.0541667 0.175926 0.325868
0 0.0989583 0.32037 0.01875 0.0925926 0.326878
24 0.866146 0.332407 0.0552083 0.17963 0.330088
0 0.509896 0.337037 0.021875 0.0962963 0.339728
0 0.390104 0.325926 0.0260417 0.103704 0.348528
0 0.56875 0.299074 0.0145833 0.0648148 0.349202
0 0.492708 0.333333 0.0270833 0.107407 0.356482
0 0.510417 0.337963 0.0229167 0.0981481 0.357146
0 0.513542 0.336111 0.0229167 0.0981481 0.357648
0 0.56875 0.299074 0.0145833 0.0648148 0.358189
0 0.509896 0.337037 0.021875 0.1 0.361733
0 0.785937 0.392593 0.0552083 0.403704 0.365171
0 0.0989583 0.32037 0.01875 0.0888889 0.365306
0 0.492188 0.334259 0.028125 0.105556 0.369802
0 0.0989583 0.32037 0.01875 0.0925926 0.370637
0 0.513021 0.337037 0.021875 0.0962963 0.374086
24 0.867188 0.340741 0.0510417 0.159259 0.377811
0 0.785937 0.391667 0.0552083 0.401852 0.378874
0 0.0989583 0.32037 0.01875 0.0925926 0.380998
0 0.0979167 0.321296 0.0208333 0.0907407 0.383647
0 0.785937 0.390741 0.0552083 0.403704 0.386989
24 0.867188 0.340741 0.0510417 0.159259 0.396262
0 0.542188 0.303704 0.015625 0.0777778 0.401927
0 0.389583 0.326852 0.025 0.105556 0.404541
0 0.028125 0.351852 0.0520833 0.185185 0.404893
1 0.916146 0.338889 0.0489583 0.125926 0.406295
0 0.513542 0.337963 0.0229167 0.0981481 0.409788
1 0.915625 0.338889 0.0479167 0.125926 0.410615
0 0.021875 0.360185 0.04375 0.187037 0.411134
0 0.021875 0.359259 0.04375 0.185185 0.411353
0 0.513542 0.337963 0.0229167 0.0981481 0.412342
24 0.868229 0.334259 0.0510417 0.175926 0.413725
1 0.916146 0.338889 0.0489583 0.125926 0.414672
0 0.801042 0.401852 0.0791667 0.444444 0.41655
0 0.021875 0.348148 0.04375 0.185185 0.420727
0 0.021875 0.348148 0.04375 0.181481 0.422208
0 0.459375 0.340741 0.0291667 0.148148 0.423505
24 0.868229 0.334259 0.0510417 0.175926 0.424978
0 0.390625 0.326852 0.025 0.105556 0.430022
24 0.868229 0.334259 0.0510417 0.175926 0.433314
0 0.652604 0.316667 0.028125 0.114815 0.433616
0 0.8 0.4 0.08125 0.440741 0.435507
0 0.0984375 0.321296 0.0177083 0.087037 0.436834
0 0.652083 0.316667 0.0270833 0.114815 0.439005
0 0.458854 0.341667 0.0302083 0.15 0.439951
0 0.460417 0.34537 0.0291667 0.157407 0.440514
0 0.460417 0.34537 0.0291667 0.157407 0.447182
0 0.0270833 0.351852 0.05 0.181481 0.447382
0 0.8 0.401852 0.08125 0.444444 0.449823
0 0.411979 0.333333 0.028125 0.133333 0.454723
0 0.542708 0.303704 0.0145833 0.0777778 0.462463
0 0.652083 0.316667 0.0270833 0.114815 0.466526
0 0.0270833 0.351852 0.05 0.181481 0.468886
0 0.492188 0.334259 0.0260417 0.0981481 0.474651
0 0.651563 0.318519 0.0260417 0.118519 0.475337
0 0.0984375 0.321296 0.0177083 0.0907407 0.476662
0 0.493229 0.332407 0.0260417 0.105556 0.476757
0 0.0984375 0.32037 0.0177083 0.0888889 0.478287
0 0.542708 0.301852 0.0145833 0.0777778 0.481555
0 0.542708 0.302778 0.0145833 0.0759259 0.486147
0 0.458854 0.340741 0.0302083 0.148148 0.488506
0 0.542708 0.301852 0.0145833 0.0777778 0.495989
0 0.652083 0.316667 0.0270833 0.114815 0.505203
0 0.492188 0.333333 0.0260417 0.1 0.505884
24 0.86875 0.336111 0.0541667 0.164815 0.509723
0 0.389583 0.325 0.025 0.0981481 0.510332
0 0.492188 0.334259 0.0260417 0.101852 0.51687
0 0.651563 0.317593 0.0260417 0.12037 0.519216
0 0.652083 0.316667 0.025 0.114815 0.519435
0 0.652083 0.316667 0.0270833 0.114815 0.52218
0 0.457292 0.343519 0.03125 0.153704 0.52519
0 0.651563 0.318519 0.0260417 0.118519 0.527026
24 0.867188 0.331481 0.0552083 0.177778 0.531868
0 0.389583 0.325926 0.025 0.1 0.538888
0 0.605729 0.325 0.0302083 0.127778 0.540017
24 0.869271 0.337037 0.053125 0.174074 0.540806
0 0.390104 0.325 0.0239583 0.0981481 0.548464
0 0.788021 0.394444 0.059375 0.403704 0.549069
0 0.652083 0.317593 0.0270833 0.112963 0.550293
0 0.457292 0.342593 0.0333333 0.155556 0.550521
24 0.867708 0.331481 0.0541667 0.181481 0.55083
0 0.824479 0.403704 0.0947917 0.47037 0.551111
0 0.021875 0.357407 0.04375 0.188889 0.553555
0 0.605208 0.326852 0.0291667 0.127778 0.554467
0 0.788021 0.393519 0.059375 0.405556 0.558001
0 0.390104 0.327778 0.0260417 0.107407 0.558306
0 0.652083 0.316667 0.025 0.114815 0.561305
24 0.86875 0.336111 0.0520833 0.172222 0.563372
24 0.86875 0.337037 0.0520833 0.174074 0.563574
0 0.788021 0.393519 0.059375 0.405556 0.569492
0 0.0526042 0.328704 0.028125 0.124074 0.57886
0 0.459896 0.340741 0.028125 0.148148 0.58303
0 0.457812 0.343519 0.0322917 0.153704 0.585308
0 0.652083 0.317593 0.025 0.112963 0.58602
0 0.021875 0.357407 0.04375 0.188889 0.586761
0 0.652604 0.315741 0.0260417 0.109259 0.590806
0 0.0526042 0.328704 0.028125 0.127778 0.592898
0 0.459896 0.340741 0.028125 0.148148 0.593094
0 0.605729 0.325926 0.028125 0.125926 0.595915
0 0.492188 0.333333 0.0239583 0.103704 0.596245
0 0.390104 0.325926 0.0239583 0.103704 0.596971
0 0.390104 0.328704 0.0260417 0.112963 0.601959
0 0.053125 0.328704 0.0270833 0.127778 0.602024
0 0.0541667 0.325926 0.0291667 0.122222 0.605168
0 0.390104 0.327778 0.0260417 0.111111 0.61084
0 0.651563 0.317593 0.0260417 0.112963 0.615613
0 0.0541667 0.326852 0.0291667 0.124074 0.616017
0 0.389583 0.325926 0.0229167 0.103704 0.621883
0 0.390625 0.325 0.025 0.101852 0.62258
0 0.021875 0.357407 0.04375 0.192593 0.624712
0 0.605729 0.326852 0.028125 0.127778 0.632201
0 0.652083 0.315741 0.025 0.109259 0.634299
0 0.605729 0.325926 0.0302083 0.12963 0.638225
0 0.413021 0.335185 0.0302083 0.144444 0.642405
0 0.605208 0.325926 0.0291667 0.12963 0.643645
0 0.605729 0.325 0.028125 0.127778 0.644712
0 0.652604 0.317593 0.0260417 0.112963 0.646466
0 0.652604 0.315741 0.0260417 0.109259 0.647528
0 0.0223958 0.357407 0.0447917 0.188889 0.65245
0 0.0223958 0.357407 0.0447917 0.188889 0.658982
0 0.390625 0.325 0.025 0.105556 0.66078
0 0.0541667 0.325926 0.0291667 0.122222 0.661315
0 0.652604 0.316667 0.0260417 0.111111 0.663484
0 0.413021 0.335185 0.0302083 0.144444 0.665047
0 0.390625 0.324074 0.025 0.103704 0.666249
0 0.605208 0.324074 0.0291667 0.12963 0.670712
0 0.0536458 0.326852 0.028125 0.124074 0.670924
0 0.4125 0.335185 0.0291667 0.148148 0.67422
0 0.0536458 0.327778 0.0260417 0.122222 0.682967
0 0.4125 0.335185 0.0270833 0.148148 0.683957
0 0.605208 0.325 0.0291667 0.127778 0.684704
0 0.413021 0.335185 0.0302083 0.144444 0.686163
0 0.4125 0.335185 0.0291667 0.148148 0.693892
0 0.0546875 0.325926 0.028125 0.122222 0.696159
0 0.0536458 0.327778 0.0260417 0.125926 0.698231
0 0.605729 0.325 0.028125 0.127778 0.710155
0 0.053125 0.326852 0.025 0.124074 0.713829
0 0.605208 0.325 0.0291667 0.127778 0.716008
0 0.830729 0.408333 0.0864583 0.47963 0.717569
0 0.0546875 0.326852 0.028125 0.124074 0.721403
0 0.605729 0.325 0.028125 0.127778 0.721727
0 0.830729 0.405556 0.0822917 0.466667 0.722306
0 0.605729 0.325926 0.028125 0.12963 0.724852
0 0.605208 0.324074 0.0270833 0.12963 0.725225
0 0.605729 0.325 0.028125 0.127778 0.72599
0 0.830729 0.408333 0.0864583 0.47963 0.733246
0 0.83125 0.414815 0.0770833 0.466667 0.737474
0 0.411979 0.333333 0.028125 0.144444 0.743859
0 0.411979 0.334259 0.028125 0.142593 0.744157
0 0.831771 0.406481 0.084375 0.461111 0.751944
0 0.459375 0.342593 0.0291667 0.151852 0.753299
0 0.021875 0.357407 0.04375 0.188889 0.755984
0 0.458854 0.342593 0.0302083 0.151852 0.75657
0 0.021875 0.357407 0.04375 0.188889 0.760846
0 0.788021 0.393519 0.059375 0.409259 0.76516
0 0.831771 0.414815 0.078125 0.47037 0.765592
0 0.830729 0.405556 0.0822917 0.462963 0.766978
0 0.021875 0.355556 0.04375 0.188889 0.773784
0 0.831771 0.413889 0.078125 0.472222 0.774178
0 0.459375 0.342593 0.0291667 0.151852 0.779371
0 0.789583 0.396296 0.0583333 0.414815 0.785588
0 0.053125 0.325 0.0291667 0.124074 0.79676
0 0.021875 0.355556 0.04375 0.188889 0.800549
0 0.053125 0.325 0.0291667 0.124074 0.800648
0 0.021875 0.355556 0.04375 0.192593 0.801586
0 0.053125 0.325926 0.0291667 0.122222 0.810037
0 0.458854 0.342593 0.028125 0.151852 0.811934
0 0.458854 0.343519 0.028125 0.15 0.812274
0 0.459375 0.343519 0.0291667 0.161111 0.840844
0 0.413021 0.335185 0.028125 0.155556 0.841986
0 0.459375 0.343519 0.0291667 0.157407 0.844338
0 0.788542 0.392593 0.0583333 0.4 0.848161
0 0.4125 0.334259 0.0291667 0.153704 0.851559
0 0.788542 0.391667 0.0583333 0.398148 0.852694
0 0.788542 0.392593 0.0583333 0.4 0.854601
