13 0.184375 0.938889 0.222917 0.122222 0.250117
0 0.470313 0.350926 0.028125 0.0981481 0.251244
13 0.405729 0.573148 0.0822917 0.17963 0.257426
0 0.5125 0.339815 0.0166667 0.0759259 0.258574
0 0.5125 0.338889 0.0166667 0.0666667 0.259877
0 0.349479 0.342593 0.015625 0.0740741 0.262753
0 0.354688 0.342593 0.015625 0.0740741 0.263755
0 0.356771 0.341667 0.0197917 0.0759259 0.263913
13 0.405729 0.573148 0.0822917 0.183333 0.268736
0 0.493229 0.363889 0.028125 0.131481 0.26965
13 0.40625 0.573148 0.0833333 0.183333 0.276384
0 0.439583 0.37037 0.03125 0.133333 0.286698
13 0.184375 0.937963 0.225 0.12037 0.287614
13 0.407292 0.560185 0.0833333 0.168519 0.289593
13 0.184375 0.938889 0.222917 0.122222 0.29531
0 0.354688 0.342593 0.015625 0.0740741 0.296012
0 0.369271 0.339815 0.0177083 0.0833333 0.305681
0 0.494792 0.373148 0.0270833 0.135185 0.313079
0 0.329167 0.357407 0.01875 0.0814815 0.319525
13 0.188021 0.937037 0.228125 0.122222 0.319948
0 0.571354 0.35 0.0177083 0.0666667 0.327964
13 0.406771 0.566667 0.0822917 0.181481 0.327977
0 0.328646 0.357407 0.0177083 0.0814815 0.332101
0 0.369271 0.340741 0.0177083 0.0814815 0.332898
0 0.368229 0.338889 0.021875 0.0814815 0.334909
13 0.406771 0.561111 0.084375 0.166667 0.336969
0 0.366667 0.337037 0.01875 0.0851852 0.340434
13 0.40625 0.557407 0.08125 0.159259 0.343674
0 0.329167 0.357407 0.01875 0.0814815 0.346791
0 0.570833 0.35 0.01875 0.0666667 0.360516
13 0.40625 0.55463 0.08125 0.15 0.366461
13 0.40625 0.55463 0.08125 0.153704 0.369941
13 0.407292 0.566667 0.0833333 0.181481 0.380156
0 0.369792 0.340741 0.0166667 0.0814815 0.380244
13 0.189063 0.937963 0.226042 0.124074 0.382263
0 0.369792 0.337963 0.0166667 0.0796296 0.382902
0 0.369271 0.340741 0.0177083 0.0814815 0.385627
0 0.571354 0.349074 0.0177083 0.0648148 0.389802
13 0.188542 0.937963 0.225 0.124074 0.397186
0 0.609896 0.374074 0.0260417 0.133333 0.398679
0 0.494792 0.37037 0.0333333 0.148148 0.402252
0 0.369271 0.340741 0.0177083 0.0814815 0.405089
0 0.645833 0.384259 0.0541667 0.209259 0.409183
0 0.49375 0.37037 0.0333333 0.148148 0.414585
0 0.369271 0.339815 0.0177083 0.0796296 0.419298
0 0.496354 0.372222 0.0302083 0.144444 0.432033
0 0.496354 0.374074 0.028125 0.140741 0.43458
0 0.608854 0.37037 0.0260417 0.133333 0.439314
0 0.609375 0.373148 0.0270833 0.135185 0.455898
0 0.496354 0.372222 0.0302083 0.148148 0.456138
0 0.646875 0.385185 0.0541667 0.211111 0.457851
0 0.496875 0.374074 0.0291667 0.137037 0.460257
0 0.648958 0.386111 0.05625 0.216667 0.460761
0 0.570833 0.348148 0.0166667 0.062963 0.46271
0 0.494792 0.37037 0.0333333 0.148148 0.463252
0 0.571354 0.347222 0.0177083 0.0648148 0.469168
0 0.648958 0.387037 0.05625 0.218519 0.47195
0 0.0411458 0.381481 0.0364583 0.144444 0.472708
0 0.570833 0.348148 0.0166667 0.0666667 0.47568
0 0.0411458 0.381481 0.0364583 0.144444 0.491854
0 0.496354 0.371296 0.0302083 0.146296 0.49238
0 0.571354 0.347222 0.0177083 0.0648148 0.506493
0 0.571354 0.347222 0.0177083 0.0648148 0.507095
0 0.441146 0.375 0.0322917 0.153704 0.514001
0 0.571354 0.348148 0.0177083 0.0666667 0.515121
0 0.646875 0.385185 0.0541667 0.211111 0.516071
0 0.609896 0.374074 0.0260417 0.140741 0.518185
0 0.609375 0.374074 0.0270833 0.140741 0.518235
0 0.571354 0.347222 0.0177083 0.0648148 0.519719
0 0.570833 0.349074 0.0166667 0.0685185 0.525718
0 0.441146 0.374074 0.0322917 0.151852 0.53876
0 0.609375 0.372222 0.0270833 0.133333 0.539276
13 0.405729 0.562963 0.0822917 0.166667 0.54677
0 0.493229 0.365741 0.028125 0.146296 0.548008
13 0.406771 0.564815 0.0822917 0.17037 0.548667
0 0.493229 0.365741 0.028125 0.142593 0.551235
0 0.0447917 0.383333 0.0395833 0.144444 0.557244
13 0.40625 0.562963 0.0833333 0.174074 0.558214
13 0.40625 0.562963 0.0833333 0.174074 0.561069
13 0.40625 0.562963 0.0833333 0.174074 0.561705
0 0.494792 0.369444 0.03125 0.146296 0.563075
0 0.0447917 0.384259 0.0395833 0.146296 0.564301
13 0.406771 0.563889 0.0822917 0.168519 0.572939
0 0.609375 0.371296 0.025 0.135185 0.578087
13 0.405729 0.564815 0.0822917 0.17037 0.578253
0 0.609375 0.371296 0.025 0.135185 0.581341
0 0.647917 0.382407 0.0541667 0.209259 0.581479
0 0.571354 0.348148 0.0177083 0.0666667 0.582612
0 0.609375 0.372222 0.025 0.133333 0.58415
0 0.609375 0.373148 0.0270833 0.138889 0.586337
0 0.0421875 0.382407 0.0385417 0.146296 0.596886
0 0.328646 0.351852 0.0197917 0.0851852 0.596995
0 0.0442708 0.383333 0.0385417 0.151852 0.598644
0 0.495313 0.37037 0.0302083 0.148148 0.599196
0 0.441146 0.374074 0.0322917 0.151852 0.60294
0 0.494271 0.373148 0.028125 0.142593 0.604532
0 0.609375 0.371296 0.0270833 0.135185 0.604605
0 0.440104 0.369444 0.0322917 0.142593 0.608435
0 0.440104 0.37037 0.0322917 0.140741 0.610242
13 0.405729 0.561111 0.0822917 0.162963 0.611737
13 0.40625 0.563889 0.0833333 0.168519 0.611895
13 0.40625 0.563889 0.0833333 0.168519 0.61256
13 0.405729 0.563889 0.0822917 0.168519 0.613622
0 0.494792 0.369444 0.03125 0.15 0.614454
0 0.0421875 0.382407 0.0385417 0.146296 0.615643
0 0.494271 0.373148 0.028125 0.142593 0.617017
0 0.647917 0.385185 0.0583333 0.218519 0.617364
0 0.609375 0.373148 0.0270833 0.135185 0.630239
0 0.0442708 0.382407 0.0385417 0.15 0.63225
0 0.647396 0.386111 0.059375 0.22037 0.645079
0 0.609375 0.372222 0.0270833 0.137037 0.645396
0 0.232292 0.443519 0.114583 0.409259 0.656433
0 0.0416667 0.382407 0.0375 0.146296 0.65718
13 0.40625 0.562963 0.08125 0.166667 0.659194
0 0.328125 0.351852 0.01875 0.0851852 0.665361
0 0.439583 0.374074 0.03125 0.144444 0.667273
0 0.648958 0.385185 0.0541667 0.222222 0.669294
0 0.0442708 0.382407 0.0385417 0.15 0.671601
0 0.648438 0.385185 0.0552083 0.222222 0.67275
0 0.439583 0.374074 0.03125 0.144444 0.682857
0 0.609375 0.37037 0.0270833 0.137037 0.683501
0 0.0432292 0.382407 0.0385417 0.146296 0.684623
0 0.329167 0.35463 0.01875 0.087037 0.685489
0 0.608854 0.372222 0.0260417 0.137037 0.687769
0 0.328646 0.353704 0.0177083 0.0851852 0.68912
0 0.609375 0.371296 0.025 0.135185 0.700174
0 0.329167 0.353704 0.01875 0.0851852 0.702654
0 0.0432292 0.383333 0.0385417 0.148148 0.715604
0 0.329167 0.353704 0.01875 0.0851852 0.721748
0 0.609375 0.372222 0.025 0.133333 0.725701
0 0.609375 0.372222 0.025 0.133333 0.726195
0 0.648958 0.385185 0.0541667 0.218519 0.730872
0 0.439583 0.375 0.03125 0.146296 0.737086
0 0.0427083 0.382407 0.0375 0.146296 0.74126
0 0.440625 0.373148 0.0291667 0.157407 0.741282
0 0.440625 0.373148 0.0291667 0.153704 0.745184
0 0.0432292 0.382407 0.0385417 0.146296 0.745752
0 0.328646 0.353704 0.0197917 0.0851852 0.747303
0 0.0427083 0.383333 0.0375 0.148148 0.747946
0 0.648958 0.385185 0.0541667 0.218519 0.758634
0 0.328646 0.353704 0.0197917 0.0851852 0.758661
0 0.328646 0.353704 0.0197917 0.0851852 0.763143
0 0.648438 0.383333 0.0572917 0.218519 0.764007
0 0.440104 0.374074 0.0302083 0.148148 0.768721
0 0.440104 0.374074 0.0302083 0.148148 0.769397
0 0.648438 0.383333 0.0572917 0.222222 0.770936
0 0.647917 0.383333 0.0541667 0.214815 0.784018
0 0.233854 0.441667 0.115625 0.409259 0.784282
0 0.648438 0.385185 0.053125 0.218519 0.786165
0 0.440104 0.374074 0.0302083 0.148148 0.791553
0 0.233854 0.440741 0.115625 0.407407 0.791815
0 0.647917 0.384259 0.0520833 0.212963 0.79203
0 0.648958 0.384259 0.0541667 0.216667 0.793502
0 0.233333 0.441667 0.114583 0.405556 0.800305
0 0.232292 0.442593 0.114583 0.407407 0.800971
0 0.648438 0.385185 0.053125 0.218519 0.810439
0 0.440104 0.371296 0.0302083 0.15 0.814961
0 0.440104 0.371296 0.0302083 0.146296 0.821052
0 0.648438 0.385185 0.053125 0.218519 0.834711
0 0.231771 0.444444 0.111458 0.403704 0.838722
0 0.23125 0.443519 0.110417 0.405556 0.840416
0 0.232292 0.440741 0.1125 0.4 0.844449
0 0.23125 0.444444 0.110417 0.403704 0.84635
0 0.232292 0.440741 0.1125 0.4 0.875349
0 0.232812 0.441667 0.113542 0.401852 0.883623
0 0.232292 0.444444 0.1125 0.4 0.892529
0 0.232292 0.444444 0.1125 0.4 0.893665
0 0.232812 0.441667 0.113542 0.398148 0.894267
0 0.232292 0.444444 0.1125 0.4 0.896126
