0 0.120833 0.374074 0.0375 0.137037 0.251165
0 0.120833 0.373148 0.0375 0.135185 0.251544
0 0.464583 0.366667 0.0270833 0.155556 0.254781
0 0.486458 0.342593 0.0208333 0.0888889 0.257287
0 0.121875 0.374074 0.0354167 0.144444 0.258002
0 0.464063 0.366667 0.028125 0.155556 0.25816
0 0.365625 0.331481 0.0166667 0.0740741 0.268947
0 0.156771 0.349074 0.0135417 0.105556 0.269926
0 0.121875 0.374074 0.0354167 0.144444 0.28928
0 0.464583 0.359259 0.0270833 0.137037 0.290902
0 0.484896 0.336111 0.021875 0.0944444 0.310044
0 0.364583 0.334259 0.0166667 0.0759259 0.321858
0 0.364062 0.334259 0.015625 0.0759259 0.322296
0 0.121354 0.365741 0.034375 0.142593 0.322917
0 0.121875 0.364815 0.0333333 0.140741 0.325137
0 0.290104 0.350926 0.0302083 0.109259 0.32813
0 0.121354 0.365741 0.034375 0.142593 0.33259
0 0.484896 0.337037 0.021875 0.0962963 0.339737
0 0.484896 0.336111 0.021875 0.0981481 0.33977
0 0.290104 0.350926 0.0302083 0.109259 0.34051
0 0.121875 0.364815 0.0333333 0.144444 0.346965
0 0.341146 0.338889 0.0239583 0.0740741 0.347005
0 0.365625 0.331481 0.0145833 0.0740741 0.353786
0 0.290104 0.350926 0.0302083 0.109259 0.358442
0 0.364062 0.333333 0.015625 0.0740741 0.366051
0 0.365625 0.331481 0.0145833 0.0740741 0.372572
0 0.121875 0.374074 0.0354167 0.144444 0.375815
0 0.511458 0.366667 0.03125 0.144444 0.378974
0 0.464063 0.360185 0.028125 0.135185 0.380209
0 0.511458 0.365741 0.03125 0.142593 0.386459
0 0.289062 0.353704 0.034375 0.103704 0.387345
0 0.121354 0.365741 0.034375 0.142593 0.393105
0 0.289062 0.353704 0.034375 0.103704 0.396491
0 0.64375 0.37037 0.0416667 0.2 0.404667
0 0.289062 0.353704 0.034375 0.107407 0.412
0 0.64375 0.371296 0.0416667 0.201852 0.425385
0 0.338021 0.337963 0.0197917 0.0796296 0.456067
0 0.289062 0.350926 0.0322917 0.109259 0.481612
0 0.338542 0.337963 0.0208333 0.0796296 0.495406
0 0.289583 0.351852 0.03125 0.103704 0.496579
0 0.338542 0.338889 0.0208333 0.0777778 0.498782
0 0.289062 0.35 0.0322917 0.107407 0.499035
0 0.289062 0.351852 0.0322917 0.107407 0.505841
0 0.289062 0.352778 0.0322917 0.105556 0.509963
0 0.289062 0.351852 0.0322917 0.107407 0.517254
0 0.289583 0.352778 0.03125 0.105556 0.518146
0 0.289583 0.35 0.03125 0.107407 0.529431
0 0.289583 0.351852 0.03125 0.103704 0.53696
0 0.5125 0.360185 0.0354167 0.15 0.545335
0 0.5125 0.360185 0.0354167 0.15 0.548694
0 0.339063 0.339815 0.0177083 0.0759259 0.556209
0 0.641146 0.374074 0.0385417 0.188889 0.573527
0 0.510938 0.362963 0.0322917 0.144444 0.58013
0 0.508854 0.364815 0.028125 0.148148 0.585238
0 0.641667 0.372222 0.0395833 0.188889 0.595257
0 0.641667 0.374074 0.0375 0.188889 0.598774
0 0.508854 0.364815 0.028125 0.144444 0.599198
0 0.510417 0.362963 0.0333333 0.144444 0.601369
0 0.339583 0.338889 0.01875 0.0777778 0.618668
0 0.205208 0.416667 0.0895833 0.355556 0.62277
0 0.339583 0.338889 0.01875 0.0777778 0.630316
0 0.204688 0.416667 0.090625 0.355556 0.631509
0 0.508854 0.361111 0.0302083 0.151852 0.632414
0 0.508333 0.361111 0.0291667 0.151852 0.636965
0 0.510417 0.362963 0.0333333 0.144444 0.637069
0 0.205208 0.416667 0.0895833 0.355556 0.639585
0 0.339583 0.338889 0.01875 0.0777778 0.643908
0 0.464583 0.363889 0.0291667 0.15 0.645503
0 0.339583 0.337963 0.01875 0.0759259 0.648394
0 0.641667 0.372222 0.0395833 0.188889 0.668676
0 0.340104 0.340741 0.0197917 0.0814815 0.674956
0 0.464583 0.362963 0.0291667 0.151852 0.690455
0 0.464583 0.359259 0.0270833 0.144444 0.692709
0 0.339063 0.339815 0.0197917 0.0796296 0.692848
0 0.510938 0.363889 0.0322917 0.146296 0.693088
0 0.339583 0.339815 0.0208333 0.0796296 0.694001
0 0.464583 0.360185 0.0270833 0.146296 0.694133
0 0.464063 0.363889 0.028125 0.15 0.695775
0 0.464583 0.363889 0.0291667 0.15 0.696939
0 0.464583 0.363889 0.0291667 0.15 0.703647
0 0.510938 0.364815 0.0322917 0.148148 0.714244
0 0.642708 0.376852 0.0375 0.183333 0.716466
0 0.641667 0.371296 0.0395833 0.190741 0.71818
0 0.510938 0.363889 0.0322917 0.15 0.719294
0 0.642708 0.375926 0.0375 0.185185 0.726086
0 0.642708 0.375926 0.0375 0.185185 0.730491
0 0.464583 0.363889 0.0291667 0.15 0.737985
0 0.642187 0.374074 0.0385417 0.188889 0.748121
0 0.20625 0.414815 0.0916667 0.351852 0.750524
0 0.205729 0.414815 0.090625 0.351852 0.755669
0 0.464583 0.364815 0.0291667 0.151852 0.756234
0 0.464583 0.360185 0.0291667 0.146296 0.761172
0 0.464583 0.363889 0.0291667 0.15 0.762675
0 0.641667 0.374074 0.0375 0.188889 0.765359
0 0.464583 0.359259 0.0291667 0.144444 0.767494
0 0.641667 0.375 0.0375 0.190741 0.782988
0 0.641667 0.373148 0.0354167 0.187037 0.801931
0 0.641667 0.373148 0.0354167 0.190741 0.809479
0 0.20625 0.413889 0.0895833 0.353704 0.85688
0 0.20625 0.413889 0.0916667 0.353704 0.858882
0 0.20625 0.413889 0.0895833 0.35 0.861229
0 0.20625 0.416667 0.0916667 0.348148 0.864174
0 0.206771 0.416667 0.090625 0.348148 0.867442
0 0.20625 0.414815 0.0916667 0.355556 0.886
0 0.20625 0.414815 0.0916667 0.348148 0.886045
0 0.20625 0.415741 0.0916667 0.346296 0.887756
0 0.20625 0.414815 0.0916667 0.355556 0.888096
0 0.20625 0.414815 0.0916667 0.355556 0.890392
