13 0.327083 0.469444 0.0875 0.087037 0.252667
0 0.967188 0.59537 0.065625 0.501852 0.253566
0 0.967188 0.59537 0.065625 0.498148 0.255709
0 0.105208 0.425 0.025 0.116667 0.259718
0 0.0223958 0.455556 0.0427083 0.203704 0.259893
0 0.211458 0.394444 0.0166667 0.0925926 0.260684
0 0.4125 0.400926 0.01875 0.109259 0.264191
13 0.332812 0.468519 0.0885417 0.0814815 0.266374
0 0.232292 0.394444 0.01875 0.0851852 0.267991
13 0.332812 0.468519 0.0885417 0.0814815 0.27045
13 0.332292 0.47037 0.0895833 0.0851852 0.271956
0 0.228125 0.397222 0.01875 0.0907407 0.272064
0 0.411979 0.4 0.0177083 0.107407 0.275164
0 0.726042 0.394444 0.0291667 0.0814815 0.275767
0 0.245833 0.387037 0.01875 0.0666667 0.27968
0 0.967708 0.574074 0.0645833 0.485185 0.28108
0 0.245312 0.387037 0.0177083 0.0666667 0.287182
0 0.25 0.388889 0.0145833 0.0592593 0.289685
13 0.425 0.648148 0.241667 0.214815 0.290764
0 0.726562 0.39537 0.028125 0.0796296 0.291924
13 0.430729 0.646296 0.253125 0.218519 0.294933
13 0.433333 0.65 0.247917 0.211111 0.297821
13 0.426042 0.647222 0.24375 0.216667 0.29814
0 0.411979 0.4 0.0177083 0.107407 0.299539
13 0.432292 0.646296 0.252083 0.214815 0.300698
0 0.25 0.388889 0.0145833 0.0592593 0.306591
0 0.366667 0.389815 0.025 0.0981481 0.308168
0 0.021875 0.45463 0.0416667 0.201852 0.312684
0 0.245312 0.387963 0.0177083 0.0648148 0.312812
0 0.228125 0.397222 0.0166667 0.087037 0.313334
13 0.431771 0.646296 0.251042 0.218519 0.315179
0 0.457812 0.394444 0.0177083 0.0888889 0.321512
0 0.366146 0.391667 0.0260417 0.101852 0.322906
0 0.246354 0.387037 0.0177083 0.062963 0.323128
0 0.245833 0.387037 0.01875 0.062963 0.323147
13 0.430208 0.648148 0.254167 0.218519 0.323621
0 0.228125 0.396296 0.0166667 0.0888889 0.32987
0 0.366146 0.390741 0.0260417 0.1 0.33309
0 0.0244792 0.459259 0.0385417 0.2 0.333311
0 0.364062 0.394444 0.021875 0.111111 0.333563
0 0.422917 0.405556 0.025 0.114815 0.336271
0 0.0244792 0.459259 0.0385417 0.2 0.336934
13 0.430208 0.647222 0.254167 0.216667 0.33887
0 0.967188 0.583333 0.065625 0.485185 0.344656
0 0.248437 0.388889 0.0177083 0.0666667 0.347507
13 0.428125 0.646296 0.252083 0.214815 0.347537
0 0.246354 0.387037 0.0177083 0.062963 0.348672
0 0.423438 0.403704 0.0260417 0.114815 0.350228
13 0.428125 0.64537 0.252083 0.212963 0.351932
0 0.457812 0.39537 0.0177083 0.0907407 0.356862
0 0.457812 0.39537 0.0177083 0.0907407 0.363001
0 0.457812 0.401852 0.0197917 0.0962963 0.375012
0 0.457292 0.403704 0.01875 0.0925926 0.393788
0 0.457812 0.401852 0.0197917 0.1 0.396912
0 0.457292 0.401852 0.01875 0.1 0.399744
0 0.366667 0.390741 0.0229167 0.103704 0.404161
0 0.489062 0.423148 0.0385417 0.146296 0.407949
0 0.489062 0.423148 0.0364583 0.146296 0.412754
0 0.457292 0.403704 0.01875 0.0925926 0.422074
0 0.510938 0.405556 0.0260417 0.133333 0.431413
0 0.457292 0.403704 0.01875 0.0925926 0.431826
0 0.365104 0.393519 0.0239583 0.101852 0.434007
0 0.425 0.405556 0.025 0.111111 0.441578
0 0.488542 0.423148 0.0375 0.142593 0.447164
0 0.364583 0.392593 0.025 0.111111 0.448302
0 0.421875 0.40463 0.0229167 0.112963 0.450703
0 0.423438 0.40463 0.0260417 0.112963 0.452227
0 0.364583 0.392593 0.025 0.111111 0.469897
0 0.363542 0.393519 0.0208333 0.109259 0.470377
0 0.107813 0.424074 0.0260417 0.122222 0.471574
0 0.364583 0.393519 0.025 0.109259 0.475544
0 0.107292 0.427778 0.025 0.125926 0.48999
0 0.363542 0.394444 0.0208333 0.111111 0.490857
0 0.510938 0.40463 0.028125 0.138889 0.491316
0 0.421875 0.40463 0.0229167 0.116667 0.491448
0 0.363542 0.393519 0.0208333 0.109259 0.497973
0 0.107292 0.425 0.025 0.124074 0.497995
0 0.421875 0.40463 0.0229167 0.116667 0.499324
0 0.107292 0.424074 0.025 0.122222 0.503991
0 0.107292 0.427778 0.025 0.125926 0.508975
0 0.107292 0.427778 0.025 0.125926 0.523242
0 0.511458 0.406481 0.0270833 0.138889 0.535135
0 0.483854 0.423148 0.0322917 0.15 0.536437
0 0.479167 0.428704 0.0375 0.15 0.538766
0 0.106771 0.426852 0.0260417 0.124074 0.539073
0 0.021875 0.460185 0.0416667 0.194444 0.547951
0 0.483854 0.424074 0.0322917 0.151852 0.550294
0 0.510417 0.405556 0.0270833 0.137037 0.568395
0 0.0213542 0.460185 0.0427083 0.194444 0.569196
0 0.510938 0.406481 0.0260417 0.138889 0.570701
0 0.0203125 0.457407 0.040625 0.192593 0.570751
0 0.107292 0.427778 0.0270833 0.125926 0.573663
0 0.510938 0.40463 0.0260417 0.138889 0.583995
0 0.510938 0.405556 0.0260417 0.140741 0.588307
0 0.0208333 0.460185 0.0416667 0.194444 0.59247
0 0.967188 0.575 0.065625 0.505556 0.592827
0 0.457812 0.401852 0.0197917 0.1 0.595886
0 0.01875 0.456481 0.0375 0.201852 0.598914
0 0.01875 0.457407 0.0375 0.203704 0.602554
0 0.511458 0.40463 0.025 0.131481 0.606701
0 0.966667 0.578704 0.0666667 0.505556 0.612059
0 0.967708 0.575 0.0645833 0.509259 0.613421
0 0.106771 0.426852 0.0260417 0.12037 0.615984
0 0.457292 0.399074 0.01875 0.0907407 0.615988
0 0.107292 0.428704 0.0270833 0.124074 0.62458
0 0.0197917 0.459259 0.0395833 0.196296 0.629349
0 0.0203125 0.458333 0.040625 0.194444 0.629745
0 0.482292 0.427778 0.03125 0.151852 0.638615
0 0.510417 0.407407 0.025 0.133333 0.641002
0 0.0197917 0.459259 0.0395833 0.196296 0.642164
0 0.457292 0.4 0.01875 0.0925926 0.646864
0 0.0203125 0.458333 0.040625 0.194444 0.651049
0 0.457292 0.4 0.01875 0.0925926 0.652078
0 0.421875 0.405556 0.0229167 0.111111 0.656714
0 0.482292 0.427778 0.03125 0.151852 0.664186
0 0.0208333 0.458333 0.0416667 0.194444 0.669035
0 0.0203125 0.458333 0.040625 0.194444 0.669185
0 0.422917 0.40463 0.025 0.112963 0.671996
0 0.107292 0.427778 0.0270833 0.125926 0.67377
0 0.967188 0.582407 0.065625 0.501852 0.677289
0 0.967188 0.582407 0.065625 0.501852 0.683134
0 0.967188 0.578704 0.065625 0.505556 0.684944
0 0.0213542 0.459259 0.0427083 0.196296 0.685427
0 0.107292 0.427778 0.0270833 0.125926 0.688136
0 0.106771 0.426852 0.0260417 0.124074 0.691298
0 0.107292 0.427778 0.0270833 0.122222 0.695002
0 0.966667 0.57963 0.0666667 0.507407 0.700857
0 0.483333 0.427778 0.03125 0.151852 0.702232
0 0.483333 0.427778 0.03125 0.151852 0.714909
0 0.510938 0.40463 0.0260417 0.135185 0.724755
0 0.423438 0.403704 0.021875 0.111111 0.725141
0 0.511458 0.40463 0.025 0.135185 0.725358
0 0.423438 0.403704 0.021875 0.111111 0.726074
0 0.107292 0.428704 0.0270833 0.124074 0.729404
0 0.510417 0.407407 0.025 0.137037 0.732049
0 0.482812 0.430556 0.0302083 0.157407 0.73586
0 0.510938 0.405556 0.0260417 0.137037 0.736602
0 0.967708 0.575 0.0645833 0.509259 0.739048
0 0.510938 0.40463 0.0260417 0.138889 0.739321
0 0.423438 0.40463 0.021875 0.109259 0.74088
0 0.482812 0.430556 0.0302083 0.153704 0.742395
0 0.510417 0.407407 0.025 0.137037 0.742514
0 0.483333 0.427778 0.03125 0.151852 0.744801
0 0.966667 0.581481 0.0666667 0.5 0.755842
0 0.422917 0.40463 0.0229167 0.112963 0.759082
0 0.422917 0.403704 0.0229167 0.111111 0.759867
0 0.967708 0.575926 0.0645833 0.503704 0.762316
0 0.106771 0.425 0.0260417 0.124074 0.772179
0 0.422917 0.403704 0.0229167 0.111111 0.776327
0 0.483333 0.42963 0.0291667 0.148148 0.781044
0 0.483333 0.42963 0.0291667 0.148148 0.781635
0 0.967188 0.578704 0.065625 0.505556 0.78515
0 0.107292 0.425926 0.025 0.122222 0.79048
0 0.107292 0.425926 0.025 0.122222 0.791997
0 0.966667 0.580556 0.0666667 0.501852 0.812533
