0 0.267708 0.391667 0.025 0.0759259 0.252376
13 0.209375 0.469444 0.0645833 0.087037 0.254385
0 0.369792 0.414815 0.0270833 0.107407 0.255693
13 0.28125 0.476852 0.0875 0.0796296 0.2575
0 0.254167 0.388889 0.01875 0.0740741 0.259134
0 0.369792 0.414815 0.0270833 0.107407 0.262832
0 0.318229 0.388889 0.015625 0.0814815 0.263417
13 0.354167 0.59537 0.179167 0.109259 0.264886
0 0.253646 0.387963 0.0177083 0.0722222 0.268128
0 0.191146 0.39537 0.021875 0.0685185 0.268966
13 0.271875 0.477778 0.1 0.0888889 0.270198
0 0.95 0.594444 0.0979167 0.52963 0.271089
0 0.267708 0.391667 0.025 0.0759259 0.273966
0 0.191146 0.39537 0.021875 0.0685185 0.275373
13 0.28125 0.476852 0.0875 0.0796296 0.27738
13 0.352083 0.588889 0.175 0.1 0.288523
0 0.254167 0.387963 0.0166667 0.0722222 0.290058
13 0.34375 0.590741 0.166667 0.103704 0.290277
0 0.191146 0.39537 0.021875 0.0685185 0.291464
0 0.386458 0.415741 0.0375 0.105556 0.295102
13 0.275521 0.476852 0.0885417 0.0833333 0.299553
13 0.275 0.476852 0.0895833 0.0833333 0.299867
0 0.297917 0.400926 0.0208333 0.0907407 0.300584
0 0.451042 0.425 0.0229167 0.142593 0.301506
13 0.34375 0.590741 0.164583 0.103704 0.303201
13 0.353125 0.593518 0.175 0.101852 0.304109
0 0.298438 0.401852 0.0197917 0.0888889 0.304522
0 0.452083 0.425 0.0208333 0.142593 0.305701
13 0.34375 0.589815 0.166667 0.101852 0.307243
0 0.318229 0.390741 0.0135417 0.0740741 0.311038
0 0.3875 0.412037 0.0375 0.101852 0.316079
0 0.298438 0.400926 0.0197917 0.0907407 0.323079
0 0.190104 0.399074 0.0260417 0.0685185 0.330163
0 0.950521 0.571296 0.0927083 0.472222 0.331475
0 0.659896 0.397222 0.0239583 0.0537037 0.334582
0 0.398438 0.412963 0.0197917 0.1 0.33697
0 0.659375 0.396296 0.0229167 0.0555556 0.33757
0 0.318229 0.390741 0.0135417 0.0740741 0.337792
0 0.189063 0.399074 0.021875 0.0685185 0.340555
0 0.318229 0.388889 0.0135417 0.0777778 0.34436
0 0.660417 0.399074 0.0229167 0.0574074 0.345001
0 0.659896 0.39537 0.021875 0.0537037 0.348044
0 0.398958 0.414815 0.0208333 0.1 0.352288
0 0.660417 0.397222 0.0229167 0.0537037 0.354215
0 0.660417 0.397222 0.0229167 0.0537037 0.355466
0 0.659896 0.403704 0.021875 0.0703704 0.360992
0 0.660417 0.397222 0.0229167 0.0537037 0.368373
0 0.318229 0.388889 0.0135417 0.0777778 0.368979
13 0.344792 0.592593 0.166667 0.103704 0.374565
0 0.191146 0.400926 0.0197917 0.0685185 0.376462
0 0.398958 0.415741 0.0208333 0.101852 0.380325
13 0.354688 0.598148 0.182292 0.111111 0.381257
0 0.398958 0.415741 0.0208333 0.101852 0.381865
0 0.167708 0.409259 0.0208333 0.0888889 0.382555
0 0.190625 0.400926 0.0208333 0.0685185 0.385728
13 0.344792 0.594444 0.170833 0.103704 0.389927
13 0.344271 0.592593 0.169792 0.103704 0.40189
13 0.342708 0.589815 0.1625 0.105556 0.402368
0 0.167708 0.409259 0.0208333 0.0925926 0.407591
0 0.361979 0.413889 0.0197917 0.112963 0.418382
0 0.0395833 0.437037 0.0291667 0.12963 0.418682
0 0.365104 0.414815 0.0239583 0.111111 0.419223
0 0.399479 0.410185 0.0197917 0.0981481 0.420132
13 0.34375 0.590741 0.166667 0.103704 0.420153
0 0.167708 0.405556 0.0208333 0.0925926 0.420899
0 0.3625 0.407407 0.01875 0.114815 0.423142
0 0.191146 0.401852 0.0197917 0.0666667 0.423677
0 0.950521 0.575 0.0927083 0.475926 0.42585
0 0.167708 0.409259 0.0208333 0.0888889 0.426464
0 0.399479 0.403704 0.0197917 0.0814815 0.427522
0 0.361979 0.413889 0.0197917 0.112963 0.433263
0 0.3625 0.408333 0.01875 0.112963 0.436284
0 0.361979 0.413889 0.0197917 0.112963 0.440846
0 0.399479 0.403704 0.0197917 0.0851852 0.443384
0 0.3625 0.408333 0.01875 0.112963 0.449679
0 0.191667 0.398148 0.0208333 0.0666667 0.451678
0 0.399479 0.40463 0.0197917 0.0833333 0.457403
0 0.94375 0.582407 0.08125 0.47963 0.463989
0 0.167187 0.408333 0.021875 0.0944444 0.466747
0 0.363021 0.412963 0.0197917 0.111111 0.479229
0 0.167708 0.407407 0.0208333 0.0925926 0.481372
0 0.167187 0.408333 0.021875 0.0981481 0.488757
0 0.379167 0.412963 0.01875 0.1 0.492718
0 0.95 0.575926 0.09375 0.485185 0.492978
0 0.167187 0.408333 0.021875 0.0981481 0.494905
0 0.398438 0.412037 0.0197917 0.0981481 0.496158
0 0.191667 0.4 0.0229167 0.0666667 0.50152
0 0.191667 0.4 0.0229167 0.0666667 0.508902
0 0.44375 0.435185 0.0375 0.159259 0.524602
0 0.398438 0.413889 0.0197917 0.0981481 0.525003
0 0.191667 0.4 0.0229167 0.0666667 0.528874
0 0.398958 0.411111 0.0208333 0.1 0.530306
0 0.398438 0.411111 0.0197917 0.1 0.530644
0 0.44375 0.435185 0.0375 0.159259 0.537831
0 0.0390625 0.440741 0.028125 0.133333 0.537937
0 0.379167 0.412963 0.01875 0.103704 0.543472
0 0.398438 0.413889 0.0197917 0.101852 0.550687
0 0.398438 0.413889 0.0197917 0.101852 0.551158
0 0.0395833 0.437037 0.0291667 0.133333 0.553994
0 0.379167 0.412963 0.01875 0.103704 0.557321
0 0.945833 0.583333 0.0875 0.485185 0.557373
0 0.378646 0.413889 0.0197917 0.101852 0.562076
0 0.942708 0.585185 0.0833333 0.481481 0.562944
0 0.0401042 0.437037 0.028125 0.133333 0.5654
0 0.0390625 0.442593 0.028125 0.133333 0.567381
0 0.94375 0.583333 0.0833333 0.485185 0.583083
0 0.0395833 0.437963 0.0291667 0.146296 0.592486
0 0.0395833 0.437963 0.0291667 0.146296 0.595473
0 0.378646 0.413889 0.0197917 0.105556 0.603599
0 0.378646 0.413889 0.0197917 0.105556 0.604009
0 0.0395833 0.437963 0.0291667 0.142593 0.619283
0 0.441146 0.438889 0.0364583 0.159259 0.648857
0 0.441146 0.439815 0.0364583 0.157407 0.656664
0 0.441146 0.438889 0.0364583 0.159259 0.658559
0 0.440104 0.442593 0.0364583 0.155556 0.669648
0 0.0385417 0.439815 0.0291667 0.138889 0.675614
0 0.440625 0.442593 0.0354167 0.155556 0.686741
0 0.0385417 0.438889 0.0291667 0.140741 0.689657
0 0.0385417 0.438889 0.0291667 0.140741 0.695886
0 0.442187 0.435185 0.0385417 0.166667 0.700509
0 0.945833 0.584259 0.0875 0.487037 0.703601
0 0.441667 0.437037 0.0375 0.162963 0.70541
0 0.0390625 0.438889 0.0302083 0.140741 0.712769
0 0.442187 0.435185 0.0385417 0.166667 0.713131
0 0.0390625 0.438889 0.0302083 0.140741 0.72019
0 0.442187 0.435185 0.0385417 0.166667 0.722705
0 0.0385417 0.442593 0.0291667 0.137037 0.723396
0 0.0385417 0.442593 0.0291667 0.137037 0.725571
0 0.441667 0.437037 0.0375 0.162963 0.736926
0 0.94375 0.584259 0.0833333 0.487037 0.743084
0 0.441667 0.439815 0.0375 0.161111 0.747846
0 0.0390625 0.438889 0.0302083 0.140741 0.750128
0 0.442187 0.440741 0.0364583 0.162963 0.754945
0 0.944271 0.584259 0.0822917 0.494444 0.756562
0 0.441667 0.437037 0.0375 0.162963 0.760781
0 0.942708 0.585185 0.0833333 0.488889 0.764423
0 0.0390625 0.440741 0.028125 0.137037 0.765415
0 0.0395833 0.440741 0.0291667 0.137037 0.765828
0 0.943229 0.585185 0.084375 0.492593 0.774023
0 0.94375 0.585185 0.0833333 0.488889 0.774341
0 0.94375 0.584259 0.0833333 0.487037 0.790838
0 0.94375 0.585185 0.08125 0.492593 0.797627
