24 0.972917 0.538889 0.0541667 0.233333 0.251231
24 0.972917 0.538889 0.0541667 0.233333 0.253968
13 0.342187 0.488889 0.159375 0.12963 0.256434
0 0.553646 0.391667 0.0197917 0.105556 0.256496
0 0.439063 0.392593 0.028125 0.12963 0.259605
0 0.198958 0.396296 0.0270833 0.118519 0.262666
0 0.201562 0.396296 0.0260417 0.111111 0.265973
0 0.201042 0.396296 0.025 0.111111 0.268824
0 0.327083 0.4 0.0270833 0.144444 0.271034
0 0.521875 0.406481 0.0270833 0.131481 0.272703
0 0.201042 0.396296 0.0270833 0.114815 0.275523
0 0.553125 0.392593 0.0208333 0.107407 0.277366
0 0.501562 0.389815 0.0239583 0.101852 0.279774
0 0.540104 0.396296 0.046875 0.114815 0.280303
0 0.553646 0.391667 0.0197917 0.105556 0.280317
0 0.653125 0.425926 0.04375 0.244444 0.28551
0 0.520833 0.411111 0.025 0.137037 0.292022
0 0.440104 0.39537 0.0260417 0.127778 0.294256
13 0.342708 0.487037 0.15625 0.118519 0.294935
13 0.342187 0.486111 0.157292 0.12037 0.298774
24 0.965625 0.531482 0.06875 0.233333 0.300307
13 0.341146 0.487963 0.182292 0.15 0.307012
0 0.936458 0.580556 0.125 0.62037 0.308774
0 0.113542 0.383333 0.01875 0.103704 0.311743
24 0.965104 0.539815 0.0697917 0.253704 0.311948
24 0.96875 0.544444 0.0625 0.237037 0.31252
0 0.501562 0.388889 0.0239583 0.103704 0.3156
0 0.199479 0.396296 0.0260417 0.114815 0.315834
0 0.501042 0.383333 0.0229167 0.1 0.317523
0 0.201042 0.396296 0.0270833 0.114815 0.322518
0 0.328125 0.402778 0.025 0.138889 0.326706
0 0.501562 0.389815 0.0239583 0.101852 0.327076
24 0.969271 0.543519 0.0614583 0.238889 0.327654
0 0.114583 0.387037 0.01875 0.0962963 0.330876
0 0.501042 0.383333 0.0229167 0.103704 0.331379
24 0.969271 0.543519 0.0614583 0.238889 0.333774
0 0.469792 0.393519 0.0291667 0.12037 0.335703
0 0.501042 0.383333 0.0229167 0.103704 0.33597
0 0.115625 0.387963 0.01875 0.0944444 0.337129
0 0.934375 0.601852 0.120833 0.618519 0.337754
0 0.522396 0.414815 0.028125 0.144444 0.339501
0 0.439063 0.392593 0.0260417 0.12963 0.340229
0 0.111458 0.386111 0.0208333 0.105556 0.342407
0 0.552604 0.382407 0.021875 0.0907407 0.345795
0 0.111458 0.386111 0.0208333 0.105556 0.352144
0 0.470313 0.392593 0.028125 0.125926 0.352423
0 0.111458 0.385185 0.0208333 0.103704 0.362299
0 0.477083 0.394444 0.0416667 0.122222 0.363147
0 0.476042 0.39537 0.0395833 0.12037 0.369212
0 0.114583 0.389815 0.01875 0.0944444 0.373889
0 0.521354 0.409259 0.028125 0.133333 0.374782
0 0.470313 0.394444 0.028125 0.122222 0.375384
0 0.517187 0.407407 0.0364583 0.148148 0.37645
0 0.552604 0.382407 0.021875 0.0944444 0.379426
0 0.440104 0.394444 0.0260417 0.125926 0.379952
0 0.328646 0.400926 0.021875 0.127778 0.381331
0 0.553125 0.382407 0.0229167 0.0944444 0.383174
0 0.476042 0.394444 0.0395833 0.122222 0.384181
0 0.469792 0.393519 0.0270833 0.12037 0.386641
0 0.522396 0.414815 0.028125 0.144444 0.388943
13 0.3375 0.494444 0.1625 0.162963 0.393816
0 0.114583 0.388889 0.01875 0.0962963 0.393898
0 0.520312 0.407407 0.034375 0.148148 0.397863
0 0.200521 0.396296 0.0260417 0.114815 0.406115
0 0.114583 0.388889 0.01875 0.0962963 0.410545
0 0.936979 0.588889 0.126042 0.6 0.420955
0 0.653646 0.427778 0.0447917 0.244444 0.422565
0 0.520833 0.407407 0.0333333 0.148148 0.432424
0 0.327083 0.407407 0.0229167 0.125926 0.436298
13 0.338021 0.492593 0.163542 0.162963 0.43693
0 0.521875 0.407407 0.0270833 0.144444 0.438446
0 0.521354 0.413889 0.0260417 0.142593 0.439504
0 0.521875 0.407407 0.0270833 0.144444 0.44018
24 0.966667 0.539815 0.0666667 0.253704 0.44034
0 0.653125 0.426852 0.0479167 0.253704 0.44203
0 0.115104 0.387963 0.0197917 0.0944444 0.44212
0 0.522917 0.413889 0.0270833 0.142593 0.447392
0 0.521354 0.412963 0.0260417 0.140741 0.45064
13 0.339063 0.5 0.157292 0.144444 0.452083
0 0.327083 0.400926 0.025 0.142593 0.453952
13 0.339583 0.499074 0.15625 0.146296 0.457007
0 0.198958 0.396296 0.025 0.114815 0.457151
0 0.470833 0.393519 0.0270833 0.124074 0.460287
0 0.502083 0.387963 0.0229167 0.109259 0.464383
0 0.328646 0.400926 0.021875 0.135185 0.466768
13 0.339583 0.5 0.15625 0.148148 0.466984
0 0.115104 0.387963 0.0197917 0.0981481 0.469189
13 0.340104 0.487963 0.159375 0.127778 0.474421
0 0.115104 0.387963 0.0197917 0.0981481 0.476223
0 0.328646 0.400926 0.021875 0.135185 0.477996
0 0.552604 0.386111 0.021875 0.0981481 0.478256
0 0.502083 0.387963 0.0229167 0.109259 0.482358
24 0.967188 0.535185 0.065625 0.237037 0.484609
0 0.439063 0.392593 0.0239583 0.125926 0.487767
0 0.933854 0.601852 0.119792 0.618519 0.492243
0 0.439063 0.392593 0.0239583 0.125926 0.494434
0 0.502083 0.388889 0.0229167 0.111111 0.494626
24 0.967708 0.535185 0.0645833 0.237037 0.500144
0 0.439063 0.392593 0.0239583 0.125926 0.500612
0 0.934375 0.606481 0.125 0.627778 0.503034
0 0.502083 0.388889 0.0229167 0.107407 0.505581
24 0.967708 0.534259 0.0645833 0.235185 0.509022
0 0.502083 0.387963 0.0229167 0.112963 0.509413
0 0.328125 0.406481 0.0229167 0.127778 0.520025
0 0.653125 0.426852 0.0479167 0.253704 0.523411
0 0.502083 0.388889 0.0229167 0.111111 0.523887
0 0.653646 0.428704 0.0489583 0.25 0.526147
0 0.472917 0.394444 0.0270833 0.114815 0.530493
0 0.651563 0.427778 0.0489583 0.262963 0.532738
0 0.2 0.397222 0.0270833 0.112963 0.53282
0 0.329688 0.410185 0.0239583 0.12037 0.53372
0 0.472917 0.394444 0.025 0.114815 0.543376
0 0.472396 0.394444 0.0260417 0.114815 0.553811
0 0.791146 0.60463 0.113542 0.594444 0.554162
0 0.933854 0.605556 0.126042 0.622222 0.560201
0 0.329688 0.409259 0.0239583 0.122222 0.564582
13 0.338542 0.487037 0.1625 0.144444 0.56736
0 0.329688 0.410185 0.0239583 0.12037 0.567779
13 0.338021 0.491667 0.157292 0.15 0.568908
13 0.338021 0.489815 0.157292 0.146296 0.573437
0 0.440625 0.392593 0.025 0.125926 0.574698
0 0.2 0.397222 0.0270833 0.112963 0.575046
13 0.338021 0.490741 0.157292 0.148148 0.581425
0 0.328646 0.402778 0.021875 0.131481 0.583006
0 0.440104 0.393519 0.0239583 0.127778 0.586583
0 0.791146 0.60463 0.113542 0.590741 0.590406
0 0.328646 0.403704 0.021875 0.133333 0.590542
0 0.328125 0.401852 0.0229167 0.137037 0.596947
13 0.338542 0.490741 0.160417 0.148148 0.598228
0 0.552604 0.384259 0.021875 0.0944444 0.600746
0 0.553125 0.388889 0.0208333 0.1 0.618371
0 0.199479 0.397222 0.0260417 0.112963 0.619316
0 0.440104 0.394444 0.0239583 0.125926 0.625561
0 0.441146 0.393519 0.0239583 0.124074 0.629093
0 0.441146 0.392593 0.0239583 0.125926 0.629286
0 0.2 0.397222 0.025 0.112963 0.638883
0 0.520833 0.410185 0.0291667 0.146296 0.641201
0 0.553125 0.383333 0.0208333 0.0962963 0.643417
0 0.521354 0.408333 0.028125 0.146296 0.651118
0 0.521354 0.408333 0.028125 0.146296 0.652972
0 0.553125 0.383333 0.0208333 0.0962963 0.659923
0 0.469792 0.391667 0.025 0.12037 0.663873
0 0.552604 0.388889 0.0197917 0.1 0.667209
0 0.440625 0.391667 0.0229167 0.127778 0.668192
0 0.520833 0.410185 0.0291667 0.146296 0.671459
0 0.520833 0.409259 0.0291667 0.148148 0.671699
0 0.440625 0.390741 0.0229167 0.12963 0.671812
0 0.440104 0.390741 0.0239583 0.125926 0.67206
0 0.553125 0.388889 0.0208333 0.1 0.673558
0 0.469271 0.392593 0.0239583 0.122222 0.680289
0 0.469271 0.392593 0.0239583 0.118519 0.690137
0 0.553125 0.387963 0.0208333 0.101852 0.69146
0 0.653125 0.425926 0.0458333 0.259259 0.703466
0 0.927083 0.605556 0.110417 0.618519 0.704209
0 0.470313 0.393519 0.0260417 0.124074 0.710695
0 0.520833 0.411111 0.025 0.148148 0.712916
0 0.521354 0.411111 0.0260417 0.148148 0.72551
0 0.470833 0.392593 0.025 0.122222 0.729498
0 0.470313 0.392593 0.0239583 0.122222 0.731752
0 0.926562 0.606481 0.109375 0.62037 0.738829
0 0.792708 0.60463 0.114583 0.609259 0.746249
0 0.792708 0.610185 0.1125 0.598148 0.747081
0 0.653125 0.425926 0.04375 0.251852 0.747904
0 0.470313 0.392593 0.0239583 0.122222 0.753573
0 0.792188 0.606481 0.115625 0.612963 0.758608
0 0.653125 0.426852 0.04375 0.253704 0.761343
0 0.2 0.397222 0.025 0.112963 0.763077
0 0.653125 0.426852 0.04375 0.253704 0.764842
0 0.653646 0.426852 0.046875 0.25 0.772917
0 0.199479 0.397222 0.0260417 0.112963 0.774394
0 0.200521 0.397222 0.0260417 0.116667 0.795692
0 0.653646 0.426852 0.046875 0.25 0.797091
0 0.200521 0.397222 0.0260417 0.116667 0.798714
0 0.653646 0.426852 0.046875 0.25 0.81114
0 0.200521 0.397222 0.0239583 0.116667 0.812888
0 0.927604 0.605556 0.113542 0.633333 0.822095
0 0.200521 0.397222 0.0260417 0.116667 0.822187
0 0.200521 0.396296 0.0260417 0.118519 0.82241
0 0.932813 0.602778 0.121875 0.635185 0.835948
0 0.792708 0.610185 0.1125 0.601852 0.838402
0 0.201042 0.397222 0.025 0.116667 0.841241
0 0.932292 0.602778 0.120833 0.631481 0.849753
0 0.927083 0.60463 0.1125 0.627778 0.863466
0 0.653125 0.425926 0.0458333 0.251852 0.871168
0 0.653646 0.427778 0.0447917 0.262963 0.873511
0 0.652604 0.425926 0.0447917 0.251852 0.874549
0 0.652604 0.425926 0.0447917 0.251852 0.876599
0 0.792708 0.612963 0.114583 0.607407 0.893827
0 0.792708 0.612963 0.114583 0.607407 0.900035
0 0.792708 0.612963 0.1125 0.607407 0.90445
0 0.792708 0.612037 0.1125 0.605556 0.908239
0 0.792188 0.607407 0.113542 0.614815 0.910484
0 0.792708 0.606481 0.114583 0.62037 0.911026
