0 0.0171875 0.358333 0.034375 0.142593 0.250805
0 0.617708 0.364815 0.0291667 0.140741 0.251559
0 0.567708 0.356481 0.0270833 0.146296 0.252622
13 0.386979 0.52037 0.0885417 0.0962963 0.254589
13 0.196354 0.474074 0.144792 0.159259 0.255763
13 0.196875 0.475926 0.145833 0.159259 0.25588
0 0.654167 0.35 0.0208333 0.103704 0.259995
0 0.653646 0.347222 0.0260417 0.112963 0.26014
0 0.617188 0.364815 0.028125 0.140741 0.260232
36 0.979688 0.962037 0.040625 0.0722222 0.263121
36 0.979688 0.962037 0.040625 0.0722222 0.264358
0 0.957812 0.617593 0.084375 0.735185 0.26596
13 0.386979 0.52037 0.090625 0.0962963 0.273309
13 0.386458 0.524074 0.0895833 0.1 0.275398
0 0.201042 0.323148 0.0541667 0.146296 0.276181
0 0.655208 0.337963 0.0229167 0.109259 0.282163
0 0.654167 0.350926 0.0208333 0.101852 0.282721
0 0.489583 0.355556 0.025 0.133333 0.2923
0 0.201042 0.323148 0.0541667 0.146296 0.294535
0 0.570833 0.359259 0.03125 0.133333 0.299604
0 0.489583 0.355556 0.0229167 0.133333 0.300728
0 0.201042 0.322222 0.0541667 0.144444 0.301484
0 0.489062 0.35463 0.0260417 0.131481 0.308444
0 0.365104 0.384259 0.0552083 0.246296 0.313516
0 0.490104 0.350926 0.021875 0.127778 0.318902
0 0.201042 0.323148 0.0541667 0.15 0.322323
0 0.453125 0.351852 0.0270833 0.125926 0.322452
13 0.385938 0.518519 0.090625 0.0962963 0.322978
0 0.490104 0.350926 0.021875 0.131481 0.324304
13 0.384896 0.524074 0.0885417 0.103704 0.328655
0 0.201042 0.323148 0.0541667 0.15 0.334024
0 0.199479 0.324074 0.0552083 0.144444 0.336874
0 0.0161458 0.350926 0.0322917 0.142593 0.344431
0 0.0161458 0.350926 0.0322917 0.142593 0.344902
0 0.203125 0.325 0.05 0.135185 0.346537
0 0.298958 0.330556 0.0291667 0.0796296 0.347857
0 0.453125 0.352778 0.0270833 0.124074 0.349431
0 0.297396 0.32963 0.028125 0.0740741 0.350226
0 0.299479 0.32963 0.0302083 0.0777778 0.350463
13 0.385938 0.518519 0.0927083 0.0962963 0.354484
13 0.382812 0.525926 0.0885417 0.103704 0.358872
36 0.980729 0.966667 0.0385417 0.0666667 0.36179
36 0.980729 0.965741 0.0385417 0.0648148 0.363752
0 0.364583 0.386111 0.05625 0.257407 0.369837
36 0.980729 0.965741 0.0385417 0.0648148 0.369839
0 0.654167 0.350926 0.0229167 0.112963 0.371047
13 0.382812 0.525926 0.0885417 0.103704 0.371841
13 0.382812 0.525926 0.0885417 0.103704 0.372417
13 0.384375 0.524074 0.0916667 0.103704 0.374838
0 0.3 0.32963 0.0291667 0.0777778 0.37582
0 0.490625 0.359259 0.0208333 0.125926 0.377523
36 0.980729 0.966667 0.0385417 0.0666667 0.378093
0 0.364583 0.386111 0.05625 0.257407 0.380936
36 0.980729 0.966667 0.0385417 0.0666667 0.381797
0 0.490625 0.358333 0.0208333 0.127778 0.387446
0 0.300521 0.32963 0.0302083 0.0777778 0.392003
36 0.980729 0.966667 0.0385417 0.0666667 0.393136
36 0.980208 0.966667 0.0395833 0.0666667 0.393535
0 0.654167 0.340741 0.0229167 0.103704 0.395502
0 0.3 0.32963 0.0291667 0.0777778 0.396061
0 0.654167 0.347222 0.0229167 0.101852 0.396521
0 0.490625 0.359259 0.0208333 0.12963 0.397834
0 0.298438 0.32963 0.028125 0.0777778 0.403113
0 0.364583 0.386111 0.05625 0.257407 0.405939
36 0.979688 0.966667 0.040625 0.0666667 0.406327
0 0.298438 0.32963 0.028125 0.0740741 0.411006
0 0.452604 0.350926 0.0260417 0.127778 0.412123
0 0.298438 0.32963 0.028125 0.0740741 0.412587
13 0.383854 0.522222 0.0927083 0.103704 0.421771
13 0.383854 0.523148 0.0927083 0.105556 0.42301
0 0.654167 0.340741 0.0229167 0.103704 0.424049
36 0.979688 0.965741 0.040625 0.0648148 0.424415
0 0.654167 0.341667 0.0229167 0.101852 0.426385
13 0.383854 0.522222 0.0927083 0.103704 0.435578
0 0.453125 0.352778 0.0270833 0.124074 0.441507
36 0.980208 0.966667 0.0395833 0.062963 0.442713
0 0.453125 0.351852 0.0270833 0.122222 0.452188
0 0.654167 0.347222 0.0229167 0.105556 0.454772
0 0.654167 0.347222 0.0229167 0.105556 0.458009
0 0.298958 0.330556 0.0270833 0.0759259 0.459692
0 0.299479 0.32963 0.028125 0.0777778 0.465205
0 0.571875 0.358333 0.03125 0.131481 0.46916
0 0.453646 0.34537 0.0260417 0.105556 0.469527
0 0.364583 0.392593 0.05625 0.27037 0.479406
0 0.364583 0.392593 0.05625 0.27037 0.486213
0 0.201562 0.324074 0.053125 0.148148 0.488035
0 0.654688 0.346296 0.0239583 0.111111 0.489189
0 0.364583 0.392593 0.05625 0.27037 0.491087
0 0.0161458 0.352778 0.0302083 0.146296 0.49212
0 0.0161458 0.352778 0.0302083 0.146296 0.49275
0 0.201042 0.324074 0.0541667 0.148148 0.499789
0 0.453646 0.350926 0.0260417 0.12037 0.508088
0 0.453646 0.346296 0.0260417 0.107407 0.510138
0 0.617188 0.365741 0.028125 0.135185 0.510594
0 0.452604 0.353704 0.0239583 0.118519 0.51442
0 0.453125 0.346296 0.025 0.107407 0.516599
0 0.571354 0.358333 0.0302083 0.135185 0.516891
13 0.383333 0.524074 0.0875 0.1 0.520463
0 0.955208 0.605556 0.0875 0.72963 0.524538
0 0.570833 0.359259 0.03125 0.140741 0.53195
0 0.570833 0.359259 0.03125 0.140741 0.540543
0 0.452604 0.353704 0.0239583 0.122222 0.545536
0 0.452604 0.353704 0.0239583 0.122222 0.557303
13 0.383333 0.524074 0.0875 0.1 0.560042
13 0.383333 0.524074 0.0875 0.1 0.564328
13 0.383854 0.525 0.090625 0.101852 0.593905
13 0.384375 0.524074 0.0895833 0.0962963 0.597501
0 0.453646 0.352778 0.0260417 0.124074 0.621133
0 0.618229 0.365741 0.0302083 0.131481 0.622104
0 0.453125 0.352778 0.025 0.12037 0.624212
0 0.453125 0.352778 0.025 0.124074 0.63123
0 0.490104 0.353704 0.0239583 0.125926 0.634483
0 0.571354 0.358333 0.0302083 0.138889 0.636986
0 0.570833 0.358333 0.03125 0.138889 0.63734
0 0.453646 0.350926 0.0239583 0.124074 0.647062
0 0.202083 0.324074 0.0520833 0.144444 0.647768
0 0.202083 0.324074 0.0520833 0.144444 0.650737
0 0.203646 0.325 0.0510417 0.146296 0.651208
0 0.490625 0.35463 0.0229167 0.127778 0.652567
0 0.202083 0.325926 0.0541667 0.144444 0.654822
0 0.490625 0.355556 0.0208333 0.12963 0.655296
0 0.3625 0.388889 0.0541667 0.27037 0.656707
0 0.0171875 0.355556 0.0322917 0.148148 0.657154
0 0.490625 0.35463 0.0229167 0.127778 0.657507
0 0.453125 0.351852 0.025 0.125926 0.663119
0 0.202083 0.324074 0.0520833 0.144444 0.667286
0 0.203646 0.325 0.0510417 0.146296 0.667671
0 0.453125 0.351852 0.025 0.125926 0.669218
0 0.0171875 0.355556 0.034375 0.148148 0.674072
0 0.0171875 0.355556 0.0322917 0.148148 0.674681
0 0.204167 0.324074 0.0520833 0.148148 0.675373
0 0.204167 0.324074 0.0520833 0.148148 0.681265
0 0.0171875 0.356481 0.034375 0.146296 0.685613
0 0.364583 0.388889 0.05625 0.259259 0.688788
0 0.0171875 0.355556 0.0322917 0.148148 0.689746
0 0.364583 0.388889 0.05625 0.259259 0.690903
0 0.364583 0.388889 0.05625 0.259259 0.693359
0 0.0171875 0.355556 0.0322917 0.144444 0.699433
0 0.0171875 0.356481 0.034375 0.146296 0.705461
0 0.0166667 0.35463 0.0333333 0.15 0.709005
0 0.203125 0.324074 0.0520833 0.144444 0.711983
0 0.0171875 0.355556 0.0322917 0.148148 0.714968
0 0.0166667 0.353704 0.0333333 0.148148 0.717259
0 0.0171875 0.35463 0.0322917 0.146296 0.719707
0 0.489583 0.356481 0.0208333 0.135185 0.721277
0 0.203125 0.325 0.0520833 0.146296 0.727325
0 0.3625 0.386111 0.05625 0.264815 0.733918
0 0.365625 0.387963 0.0541667 0.272222 0.745977
0 0.618229 0.365741 0.0302083 0.135185 0.748296
0 0.490104 0.356481 0.021875 0.131481 0.755323
0 0.617708 0.365741 0.0291667 0.135185 0.757956
0 0.490104 0.356481 0.021875 0.131481 0.75849
0 0.617188 0.364815 0.028125 0.137037 0.762877
0 0.489583 0.35463 0.0229167 0.131481 0.763063
0 0.570833 0.356481 0.03125 0.146296 0.764405
0 0.617708 0.364815 0.0291667 0.137037 0.765434
0 0.203646 0.324074 0.0510417 0.144444 0.76574
0 0.570833 0.357407 0.03125 0.148148 0.766428
0 0.203646 0.324074 0.0510417 0.144444 0.766933
0 0.570833 0.357407 0.03125 0.148148 0.769657
0 0.617188 0.364815 0.028125 0.133333 0.770585
0 0.571354 0.358333 0.0302083 0.142593 0.770948
0 0.203646 0.325 0.0510417 0.146296 0.771123
0 0.570833 0.356481 0.03125 0.146296 0.775749
0 0.570833 0.358333 0.03125 0.15 0.775799
0 0.570833 0.357407 0.03125 0.151852 0.777308
0 0.571354 0.358333 0.0302083 0.142593 0.779744
0 0.570833 0.357407 0.03125 0.148148 0.779894
0 0.203125 0.323148 0.0520833 0.146296 0.78346
0 0.617708 0.364815 0.0291667 0.137037 0.783735
0 0.365104 0.384259 0.0552083 0.264815 0.783913
0 0.203125 0.323148 0.0520833 0.146296 0.784165
0 0.203125 0.323148 0.0520833 0.146296 0.788609
0 0.617708 0.365741 0.0291667 0.138889 0.789386
0 0.617708 0.364815 0.0291667 0.137037 0.792319
0 0.570833 0.357407 0.03125 0.148148 0.796945
0 0.570833 0.357407 0.03125 0.148148 0.798302
0 0.490104 0.356481 0.021875 0.131481 0.801259
0 0.617708 0.364815 0.0291667 0.140741 0.815825
0 0.617708 0.365741 0.0291667 0.138889 0.819832
0 0.364583 0.388889 0.05625 0.262963 0.841508
0 0.956771 0.611111 0.0822917 0.714815 0.847841
0 0.364583 0.388889 0.05625 0.259259 0.851249
0 0.364062 0.389815 0.0552083 0.264815 0.855512
0 0.364062 0.390741 0.0552083 0.266667 0.861837
0 0.95625 0.605556 0.0875 0.722222 0.864407
0 0.364062 0.389815 0.0552083 0.264815 0.868287
0 0.95625 0.605556 0.0875 0.722222 0.870178
0 0.956771 0.601852 0.0864583 0.718518 0.881699
0 0.956771 0.603704 0.0864583 0.718518 0.887987
0 0.956771 0.60463 0.0864583 0.72037 0.903585
0 0.95625 0.60463 0.0875 0.72037 0.905196
0 0.95625 0.610185 0.0854167 0.727778 0.913208
