0 0.338021 0.366667 0.021875 0.103704 0.252808
0 0.321354 0.346296 0.0135417 0.0666667 0.254941
0 0.678646 0.399074 0.0447917 0.25 0.255756
0 0.492188 0.383333 0.0260417 0.133333 0.256366
0 0.678646 0.399074 0.0447917 0.25 0.25889
0 0.338021 0.366667 0.021875 0.107407 0.260341
0 0.371875 0.344444 0.0166667 0.0814815 0.261503
0 0.679167 0.399074 0.04375 0.25 0.263629
0 0.371354 0.343519 0.015625 0.0796296 0.264813
0 0.517708 0.350926 0.01875 0.0722222 0.264891
0 0.492708 0.372222 0.025 0.133333 0.273042
0 0.492708 0.372222 0.025 0.133333 0.275603
0 0.488021 0.378704 0.028125 0.124074 0.275903
0 0.376042 0.343519 0.0166667 0.0833333 0.277476
0 0.338021 0.366667 0.021875 0.107407 0.284603
0 0.488021 0.378704 0.028125 0.124074 0.288158
0 0.519792 0.348148 0.0145833 0.0666667 0.288807
0 0.211458 0.367593 0.025 0.124074 0.289236
0 0.189583 0.483333 0.129167 0.440741 0.295118
0 0.371875 0.343519 0.0166667 0.0796296 0.295194
0 0.189583 0.483333 0.129167 0.440741 0.29591
0 0.677083 0.4 0.0458333 0.244444 0.298607
0 0.189583 0.482407 0.13125 0.446296 0.301321
0 0.211458 0.367593 0.025 0.12037 0.3034
0 0.211458 0.367593 0.025 0.124074 0.304372
0 0.491667 0.37963 0.0291667 0.137037 0.309105
0 0.433854 0.37963 0.0260417 0.162963 0.312035
0 0.434375 0.37963 0.025 0.162963 0.312388
0 0.646354 0.35 0.0239583 0.125926 0.316998
0 0.583854 0.352778 0.0177083 0.0722222 0.320723
0 0.518229 0.347222 0.0177083 0.0685185 0.321092
0 0.376042 0.343519 0.0145833 0.0796296 0.321756
0 0.519792 0.349074 0.0145833 0.0648148 0.324334
0 0.584375 0.355556 0.0166667 0.0703704 0.326963
0 0.216667 0.365741 0.03125 0.105556 0.334879
0 0.584896 0.355556 0.0177083 0.0703704 0.336253
0 0.373437 0.34537 0.0177083 0.087037 0.339712
0 0.605729 0.373148 0.028125 0.12037 0.348833
0 0.492188 0.382407 0.0260417 0.131481 0.350944
0 0.651563 0.385185 0.0322917 0.218519 0.352646
0 0.492188 0.383333 0.0260417 0.133333 0.354599
0 0.216667 0.365741 0.03125 0.109259 0.355262
0 0.376042 0.342593 0.0145833 0.0814815 0.355726
0 0.372917 0.34537 0.0166667 0.0833333 0.358273
0 0.216667 0.365741 0.03125 0.105556 0.359885
0 0.584375 0.355556 0.0166667 0.0703704 0.360656
0 0.519271 0.347222 0.0135417 0.0685185 0.363786
0 0.492188 0.37963 0.028125 0.137037 0.365057
0 0.339583 0.368519 0.0208333 0.107407 0.368472
0 0.652083 0.385185 0.03125 0.207407 0.369407
0 0.583854 0.356481 0.015625 0.0722222 0.372591
0 0.2125 0.363889 0.0270833 0.112963 0.373343
0 0.51875 0.348148 0.0145833 0.0666667 0.381658
0 0.663021 0.399074 0.040625 0.238889 0.381964
0 0.211979 0.363889 0.0260417 0.112963 0.382891
0 0.2125 0.363889 0.0270833 0.112963 0.386513
0 0.651042 0.384259 0.03125 0.209259 0.388641
0 0.492188 0.380556 0.028125 0.135185 0.390374
0 0.491667 0.37963 0.0291667 0.140741 0.392648
0 0.605208 0.373148 0.0270833 0.127778 0.397254
0 0.372917 0.346296 0.0166667 0.0851852 0.398173
0 0.433333 0.374074 0.0291667 0.144444 0.398913
0 0.605208 0.374074 0.0270833 0.125926 0.399064
0 0.433854 0.373148 0.028125 0.142593 0.399852
0 0.373437 0.34537 0.0177083 0.0833333 0.40235
0 0.670313 0.4 0.0489583 0.244444 0.42336
0 0.375 0.344444 0.0166667 0.0814815 0.424826
0 0.214583 0.362963 0.03125 0.111111 0.43069
0 0.214583 0.364815 0.03125 0.114815 0.430998
0 0.375521 0.346296 0.0135417 0.0814815 0.433624
0 0.214583 0.363889 0.03125 0.112963 0.437383
0 0.491667 0.37963 0.0291667 0.140741 0.440391
0 0.672917 0.4 0.0583333 0.251852 0.449315
0 0.492188 0.37963 0.028125 0.133333 0.452948
0 0.604167 0.381481 0.0270833 0.125926 0.464536
0 0.214583 0.365741 0.03125 0.116667 0.465234
0 0.216146 0.362963 0.0322917 0.107407 0.466004
0 0.215625 0.362963 0.0333333 0.107407 0.467511
0 0.603646 0.381481 0.028125 0.125926 0.467973
0 0.375521 0.346296 0.0135417 0.0814815 0.468115
0 0.603646 0.381481 0.028125 0.125926 0.473418
0 0.492188 0.37963 0.0260417 0.12963 0.477173
0 0.215625 0.362963 0.0333333 0.107407 0.479763
0 0.214583 0.364815 0.03125 0.114815 0.479786
0 0.492708 0.378704 0.0270833 0.135185 0.479932
0 0.214583 0.362963 0.03125 0.111111 0.480126
0 0.670313 0.399074 0.059375 0.257407 0.498318
0 0.492188 0.37963 0.028125 0.140741 0.499048
0 0.492188 0.37963 0.0260417 0.133333 0.508181
0 0.672396 0.4 0.0572917 0.251852 0.528056
0 0.6625 0.4 0.04375 0.248148 0.537549
0 0.603646 0.375926 0.028125 0.125926 0.543288
0 0.671875 0.401852 0.0583333 0.255556 0.563827
0 0.671354 0.400926 0.0572917 0.253704 0.575869
0 0.670313 0.4 0.059375 0.248148 0.577259
0 0.184375 0.480556 0.129167 0.457407 0.578256
0 0.184896 0.484259 0.132292 0.446296 0.584281
0 0.184375 0.47963 0.129167 0.451852 0.587795
0 0.603646 0.377778 0.0302083 0.12963 0.590184
0 0.604167 0.376852 0.0270833 0.127778 0.596061
0 0.670313 0.4 0.059375 0.251852 0.597172
0 0.672396 0.4 0.0572917 0.251852 0.605803
0 0.185417 0.484259 0.133333 0.457407 0.605808
0 0.184896 0.47963 0.130208 0.455556 0.605925
0 0.604688 0.376852 0.028125 0.127778 0.608869
0 0.185417 0.484259 0.13125 0.457407 0.611907
0 0.604167 0.375926 0.0270833 0.125926 0.613491
0 0.604688 0.377778 0.028125 0.12963 0.615855
0 0.492188 0.37963 0.0260417 0.133333 0.620133
0 0.492188 0.37963 0.0260417 0.133333 0.625921
0 0.339583 0.369444 0.01875 0.101852 0.626921
0 0.670313 0.4 0.059375 0.251852 0.628044
0 0.668229 0.400926 0.0552083 0.25 0.634609
0 0.339583 0.367593 0.01875 0.105556 0.640378
0 0.66875 0.400926 0.05625 0.25 0.640936
0 0.668229 0.400926 0.0552083 0.25 0.64782
0 0.339063 0.37037 0.0197917 0.103704 0.649914
0 0.339583 0.37037 0.0208333 0.103704 0.653264
0 0.605208 0.376852 0.0270833 0.127778 0.656378
0 0.676562 0.4 0.0489583 0.259259 0.662928
0 0.340104 0.368519 0.0197917 0.107407 0.667208
0 0.339063 0.367593 0.0197917 0.109259 0.672336
0 0.339063 0.367593 0.0197917 0.109259 0.679351
0 0.604688 0.376852 0.028125 0.127778 0.684604
0 0.433333 0.377778 0.0291667 0.148148 0.70394
0 0.433333 0.377778 0.0291667 0.148148 0.707482
0 0.604688 0.376852 0.028125 0.127778 0.711127
0 0.604688 0.376852 0.028125 0.127778 0.718395
0 0.339583 0.369444 0.01875 0.101852 0.736359
0 0.604688 0.377778 0.028125 0.12963 0.756072
0 0.433854 0.37963 0.028125 0.155556 0.759663
0 0.433854 0.377778 0.028125 0.148148 0.760892
0 0.339063 0.367593 0.0177083 0.101852 0.764548
0 0.433854 0.37963 0.028125 0.155556 0.774817
0 0.605208 0.376852 0.0270833 0.127778 0.782204
0 0.434375 0.37963 0.0270833 0.155556 0.784673
0 0.338542 0.366667 0.01875 0.103704 0.784928
0 0.434375 0.378704 0.0291667 0.153704 0.786408
0 0.339063 0.367593 0.0177083 0.105556 0.789103
0 0.604688 0.378704 0.028125 0.131481 0.800198
0 0.670313 0.400926 0.0510417 0.257407 0.805492
0 0.434375 0.377778 0.0291667 0.155556 0.821013
0 0.434375 0.378704 0.0270833 0.153704 0.821432
0 0.434375 0.376852 0.0270833 0.15 0.837255
0 0.434375 0.376852 0.0270833 0.146296 0.838016
0 0.604688 0.37963 0.028125 0.12963 0.854541
0 0.604688 0.37963 0.028125 0.12963 0.860459
0 0.185937 0.484259 0.130208 0.446296 0.864718
0 0.185417 0.481481 0.13125 0.455556 0.880094
0 0.185937 0.485185 0.130208 0.444444 0.884081
0 0.186458 0.481481 0.13125 0.459259 0.888101
0 0.185937 0.481481 0.132292 0.459259 0.890364
0 0.434375 0.375 0.0270833 0.153704 0.897563
0 0.434375 0.375 0.0270833 0.15 0.903241
0 0.184896 0.482407 0.130208 0.446296 0.90562
0 0.185937 0.483333 0.130208 0.444444 0.906266
0 0.184896 0.483333 0.130208 0.448148 0.907912
0 0.185937 0.483333 0.130208 0.444444 0.913906
