0 0.00572917 0.302778 0.0114583 0.0685185 0.250406
0 0.00625 0.301852 0.0125 0.0703704 0.250986
0 0.427604 0.334259 0.040625 0.201852 0.252956
0 0.465625 0.30463 0.025 0.112963 0.253418
0 0.423958 0.358333 0.0375 0.246296 0.255328
0 0.1125 0.347222 0.05 0.216667 0.256687
0 0.323438 0.290741 0.021875 0.0777778 0.262053
0 0.322917 0.290741 0.0229167 0.0777778 0.263965
0 0.427083 0.335185 0.0395833 0.203704 0.264284
0 0.423958 0.357407 0.0375 0.244444 0.266048
0 0.321875 0.292593 0.025 0.0777778 0.266358
0 0.0630208 0.327778 0.028125 0.133333 0.267451
0 0.1125 0.346296 0.05 0.214815 0.269319
0 0.465625 0.30463 0.025 0.112963 0.273019
0 0.623438 0.303704 0.0260417 0.103704 0.274348
0 0.465625 0.30463 0.025 0.112963 0.277469
0 0.322917 0.291667 0.0229167 0.0759259 0.278106
0 0.427083 0.335185 0.0395833 0.203704 0.283361
0 0.501042 0.311111 0.025 0.144444 0.284269
0 0.570312 0.307407 0.0260417 0.137037 0.285022
0 0.0625 0.316667 0.0208333 0.111111 0.285236
0 0.297396 0.294444 0.0260417 0.0777778 0.287733
0 0.570312 0.307407 0.0260417 0.133333 0.287737
0 0.0630208 0.316667 0.021875 0.111111 0.289874
0 0.321875 0.29537 0.0208333 0.0722222 0.293572
0 0.321875 0.29537 0.0208333 0.0722222 0.296126
0 0.297396 0.294444 0.0239583 0.0740741 0.296495
0 0.465104 0.314815 0.0239583 0.12963 0.302615
0 0.622396 0.30463 0.0260417 0.105556 0.303336
0 0.297396 0.294444 0.0239583 0.0740741 0.303645
0 0.622917 0.303704 0.025 0.103704 0.30473
0 0.492708 0.309259 0.0416667 0.140741 0.304832
0 0.0625 0.316667 0.0208333 0.111111 0.306369
0 0.0625 0.325926 0.0270833 0.12963 0.307368
0 0.0640625 0.326852 0.021875 0.127778 0.311652
0 0.0625 0.328704 0.025 0.135185 0.315282
0 0.321875 0.29537 0.0208333 0.0722222 0.315844
0 0.0625 0.328704 0.025 0.135185 0.318176
0 0.321875 0.29537 0.0208333 0.0722222 0.324489
0 0.49375 0.310185 0.0395833 0.142593 0.325153
0 0.640104 0.30463 0.0260417 0.109259 0.328903
0 0.0630208 0.327778 0.0260417 0.12963 0.329944
0 0.423958 0.336111 0.0375 0.205556 0.332917
0 0.500521 0.308333 0.0239583 0.131481 0.33895
0 0.494792 0.308333 0.0375 0.138889 0.341494
0 0.321875 0.29537 0.0208333 0.0722222 0.341887
0 0.0635417 0.327778 0.0229167 0.12963 0.34216
0 0.321875 0.29537 0.0208333 0.0759259 0.345254
0 0.465104 0.314815 0.0239583 0.137037 0.347407
0 0.115625 0.348148 0.0541667 0.222222 0.347893
0 0.0640625 0.327778 0.021875 0.12963 0.353
0 0.570833 0.313889 0.0291667 0.131481 0.354171
0 0.425521 0.344444 0.0385417 0.218519 0.354987
0 0.647396 0.29537 0.021875 0.0944444 0.357248
0 0.465104 0.315741 0.0239583 0.138889 0.360667
0 0.425521 0.34537 0.0385417 0.224074 0.360733
0 0.0635417 0.322222 0.0208333 0.122222 0.362388
0 0.0640625 0.322222 0.021875 0.118519 0.364236
0 0.502083 0.30463 0.0229167 0.153704 0.364905
0 0.501042 0.309259 0.0229167 0.133333 0.364998
0 0.424479 0.336111 0.0364583 0.205556 0.36567
0 0.501562 0.30463 0.0239583 0.153704 0.367367
0 0.570833 0.313889 0.0270833 0.135185 0.373154
0 0.115104 0.347222 0.053125 0.224074 0.374914
0 0.903646 0.541667 0.142708 0.735185 0.376489
0 0.647396 0.294444 0.021875 0.0962963 0.376608
0 0.570312 0.312963 0.028125 0.137037 0.376677
0 0.295312 0.294444 0.021875 0.0740741 0.378528
0 0.0276042 0.307407 0.021875 0.1 0.379075
0 0.501042 0.309259 0.0270833 0.144444 0.381024
0 0.228646 0.29537 0.0364583 0.127778 0.381103
0 0.0635417 0.322222 0.0208333 0.122222 0.381564
0 0.903125 0.540741 0.15 0.740741 0.384189
0 0.646875 0.294444 0.0208333 0.0962963 0.38487
0 0.424479 0.336111 0.0364583 0.201852 0.390215
0 0.322917 0.292593 0.0208333 0.0777778 0.396178
0 0.229167 0.294444 0.0354167 0.12963 0.400682
0 0.465625 0.314815 0.0270833 0.133333 0.403665
0 0.905729 0.552778 0.144792 0.738889 0.404971
0 0.619271 0.32037 0.0302083 0.137037 0.407664
0 0.228646 0.294444 0.0364583 0.12963 0.407737
0 0.903646 0.542593 0.151042 0.737037 0.408671
0 0.905208 0.551852 0.14375 0.737037 0.409305
0 0.29375 0.294444 0.0229167 0.0740741 0.411979
0 0.0625 0.327778 0.025 0.12963 0.420756
0 0.501562 0.311111 0.0239583 0.140741 0.425256
0 0.0286458 0.306481 0.0197917 0.0907407 0.436132
0 0.905208 0.534259 0.14375 0.731481 0.441926
0 0.028125 0.306481 0.01875 0.0907407 0.446296
0 0.295312 0.294444 0.021875 0.0740741 0.451561
0 0.295312 0.294444 0.021875 0.0740741 0.457863
0 0.423958 0.344444 0.0395833 0.222222 0.457915
0 0.028125 0.306481 0.01875 0.0907407 0.469742
0 0.295312 0.293519 0.021875 0.0722222 0.469887
0 0.423958 0.344444 0.0395833 0.218519 0.471714
0 0.500521 0.309259 0.0260417 0.144444 0.471885
0 0.644271 0.29537 0.0197917 0.0944444 0.47324
0 0.226042 0.293519 0.0375 0.131481 0.479853
0 0.227604 0.293519 0.0364583 0.127778 0.483007
0 0.465104 0.312037 0.0260417 0.124074 0.485397
0 0.0625 0.324074 0.025 0.12963 0.487058
0 0.295312 0.29537 0.021875 0.0759259 0.489864
0 0.227604 0.294444 0.0364583 0.125926 0.491995
0 0.465625 0.313889 0.0270833 0.135185 0.495061
0 0.227604 0.293519 0.0364583 0.124074 0.496128
0 0.0291667 0.302778 0.0208333 0.0944444 0.498907
0 0.295312 0.29537 0.021875 0.0759259 0.499297
0 0.905729 0.533333 0.144792 0.733333 0.500808
0 0.295312 0.29537 0.021875 0.0759259 0.506612
0 0.465625 0.313889 0.0270833 0.131481 0.516199
0 0.0291667 0.305556 0.0229167 0.0962963 0.516509
0 0.0291667 0.301852 0.0208333 0.0962963 0.528012
0 0.465104 0.312963 0.0260417 0.12963 0.528238
0 0.465625 0.312037 0.025 0.127778 0.53044
0 0.0291667 0.301852 0.0208333 0.0962963 0.531426
0 0.227604 0.292593 0.0364583 0.12963 0.531941
0 0.115104 0.35 0.0552083 0.222222 0.552252
0 0.465625 0.313889 0.0270833 0.138889 0.564363
0 0.0286458 0.30463 0.021875 0.0944444 0.577109
0 0.115625 0.349074 0.0541667 0.22037 0.577454
0 0.113542 0.351852 0.0541667 0.218519 0.579868
0 0.465625 0.312963 0.025 0.125926 0.582484
0 0.571875 0.311111 0.0291667 0.12963 0.582836
0 0.500521 0.310185 0.0239583 0.142593 0.583829
0 0.226042 0.293519 0.0375 0.135185 0.593921
0 0.620833 0.321296 0.03125 0.127778 0.594043
0 0.645312 0.297222 0.0177083 0.0944444 0.59448
0 0.0286458 0.305556 0.021875 0.0925926 0.595059
0 0.500521 0.310185 0.0239583 0.142593 0.596044
0 0.115625 0.35 0.0541667 0.222222 0.596831
0 0.501042 0.309259 0.0229167 0.140741 0.597299
0 0.571354 0.311111 0.028125 0.137037 0.601877
0 0.0286458 0.303704 0.021875 0.0962963 0.604584
0 0.226042 0.293519 0.0375 0.135185 0.605074
0 0.645312 0.297222 0.0177083 0.0907407 0.606408
0 0.645312 0.297222 0.0177083 0.0944444 0.60823
0 0.0286458 0.303704 0.021875 0.0962963 0.608909
0 0.113542 0.351852 0.0541667 0.218519 0.610794
0 0.226562 0.293519 0.0364583 0.131481 0.611606
0 0.570833 0.312037 0.0291667 0.138889 0.612232
0 0.645833 0.297222 0.01875 0.0944444 0.613274
0 0.227083 0.293519 0.0375 0.131481 0.614349
0 0.423958 0.337963 0.0375 0.201852 0.620541
0 0.645833 0.29537 0.01875 0.0944444 0.620901
0 0.113542 0.352778 0.0541667 0.22037 0.627857
0 0.501042 0.309259 0.0229167 0.140741 0.628256
0 0.423958 0.337963 0.0375 0.201852 0.629099
0 0.113021 0.35 0.053125 0.222222 0.629657
0 0.113021 0.35 0.053125 0.222222 0.633348
0 0.645312 0.297222 0.0177083 0.0907407 0.634886
0 0.501042 0.308333 0.025 0.142593 0.636609
0 0.645312 0.297222 0.0177083 0.0907407 0.640621
0 0.571354 0.312037 0.028125 0.135185 0.647475
0 0.114063 0.351852 0.0552083 0.218519 0.647558
0 0.571354 0.312037 0.028125 0.135185 0.64943
0 0.113542 0.350926 0.05625 0.216667 0.651316
0 0.114063 0.348148 0.053125 0.218519 0.651785
0 0.465625 0.312037 0.025 0.127778 0.653146
0 0.465625 0.312963 0.025 0.12963 0.654077
0 0.466146 0.314815 0.0260417 0.133333 0.655252
0 0.425 0.337963 0.0395833 0.201852 0.65561
0 0.571354 0.311111 0.028125 0.137037 0.659252
0 0.114063 0.349074 0.053125 0.22037 0.65983
0 0.571875 0.312963 0.0270833 0.133333 0.660623
0 0.570833 0.311111 0.0291667 0.140741 0.660846
0 0.571354 0.311111 0.028125 0.137037 0.671893
0 0.424479 0.337963 0.0385417 0.201852 0.676159
0 0.113542 0.35 0.0541667 0.214815 0.681816
0 0.226562 0.293519 0.0385417 0.131481 0.686787
0 0.425 0.339815 0.0395833 0.209259 0.689469
0 0.227604 0.293519 0.0385417 0.131481 0.69053
0 0.227083 0.292593 0.0375 0.12963 0.695282
0 0.903125 0.535185 0.154167 0.718518 0.695427
0 0.425 0.338889 0.0395833 0.211111 0.698038
0 0.465625 0.313889 0.025 0.135185 0.700897
0 0.113542 0.351852 0.05625 0.214815 0.70136
0 0.113542 0.350926 0.0541667 0.216667 0.701569
0 0.619271 0.32037 0.0302083 0.140741 0.702267
0 0.226562 0.293519 0.0385417 0.131481 0.704624
0 0.227083 0.292593 0.0375 0.12963 0.707757
0 0.619271 0.32037 0.0302083 0.137037 0.709184
0 0.226562 0.293519 0.0385417 0.131481 0.709939
0 0.620313 0.321296 0.0302083 0.135185 0.711006
0 0.571354 0.311111 0.028125 0.137037 0.711841
0 0.571354 0.311111 0.028125 0.137037 0.713987
0 0.425 0.338889 0.0395833 0.211111 0.714583
0 0.620313 0.321296 0.0302083 0.135185 0.716398
0 0.424479 0.339815 0.0385417 0.209259 0.719151
0 0.571354 0.311111 0.028125 0.137037 0.719193
0 0.424479 0.339815 0.0385417 0.212963 0.727771
0 0.113542 0.35 0.0541667 0.214815 0.72966
0 0.424479 0.338889 0.0385417 0.211111 0.737837
0 0.620313 0.32037 0.0302083 0.137037 0.755703
0 0.570833 0.312037 0.0270833 0.138889 0.758233
0 0.620313 0.319444 0.0302083 0.135185 0.762756
0 0.570833 0.312963 0.0270833 0.137037 0.769425
0 0.571354 0.312963 0.028125 0.137037 0.773852
0 0.620833 0.32037 0.03125 0.137037 0.77533
0 0.619792 0.321296 0.03125 0.138889 0.779431
0 0.619792 0.32037 0.03125 0.140741 0.789848
0 0.906771 0.540741 0.140625 0.744444 0.796231
0 0.619792 0.32037 0.03125 0.140741 0.799706
0 0.904167 0.538889 0.147917 0.737037 0.845157
0 0.904167 0.542593 0.145833 0.733333 0.884483
0 0.903646 0.540741 0.144792 0.733333 0.889332
0 0.904167 0.541667 0.14375 0.735185 0.889414
0 0.904167 0.543519 0.145833 0.735185 0.892728
