0 0.220833 0.435185 0.01875 0.0925926 0.254906
0 0.432292 0.440741 0.0166667 0.1 0.255593
0 0.220833 0.435185 0.01875 0.0888889 0.257408
0 0.680208 0.548148 0.06875 0.381481 0.258779
0 0.104167 0.484259 0.0229167 0.161111 0.259363
0 0.025 0.550926 0.05 0.335185 0.261128
13 0.444792 0.583333 0.172917 0.0888889 0.261891
26 0.703125 0.617593 0.0291667 0.087037 0.267712
0 0.182292 0.437963 0.0166667 0.0685185 0.268934
0 0.389062 0.438889 0.015625 0.0851852 0.269681
0 0.389583 0.438889 0.01875 0.0888889 0.271463
0 0.946354 0.436111 0.0552083 0.27963 0.27289
0 0.442187 0.442593 0.034375 0.1 0.27491
0 0.0494792 0.500926 0.0302083 0.175926 0.275125
0 0.0494792 0.5 0.0302083 0.174074 0.275477
0 0.220833 0.435185 0.01875 0.0925926 0.275567
0 0.0421875 0.508333 0.0427083 0.201852 0.278351
0 0.0458333 0.497222 0.0333333 0.164815 0.27993
0 0.230208 0.438889 0.01875 0.0777778 0.281009
0 0.227604 0.437963 0.021875 0.087037 0.284263
13 0.453646 0.586111 0.186458 0.087037 0.284746
0 0.227604 0.437963 0.021875 0.087037 0.287463
0 0.222917 0.436111 0.0229167 0.087037 0.287729
0 0.222917 0.436111 0.0229167 0.087037 0.288304
0 0.420312 0.440741 0.0135417 0.0925926 0.296166
0 0.0770833 0.49537 0.0458333 0.183333 0.299497
0 0.223438 0.436111 0.0239583 0.087037 0.303585
0 0.078125 0.494444 0.0416667 0.188889 0.304727
0 0.227604 0.437963 0.021875 0.087037 0.306078
0 0.182812 0.437963 0.015625 0.0685185 0.306439
26 0.703125 0.617593 0.0291667 0.087037 0.307901
0 0.222917 0.436111 0.0229167 0.087037 0.310656
0 0.182292 0.437037 0.0166667 0.0666667 0.310773
0 0.229167 0.438889 0.0208333 0.0851852 0.312602
0 0.229167 0.437963 0.0208333 0.0833333 0.313493
0 0.183333 0.437963 0.01875 0.0648148 0.316755
0 0.0395833 0.510185 0.0479167 0.209259 0.321689
0 0.419792 0.442593 0.0166667 0.0925926 0.322556
0 0.104687 0.487963 0.0260417 0.161111 0.326215
0 0.676562 0.544444 0.0677083 0.359259 0.331539
0 0.389062 0.439815 0.015625 0.087037 0.33159
0 0.0458333 0.496296 0.0333333 0.162963 0.331781
0 0.229167 0.437963 0.0208333 0.0833333 0.33333
0 0.434375 0.442593 0.0229167 0.1 0.333803
0 0.676562 0.54537 0.0677083 0.357407 0.33701
0 0.182812 0.437963 0.015625 0.0685185 0.3372
0 0.676562 0.544444 0.0677083 0.362963 0.337953
0 0.947917 0.438889 0.05625 0.281481 0.338749
0 0.525521 0.474074 0.034375 0.151852 0.340157
0 0.420312 0.440741 0.0135417 0.0925926 0.342759
0 0.078125 0.49537 0.0416667 0.187037 0.343219
0 0.525521 0.473148 0.034375 0.15 0.343583
0 0.0395833 0.509259 0.0479167 0.207407 0.344386
0 0.523958 0.474074 0.0354167 0.151852 0.347214
0 0.183333 0.437963 0.0166667 0.0648148 0.348064
0 0.523958 0.473148 0.0354167 0.15 0.350668
0 0.523958 0.473148 0.0354167 0.15 0.354862
0 0.0453125 0.502778 0.0302083 0.161111 0.355565
0 0.0484375 0.494444 0.0322917 0.185185 0.356983
0 0.525521 0.474074 0.034375 0.148148 0.358981
0 0.0770833 0.494444 0.0458333 0.185185 0.359315
0 0.0484375 0.49537 0.0322917 0.183333 0.362133
0 0.0453125 0.502778 0.0302083 0.161111 0.364331
0 0.948958 0.437037 0.0583333 0.281481 0.365036
0 0.388542 0.439815 0.0145833 0.087037 0.366161
0 0.388542 0.437963 0.0166667 0.0907407 0.366832
0 0.182812 0.437963 0.0177083 0.0648148 0.374474
0 0.182292 0.437963 0.0166667 0.0648148 0.374619
0 0.226042 0.436111 0.0229167 0.0833333 0.379315
0 0.389062 0.439815 0.015625 0.087037 0.385679
0 0.0833333 0.494444 0.0416667 0.181481 0.388709
0 0.388021 0.437963 0.015625 0.087037 0.389882
0 0.947396 0.437963 0.0552083 0.27963 0.392792
0 0.948438 0.437037 0.0572917 0.288889 0.392904
0 0.182292 0.437963 0.0166667 0.0648148 0.393677
0 0.947396 0.437037 0.0552083 0.281481 0.399082
0 0.947917 0.437037 0.05625 0.288889 0.409989
0 0.451042 0.439815 0.01875 0.0981481 0.420607
0 0.947917 0.437963 0.05625 0.287037 0.420827
0 0.947396 0.437963 0.0552083 0.283333 0.424937
0 0.421875 0.441667 0.0145833 0.0907407 0.429528
0 0.388021 0.437963 0.015625 0.0907407 0.436115
0 0.451042 0.439815 0.01875 0.0981481 0.442243
0 0.421875 0.440741 0.0166667 0.0925926 0.447394
0 0.0973958 0.490741 0.0302083 0.177778 0.451988
0 0.0979167 0.490741 0.03125 0.177778 0.452446
0 0.451042 0.439815 0.01875 0.0981481 0.455266
0 0.0828125 0.494444 0.040625 0.181481 0.456837
0 0.422396 0.440741 0.015625 0.0925926 0.466397
0 0.678125 0.538889 0.06875 0.366667 0.469073
0 0.429688 0.441667 0.021875 0.0981481 0.477695
0 0.429688 0.441667 0.021875 0.101852 0.487967
0 0.429688 0.441667 0.021875 0.101852 0.494836
0 0.0828125 0.49537 0.040625 0.183333 0.529093
0 0.677604 0.539815 0.065625 0.364815 0.534999
0 0.0208333 0.547222 0.0416667 0.35 0.537915
0 0.0208333 0.548148 0.0416667 0.351852 0.544007
0 0.0208333 0.548148 0.0416667 0.348148 0.550667
0 0.449479 0.441667 0.021875 0.101852 0.559651
0 0.45 0.441667 0.0229167 0.101852 0.570348
0 0.105208 0.487037 0.0229167 0.162963 0.571107
0 0.45 0.441667 0.0229167 0.101852 0.585365
0 0.105208 0.488889 0.0229167 0.159259 0.588206
0 0.451562 0.442593 0.0197917 0.1 0.613408
0 0.679167 0.542593 0.0708333 0.37037 0.615178
0 0.523958 0.477778 0.0333333 0.155556 0.616534
0 0.523958 0.477778 0.0333333 0.159259 0.619478
0 0.525 0.477778 0.0333333 0.151852 0.62184
0 0.525 0.478704 0.0333333 0.153704 0.623036
0 0.103646 0.487963 0.021875 0.164815 0.625747
0 0.103646 0.487963 0.021875 0.164815 0.626985
0 0.0197917 0.547222 0.0395833 0.338889 0.662748
0 0.679167 0.543519 0.06875 0.372222 0.673135
0 0.451042 0.442593 0.01875 0.1 0.675978
0 0.08125 0.493519 0.0375 0.187037 0.67689
0 0.08125 0.493519 0.0395833 0.187037 0.678565
0 0.0807292 0.494444 0.040625 0.188889 0.686645
0 0.677604 0.543519 0.0677083 0.364815 0.689916
0 0.0203125 0.546296 0.040625 0.340741 0.691118
0 0.0817708 0.493519 0.0385417 0.187037 0.691456
0 0.677604 0.537037 0.065625 0.359259 0.6919
0 0.0802083 0.493519 0.0395833 0.187037 0.694206
0 0.0203125 0.546296 0.040625 0.337037 0.694546
0 0.0807292 0.493519 0.0385417 0.187037 0.696153
0 0.678646 0.542593 0.0677083 0.37037 0.69973
0 0.677604 0.543519 0.0677083 0.368519 0.701417
0 0.08125 0.493519 0.0395833 0.187037 0.708273
0 0.451042 0.441667 0.01875 0.0981481 0.708726
0 0.524479 0.474074 0.034375 0.151852 0.711685
0 0.451042 0.440741 0.01875 0.1 0.715167
0 0.677604 0.541667 0.0677083 0.364815 0.716186
0 0.451042 0.440741 0.01875 0.1 0.721806
0 0.524479 0.473148 0.034375 0.153704 0.723403
0 0.677604 0.537037 0.065625 0.359259 0.732425
0 0.525 0.475 0.0354167 0.15 0.733627
0 0.677604 0.537963 0.065625 0.357407 0.736566
0 0.525 0.474074 0.0354167 0.151852 0.738352
0 0.678646 0.538889 0.0697917 0.362963 0.746328
0 0.678125 0.542593 0.0666667 0.374074 0.755577
0 0.0197917 0.547222 0.0395833 0.342593 0.76107
0 0.0197917 0.54537 0.0395833 0.338889 0.767595
0 0.0197917 0.54537 0.0395833 0.342593 0.775933
0 0.678125 0.538889 0.06875 0.362963 0.777728
0 0.524479 0.475 0.034375 0.153704 0.798347
0 0.678646 0.539815 0.0697917 0.364815 0.798937
0 0.524479 0.475 0.034375 0.153704 0.816241
0 0.524479 0.475 0.034375 0.153704 0.828885
0 0.524479 0.475926 0.034375 0.151852 0.835155
0 0.524479 0.475926 0.034375 0.151852 0.841321
0 0.524479 0.475926 0.034375 0.151852 0.851476
