0 0.39375 0.310185 0.0145833 0.0759259 0.252202
0 0.745833 0.374074 0.06875 0.288889 0.253463
0 0.475 0.351852 0.025 0.137037 0.262478
0 0.509375 0.342593 0.0291667 0.0962963 0.262858
0 0.478646 0.35463 0.0260417 0.127778 0.263644
13 0.309896 0.726852 0.244792 0.335185 0.264778
0 0.710417 0.384259 0.0375 0.301852 0.264947
13 0.310417 0.726852 0.24375 0.335185 0.265741
0 0.475521 0.344444 0.021875 0.118519 0.26745
0 0.393229 0.317593 0.0135417 0.0611111 0.268356
0 0.536979 0.316667 0.0197917 0.0666667 0.270568
0 0.475521 0.343519 0.021875 0.116667 0.277109
0 0.49375 0.338889 0.0208333 0.103704 0.282565
0 0.494792 0.338889 0.0208333 0.103704 0.283129
0 0.393229 0.311111 0.015625 0.0777778 0.289853
0 0.710417 0.383333 0.0375 0.3 0.291312
0 0.474479 0.34537 0.021875 0.124074 0.293029
0 0.474479 0.34537 0.021875 0.124074 0.293157
0 0.745313 0.375926 0.0677083 0.314815 0.294511
0 0.508333 0.342593 0.01875 0.0962963 0.297343
0 0.508854 0.344444 0.0197917 0.0888889 0.299153
0 0.538542 0.315741 0.0166667 0.0648148 0.30116
0 0.540625 0.314815 0.0145833 0.0703704 0.304641
0 0.395312 0.312037 0.015625 0.0722222 0.305619
0 0.536979 0.317593 0.0177083 0.0685185 0.312913
0 0.508854 0.342593 0.0197917 0.0962963 0.313469
0 0.739062 0.393519 0.071875 0.331481 0.315076
0 0.538542 0.315741 0.0166667 0.0648148 0.315105
0 0.5375 0.316667 0.01875 0.0666667 0.315856
0 0.739583 0.392593 0.0708333 0.32963 0.316518
0 0.745313 0.384259 0.0677083 0.298148 0.319551
0 0.739062 0.392593 0.071875 0.32963 0.319634
0 0.5375 0.316667 0.0166667 0.062963 0.322239
0 0.371354 0.32963 0.0197917 0.1 0.324362
0 0.611458 0.339815 0.03125 0.135185 0.324592
24 0.763021 0.346296 0.0364583 0.0962963 0.324795
0 0.508333 0.342593 0.01875 0.0962963 0.325957
0 0.155208 0.337963 0.0541667 0.15 0.326461
0 0.710417 0.387963 0.0395833 0.305556 0.326635
0 0.540625 0.315741 0.0145833 0.0685185 0.329964
24 0.764063 0.344444 0.0364583 0.114815 0.330255
0 0.151562 0.339815 0.0572917 0.153704 0.330653
0 0.508854 0.34537 0.0197917 0.0907407 0.331272
24 0.763021 0.346296 0.0364583 0.1 0.333752
0 0.508854 0.34537 0.0197917 0.0907407 0.340903
24 0.763021 0.346296 0.0364583 0.1 0.341505
0 0.536979 0.316667 0.0177083 0.0666667 0.346754
0 0.371354 0.32963 0.0197917 0.103704 0.347421
0 0.710417 0.387963 0.0395833 0.305556 0.350149
0 0.710417 0.387037 0.0395833 0.3 0.351213
0 0.151042 0.339815 0.0583333 0.157407 0.351261
0 0.39375 0.310185 0.0145833 0.0759259 0.353962
0 0.371354 0.32963 0.0197917 0.107407 0.355385
0 0.610937 0.342593 0.0260417 0.125926 0.356075
24 0.764063 0.344444 0.0364583 0.111111 0.356827
0 0.152604 0.340741 0.0572917 0.151852 0.359953
0 0.474479 0.351852 0.0260417 0.133333 0.362166
0 0.154167 0.337963 0.0541667 0.15 0.370059
24 0.7625 0.342593 0.0375 0.103704 0.375394
0 0.711458 0.387963 0.0333333 0.309259 0.376127
0 0.39375 0.311111 0.0145833 0.0740741 0.376743
24 0.763542 0.342593 0.0375 0.111111 0.37795
0 0.611458 0.339815 0.0291667 0.131481 0.378243
0 0.434896 0.341667 0.0302083 0.15 0.382148
24 0.7625 0.342593 0.0375 0.107407 0.384139
24 0.761979 0.342593 0.0364583 0.107407 0.3848
0 0.434896 0.341667 0.0302083 0.15 0.38507
0 0.713542 0.387963 0.0354167 0.312963 0.385933
0 0.151562 0.339815 0.0572917 0.153704 0.386515
0 0.714583 0.387963 0.0354167 0.312963 0.38662
24 0.761979 0.338889 0.0385417 0.114815 0.391002
0 0.435417 0.346296 0.0291667 0.155556 0.393037
0 0.610937 0.341667 0.0260417 0.127778 0.39619
0 0.435417 0.347222 0.0291667 0.153704 0.400117
0 0.151042 0.340741 0.05625 0.166667 0.402085
0 0.151562 0.339815 0.0572917 0.157407 0.40264
0 0.435417 0.346296 0.0291667 0.155556 0.404798
0 0.613542 0.341667 0.03125 0.131481 0.407878
0 0.610937 0.341667 0.0260417 0.127778 0.409809
0 0.475521 0.350926 0.0239583 0.135185 0.410422
0 0.150521 0.341667 0.0552083 0.164815 0.410731
0 0.434896 0.341667 0.0302083 0.15 0.411402
24 0.761979 0.338889 0.0385417 0.111111 0.416244
0 0.613542 0.340741 0.03125 0.12963 0.425706
0 0.613021 0.341667 0.028125 0.131481 0.432077
0 0.614062 0.341667 0.0302083 0.131481 0.433179
0 0.154167 0.337963 0.0541667 0.15 0.435122
0 0.610937 0.339815 0.028125 0.131481 0.439163
0 0.613021 0.341667 0.028125 0.131481 0.444542
0 0.475 0.351852 0.0229167 0.122222 0.444859
0 0.613021 0.341667 0.028125 0.127778 0.450972
0 0.475 0.352778 0.0229167 0.124074 0.465758
24 0.761979 0.338889 0.0385417 0.111111 0.468382
0 0.611458 0.338889 0.0291667 0.12963 0.468871
0 0.475 0.352778 0.0229167 0.124074 0.469313
0 0.151042 0.339815 0.05625 0.153704 0.469856
0 0.434896 0.347222 0.028125 0.161111 0.470609
0 0.613021 0.340741 0.0302083 0.12963 0.474829
0 0.435417 0.346296 0.0291667 0.159259 0.479406
0 0.151562 0.338889 0.0572917 0.155556 0.494261
0 0.0442708 0.622222 0.0885417 0.637037 0.498298
0 0.0442708 0.622222 0.0885417 0.633333 0.498676
0 0.151562 0.339815 0.059375 0.157407 0.501019
0 0.153125 0.338889 0.0520833 0.155556 0.501079
0 0.0484375 0.624074 0.0947917 0.596296 0.501145
0 0.713021 0.388889 0.0364583 0.314815 0.501322
0 0.153125 0.337963 0.0520833 0.157407 0.501591
0 0.435417 0.342593 0.0291667 0.155556 0.507818
0 0.0453125 0.625926 0.0885417 0.618519 0.511586
0 0.435417 0.342593 0.0291667 0.155556 0.515402
0 0.7125 0.386111 0.0395833 0.32037 0.518391
24 0.7625 0.341667 0.0375 0.105556 0.519355
0 0.150521 0.340741 0.059375 0.155556 0.529907
24 0.761979 0.338889 0.0385417 0.114815 0.530854
0 0.0484375 0.623148 0.0947917 0.609259 0.531347
24 0.763021 0.340741 0.0385417 0.107407 0.535656
0 0.0442708 0.625926 0.0885417 0.618519 0.539223
24 0.7625 0.340741 0.0375 0.107407 0.540492
0 0.474479 0.353704 0.021875 0.12963 0.542901
0 0.7125 0.386111 0.0416667 0.316667 0.548547
24 0.761979 0.338889 0.0385417 0.111111 0.553251
0 0.473437 0.351852 0.021875 0.137037 0.560677
0 0.713021 0.386111 0.0427083 0.312963 0.581187
24 0.761979 0.338889 0.0385417 0.111111 0.581318
0 0.613021 0.340741 0.0302083 0.133333 0.585051
0 0.738542 0.389815 0.0791667 0.327778 0.587199
0 0.613021 0.340741 0.0302083 0.133333 0.591433
0 0.739062 0.388889 0.0760417 0.333333 0.591905
0 0.738542 0.389815 0.0791667 0.331481 0.5975
24 0.7625 0.340741 0.0375 0.111111 0.600314
24 0.7625 0.340741 0.0375 0.114815 0.609037
24 0.7625 0.340741 0.0395833 0.114815 0.615568
0 0.473958 0.35463 0.0229167 0.131481 0.62146
0 0.6125 0.339815 0.03125 0.127778 0.621885
0 0.473958 0.35463 0.0229167 0.131481 0.625635
0 0.740104 0.389815 0.071875 0.331481 0.630161
0 0.7375 0.390741 0.0770833 0.325926 0.630849
0 0.372917 0.332407 0.0229167 0.105556 0.635032
0 0.611458 0.338889 0.0291667 0.133333 0.640985
0 0.6125 0.340741 0.03125 0.125926 0.643858
0 0.473958 0.352778 0.0229167 0.131481 0.646141
0 0.6125 0.340741 0.03125 0.12963 0.658998
0 0.6125 0.340741 0.03125 0.12963 0.661563
0 0.611458 0.338889 0.0291667 0.12963 0.664223
0 0.6125 0.340741 0.03125 0.125926 0.665885
0 0.0463542 0.622222 0.0927083 0.603704 0.669476
0 0.372396 0.334259 0.021875 0.101852 0.675583
0 0.734375 0.387037 0.0708333 0.333333 0.694548
0 0.0453125 0.623148 0.090625 0.594444 0.69647
0 0.372396 0.334259 0.021875 0.101852 0.700183
0 0.372396 0.334259 0.021875 0.101852 0.702281
0 0.6125 0.340741 0.03125 0.12963 0.70562
0 0.736979 0.389815 0.0739583 0.331481 0.711572
0 0.371875 0.332407 0.0208333 0.101852 0.715091
0 0.734375 0.387963 0.0708333 0.331481 0.716286
0 0.734375 0.387037 0.0708333 0.333333 0.730151
0 0.434896 0.344444 0.0302083 0.155556 0.730739
0 0.371354 0.332407 0.021875 0.101852 0.736365
0 0.434896 0.344444 0.0302083 0.155556 0.741597
0 0.434896 0.34537 0.0302083 0.153704 0.751223
0 0.372396 0.334259 0.021875 0.101852 0.759989
0 0.372396 0.334259 0.021875 0.105556 0.764714
0 0.434896 0.344444 0.0302083 0.155556 0.772793
0 0.372396 0.334259 0.021875 0.105556 0.773244
0 0.434896 0.344444 0.0302083 0.155556 0.775722
0 0.0442708 0.628704 0.0885417 0.635185 0.77992
0 0.0442708 0.628704 0.0885417 0.631481 0.786239
0 0.434896 0.344444 0.0302083 0.155556 0.793825
0 0.434375 0.343519 0.0291667 0.157407 0.81645
0 0.434375 0.343519 0.0291667 0.153704 0.819794
0 0.0453125 0.626852 0.090625 0.646296 0.822264
0 0.0453125 0.627778 0.090625 0.648148 0.824872
0 0.434375 0.342593 0.0291667 0.148148 0.841215
0 0.434375 0.341667 0.0291667 0.15 0.84382
