0 0.386458 0.440741 0.0291667 0.107407 0.251224
0 0.386979 0.440741 0.028125 0.111111 0.257
13 0.311979 0.490741 0.0552083 0.062963 0.259401
13 0.315104 0.491667 0.0489583 0.0611111 0.26039
0 0.278125 0.423148 0.01875 0.087037 0.261207
13 0.45625 0.627778 0.114583 0.0962963 0.262263
13 0.45625 0.627778 0.1125 0.1 0.263441
74 0.395833 0.0898148 0.0416667 0.142593 0.26423
0 0.980208 0.697222 0.0395833 0.261111 0.264319
13 0.384375 0.57963 0.16875 0.0925926 0.266647
0 0.386458 0.441667 0.0270833 0.109259 0.267399
0 0.435937 0.432407 0.0260417 0.116667 0.269344
0 0.980729 0.623148 0.0385417 0.42037 0.271088
0 0.367188 0.440741 0.0197917 0.111111 0.271564
74 0.395833 0.0898148 0.0416667 0.142593 0.272491
74 0.395833 0.0898148 0.0416667 0.142593 0.272567
13 0.45625 0.627778 0.114583 0.0962963 0.272628
13 0.381771 0.586111 0.153125 0.0944444 0.278656
0 0.98125 0.656482 0.0375 0.361111 0.279982
0 0.98125 0.658333 0.0375 0.353704 0.280736
0 0.392708 0.437963 0.0291667 0.112963 0.282016
13 0.375521 0.578704 0.148958 0.087037 0.283396
0 0.98125 0.657407 0.0375 0.355556 0.283659
0 0.981771 0.687963 0.0364583 0.275926 0.287618
0 0.367188 0.440741 0.0197917 0.111111 0.288683
13 0.375 0.578704 0.145833 0.087037 0.290814
74 0.390625 0.0907407 0.03125 0.144444 0.29888
74 0.390625 0.0898148 0.03125 0.146296 0.300796
0 0.98125 0.693519 0.0375 0.27963 0.303568
0 0.98125 0.693519 0.0375 0.27963 0.304482
13 0.457812 0.630556 0.115625 0.0944444 0.304505
13 0.280729 0.488889 0.0677083 0.0703704 0.305074
74 0.394792 0.0907407 0.0416667 0.140741 0.306382
0 0.98125 0.693519 0.0375 0.27963 0.308851
0 0.98125 0.621296 0.0375 0.427778 0.311813
0 0.98125 0.624074 0.0375 0.425926 0.312163
13 0.280729 0.489815 0.0697917 0.0722222 0.31487
74 0.394792 0.0907407 0.0416667 0.140741 0.319002
0 0.367188 0.440741 0.0197917 0.111111 0.319346
13 0.378125 0.578704 0.145833 0.0907407 0.320159
0 0.395312 0.438889 0.0197917 0.111111 0.320976
0 0.278646 0.433333 0.0197917 0.0851852 0.321904
13 0.378646 0.578704 0.146875 0.0907407 0.322052
74 0.394792 0.0907407 0.0416667 0.140741 0.326822
0 0.39375 0.437963 0.0291667 0.112963 0.327113
0 0.394792 0.438889 0.01875 0.111111 0.327217
13 0.45625 0.628704 0.11875 0.0944444 0.330761
13 0.283333 0.490741 0.0770833 0.0740741 0.330761
13 0.284375 0.489815 0.08125 0.0759259 0.331255
13 0.457812 0.62963 0.113542 0.0925926 0.33492
0 0.39375 0.437963 0.0270833 0.116667 0.335563
0 0.394792 0.438889 0.01875 0.111111 0.342153
0 0.278646 0.433333 0.0197917 0.0851852 0.342906
74 0.395312 0.0888889 0.040625 0.144444 0.345098
74 0.395312 0.0888889 0.040625 0.144444 0.347012
13 0.283854 0.488889 0.0760417 0.0740741 0.355737
74 0.395312 0.0898148 0.040625 0.142593 0.358844
13 0.284375 0.492593 0.0770833 0.0703704 0.362692
0 0.436458 0.436111 0.0229167 0.109259 0.365367
0 0.0510417 0.462963 0.0270833 0.133333 0.367489
0 0.39375 0.438889 0.0270833 0.111111 0.367501
0 0.278646 0.433333 0.0197917 0.0851852 0.37132
13 0.283854 0.492593 0.0760417 0.0703704 0.373582
0 0.0203125 0.472222 0.0385417 0.177778 0.37712
0 0.470833 0.467593 0.0354167 0.146296 0.378998
13 0.457812 0.630556 0.115625 0.0907407 0.381382
13 0.457812 0.630556 0.113542 0.0907407 0.382201
0 0.98125 0.681481 0.0375 0.3 0.382663
13 0.457292 0.630556 0.114583 0.0907407 0.383251
0 0.980729 0.682407 0.0385417 0.301852 0.386449
13 0.380729 0.584259 0.161458 0.0981481 0.387918
0 0.435417 0.432407 0.025 0.116667 0.389522
0 0.277604 0.42963 0.0197917 0.0851852 0.39043
0 0.025 0.475926 0.0375 0.174074 0.390684
13 0.457812 0.630556 0.113542 0.0907407 0.393577
0 0.0291667 0.475 0.0541667 0.168519 0.394205
13 0.283333 0.488889 0.0729167 0.0740741 0.396516
0 0.980729 0.682407 0.0385417 0.298148 0.396838
0 0.0208333 0.472222 0.0395833 0.177778 0.399552
13 0.457812 0.630556 0.113542 0.0944444 0.399814
0 0.025 0.476852 0.0375 0.172222 0.405879
13 0.376042 0.57963 0.154167 0.0888889 0.408541
0 0.367708 0.437963 0.0208333 0.101852 0.416426
0 0.470313 0.466667 0.034375 0.148148 0.420519
0 0.642708 0.449074 0.0208333 0.116667 0.422943
13 0.455208 0.625926 0.11875 0.0962963 0.427238
0 0.642187 0.448148 0.0197917 0.114815 0.436806
0 0.0208333 0.472222 0.0395833 0.174074 0.43764
0 0.028125 0.475 0.0520833 0.168519 0.437842
0 0.642708 0.449074 0.0208333 0.116667 0.438278
0 0.395312 0.436111 0.021875 0.116667 0.438958
0 0.642187 0.449074 0.0197917 0.112963 0.441954
0 0.278125 0.42963 0.01875 0.0888889 0.447742
0 0.025 0.472222 0.0395833 0.177778 0.449814
0 0.025 0.473148 0.0395833 0.17963 0.45666
0 0.642708 0.449074 0.0208333 0.116667 0.457893
0 0.278125 0.42963 0.01875 0.0925926 0.461014
0 0.642187 0.449074 0.0197917 0.112963 0.46265
0 0.367708 0.437963 0.0208333 0.105556 0.467247
0 0.435417 0.431481 0.0229167 0.114815 0.469385
0 0.367708 0.437963 0.0208333 0.105556 0.47286
0 0.028125 0.475 0.0520833 0.168519 0.474143
0 0.436458 0.437037 0.0229167 0.107407 0.475681
0 0.0515625 0.460185 0.028125 0.127778 0.476549
0 0.278125 0.42963 0.01875 0.0925926 0.477907
0 0.436458 0.437963 0.0229167 0.109259 0.489275
74 0.395833 0.0898148 0.0416667 0.15 0.49051
0 0.436458 0.437963 0.0229167 0.109259 0.49065
74 0.395833 0.0888889 0.0416667 0.148148 0.492896
0 0.0203125 0.477778 0.0364583 0.174074 0.509636
0 0.367188 0.438889 0.021875 0.107407 0.515064
0 0.0203125 0.476852 0.0364583 0.172222 0.522926
0 0.980208 0.662963 0.0395833 0.340741 0.523044
0 0.980729 0.662037 0.0385417 0.338889 0.524798
0 0.4375 0.432407 0.0229167 0.116667 0.526673
0 0.436979 0.433333 0.021875 0.118519 0.529766
0 0.980208 0.662963 0.0395833 0.340741 0.538325
0 0.436979 0.432407 0.021875 0.116667 0.53842
0 0.367708 0.441667 0.0208333 0.109259 0.547163
0 0.834375 0.625 0.10625 0.605556 0.548792
0 0.367708 0.438889 0.0208333 0.107407 0.555623
0 0.368229 0.439815 0.021875 0.112963 0.563001
0 0.367708 0.438889 0.0208333 0.107407 0.56321
0 0.395312 0.436111 0.021875 0.109259 0.578157
0 0.394271 0.437963 0.0239583 0.116667 0.582087
0 0.021875 0.475926 0.0416667 0.177778 0.583037
0 0.0515625 0.461111 0.028125 0.12963 0.594656
0 0.0515625 0.461111 0.028125 0.125926 0.603044
0 0.021875 0.475926 0.0416667 0.177778 0.607307
0 0.641667 0.449074 0.0208333 0.112963 0.617013
0 0.395312 0.436111 0.021875 0.109259 0.618281
0 0.830208 0.625 0.1125 0.598148 0.619496
0 0.395312 0.436111 0.021875 0.109259 0.625953
0 0.469271 0.472222 0.0302083 0.151852 0.627103
0 0.830208 0.626852 0.110417 0.605556 0.6303
0 0.021875 0.475926 0.0395833 0.17037 0.634978
0 0.642708 0.447222 0.0208333 0.109259 0.640289
0 0.469271 0.471296 0.0302083 0.15 0.64089
0 0.642187 0.449074 0.0197917 0.112963 0.644819
0 0.642187 0.449074 0.0197917 0.112963 0.653938
0 0.0515625 0.462963 0.028125 0.140741 0.656656
0 0.021875 0.475926 0.0395833 0.17037 0.663962
0 0.394792 0.437963 0.0229167 0.109259 0.665381
0 0.0515625 0.462963 0.028125 0.140741 0.666141
0 0.0515625 0.460185 0.0302083 0.127778 0.670727
0 0.0510417 0.458333 0.0291667 0.131481 0.676441
0 0.834896 0.624074 0.107292 0.607407 0.678214
0 0.0520833 0.460185 0.0291667 0.127778 0.681004
0 0.394792 0.437963 0.0229167 0.109259 0.684276
0 0.642708 0.449074 0.0208333 0.109259 0.690532
0 0.642187 0.448148 0.021875 0.107407 0.693382
0 0.021875 0.475926 0.0395833 0.17037 0.694363
0 0.394792 0.437963 0.0229167 0.109259 0.702059
0 0.0520833 0.461111 0.0291667 0.133333 0.704342
0 0.469792 0.469444 0.0333333 0.153704 0.709087
0 0.0510417 0.460185 0.0291667 0.127778 0.710631
0 0.436458 0.435185 0.0208333 0.107407 0.720583
0 0.469271 0.47037 0.034375 0.155556 0.720886
0 0.0520833 0.461111 0.0291667 0.133333 0.724887
0 0.0520833 0.460185 0.0291667 0.131481 0.729412
0 0.436458 0.436111 0.0208333 0.109259 0.73168
0 0.436458 0.435185 0.0208333 0.107407 0.738467
0 0.436458 0.432407 0.0229167 0.112963 0.739908
0 0.469271 0.469444 0.034375 0.153704 0.745916
0 0.435937 0.432407 0.0239583 0.112963 0.750797
0 0.435937 0.432407 0.0239583 0.112963 0.7642
0 0.436458 0.431481 0.0229167 0.114815 0.76603
0 0.0510417 0.458333 0.03125 0.131481 0.76958
0 0.8375 0.623148 0.1125 0.62037 0.775234
0 0.0515625 0.459259 0.0302083 0.133333 0.776905
0 0.470313 0.469444 0.0322917 0.153704 0.777036
0 0.469792 0.47037 0.0333333 0.151852 0.784253
0 0.838542 0.622222 0.1125 0.622222 0.785533
0 0.470313 0.47037 0.034375 0.151852 0.789958
0 0.469792 0.469444 0.0333333 0.153704 0.794329
0 0.470313 0.469444 0.0322917 0.153704 0.794951
0 0.836979 0.633333 0.113542 0.62963 0.795532
0 0.469792 0.469444 0.0333333 0.153704 0.800234
0 0.470313 0.469444 0.0322917 0.153704 0.808737
0 0.835417 0.625 0.120833 0.598148 0.817751
0 0.469792 0.469444 0.0333333 0.15 0.82134
0 0.838542 0.634259 0.114583 0.627778 0.825613
0 0.8375 0.633333 0.1125 0.625926 0.828824
0 0.834375 0.627778 0.120833 0.596296 0.84
0 0.838542 0.634259 0.114583 0.631481 0.872577
