0 0.302604 0.305556 0.0302083 0.0962963 0.250568
26 0.856771 0.493519 0.0447917 0.146296 0.250944
0 0.328646 0.302778 0.0197917 0.0648148 0.252339
0 0.428125 0.32037 0.025 0.0962963 0.252761
0 0.028125 0.307407 0.01875 0.0740741 0.256798
0 0.270312 0.309259 0.0260417 0.0888889 0.257265
26 0.85625 0.493519 0.04375 0.142593 0.263298
0 0.0994792 0.331481 0.0239583 0.118519 0.263572
0 0.0994792 0.331481 0.0239583 0.118519 0.265571
0 0.1 0.331481 0.025 0.118519 0.266398
0 0.270312 0.308333 0.0260417 0.0907407 0.267243
28 0.365104 0.49537 0.0864583 0.087037 0.270768
0 0.429167 0.316667 0.0229167 0.0925926 0.280448
28 0.365104 0.49537 0.0864583 0.087037 0.281477
0 0.816667 0.537963 0.125 0.65 0.281972
28 0.365625 0.494444 0.0854167 0.0851852 0.284305
0 0.941146 0.552778 0.117708 0.705556 0.285037
0 0.475521 0.327778 0.0489583 0.140741 0.289376
0 0.429167 0.316667 0.0229167 0.0925926 0.292133
0 0.1 0.331481 0.0229167 0.111111 0.292592
0 0.496875 0.318519 0.0208333 0.12963 0.296789
0 0.941146 0.551852 0.117708 0.696296 0.297742
28 0.366146 0.49537 0.0822917 0.0833333 0.298366
0 0.1 0.332407 0.0229167 0.112963 0.299866
26 0.856771 0.496296 0.0447917 0.151852 0.302961
26 0.856771 0.496296 0.0447917 0.151852 0.303193
0 0.307292 0.35463 0.0354167 0.216667 0.303352
0 0.209375 0.341667 0.0395833 0.17963 0.305365
0 0.100521 0.331481 0.021875 0.111111 0.308622
0 0.429688 0.316667 0.021875 0.0925926 0.309097
26 0.857292 0.496296 0.04375 0.151852 0.311362
0 0.209375 0.342593 0.0395833 0.177778 0.311972
0 0.30625 0.35463 0.0354167 0.216667 0.313086
0 0.30625 0.301852 0.0333333 0.103704 0.313127
0 0.30625 0.299074 0.0333333 0.101852 0.314124
28 0.366667 0.494444 0.0833333 0.0851852 0.315718
28 0.366146 0.493519 0.084375 0.087037 0.318561
0 0.429688 0.317593 0.0239583 0.0944444 0.322577
0 0.475521 0.327778 0.0489583 0.140741 0.324267
0 0.209896 0.358333 0.040625 0.205556 0.324624
0 0.616667 0.307407 0.025 0.0962963 0.325098
0 0.305208 0.339815 0.0333333 0.183333 0.327395
0 0.941146 0.524074 0.117708 0.651852 0.332089
0 0.209896 0.359259 0.040625 0.203704 0.332585
0 0.209375 0.361111 0.0416667 0.207407 0.333772
0 0.30625 0.35463 0.0354167 0.22037 0.335008
0 0.30625 0.3 0.0333333 0.1 0.336697
0 0.477604 0.327778 0.0510417 0.140741 0.340991
0 0.207813 0.35 0.040625 0.188889 0.341054
0 0.209375 0.361111 0.0416667 0.207407 0.352676
0 0.208333 0.348148 0.0416667 0.185185 0.354757
0 0.208854 0.349074 0.040625 0.190741 0.357764
0 0.209375 0.361111 0.0416667 0.207407 0.360946
0 0.305208 0.342593 0.0333333 0.181481 0.362488
0 0.270312 0.314815 0.021875 0.0814815 0.367426
0 0.304688 0.35463 0.0364583 0.209259 0.377787
0 0.305208 0.353704 0.0354167 0.211111 0.386492
0 0.305208 0.352778 0.0354167 0.209259 0.391291
0 0.941667 0.544444 0.116667 0.651852 0.396002
0 0.559375 0.316667 0.0375 0.125926 0.396894
0 0.270312 0.313889 0.021875 0.0796296 0.404389
0 0.270312 0.313889 0.021875 0.0796296 0.404601
0 0.33125 0.3 0.0208333 0.0666667 0.407417
0 0.558854 0.316667 0.034375 0.125926 0.412489
0 0.559375 0.317593 0.0375 0.124074 0.420639
0 0.305208 0.30463 0.03125 0.0944444 0.423023
0 0.330208 0.299074 0.0208333 0.0648148 0.432394
0 0.495833 0.325 0.0208333 0.127778 0.43248
0 0.305208 0.303704 0.03125 0.103704 0.434567
0 0.495313 0.325926 0.0197917 0.125926 0.436283
0 0.330208 0.299074 0.0208333 0.0648148 0.437578
0 0.305208 0.30463 0.03125 0.0981481 0.441045
0 0.305208 0.303704 0.03125 0.103704 0.446656
0 0.305208 0.30463 0.03125 0.0981481 0.447402
0 0.330208 0.300926 0.0208333 0.0648148 0.448448
0 0.305208 0.303704 0.03125 0.103704 0.448509
0 0.330208 0.299074 0.0208333 0.0648148 0.449595
0 0.495313 0.325926 0.0197917 0.125926 0.452623
0 0.330208 0.3 0.0208333 0.062963 0.458089
0 0.330208 0.3 0.0208333 0.062963 0.47397
0 0.209375 0.355556 0.0416667 0.2 0.48384
0 0.496354 0.324074 0.021875 0.125926 0.484719
0 0.819271 0.527778 0.128125 0.67037 0.487098
0 0.208854 0.35463 0.040625 0.201852 0.494045
0 0.208854 0.355556 0.040625 0.203704 0.496195
0 0.586458 0.332407 0.025 0.138889 0.498272
0 0.554167 0.316667 0.0270833 0.12963 0.507034
0 0.617708 0.310185 0.01875 0.0907407 0.507644
0 0.495833 0.325926 0.0208333 0.12963 0.50867
0 0.269792 0.310185 0.0208333 0.087037 0.508989
0 0.305729 0.347222 0.034375 0.201852 0.515899
0 0.270312 0.311111 0.021875 0.0888889 0.516038
0 0.269792 0.310185 0.0208333 0.087037 0.518898
0 0.586979 0.334259 0.0260417 0.135185 0.519162
0 0.305729 0.348148 0.034375 0.203704 0.522725
0 0.941146 0.533333 0.117708 0.644444 0.523905
0 0.30625 0.350926 0.0354167 0.209259 0.524415
0 0.30625 0.351852 0.0354167 0.214815 0.527623
0 0.617188 0.30463 0.0197917 0.0907407 0.52925
0 0.466146 0.336111 0.0302083 0.153704 0.531008
0 0.466146 0.336111 0.0302083 0.153704 0.539451
0 0.495313 0.325 0.0197917 0.127778 0.540171
0 0.617708 0.310185 0.01875 0.0907407 0.541233
0 0.554167 0.314815 0.0270833 0.125926 0.542126
0 0.496354 0.324074 0.021875 0.12963 0.547066
0 0.495833 0.325 0.0208333 0.131481 0.548901
0 0.305729 0.349074 0.034375 0.209259 0.551768
0 0.617708 0.310185 0.01875 0.0907407 0.56153
0 0.495833 0.325 0.0208333 0.127778 0.561883
0 0.941146 0.530556 0.117708 0.701852 0.563027
0 0.554167 0.314815 0.0270833 0.122222 0.56399
0 0.617188 0.305556 0.0197917 0.0925926 0.567353
0 0.617188 0.305556 0.0197917 0.0925926 0.568565
0 0.495833 0.325 0.0208333 0.127778 0.574378
0 0.466667 0.336111 0.0291667 0.153704 0.580067
0 0.466667 0.336111 0.0291667 0.15 0.587569
0 0.466667 0.335185 0.0291667 0.151852 0.591523
0 0.495313 0.325 0.021875 0.131481 0.592386
0 0.554167 0.314815 0.025 0.125926 0.592984
0 0.815625 0.540741 0.125 0.644444 0.593556
0 0.270833 0.309259 0.0229167 0.0888889 0.596247
0 0.554167 0.314815 0.0270833 0.125926 0.598533
0 0.554688 0.314815 0.0260417 0.125926 0.600249
0 0.463542 0.337037 0.025 0.155556 0.60146
0 0.941146 0.530556 0.117708 0.698148 0.603811
0 0.554167 0.316667 0.0270833 0.12963 0.605423
0 0.464063 0.337963 0.0260417 0.153704 0.61204
0 0.815625 0.553704 0.125 0.703704 0.615332
0 0.465625 0.336111 0.0291667 0.153704 0.615807
0 0.466667 0.334259 0.0291667 0.153704 0.619886
0 0.554167 0.312963 0.025 0.125926 0.622784
0 0.816146 0.553704 0.123958 0.696296 0.623173
0 0.616667 0.305556 0.0208333 0.0888889 0.631794
0 0.466146 0.335185 0.028125 0.151852 0.643854
0 0.554167 0.313889 0.0229167 0.124074 0.650876
0 0.553646 0.313889 0.0239583 0.124074 0.652927
0 0.270312 0.310185 0.021875 0.087037 0.654547
0 0.617708 0.30463 0.0208333 0.0944444 0.659198
0 0.616667 0.303704 0.0208333 0.0925926 0.662844
0 0.586458 0.333333 0.0291667 0.140741 0.667632
0 0.617188 0.305556 0.0197917 0.0888889 0.670041
0 0.270312 0.312037 0.0239583 0.0907407 0.670382
0 0.617188 0.305556 0.0197917 0.0888889 0.670533
0 0.270833 0.311111 0.0229167 0.0925926 0.67123
0 0.270833 0.311111 0.0229167 0.0925926 0.676104
0 0.554167 0.314815 0.0270833 0.125926 0.682905
0 0.586979 0.331481 0.028125 0.137037 0.686144
0 0.553646 0.314815 0.0260417 0.125926 0.711324
0 0.586979 0.331481 0.028125 0.137037 0.725516
0 0.941667 0.542593 0.116667 0.674074 0.730688
0 0.586979 0.332407 0.028125 0.138889 0.732189
0 0.554167 0.314815 0.025 0.125926 0.73306
0 0.554688 0.315741 0.0260417 0.127778 0.734717
0 0.554167 0.314815 0.025 0.125926 0.743811
0 0.941667 0.533333 0.116667 0.707407 0.745057
0 0.941667 0.538889 0.116667 0.662963 0.752215
0 0.586979 0.332407 0.028125 0.135185 0.762567
0 0.586458 0.334259 0.0270833 0.138889 0.763769
0 0.941667 0.531482 0.116667 0.711111 0.786788
0 0.586979 0.333333 0.0260417 0.140741 0.796325
0 0.586979 0.332407 0.0260417 0.138889 0.79678
0 0.941667 0.532407 0.116667 0.694444 0.803687
0 0.816667 0.55463 0.125 0.67963 0.809503
0 0.586458 0.332407 0.0270833 0.142593 0.822824
0 0.586458 0.332407 0.0270833 0.142593 0.827906
0 0.816146 0.556481 0.126042 0.683333 0.835167
0 0.816667 0.556481 0.125 0.683333 0.838027
0 0.816667 0.553704 0.125 0.677778 0.850119
0 0.941667 0.531482 0.116667 0.696296 0.850536
0 0.815625 0.548148 0.125 0.681481 0.853916
0 0.816146 0.549074 0.123958 0.701852 0.878386
