13 0.272396 0.792593 0.298958 0.388889 0.250294
13 0.324479 0.463889 0.0802083 0.0722222 0.252716
0 0.904167 0.563889 0.11875 0.598148 0.253164
0 0.129167 0.364815 0.0229167 0.114815 0.253538
13 0.272917 0.791667 0.3 0.390741 0.253658
0 0.490625 0.358333 0.0208333 0.087037 0.253802
0 0.129688 0.365741 0.021875 0.112963 0.257132
0 0.253125 0.337037 0.0229167 0.0555556 0.259861
13 0.240104 0.741667 0.230208 0.283333 0.261333
0 0.253125 0.337037 0.0229167 0.0555556 0.26522
0 0.383333 0.367593 0.025 0.127778 0.266666
0 0.382292 0.363889 0.0229167 0.127778 0.269449
0 0.782292 0.557407 0.102083 0.559259 0.270364
0 0.129167 0.363889 0.025 0.105556 0.271436
0 0.385938 0.361111 0.0239583 0.125926 0.27158
0 0.129688 0.365741 0.021875 0.112963 0.273356
0 0.463021 0.378704 0.034375 0.138889 0.281632
0 0.253125 0.337037 0.0229167 0.0555556 0.281633
0 0.573958 0.393519 0.0416667 0.212963 0.286508
24 0.927604 0.494444 0.0885417 0.248148 0.286529
0 0.129688 0.371296 0.0260417 0.112963 0.289748
13 0.236979 0.735185 0.223958 0.27037 0.295002
0 0.466667 0.382407 0.0291667 0.15 0.299205
24 0.927604 0.49537 0.0864583 0.246296 0.29949
13 0.321875 0.461111 0.0833333 0.0740741 0.301054
0 0.575 0.393519 0.0416667 0.212963 0.303501
0 0.284375 0.372222 0.025 0.155556 0.304014
0 0.463542 0.378704 0.0333333 0.138889 0.30434
13 0.321875 0.451852 0.0854167 0.0925926 0.305883
13 0.235417 0.735185 0.220833 0.27037 0.305977
0 0.490625 0.359259 0.0208333 0.0888889 0.305993
0 0.490104 0.356481 0.021875 0.0907407 0.306394
13 0.321875 0.450926 0.0854167 0.0944444 0.307741
0 0.416146 0.365741 0.0260417 0.127778 0.308738
13 0.321875 0.462037 0.0833333 0.0722222 0.313367
24 0.927604 0.496296 0.0864583 0.248148 0.314902
0 0.466667 0.383333 0.0291667 0.148148 0.314988
0 0.902083 0.569444 0.114583 0.583333 0.317381
24 0.928125 0.505556 0.0854167 0.251852 0.31882
0 0.575 0.393519 0.0416667 0.212963 0.318837
0 0.490625 0.359259 0.0208333 0.0888889 0.323679
0 0.384896 0.362037 0.0239583 0.135185 0.326259
0 0.385417 0.362037 0.0229167 0.135185 0.329845
13 0.322917 0.452778 0.0854167 0.0944444 0.331127
0 0.4625 0.378704 0.0395833 0.138889 0.331264
0 0.416667 0.364815 0.025 0.12963 0.34589
24 0.928125 0.506481 0.0854167 0.261111 0.353652
24 0.928125 0.503704 0.0854167 0.259259 0.360271
0 0.490104 0.357407 0.021875 0.0925926 0.362095
0 0.490104 0.357407 0.021875 0.0925926 0.364302
0 0.129688 0.37037 0.021875 0.114815 0.364608
0 0.130208 0.371296 0.0208333 0.116667 0.374865
0 0.284375 0.371296 0.025 0.142593 0.385806
0 0.415104 0.362037 0.0239583 0.124074 0.38591
0 0.780208 0.573148 0.0979167 0.605556 0.386055
0 0.284375 0.371296 0.025 0.142593 0.386472
0 0.130208 0.371296 0.0208333 0.116667 0.392397
0 0.446354 0.358333 0.0197917 0.105556 0.396706
0 0.130208 0.371296 0.025 0.112963 0.402696
0 0.894271 0.575 0.0989583 0.572222 0.407824
0 0.779688 0.574074 0.096875 0.6 0.410368
0 0.129167 0.368519 0.0270833 0.114815 0.411328
24 0.936458 0.507407 0.0708333 0.237037 0.419548
0 0.490625 0.35463 0.0229167 0.0907407 0.419968
0 0.445833 0.360185 0.0208333 0.0981481 0.42619
24 0.935938 0.508333 0.071875 0.235185 0.426953
0 0.89375 0.575926 0.1 0.577778 0.427647
0 0.129167 0.368519 0.0270833 0.114815 0.431081
13 0.241146 0.737963 0.234375 0.283333 0.43118
0 0.415104 0.362037 0.021875 0.131481 0.438211
24 0.936458 0.507407 0.0708333 0.237037 0.438572
13 0.234375 0.723148 0.220833 0.246296 0.438715
24 0.935417 0.498148 0.075 0.240741 0.447312
0 0.415104 0.361111 0.021875 0.133333 0.4517
24 0.935417 0.498148 0.075 0.240741 0.457106
0 0.445833 0.359259 0.0208333 0.103704 0.458429
13 0.233854 0.723148 0.219792 0.246296 0.463852
13 0.232812 0.724074 0.217708 0.255556 0.464983
24 0.935417 0.498148 0.075 0.240741 0.467864
0 0.445833 0.360185 0.0208333 0.101852 0.477079
0 0.490625 0.35463 0.0229167 0.0944444 0.485001
0 0.46875 0.384259 0.03125 0.15 0.491537
13 0.235417 0.725926 0.220833 0.255556 0.494474
0 0.491146 0.356481 0.021875 0.0944444 0.495581
0 0.490625 0.35463 0.0229167 0.0944444 0.49779
13 0.2375 0.723148 0.227083 0.25 0.50624
0 0.469271 0.384259 0.0302083 0.15 0.515643
13 0.233333 0.723148 0.216667 0.253704 0.51951
13 0.236979 0.724074 0.226042 0.251852 0.51987
0 0.129167 0.368519 0.025 0.114815 0.521289
13 0.234896 0.726852 0.219792 0.257407 0.523521
13 0.233333 0.723148 0.21875 0.253704 0.525629
0 0.490104 0.356481 0.021875 0.0981481 0.533485
0 0.445312 0.357407 0.0197917 0.107407 0.533966
0 0.46875 0.383333 0.03125 0.151852 0.535084
0 0.445312 0.357407 0.0197917 0.107407 0.540766
0 0.445312 0.357407 0.0197917 0.107407 0.541569
24 0.934375 0.505556 0.0791667 0.248148 0.544077
0 0.283854 0.368519 0.028125 0.148148 0.547068
0 0.576563 0.393519 0.040625 0.216667 0.54934
0 0.576563 0.392593 0.040625 0.214815 0.551122
0 0.576563 0.392593 0.040625 0.214815 0.551885
0 0.129167 0.369444 0.025 0.116667 0.562241
24 0.934375 0.50463 0.0791667 0.253704 0.563183
0 0.574479 0.390741 0.040625 0.211111 0.577998
0 0.575 0.390741 0.0416667 0.214815 0.582332
0 0.283854 0.368519 0.028125 0.148148 0.584722
0 0.894271 0.569444 0.103125 0.583333 0.599508
0 0.383333 0.367593 0.0229167 0.127778 0.600897
0 0.283854 0.368519 0.028125 0.151852 0.60164
0 0.129688 0.371296 0.0239583 0.112963 0.602847
0 0.894271 0.568519 0.103125 0.581481 0.611688
0 0.283854 0.367593 0.028125 0.146296 0.624339
0 0.575521 0.392593 0.040625 0.214815 0.629774
0 0.382812 0.365741 0.021875 0.124074 0.63403
0 0.283854 0.368519 0.028125 0.144444 0.636338
0 0.576042 0.393519 0.0395833 0.216667 0.636983
0 0.284896 0.368519 0.0260417 0.151852 0.64026
0 0.416146 0.362963 0.0239583 0.118519 0.644908
0 0.130208 0.366667 0.025 0.114815 0.648469
0 0.284375 0.368519 0.0270833 0.151852 0.648719
0 0.284375 0.368519 0.0270833 0.148148 0.653566
0 0.415625 0.364815 0.0229167 0.125926 0.654824
0 0.283333 0.365741 0.0270833 0.15 0.655391
0 0.283333 0.365741 0.0270833 0.15 0.658295
0 0.467187 0.385185 0.028125 0.148148 0.659273
0 0.382812 0.365741 0.021875 0.124074 0.665079
0 0.130208 0.367593 0.025 0.112963 0.668224
0 0.382812 0.366667 0.021875 0.125926 0.669992
0 0.416146 0.362963 0.0239583 0.118519 0.671326
0 0.382812 0.366667 0.021875 0.125926 0.672507
0 0.416667 0.365741 0.0229167 0.127778 0.674565
0 0.382292 0.365741 0.0208333 0.124074 0.674768
0 0.415625 0.362963 0.0229167 0.125926 0.674995
0 0.382812 0.365741 0.021875 0.124074 0.682636
0 0.415625 0.363889 0.0229167 0.127778 0.683354
0 0.130208 0.367593 0.025 0.112963 0.684645
0 0.383333 0.366667 0.0208333 0.125926 0.686573
0 0.415625 0.363889 0.0229167 0.116667 0.687674
0 0.467187 0.385185 0.028125 0.148148 0.700505
0 0.780729 0.57037 0.103125 0.559259 0.70268
0 0.129688 0.368519 0.0239583 0.114815 0.70456
0 0.467187 0.385185 0.028125 0.148148 0.708058
0 0.467708 0.387037 0.0270833 0.148148 0.713671
0 0.467708 0.387037 0.0270833 0.144444 0.725955
0 0.129688 0.368519 0.0239583 0.118519 0.726214
0 0.129688 0.368519 0.0239583 0.118519 0.729396
0 0.899479 0.572222 0.109375 0.581481 0.729562
0 0.129688 0.368519 0.0239583 0.118519 0.737534
0 0.896875 0.571296 0.102083 0.590741 0.74057
0 0.896875 0.572222 0.104167 0.577778 0.754061
0 0.129688 0.368519 0.0239583 0.114815 0.756146
0 0.467187 0.386111 0.0260417 0.146296 0.756233
0 0.467187 0.387037 0.0260417 0.148148 0.7606
0 0.416667 0.365741 0.0229167 0.127778 0.766796
0 0.780729 0.568519 0.103125 0.559259 0.778627
0 0.899479 0.572222 0.109375 0.581481 0.788746
0 0.575 0.393519 0.0416667 0.212963 0.798297
0 0.780729 0.574074 0.101042 0.577778 0.800354
0 0.575 0.392593 0.0416667 0.214815 0.809246
0 0.897396 0.569444 0.107292 0.575926 0.811568
0 0.575 0.392593 0.0395833 0.214815 0.828384
0 0.896875 0.568519 0.108333 0.574074 0.832012
0 0.575 0.392593 0.0395833 0.214815 0.839284
0 0.78125 0.575926 0.1 0.57037 0.840585
0 0.780729 0.577778 0.101042 0.581481 0.852569
0 0.780729 0.574074 0.101042 0.577778 0.857877
0 0.575521 0.393519 0.0427083 0.212963 0.864938
0 0.575521 0.393519 0.040625 0.212963 0.872025
0 0.575521 0.393519 0.0427083 0.212963 0.873515
0 0.575521 0.392593 0.040625 0.214815 0.876391
0 0.575521 0.393519 0.0427083 0.212963 0.877019
0 0.575521 0.392593 0.040625 0.214815 0.877716
0 0.780208 0.573148 0.1 0.57963 0.889424
0 0.780208 0.573148 0.1 0.57963 0.889497
0 0.779688 0.575926 0.101042 0.577778 0.894397
0 0.780208 0.575 0.102083 0.57963 0.903601
