0 0.279687 0.436111 0.0177083 0.087037 0.251234
13 0.446875 0.617593 0.154167 0.0944444 0.25247
13 0.309896 0.501852 0.071875 0.0592593 0.252517
28 0.832292 0.692593 0.03125 0.125926 0.252686
0 0.78125 0.585185 0.0895833 0.533333 0.254567
0 0.265104 0.451852 0.021875 0.111111 0.255676
0 0.266667 0.448148 0.0291667 0.103704 0.258493
0 0.269271 0.44537 0.0302083 0.101852 0.260352
0 0.321875 0.426852 0.0145833 0.0648148 0.261782
0 0.645833 0.425 0.01875 0.0462963 0.265127
0 0.322396 0.425926 0.015625 0.0666667 0.265193
13 0.390625 0.585185 0.15 0.0888889 0.268585
0 0.322396 0.425926 0.015625 0.0666667 0.271223
0 0.321354 0.426852 0.015625 0.0648148 0.272641
0 0.279687 0.436111 0.0177083 0.087037 0.275909
0 0.402604 0.443519 0.0239583 0.109259 0.276579
13 0.391146 0.585185 0.151042 0.0888889 0.279957
0 0.275521 0.443519 0.0239583 0.0981481 0.283297
0 0.261458 0.449074 0.01875 0.116667 0.284517
0 0.323438 0.426852 0.0135417 0.0648148 0.285041
0 0.261458 0.449074 0.0208333 0.116667 0.29556
0 0.439583 0.440741 0.025 0.107407 0.295785
0 0.26875 0.44537 0.03125 0.101852 0.298028
0 0.269792 0.44537 0.03125 0.101852 0.298692
0 0.78125 0.587037 0.0895833 0.540741 0.300911
0 0.323438 0.426852 0.0135417 0.0648148 0.302845
0 0.403125 0.441667 0.0208333 0.105556 0.303083
0 0.279167 0.440741 0.01875 0.0888889 0.3039
0 0.278646 0.439815 0.0197917 0.0907407 0.305788
0 0.645833 0.427778 0.01875 0.0518519 0.306198
0 0.261458 0.448148 0.01875 0.114815 0.309492
0 0.974479 0.450926 0.0510417 0.309259 0.309958
0 0.975 0.45 0.05 0.307407 0.310699
0 0.403125 0.441667 0.025 0.109259 0.311718
13 0.388542 0.580556 0.145833 0.0833333 0.312146
0 0.645312 0.427778 0.0197917 0.0518519 0.313017
13 0.389062 0.581481 0.146875 0.0814815 0.313571
0 0.264583 0.451852 0.0229167 0.111111 0.314103
0 0.974479 0.45 0.0510417 0.307407 0.316431
0 0.322917 0.426852 0.0145833 0.0648148 0.318671
0 0.372396 0.44537 0.0197917 0.0981481 0.322943
0 0.0135417 0.498148 0.0270833 0.188889 0.323699
0 0.645312 0.427778 0.0197917 0.0518519 0.325452
13 0.393229 0.581481 0.159375 0.0851852 0.326764
0 0.971875 0.448148 0.05625 0.318519 0.328128
0 0.279167 0.439815 0.01875 0.0907407 0.328873
0 0.440104 0.443519 0.0239583 0.109259 0.329479
0 0.0135417 0.498148 0.0270833 0.188889 0.330451
0 0.782292 0.593518 0.0895833 0.546296 0.331804
0 0.645833 0.425 0.01875 0.0462963 0.336104
0 0.440104 0.439815 0.0239583 0.105556 0.338941
0 0.322917 0.426852 0.0145833 0.0648148 0.340054
0 0.403125 0.441667 0.0208333 0.105556 0.341781
0 0.0375 0.487963 0.0375 0.187037 0.341799
13 0.388542 0.585185 0.154167 0.0925926 0.342473
0 0.403125 0.441667 0.0208333 0.109259 0.348071
0 0.645833 0.424074 0.01875 0.0481481 0.348686
0 0.782292 0.592593 0.0895833 0.540741 0.354288
0 0.645833 0.424074 0.01875 0.0481481 0.354461
0 0.0635417 0.471296 0.0270833 0.138889 0.354885
0 0.372917 0.444444 0.0208333 0.0962963 0.360356
13 0.3875 0.580556 0.15 0.0833333 0.364565
0 0.973437 0.446296 0.053125 0.318519 0.366286
0 0.372917 0.444444 0.0208333 0.1 0.371211
0 0.0380208 0.487037 0.0385417 0.188889 0.376621
0 0.372917 0.444444 0.0208333 0.0962963 0.377353
0 0.0635417 0.47037 0.0270833 0.137037 0.382284
0 0.372917 0.444444 0.0208333 0.0962963 0.38895
0 0.971354 0.448148 0.0552083 0.307407 0.393199
0 0.0604167 0.475926 0.03125 0.162963 0.39379
0 0.646354 0.427778 0.0197917 0.0555556 0.39524
0 0.645833 0.427778 0.01875 0.0555556 0.399634
0 0.971354 0.448148 0.0552083 0.311111 0.402427
0 0.0395833 0.485185 0.0395833 0.181481 0.405941
0 0.971354 0.448148 0.0552083 0.311111 0.410919
0 0.0442708 0.476852 0.0364583 0.175926 0.411473
0 0.0598958 0.475926 0.0322917 0.162963 0.413484
0 0.974479 0.44537 0.0510417 0.316667 0.42775
0 0.0442708 0.477778 0.0364583 0.177778 0.428348
0 0.0635417 0.471296 0.0270833 0.138889 0.428782
0 0.0630208 0.467593 0.0302083 0.146296 0.429643
0 0.974479 0.44537 0.0510417 0.32037 0.43682
0 0.973437 0.446296 0.053125 0.311111 0.444193
0 0.373958 0.44537 0.01875 0.101852 0.448677
0 0.974479 0.446296 0.0510417 0.318519 0.450838
0 0.0395833 0.484259 0.0395833 0.183333 0.452105
0 0.0625 0.467593 0.0291667 0.131481 0.456224
0 0.0421875 0.487037 0.0322917 0.185185 0.458961
0 0.374479 0.446296 0.0197917 0.103704 0.470831
0 0.0625 0.467593 0.0291667 0.146296 0.473708
0 0.973958 0.44537 0.0520833 0.316667 0.477416
0 0.0421875 0.486111 0.0322917 0.183333 0.479502
0 0.0421875 0.487037 0.0322917 0.181481 0.480638
0 0.373958 0.44537 0.01875 0.101852 0.481578
0 0.973958 0.44537 0.0520833 0.316667 0.483903
0 0.015625 0.49537 0.03125 0.194444 0.48641
0 0.0395833 0.484259 0.0395833 0.183333 0.495036
0 0.0151042 0.496296 0.0302083 0.192593 0.496053
0 0.973958 0.446296 0.0520833 0.314815 0.496222
0 0.0625 0.467593 0.0291667 0.146296 0.51118
0 0.401042 0.444444 0.025 0.107407 0.512143
0 0.0161458 0.49537 0.0322917 0.183333 0.521751
0 0.0151042 0.49537 0.0302083 0.190741 0.534435
0 0.0151042 0.49537 0.0302083 0.190741 0.539851
0 0.0588542 0.474074 0.034375 0.151852 0.552974
0 0.785937 0.593518 0.090625 0.542593 0.555079
0 0.059375 0.473148 0.0333333 0.15 0.565762
0 0.0588542 0.473148 0.034375 0.15 0.572218
0 0.483333 0.472222 0.0333333 0.148148 0.586917
0 0.441146 0.440741 0.021875 0.1 0.595263
0 0.0161458 0.496296 0.0322917 0.185185 0.597198
0 0.441146 0.441667 0.021875 0.101852 0.60793
0 0.04375 0.47963 0.0333333 0.181481 0.607978
0 0.483333 0.472222 0.0333333 0.151852 0.608673
0 0.785937 0.594444 0.090625 0.540741 0.611742
0 0.441146 0.441667 0.021875 0.101852 0.62006
0 0.04375 0.47963 0.0333333 0.181481 0.621234
0 0.0166667 0.490741 0.0333333 0.188889 0.642912
0 0.0166667 0.490741 0.0333333 0.188889 0.668931
0 0.0619792 0.472222 0.028125 0.159259 0.69171
0 0.0161458 0.496296 0.0322917 0.185185 0.696133
0 0.482812 0.472222 0.034375 0.155556 0.698295
0 0.0619792 0.472222 0.028125 0.155556 0.700127
0 0.0625 0.468519 0.0291667 0.137037 0.701143
0 0.441146 0.441667 0.021875 0.0981481 0.70117
0 0.0625 0.468519 0.0291667 0.137037 0.706009
0 0.482812 0.472222 0.034375 0.155556 0.713007
0 0.403125 0.442593 0.0229167 0.107407 0.713728
0 0.441146 0.441667 0.021875 0.101852 0.71779
0 0.441146 0.441667 0.021875 0.101852 0.719062
0 0.404167 0.444444 0.0208333 0.111111 0.719538
0 0.482812 0.471296 0.034375 0.153704 0.737258
0 0.404687 0.444444 0.0197917 0.111111 0.742079
0 0.404167 0.444444 0.0208333 0.111111 0.743402
0 0.403125 0.443519 0.0208333 0.109259 0.75715
0 0.440104 0.441667 0.021875 0.105556 0.76528
0 0.782812 0.592593 0.0885417 0.537037 0.765702
0 0.440625 0.442593 0.0208333 0.107407 0.767566
0 0.481771 0.473148 0.0322917 0.153704 0.769511
0 0.403125 0.443519 0.0208333 0.109259 0.77025
0 0.015625 0.497222 0.03125 0.190741 0.772279
0 0.482292 0.473148 0.0333333 0.153704 0.774706
0 0.015625 0.498148 0.03125 0.192593 0.776599
0 0.482292 0.472222 0.0333333 0.151852 0.781898
0 0.440625 0.441667 0.0208333 0.101852 0.788187
0 0.403125 0.443519 0.0208333 0.109259 0.788254
0 0.015625 0.497222 0.03125 0.194444 0.790076
0 0.403125 0.441667 0.0229167 0.109259 0.79347
0 0.482812 0.473148 0.034375 0.153704 0.795994
0 0.440104 0.439815 0.021875 0.105556 0.799575
0 0.440625 0.441667 0.0208333 0.101852 0.799874
0 0.440625 0.441667 0.0208333 0.101852 0.800682
0 0.482812 0.473148 0.034375 0.153704 0.808617
0 0.482292 0.471296 0.0333333 0.146296 0.809563
0 0.782812 0.592593 0.0885417 0.537037 0.810786
0 0.482292 0.471296 0.0333333 0.15 0.815037
0 0.784375 0.591667 0.0895833 0.546296 0.82894
0 0.785417 0.591667 0.0895833 0.542593 0.841213
0 0.482812 0.472222 0.034375 0.151852 0.850195
0 0.482292 0.472222 0.0333333 0.151852 0.851478
0 0.482292 0.472222 0.0333333 0.151852 0.855334
0 0.783333 0.587963 0.0916667 0.55 0.867438
0 0.783333 0.588889 0.0916667 0.551852 0.872468
0 0.785417 0.592593 0.0895833 0.540741 0.875256
0 0.784375 0.592593 0.0895833 0.548148 0.887362
