0 0.451042 0.348148 0.0229167 0.1 0.251392
13 0.429167 0.462037 0.04375 0.0907407 0.253074
29 0.974479 0.263889 0.0510417 0.290741 0.254453
29 0.975 0.263889 0.05 0.287037 0.254529
0 0.467708 0.35 0.01875 0.0814815 0.262707
0 0.204688 0.337037 0.0614583 0.155556 0.266862
0 0.242188 0.343519 0.021875 0.087037 0.268739
0 0.242188 0.342593 0.021875 0.0888889 0.269043
0 0.490104 0.358333 0.021875 0.12037 0.270405
0 0.620313 0.374074 0.028125 0.12963 0.271507
0 0.970312 0.639815 0.0572917 0.542593 0.272815
0 0.204688 0.337037 0.0614583 0.155556 0.275706
0 0.528646 0.332407 0.0114583 0.0537037 0.276981
0 0.242188 0.342593 0.021875 0.0888889 0.27758
0 0.620313 0.375 0.028125 0.131481 0.279787
29 0.973958 0.266667 0.0520833 0.288889 0.279815
13 0.369792 0.563889 0.10625 0.116667 0.280029
0 0.528646 0.332407 0.0114583 0.0537037 0.281712
29 0.975 0.263889 0.05 0.287037 0.284811
29 0.975 0.263889 0.05 0.287037 0.285565
29 0.974479 0.263889 0.0510417 0.290741 0.293865
29 0.974479 0.263889 0.0510417 0.290741 0.294537
13 0.428646 0.462037 0.0427083 0.087037 0.307706
13 0.429167 0.461111 0.04375 0.0851852 0.313229
13 0.428646 0.461111 0.040625 0.0851852 0.314293
0 0.467187 0.348148 0.0177083 0.0777778 0.316835
0 0.489062 0.368519 0.0239583 0.12963 0.318678
13 0.429167 0.461111 0.04375 0.0851852 0.319302
0 0.529688 0.335185 0.0135417 0.0555556 0.319335
0 0.239063 0.34537 0.021875 0.087037 0.320363
0 0.967708 0.657407 0.0645833 0.596296 0.322248
13 0.428646 0.461111 0.040625 0.0888889 0.324626
13 0.368229 0.57037 0.107292 0.125926 0.325247
13 0.429167 0.462037 0.0416667 0.087037 0.325812
0 0.970833 0.637037 0.0583333 0.592593 0.326762
0 0.239063 0.34537 0.021875 0.087037 0.327193
0 0.26875 0.342593 0.025 0.0851852 0.329133
13 0.428646 0.462037 0.040625 0.087037 0.329222
0 0.268229 0.341667 0.0260417 0.0833333 0.332534
0 0.529688 0.336111 0.0135417 0.0574074 0.332721
13 0.429167 0.461111 0.0416667 0.0888889 0.33949
0 0.968229 0.668519 0.0635417 0.57037 0.33949
0 0.26875 0.341667 0.025 0.0833333 0.342142
0 0.239063 0.34537 0.021875 0.087037 0.344952
13 0.428646 0.461111 0.0427083 0.0888889 0.345391
0 0.617708 0.374074 0.0291667 0.12963 0.346975
0 0.969271 0.648148 0.0614583 0.585185 0.347426
0 0.969792 0.649074 0.0604167 0.590741 0.348182
0 0.261979 0.340741 0.0302083 0.0851852 0.351048
0 0.577083 0.364815 0.0333333 0.155556 0.353674
0 0.452083 0.358333 0.0270833 0.112963 0.353723
0 0.448438 0.356481 0.028125 0.124074 0.356353
0 0.488021 0.364815 0.0260417 0.122222 0.363386
13 0.36875 0.574074 0.114583 0.133333 0.365057
0 0.207292 0.337963 0.0645833 0.153704 0.367859
13 0.368229 0.574074 0.113542 0.133333 0.369575
0 0.677604 0.360185 0.0177083 0.0833333 0.37049
13 0.368229 0.574074 0.113542 0.133333 0.370523
0 0.577083 0.364815 0.0333333 0.155556 0.380237
0 0.259375 0.341667 0.0229167 0.087037 0.382209
0 0.259375 0.341667 0.0229167 0.087037 0.383506
0 0.678646 0.360185 0.0177083 0.087037 0.385978
0 0.467187 0.35 0.0177083 0.0814815 0.389547
0 0.261979 0.339815 0.0260417 0.0907407 0.391806
0 0.259375 0.341667 0.0229167 0.087037 0.392497
0 0.678125 0.362963 0.0166667 0.0925926 0.394008
0 0.577083 0.364815 0.0333333 0.155556 0.394966
0 0.678125 0.362963 0.0166667 0.0925926 0.401631
0 0.448958 0.35463 0.0291667 0.112963 0.401742
0 0.467187 0.349074 0.0177083 0.0796296 0.401807
0 0.266667 0.341667 0.0270833 0.087037 0.407927
0 0.266146 0.341667 0.028125 0.087037 0.410667
0 0.488542 0.367593 0.0270833 0.127778 0.410923
0 0.269792 0.342593 0.0229167 0.0888889 0.41738
0 0.266667 0.341667 0.0270833 0.087037 0.419313
0 0.677604 0.359259 0.0177083 0.0851852 0.422672
0 0.448438 0.358333 0.028125 0.127778 0.422825
0 0.577083 0.365741 0.0333333 0.153704 0.42411
0 0.206771 0.337963 0.065625 0.153704 0.426387
0 0.967708 0.664815 0.0645833 0.581481 0.437244
0 0.678125 0.362963 0.0166667 0.0925926 0.438101
0 0.488542 0.368519 0.025 0.12963 0.442568
0 0.448958 0.355556 0.0291667 0.114815 0.446318
0 0.577083 0.365741 0.0333333 0.153704 0.452461
0 0.489062 0.367593 0.0260417 0.131481 0.458203
0 0.20625 0.338889 0.0645833 0.151852 0.459579
0 0.258333 0.340741 0.0229167 0.0888889 0.460352
0 0.4875 0.365741 0.025 0.131481 0.460608
0 0.302604 0.415741 0.065625 0.324074 0.462276
0 0.4875 0.364815 0.025 0.133333 0.463134
0 0.258333 0.340741 0.0229167 0.0888889 0.464734
0 0.450521 0.35463 0.0260417 0.109259 0.467551
0 0.258333 0.339815 0.0229167 0.087037 0.468153
0 0.617188 0.375 0.028125 0.135185 0.468365
13 0.369271 0.567593 0.109375 0.124074 0.472164
0 0.448438 0.358333 0.0260417 0.124074 0.472191
0 0.617708 0.375 0.0270833 0.135185 0.474495
0 0.618229 0.372222 0.0302083 0.12963 0.480145
13 0.369792 0.567593 0.108333 0.124074 0.481613
13 0.369271 0.568519 0.109375 0.122222 0.481917
13 0.368229 0.567593 0.107292 0.124074 0.486876
0 0.489062 0.368519 0.0239583 0.12963 0.488131
0 0.450521 0.353704 0.0260417 0.111111 0.48818
0 0.489062 0.368519 0.0239583 0.12963 0.492918
0 0.678125 0.359259 0.0166667 0.0925926 0.494841
0 0.678646 0.358333 0.015625 0.101852 0.500342
0 0.209375 0.335185 0.0625 0.148148 0.510443
0 0.450521 0.35463 0.0260417 0.109259 0.513526
0 0.677604 0.359259 0.0177083 0.0962963 0.513793
0 0.206771 0.337037 0.0635417 0.155556 0.521151
0 0.206771 0.337037 0.0635417 0.155556 0.522866
0 0.677604 0.359259 0.0177083 0.0962963 0.527473
0 0.678125 0.361111 0.0166667 0.1 0.528267
0 0.209375 0.335185 0.0645833 0.151852 0.528726
0 0.448438 0.356481 0.028125 0.116667 0.533852
13 0.369271 0.567593 0.111458 0.124074 0.537185
0 0.45 0.355556 0.0270833 0.111111 0.540229
0 0.489062 0.367593 0.0260417 0.127778 0.544433
0 0.489062 0.367593 0.0260417 0.131481 0.548208
0 0.576563 0.367593 0.0322917 0.15 0.549356
13 0.36875 0.569444 0.110417 0.124074 0.551222
13 0.369271 0.567593 0.111458 0.12037 0.554123
0 0.576563 0.367593 0.0322917 0.153704 0.555678
13 0.369271 0.568519 0.111458 0.125926 0.55926
0 0.678125 0.360185 0.0166667 0.0981481 0.564689
0 0.618229 0.373148 0.0302083 0.135185 0.565392
0 0.576563 0.367593 0.034375 0.157407 0.571758
0 0.489062 0.365741 0.0239583 0.127778 0.576994
0 0.618229 0.372222 0.0302083 0.133333 0.579295
13 0.36875 0.567593 0.110417 0.124074 0.580824
0 0.448438 0.356481 0.028125 0.116667 0.584284
0 0.576563 0.367593 0.034375 0.157407 0.58992
0 0.969271 0.655556 0.0614583 0.588889 0.596214
0 0.576563 0.367593 0.034375 0.157407 0.604232
0 0.489583 0.366667 0.0229167 0.125926 0.62185
0 0.489583 0.366667 0.0229167 0.125926 0.622632
0 0.448958 0.357407 0.0270833 0.114815 0.624
0 0.969792 0.646296 0.0604167 0.603704 0.644924
0 0.489062 0.365741 0.0239583 0.127778 0.656358
0 0.969792 0.669444 0.0604167 0.568519 0.657218
0 0.618229 0.375926 0.0302083 0.133333 0.661843
0 0.969792 0.648148 0.0604167 0.592593 0.665383
0 0.489062 0.365741 0.0239583 0.127778 0.667292
0 0.489062 0.365741 0.0239583 0.127778 0.668884
0 0.449479 0.355556 0.0260417 0.118519 0.673418
0 0.577604 0.368519 0.034375 0.155556 0.686034
0 0.304167 0.421296 0.0666667 0.342593 0.690963
0 0.489583 0.367593 0.025 0.127778 0.692937
0 0.448958 0.355556 0.0270833 0.118519 0.694853
0 0.577083 0.368519 0.0333333 0.155556 0.698085
0 0.304167 0.418519 0.0666667 0.340741 0.703633
0 0.207292 0.337037 0.0604167 0.148148 0.70684
0 0.449479 0.355556 0.0260417 0.118519 0.710614
0 0.304688 0.419444 0.065625 0.342593 0.721418
0 0.207292 0.337037 0.0604167 0.148148 0.721904
0 0.577083 0.367593 0.0333333 0.153704 0.72304
0 0.577083 0.366667 0.0333333 0.151852 0.726172
0 0.207292 0.337963 0.0604167 0.15 0.734571
0 0.617708 0.375 0.0291667 0.138889 0.739156
0 0.617708 0.375 0.0291667 0.138889 0.739603
0 0.20625 0.337963 0.0604167 0.153704 0.740218
0 0.20625 0.337963 0.0604167 0.153704 0.74805
0 0.969792 0.664815 0.0604167 0.577778 0.754494
0 0.617708 0.375 0.0291667 0.138889 0.756624
0 0.489062 0.367593 0.0239583 0.131481 0.756785
0 0.20625 0.337037 0.0604167 0.151852 0.761343
0 0.577083 0.365741 0.03125 0.153704 0.762974
0 0.577604 0.366667 0.0322917 0.155556 0.767503
0 0.577083 0.366667 0.0333333 0.155556 0.768186
0 0.618229 0.374074 0.0302083 0.137037 0.771983
0 0.576563 0.365741 0.0322917 0.153704 0.775067
0 0.618229 0.374074 0.0302083 0.137037 0.775792
0 0.617708 0.374074 0.03125 0.137037 0.784428
0 0.207813 0.335185 0.065625 0.151852 0.786284
0 0.206771 0.337963 0.0614583 0.15 0.786336
0 0.206771 0.337037 0.059375 0.151852 0.789018
0 0.207292 0.335185 0.0645833 0.151852 0.790016
0 0.577083 0.366667 0.0333333 0.155556 0.790396
0 0.617708 0.374074 0.03125 0.137037 0.791109
0 0.205729 0.338889 0.0614583 0.151852 0.793089
0 0.206771 0.337037 0.059375 0.151852 0.794958
0 0.576563 0.365741 0.0322917 0.153704 0.796288
0 0.304167 0.421296 0.0645833 0.335185 0.800247
0 0.206771 0.337037 0.059375 0.151852 0.801062
0 0.618229 0.374074 0.0302083 0.137037 0.806592
0 0.304167 0.42037 0.0645833 0.333333 0.8112
0 0.304167 0.42037 0.0645833 0.333333 0.811405
0 0.618229 0.376852 0.0302083 0.135185 0.812459
0 0.618229 0.376852 0.0302083 0.135185 0.813109
0 0.304688 0.42037 0.0635417 0.337037 0.813363
0 0.617708 0.374074 0.0291667 0.137037 0.818916
0 0.304167 0.418519 0.0645833 0.340741 0.820995
0 0.304688 0.42037 0.0614583 0.337037 0.825199
0 0.20625 0.337963 0.0625 0.153704 0.826104
0 0.304167 0.421296 0.0645833 0.342593 0.826347
0 0.304688 0.42037 0.0614583 0.333333 0.829007
0 0.304688 0.419444 0.065625 0.342593 0.836319
0 0.304688 0.418519 0.0635417 0.333333 0.877768
0 0.304688 0.419444 0.0635417 0.335185 0.880454
0 0.304167 0.418519 0.0625 0.333333 0.882152
