13 0.0526042 0.723148 0.103125 0.368519 0.250402
13 0.0526042 0.723148 0.103125 0.372222 0.254086
0 0.0416667 0.373148 0.025 0.112963 0.255933
0 0.511458 0.398148 0.04375 0.103704 0.257951
13 0.0520833 0.723148 0.104167 0.372222 0.257999
0 0.499479 0.396296 0.0260417 0.1 0.259621
0 0.946354 0.531482 0.105208 0.607407 0.259656
13 0.0520833 0.721296 0.102083 0.364815 0.26394
0 0.0130208 0.37963 0.0260417 0.107407 0.264338
26 0.975 0.443519 0.05 0.172222 0.26541
0 0.553646 0.360185 0.015625 0.0722222 0.265818
13 0.0526042 0.722222 0.103125 0.366667 0.268225
0 0.0135417 0.376852 0.025 0.109259 0.268875
0 0.5 0.396296 0.0270833 0.1 0.271981
0 0.499479 0.396296 0.0260417 0.1 0.276842
0 0.0411458 0.37037 0.0260417 0.111111 0.27947
0 0.510938 0.398148 0.0447917 0.103704 0.279605
0 0.552083 0.360185 0.0166667 0.0685185 0.280518
26 0.974479 0.443519 0.0510417 0.172222 0.283165
0 0.613542 0.387963 0.025 0.127778 0.283272
0 0.521875 0.399074 0.0291667 0.101852 0.283809
0 0.451562 0.39537 0.028125 0.138889 0.285281
0 0.525 0.399074 0.0291667 0.109259 0.287042
0 0.524479 0.399074 0.0302083 0.105556 0.287056
0 0.613542 0.387037 0.025 0.12963 0.289333
13 0.0520833 0.719444 0.102083 0.364815 0.290091
13 0.0520833 0.719444 0.102083 0.364815 0.293777
0 0.514063 0.398148 0.0364583 0.103704 0.295823
0 0.451562 0.394444 0.0260417 0.137037 0.299471
0 0.613542 0.387037 0.025 0.12963 0.301188
26 0.975 0.40463 0.05 0.246296 0.306178
0 0.552083 0.360185 0.0166667 0.0685185 0.309514
0 0.504167 0.391667 0.025 0.101852 0.314589
0 0.552604 0.360185 0.0197917 0.0685185 0.316842
26 0.974479 0.403704 0.0510417 0.248148 0.317887
26 0.973437 0.40463 0.053125 0.242593 0.319367
26 0.974479 0.405556 0.0510417 0.248148 0.320351
26 0.972917 0.403704 0.0541667 0.244444 0.324473
0 0.501042 0.396296 0.0270833 0.107407 0.325411
0 0.411458 0.387963 0.0333333 0.164815 0.328904
0 0.521875 0.399074 0.0291667 0.101852 0.329481
26 0.972917 0.40463 0.0541667 0.242593 0.331978
0 0.522396 0.399074 0.028125 0.101852 0.333381
0 0.525 0.4 0.0291667 0.107407 0.342899
0 0.553646 0.360185 0.015625 0.0685185 0.344479
0 0.504687 0.393519 0.0239583 0.101852 0.34491
0 0.525521 0.399074 0.028125 0.105556 0.346092
0 0.525 0.4 0.0291667 0.107407 0.3495
0 0.040625 0.371296 0.025 0.112963 0.357018
0 0.504167 0.392593 0.025 0.103704 0.357228
0 0.554688 0.360185 0.0177083 0.0685185 0.359553
26 0.973958 0.416667 0.0520833 0.222222 0.368793
0 0.502083 0.397222 0.0270833 0.101852 0.369732
26 0.975 0.418519 0.05 0.251852 0.372943
26 0.975 0.419444 0.05 0.253704 0.377239
26 0.975 0.419444 0.05 0.25 0.383793
0 0.411458 0.387037 0.03125 0.166667 0.384251
0 0.700521 0.388889 0.028125 0.148148 0.387911
0 0.700521 0.388889 0.028125 0.148148 0.397811
0 0.502604 0.397222 0.028125 0.101852 0.39896
0 0.411458 0.387963 0.03125 0.164815 0.401435
0 0.555208 0.358333 0.0166667 0.0685185 0.403254
0 0.413021 0.384259 0.034375 0.161111 0.404781
0 0.502604 0.398148 0.028125 0.103704 0.405503
0 0.553646 0.360185 0.0135417 0.0722222 0.410447
0 0.701042 0.385185 0.0291667 0.151852 0.412734
0 0.413021 0.385185 0.034375 0.162963 0.413144
0 0.501042 0.396296 0.025 0.103704 0.419426
26 0.973958 0.425 0.0520833 0.25 0.422846
26 0.973958 0.425 0.0520833 0.25 0.427631
0 0.701563 0.385185 0.0302083 0.151852 0.431179
0 0.0416667 0.373148 0.025 0.109259 0.431225
0 0.553646 0.360185 0.0135417 0.0685185 0.431761
0 0.0416667 0.37037 0.025 0.111111 0.433339
26 0.973958 0.425 0.0520833 0.246296 0.434214
0 0.4125 0.390741 0.03125 0.159259 0.444852
0 0.4125 0.390741 0.03125 0.159259 0.445294
0 0.413021 0.385185 0.034375 0.159259 0.445517
0 0.553646 0.360185 0.015625 0.0685185 0.446222
0 0.4125 0.390741 0.03125 0.159259 0.446978
26 0.973958 0.415741 0.0520833 0.242593 0.449073
0 0.553646 0.360185 0.015625 0.0685185 0.471492
0 0.700521 0.385185 0.0302083 0.148148 0.480766
0 0.944792 0.513889 0.104167 0.624074 0.508387
0 0.450521 0.393519 0.028125 0.146296 0.514824
0 0.945312 0.513889 0.105208 0.624074 0.515965
0 0.452083 0.392593 0.0291667 0.148148 0.547109
0 0.450521 0.393519 0.028125 0.146296 0.549287
0 0.945833 0.516667 0.10625 0.625926 0.556083
0 0.450521 0.394444 0.028125 0.144444 0.565751
0 0.452083 0.393519 0.0291667 0.146296 0.570241
0 0.0416667 0.373148 0.0229167 0.112963 0.574036
0 0.452604 0.392593 0.028125 0.148148 0.580228
0 0.700521 0.385185 0.0302083 0.151852 0.582985
0 0.614062 0.385185 0.028125 0.12963 0.602709
0 0.700521 0.384259 0.0302083 0.15 0.606113
0 0.614062 0.385185 0.028125 0.12963 0.611617
0 0.613542 0.385185 0.0270833 0.12963 0.613603
0 0.0416667 0.373148 0.0229167 0.116667 0.623375
0 0.613542 0.383333 0.0270833 0.12963 0.625726
0 0.452083 0.39537 0.0291667 0.15 0.628181
0 0.701042 0.387037 0.0291667 0.151852 0.630501
0 0.614062 0.385185 0.028125 0.133333 0.63124
0 0.451562 0.39537 0.028125 0.15 0.636474
0 0.701042 0.387037 0.0291667 0.151852 0.636726
0 0.614062 0.385185 0.028125 0.133333 0.638784
0 0.0416667 0.374074 0.0229167 0.114815 0.641846
0 0.040625 0.372222 0.0229167 0.111111 0.642441
0 0.0421875 0.375 0.021875 0.105556 0.651778
0 0.0135417 0.375926 0.0229167 0.103704 0.652116
0 0.614062 0.384259 0.028125 0.131481 0.655249
0 0.0130208 0.376852 0.021875 0.105556 0.660255
0 0.613542 0.384259 0.0291667 0.124074 0.660736
0 0.614062 0.383333 0.028125 0.125926 0.666018
0 0.0421875 0.375926 0.021875 0.111111 0.679806
0 0.0427083 0.375 0.0208333 0.109259 0.686156
0 0.701042 0.386111 0.0291667 0.15 0.687512
0 0.0416667 0.37037 0.025 0.111111 0.690278
0 0.701042 0.385185 0.0291667 0.151852 0.693086
0 0.613542 0.383333 0.0270833 0.12963 0.693559
0 0.0130208 0.378704 0.021875 0.105556 0.693706
0 0.0130208 0.376852 0.0239583 0.105556 0.69571
0 0.0135417 0.375926 0.0229167 0.107407 0.695861
0 0.4125 0.389815 0.03125 0.168519 0.704179
0 0.4125 0.388889 0.03125 0.166667 0.704195
0 0.614062 0.384259 0.028125 0.127778 0.705212
0 0.451562 0.394444 0.028125 0.148148 0.706013
0 0.0130208 0.375926 0.021875 0.107407 0.706214
0 0.411458 0.389815 0.03125 0.161111 0.707484
0 0.613542 0.385185 0.0291667 0.122222 0.707722
0 0.614062 0.385185 0.028125 0.12963 0.708884
0 0.614062 0.385185 0.028125 0.122222 0.709449
0 0.614062 0.385185 0.028125 0.125926 0.70999
0 0.0135417 0.376852 0.0229167 0.105556 0.710329
0 0.613542 0.383333 0.0270833 0.12963 0.711902
0 0.0130208 0.376852 0.021875 0.105556 0.71913
0 0.946354 0.517593 0.105208 0.631481 0.722982
0 0.411458 0.389815 0.03125 0.164815 0.723393
0 0.701042 0.387037 0.0291667 0.148148 0.735539
0 0.452083 0.39537 0.0270833 0.15 0.738615
0 0.0411458 0.373148 0.021875 0.109259 0.740005
0 0.452083 0.394444 0.0270833 0.148148 0.745189
0 0.614062 0.385185 0.028125 0.12963 0.747313
0 0.451562 0.393519 0.028125 0.146296 0.74862
0 0.451562 0.394444 0.028125 0.148148 0.75093
0 0.700521 0.387037 0.0302083 0.151852 0.754877
0 0.701042 0.387963 0.0291667 0.15 0.755978
0 0.947396 0.52037 0.105208 0.637037 0.75719
0 0.701042 0.387037 0.0291667 0.151852 0.759854
0 0.614062 0.385185 0.028125 0.12963 0.763223
0 0.0411458 0.372222 0.021875 0.111111 0.767445
0 0.0411458 0.372222 0.021875 0.111111 0.773322
0 0.4125 0.385185 0.0333333 0.166667 0.77495
0 0.701042 0.387037 0.0291667 0.148148 0.775658
0 0.4125 0.385185 0.0333333 0.162963 0.779309
0 0.451562 0.394444 0.028125 0.151852 0.787794
0 0.411979 0.384259 0.0322917 0.157407 0.791443
0 0.700521 0.387037 0.0302083 0.151852 0.796809
0 0.946354 0.519444 0.103125 0.62037 0.797084
0 0.451562 0.39537 0.0302083 0.15 0.797201
0 0.411979 0.384259 0.0322917 0.161111 0.798647
0 0.945833 0.522222 0.104167 0.637037 0.799053
0 0.946875 0.519444 0.104167 0.635185 0.804534
0 0.0416667 0.373148 0.0229167 0.109259 0.808545
0 0.413021 0.388889 0.0322917 0.162963 0.818116
0 0.413021 0.388889 0.0322917 0.162963 0.830577
0 0.413021 0.388889 0.0322917 0.162963 0.843607
0 0.945833 0.519444 0.10625 0.62037 0.857987
0 0.946875 0.518519 0.10625 0.62963 0.870722
0 0.946875 0.518519 0.10625 0.62963 0.875639
0 0.945833 0.521296 0.10625 0.627778 0.882891
