0 0.428646 0.374074 0.028125 0.122222 0.250789
13 0.407813 0.62037 0.188542 0.137037 0.260673
0 0.827083 0.394444 0.0291667 0.151852 0.261826
0 0.279167 0.386111 0.01875 0.101852 0.263554
0 0.826563 0.39537 0.028125 0.153704 0.2637
0 0.827604 0.392593 0.028125 0.151852 0.264309
0 0.827604 0.392593 0.028125 0.151852 0.269252
0 0.278646 0.386111 0.0177083 0.0981481 0.270198
13 0.408854 0.619444 0.190625 0.135185 0.27283
0 0.531771 0.402778 0.034375 0.15 0.281066
0 0.594792 0.381481 0.0354167 0.17037 0.282032
0 0.53125 0.402778 0.0333333 0.15 0.282452
0 0.827083 0.393519 0.0291667 0.153704 0.283266
0 0.827604 0.393519 0.028125 0.15 0.293667
0 0.934896 0.572222 0.126042 0.562963 0.294694
0 0.335938 0.362037 0.021875 0.0796296 0.296493
0 0.336458 0.362037 0.0229167 0.0833333 0.296583
0 0.827604 0.393519 0.028125 0.15 0.303802
0 0.529688 0.396296 0.0322917 0.162963 0.306035
0 0.592188 0.383333 0.0302083 0.17037 0.306815
0 0.935417 0.574074 0.125 0.559259 0.308096
0 0.594792 0.380556 0.0354167 0.172222 0.310522
0 0.592188 0.383333 0.0302083 0.17037 0.310533
0 0.529688 0.397222 0.0322917 0.161111 0.313416
0 0.335938 0.362963 0.021875 0.0814815 0.316798
0 0.273438 0.387963 0.0197917 0.0944444 0.316858
0 0.267188 0.385185 0.0135417 0.0925926 0.322573
0 0.469792 0.373148 0.0208333 0.116667 0.323621
0 0.469792 0.373148 0.0208333 0.112963 0.324161
0 0.429167 0.374074 0.0270833 0.122222 0.329781
0 0.266667 0.386111 0.0145833 0.0907407 0.332876
0 0.480208 0.376852 0.0333333 0.0981481 0.334047
0 0.469792 0.372222 0.0208333 0.114815 0.336645
0 0.270312 0.387037 0.0177083 0.0888889 0.343062
0 0.267188 0.385185 0.0135417 0.0925926 0.34439
0 0.429688 0.372222 0.028125 0.114815 0.364484
0 0.430208 0.372222 0.0270833 0.114815 0.367435
0 0.182292 0.396296 0.0270833 0.122222 0.370097
0 0.336458 0.37963 0.0229167 0.118519 0.379448
0 0.336979 0.37963 0.021875 0.118519 0.385533
0 0.0276042 0.436111 0.053125 0.227778 0.392406
0 0.533333 0.397222 0.0375 0.157407 0.392976
0 0.336458 0.37963 0.0208333 0.118519 0.397195
0 0.336458 0.37037 0.0229167 0.0962963 0.39753
0 0.429167 0.375 0.0270833 0.12037 0.397846
0 0.182292 0.397222 0.0270833 0.12037 0.402697
0 0.0270833 0.437037 0.0541667 0.22963 0.403595
0 0.182292 0.397222 0.0270833 0.124074 0.406294
0 0.429167 0.373148 0.0229167 0.112963 0.406928
0 0.429688 0.373148 0.021875 0.112963 0.407284
0 0.266146 0.386111 0.0135417 0.0907407 0.411056
0 0.266146 0.386111 0.0135417 0.0907407 0.416753
0 0.532812 0.397222 0.0364583 0.153704 0.416911
0 0.429167 0.373148 0.0229167 0.112963 0.426533
0 0.336458 0.378704 0.0229167 0.12037 0.428002
0 0.531771 0.394444 0.034375 0.159259 0.428844
0 0.531771 0.39537 0.034375 0.157407 0.438355
0 0.4875 0.373148 0.0229167 0.0981481 0.441877
0 0.335938 0.373148 0.021875 0.105556 0.442467
0 0.336458 0.378704 0.0229167 0.116667 0.451097
0 0.429688 0.373148 0.0260417 0.112963 0.452918
0 0.336458 0.377778 0.0229167 0.114815 0.456323
0 0.488542 0.374074 0.0229167 0.1 0.459425
0 0.488542 0.374074 0.0229167 0.1 0.468168
0 0.489583 0.373148 0.01875 0.0907407 0.47799
0 0.0276042 0.427778 0.0552083 0.225926 0.487304
0 0.469271 0.375 0.0197917 0.112963 0.487622
0 0.469271 0.375 0.0197917 0.112963 0.490299
0 0.489583 0.373148 0.01875 0.0907407 0.493854
0 0.469271 0.375 0.0197917 0.112963 0.500359
0 0.430208 0.373148 0.0270833 0.116667 0.50264
0 0.489583 0.373148 0.01875 0.0907407 0.506893
0 0.0276042 0.427778 0.0552083 0.225926 0.521173
0 0.0286458 0.437037 0.0552083 0.22963 0.540846
0 0.0286458 0.437037 0.0552083 0.22963 0.546435
0 0.469792 0.375926 0.01875 0.114815 0.556831
0 0.0286458 0.437037 0.0552083 0.22963 0.559286
0 0.430208 0.369444 0.0270833 0.109259 0.563918
0 0.489062 0.373148 0.0197917 0.0944444 0.576514
0 0.430729 0.37037 0.0260417 0.107407 0.587079
0 0.430729 0.37037 0.0260417 0.107407 0.589974
0 0.183333 0.4 0.0270833 0.122222 0.602637
0 0.470833 0.374074 0.01875 0.114815 0.608696
0 0.430208 0.372222 0.025 0.114815 0.615958
0 0.182812 0.400926 0.0260417 0.12037 0.619306
0 0.938542 0.575 0.122917 0.561111 0.634178
0 0.938542 0.575 0.122917 0.568519 0.638153
0 0.183333 0.4 0.0270833 0.122222 0.638831
0 0.489062 0.372222 0.0197917 0.0925926 0.641838
0 0.430208 0.372222 0.025 0.114815 0.645858
0 0.489062 0.371296 0.0197917 0.0944444 0.652123
0 0.489062 0.371296 0.0197917 0.0944444 0.666377
0 0.183333 0.4 0.0270833 0.122222 0.688648
0 0.429688 0.371296 0.0260417 0.116667 0.694539
0 0.430208 0.371296 0.025 0.116667 0.694885
0 0.0286458 0.433333 0.053125 0.22963 0.699155
0 0.429688 0.371296 0.0239583 0.116667 0.699506
0 0.182812 0.4 0.0260417 0.118519 0.699658
0 0.183333 0.4 0.0270833 0.122222 0.709321
0 0.938542 0.574074 0.122917 0.548148 0.720021
0 0.938542 0.575 0.122917 0.553704 0.720157
0 0.0286458 0.433333 0.053125 0.233333 0.733149
0 0.531771 0.397222 0.034375 0.161111 0.735268
0 0.53125 0.398148 0.0354167 0.162963 0.743182
0 0.0296875 0.435185 0.0552083 0.225926 0.745291
0 0.531771 0.398148 0.034375 0.162963 0.750333
0 0.0302083 0.435185 0.0541667 0.22963 0.750822
0 0.531771 0.398148 0.034375 0.162963 0.753317
0 0.53125 0.398148 0.0333333 0.162963 0.753773
0 0.183333 0.4 0.0270833 0.122222 0.758991
0 0.531771 0.397222 0.034375 0.161111 0.760036
0 0.531771 0.397222 0.034375 0.157407 0.761277
0 0.531771 0.397222 0.034375 0.161111 0.763468
0 0.531771 0.398148 0.034375 0.159259 0.766668
0 0.531771 0.397222 0.034375 0.161111 0.767107
0 0.183333 0.4 0.0270833 0.122222 0.773327
0 0.183854 0.4 0.0260417 0.122222 0.776266
0 0.531771 0.397222 0.034375 0.161111 0.776999
0 0.0286458 0.436111 0.0552083 0.227778 0.779206
0 0.0291667 0.434259 0.05625 0.231481 0.792388
0 0.183333 0.400926 0.0270833 0.12037 0.795484
0 0.028125 0.436111 0.0541667 0.227778 0.798643
0 0.028125 0.436111 0.05625 0.227778 0.800737
0 0.594271 0.384259 0.0322917 0.172222 0.802449
0 0.938021 0.577778 0.123958 0.562963 0.805053
0 0.59375 0.382407 0.03125 0.17963 0.808427
0 0.183333 0.400926 0.025 0.12037 0.809906
0 0.594271 0.383333 0.0322917 0.174074 0.810346
0 0.59375 0.381481 0.03125 0.177778 0.812008
0 0.0291667 0.434259 0.05625 0.231481 0.81892
0 0.0286458 0.437037 0.0552083 0.22963 0.819272
0 0.594271 0.384259 0.0322917 0.172222 0.823223
0 0.182812 0.4 0.0260417 0.122222 0.831799
0 0.0276042 0.437037 0.0552083 0.22963 0.832293
0 0.183333 0.399074 0.025 0.124074 0.833835
0 0.028125 0.436111 0.05625 0.227778 0.835251
0 0.182812 0.399074 0.0260417 0.124074 0.835334
0 0.594271 0.384259 0.0322917 0.172222 0.837106
0 0.594271 0.384259 0.0322917 0.172222 0.84492
0 0.938021 0.577778 0.123958 0.562963 0.846203
0 0.0291667 0.435185 0.05625 0.22963 0.846894
0 0.182812 0.399074 0.0260417 0.124074 0.849114
0 0.594271 0.383333 0.0322917 0.17037 0.860236
0 0.594271 0.384259 0.0322917 0.172222 0.861844
0 0.594271 0.384259 0.0322917 0.172222 0.862713
0 0.594271 0.384259 0.0322917 0.172222 0.863733
0 0.59375 0.384259 0.0333333 0.175926 0.86922
0 0.594271 0.383333 0.0322917 0.174074 0.872941
0 0.938021 0.576852 0.123958 0.564815 0.899736
0 0.938542 0.575926 0.122917 0.559259 0.916009
0 0.938542 0.575926 0.122917 0.559259 0.918411
0 0.938021 0.576852 0.123958 0.564815 0.918517
0 0.938542 0.575 0.122917 0.561111 0.925353
0 0.938542 0.575 0.122917 0.561111 0.928077
