28 0.0963542 0.598148 0.0385417 0.0777778 0.250453
0 0.470313 0.455556 0.034375 0.107407 0.253189
28 0.558854 0.606481 0.0447917 0.0648148 0.253598
28 0.558333 0.606481 0.0458333 0.0648148 0.254255
0 0.460417 0.461111 0.01875 0.1 0.254781
0 0.46875 0.457407 0.025 0.1 0.255839
0 0.447396 0.459259 0.015625 0.0925926 0.256465
0 0.447917 0.460185 0.0166667 0.0944444 0.260328
0 0.0338542 0.506481 0.0427083 0.187037 0.260878
0 0.0338542 0.507407 0.0427083 0.188889 0.265994
26 0.0963542 0.597222 0.0385417 0.0796296 0.266171
0 0.580208 0.491667 0.0333333 0.172222 0.268114
0 0.460417 0.461111 0.0166667 0.1 0.268139
28 0.517708 0.6 0.0541667 0.0555556 0.273063
28 0.0963542 0.598148 0.0385417 0.0777778 0.274282
0 0.580208 0.492593 0.03125 0.17037 0.275942
0 0.123958 0.536111 0.0645833 0.264815 0.28882
0 0.0807292 0.492593 0.028125 0.125926 0.291282
0 0.46875 0.456481 0.025 0.101852 0.294273
28 0.0958333 0.598148 0.0395833 0.0777778 0.294877
26 0.096875 0.598148 0.0395833 0.0777778 0.296548
28 0.0958333 0.598148 0.0395833 0.0777778 0.297198
0 0.447396 0.460185 0.015625 0.0944444 0.298784
0 0.469271 0.456481 0.0239583 0.101852 0.299406
0 0.46875 0.453704 0.0270833 0.1 0.3009
0 0.122396 0.537037 0.059375 0.259259 0.301164
0 0.122396 0.537037 0.059375 0.259259 0.308013
0 0.428125 0.450926 0.0166667 0.0833333 0.308837
0 0.427083 0.45 0.01875 0.0814815 0.309138
26 0.0958333 0.598148 0.0395833 0.0777778 0.316893
28 0.527083 0.602778 0.0791667 0.0648148 0.320562
0 0.428125 0.451852 0.0166667 0.0851852 0.324792
28 0.527083 0.602778 0.0791667 0.0648148 0.336499
0 0.46875 0.452778 0.0270833 0.101852 0.337104
0 0.0359375 0.513889 0.0385417 0.187037 0.341603
0 0.470313 0.453704 0.028125 0.1 0.350112
0 0.428125 0.450926 0.0166667 0.0833333 0.352842
0 0.0364583 0.513889 0.0375 0.187037 0.354053
0 0.447396 0.452778 0.0135417 0.0796296 0.354592
28 0.520312 0.6 0.059375 0.0592593 0.357784
28 0.522917 0.6 0.0666667 0.062963 0.35893
0 0.161458 0.499074 0.03125 0.164815 0.360628
0 0.127083 0.537037 0.0583333 0.266667 0.362052
26 0.0963542 0.597222 0.0364583 0.0796296 0.365415
0 0.161458 0.499074 0.03125 0.164815 0.370106
28 0.522917 0.6 0.0666667 0.062963 0.373382
0 0.664583 0.533333 0.0645833 0.296296 0.376749
0 0.122396 0.537037 0.059375 0.259259 0.379331
28 0.520312 0.599074 0.059375 0.0574074 0.380078
0 0.447396 0.452778 0.0135417 0.0796296 0.386298
0 0.127604 0.538889 0.0552083 0.262963 0.390969
0 0.0817708 0.506481 0.0302083 0.168519 0.39251
0 0.125 0.541667 0.0541667 0.268519 0.393183
26 0.0963542 0.598148 0.0385417 0.0777778 0.396035
0 0.122917 0.537963 0.0583333 0.268519 0.401755
28 0.535417 0.603704 0.0875 0.0666667 0.405657
28 0.534375 0.603704 0.0875 0.0666667 0.423415
0 0.0817708 0.506481 0.0302083 0.164815 0.426864
0 0.0817708 0.505556 0.0302083 0.166667 0.42928
0 0.426562 0.446296 0.015625 0.0814815 0.434977
0 0.665625 0.533333 0.0666667 0.296296 0.436053
0 0.08125 0.496296 0.0291667 0.137037 0.436646
0 0.0807292 0.497222 0.028125 0.135185 0.441996
0 0.427083 0.446296 0.0166667 0.0814815 0.446585
0 0.427083 0.448148 0.0166667 0.0814815 0.447043
0 0.666146 0.532407 0.065625 0.290741 0.473871
0 0.427604 0.449074 0.015625 0.0833333 0.474052
0 0.427604 0.449074 0.0177083 0.0833333 0.480055
0 0.427083 0.44537 0.0166667 0.0796296 0.487902
0 0.581771 0.492593 0.034375 0.17037 0.492015
0 0.58125 0.491667 0.0333333 0.168519 0.495823
0 0.583333 0.490741 0.0354167 0.159259 0.51151
0 0.427083 0.449074 0.0166667 0.0833333 0.512677
0 0.582812 0.490741 0.034375 0.159259 0.53362
0 0.08125 0.506481 0.0291667 0.161111 0.533784
0 0.48125 0.451852 0.0208333 0.103704 0.535398
0 0.126563 0.539815 0.0552083 0.264815 0.538768
0 0.126042 0.539815 0.0541667 0.264815 0.547514
0 0.0807292 0.506481 0.0302083 0.161111 0.547578
0 0.48125 0.451852 0.0208333 0.107407 0.550673
0 0.126042 0.540741 0.05625 0.262963 0.556154
0 0.480208 0.452778 0.0208333 0.101852 0.55643
0 0.159375 0.502778 0.03125 0.172222 0.557565
0 0.480729 0.451852 0.021875 0.107407 0.566214
0 0.159375 0.502778 0.03125 0.172222 0.576643
0 0.480208 0.452778 0.0208333 0.109259 0.578551
0 0.480729 0.452778 0.021875 0.109259 0.578723
0 0.08125 0.50463 0.0291667 0.157407 0.582342
0 0.127083 0.536111 0.0583333 0.261111 0.591837
0 0.08125 0.503704 0.0291667 0.159259 0.593969
0 0.480208 0.452778 0.0208333 0.105556 0.601842
0 0.480208 0.452778 0.0208333 0.105556 0.602802
0 0.08125 0.505556 0.0291667 0.162963 0.61214
0 0.126563 0.537037 0.0572917 0.262963 0.618401
0 0.0807292 0.507407 0.028125 0.166667 0.620815
0 0.08125 0.50463 0.0291667 0.157407 0.623185
0 0.665104 0.534259 0.0635417 0.294444 0.629088
0 0.0807292 0.508333 0.028125 0.164815 0.634357
0 0.126042 0.537037 0.0583333 0.262963 0.640476
0 0.124479 0.539815 0.059375 0.268519 0.641104
0 0.160938 0.502778 0.0302083 0.164815 0.642476
0 0.160938 0.501852 0.0302083 0.166667 0.644759
0 0.124479 0.537037 0.059375 0.262963 0.650864
0 0.664583 0.534259 0.0625 0.294444 0.66912
0 0.124479 0.539815 0.059375 0.268519 0.672093
0 0.160938 0.503704 0.0302083 0.17037 0.673791
0 0.160417 0.502778 0.03125 0.172222 0.681739
0 0.160417 0.502778 0.03125 0.172222 0.69354
0 0.160938 0.503704 0.0302083 0.17037 0.69537
0 0.160417 0.502778 0.03125 0.175926 0.69584
0 0.0348958 0.511111 0.040625 0.185185 0.696585
0 0.0348958 0.511111 0.040625 0.185185 0.697242
0 0.124479 0.538889 0.059375 0.27037 0.698187
0 0.664583 0.534259 0.0625 0.294444 0.699264
0 0.0348958 0.511111 0.040625 0.185185 0.699485
0 0.666146 0.532407 0.0614583 0.298148 0.708181
0 0.159896 0.503704 0.0302083 0.17037 0.716767
0 0.159896 0.502778 0.0302083 0.172222 0.727301
0 0.664583 0.530556 0.05625 0.312963 0.732674
0 0.160938 0.502778 0.0302083 0.172222 0.733509
0 0.666146 0.532407 0.0614583 0.298148 0.734099
0 0.0348958 0.511111 0.0427083 0.188889 0.738226
0 0.582812 0.491667 0.034375 0.161111 0.744948
0 0.123958 0.537037 0.0604167 0.262963 0.748576
0 0.0354167 0.511111 0.0416667 0.188889 0.760281
0 0.126563 0.538889 0.0572917 0.266667 0.761739
0 0.582812 0.491667 0.034375 0.161111 0.765996
0 0.582812 0.491667 0.034375 0.161111 0.770896
0 0.582812 0.491667 0.034375 0.161111 0.771211
0 0.123958 0.537037 0.0583333 0.27037 0.771545
0 0.664583 0.533333 0.0604167 0.296296 0.777908
0 0.0354167 0.512037 0.0416667 0.190741 0.77883
0 0.582812 0.491667 0.034375 0.164815 0.779483
0 0.666146 0.532407 0.0614583 0.298148 0.782628
0 0.582812 0.490741 0.034375 0.166667 0.784278
0 0.034375 0.511111 0.0416667 0.188889 0.789604
0 0.0348958 0.510185 0.040625 0.190741 0.791506
0 0.582812 0.491667 0.034375 0.161111 0.792163
0 0.0354167 0.511111 0.0416667 0.185185 0.793321
0 0.665104 0.531482 0.059375 0.3 0.794664
0 0.665104 0.531482 0.059375 0.3 0.80687
0 0.582812 0.490741 0.034375 0.162963 0.807835
0 0.665104 0.531482 0.059375 0.3 0.808244
0 0.0354167 0.512037 0.0395833 0.187037 0.808275
0 0.0354167 0.512037 0.0395833 0.187037 0.815399
0 0.582812 0.491667 0.034375 0.161111 0.81716
0 0.665625 0.533333 0.0625 0.292593 0.821007
0 0.665104 0.534259 0.0614583 0.294444 0.821524
0 0.582812 0.490741 0.034375 0.159259 0.822542
0 0.664583 0.534259 0.05625 0.312963 0.827904
0 0.582812 0.490741 0.034375 0.159259 0.828381
0 0.0348958 0.511111 0.0385417 0.188889 0.84613
0 0.0348958 0.510185 0.0385417 0.190741 0.851739
