0 0.488542 0.447222 0.0270833 0.146296 0.251495
2 0.0729167 0.521296 0.145833 0.390741 0.251532
0 0.763542 0.473148 0.03125 0.153704 0.25436
0 0.763542 0.472222 0.03125 0.155556 0.254614
28 0.6625 0.561111 0.0645833 0.0592593 0.257115
28 0.659896 0.561111 0.0572917 0.0555556 0.261425
0 0.763542 0.472222 0.03125 0.155556 0.261449
0 0.35 0.480556 0.0375 0.175926 0.262796
2 0.0708333 0.530556 0.141667 0.383333 0.27053
0 0.761979 0.472222 0.0322917 0.137037 0.270818
28 0.6625 0.561111 0.0625 0.0592593 0.271761
2 0.0708333 0.530556 0.141667 0.383333 0.271906
28 0.659896 0.561111 0.0572917 0.0555556 0.274578
0 0.351042 0.480556 0.0375 0.175926 0.281515
2 0.0708333 0.530556 0.141667 0.383333 0.284704
2 0.0734375 0.52037 0.146875 0.392593 0.292435
0 0.490104 0.439815 0.028125 0.127778 0.298165
0 0.567187 0.42963 0.015625 0.0740741 0.303597
0 0.490625 0.439815 0.0270833 0.127778 0.304088
0 0.342187 0.484259 0.059375 0.17963 0.305327
0 0.617708 0.441667 0.0375 0.0907407 0.307287
0 0.236979 0.482407 0.034375 0.161111 0.314535
0 0.488021 0.440741 0.0260417 0.133333 0.315962
0 0.569271 0.430556 0.015625 0.0796296 0.317454
0 0.2375 0.482407 0.0333333 0.164815 0.319132
0 0.489062 0.435185 0.0302083 0.122222 0.319535
0 0.488021 0.440741 0.0260417 0.133333 0.32686
0 0.319271 0.481481 0.0322917 0.166667 0.333622
0 0.569271 0.430556 0.015625 0.0759259 0.337695
0 0.40625 0.430556 0.0125 0.0648148 0.343965
0 0.319792 0.481481 0.03125 0.162963 0.348162
0 0.322917 0.476852 0.0270833 0.164815 0.355159
0 0.322917 0.476852 0.0270833 0.164815 0.355226
0 0.40625 0.431481 0.0125 0.062963 0.355914
0 0.40625 0.42963 0.0125 0.062963 0.376814
0 0.40625 0.42963 0.0125 0.062963 0.379015
0 0.56875 0.431481 0.0145833 0.0777778 0.380397
0 0.760938 0.476852 0.0322917 0.15 0.383912
0 0.354167 0.481481 0.0395833 0.181481 0.387202
0 0.606771 0.444444 0.0197917 0.0925926 0.388942
0 0.345313 0.484259 0.053125 0.17963 0.389517
0 0.56875 0.431481 0.0145833 0.0740741 0.393451
0 0.760938 0.476852 0.0302083 0.15 0.398173
0 0.31875 0.480556 0.03125 0.164815 0.401191
0 0.569271 0.430556 0.0135417 0.0796296 0.403901
0 0.354167 0.482407 0.0395833 0.17963 0.405505
0 0.600521 0.442593 0.0177083 0.0925926 0.411832
0 0.345313 0.483333 0.053125 0.181481 0.41392
0 0.6 0.443519 0.0166667 0.0907407 0.417249
0 0.56875 0.431481 0.0145833 0.0740741 0.429382
0 0.325 0.483333 0.0333333 0.174074 0.431922
0 0.569271 0.42963 0.015625 0.0777778 0.434619
0 0.325 0.483333 0.0333333 0.174074 0.445591
0 0.608333 0.444444 0.0208333 0.0888889 0.449914
0 0.625 0.440741 0.025 0.0925926 0.464122
0 0.600521 0.442593 0.0177083 0.0925926 0.466232
0 0.624479 0.440741 0.0260417 0.0925926 0.470706
0 0.608333 0.444444 0.0208333 0.0888889 0.476415
0 0.296354 0.481481 0.028125 0.162963 0.478329
0 0.608333 0.444444 0.0208333 0.0888889 0.479778
0 0.624479 0.440741 0.0260417 0.0925926 0.483872
0 0.320833 0.477778 0.0333333 0.166667 0.487059
0 0.295833 0.481481 0.0291667 0.162963 0.490536
0 0.319792 0.476852 0.0333333 0.164815 0.49277
0 0.278125 0.482407 0.0270833 0.161111 0.499303
0 0.627604 0.439815 0.0197917 0.0944444 0.501224
0 0.729688 0.47963 0.040625 0.211111 0.501947
0 0.278125 0.481481 0.0270833 0.159259 0.509136
0 0.299479 0.480556 0.028125 0.168519 0.513628
0 0.299479 0.480556 0.028125 0.168519 0.518568
0 0.728125 0.484259 0.0375 0.216667 0.527743
0 0.729167 0.480556 0.0416667 0.212963 0.530396
0 0.280729 0.481481 0.0322917 0.155556 0.532121
0 0.320833 0.476852 0.0333333 0.164815 0.533959
0 0.278646 0.482407 0.0302083 0.161111 0.535155
0 0.627083 0.439815 0.01875 0.0944444 0.535165
0 0.627083 0.439815 0.01875 0.0944444 0.539675
0 0.235938 0.483333 0.034375 0.159259 0.544566
0 0.278646 0.483333 0.0302083 0.162963 0.548094
0 0.278125 0.482407 0.0291667 0.153704 0.548615
0 0.280729 0.481481 0.0322917 0.155556 0.550631
0 0.728125 0.484259 0.0375 0.216667 0.552106
0 0.236458 0.483333 0.0354167 0.159259 0.555788
0 0.280729 0.483333 0.0302083 0.155556 0.561246
0 0.235417 0.482407 0.0354167 0.161111 0.562215
0 0.729167 0.480556 0.0416667 0.212963 0.562664
0 0.236458 0.483333 0.0354167 0.159259 0.564369
0 0.278125 0.481481 0.0291667 0.151852 0.573895
0 0.728125 0.484259 0.0375 0.216667 0.575227
0 0.235417 0.482407 0.0354167 0.161111 0.576664
0 0.728646 0.483333 0.0447917 0.222222 0.576792
0 0.760417 0.475 0.03125 0.172222 0.578917
0 0.627083 0.439815 0.01875 0.0944444 0.581489
0 0.728646 0.483333 0.0427083 0.222222 0.582828
0 0.760417 0.474074 0.03125 0.17037 0.584575
0 0.278125 0.482407 0.0291667 0.153704 0.587009
0 0.280729 0.482407 0.0302083 0.153704 0.590706
2 0.0723958 0.509259 0.142708 0.362963 0.60018
0 0.728125 0.480556 0.0395833 0.212963 0.60152
0 0.321875 0.478704 0.0270833 0.164815 0.60877
0 0.321875 0.478704 0.0270833 0.164815 0.608862
0 0.728125 0.480556 0.0395833 0.209259 0.610704
2 0.0723958 0.509259 0.142708 0.362963 0.61405
2 0.0723958 0.509259 0.142708 0.366667 0.61604
0 0.280208 0.482407 0.03125 0.157407 0.617466
0 0.280729 0.482407 0.0302083 0.153704 0.619788
0 0.352604 0.484259 0.040625 0.183333 0.622789
0 0.322396 0.47963 0.028125 0.166667 0.637512
0 0.353125 0.486111 0.0416667 0.183333 0.637993
0 0.761979 0.471296 0.0322917 0.146296 0.638102
0 0.353125 0.486111 0.0416667 0.183333 0.64304
0 0.626562 0.440741 0.0197917 0.0925926 0.646784
0 0.627083 0.437963 0.01875 0.0944444 0.64812
0 0.322396 0.480556 0.028125 0.168519 0.648543
0 0.761979 0.472222 0.0322917 0.148148 0.649647
0 0.353125 0.486111 0.0416667 0.183333 0.650086
0 0.352604 0.484259 0.040625 0.183333 0.663899
0 0.627083 0.438889 0.01875 0.0962963 0.671227
0 0.627083 0.438889 0.01875 0.0962963 0.674152
0 0.351042 0.486111 0.0395833 0.175926 0.674995
0 0.761979 0.471296 0.0322917 0.146296 0.675153
0 0.351562 0.487037 0.0385417 0.177778 0.69369
0 0.352604 0.484259 0.040625 0.183333 0.703043
0 0.761458 0.472222 0.0333333 0.144444 0.706301
0 0.761979 0.471296 0.0322917 0.146296 0.706345
0 0.279167 0.482407 0.0291667 0.161111 0.71074
0 0.279167 0.482407 0.0291667 0.161111 0.717441
0 0.352083 0.486111 0.0416667 0.17963 0.726445
2 0.071875 0.524074 0.14375 0.385185 0.733877
0 0.761979 0.474074 0.0322917 0.155556 0.737013
0 0.352083 0.487037 0.0416667 0.181481 0.737115
2 0.071875 0.52037 0.14375 0.388889 0.737141
2 0.071875 0.525 0.14375 0.387037 0.737835
2 0.071875 0.52037 0.14375 0.388889 0.740338
0 0.728125 0.483333 0.0395833 0.222222 0.748375
0 0.761458 0.474074 0.0333333 0.155556 0.748616
2 0.0723958 0.517593 0.142708 0.368519 0.753235
0 0.760938 0.472222 0.0322917 0.151852 0.754179
0 0.760938 0.472222 0.0322917 0.155556 0.754214
2 0.0723958 0.518519 0.142708 0.37037 0.754383
0 0.761979 0.474074 0.0322917 0.155556 0.761788
2 0.0723958 0.517593 0.142708 0.372222 0.764091
2 0.071875 0.521296 0.141667 0.383333 0.771024
0 0.728125 0.483333 0.0395833 0.222222 0.772193
2 0.0713542 0.52037 0.142708 0.381481 0.773818
0 0.728125 0.483333 0.0395833 0.222222 0.774946
2 0.071875 0.52037 0.141667 0.385185 0.775837
0 0.729167 0.483333 0.0395833 0.214815 0.784092
2 0.071875 0.522222 0.141667 0.385185 0.784264
2 0.0713542 0.521296 0.142708 0.387037 0.788951
0 0.729167 0.482407 0.0395833 0.216667 0.798404
0 0.236979 0.483333 0.034375 0.159259 0.800207
0 0.236979 0.483333 0.034375 0.159259 0.803641
0 0.236979 0.483333 0.034375 0.159259 0.805217
0 0.236979 0.483333 0.034375 0.162963 0.814302
0 0.236979 0.483333 0.034375 0.162963 0.831831
0 0.236979 0.482407 0.034375 0.161111 0.849877
0 0.236979 0.484259 0.034375 0.168519 0.862429
0 0.236979 0.484259 0.034375 0.164815 0.863496
0 0.236979 0.484259 0.034375 0.164815 0.870622
0 0.236979 0.484259 0.034375 0.168519 0.875856
