0 0.454167 0.383333 0.0270833 0.144444 0.25166
26 0.816667 0.572222 0.0479167 0.151852 0.254267
0 0.533333 0.410185 0.03125 0.142593 0.255593
0 0.467187 0.391667 0.053125 0.131481 0.256368
13 0.307813 0.461111 0.103125 0.133333 0.256686
0 0.522396 0.397222 0.021875 0.124074 0.25848
13 0.307292 0.462037 0.102083 0.135185 0.259253
0 0.521354 0.389815 0.0177083 0.109259 0.25928
24 0.917708 0.568519 0.1125 0.296296 0.261903
0 0.339583 0.401852 0.025 0.137037 0.26298
26 0.816667 0.571296 0.0458333 0.153704 0.267718
0 0.469792 0.391667 0.0520833 0.131481 0.269493
0 0.925 0.634259 0.135417 0.631481 0.269835
26 0.816667 0.572222 0.0458333 0.155556 0.271912
13 0.296875 0.468519 0.09375 0.140741 0.275173
0 0.453125 0.389815 0.0270833 0.142593 0.27686
13 0.296354 0.467593 0.0927083 0.142593 0.282147
13 0.296875 0.466667 0.0916667 0.140741 0.282449
0 0.574479 0.393519 0.0260417 0.109259 0.287633
0 0.128125 0.376852 0.025 0.105556 0.288867
0 0.257812 0.384259 0.0197917 0.0981481 0.29053
13 0.347917 0.472222 0.177083 0.162963 0.293973
0 0.275521 0.361111 0.021875 0.0703704 0.295553
0 0.126042 0.378704 0.025 0.101852 0.2979
24 0.928125 0.611111 0.133333 0.492593 0.299045
0 0.469792 0.390741 0.0520833 0.133333 0.302558
0 0.274479 0.362037 0.021875 0.0722222 0.304642
0 0.126563 0.378704 0.0239583 0.101852 0.308275
0 0.532292 0.411111 0.03125 0.144444 0.308911
0 0.126563 0.378704 0.0239583 0.101852 0.308989
0 0.270312 0.365741 0.0239583 0.0685185 0.311214
0 0.274479 0.362037 0.021875 0.0722222 0.316451
0 0.256771 0.388889 0.015625 0.0888889 0.322498
24 0.928125 0.605556 0.133333 0.459259 0.32357
0 0.274479 0.362037 0.021875 0.0722222 0.326635
0 0.222396 0.390741 0.0239583 0.114815 0.328758
0 0.521875 0.391667 0.01875 0.112963 0.331563
0 0.223438 0.385185 0.0239583 0.107407 0.332495
0 0.521875 0.391667 0.01875 0.112963 0.333814
0 0.925521 0.631481 0.136458 0.640741 0.334622
13 0.351562 0.476852 0.173958 0.127778 0.335105
0 0.926562 0.606481 0.138542 0.605556 0.335875
0 0.256771 0.388889 0.015625 0.0925926 0.335968
0 0.274479 0.360185 0.021875 0.0722222 0.339362
13 0.336979 0.471296 0.163542 0.164815 0.339431
0 0.274479 0.360185 0.021875 0.0722222 0.343338
24 0.960417 0.571296 0.0729167 0.257407 0.34396
13 0.351562 0.475926 0.173958 0.137037 0.344305
24 0.959896 0.571296 0.0739583 0.253704 0.344339
0 0.452604 0.388889 0.0260417 0.133333 0.346449
0 0.696354 0.437037 0.0489583 0.266667 0.347262
0 0.532812 0.412037 0.034375 0.15 0.34803
24 0.960417 0.571296 0.0729167 0.257407 0.352117
0 0.532812 0.411111 0.034375 0.148148 0.353765
0 0.274479 0.361111 0.021875 0.0703704 0.357286
0 0.338542 0.399074 0.025 0.131481 0.360047
0 0.521875 0.392593 0.01875 0.111111 0.360614
0 0.127604 0.378704 0.0239583 0.0981481 0.361735
0 0.339583 0.409259 0.025 0.118519 0.36527
0 0.25625 0.391667 0.0166667 0.0981481 0.366108
0 0.338542 0.399074 0.0291667 0.142593 0.366216
0 0.453125 0.388889 0.0270833 0.140741 0.368764
0 0.255729 0.391667 0.015625 0.0981481 0.370302
0 0.127604 0.37963 0.0239583 0.1 0.370351
0 0.923437 0.628704 0.132292 0.646296 0.374903
0 0.127604 0.37963 0.0239583 0.1 0.375342
0 0.256771 0.389815 0.015625 0.0907407 0.375368
0 0.128646 0.375926 0.0239583 0.107407 0.376457
13 0.334896 0.47037 0.161458 0.159259 0.377949
0 0.340104 0.409259 0.0239583 0.122222 0.382817
13 0.351562 0.476852 0.173958 0.127778 0.382892
0 0.482812 0.393519 0.0260417 0.127778 0.383256
0 0.485417 0.391667 0.0291667 0.127778 0.386411
24 0.945833 0.563889 0.1 0.27963 0.386676
0 0.339583 0.409259 0.025 0.122222 0.387347
0 0.575521 0.391667 0.021875 0.101852 0.392122
13 0.310417 0.468519 0.110417 0.148148 0.394419
0 0.483333 0.394444 0.0291667 0.12963 0.39563
13 0.309896 0.468519 0.109375 0.148148 0.395638
13 0.302604 0.464815 0.105208 0.140741 0.397886
13 0.309896 0.468519 0.111458 0.148148 0.399177
24 0.945833 0.563889 0.1 0.283333 0.4028
13 0.341667 0.474074 0.16875 0.151852 0.402847
24 0.954687 0.564815 0.0864583 0.262963 0.40521
0 0.484896 0.391667 0.028125 0.127778 0.406094
0 0.485417 0.391667 0.0270833 0.127778 0.408362
0 0.255729 0.391667 0.015625 0.0981481 0.409384
0 0.483333 0.393519 0.0291667 0.131481 0.409399
24 0.946354 0.562963 0.0989583 0.277778 0.41441
0 0.540625 0.411111 0.025 0.148148 0.414615
0 0.541667 0.412037 0.0229167 0.15 0.418964
13 0.336458 0.47037 0.1625 0.151852 0.424082
0 0.575521 0.391667 0.021875 0.101852 0.427506
0 0.575521 0.391667 0.021875 0.101852 0.427634
0 0.453646 0.389815 0.0260417 0.142593 0.427851
0 0.338021 0.405556 0.0239583 0.12963 0.434481
13 0.343229 0.472222 0.171875 0.155556 0.436832
13 0.342708 0.473148 0.170833 0.15 0.44012
0 0.453125 0.389815 0.0229167 0.131481 0.441622
24 0.955208 0.565741 0.0833333 0.264815 0.44291
0 0.224479 0.389815 0.0260417 0.12037 0.445958
0 0.922396 0.627778 0.132292 0.640741 0.446175
0 0.338542 0.398148 0.0291667 0.140741 0.447563
0 0.926562 0.612037 0.142708 0.627778 0.448981
13 0.35 0.472222 0.172917 0.140741 0.449895
0 0.69375 0.443519 0.0541667 0.275926 0.452216
0 0.482812 0.393519 0.0260417 0.127778 0.457567
0 0.224479 0.389815 0.0260417 0.124074 0.459267
0 0.482812 0.393519 0.0260417 0.127778 0.460942
0 0.482812 0.393519 0.028125 0.127778 0.461293
0 0.483333 0.394444 0.0270833 0.12963 0.466538
0 0.224479 0.388889 0.0260417 0.122222 0.467348
0 0.223958 0.389815 0.0270833 0.116667 0.470954
0 0.339063 0.401852 0.0239583 0.12963 0.471145
0 0.223958 0.387963 0.0270833 0.116667 0.475138
0 0.694792 0.449074 0.05 0.298148 0.476046
0 0.482812 0.391667 0.0260417 0.131481 0.492903
0 0.694792 0.443519 0.0541667 0.275926 0.496876
0 0.483854 0.393519 0.028125 0.127778 0.496885
0 0.453125 0.389815 0.0229167 0.135185 0.498061
0 0.574479 0.389815 0.021875 0.101852 0.501802
0 0.770312 0.625 0.126042 0.62037 0.509051
0 0.535937 0.412037 0.0322917 0.15 0.51683
0 0.453646 0.389815 0.0239583 0.135185 0.51943
0 0.920313 0.616667 0.123958 0.637037 0.521817
13 0.336979 0.467593 0.165625 0.15 0.527214
0 0.920313 0.628704 0.128125 0.638889 0.530861
0 0.574479 0.389815 0.021875 0.101852 0.53348
0 0.574479 0.389815 0.021875 0.101852 0.533697
0 0.694271 0.443519 0.053125 0.272222 0.537643
0 0.91875 0.62963 0.122917 0.648148 0.54414
0 0.536458 0.412037 0.0333333 0.15 0.544836
0 0.483333 0.394444 0.0270833 0.12963 0.547974
0 0.768229 0.616667 0.121875 0.607407 0.550047
0 0.452604 0.388889 0.0260417 0.140741 0.555434
0 0.339063 0.398148 0.0260417 0.140741 0.556214
0 0.225 0.387963 0.025 0.116667 0.557275
0 0.919271 0.627778 0.130208 0.637037 0.561595
0 0.452604 0.388889 0.0260417 0.140741 0.562087
0 0.339063 0.4 0.0239583 0.140741 0.568164
0 0.339063 0.399074 0.0239583 0.142593 0.573415
0 0.223958 0.387963 0.0270833 0.116667 0.573897
0 0.225 0.387963 0.025 0.116667 0.574228
0 0.535937 0.413889 0.0322917 0.15 0.576351
0 0.918229 0.628704 0.123958 0.646296 0.578007
0 0.339063 0.399074 0.0239583 0.138889 0.581093
0 0.223958 0.388889 0.025 0.114815 0.583516
0 0.339063 0.399074 0.0239583 0.138889 0.585395
0 0.225 0.387037 0.025 0.114815 0.588277
0 0.5375 0.412963 0.0270833 0.148148 0.589915
0 0.482812 0.391667 0.0260417 0.131481 0.5938
0 0.5375 0.412037 0.0270833 0.146296 0.596093
0 0.920313 0.621296 0.128125 0.624074 0.599258
0 0.482812 0.391667 0.0260417 0.131481 0.599664
0 0.768229 0.617593 0.123958 0.594444 0.602665
0 0.223438 0.388889 0.0239583 0.118519 0.606481
0 0.223438 0.387037 0.0239583 0.111111 0.614716
0 0.575 0.394444 0.0208333 0.103704 0.624429
0 0.575 0.393519 0.0208333 0.105556 0.628959
0 0.223958 0.387963 0.025 0.12037 0.630243
0 0.696875 0.44537 0.0479167 0.275926 0.639156
0 0.5375 0.412963 0.03125 0.148148 0.639218
0 0.223958 0.387963 0.025 0.12037 0.646998
0 0.223438 0.387037 0.0239583 0.111111 0.649081
0 0.573958 0.394444 0.0208333 0.107407 0.652405
0 0.575 0.394444 0.0208333 0.103704 0.652465
0 0.769792 0.625926 0.125 0.618519 0.654232
0 0.696875 0.44537 0.0541667 0.283333 0.65456
0 0.575 0.393519 0.0229167 0.105556 0.655291
0 0.575 0.394444 0.0208333 0.103704 0.659326
0 0.535937 0.412037 0.028125 0.153704 0.665706
0 0.535937 0.412037 0.028125 0.15 0.667632
0 0.575521 0.393519 0.021875 0.105556 0.668216
0 0.224479 0.388889 0.0260417 0.114815 0.669885
0 0.223438 0.387037 0.0239583 0.111111 0.67755
0 0.5375 0.412037 0.03125 0.15 0.678758
0 0.538021 0.412963 0.0302083 0.148148 0.697556
0 0.695312 0.444444 0.0510417 0.277778 0.702136
0 0.574479 0.394444 0.021875 0.107407 0.723371
0 0.695312 0.444444 0.053125 0.277778 0.723627
0 0.767187 0.626852 0.121875 0.624074 0.743239
0 0.223438 0.388889 0.0239583 0.114815 0.747896
0 0.767187 0.625 0.121875 0.624074 0.766382
0 0.695833 0.444444 0.05 0.281481 0.795469
0 0.695833 0.443519 0.05 0.27963 0.800796
0 0.695833 0.444444 0.05 0.281481 0.804026
0 0.695833 0.446296 0.05 0.281481 0.809146
0 0.767187 0.632407 0.123958 0.627778 0.813169
0 0.767187 0.631481 0.123958 0.62963 0.814014
0 0.769271 0.631481 0.126042 0.62963 0.819646
0 0.76875 0.621296 0.127083 0.638889 0.84168
0 0.695833 0.444444 0.05 0.285185 0.844941
0 0.695833 0.443519 0.05 0.283333 0.846959
0 0.695833 0.444444 0.05 0.285185 0.849076
0 0.76875 0.631481 0.125 0.62963 0.854868
0 0.76875 0.624074 0.127083 0.637037 0.900487
