0 0.300521 0.326852 0.034375 0.0981481 0.251819
0 0.300521 0.326852 0.034375 0.0981481 0.252291
0 0.485938 0.332407 0.0197917 0.087037 0.252903
0 0.380729 0.321296 0.015625 0.0574074 0.257186
0 0.473437 0.348148 0.0385417 0.140741 0.266285
0 0.4875 0.333333 0.01875 0.0814815 0.275052
0 0.4875 0.333333 0.01875 0.0814815 0.275061
0 0.380729 0.32037 0.015625 0.0555556 0.280792
0 0.380208 0.319444 0.0145833 0.0611111 0.283887
0 0.467187 0.346296 0.0260417 0.137037 0.292372
0 0.379687 0.318519 0.015625 0.0592593 0.297612
0 0.63125 0.361111 0.0291667 0.17037 0.31006
0 0.631771 0.361111 0.0302083 0.17037 0.316195
0 0.632292 0.360185 0.03125 0.164815 0.32352
0 0.466667 0.349074 0.0270833 0.157407 0.324939
0 0.467187 0.349074 0.028125 0.157407 0.330367
0 0.632292 0.359259 0.03125 0.162963 0.343143
0 0.630729 0.360185 0.028125 0.161111 0.406613
0 0.467187 0.347222 0.028125 0.131481 0.434874
0 0.296354 0.326852 0.0322917 0.0981481 0.44778
0 0.509896 0.351852 0.028125 0.133333 0.456858
0 0.642187 0.356481 0.0302083 0.15 0.458688
0 0.296354 0.326852 0.0322917 0.0981481 0.471467
0 0.296354 0.326852 0.0322917 0.0981481 0.473462
0 0.507292 0.350926 0.0270833 0.142593 0.47469
0 0.507292 0.351852 0.0270833 0.140741 0.488233
0 0.642187 0.356481 0.0302083 0.146296 0.506805
0 0.202604 0.381481 0.0885417 0.311111 0.517944
0 0.201562 0.381481 0.0885417 0.311111 0.539263
0 0.508854 0.351852 0.028125 0.133333 0.541473
0 0.203125 0.381481 0.0875 0.311111 0.54646
0 0.338542 0.318519 0.0208333 0.0814815 0.556542
0 0.203125 0.381481 0.0875 0.307407 0.561996
0 0.339063 0.317593 0.021875 0.0796296 0.568
0 0.638021 0.359259 0.0385417 0.162963 0.57001
0 0.339063 0.317593 0.021875 0.0796296 0.575266
0 0.202604 0.381481 0.0864583 0.307407 0.577657
0 0.467187 0.348148 0.028125 0.151852 0.577949
0 0.64375 0.356481 0.0270833 0.146296 0.586548
0 0.6375 0.360185 0.0375 0.161111 0.596674
0 0.467187 0.348148 0.028125 0.151852 0.607164
0 0.201042 0.380556 0.0875 0.316667 0.607774
0 0.467187 0.348148 0.028125 0.151852 0.609983
0 0.339583 0.318519 0.01875 0.0777778 0.615749
0 0.6375 0.359259 0.0375 0.162963 0.636151
0 0.339583 0.317593 0.01875 0.0759259 0.641046
0 0.638542 0.362037 0.0375 0.161111 0.646734
0 0.638021 0.362037 0.0364583 0.161111 0.646929
0 0.508854 0.352778 0.0302083 0.131481 0.647579
0 0.508333 0.352778 0.0291667 0.131481 0.64846
0 0.339583 0.317593 0.01875 0.0759259 0.651801
0 0.297396 0.330556 0.0322917 0.101852 0.659319
0 0.638021 0.362037 0.0364583 0.161111 0.661399
0 0.508854 0.352778 0.0302083 0.131481 0.662339
0 0.509896 0.352778 0.028125 0.135185 0.665401
0 0.296875 0.32963 0.03125 0.103704 0.666439
0 0.509896 0.352778 0.028125 0.135185 0.66924
0 0.296875 0.32963 0.03125 0.103704 0.675411
0 0.641667 0.357407 0.0333333 0.162963 0.677582
0 0.508333 0.352778 0.0291667 0.131481 0.68223
0 0.641667 0.358333 0.0333333 0.164815 0.682308
0 0.297396 0.32963 0.0322917 0.103704 0.682601
0 0.297396 0.330556 0.0322917 0.105556 0.683477
0 0.508333 0.351852 0.0291667 0.12963 0.686789
0 0.297396 0.330556 0.0322917 0.105556 0.687937
0 0.638021 0.358333 0.040625 0.168519 0.689968
0 0.296875 0.32963 0.03125 0.103704 0.693321
0 0.297396 0.32963 0.0322917 0.103704 0.702282
0 0.339583 0.319444 0.01875 0.0759259 0.708964
0 0.339583 0.319444 0.01875 0.0796296 0.709057
0 0.638542 0.358333 0.0395833 0.168519 0.710512
0 0.339583 0.318519 0.01875 0.0777778 0.712549
0 0.203125 0.380556 0.0895833 0.312963 0.714061
0 0.297396 0.330556 0.0322917 0.105556 0.71558
0 0.339583 0.318519 0.01875 0.0777778 0.721214
0 0.297396 0.330556 0.0322917 0.105556 0.72427
0 0.508854 0.352778 0.028125 0.138889 0.726675
0 0.297396 0.330556 0.0322917 0.105556 0.72877
0 0.467187 0.349074 0.028125 0.146296 0.732169
0 0.508854 0.352778 0.028125 0.131481 0.735114
0 0.508854 0.351852 0.028125 0.137037 0.735547
0 0.297396 0.331481 0.0322917 0.103704 0.739854
0 0.297396 0.330556 0.0322917 0.105556 0.746509
0 0.467187 0.35 0.028125 0.144444 0.757379
0 0.297396 0.330556 0.0322917 0.105556 0.760565
0 0.339583 0.318519 0.01875 0.0777778 0.760733
0 0.467187 0.347222 0.028125 0.138889 0.761133
0 0.467187 0.348148 0.028125 0.144444 0.761516
0 0.467187 0.347222 0.028125 0.142593 0.761672
0 0.297396 0.330556 0.0322917 0.105556 0.784678
0 0.467187 0.34537 0.028125 0.15 0.799857
0 0.467187 0.34537 0.028125 0.146296 0.812288
0 0.201562 0.381481 0.0885417 0.314815 0.840174
0 0.201042 0.381481 0.0875 0.314815 0.84738
0 0.201042 0.381481 0.0895833 0.314815 0.850971
0 0.201562 0.382407 0.0885417 0.312963 0.851164
0 0.201042 0.381481 0.0875 0.314815 0.854751
0 0.201562 0.382407 0.0885417 0.312963 0.858173
0 0.201042 0.382407 0.0895833 0.316667 0.860772
0 0.201562 0.381481 0.0885417 0.311111 0.873953
0 0.202083 0.382407 0.0895833 0.312963 0.873983
0 0.201562 0.382407 0.0885417 0.312963 0.875291
