0 0.747396 0.412963 0.0260417 0.133333 0.252941
0 0.128646 0.419444 0.0260417 0.116667 0.256007
0 0.476562 0.385185 0.0177083 0.0814815 0.256871
0 0.748958 0.381481 0.025 0.0592593 0.259302
13 0.448958 0.637037 0.25625 0.203704 0.263605
0 0.748438 0.400926 0.0260417 0.0981481 0.263865
0 0.128646 0.425 0.028125 0.127778 0.266529
13 0.448438 0.647222 0.255208 0.216667 0.267288
0 0.747396 0.412963 0.0260417 0.133333 0.268115
0 0.748438 0.400926 0.0260417 0.0981481 0.26854
0 0.129688 0.424074 0.028125 0.12963 0.274099
0 0.235938 0.394444 0.0197917 0.1 0.275463
0 0.129167 0.424074 0.0270833 0.12963 0.275828
0 0.235938 0.39537 0.0197917 0.101852 0.278435
0 0.748958 0.381481 0.025 0.0592593 0.278492
0 0.748438 0.381481 0.0260417 0.0592593 0.282639
13 0.447917 0.647222 0.254167 0.216667 0.282946
0 0.128125 0.419444 0.025 0.12037 0.284821
0 0.128125 0.419444 0.025 0.116667 0.285665
0 0.965104 0.589815 0.0697917 0.47963 0.28607
0 0.748958 0.382407 0.025 0.0574074 0.295496
0 0.235938 0.394444 0.0197917 0.1 0.302789
0 0.381771 0.390741 0.021875 0.0851852 0.302973
0 0.26875 0.385185 0.0145833 0.062963 0.304202
0 0.748958 0.382407 0.025 0.0574074 0.305254
0 0.501562 0.423148 0.028125 0.135185 0.308845
0 0.749479 0.388889 0.0260417 0.0777778 0.314365
13 0.404167 0.591667 0.170833 0.109259 0.317438
0 0.748958 0.382407 0.025 0.0574074 0.318328
13 0.407813 0.591667 0.180208 0.101852 0.319474
0 0.529688 0.408333 0.0260417 0.127778 0.320002
0 0.965104 0.571296 0.0697917 0.512963 0.327021
0 0.267708 0.387037 0.0166667 0.062963 0.328317
0 0.267708 0.386111 0.0166667 0.0611111 0.336248
0 0.336458 0.381481 0.0145833 0.0703704 0.33716
0 0.965625 0.57037 0.06875 0.511111 0.343013
0 0.470313 0.4 0.0322917 0.0962963 0.347989
0 0.243229 0.398148 0.0197917 0.0888889 0.355845
13 0.407813 0.594444 0.184375 0.103704 0.356655
0 0.336458 0.381481 0.0145833 0.0666667 0.3585
13 0.40625 0.593518 0.172917 0.109259 0.361361
0 0.529688 0.409259 0.0239583 0.137037 0.364539
0 0.0359375 0.451852 0.0510417 0.214815 0.368174
0 0.529688 0.409259 0.0260417 0.137037 0.3694
13 0.40625 0.593518 0.175 0.109259 0.370587
0 0.440104 0.403704 0.0197917 0.111111 0.374152
0 0.267188 0.386111 0.015625 0.0648148 0.375997
0 0.747917 0.412963 0.0229167 0.122222 0.376063
13 0.40625 0.593518 0.175 0.109259 0.376684
13 0.404687 0.589815 0.167708 0.105556 0.380137
0 0.267188 0.385185 0.015625 0.062963 0.38838
0 0.380208 0.388889 0.01875 0.0962963 0.391698
13 0.404167 0.591667 0.16875 0.101852 0.39348
0 0.380208 0.388889 0.01875 0.1 0.395087
0 0.748438 0.40463 0.0239583 0.105556 0.397667
0 0.476562 0.388889 0.0177083 0.0888889 0.398431
0 0.529688 0.402778 0.0260417 0.131481 0.399275
13 0.405208 0.589815 0.172917 0.105556 0.403153
0 0.0354167 0.452778 0.0520833 0.216667 0.404274
0 0.380729 0.388889 0.0177083 0.1 0.40592
0 0.380729 0.388889 0.0177083 0.1 0.406572
0 0.380208 0.388889 0.01875 0.1 0.411263
0 0.477083 0.392593 0.0166667 0.0814815 0.41311
0 0.519271 0.412037 0.0427083 0.153704 0.414289
13 0.405208 0.589815 0.170833 0.105556 0.416164
0 0.440104 0.402778 0.0197917 0.116667 0.420924
0 0.519271 0.412037 0.0447917 0.153704 0.422283
0 0.0807292 0.412037 0.0197917 0.0944444 0.4301
0 0.440104 0.403704 0.0197917 0.118519 0.430254
13 0.405729 0.589815 0.167708 0.105556 0.431294
0 0.24375 0.399074 0.01875 0.0907407 0.434593
0 0.0802083 0.413889 0.0208333 0.0907407 0.435973
0 0.24375 0.399074 0.01875 0.0944444 0.436213
0 0.242708 0.399074 0.01875 0.0907407 0.443161
0 0.965104 0.610185 0.0697917 0.435185 0.443789
0 0.08125 0.412963 0.0208333 0.0962963 0.44491
0 0.380729 0.388889 0.0177083 0.1 0.444926
0 0.477083 0.392593 0.01875 0.0814815 0.447907
0 0.24375 0.399074 0.01875 0.0944444 0.448055
0 0.0807292 0.412963 0.0197917 0.0962963 0.448449
0 0.965104 0.611111 0.0697917 0.42963 0.449826
13 0.406771 0.592593 0.176042 0.103704 0.450408
0 0.519271 0.411111 0.0427083 0.151852 0.450712
0 0.0322917 0.449074 0.04375 0.216667 0.450765
0 0.965104 0.611111 0.0697917 0.437037 0.452792
0 0.0328125 0.45 0.0447917 0.214815 0.455438
0 0.08125 0.412963 0.01875 0.0962963 0.456702
0 0.0807292 0.412963 0.0197917 0.0962963 0.460872
0 0.0338542 0.45 0.046875 0.211111 0.462598
0 0.477083 0.392593 0.01875 0.0814815 0.465525
0 0.08125 0.412037 0.01875 0.0981481 0.467395
13 0.406771 0.591667 0.173958 0.101852 0.468025
0 0.964583 0.600926 0.0708333 0.457407 0.4716
13 0.410417 0.593518 0.177083 0.109259 0.477188
0 0.08125 0.412037 0.01875 0.0981481 0.478014
0 0.964583 0.600926 0.0708333 0.457407 0.487117
0 0.478125 0.388889 0.0166667 0.0814815 0.501538
0 0.0307292 0.447222 0.040625 0.209259 0.533397
0 0.477604 0.388889 0.0177083 0.0814815 0.53656
0 0.0338542 0.450926 0.046875 0.212963 0.538171
0 0.478125 0.388889 0.0166667 0.0814815 0.544637
0 0.0359375 0.450926 0.046875 0.22037 0.54751
0 0.529688 0.402778 0.0260417 0.138889 0.556009
0 0.529688 0.403704 0.0260417 0.140741 0.559696
0 0.965104 0.608333 0.0697917 0.435185 0.56679
0 0.0359375 0.45 0.0489583 0.222222 0.567821
0 0.0307292 0.447222 0.040625 0.209259 0.570964
0 0.964583 0.608333 0.0708333 0.442593 0.571224
0 0.965104 0.608333 0.0697917 0.438889 0.572379
0 0.128646 0.424074 0.028125 0.118519 0.575848
0 0.478125 0.390741 0.0166667 0.0814815 0.579218
0 0.965104 0.588889 0.0697917 0.492593 0.581742
0 0.501562 0.427778 0.0302083 0.162963 0.586015
0 0.501562 0.427778 0.0302083 0.162963 0.590384
0 0.03125 0.447222 0.0416667 0.212963 0.594676
0 0.965104 0.587963 0.0697917 0.498148 0.5991
0 0.477604 0.391667 0.0177083 0.0833333 0.607599
0 0.529688 0.40463 0.0260417 0.135185 0.616427
0 0.530208 0.403704 0.0270833 0.140741 0.617724
0 0.477604 0.391667 0.0177083 0.0833333 0.621957
0 0.529688 0.402778 0.028125 0.142593 0.639338
0 0.0333333 0.450926 0.0458333 0.212963 0.640637
0 0.501562 0.426852 0.028125 0.157407 0.645761
0 0.128646 0.423148 0.028125 0.116667 0.648528
0 0.501562 0.425926 0.028125 0.155556 0.649382
0 0.129167 0.423148 0.0270833 0.12037 0.65506
0 0.438021 0.4 0.0239583 0.114815 0.660086
0 0.0338542 0.451852 0.046875 0.214815 0.672489
0 0.502083 0.425926 0.0291667 0.155556 0.672628
0 0.438021 0.400926 0.0239583 0.112963 0.673101
0 0.129167 0.424074 0.0291667 0.122222 0.673391
0 0.529688 0.403704 0.0260417 0.140741 0.673584
0 0.964583 0.586111 0.0708333 0.487037 0.677924
0 0.438021 0.400926 0.0239583 0.112963 0.679559
0 0.128646 0.423148 0.0260417 0.116667 0.679607
0 0.964583 0.584259 0.0708333 0.487037 0.698596
0 0.964583 0.591667 0.0708333 0.47963 0.699173
0 0.529167 0.401852 0.0270833 0.140741 0.699679
0 0.439583 0.403704 0.0208333 0.111111 0.699885
0 0.129167 0.423148 0.0270833 0.116667 0.700367
0 0.0338542 0.451852 0.046875 0.214815 0.70098
0 0.128646 0.424074 0.0239583 0.114815 0.705837
0 0.129167 0.424074 0.025 0.114815 0.711031
0 0.129167 0.423148 0.0270833 0.12037 0.716582
0 0.964583 0.590741 0.0708333 0.481481 0.716604
0 0.502083 0.425926 0.03125 0.155556 0.718979
0 0.129167 0.424074 0.0270833 0.118519 0.719165
0 0.0338542 0.452778 0.046875 0.216667 0.723076
0 0.439063 0.403704 0.0197917 0.107407 0.723736
0 0.129688 0.423148 0.028125 0.124074 0.724523
0 0.501562 0.423148 0.028125 0.15 0.725045
0 0.501562 0.423148 0.028125 0.15 0.725455
0 0.439063 0.403704 0.0197917 0.107407 0.728652
0 0.502083 0.425926 0.03125 0.155556 0.729237
0 0.0333333 0.447222 0.0458333 0.212963 0.730063
0 0.0333333 0.449074 0.0458333 0.216667 0.731844
0 0.439063 0.403704 0.0197917 0.107407 0.741701
0 0.129167 0.423148 0.0270833 0.12037 0.745139
0 0.440104 0.40463 0.0197917 0.112963 0.747814
0 0.501562 0.426852 0.0302083 0.153704 0.756255
0 0.502083 0.426852 0.0291667 0.153704 0.756398
0 0.501562 0.425926 0.0302083 0.151852 0.757196
0 0.529167 0.401852 0.0270833 0.140741 0.769286
0 0.529688 0.403704 0.0260417 0.140741 0.778203
0 0.529688 0.40463 0.0260417 0.138889 0.787058
0 0.529688 0.40463 0.0260417 0.138889 0.793141
0 0.128646 0.423148 0.0260417 0.124074 0.815619
0 0.129167 0.423148 0.0270833 0.12037 0.828999
0 0.128646 0.423148 0.0260417 0.12037 0.845294
