0 0.418229 0.361111 0.0135417 0.0666667 0.251122
0 0.530208 0.4 0.0291667 0.114815 0.260485
0 0.530208 0.402778 0.0291667 0.112963 0.267933
28 0.528646 0.411111 0.0239583 0.0962963 0.271809
0 0.560417 0.392593 0.0291667 0.111111 0.2722
0 0.530208 0.399074 0.0291667 0.112963 0.272315
0 0.363542 0.361111 0.0166667 0.0555556 0.275002
0 0.530208 0.399074 0.0291667 0.116667 0.278774
0 0.560417 0.391667 0.0291667 0.109259 0.281359
0 0.558333 0.402778 0.03125 0.12037 0.287064
28 0.528646 0.411111 0.0239583 0.0962963 0.287167
28 0.528646 0.411111 0.0239583 0.0962963 0.295861
0 0.557813 0.400926 0.0322917 0.12037 0.29832
0 0.458854 0.396296 0.0697917 0.148148 0.320464
0 0.441146 0.386111 0.0302083 0.161111 0.324769
0 0.0265625 0.39537 0.0322917 0.109259 0.328824
0 0.417708 0.355556 0.0145833 0.0777778 0.328897
0 0.365104 0.362037 0.0177083 0.0537037 0.330787
0 0.441146 0.386111 0.0302083 0.161111 0.332379
0 0.365625 0.362037 0.0166667 0.0574074 0.337209
0 0.364062 0.362037 0.0177083 0.0574074 0.337441
0 0.363021 0.360185 0.015625 0.0537037 0.340568
0 0.558333 0.403704 0.03125 0.118519 0.341765
0 0.0338542 0.39537 0.0302083 0.112963 0.342183
0 0.557292 0.400926 0.03125 0.12037 0.342479
0 0.558333 0.4 0.0291667 0.118519 0.342678
0 0.0265625 0.39537 0.0322917 0.112963 0.345918
0 0.558333 0.400926 0.03125 0.12037 0.349162
0 0.558333 0.402778 0.03125 0.12037 0.358845
0 0.365104 0.361111 0.0177083 0.0518519 0.361274
0 0.365625 0.362963 0.0166667 0.0555556 0.36137
0 0.417708 0.356481 0.0145833 0.0759259 0.36264
0 0.0265625 0.39537 0.0322917 0.112963 0.368154
0 0.459375 0.397222 0.0666667 0.15 0.368808
0 0.589583 0.361111 0.0145833 0.0703704 0.376249
0 0.0338542 0.394444 0.028125 0.111111 0.38323
0 0.363021 0.361111 0.015625 0.0555556 0.383634
0 0.364583 0.362963 0.0166667 0.0592593 0.384139
0 0.0338542 0.394444 0.028125 0.111111 0.389203
0 0.365625 0.362037 0.0166667 0.0537037 0.39379
0 0.365104 0.361111 0.0177083 0.0518519 0.394556
0 0.459375 0.397222 0.0666667 0.15 0.395553
0 0.00729167 0.390741 0.0145833 0.122222 0.398054
0 0.00677083 0.393519 0.0135417 0.116667 0.402037
0 0.558333 0.4 0.0291667 0.118519 0.407682
0 0.558333 0.4 0.0291667 0.118519 0.40854
0 0.589063 0.362037 0.015625 0.0685185 0.413972
0 0.00729167 0.388889 0.0145833 0.125926 0.421179
0 0.589583 0.361111 0.0166667 0.0703704 0.425268
0 0.589063 0.361111 0.015625 0.0703704 0.433406
0 0.590104 0.362037 0.015625 0.0722222 0.442548
0 0.590104 0.359259 0.015625 0.0703704 0.442981
0 0.0291667 0.39537 0.0354167 0.109259 0.457975
0 0.03125 0.394444 0.03125 0.118519 0.458234
0 0.00729167 0.389815 0.0145833 0.127778 0.473531
0 0.589063 0.362037 0.015625 0.0685185 0.476005
0 0.00677083 0.392593 0.0135417 0.114815 0.483095
0 0.589063 0.362963 0.015625 0.0666667 0.484403
0 0.589583 0.362037 0.0145833 0.0685185 0.487903
0 0.00677083 0.393519 0.0135417 0.116667 0.499681
0 0.0322917 0.396296 0.0333333 0.111111 0.500105
0 0.0322917 0.39537 0.0333333 0.112963 0.504754
0 0.589583 0.361111 0.0145833 0.0666667 0.510351
0 0.589583 0.361111 0.0145833 0.0703704 0.512298
0 0.477604 0.396296 0.028125 0.151852 0.518349
0 0.441146 0.393519 0.0302083 0.157407 0.520119
0 0.0317708 0.394444 0.0302083 0.114815 0.528198
0 0.477604 0.396296 0.028125 0.151852 0.528612
0 0.0322917 0.393519 0.03125 0.116667 0.529636
0 0.441667 0.393519 0.0291667 0.161111 0.532261
0 0.589583 0.361111 0.0145833 0.0666667 0.536349
0 0.0317708 0.394444 0.0302083 0.114815 0.543078
0 0.0322917 0.393519 0.03125 0.112963 0.550075
0 0.0317708 0.394444 0.0302083 0.114815 0.554258
0 0.771354 0.39537 0.034375 0.17963 0.555345
0 0.0322917 0.392593 0.03125 0.114815 0.562816
0 0.770833 0.39537 0.0333333 0.17963 0.575817
0 0.0322917 0.394444 0.03125 0.114815 0.586551
0 0.0328125 0.393519 0.0302083 0.112963 0.5916
0 0.0322917 0.392593 0.0291667 0.114815 0.592918
0 0.770833 0.393519 0.0354167 0.17963 0.600174
0 0.0317708 0.39537 0.0302083 0.112963 0.602009
0 0.0328125 0.393519 0.0302083 0.112963 0.612748
0 0.640104 0.381481 0.0302083 0.125926 0.614322
0 0.770833 0.394444 0.0354167 0.181481 0.627305
0 0.641146 0.384259 0.028125 0.127778 0.666907
0 0.640104 0.384259 0.028125 0.12037 0.670015
0 0.640625 0.382407 0.0291667 0.124074 0.672525
0 0.640104 0.384259 0.028125 0.124074 0.677796
0 0.640625 0.382407 0.0291667 0.124074 0.692118
0 0.640625 0.383333 0.0270833 0.125926 0.693365
0 0.641146 0.384259 0.028125 0.127778 0.694452
0 0.640625 0.383333 0.0270833 0.125926 0.696253
0 0.769792 0.394444 0.0354167 0.177778 0.702073
0 0.441146 0.392593 0.0302083 0.162963 0.703158
0 0.441146 0.392593 0.0302083 0.162963 0.706839
0 0.641146 0.384259 0.028125 0.127778 0.707314
0 0.441146 0.392593 0.0302083 0.162963 0.707505
0 0.640104 0.383333 0.028125 0.125926 0.713237
0 0.770312 0.394444 0.034375 0.177778 0.715311
0 0.770833 0.39537 0.0354167 0.17963 0.716724
0 0.769792 0.394444 0.0354167 0.177778 0.721281
0 0.640104 0.383333 0.028125 0.118519 0.721283
0 0.770833 0.39537 0.0354167 0.183333 0.728418
0 0.477604 0.396296 0.028125 0.151852 0.743881
0 0.478646 0.396296 0.0260417 0.155556 0.748829
0 0.640104 0.383333 0.028125 0.125926 0.749253
0 0.640104 0.383333 0.028125 0.118519 0.753476
0 0.640104 0.384259 0.028125 0.124074 0.753488
0 0.478125 0.397222 0.0270833 0.153704 0.755786
0 0.770312 0.39537 0.0364583 0.17963 0.757593
0 0.770833 0.39537 0.0354167 0.183333 0.75811
0 0.641146 0.383333 0.028125 0.125926 0.761508
0 0.477604 0.397222 0.028125 0.15 0.76958
0 0.478125 0.398148 0.0291667 0.151852 0.774149
0 0.641146 0.383333 0.028125 0.122222 0.783765
0 0.770312 0.39537 0.034375 0.183333 0.784799
0 0.478646 0.398148 0.028125 0.151852 0.785005
0 0.770312 0.394444 0.0364583 0.181481 0.785258
0 0.442187 0.392593 0.0302083 0.162963 0.789073
0 0.478125 0.396296 0.0270833 0.151852 0.789656
0 0.442187 0.392593 0.0302083 0.162963 0.789717
0 0.641146 0.383333 0.028125 0.122222 0.796853
0 0.478125 0.398148 0.0270833 0.151852 0.809009
0 0.769792 0.393519 0.0354167 0.17963 0.810449
0 0.442187 0.391667 0.0302083 0.164815 0.814028
0 0.769792 0.393519 0.0354167 0.183333 0.826456
0 0.441146 0.388889 0.0322917 0.159259 0.827568
0 0.441667 0.389815 0.03125 0.161111 0.828649
0 0.477604 0.397222 0.028125 0.153704 0.851116
0 0.478125 0.396296 0.0291667 0.151852 0.857596
0 0.441667 0.390741 0.03125 0.159259 0.875785
0 0.441667 0.390741 0.03125 0.162963 0.87582
