0 0.325521 0.360185 0.0177083 0.0722222 0.25473
0 0.427604 0.356481 0.028125 0.0981481 0.263192
0 0.325 0.360185 0.01875 0.0722222 0.266133
0 0.325521 0.361111 0.0177083 0.0703704 0.282199
0 0.428125 0.357407 0.0270833 0.1 0.287759
0 0.658854 0.396296 0.0510417 0.240741 0.290151
0 0.182812 0.459259 0.123958 0.440741 0.295602
0 0.427083 0.360185 0.0270833 0.101852 0.306002
0 0.182812 0.459259 0.123958 0.440741 0.30972
0 0.183333 0.459259 0.122917 0.440741 0.319972
0 0.656771 0.39537 0.0489583 0.242593 0.344295
0 0.428125 0.360185 0.0270833 0.0981481 0.347905
0 0.653646 0.396296 0.0552083 0.248148 0.348863
0 0.658854 0.397222 0.053125 0.25 0.360936
0 0.428125 0.359259 0.0270833 0.1 0.379721
0 0.427604 0.361111 0.0260417 0.103704 0.385751
0 0.427604 0.357407 0.0260417 0.0962963 0.387692
0 0.596875 0.383333 0.025 0.125926 0.39349
0 0.596875 0.382407 0.025 0.127778 0.406517
0 0.596875 0.382407 0.025 0.127778 0.411294
0 0.428125 0.358333 0.0270833 0.0981481 0.41799
0 0.65625 0.394444 0.05 0.255556 0.426309
0 0.427604 0.361111 0.0239583 0.111111 0.433708
0 0.597917 0.372222 0.025 0.114815 0.436711
0 0.428125 0.358333 0.025 0.0981481 0.439179
0 0.428646 0.358333 0.0260417 0.0981481 0.444712
0 0.427604 0.362963 0.0239583 0.111111 0.447627
0 0.598437 0.378704 0.0260417 0.127778 0.448835
0 0.597917 0.372222 0.025 0.118519 0.455839
0 0.427604 0.362037 0.0239583 0.109259 0.459986
0 0.597917 0.372222 0.025 0.114815 0.460657
0 0.428125 0.359259 0.0270833 0.0962963 0.46085
0 0.427604 0.360185 0.0239583 0.101852 0.522202
0 0.427604 0.360185 0.0260417 0.101852 0.530176
0 0.657292 0.39537 0.05 0.242593 0.537421
0 0.598437 0.377778 0.0260417 0.125926 0.545222
0 0.427604 0.361111 0.0260417 0.1 0.554435
0 0.427083 0.361111 0.025 0.1 0.563964
0 0.597917 0.380556 0.0270833 0.127778 0.581414
0 0.597396 0.378704 0.0260417 0.127778 0.627653
0 0.657292 0.396296 0.0541667 0.244444 0.645655
0 0.597917 0.380556 0.0270833 0.127778 0.647259
0 0.597396 0.378704 0.0260417 0.127778 0.685396
0 0.657292 0.397222 0.0541667 0.246296 0.692967
0 0.656771 0.396296 0.053125 0.244444 0.695436
0 0.598437 0.377778 0.0239583 0.125926 0.696752
0 0.656771 0.397222 0.0552083 0.246296 0.707854
0 0.656771 0.396296 0.053125 0.244444 0.708012
0 0.656771 0.397222 0.053125 0.246296 0.716357
0 0.597917 0.377778 0.025 0.118519 0.717621
0 0.65625 0.39537 0.0541667 0.246296 0.722838
0 0.597917 0.377778 0.025 0.118519 0.72844
0 0.655729 0.39537 0.0552083 0.246296 0.73094
0 0.656771 0.397222 0.0552083 0.246296 0.731119
0 0.597917 0.377778 0.025 0.118519 0.732656
0 0.597917 0.380556 0.025 0.127778 0.736456
0 0.65625 0.39537 0.0541667 0.246296 0.73764
0 0.597396 0.378704 0.0260417 0.127778 0.744241
0 0.657292 0.396296 0.0541667 0.248148 0.744739
0 0.656771 0.397222 0.0552083 0.246296 0.745605
0 0.185937 0.461111 0.128125 0.437037 0.747202
0 0.185417 0.461111 0.127083 0.433333 0.757883
0 0.597917 0.378704 0.025 0.124074 0.775046
0 0.597917 0.377778 0.025 0.125926 0.78605
0 0.657292 0.396296 0.05 0.251852 0.796228
0 0.597917 0.378704 0.025 0.124074 0.802406
0 0.186458 0.461111 0.127083 0.444444 0.879039
0 0.186458 0.460185 0.129167 0.435185 0.881001
0 0.185937 0.459259 0.130208 0.433333 0.890406
0 0.185937 0.462963 0.128125 0.440741 0.890545
0 0.186458 0.460185 0.129167 0.435185 0.891192
0 0.186458 0.462037 0.129167 0.442593 0.891963
0 0.185937 0.459259 0.130208 0.433333 0.892764
0 0.185417 0.457407 0.127083 0.448148 0.899239
0 0.185417 0.457407 0.127083 0.444444 0.906111
0 0.185417 0.457407 0.127083 0.448148 0.910047
