13 0.40625 0.575 0.08125 0.187037 0.251439
0 0.5125 0.337963 0.01875 0.0722222 0.251564
13 0.126563 0.558333 0.161458 0.194444 0.251917
13 0.133333 0.557407 0.175 0.196296 0.255028
13 0.406771 0.533333 0.078125 0.111111 0.258459
13 0.40625 0.574074 0.0833333 0.185185 0.258655
0 0.439583 0.371296 0.03125 0.131481 0.264048
13 0.126563 0.558333 0.161458 0.194444 0.265677
13 0.126563 0.558333 0.161458 0.194444 0.273247
13 0.133333 0.557407 0.175 0.196296 0.2738
0 0.355729 0.344444 0.0197917 0.0814815 0.279882
0 0.570312 0.35 0.0197917 0.0703704 0.280053
0 0.645312 0.385185 0.0510417 0.203704 0.282647
0 0.35625 0.344444 0.0208333 0.0814815 0.292361
0 0.365625 0.338889 0.01875 0.0851852 0.295558
13 0.407292 0.557407 0.08125 0.166667 0.302277
13 0.407813 0.566667 0.0802083 0.181481 0.307836
0 0.355729 0.344444 0.0197917 0.0814815 0.308737
0 0.570312 0.35 0.0197917 0.0703704 0.312394
0 0.365104 0.342593 0.0239583 0.0814815 0.319249
13 0.126563 0.557407 0.161458 0.196296 0.320408
13 0.126563 0.557407 0.161458 0.196296 0.320505
0 0.046875 0.387037 0.0395833 0.133333 0.327828
0 0.609375 0.373148 0.0270833 0.131481 0.33442
0 0.646875 0.385185 0.0520833 0.203704 0.335363
0 0.570312 0.35 0.0197917 0.0703704 0.339262
0 0.49375 0.375 0.0270833 0.135185 0.340688
13 0.407292 0.558333 0.0833333 0.164815 0.343199
0 0.354167 0.344444 0.0166667 0.0777778 0.347284
13 0.407292 0.567593 0.08125 0.17963 0.353565
0 0.353646 0.34537 0.015625 0.0796296 0.361714
0 0.352083 0.350926 0.0166667 0.0796296 0.362127
13 0.40625 0.556481 0.08125 0.157407 0.362838
0 0.352604 0.350926 0.0177083 0.0796296 0.378279
13 0.40625 0.55463 0.08125 0.15 0.384974
13 0.406771 0.55463 0.0802083 0.15 0.387741
0 0.646875 0.385185 0.0520833 0.207407 0.394865
0 0.368229 0.341667 0.0177083 0.0796296 0.395201
0 0.353646 0.344444 0.015625 0.0777778 0.398971
0 0.352083 0.351852 0.0166667 0.0777778 0.410592
0 0.368229 0.341667 0.0177083 0.0796296 0.416338
0 0.328646 0.358333 0.0177083 0.0833333 0.420428
0 0.369792 0.339815 0.0166667 0.0796296 0.425662
0 0.570833 0.348148 0.01875 0.0666667 0.427453
0 0.368229 0.341667 0.0177083 0.0796296 0.428882
0 0.0479167 0.388889 0.0375 0.133333 0.431902
0 0.570312 0.349074 0.0177083 0.0648148 0.433059
0 0.328125 0.357407 0.01875 0.0814815 0.43499
0 0.368229 0.341667 0.0177083 0.0833333 0.439086
0 0.368229 0.340741 0.0177083 0.0851852 0.440698
0 0.608854 0.371296 0.0239583 0.127778 0.441823
0 0.608854 0.373148 0.0260417 0.131481 0.447144
0 0.570312 0.348148 0.0177083 0.0703704 0.447438
0 0.328125 0.357407 0.01875 0.0814815 0.450503
0 0.495833 0.375 0.0270833 0.146296 0.455104
0 0.609896 0.376852 0.0239583 0.131481 0.4562
0 0.609375 0.374074 0.0270833 0.137037 0.457482
0 0.570833 0.347222 0.01875 0.0685185 0.458054
0 0.570833 0.347222 0.01875 0.0685185 0.464644
0 0.496354 0.375 0.028125 0.142593 0.479337
0 0.0458333 0.384259 0.0395833 0.138889 0.480207
0 0.570833 0.348148 0.01875 0.0703704 0.484727
0 0.609375 0.373148 0.025 0.131481 0.489546
0 0.0458333 0.384259 0.0395833 0.138889 0.489932
0 0.570312 0.349074 0.0177083 0.0685185 0.490558
0 0.368229 0.340741 0.0177083 0.0814815 0.493974
0 0.647917 0.384259 0.0520833 0.212963 0.496376
0 0.608854 0.372222 0.0239583 0.133333 0.497742
0 0.608854 0.372222 0.0239583 0.133333 0.501424
0 0.49375 0.37037 0.03125 0.151852 0.507423
0 0.493229 0.37037 0.0322917 0.151852 0.512435
0 0.495313 0.372222 0.0302083 0.151852 0.517251
0 0.570833 0.347222 0.01875 0.0685185 0.523874
13 0.40625 0.564815 0.08125 0.17037 0.528356
0 0.440625 0.375926 0.03125 0.148148 0.528746
13 0.40625 0.562037 0.08125 0.164815 0.531349
0 0.328125 0.352778 0.0208333 0.087037 0.533524
13 0.406771 0.562963 0.0822917 0.17037 0.535195
0 0.570312 0.35 0.0177083 0.0703704 0.535374
0 0.494792 0.371296 0.0291667 0.153704 0.538144
13 0.406771 0.563889 0.0822917 0.172222 0.538662
13 0.406771 0.563889 0.0822917 0.172222 0.540392
0 0.0463542 0.384259 0.0385417 0.138889 0.543995
0 0.609896 0.376852 0.0239583 0.138889 0.544478
0 0.609896 0.376852 0.0239583 0.138889 0.54576
0 0.648438 0.387037 0.053125 0.218519 0.549507
0 0.65 0.387037 0.05 0.225926 0.550795
0 0.648438 0.387037 0.053125 0.218519 0.551523
0 0.441146 0.375 0.0302083 0.146296 0.555824
13 0.40625 0.563889 0.08125 0.168519 0.556135
0 0.439583 0.371296 0.03125 0.142593 0.556603
0 0.609896 0.375 0.0260417 0.135185 0.55685
0 0.439583 0.371296 0.03125 0.138889 0.557668
0 0.494792 0.371296 0.0291667 0.153704 0.559538
0 0.65 0.386111 0.05 0.224074 0.560862
0 0.229167 0.443519 0.1125 0.409259 0.56175
13 0.40625 0.564815 0.08125 0.166667 0.566067
0 0.49375 0.37037 0.03125 0.148148 0.57998
13 0.40625 0.560185 0.08125 0.161111 0.602959
13 0.40625 0.563889 0.08125 0.164815 0.603618
13 0.40625 0.563889 0.08125 0.164815 0.604295
13 0.40625 0.562963 0.08125 0.166667 0.605206
0 0.609375 0.372222 0.025 0.133333 0.606209
0 0.493229 0.368519 0.028125 0.151852 0.613296
0 0.440625 0.374074 0.03125 0.148148 0.614227
0 0.327604 0.352778 0.0197917 0.087037 0.617777
0 0.0479167 0.387037 0.0395833 0.144444 0.621474
0 0.493229 0.367593 0.028125 0.15 0.623735
0 0.648438 0.385185 0.053125 0.218519 0.625616
0 0.49375 0.37037 0.03125 0.151852 0.635246
0 0.648438 0.386111 0.053125 0.22037 0.636909
0 0.0479167 0.387963 0.0375 0.138889 0.64366
0 0.0479167 0.387963 0.0375 0.138889 0.650632
0 0.0473958 0.387037 0.0385417 0.144444 0.654515
13 0.40625 0.561111 0.08125 0.162963 0.655784
0 0.494271 0.37037 0.0302083 0.151852 0.65595
0 0.609375 0.375 0.025 0.131481 0.656708
0 0.439583 0.375 0.03125 0.142593 0.665922
0 0.046875 0.386111 0.0395833 0.142593 0.676205
0 0.609375 0.374074 0.025 0.12963 0.676976
0 0.494271 0.375 0.028125 0.146296 0.677884
0 0.439583 0.375 0.03125 0.142593 0.678641
0 0.609375 0.375 0.025 0.135185 0.678928
0 0.49375 0.37037 0.0291667 0.151852 0.680169
0 0.0473958 0.387963 0.040625 0.142593 0.685563
0 0.494271 0.375 0.028125 0.146296 0.68989
0 0.609375 0.373148 0.025 0.131481 0.691506
0 0.328646 0.353704 0.0177083 0.0851852 0.692369
0 0.649479 0.385185 0.053125 0.218519 0.692621
0 0.0473958 0.387963 0.040625 0.142593 0.694613
0 0.328646 0.35463 0.0197917 0.087037 0.697629
0 0.649479 0.385185 0.053125 0.222222 0.699299
0 0.648438 0.387037 0.053125 0.218519 0.701102
0 0.0473958 0.386111 0.0385417 0.146296 0.706496
0 0.647917 0.387037 0.0520833 0.214815 0.712581
0 0.328646 0.355556 0.0197917 0.0851852 0.716081
0 0.647917 0.386111 0.0520833 0.216667 0.717997
0 0.609375 0.375 0.025 0.131481 0.718049
0 0.046875 0.387037 0.0395833 0.144444 0.718555
0 0.229687 0.442593 0.113542 0.407407 0.723656
0 0.609375 0.375 0.025 0.131481 0.726317
0 0.328646 0.355556 0.0197917 0.0851852 0.730318
0 0.229687 0.442593 0.113542 0.407407 0.730384
0 0.648958 0.386111 0.0541667 0.22037 0.732008
0 0.648438 0.387037 0.0510417 0.218519 0.735686
0 0.229687 0.443519 0.113542 0.405556 0.736944
0 0.439583 0.375 0.03125 0.146296 0.739183
0 0.229167 0.443519 0.1125 0.409259 0.7395
0 0.046875 0.386111 0.0395833 0.142593 0.756114
0 0.440104 0.375 0.0302083 0.146296 0.760074
0 0.440104 0.374074 0.028125 0.151852 0.76412
0 0.440104 0.375 0.0302083 0.146296 0.764615
0 0.440104 0.374074 0.028125 0.148148 0.767289
0 0.328646 0.35463 0.0197917 0.087037 0.76737
0 0.648958 0.386111 0.0520833 0.22037 0.767699
0 0.648438 0.387037 0.0510417 0.218519 0.772055
0 0.328646 0.35463 0.0197917 0.087037 0.778111
0 0.328646 0.35463 0.0197917 0.087037 0.780515
0 0.440104 0.375926 0.0302083 0.148148 0.783938
0 0.648438 0.386111 0.0510417 0.22037 0.807862
0 0.440104 0.373148 0.0302083 0.146296 0.817365
0 0.440104 0.372222 0.0302083 0.144444 0.822606
0 0.229687 0.440741 0.111458 0.4 0.852218
0 0.228125 0.444444 0.108333 0.4 0.858856
0 0.228125 0.443519 0.108333 0.401852 0.863033
0 0.228125 0.444444 0.108333 0.4 0.866882
0 0.229687 0.442593 0.111458 0.4 0.867371
0 0.229687 0.440741 0.111458 0.4 0.877348
0 0.230208 0.442593 0.1125 0.4 0.880182
0 0.229167 0.44537 0.1125 0.398148 0.884273
0 0.229167 0.446296 0.1125 0.4 0.884444
0 0.229167 0.446296 0.1125 0.4 0.889404
