0 0.483333 0.374074 0.0270833 0.125926 0.250346
0 0.359375 0.335185 0.0145833 0.0666667 0.25285
0 0.604167 0.37963 0.0270833 0.125926 0.255327
0 0.496354 0.371296 0.028125 0.131481 0.259188
0 0.496354 0.372222 0.028125 0.12963 0.260766
0 0.604167 0.380556 0.0270833 0.127778 0.261188
0 0.604167 0.380556 0.0270833 0.127778 0.266363
0 0.585938 0.351852 0.0177083 0.0703704 0.267929
0 0.215104 0.362037 0.0322917 0.112963 0.268459
24 0.689583 0.364815 0.0270833 0.0851852 0.269487
0 0.372917 0.344444 0.0166667 0.0740741 0.270186
0 0.371875 0.339815 0.01875 0.0796296 0.271207
0 0.215104 0.361111 0.0322917 0.111111 0.273272
0 0.584896 0.352778 0.015625 0.0722222 0.274395
0 0.322917 0.341667 0.0166667 0.0722222 0.27714
0 0.660417 0.394444 0.0333333 0.237037 0.283355
0 0.585938 0.352778 0.0177083 0.0685185 0.290671
0 0.322396 0.341667 0.015625 0.0685185 0.290927
0 0.655729 0.387963 0.0322917 0.235185 0.29254
0 0.49375 0.368519 0.0270833 0.12963 0.294274
0 0.323438 0.343519 0.015625 0.0759259 0.296966
0 0.677604 0.397222 0.0489583 0.25 0.296986
0 0.678125 0.397222 0.0479167 0.25 0.302752
0 0.677604 0.397222 0.0489583 0.246296 0.30318
0 0.655208 0.387963 0.0333333 0.235185 0.306626
0 0.655729 0.387963 0.0322917 0.224074 0.315441
0 0.322396 0.341667 0.015625 0.0685185 0.320836
0 0.585938 0.352778 0.0177083 0.0685185 0.32171
0 0.675521 0.396296 0.053125 0.244444 0.336331
0 0.520312 0.343519 0.015625 0.0648148 0.341346
0 0.2125 0.362037 0.0291667 0.109259 0.354848
0 0.2125 0.361111 0.0291667 0.107407 0.354956
0 0.60625 0.373148 0.0270833 0.124074 0.356704
0 0.520833 0.344444 0.0125 0.062963 0.359339
0 0.2125 0.362037 0.0291667 0.109259 0.371831
0 0.214062 0.361111 0.0322917 0.111111 0.375273
0 0.214062 0.360185 0.0322917 0.109259 0.3874
0 0.521354 0.344444 0.0135417 0.062963 0.388963
0 0.377083 0.339815 0.0166667 0.0833333 0.389924
0 0.660417 0.394444 0.0354167 0.248148 0.396867
0 0.674479 0.398148 0.0572917 0.248148 0.400847
0 0.214062 0.360185 0.0322917 0.109259 0.405146
0 0.520833 0.344444 0.0125 0.0666667 0.408828
0 0.376563 0.338889 0.015625 0.0814815 0.414999
0 0.672396 0.396296 0.053125 0.244444 0.41758
0 0.49375 0.375926 0.0270833 0.133333 0.423507
0 0.520833 0.344444 0.0125 0.0666667 0.423982
0 0.376563 0.341667 0.0135417 0.0796296 0.428383
0 0.603125 0.375 0.0291667 0.127778 0.431684
0 0.605729 0.374074 0.0260417 0.133333 0.431866
0 0.605729 0.374074 0.0260417 0.133333 0.433387
0 0.376563 0.337963 0.0177083 0.0796296 0.436888
0 0.214062 0.360185 0.0322917 0.105556 0.443783
0 0.376563 0.338889 0.015625 0.0814815 0.450408
0 0.214062 0.365741 0.034375 0.12037 0.459684
0 0.214062 0.360185 0.0322917 0.105556 0.460644
0 0.214062 0.360185 0.0322917 0.105556 0.468339
0 0.213542 0.363889 0.0333333 0.116667 0.468575
0 0.376563 0.341667 0.0135417 0.0796296 0.472702
0 0.492708 0.376852 0.0291667 0.138889 0.4739
0 0.214062 0.363889 0.034375 0.116667 0.474694
0 0.493229 0.374074 0.0302083 0.140741 0.485336
0 0.49375 0.37037 0.0270833 0.137037 0.485658
0 0.673437 0.398148 0.0572917 0.248148 0.49088
0 0.49375 0.37037 0.0270833 0.137037 0.495119
0 0.493229 0.376852 0.028125 0.138889 0.511714
0 0.492708 0.375926 0.0291667 0.140741 0.514031
0 0.671875 0.396296 0.0604167 0.255556 0.529318
0 0.492708 0.374074 0.0291667 0.140741 0.541748
0 0.493229 0.374074 0.0302083 0.140741 0.550599
0 0.603125 0.375 0.0291667 0.131481 0.555145
0 0.604688 0.375926 0.028125 0.12963 0.5565
0 0.493229 0.373148 0.028125 0.138889 0.560318
0 0.603646 0.375926 0.028125 0.12963 0.572288
0 0.341146 0.361111 0.0197917 0.111111 0.577254
0 0.341667 0.360185 0.01875 0.109259 0.577894
0 0.671875 0.397222 0.0604167 0.25 0.582089
0 0.673437 0.398148 0.0572917 0.248148 0.583784
0 0.493229 0.374074 0.028125 0.140741 0.58586
0 0.341146 0.360185 0.0197917 0.109259 0.596286
0 0.492708 0.374074 0.0291667 0.137037 0.601841
0 0.671875 0.397222 0.0604167 0.25 0.605937
0 0.669271 0.396296 0.0552083 0.248148 0.606333
0 0.669792 0.39537 0.05625 0.25 0.61225
0 0.182292 0.486111 0.133333 0.453704 0.613419
0 0.672917 0.397222 0.0583333 0.25 0.615231
0 0.669271 0.396296 0.0552083 0.248148 0.618094
0 0.604167 0.375926 0.0291667 0.12963 0.628391
0 0.672917 0.396296 0.0583333 0.251852 0.636832
0 0.434896 0.375 0.028125 0.153704 0.637705
0 0.671875 0.397222 0.0604167 0.253704 0.640277
0 0.181771 0.485185 0.134375 0.462963 0.649911
0 0.434896 0.37037 0.028125 0.144444 0.654966
0 0.604688 0.375 0.028125 0.127778 0.655546
0 0.604167 0.376852 0.0291667 0.131481 0.65705
0 0.182292 0.486111 0.133333 0.464815 0.660888
0 0.434896 0.37037 0.028125 0.144444 0.661679
0 0.434896 0.375 0.028125 0.153704 0.663907
0 0.49375 0.376852 0.0270833 0.138889 0.665751
0 0.604688 0.375926 0.028125 0.12963 0.669153
0 0.49375 0.375926 0.0270833 0.137037 0.671121
0 0.435417 0.373148 0.0291667 0.146296 0.700799
0 0.435417 0.375 0.0270833 0.153704 0.702165
0 0.341146 0.362963 0.0197917 0.103704 0.702245
0 0.183333 0.47963 0.127083 0.459259 0.712476
0 0.434896 0.373148 0.028125 0.146296 0.7181
0 0.675 0.397222 0.05625 0.257407 0.718792
0 0.605208 0.375926 0.0270833 0.12963 0.718836
0 0.182812 0.47963 0.126042 0.451852 0.720701
0 0.183333 0.47963 0.129167 0.455556 0.731451
0 0.340625 0.363889 0.0208333 0.105556 0.735022
0 0.605208 0.375926 0.0270833 0.12963 0.742248
0 0.340625 0.363889 0.0208333 0.109259 0.750554
0 0.435417 0.373148 0.0291667 0.15 0.751879
0 0.435417 0.372222 0.0291667 0.148148 0.75395
0 0.605208 0.377778 0.0270833 0.133333 0.766223
0 0.340625 0.363889 0.0208333 0.109259 0.766223
0 0.605208 0.375 0.0270833 0.131481 0.768401
0 0.340104 0.361111 0.0197917 0.103704 0.781021
0 0.671875 0.397222 0.0541667 0.257407 0.781222
0 0.435937 0.372222 0.028125 0.151852 0.791741
0 0.435417 0.371296 0.0270833 0.15 0.799235
0 0.341146 0.362963 0.0197917 0.103704 0.801969
0 0.605208 0.375 0.0270833 0.127778 0.803681
0 0.435417 0.371296 0.0270833 0.146296 0.80414
0 0.183333 0.487037 0.129167 0.448148 0.808145
0 0.340104 0.361111 0.0197917 0.107407 0.813094
0 0.340104 0.362037 0.0197917 0.105556 0.813261
0 0.435417 0.373148 0.0270833 0.15 0.816389
0 0.182812 0.482407 0.132292 0.457407 0.836439
0 0.183333 0.486111 0.129167 0.446296 0.837771
0 0.182292 0.483333 0.133333 0.459259 0.839121
0 0.182812 0.483333 0.132292 0.459259 0.842767
0 0.605729 0.377778 0.0260417 0.12963 0.845758
0 0.605729 0.377778 0.0260417 0.133333 0.847746
0 0.435417 0.371296 0.0270833 0.153704 0.857766
0 0.435417 0.371296 0.0270833 0.15 0.865874
0 0.183333 0.484259 0.129167 0.446296 0.879972
0 0.182292 0.484259 0.129167 0.45 0.889021
0 0.182292 0.484259 0.129167 0.45 0.893369
0 0.183333 0.485185 0.129167 0.448148 0.896727
