26 0.852083 0.490741 0.05 0.185185 0.250477
0 0.554688 0.316667 0.0239583 0.125926 0.25137
0 0.616146 0.316667 0.021875 0.103704 0.251831
26 0.852083 0.490741 0.05 0.185185 0.252697
0 0.810938 0.551852 0.128125 0.655556 0.261057
0 0.554688 0.317593 0.021875 0.131481 0.263023
0 0.615625 0.32037 0.025 0.114815 0.269724
0 0.209375 0.356481 0.05 0.227778 0.269938
0 0.616667 0.32037 0.025 0.114815 0.270544
0 0.430729 0.325 0.0302083 0.124074 0.271032
0 0.430729 0.325 0.0302083 0.124074 0.273845
0 0.940104 0.551852 0.119792 0.733333 0.274605
26 0.850521 0.483333 0.0552083 0.2 0.277433
0 0.554167 0.317593 0.0229167 0.131481 0.282984
0 0.432292 0.325 0.0291667 0.116667 0.284593
0 0.460938 0.348148 0.0302083 0.151852 0.284898
26 0.850521 0.487963 0.0510417 0.187037 0.28511
26 0.850521 0.489815 0.0510417 0.190741 0.286087
26 0.850521 0.488889 0.0510417 0.188889 0.288896
0 0.616667 0.317593 0.0208333 0.105556 0.289321
0 0.808854 0.553704 0.132292 0.696296 0.290853
0 0.460938 0.348148 0.0302083 0.151852 0.293666
0 0.616146 0.317593 0.021875 0.105556 0.296137
24 0.972396 0.456481 0.0552083 0.275926 0.299563
0 0.816146 0.551852 0.128125 0.674074 0.299815
0 0.557292 0.323148 0.0291667 0.127778 0.30022
0 0.210938 0.360185 0.0427083 0.227778 0.306706
0 0.938021 0.555556 0.123958 0.655556 0.313983
0 0.208854 0.359259 0.0489583 0.233333 0.317255
0 0.210938 0.360185 0.0427083 0.231481 0.322196
0 0.209375 0.359259 0.05 0.22963 0.32948
0 0.938021 0.543519 0.123958 0.646296 0.348386
0 0.269792 0.310185 0.0270833 0.0944444 0.350598
0 0.269792 0.310185 0.0270833 0.0944444 0.357781
0 0.556771 0.324074 0.028125 0.125926 0.358425
0 0.270833 0.308333 0.025 0.0944444 0.365108
0 0.270833 0.308333 0.025 0.0944444 0.365112
0 0.464063 0.343519 0.028125 0.146296 0.367096
0 0.585417 0.338889 0.0229167 0.133333 0.37166
0 0.270833 0.308333 0.025 0.0944444 0.372211
0 0.268229 0.312037 0.028125 0.0944444 0.383559
0 0.464063 0.343519 0.028125 0.146296 0.386919
0 0.208333 0.35463 0.0458333 0.227778 0.388886
0 0.932813 0.556481 0.123958 0.690741 0.392093
0 0.464063 0.337037 0.0322917 0.155556 0.402646
0 0.269792 0.309259 0.0270833 0.0962963 0.402947
0 0.464583 0.337037 0.03125 0.155556 0.406556
0 0.208854 0.35463 0.046875 0.227778 0.407314
0 0.208854 0.353704 0.046875 0.225926 0.40923
0 0.26875 0.310185 0.0270833 0.0907407 0.412749
0 0.270312 0.314815 0.0239583 0.0851852 0.415693
0 0.269792 0.310185 0.025 0.0944444 0.419369
0 0.616667 0.313889 0.0229167 0.105556 0.422624
0 0.464063 0.337037 0.0322917 0.155556 0.424674
0 0.208854 0.361111 0.0447917 0.22963 0.425963
0 0.5625 0.325926 0.0395833 0.125926 0.426099
0 0.5625 0.325926 0.0395833 0.125926 0.428467
0 0.465104 0.340741 0.028125 0.151852 0.436685
0 0.465104 0.340741 0.028125 0.151852 0.437169
0 0.616146 0.32037 0.021875 0.107407 0.44314
0 0.269792 0.314815 0.0229167 0.0851852 0.443607
0 0.55625 0.324074 0.0270833 0.125926 0.445159
0 0.5625 0.325 0.0395833 0.127778 0.447314
0 0.269792 0.314815 0.0229167 0.0851852 0.448293
0 0.208854 0.361111 0.0447917 0.237037 0.450015
0 0.465104 0.339815 0.028125 0.15 0.457587
0 0.461979 0.338889 0.0302083 0.159259 0.463683
0 0.461979 0.339815 0.0302083 0.157407 0.466306
0 0.209375 0.361111 0.0458333 0.233333 0.490276
0 0.616667 0.318519 0.0229167 0.111111 0.493278
0 0.584896 0.338889 0.0239583 0.140741 0.496851
0 0.809896 0.548148 0.132292 0.644444 0.497702
0 0.209375 0.361111 0.0458333 0.233333 0.499845
0 0.584896 0.338889 0.0239583 0.140741 0.500679
0 0.209375 0.361111 0.0458333 0.233333 0.502183
0 0.585938 0.337963 0.028125 0.138889 0.503846
0 0.616146 0.321296 0.021875 0.109259 0.511402
0 0.615625 0.317593 0.0229167 0.109259 0.513311
0 0.465625 0.338889 0.0291667 0.155556 0.513608
0 0.585938 0.337963 0.0260417 0.135185 0.514808
0 0.464583 0.341667 0.03125 0.153704 0.519144
0 0.464063 0.342593 0.0322917 0.155556 0.520846
0 0.616146 0.321296 0.021875 0.109259 0.523751
0 0.26875 0.310185 0.0270833 0.0907407 0.525269
0 0.465625 0.338889 0.0291667 0.151852 0.533863
0 0.464063 0.343519 0.0322917 0.153704 0.549688
0 0.310937 0.35 0.040625 0.207407 0.550097
0 0.616146 0.318519 0.021875 0.111111 0.551549
0 0.310937 0.349074 0.040625 0.209259 0.555705
0 0.616146 0.318519 0.021875 0.111111 0.555947
0 0.585938 0.337963 0.0239583 0.135185 0.570062
0 0.556771 0.325 0.028125 0.127778 0.574164
0 0.209375 0.358333 0.0458333 0.231481 0.586003
0 0.585938 0.338889 0.0260417 0.137037 0.593925
0 0.269792 0.311111 0.025 0.0925926 0.595901
0 0.209375 0.358333 0.0458333 0.231481 0.596192
0 0.55625 0.322222 0.0270833 0.12963 0.596626
0 0.209375 0.358333 0.0458333 0.231481 0.598183
0 0.309896 0.35 0.0427083 0.211111 0.602203
0 0.308854 0.349074 0.0385417 0.205556 0.602784
0 0.585417 0.337963 0.025 0.135185 0.60429
0 0.309375 0.350926 0.0416667 0.209259 0.606838
0 0.585938 0.337037 0.0260417 0.133333 0.608853
0 0.309896 0.35 0.0427083 0.211111 0.611021
0 0.308854 0.35 0.040625 0.211111 0.612847
0 0.308854 0.35 0.0385417 0.207407 0.617282
0 0.557813 0.324074 0.028125 0.122222 0.617684
0 0.308333 0.35 0.0395833 0.211111 0.619822
0 0.308333 0.35 0.0395833 0.211111 0.620687
0 0.557813 0.323148 0.028125 0.12037 0.623768
0 0.557813 0.323148 0.028125 0.12037 0.628015
0 0.556771 0.325 0.028125 0.127778 0.628698
0 0.269792 0.311111 0.025 0.0925926 0.632028
0 0.616146 0.318519 0.0239583 0.111111 0.633001
0 0.556771 0.325 0.028125 0.127778 0.645768
0 0.55625 0.322222 0.0270833 0.12963 0.652162
0 0.269792 0.311111 0.025 0.0962963 0.657474
0 0.269792 0.311111 0.025 0.0962963 0.658805
0 0.938542 0.555556 0.122917 0.737037 0.661839
0 0.55625 0.323148 0.0270833 0.127778 0.66292
0 0.585938 0.337037 0.0260417 0.133333 0.668405
0 0.269792 0.311111 0.025 0.0962963 0.669524
0 0.811979 0.551852 0.128125 0.692593 0.672049
0 0.811979 0.551852 0.128125 0.685185 0.686398
0 0.309375 0.35 0.0395833 0.207407 0.689772
0 0.8125 0.55463 0.127083 0.668519 0.700112
0 0.938021 0.549074 0.123958 0.687037 0.704412
0 0.309375 0.35 0.0395833 0.207407 0.70485
0 0.585417 0.338889 0.025 0.137037 0.705073
0 0.938542 0.555556 0.122917 0.733333 0.709955
0 0.309375 0.35 0.0395833 0.207407 0.721819
0 0.309896 0.35 0.040625 0.211111 0.72224
0 0.309896 0.35 0.040625 0.214815 0.73727
0 0.586458 0.337963 0.025 0.135185 0.738752
0 0.586458 0.338889 0.025 0.137037 0.73923
0 0.585417 0.337963 0.025 0.138889 0.755639
0 0.585417 0.337963 0.025 0.138889 0.764119
0 0.9375 0.562037 0.125 0.735185 0.773238
0 0.9375 0.562037 0.125 0.731481 0.790756
0 0.939062 0.55463 0.121875 0.727778 0.795338
0 0.811979 0.553704 0.128125 0.666667 0.800997
0 0.809896 0.551852 0.132292 0.674074 0.825517
0 0.939062 0.552778 0.121875 0.724074 0.831513
0 0.9375 0.550926 0.125 0.690741 0.840506
0 0.811979 0.552778 0.128125 0.668519 0.871253
0 0.811458 0.552778 0.129167 0.668519 0.872168
0 0.810938 0.550926 0.128125 0.698148 0.886539
