0 0.198437 0.435185 0.0489583 0.262963 0.262462
0 0.494271 0.362963 0.021875 0.122222 0.266263
0 0.383333 0.342593 0.0166667 0.0666667 0.266383
0 0.611979 0.37037 0.0302083 0.133333 0.273088
0 0.196354 0.431481 0.0489583 0.244444 0.27445
0 0.5 0.373148 0.03125 0.127778 0.274868
0 0.388542 0.337037 0.0166667 0.0740741 0.275823
0 0.142188 0.509259 0.155208 0.488889 0.27623
0 0.389062 0.339815 0.015625 0.0759259 0.281276
0 0.384375 0.340741 0.01875 0.0703704 0.281825
0 0.507292 0.363889 0.0270833 0.109259 0.282214
0 0.192708 0.399074 0.0458333 0.187037 0.285154
0 0.49375 0.363889 0.0229167 0.12037 0.286067
0 0.49375 0.364815 0.0229167 0.122222 0.289167
24 0.719271 0.365741 0.034375 0.0981481 0.289639
0 0.611458 0.372222 0.0291667 0.133333 0.290603
0 0.533333 0.338889 0.0145833 0.062963 0.290664
0 0.496354 0.373148 0.0322917 0.135185 0.29132
0 0.6125 0.369444 0.0291667 0.131481 0.293278
0 0.392708 0.337037 0.01875 0.0740741 0.29585
0 0.695833 0.399074 0.0604167 0.27963 0.296488
0 0.611458 0.372222 0.0291667 0.133333 0.301758
24 0.719271 0.365741 0.034375 0.0981481 0.307639
0 0.533333 0.339815 0.0145833 0.0611111 0.309998
0 0.14375 0.527778 0.15625 0.47037 0.312407
0 0.611458 0.371296 0.0291667 0.131481 0.31269
0 0.532812 0.338889 0.015625 0.062963 0.316953
0 0.388542 0.339815 0.0166667 0.0759259 0.318202
0 0.494792 0.375926 0.025 0.12963 0.320401
0 0.533854 0.339815 0.015625 0.0685185 0.323576
0 0.491667 0.371296 0.0270833 0.135185 0.333723
0 0.533854 0.340741 0.015625 0.0703704 0.3375
0 0.704167 0.397222 0.0645833 0.275926 0.348546
0 0.613542 0.37037 0.0291667 0.12963 0.349022
0 0.444792 0.369444 0.0291667 0.135185 0.353537
0 0.389062 0.339815 0.015625 0.0722222 0.354167
0 0.701042 0.399074 0.06875 0.283333 0.354576
0 0.389062 0.339815 0.015625 0.0722222 0.355102
0 0.144271 0.527778 0.157292 0.488889 0.362998
0 0.389062 0.340741 0.015625 0.0740741 0.366352
0 0.532812 0.341667 0.015625 0.0685185 0.367407
0 0.145833 0.52037 0.160417 0.485185 0.36934
0 0.700521 0.4 0.0677083 0.281481 0.371661
0 0.14375 0.527778 0.15625 0.488889 0.37865
0 0.389062 0.339815 0.015625 0.0722222 0.392599
0 0.357292 0.357407 0.0208333 0.107407 0.394472
0 0.195833 0.439815 0.0541667 0.275926 0.402827
0 0.506771 0.365741 0.021875 0.105556 0.407234
0 0.494792 0.373148 0.0291667 0.135185 0.407616
0 0.704167 0.397222 0.0604167 0.283333 0.413863
0 0.703646 0.397222 0.0635417 0.272222 0.417539
0 0.501562 0.372222 0.028125 0.125926 0.418096
0 0.389062 0.339815 0.015625 0.0722222 0.420015
0 0.357292 0.358333 0.0208333 0.112963 0.424213
0 0.357292 0.357407 0.0208333 0.111111 0.425949
0 0.506771 0.366667 0.021875 0.107407 0.434184
0 0.196354 0.428704 0.0552083 0.272222 0.4356
0 0.533333 0.339815 0.0145833 0.0685185 0.438473
0 0.533854 0.340741 0.0135417 0.0666667 0.439041
0 0.507292 0.369444 0.0229167 0.105556 0.446438
0 0.679688 0.399074 0.0364583 0.264815 0.446625
0 0.144792 0.512963 0.160417 0.488889 0.449358
0 0.679688 0.398148 0.0364583 0.262963 0.453463
0 0.506771 0.366667 0.021875 0.103704 0.457741
0 0.679688 0.399074 0.0364583 0.264815 0.458345
0 0.613542 0.371296 0.0291667 0.135185 0.464058
0 0.494271 0.375926 0.0239583 0.137037 0.476295
0 0.613542 0.37037 0.0291667 0.133333 0.4765
0 0.613021 0.372222 0.028125 0.12963 0.478132
0 0.533333 0.340741 0.0145833 0.0666667 0.479001
0 0.533854 0.340741 0.0135417 0.0666667 0.48016
0 0.494271 0.375926 0.0239583 0.137037 0.480481
0 0.613021 0.372222 0.028125 0.12963 0.502223
0 0.196875 0.430556 0.0541667 0.268519 0.503913
0 0.507812 0.369444 0.021875 0.109259 0.505533
0 0.703646 0.396296 0.0635417 0.274074 0.506925
0 0.70625 0.399074 0.05625 0.283333 0.513306
0 0.507812 0.369444 0.021875 0.109259 0.514789
0 0.705729 0.399074 0.0572917 0.283333 0.517785
0 0.613021 0.372222 0.028125 0.12963 0.521941
0 0.705729 0.399074 0.0572917 0.283333 0.52604
0 0.69375 0.397222 0.0604167 0.272222 0.544362
0 0.69375 0.397222 0.0604167 0.272222 0.568586
0 0.195312 0.435185 0.053125 0.266667 0.574593
0 0.685417 0.398148 0.04375 0.274074 0.576157
0 0.684896 0.398148 0.0427083 0.274074 0.58113
0 0.685417 0.398148 0.04375 0.274074 0.581367
0 0.196354 0.430556 0.0510417 0.268519 0.59201
0 0.683854 0.397222 0.040625 0.264815 0.59384
0 0.702083 0.398148 0.0645833 0.281481 0.60243
0 0.198437 0.42963 0.0489583 0.259259 0.607208
0 0.445833 0.374074 0.0270833 0.151852 0.608424
0 0.69375 0.398148 0.0604167 0.274074 0.608484
0 0.445833 0.373148 0.0270833 0.153704 0.610411
0 0.196354 0.430556 0.0510417 0.268519 0.615528
0 0.7 0.4 0.0645833 0.277778 0.626868
0 0.613021 0.37037 0.028125 0.133333 0.63161
0 0.196354 0.430556 0.0510417 0.268519 0.634707
0 0.196354 0.430556 0.0510417 0.272222 0.639067
0 0.6125 0.37037 0.0291667 0.133333 0.64048
0 0.196354 0.430556 0.053125 0.272222 0.644594
0 0.195833 0.430556 0.0520833 0.272222 0.646124
0 0.358333 0.356481 0.01875 0.109259 0.650454
0 0.445833 0.373148 0.0291667 0.153704 0.655736
0 0.445833 0.372222 0.0291667 0.151852 0.657667
0 0.445833 0.373148 0.0291667 0.153704 0.660973
0 0.358333 0.356481 0.01875 0.109259 0.661462
0 0.358333 0.356481 0.01875 0.112963 0.663619
0 0.445833 0.371296 0.0291667 0.153704 0.671111
0 0.445833 0.372222 0.0291667 0.155556 0.683406
0 0.444792 0.371296 0.0291667 0.146296 0.685071
0 0.444792 0.37037 0.0291667 0.148148 0.687239
0 0.703646 0.399074 0.059375 0.283333 0.690964
0 0.196875 0.431481 0.05 0.262963 0.709116
0 0.357812 0.356481 0.0197917 0.105556 0.711086
0 0.145833 0.518519 0.1625 0.496296 0.717054
0 0.694271 0.399074 0.0552083 0.275926 0.717889
0 0.358333 0.355556 0.0208333 0.107407 0.724963
0 0.145313 0.517593 0.161458 0.494444 0.729807
0 0.445833 0.371296 0.0291667 0.153704 0.734429
0 0.6125 0.373148 0.0291667 0.131481 0.747993
0 0.444792 0.372222 0.0291667 0.151852 0.748477
0 0.6125 0.373148 0.0291667 0.131481 0.749944
0 0.613542 0.37037 0.0291667 0.133333 0.762185
0 0.613021 0.37037 0.028125 0.133333 0.767637
0 0.358333 0.358333 0.0208333 0.109259 0.775903
0 0.613021 0.37037 0.0302083 0.133333 0.777544
0 0.613021 0.37037 0.0302083 0.133333 0.777878
0 0.14375 0.511111 0.1625 0.503704 0.779604
0 0.142708 0.511111 0.15625 0.511111 0.781146
0 0.142188 0.512037 0.155208 0.509259 0.782748
0 0.444792 0.372222 0.0291667 0.155556 0.782765
0 0.6125 0.373148 0.0291667 0.131481 0.7834
0 0.6125 0.373148 0.0291667 0.131481 0.786207
0 0.144271 0.510185 0.163542 0.505556 0.79138
0 0.14375 0.512963 0.160417 0.5 0.792678
0 0.358333 0.357407 0.0208333 0.111111 0.793972
0 0.445312 0.372222 0.028125 0.151852 0.798254
0 0.6125 0.373148 0.0291667 0.131481 0.798367
0 0.6125 0.372222 0.0291667 0.133333 0.807438
0 0.358333 0.357407 0.0208333 0.111111 0.809049
0 0.14375 0.511111 0.1625 0.503704 0.813623
0 0.144271 0.512963 0.159375 0.5 0.824408
0 0.357812 0.356481 0.0197917 0.105556 0.825846
0 0.14375 0.512037 0.160417 0.498148 0.829261
0 0.444271 0.37037 0.028125 0.155556 0.851506
0 0.144271 0.513889 0.161458 0.498148 0.853036
0 0.444271 0.369444 0.028125 0.15 0.862241
0 0.144792 0.511111 0.160417 0.496296 0.88357
0 0.144792 0.511111 0.160417 0.492593 0.895292
0 0.144271 0.512963 0.159375 0.496296 0.898184
0 0.14375 0.513889 0.158333 0.498148 0.898545
