13 0.365625 0.633333 0.20625 0.144444 0.252109
0 0.314583 0.381481 0.025 0.125926 0.255791
0 0.408854 0.372222 0.021875 0.118519 0.257097
0 0.0911458 0.385185 0.0177083 0.0962963 0.259137
0 0.314063 0.381481 0.0239583 0.12963 0.262642
0 0.445833 0.372222 0.025 0.122222 0.2642
13 0.424479 0.767593 0.328125 0.412963 0.266625
0 0.0901042 0.387037 0.0177083 0.103704 0.267054
0 0.0901042 0.387037 0.0177083 0.103704 0.267873
0 0.80625 0.393519 0.0270833 0.15 0.268417
13 0.425 0.767593 0.329167 0.412963 0.270006
0 0.240104 0.384259 0.015625 0.0981481 0.270145
0 0.908854 0.57037 0.107292 0.566667 0.271324
0 0.806771 0.389815 0.028125 0.146296 0.275806
13 0.344271 0.459259 0.117708 0.0851852 0.279655
13 0.345833 0.453704 0.11875 0.0962963 0.280033
13 0.367708 0.628704 0.208333 0.138889 0.281365
0 0.314063 0.37963 0.0260417 0.125926 0.282393
0 0.314583 0.381481 0.025 0.12963 0.282956
0 0.405729 0.372222 0.0260417 0.122222 0.283673
13 0.367188 0.628704 0.209375 0.138889 0.284778
13 0.344792 0.460185 0.116667 0.0833333 0.286258
0 0.405208 0.373148 0.0208333 0.112963 0.28858
0 0.0901042 0.387037 0.0177083 0.103704 0.289973
0 0.806771 0.389815 0.028125 0.146296 0.293551
0 0.908333 0.571296 0.10625 0.572222 0.30056
0 0.404687 0.373148 0.021875 0.112963 0.301395
0 0.090625 0.388889 0.01875 0.0962963 0.306028
13 0.367188 0.635185 0.209375 0.144444 0.310925
0 0.240104 0.382407 0.0197917 0.0981481 0.311869
0 0.090625 0.389815 0.01875 0.0944444 0.312529
0 0.804688 0.391667 0.0239583 0.146296 0.313366
0 0.404687 0.373148 0.021875 0.112963 0.31831
13 0.367188 0.635185 0.209375 0.144444 0.318629
0 0.090625 0.388889 0.01875 0.0962963 0.31933
0 0.574479 0.383333 0.0364583 0.17037 0.320341
0 0.2375 0.384259 0.0166667 0.101852 0.323225
0 0.806771 0.388889 0.028125 0.144444 0.325157
0 0.239063 0.383333 0.0177083 0.1 0.328622
0 0.574479 0.384259 0.0364583 0.172222 0.329617
13 0.336458 0.45 0.141667 0.1 0.330533
0 0.405729 0.371296 0.028125 0.12037 0.334667
13 0.348958 0.450926 0.116667 0.0944444 0.335261
0 0.090625 0.388889 0.01875 0.0962963 0.338485
0 0.804688 0.391667 0.0239583 0.146296 0.339497
0 0.239063 0.37963 0.0177083 0.103704 0.344702
0 0.574479 0.383333 0.0364583 0.17037 0.344724
0 0.503646 0.386111 0.034375 0.153704 0.34779
13 0.368229 0.633333 0.209375 0.148148 0.354766
0 0.449479 0.372222 0.028125 0.1 0.355188
13 0.345833 0.452778 0.11875 0.0944444 0.358755
13 0.428646 0.778704 0.330208 0.401852 0.35904
0 0.503125 0.385185 0.0354167 0.155556 0.359196
13 0.345313 0.453704 0.119792 0.0962963 0.362371
0 0.806771 0.388889 0.028125 0.148148 0.367711
0 0.40625 0.37037 0.0270833 0.118519 0.373971
0 0.405729 0.373148 0.0260417 0.12037 0.374777
0 0.503125 0.386111 0.0354167 0.153704 0.378979
13 0.428646 0.77963 0.332292 0.403704 0.379188
0 0.449479 0.372222 0.028125 0.103704 0.382147
0 0.80625 0.389815 0.0270833 0.146296 0.382315
0 0.449479 0.371296 0.028125 0.101852 0.384876
0 0.314063 0.378704 0.0260417 0.124074 0.387618
0 0.467708 0.371296 0.0229167 0.0944444 0.388219
0 0.314063 0.372222 0.0260417 0.114815 0.38973
0 0.239063 0.382407 0.015625 0.0981481 0.390833
0 0.806771 0.388889 0.028125 0.144444 0.392259
0 0.236979 0.384259 0.015625 0.0981481 0.392899
0 0.239063 0.382407 0.015625 0.0981481 0.393343
13 0.429167 0.77963 0.33125 0.403704 0.397861
0 0.314063 0.372222 0.0260417 0.114815 0.400194
0 0.313542 0.378704 0.0270833 0.124074 0.401736
0 0.314063 0.372222 0.0260417 0.114815 0.403586
0 0.985417 0.576852 0.0291667 0.47963 0.403812
0 0.0911458 0.387963 0.0177083 0.0944444 0.416502
0 0.503125 0.386111 0.0333333 0.153704 0.416791
0 0.405729 0.371296 0.0260417 0.116667 0.418132
0 0.236979 0.384259 0.015625 0.0981481 0.418225
0 0.0911458 0.387963 0.0177083 0.0981481 0.424406
0 0.985417 0.575 0.0291667 0.509259 0.429636
0 0.503125 0.390741 0.0333333 0.155556 0.431073
0 0.314063 0.37963 0.0260417 0.125926 0.431144
0 0.0911458 0.387963 0.0177083 0.0981481 0.431243
0 0.503125 0.391667 0.0333333 0.153704 0.431486
0 0.45 0.375 0.03125 0.109259 0.435775
0 0.503125 0.391667 0.0333333 0.153704 0.435811
0 0.503125 0.386111 0.0333333 0.153704 0.436684
0 0.983854 0.581481 0.0322917 0.474074 0.446361
0 0.910417 0.561111 0.0979167 0.551852 0.461717
0 0.502604 0.391667 0.0322917 0.153704 0.467983
0 0.576563 0.384259 0.0364583 0.175926 0.470739
0 0.46875 0.372222 0.01875 0.0888889 0.483787
0 0.576563 0.385185 0.0364583 0.177778 0.486125
0 0.502604 0.391667 0.0322917 0.153704 0.486867
0 0.157292 0.394444 0.0270833 0.122222 0.488333
0 0.40625 0.371296 0.0270833 0.116667 0.498239
0 0.313542 0.37963 0.0270833 0.125926 0.507432
0 0.576563 0.384259 0.0364583 0.175926 0.510042
0 0.468229 0.371296 0.0197917 0.0907407 0.516589
0 0.910417 0.560185 0.0979167 0.553704 0.516662
0 0.314063 0.378704 0.0260417 0.127778 0.516842
0 0.46875 0.371296 0.01875 0.0907407 0.52142
0 0.157292 0.396296 0.0270833 0.122222 0.523901
0 0.574479 0.383333 0.0364583 0.181481 0.524466
0 0.314063 0.378704 0.0239583 0.124074 0.529078
0 0.40625 0.37037 0.0270833 0.114815 0.536551
0 0.574479 0.383333 0.0364583 0.181481 0.550287
0 0.40625 0.37037 0.0270833 0.111111 0.559718
0 0.40625 0.37037 0.0270833 0.111111 0.563543
0 0.40625 0.37037 0.025 0.118519 0.572393
0 0.467708 0.371296 0.01875 0.087037 0.578083
0 0.983854 0.584259 0.0322917 0.45 0.57843
0 0.157292 0.394444 0.0270833 0.122222 0.583104
0 0.157292 0.39537 0.0270833 0.12037 0.585715
0 0.445833 0.369444 0.0208333 0.112963 0.602362
0 0.467187 0.371296 0.0197917 0.0907407 0.604485
0 0.157813 0.396296 0.0260417 0.122222 0.612528
0 0.157813 0.397222 0.0260417 0.124074 0.613517
0 0.467708 0.371296 0.01875 0.087037 0.618717
0 0.314063 0.378704 0.0260417 0.124074 0.619409
0 0.157813 0.396296 0.0260417 0.122222 0.620585
0 0.575521 0.384259 0.0364583 0.183333 0.622476
0 0.445833 0.37037 0.0208333 0.114815 0.623435
0 0.157292 0.39537 0.0270833 0.12037 0.626405
0 0.445833 0.37037 0.0208333 0.114815 0.629119
0 0.445312 0.371296 0.021875 0.116667 0.632166
0 0.40625 0.371296 0.025 0.116667 0.638296
0 0.157292 0.393519 0.0270833 0.12037 0.638914
0 0.445312 0.371296 0.021875 0.116667 0.640929
0 0.445312 0.372222 0.021875 0.118519 0.644319
0 0.983854 0.584259 0.0322917 0.457407 0.646947
0 0.983854 0.584259 0.0322917 0.457407 0.64969
0 0.575521 0.385185 0.0364583 0.181481 0.651115
0 0.314063 0.37963 0.0239583 0.125926 0.653182
0 0.156771 0.39537 0.0260417 0.12037 0.653284
0 0.405208 0.37037 0.025 0.118519 0.656626
0 0.405208 0.37037 0.025 0.118519 0.657991
0 0.405208 0.37037 0.025 0.118519 0.661289
0 0.157292 0.394444 0.0270833 0.122222 0.663393
0 0.156771 0.393519 0.0260417 0.12037 0.668132
0 0.983854 0.581481 0.0322917 0.481481 0.669512
0 0.313542 0.377778 0.025 0.122222 0.678425
0 0.983854 0.581481 0.0322917 0.488889 0.680377
0 0.313542 0.378704 0.025 0.12037 0.690301
0 0.313542 0.378704 0.025 0.12037 0.696557
0 0.445833 0.371296 0.0208333 0.12037 0.696659
0 0.503125 0.388889 0.0333333 0.155556 0.716735
0 0.313542 0.375926 0.025 0.122222 0.71821
0 0.313542 0.375926 0.025 0.122222 0.719812
0 0.313542 0.376852 0.025 0.12037 0.720576
0 0.503125 0.391667 0.0333333 0.157407 0.730342
0 0.157292 0.394444 0.025 0.122222 0.734352
0 0.503125 0.389815 0.0333333 0.157407 0.738578
0 0.503125 0.391667 0.0333333 0.157407 0.74315
0 0.156771 0.39537 0.0260417 0.12037 0.746686
0 0.446354 0.371296 0.0197917 0.12037 0.752183
0 0.503646 0.388889 0.0322917 0.155556 0.753104
0 0.157292 0.394444 0.025 0.122222 0.753865
0 0.157292 0.39537 0.025 0.12037 0.755794
0 0.157292 0.394444 0.025 0.122222 0.76061
0 0.575521 0.384259 0.0385417 0.172222 0.770521
0 0.157292 0.394444 0.025 0.122222 0.771143
0 0.503646 0.389815 0.034375 0.153704 0.784205
0 0.575521 0.384259 0.0385417 0.172222 0.785925
0 0.576042 0.385185 0.0375 0.174074 0.791118
0 0.503125 0.389815 0.0333333 0.153704 0.800641
0 0.502604 0.390741 0.0322917 0.151852 0.80602
0 0.576042 0.385185 0.0375 0.174074 0.809512
0 0.502604 0.390741 0.0322917 0.155556 0.809972
0 0.908333 0.569444 0.104167 0.561111 0.818735
0 0.908333 0.569444 0.104167 0.564815 0.819967
0 0.503125 0.389815 0.0333333 0.153704 0.82517
0 0.575 0.384259 0.0375 0.175926 0.832509
0 0.909375 0.565741 0.102083 0.553704 0.837226
0 0.575 0.384259 0.0375 0.175926 0.849456
0 0.575 0.384259 0.0375 0.175926 0.860338
0 0.575521 0.385185 0.0364583 0.174074 0.860898
0 0.575521 0.386111 0.0364583 0.175926 0.866232
0 0.575521 0.385185 0.0364583 0.177778 0.87574
0 0.909375 0.566667 0.102083 0.555556 0.887903
0 0.909375 0.566667 0.104167 0.555556 0.896659
0 0.909896 0.567593 0.105208 0.553704 0.899211
0 0.909375 0.566667 0.102083 0.555556 0.902474
0 0.909375 0.566667 0.102083 0.555556 0.91165
0 0.907292 0.571296 0.104167 0.575926 0.919107
0 0.907292 0.571296 0.104167 0.57963 0.92016
