0 0.339583 0.32037 0.0229167 0.0814815 0.255879
0 0.339063 0.319444 0.021875 0.0833333 0.25678
0 0.526042 0.323148 0.0145833 0.0648148 0.262841
0 0.486979 0.335185 0.0197917 0.0851852 0.266791
0 0.365104 0.310185 0.015625 0.0685185 0.267477
0 0.473958 0.353704 0.0395833 0.144444 0.273798
0 0.146354 0.338889 0.028125 0.137037 0.280967
0 0.146354 0.343519 0.034375 0.142593 0.283047
0 0.370313 0.32037 0.015625 0.0703704 0.286314
0 0.488542 0.336111 0.0166667 0.0833333 0.288468
0 0.145833 0.342593 0.0333333 0.144444 0.289495
0 0.488021 0.335185 0.0197917 0.0888889 0.29982
0 0.4875 0.335185 0.01875 0.0888889 0.314093
0 0.506771 0.350926 0.0260417 0.135185 0.314457
0 0.642187 0.360185 0.0322917 0.15 0.321815
0 0.506771 0.351852 0.0260417 0.133333 0.322232
0 0.467187 0.35 0.028125 0.133333 0.323599
0 0.36875 0.313889 0.0166667 0.0759259 0.324688
0 0.202604 0.388889 0.090625 0.318519 0.330352
0 0.467187 0.353704 0.0260417 0.137037 0.331346
0 0.488021 0.337037 0.0177083 0.0851852 0.343139
0 0.636979 0.365741 0.0322917 0.175926 0.344285
0 0.36875 0.313889 0.0166667 0.0759259 0.347207
0 0.488542 0.337037 0.01875 0.0851852 0.351215
0 0.636979 0.364815 0.0302083 0.174074 0.352969
0 0.370313 0.321296 0.015625 0.0685185 0.359088
0 0.642708 0.360185 0.03125 0.15 0.35973
0 0.146875 0.344444 0.03125 0.140741 0.375789
0 0.197917 0.386111 0.0916667 0.32037 0.377542
0 0.202604 0.389815 0.090625 0.32037 0.381725
0 0.146875 0.343519 0.03125 0.142593 0.391839
0 0.202083 0.384259 0.0895833 0.32037 0.39322
0 0.291667 0.335185 0.03125 0.107407 0.398962
0 0.146875 0.344444 0.03125 0.140741 0.400698
0 0.370313 0.32037 0.015625 0.0666667 0.402411
0 0.146875 0.342593 0.0291667 0.144444 0.414009
0 0.146875 0.342593 0.0291667 0.144444 0.414444
0 0.339583 0.323148 0.0208333 0.0796296 0.416622
0 0.64375 0.359259 0.0270833 0.144444 0.421938
0 0.146354 0.344444 0.0302083 0.148148 0.422175
0 0.292188 0.334259 0.0302083 0.105556 0.426063
0 0.300521 0.335185 0.028125 0.103704 0.429125
0 0.340104 0.322222 0.021875 0.0777778 0.430018
0 0.146354 0.343519 0.0302083 0.15 0.437004
0 0.146875 0.344444 0.0291667 0.148148 0.439875
0 0.300521 0.336111 0.028125 0.105556 0.445543
0 0.292188 0.334259 0.0302083 0.105556 0.446243
0 0.3 0.336111 0.0291667 0.105556 0.450763
0 0.339583 0.322222 0.0208333 0.0777778 0.450834
0 0.639063 0.362963 0.0364583 0.174074 0.451755
0 0.197917 0.387963 0.09375 0.327778 0.479262
0 0.197917 0.388889 0.09375 0.32963 0.481966
0 0.639063 0.363889 0.034375 0.172222 0.482032
0 0.467187 0.353704 0.028125 0.155556 0.497433
0 0.467187 0.353704 0.028125 0.155556 0.501446
0 0.507812 0.35463 0.028125 0.127778 0.516582
0 0.507812 0.357407 0.028125 0.12963 0.528347
0 0.639063 0.364815 0.0364583 0.17037 0.547341
0 0.509375 0.355556 0.0270833 0.12963 0.571231
0 0.642708 0.362963 0.0333333 0.166667 0.582412
0 0.642187 0.362963 0.034375 0.166667 0.584579
0 0.639063 0.364815 0.034375 0.17037 0.586971
0 0.507812 0.35463 0.028125 0.127778 0.588291
0 0.293229 0.339815 0.0302083 0.101852 0.58972
0 0.467187 0.350926 0.028125 0.138889 0.598019
0 0.294792 0.337037 0.0333333 0.107407 0.6012
0 0.467187 0.35 0.028125 0.137037 0.601264
0 0.294792 0.336111 0.0333333 0.109259 0.60557
0 0.507292 0.356481 0.0270833 0.131481 0.608865
0 0.293229 0.338889 0.0302083 0.103704 0.62356
0 0.293229 0.338889 0.0302083 0.103704 0.623837
0 0.29375 0.337037 0.0333333 0.103704 0.631068
0 0.29375 0.337037 0.0333333 0.103704 0.633163
0 0.640104 0.364815 0.034375 0.166667 0.635194
0 0.638542 0.364815 0.0354167 0.17037 0.635904
0 0.294792 0.337037 0.0333333 0.107407 0.637847
0 0.640104 0.364815 0.034375 0.166667 0.646855
0 0.507812 0.35463 0.028125 0.127778 0.652554
0 0.29375 0.337037 0.0333333 0.103704 0.65602
0 0.294271 0.335185 0.0322917 0.107407 0.665578
0 0.294271 0.336111 0.0322917 0.105556 0.667053
0 0.340104 0.322222 0.0197917 0.0777778 0.667569
0 0.508854 0.355556 0.0260417 0.12963 0.668782
0 0.293229 0.337037 0.0302083 0.107407 0.669503
0 0.509375 0.355556 0.0270833 0.12963 0.670708
0 0.340625 0.325 0.01875 0.0833333 0.67495
0 0.507812 0.355556 0.0260417 0.12963 0.679692
0 0.294271 0.335185 0.0322917 0.107407 0.682784
0 0.639063 0.367593 0.034375 0.168519 0.683715
0 0.467187 0.353704 0.028125 0.151852 0.685652
0 0.639583 0.366667 0.0354167 0.17037 0.68593
0 0.340104 0.322222 0.0197917 0.0777778 0.688485
0 0.293229 0.336111 0.0302083 0.109259 0.693278
0 0.340104 0.324074 0.0197917 0.0814815 0.69371
0 0.340104 0.323148 0.0197917 0.0759259 0.694867
0 0.340104 0.324074 0.0197917 0.0814815 0.695853
0 0.639063 0.366667 0.034375 0.17037 0.702174
0 0.467187 0.35463 0.028125 0.15 0.706295
0 0.340104 0.322222 0.0177083 0.0777778 0.707199
0 0.467187 0.353704 0.028125 0.155556 0.717029
0 0.292708 0.336111 0.03125 0.109259 0.717299
0 0.339583 0.322222 0.01875 0.0814815 0.719639
0 0.467187 0.35463 0.028125 0.15 0.752488
0 0.467187 0.35463 0.028125 0.153704 0.757276
0 0.467187 0.35463 0.028125 0.15 0.7636
0 0.507812 0.355556 0.0260417 0.133333 0.764934
0 0.507812 0.355556 0.0260417 0.133333 0.766435
0 0.507812 0.356481 0.0260417 0.127778 0.778594
0 0.467187 0.352778 0.028125 0.15 0.823077
0 0.467187 0.352778 0.028125 0.146296 0.833882
0 0.2 0.388889 0.0916667 0.325926 0.841394
0 0.2 0.389815 0.0916667 0.331481 0.846891
0 0.199479 0.389815 0.090625 0.327778 0.851057
0 0.199479 0.388889 0.090625 0.32963 0.85144
0 0.200521 0.389815 0.090625 0.324074 0.858691
0 0.2 0.388889 0.0916667 0.325926 0.869949
0 0.200521 0.389815 0.090625 0.324074 0.874278
0 0.2 0.388889 0.0916667 0.32963 0.8798
0 0.2 0.388889 0.0916667 0.32963 0.882256
0 0.2 0.388889 0.0916667 0.32963 0.882932
