0 0.146875 0.497222 0.0333333 0.164815 0.250556
0 0.0645833 0.483333 0.0333333 0.111111 0.25132
0 0.961458 0.45 0.05 0.27037 0.264144
0 0.426042 0.447222 0.025 0.0759259 0.265876
0 0.0645833 0.483333 0.0333333 0.114815 0.273225
0 0.960938 0.446296 0.0510417 0.274074 0.273671
0 0.0645833 0.483333 0.0333333 0.111111 0.279821
0 0.417188 0.44537 0.015625 0.0833333 0.280108
0 0.272396 0.455556 0.0197917 0.0814815 0.280315
28 0.071875 0.60463 0.0416667 0.0796296 0.281951
0 0.960417 0.449074 0.05 0.272222 0.28275
0 0.103646 0.537963 0.065625 0.272222 0.283139
0 0.272396 0.45463 0.0197917 0.0796296 0.284793
0 0.219271 0.449074 0.015625 0.0648148 0.289894
26 0.0729167 0.600926 0.0416667 0.0833333 0.293265
0 0.468229 0.453704 0.0322917 0.0962963 0.295908
0 0.272396 0.45463 0.0197917 0.0796296 0.302135
26 0.0729167 0.601852 0.0416667 0.0814815 0.303557
0 0.103125 0.537963 0.0666667 0.275926 0.3049
0 0.219271 0.449074 0.0177083 0.0648148 0.304908
0 0.219271 0.45 0.0177083 0.0666667 0.305094
0 0.454167 0.458333 0.0145833 0.0907407 0.306401
28 0.0734375 0.603704 0.0447917 0.0814815 0.312691
0 0.219271 0.45 0.015625 0.0666667 0.3143
0 0.417188 0.444444 0.015625 0.0814815 0.315297
0 0.466667 0.455556 0.0291667 0.0962963 0.315856
0 0.959375 0.449074 0.0479167 0.27963 0.315885
0 0.454167 0.458333 0.0166667 0.0907407 0.316853
28 0.0723958 0.603704 0.0427083 0.0777778 0.317821
28 0.0734375 0.603704 0.0447917 0.0814815 0.320052
28 0.075 0.601852 0.0458333 0.0814815 0.320812
0 0.959896 0.45 0.046875 0.277778 0.321512
0 0.138021 0.503704 0.0322917 0.177778 0.323008
28 0.0723958 0.603704 0.0427083 0.0777778 0.3238
0 0.219792 0.450926 0.0166667 0.0648148 0.328157
0 0.0651042 0.497222 0.034375 0.138889 0.329913
0 0.453646 0.458333 0.015625 0.0907407 0.329928
0 0.219271 0.449074 0.0177083 0.0648148 0.33141
0 0.0651042 0.497222 0.034375 0.138889 0.3318
0 0.959896 0.45 0.046875 0.277778 0.336456
0 0.138542 0.503704 0.03125 0.177778 0.338736
0 0.419792 0.449074 0.0166667 0.0796296 0.341088
28 0.0744792 0.601852 0.046875 0.0814815 0.343588
0 0.219271 0.449074 0.015625 0.0648148 0.34634
28 0.075 0.601852 0.0479167 0.0814815 0.346663
0 0.417188 0.444444 0.015625 0.0814815 0.348132
28 0.0734375 0.603704 0.0427083 0.0814815 0.350745
0 0.419271 0.449074 0.015625 0.0796296 0.351913
0 0.0213542 0.514815 0.0385417 0.188889 0.352869
0 0.0645833 0.487963 0.0333333 0.127778 0.353971
0 0.0645833 0.488889 0.0333333 0.133333 0.354708
0 0.454167 0.455556 0.0145833 0.0851852 0.356108
0 0.476042 0.451852 0.01875 0.0962963 0.356798
28 0.0734375 0.602778 0.0427083 0.0833333 0.3576
0 0.148438 0.497222 0.0322917 0.161111 0.358221
0 0.0197917 0.506481 0.0395833 0.198148 0.359614
0 0.0197917 0.505556 0.0395833 0.196296 0.360186
0 0.0645833 0.488889 0.0333333 0.125926 0.361764
0 0.147917 0.497222 0.03125 0.164815 0.36221
0 0.0213542 0.515741 0.0385417 0.187037 0.36445
0 0.454167 0.45463 0.0166667 0.087037 0.367498
0 0.454167 0.45463 0.0166667 0.087037 0.37637
0 0.959375 0.448148 0.0479167 0.281481 0.377395
0 0.419271 0.448148 0.015625 0.0777778 0.37848
0 0.959896 0.448148 0.0489583 0.281481 0.382074
0 0.147917 0.500926 0.03125 0.161111 0.383399
0 0.959375 0.447222 0.0479167 0.283333 0.389219
0 0.147917 0.5 0.03125 0.162963 0.390984
0 0.478125 0.452778 0.0166667 0.0944444 0.394551
0 0.6625 0.523148 0.0520833 0.309259 0.396632
0 0.477604 0.452778 0.0177083 0.0944444 0.400167
0 0.419271 0.446296 0.015625 0.0777778 0.404851
0 0.219792 0.449074 0.0166667 0.0648148 0.405809
0 0.472396 0.452778 0.021875 0.0944444 0.424192
0 0.478125 0.452778 0.0166667 0.0944444 0.425072
0 0.476042 0.451852 0.01875 0.1 0.430044
0 0.472396 0.452778 0.021875 0.0981481 0.439121
0 0.472396 0.452778 0.021875 0.0981481 0.445921
0 0.478646 0.450926 0.0177083 0.0981481 0.462833
0 0.663021 0.525 0.053125 0.316667 0.468759
0 0.478646 0.450926 0.015625 0.0944444 0.469788
0 0.478646 0.45 0.015625 0.0962963 0.475874
0 0.419271 0.446296 0.015625 0.0814815 0.486079
0 0.570833 0.484259 0.0333333 0.146296 0.491565
0 0.419271 0.446296 0.015625 0.0814815 0.49306
0 0.46875 0.452778 0.025 0.0944444 0.493993
0 0.0640625 0.487963 0.034375 0.116667 0.495923
0 0.570833 0.483333 0.0333333 0.148148 0.507144
0 0.103646 0.539815 0.059375 0.27963 0.511159
0 0.103125 0.537963 0.0625 0.275926 0.512272
0 0.0640625 0.487037 0.034375 0.114815 0.512618
0 0.469271 0.452778 0.0239583 0.0981481 0.515795
0 0.0635417 0.487963 0.0354167 0.116667 0.516219
0 0.469271 0.452778 0.0239583 0.0981481 0.520664
0 0.419271 0.446296 0.015625 0.0814815 0.520901
0 0.105208 0.536111 0.0583333 0.272222 0.521921
0 0.41875 0.44537 0.0145833 0.0759259 0.521952
0 0.0635417 0.487963 0.0354167 0.116667 0.528542
0 0.102083 0.536111 0.0625 0.298148 0.528599
0 0.0640625 0.487963 0.034375 0.116667 0.535943
0 0.103646 0.539815 0.059375 0.27963 0.545271
0 0.104167 0.541667 0.0583333 0.290741 0.549935
0 0.0640625 0.487037 0.034375 0.114815 0.552029
0 0.146354 0.502778 0.034375 0.168519 0.55587
0 0.146354 0.502778 0.034375 0.168519 0.556046
0 0.571354 0.481481 0.034375 0.151852 0.565816
0 0.146354 0.502778 0.034375 0.172222 0.566267
0 0.571354 0.481481 0.034375 0.151852 0.571353
0 0.103646 0.540741 0.059375 0.281481 0.574159
0 0.145833 0.503704 0.0354167 0.17037 0.579837
0 0.0640625 0.491667 0.034375 0.135185 0.583944
0 0.0645833 0.492593 0.0333333 0.137037 0.594242
0 0.105208 0.539815 0.0583333 0.275926 0.596781
0 0.663021 0.525 0.0552083 0.316667 0.619009
0 0.0645833 0.493519 0.0333333 0.138889 0.623503
0 0.0640625 0.492593 0.034375 0.133333 0.625144
0 0.144792 0.50463 0.0354167 0.172222 0.631997
0 0.021875 0.512037 0.0395833 0.187037 0.632418
0 0.105208 0.539815 0.0583333 0.275926 0.633199
0 0.145833 0.502778 0.0354167 0.164815 0.636419
0 0.0640625 0.492593 0.034375 0.133333 0.636702
0 0.021875 0.512037 0.0395833 0.187037 0.641669
0 0.145833 0.503704 0.0354167 0.17037 0.642883
0 0.145313 0.503704 0.0364583 0.174074 0.64359
0 0.0640625 0.491667 0.034375 0.131481 0.644566
0 0.144792 0.503704 0.0354167 0.174074 0.646961
0 0.664062 0.527778 0.0552083 0.307407 0.651653
0 0.665625 0.528704 0.0583333 0.312963 0.654365
0 0.145313 0.502778 0.034375 0.164815 0.662443
0 0.665625 0.528704 0.0583333 0.312963 0.672842
0 0.104687 0.539815 0.0572917 0.275926 0.678195
0 0.105208 0.539815 0.0583333 0.275926 0.683944
0 0.665625 0.528704 0.0583333 0.312963 0.685706
0 0.0213542 0.507407 0.040625 0.196296 0.689589
0 0.145833 0.502778 0.0354167 0.172222 0.690983
0 0.104687 0.537037 0.059375 0.27037 0.691112
0 0.105208 0.541667 0.0583333 0.27963 0.695717
0 0.145313 0.5 0.0364583 0.166667 0.699542
0 0.105208 0.540741 0.0583333 0.277778 0.705062
0 0.145313 0.5 0.0364583 0.166667 0.70962
0 0.570833 0.484259 0.0354167 0.157407 0.721311
0 0.105208 0.540741 0.0583333 0.277778 0.723454
0 0.664583 0.52963 0.0541667 0.314815 0.725094
0 0.570312 0.484259 0.034375 0.157407 0.727668
0 0.570312 0.485185 0.034375 0.155556 0.728189
0 0.0208333 0.509259 0.0395833 0.192593 0.72821
0 0.0213542 0.507407 0.040625 0.196296 0.731815
0 0.664583 0.528704 0.0541667 0.312963 0.733804
0 0.0213542 0.512037 0.040625 0.194444 0.734409
0 0.0203125 0.509259 0.040625 0.192593 0.738804
0 0.0213542 0.508333 0.040625 0.198148 0.744935
0 0.664062 0.52963 0.0552083 0.314815 0.745998
0 0.0213542 0.512037 0.040625 0.194444 0.746981
0 0.0213542 0.510185 0.040625 0.194444 0.747003
0 0.571354 0.484259 0.034375 0.153704 0.750149
0 0.571354 0.484259 0.034375 0.15 0.756999
0 0.0213542 0.512037 0.040625 0.194444 0.760495
0 0.571354 0.484259 0.034375 0.153704 0.760559
0 0.664583 0.527778 0.05625 0.311111 0.761128
0 0.664583 0.52963 0.05625 0.307407 0.761541
0 0.0213542 0.509259 0.040625 0.196296 0.765423
0 0.665104 0.527778 0.0552083 0.311111 0.765498
0 0.571354 0.484259 0.034375 0.153704 0.772902
0 0.6625 0.526852 0.05625 0.32037 0.773116
0 0.571354 0.483333 0.034375 0.151852 0.779059
0 0.665104 0.528704 0.0552083 0.309259 0.781941
0 0.0213542 0.510185 0.040625 0.194444 0.78278
0 0.571354 0.484259 0.034375 0.153704 0.792836
0 0.570833 0.484259 0.0333333 0.153704 0.795351
0 0.571354 0.484259 0.034375 0.153704 0.799903
0 0.665104 0.527778 0.0552083 0.311111 0.804777
