0 0.482292 0.325926 0.0166667 0.0814815 0.253021
0 0.192708 0.310185 0.0333333 0.17963 0.253367
0 0.375521 0.309259 0.0177083 0.062963 0.255136
0 0.190625 0.32037 0.0333333 0.188889 0.258499
0 0.482812 0.324074 0.0177083 0.0851852 0.260383
0 0.192708 0.310185 0.0333333 0.17963 0.263287
0 0.192708 0.311111 0.0333333 0.177778 0.266362
0 0.482812 0.324074 0.0177083 0.0814815 0.272572
0 0.646354 0.337963 0.0239583 0.12037 0.275703
0 0.644792 0.348148 0.025 0.137037 0.280454
0 0.646354 0.337963 0.0239583 0.12037 0.280592
0 0.509375 0.336111 0.03125 0.131481 0.283762
0 0.482292 0.325926 0.0166667 0.0814815 0.288379
0 0.211458 0.362963 0.0625 0.285185 0.298126
0 0.370833 0.307407 0.01875 0.0666667 0.29943
0 0.482292 0.325926 0.0166667 0.0814815 0.299945
0 0.371354 0.306481 0.0177083 0.0685185 0.316483
0 0.371354 0.306481 0.0177083 0.0685185 0.317379
0 0.501562 0.340741 0.0489583 0.137037 0.317716
0 0.371354 0.307407 0.0177083 0.0666667 0.334907
0 0.623438 0.35 0.0364583 0.159259 0.34409
0 0.623438 0.35 0.0364583 0.159259 0.352598
0 0.502083 0.340741 0.0479167 0.140741 0.354427
0 0.214583 0.374074 0.0625 0.285185 0.356612
0 0.214583 0.374074 0.0625 0.285185 0.36064
0 0.214062 0.373148 0.0614583 0.287037 0.361167
0 0.300521 0.32037 0.0322917 0.0925926 0.362424
0 0.301562 0.32037 0.0302083 0.0925926 0.366902
0 0.300521 0.323148 0.0322917 0.0944444 0.3672
0 0.211979 0.373148 0.0677083 0.301852 0.370968
0 0.300521 0.322222 0.0322917 0.0925926 0.373855
0 0.0791667 0.450926 0.135417 0.564815 0.378443
0 0.464063 0.338889 0.0302083 0.159259 0.383088
0 0.08125 0.45 0.133333 0.574074 0.383278
0 0.464583 0.338889 0.03125 0.159259 0.385185
0 0.302083 0.321296 0.03125 0.0907407 0.387574
0 0.213021 0.362963 0.0677083 0.303704 0.390096
0 0.334375 0.307407 0.01875 0.0703704 0.39374
0 0.0791667 0.450926 0.135417 0.568519 0.394352
0 0.300521 0.322222 0.0322917 0.0925926 0.400118
0 0.506771 0.339815 0.0322917 0.131481 0.400303
0 0.333854 0.307407 0.0197917 0.0703704 0.403961
0 0.300521 0.321296 0.0322917 0.0907407 0.405858
0 0.300521 0.32037 0.0322917 0.0851852 0.407297
0 0.302083 0.321296 0.03125 0.0907407 0.410491
0 0.300521 0.319444 0.0322917 0.087037 0.412167
0 0.629687 0.349074 0.0510417 0.15 0.412638
0 0.507292 0.341667 0.03125 0.135185 0.415038
0 0.644792 0.350926 0.0270833 0.142593 0.417511
0 0.08125 0.452778 0.135417 0.564815 0.420168
0 0.333854 0.307407 0.0197917 0.0703704 0.423703
0 0.300521 0.324074 0.0322917 0.0851852 0.423831
0 0.300521 0.32037 0.0322917 0.0888889 0.425156
0 0.213542 0.369444 0.0625 0.287037 0.42981
0 0.3 0.319444 0.0333333 0.087037 0.433062
0 0.300521 0.324074 0.0322917 0.0851852 0.443269
0 0.629167 0.35 0.0479167 0.151852 0.448918
0 0.078125 0.461111 0.14375 0.559259 0.452445
0 0.078125 0.460185 0.14375 0.561111 0.457229
0 0.300521 0.324074 0.0322917 0.0851852 0.459959
0 0.644792 0.350926 0.0270833 0.142593 0.46667
0 0.509375 0.337037 0.03125 0.137037 0.469831
0 0.508854 0.337037 0.0322917 0.137037 0.475399
0 0.644271 0.348148 0.0260417 0.137037 0.477037
0 0.629167 0.349074 0.0479167 0.153704 0.484976
0 0.464583 0.335185 0.03125 0.144444 0.495152
0 0.464583 0.336111 0.03125 0.142593 0.503839
0 0.301562 0.321296 0.0322917 0.0944444 0.514767
0 0.645312 0.347222 0.0239583 0.131481 0.515501
0 0.2125 0.372222 0.0645833 0.3 0.53255
0 0.301562 0.321296 0.0322917 0.0944444 0.53631
0 0.334375 0.308333 0.0208333 0.0722222 0.560144
0 0.464583 0.337037 0.03125 0.144444 0.560648
0 0.211979 0.37037 0.065625 0.292593 0.561077
0 0.301042 0.322222 0.03125 0.0925926 0.561918
0 0.0796875 0.460185 0.138542 0.564815 0.562428
0 0.211979 0.37037 0.065625 0.307407 0.565405
0 0.301562 0.321296 0.0322917 0.0944444 0.566548
0 0.644792 0.347222 0.025 0.135185 0.568867
0 0.507812 0.338889 0.0322917 0.137037 0.572234
0 0.507812 0.338889 0.0322917 0.140741 0.579032
0 0.334375 0.308333 0.0208333 0.0722222 0.579978
0 0.645312 0.350926 0.0260417 0.142593 0.582285
0 0.211979 0.369444 0.0677083 0.294444 0.584109
0 0.334375 0.308333 0.0208333 0.0722222 0.586919
0 0.0796875 0.459259 0.136458 0.574074 0.58853
0 0.333854 0.308333 0.0197917 0.0722222 0.591113
0 0.301042 0.322222 0.03125 0.0925926 0.595989
0 0.301042 0.32037 0.03125 0.0888889 0.596882
0 0.333854 0.308333 0.021875 0.0722222 0.605285
0 0.301042 0.32037 0.03125 0.0888889 0.605422
0 0.213542 0.371296 0.0604167 0.27963 0.605553
0 0.464063 0.335185 0.028125 0.155556 0.605722
0 0.301042 0.322222 0.03125 0.0925926 0.607087
0 0.333333 0.308333 0.0208333 0.0722222 0.607281
0 0.507812 0.338889 0.0322917 0.137037 0.611619
0 0.464063 0.335185 0.028125 0.155556 0.613891
0 0.465104 0.337963 0.0302083 0.15 0.616049
0 0.301042 0.32037 0.03125 0.0888889 0.617221
0 0.333333 0.307407 0.0208333 0.0703704 0.621815
0 0.465104 0.337963 0.0302083 0.15 0.632068
0 0.464583 0.336111 0.03125 0.153704 0.633251
0 0.619271 0.348148 0.0322917 0.17037 0.635202
0 0.464583 0.336111 0.03125 0.153704 0.637916
0 0.619271 0.348148 0.0322917 0.17037 0.639031
0 0.619271 0.348148 0.0322917 0.17037 0.64016
0 0.645312 0.348148 0.0239583 0.140741 0.641985
0 0.465104 0.337963 0.0302083 0.15 0.643586
0 0.645312 0.347222 0.0239583 0.138889 0.645975
0 0.507812 0.340741 0.0302083 0.140741 0.651307
0 0.507812 0.341667 0.0302083 0.138889 0.660497
0 0.506771 0.339815 0.0322917 0.138889 0.670601
0 0.507292 0.339815 0.0333333 0.138889 0.670923
0 0.333854 0.307407 0.0197917 0.0703704 0.67642
0 0.507812 0.341667 0.0322917 0.138889 0.693672
0 0.645312 0.348148 0.0260417 0.148148 0.695085
0 0.507812 0.341667 0.0322917 0.138889 0.706239
0 0.645312 0.347222 0.0260417 0.146296 0.707797
0 0.507812 0.341667 0.0322917 0.138889 0.730402
0 0.2125 0.366667 0.0625 0.292593 0.735847
0 0.2125 0.365741 0.0625 0.294444 0.747513
0 0.619792 0.348148 0.03125 0.17037 0.749996
0 0.644792 0.348148 0.025 0.137037 0.755035
0 0.619792 0.348148 0.03125 0.174074 0.763413
0 0.2125 0.366667 0.0625 0.292593 0.767684
0 0.2125 0.369444 0.0645833 0.294444 0.768629
0 0.2125 0.369444 0.0645833 0.294444 0.776299
0 0.2125 0.368519 0.0645833 0.292593 0.776899
0 0.619792 0.348148 0.03125 0.174074 0.784466
0 0.619792 0.35 0.03125 0.17037 0.798784
0 0.619792 0.349074 0.03125 0.172222 0.801306
0 0.0796875 0.455556 0.138542 0.562963 0.801495
0 0.2125 0.37037 0.0645833 0.292593 0.804197
0 0.0796875 0.455556 0.138542 0.562963 0.80446
0 0.211979 0.37037 0.0635417 0.292593 0.812651
0 0.619792 0.346296 0.0333333 0.17037 0.819112
0 0.0817708 0.457407 0.132292 0.562963 0.822751
0 0.619792 0.347222 0.0333333 0.172222 0.826584
0 0.0822917 0.457407 0.133333 0.555556 0.83928
0 0.0802083 0.453704 0.133333 0.57037 0.856128
0 0.0807292 0.453704 0.132292 0.57037 0.858062
0 0.0791667 0.455556 0.141667 0.562963 0.887505
0 0.0791667 0.455556 0.139583 0.562963 0.897074
