0 0.603646 0.322222 0.0447917 0.125926 0.251599
13 0.24375 0.80463 0.45 0.372222 0.257221
0 0.318229 0.293519 0.015625 0.0611111 0.25831
13 0.244271 0.80463 0.451042 0.375926 0.262606
0 0.595312 0.325926 0.0239583 0.118519 0.262663
13 0.243229 0.80463 0.451042 0.375926 0.267063
0 0.0598958 0.337963 0.0635417 0.183333 0.268569
0 0.371875 0.311111 0.0229167 0.1 0.269829
0 0.316667 0.288889 0.0145833 0.0666667 0.27097
0 0.499479 0.330556 0.021875 0.087037 0.271072
0 0.595312 0.325926 0.0239583 0.118519 0.271343
0 0.496875 0.330556 0.025 0.0907407 0.271623
0 0.451042 0.326852 0.025 0.135185 0.273544
0 0.450521 0.331481 0.028125 0.140741 0.273795
13 0.236458 0.80463 0.447917 0.372222 0.274404
13 0.235938 0.80463 0.448958 0.375926 0.274951
13 0.235417 0.80463 0.447917 0.375926 0.276943
0 0.318229 0.293519 0.015625 0.0611111 0.277465
0 0.449479 0.333333 0.028125 0.140741 0.280868
0 0.766667 0.37963 0.0604167 0.381481 0.281651
0 0.450521 0.327778 0.0260417 0.137037 0.282032
0 0.477083 0.326852 0.0229167 0.112963 0.28646
0 0.371354 0.312037 0.021875 0.101852 0.290826
0 0.0625 0.341667 0.05625 0.17963 0.292983
0 0.4875 0.332407 0.0395833 0.0907407 0.303175
0 0.0625 0.341667 0.05625 0.17963 0.303875
0 0.0598958 0.338889 0.0614583 0.185185 0.304019
0 0.528646 0.296296 0.0177083 0.0666667 0.304796
0 0.767708 0.37963 0.0604167 0.381481 0.304932
0 0.371875 0.311111 0.0229167 0.1 0.304996
0 0.767187 0.380556 0.059375 0.383333 0.305772
0 0.606771 0.322222 0.0447917 0.125926 0.306089
0 0.770833 0.383333 0.0833333 0.4 0.308554
0 0.496875 0.330556 0.025 0.0907407 0.308962
0 0.105729 0.30463 0.0197917 0.0759259 0.314849
0 0.735417 0.375 0.0479167 0.361111 0.315344
0 0.527083 0.297222 0.0166667 0.0722222 0.316073
0 0.526042 0.297222 0.0166667 0.0722222 0.316427
0 0.496875 0.330556 0.025 0.0907407 0.317142
0 0.105729 0.303704 0.0197917 0.0777778 0.317562
0 0.499479 0.32963 0.021875 0.0888889 0.317762
0 0.499479 0.330556 0.021875 0.0907407 0.318256
0 0.735417 0.375 0.0479167 0.357407 0.323824
0 0.478646 0.325926 0.0239583 0.1 0.327833
0 0.525521 0.296296 0.0197917 0.0777778 0.329678
0 0.105729 0.30463 0.0197917 0.0796296 0.33173
0 0.735937 0.373148 0.0489583 0.357407 0.33351
0 0.451042 0.330556 0.0270833 0.138889 0.334508
0 0.105729 0.303704 0.0197917 0.0740741 0.335835
0 0.105729 0.303704 0.0197917 0.0777778 0.335958
0 0.477083 0.326852 0.0229167 0.112963 0.337023
0 0.526563 0.297222 0.0177083 0.0722222 0.343539
0 0.451042 0.330556 0.0270833 0.138889 0.343747
0 0.477083 0.325926 0.0229167 0.111111 0.344792
24 0.803125 0.332407 0.04375 0.12037 0.348337
0 0.448958 0.332407 0.0270833 0.142593 0.348878
0 0.482812 0.32963 0.0302083 0.0962963 0.351183
0 0.104687 0.305556 0.0197917 0.0777778 0.351331
0 0.105729 0.30463 0.0197917 0.0796296 0.353977
0 0.479167 0.325926 0.0229167 0.103704 0.356923
0 0.498958 0.332407 0.0229167 0.087037 0.365348
0 0.479167 0.326852 0.0229167 0.101852 0.367137
24 0.803125 0.331481 0.04375 0.125926 0.369053
0 0.477604 0.32963 0.0239583 0.0925926 0.372194
24 0.803125 0.332407 0.04375 0.127778 0.377538
24 0.803646 0.333333 0.0447917 0.118519 0.380296
0 0.622917 0.315741 0.0229167 0.116667 0.386031
0 0.622396 0.317593 0.0197917 0.12037 0.389339
0 0.104687 0.302778 0.0197917 0.0796296 0.398176
0 0.527083 0.297222 0.0166667 0.0722222 0.399095
24 0.803125 0.333333 0.0458333 0.122222 0.404034
24 0.802604 0.334259 0.0447917 0.138889 0.404358
24 0.803125 0.334259 0.0458333 0.124074 0.408948
24 0.802604 0.333333 0.046875 0.118519 0.409315
24 0.803125 0.333333 0.04375 0.122222 0.414914
0 0.527083 0.29537 0.0166667 0.0722222 0.41659
24 0.802604 0.334259 0.0447917 0.131481 0.421674
0 0.477604 0.32963 0.0239583 0.0962963 0.422373
24 0.803125 0.335185 0.0458333 0.122222 0.422974
24 0.803125 0.332407 0.0458333 0.116667 0.426793
0 0.527083 0.297222 0.0166667 0.0722222 0.428186
0 0.477604 0.32963 0.0239583 0.0962963 0.435351
24 0.802604 0.334259 0.0447917 0.131481 0.44036
0 0.451562 0.331481 0.028125 0.140741 0.447471
24 0.803646 0.335185 0.0447917 0.122222 0.448562
0 0.450521 0.32963 0.0260417 0.133333 0.448597
0 0.738021 0.375926 0.053125 0.362963 0.449462
24 0.803125 0.332407 0.0458333 0.116667 0.450388
0 0.367708 0.312037 0.0208333 0.109259 0.453153
0 0.527604 0.296296 0.0177083 0.0703704 0.455505
0 0.451042 0.32963 0.025 0.133333 0.458477
0 0.527083 0.298148 0.0166667 0.0703704 0.459056
0 0.622396 0.317593 0.0197917 0.124074 0.462727
0 0.368229 0.312963 0.0197917 0.107407 0.462821
0 0.622917 0.318519 0.0208333 0.125926 0.464013
0 0.366667 0.313889 0.01875 0.105556 0.474835
0 0.367708 0.312963 0.0208333 0.107407 0.477492
0 0.527083 0.296296 0.0145833 0.0740741 0.478032
0 0.771354 0.384259 0.084375 0.405556 0.495663
0 0.773958 0.383333 0.075 0.418519 0.505482
0 0.526563 0.296296 0.015625 0.0703704 0.508055
0 0.451562 0.330556 0.028125 0.142593 0.517755
0 0.452083 0.331481 0.0291667 0.140741 0.518063
0 0.0604167 0.341667 0.05625 0.183333 0.538354
0 0.0604167 0.340741 0.05625 0.181481 0.543862
0 0.450521 0.331481 0.028125 0.144444 0.551905
0 0.594792 0.323148 0.0270833 0.124074 0.562582
0 0.746354 0.378704 0.0614583 0.375926 0.576185
0 0.369271 0.313889 0.021875 0.105556 0.588225
0 0.408854 0.327778 0.028125 0.162963 0.590682
0 0.408854 0.328704 0.0302083 0.161111 0.596606
0 0.594271 0.324074 0.028125 0.122222 0.597143
0 0.594792 0.322222 0.0270833 0.122222 0.606892
0 0.622917 0.312037 0.0208333 0.105556 0.625472
0 0.36875 0.313889 0.0208333 0.112963 0.630071
0 0.36875 0.313889 0.0208333 0.109259 0.631339
0 0.594792 0.325926 0.025 0.118519 0.633638
0 0.622396 0.314815 0.021875 0.114815 0.637254
0 0.0619792 0.338889 0.0572917 0.177778 0.637868
0 0.594792 0.323148 0.0270833 0.124074 0.64156
0 0.622917 0.312037 0.0208333 0.109259 0.648896
0 0.622917 0.312037 0.0208333 0.109259 0.649531
0 0.594792 0.322222 0.0270833 0.122222 0.650402
0 0.451042 0.331481 0.0270833 0.140741 0.650433
0 0.0598958 0.337963 0.059375 0.17963 0.654843
0 0.595312 0.322222 0.0260417 0.122222 0.659219
0 0.0614583 0.338889 0.05625 0.177778 0.660192
0 0.408333 0.328704 0.0291667 0.157407 0.660746
0 0.408333 0.328704 0.03125 0.157407 0.662174
0 0.594792 0.325926 0.025 0.118519 0.666237
0 0.622917 0.312963 0.0208333 0.107407 0.666516
0 0.0604167 0.337963 0.0583333 0.17963 0.671214
0 0.594792 0.324074 0.0270833 0.122222 0.674917
0 0.450521 0.32963 0.0260417 0.137037 0.677559
0 0.735417 0.376852 0.0458333 0.353704 0.68171
0 0.769792 0.383333 0.0645833 0.392593 0.681849
0 0.408333 0.327778 0.0291667 0.155556 0.685565
0 0.769792 0.382407 0.0666667 0.390741 0.688611
0 0.594792 0.325926 0.025 0.118519 0.688626
0 0.0604167 0.337963 0.0583333 0.17963 0.691542
0 0.774479 0.386111 0.065625 0.409259 0.693189
0 0.451042 0.330556 0.025 0.138889 0.694198
0 0.450521 0.330556 0.0260417 0.135185 0.695183
0 0.769792 0.382407 0.0666667 0.394444 0.698354
0 0.451042 0.330556 0.025 0.135185 0.698959
0 0.0614583 0.337037 0.0583333 0.177778 0.700976
0 0.773958 0.386111 0.0645833 0.409259 0.702426
0 0.622917 0.313889 0.0208333 0.109259 0.702554
0 0.622917 0.313889 0.0208333 0.109259 0.708313
0 0.0609375 0.339815 0.0552083 0.17963 0.70943
0 0.0609375 0.339815 0.0552083 0.17963 0.714125
0 0.773958 0.386111 0.0645833 0.409259 0.715074
0 0.773958 0.384259 0.0666667 0.416667 0.717014
0 0.735937 0.377778 0.046875 0.351852 0.717953
0 0.594792 0.324074 0.0270833 0.122222 0.719886
0 0.0614583 0.337037 0.0583333 0.177778 0.720148
0 0.450521 0.331481 0.0260417 0.144444 0.722387
0 0.735937 0.377778 0.046875 0.351852 0.728861
0 0.594792 0.323148 0.0270833 0.124074 0.730527
0 0.0614583 0.337037 0.0583333 0.177778 0.734714
0 0.408333 0.327778 0.0291667 0.155556 0.73475
0 0.408333 0.328704 0.0291667 0.157407 0.742572
0 0.736458 0.377778 0.0479167 0.359259 0.752633
0 0.36875 0.312037 0.0208333 0.105556 0.75282
0 0.0609375 0.337963 0.0572917 0.17963 0.76355
0 0.736458 0.376852 0.0479167 0.357407 0.768264
0 0.736458 0.375926 0.0479167 0.355556 0.773187
0 0.408333 0.327778 0.0291667 0.155556 0.774213
0 0.0609375 0.337963 0.0572917 0.17963 0.776914
0 0.408333 0.324074 0.0291667 0.155556 0.781572
0 0.408333 0.325 0.0291667 0.157407 0.78337
0 0.36875 0.315741 0.0208333 0.109259 0.783544
0 0.36875 0.315741 0.0208333 0.109259 0.785817
0 0.0609375 0.337963 0.0572917 0.17963 0.798764
0 0.36875 0.315741 0.0208333 0.109259 0.801519
0 0.408333 0.327778 0.0291667 0.155556 0.812142
0 0.0609375 0.337963 0.059375 0.183333 0.8244
0 0.0598958 0.337963 0.0572917 0.183333 0.825397
0 0.408333 0.327778 0.0291667 0.155556 0.827352
0 0.36875 0.313889 0.01875 0.105556 0.828538
0 0.408854 0.328704 0.0302083 0.157407 0.833013
0 0.0604167 0.337963 0.0583333 0.183333 0.860019
0 0.408333 0.324074 0.0270833 0.162963 0.876492
0 0.408854 0.324074 0.028125 0.159259 0.882127
