0 0.253646 0.452778 0.0197917 0.0833333 0.250199
0 0.354688 0.425 0.015625 0.0907407 0.252065
0 0.254167 0.452778 0.01875 0.0833333 0.252413
0 0.247396 0.45 0.0177083 0.0777778 0.253213
0 0.247917 0.451852 0.0166667 0.0777778 0.254745
0 0.349479 0.422222 0.0177083 0.0851852 0.255259
0 0.125521 0.489815 0.0260417 0.172222 0.255717
26 0.695833 0.603704 0.0270833 0.0925926 0.261866
0 0.247396 0.45 0.0177083 0.0777778 0.261944
0 0.352083 0.425 0.01875 0.0907407 0.264488
0 0.117708 0.500926 0.0416667 0.175926 0.265421
13 0.459896 0.586111 0.165625 0.0796296 0.266522
0 0.199479 0.44537 0.0177083 0.0685185 0.268591
0 0.126042 0.489815 0.025 0.172222 0.270122
0 0.117708 0.500926 0.0395833 0.17963 0.275293
0 0.959375 0.442593 0.0666667 0.285185 0.276066
0 0.254167 0.452778 0.01875 0.0833333 0.277908
0 0.358333 0.42963 0.0145833 0.0851852 0.278466
0 0.199479 0.44537 0.0177083 0.0685185 0.279658
0 0.445833 0.452778 0.01875 0.0944444 0.280141
0 0.545833 0.485185 0.0333333 0.133333 0.281116
0 0.0515625 0.553704 0.0677083 0.311111 0.285834
0 0.0598958 0.549074 0.0677083 0.316667 0.28607
0 0.403125 0.45 0.0166667 0.0888889 0.289457
0 0.354167 0.425926 0.01875 0.0888889 0.289618
0 0.402604 0.450926 0.015625 0.087037 0.289909
28 0.0213542 0.624074 0.0427083 0.0888889 0.290181
0 0.445833 0.452778 0.01875 0.0944444 0.290236
0 0.11875 0.501852 0.0375 0.177778 0.290283
0 0.253646 0.450926 0.0197917 0.0833333 0.290328
28 0.0223958 0.624074 0.0447917 0.0814815 0.292269
0 0.439063 0.450926 0.021875 0.0944444 0.292711
0 0.435937 0.451852 0.015625 0.0925926 0.293261
0 0.960417 0.441667 0.0666667 0.287037 0.299722
0 0.439583 0.45 0.01875 0.0925926 0.300798
0 0.118229 0.494444 0.040625 0.166667 0.303136
0 0.355208 0.425926 0.0166667 0.0888889 0.304714
0 0.445833 0.452778 0.01875 0.0944444 0.306236
0 0.252083 0.450926 0.01875 0.0833333 0.307401
0 0.199479 0.446296 0.0177083 0.0666667 0.309045
0 0.435417 0.452778 0.0145833 0.0907407 0.309993
0 0.357812 0.428704 0.0135417 0.087037 0.310977
0 0.119792 0.493519 0.0375 0.168519 0.318225
0 0.402604 0.450926 0.015625 0.087037 0.325488
28 0.0208333 0.626852 0.0416667 0.0833333 0.326333
0 0.118229 0.494444 0.040625 0.166667 0.326483
28 0.0229167 0.624074 0.0458333 0.0814815 0.327659
28 0.0229167 0.624074 0.0458333 0.0814815 0.329486
0 0.953646 0.447222 0.0572917 0.287037 0.329858
0 0.403125 0.448148 0.0166667 0.0888889 0.331675
0 0.252604 0.450926 0.0197917 0.0833333 0.336894
0 0.435417 0.451852 0.0145833 0.0925926 0.347031
0 0.252604 0.450926 0.0197917 0.0833333 0.351032
0 0.955729 0.443519 0.0572917 0.287037 0.351259
28 0.0208333 0.626852 0.0416667 0.0833333 0.35397
0 0.355208 0.425926 0.0145833 0.0888889 0.355248
28 0.0213542 0.625926 0.0427083 0.0814815 0.356748
0 0.252604 0.450926 0.0197917 0.0833333 0.358398
0 0.955729 0.443519 0.0572917 0.287037 0.35924
0 0.4375 0.452778 0.0166667 0.0944444 0.360858
0 0.355729 0.425926 0.015625 0.0888889 0.361644
0 0.435937 0.44537 0.015625 0.087037 0.363907
0 0.403125 0.449074 0.0166667 0.0907407 0.365013
26 0.696354 0.603704 0.0260417 0.0925926 0.370375
0 0.460417 0.453704 0.0229167 0.0925926 0.371138
0 0.955729 0.443519 0.0572917 0.287037 0.374593
0 0.460417 0.453704 0.0229167 0.0925926 0.383711
0 0.460417 0.453704 0.0229167 0.0925926 0.388914
0 0.957292 0.444444 0.0604167 0.288889 0.397956
0 0.439063 0.45 0.0177083 0.0888889 0.398341
0 0.435417 0.44537 0.0145833 0.0833333 0.404516
0 0.957292 0.444444 0.0604167 0.288889 0.405993
0 0.439063 0.449074 0.0177083 0.0907407 0.416942
0 0.957292 0.444444 0.0604167 0.288889 0.426609
0 0.0572917 0.552778 0.0666667 0.312963 0.42721
0 0.4625 0.451852 0.0208333 0.0962963 0.430696
0 0.435417 0.446296 0.0145833 0.0851852 0.436184
28 0.0213542 0.625926 0.0427083 0.0851852 0.443776
0 0.464063 0.451852 0.0177083 0.1 0.444005
0 0.4625 0.452778 0.0208333 0.0944444 0.444745
0 0.4625 0.451852 0.0208333 0.0962963 0.451029
28 0.021875 0.625 0.04375 0.0833333 0.451083
0 0.957812 0.444444 0.0614583 0.281481 0.451517
28 0.021875 0.625 0.04375 0.0833333 0.45716
0 0.960417 0.441667 0.0645833 0.287037 0.457591
0 0.464063 0.452778 0.0177083 0.0944444 0.469375
0 0.958333 0.441667 0.0604167 0.290741 0.475772
0 0.0578125 0.549074 0.065625 0.312963 0.48412
0 0.464063 0.452778 0.0177083 0.0944444 0.485942
0 0.958333 0.442593 0.0604167 0.292593 0.488254
0 0.959375 0.442593 0.0625 0.281481 0.493064
0 0.403125 0.444444 0.0145833 0.0814815 0.496133
28 0.0213542 0.625926 0.0427083 0.0851852 0.500703
0 0.403646 0.444444 0.015625 0.0814815 0.501031
0 0.464063 0.452778 0.0177083 0.0944444 0.503412
0 0.957812 0.442593 0.0614583 0.292593 0.503845
28 0.0213542 0.623148 0.0427083 0.0833333 0.504802
28 0.0213542 0.623148 0.0427083 0.0833333 0.506554
28 0.0213542 0.625926 0.0427083 0.0851852 0.50667
0 0.402604 0.446296 0.015625 0.0851852 0.508891
28 0.0213542 0.622222 0.0427083 0.0814815 0.509365
0 0.402604 0.446296 0.015625 0.0851852 0.516461
28 0.0213542 0.622222 0.0427083 0.0814815 0.517712
0 0.402604 0.44537 0.015625 0.087037 0.523743
0 0.464063 0.450926 0.0177083 0.0944444 0.527689
0 0.464063 0.450926 0.0177083 0.0981481 0.530345
0 0.0578125 0.553704 0.065625 0.311111 0.533369
0 0.110937 0.498148 0.0364583 0.181481 0.540012
0 0.0572917 0.551852 0.0666667 0.314815 0.540547
0 0.464063 0.450926 0.0177083 0.0981481 0.544673
0 0.113021 0.499074 0.040625 0.175926 0.546166
0 0.402604 0.444444 0.015625 0.0814815 0.551523
0 0.402604 0.446296 0.015625 0.0851852 0.555506
0 0.546354 0.483333 0.0322917 0.151852 0.555813
0 0.546354 0.484259 0.0322917 0.15 0.560181
0 0.463021 0.451852 0.0197917 0.1 0.563334
0 0.110937 0.498148 0.0364583 0.181481 0.563517
0 0.0583333 0.551852 0.0625 0.307407 0.569486
0 0.463542 0.452778 0.01875 0.0981481 0.571458
0 0.545833 0.486111 0.0333333 0.146296 0.588613
0 0.670313 0.536111 0.0572917 0.346296 0.597184
0 0.545833 0.486111 0.03125 0.146296 0.598629
0 0.111458 0.500926 0.0354167 0.17963 0.603813
0 0.05625 0.552778 0.0645833 0.305556 0.606783
0 0.0583333 0.551852 0.0625 0.307407 0.611094
0 0.113021 0.499074 0.040625 0.175926 0.613872
0 0.115104 0.496296 0.040625 0.174074 0.617934
0 0.111458 0.5 0.0354167 0.181481 0.618176
0 0.0567708 0.552778 0.0635417 0.305556 0.630508
0 0.115625 0.497222 0.0416667 0.175926 0.630762
0 0.0567708 0.552778 0.0635417 0.305556 0.647086
0 0.0583333 0.551852 0.0625 0.307407 0.651659
0 0.115625 0.497222 0.0416667 0.172222 0.652144
0 0.115625 0.497222 0.0416667 0.175926 0.660917
0 0.1125 0.499074 0.0395833 0.175926 0.671084
0 0.113542 0.5 0.0416667 0.185185 0.695132
0 0.0578125 0.551852 0.0635417 0.311111 0.701913
0 0.671354 0.537963 0.059375 0.353704 0.706205
0 0.0572917 0.550926 0.0625 0.312963 0.714397
0 0.113021 0.5 0.040625 0.185185 0.721306
0 0.0588542 0.55 0.0677083 0.307407 0.7249
0 0.671354 0.537963 0.059375 0.35 0.724957
0 0.671354 0.537963 0.059375 0.35 0.728675
0 0.113021 0.5 0.040625 0.185185 0.735838
0 0.670833 0.538889 0.0583333 0.340741 0.742639
0 0.670833 0.537037 0.0583333 0.340741 0.746713
0 0.670833 0.537963 0.0583333 0.342593 0.749277
0 0.670833 0.536111 0.0583333 0.35 0.761307
0 0.546354 0.485185 0.0322917 0.155556 0.769676
0 0.0578125 0.552778 0.0635417 0.309259 0.771245
0 0.670833 0.536111 0.0583333 0.35 0.77412
0 0.546354 0.486111 0.0322917 0.153704 0.774675
0 0.545833 0.485185 0.0333333 0.151852 0.779592
0 0.545833 0.487037 0.0333333 0.151852 0.781121
0 0.545833 0.485185 0.0333333 0.151852 0.781955
0 0.546354 0.485185 0.0322917 0.151852 0.788408
0 0.546354 0.486111 0.0322917 0.15 0.792395
0 0.546354 0.485185 0.0322917 0.151852 0.801712
0 0.546354 0.485185 0.0322917 0.151852 0.811135
0 0.670833 0.536111 0.0583333 0.35 0.815311
0 0.546354 0.486111 0.0322917 0.15 0.816494
0 0.546354 0.485185 0.0322917 0.151852 0.820864
0 0.671354 0.536111 0.0572917 0.35 0.837462
0 0.0578125 0.551852 0.0635417 0.311111 0.838078
0 0.0578125 0.551852 0.0635417 0.311111 0.846213
0 0.671354 0.537037 0.0572917 0.348148 0.846417
0 0.0578125 0.550926 0.0635417 0.309259 0.850449
