0 0.728646 0.441667 0.053125 0.275926 0.253559
0 0.779167 0.64537 0.110417 0.598148 0.253899
24 0.959375 0.589815 0.0791667 0.312963 0.256752
0 0.461979 0.394444 0.021875 0.118519 0.256939
0 0.729167 0.44537 0.05625 0.298148 0.258657
0 0.264062 0.374074 0.0177083 0.111111 0.258898
0 0.144271 0.355556 0.021875 0.0925926 0.262597
13 0.31875 0.482407 0.13125 0.17963 0.264395
0 0.548437 0.402778 0.0322917 0.135185 0.264686
13 0.442187 0.436111 0.028125 0.05 0.265613
0 0.728646 0.415741 0.053125 0.261111 0.266001
0 0.727604 0.394444 0.053125 0.222222 0.266883
0 0.265625 0.353704 0.01875 0.0814815 0.269707
13 0.442187 0.436111 0.0260417 0.0574074 0.271369
0 0.547396 0.403704 0.0322917 0.137037 0.274207
0 0.505208 0.390741 0.025 0.122222 0.275259
0 0.143229 0.362963 0.0239583 0.103704 0.275659
0 0.504167 0.390741 0.0270833 0.122222 0.277186
0 0.505208 0.390741 0.025 0.122222 0.279398
0 0.76875 0.625 0.133333 0.616667 0.283996
0 0.242708 0.380556 0.0229167 0.127778 0.284714
13 0.441146 0.436111 0.0260417 0.0462963 0.284797
0 0.242188 0.380556 0.021875 0.131481 0.287346
0 0.922396 0.642593 0.136458 0.640741 0.288142
0 0.280729 0.353704 0.0260417 0.0703704 0.288347
24 0.952083 0.571296 0.0895833 0.287037 0.289188
13 0.31875 0.476852 0.13125 0.175926 0.290681
0 0.282813 0.35463 0.0260417 0.0722222 0.290755
13 0.442187 0.436111 0.028125 0.05 0.293381
0 0.727604 0.387037 0.053125 0.181481 0.294633
13 0.440625 0.436111 0.0270833 0.0462963 0.295809
0 0.142188 0.369444 0.0239583 0.105556 0.295984
0 0.242708 0.380556 0.0229167 0.131481 0.297992
0 0.503646 0.387037 0.0260417 0.107407 0.298557
24 0.950521 0.571296 0.0927083 0.264815 0.298931
0 0.142708 0.365741 0.0229167 0.109259 0.299146
13 0.311458 0.473148 0.116667 0.164815 0.303324
0 0.727604 0.444444 0.0510417 0.288889 0.306507
0 0.54375 0.392593 0.0270833 0.122222 0.307438
13 0.31875 0.481481 0.129167 0.174074 0.30942
13 0.310937 0.472222 0.115625 0.162963 0.309865
0 0.282292 0.353704 0.0270833 0.0740741 0.310508
13 0.310937 0.472222 0.115625 0.162963 0.3108
0 0.281771 0.353704 0.0260417 0.0740741 0.31276
13 0.440625 0.436111 0.0270833 0.0462963 0.315843
0 0.503125 0.387963 0.0270833 0.109259 0.31654
0 0.142188 0.369444 0.0239583 0.105556 0.316565
0 0.142188 0.369444 0.0239583 0.105556 0.31998
0 0.282292 0.353704 0.0270833 0.0740741 0.323811
0 0.920313 0.648148 0.132292 0.67037 0.325116
0 0.468229 0.389815 0.021875 0.124074 0.326191
0 0.54375 0.393519 0.0270833 0.124074 0.326693
0 0.8125 0.648148 0.0520833 0.348148 0.328223
0 0.54375 0.393519 0.0270833 0.124074 0.331315
0 0.503646 0.387963 0.0260417 0.109259 0.332895
0 0.727604 0.385185 0.0510417 0.181481 0.336397
13 0.302604 0.463889 0.103125 0.15 0.336533
0 0.8125 0.647222 0.0520833 0.346296 0.337498
0 0.727604 0.384259 0.0510417 0.183333 0.340363
0 0.727604 0.384259 0.0510417 0.183333 0.341679
0 0.775 0.647222 0.11875 0.590741 0.343388
0 0.728125 0.386111 0.0541667 0.183333 0.347191
0 0.728125 0.385185 0.0541667 0.185185 0.347324
0 0.811979 0.647222 0.0510417 0.346296 0.347867
0 0.143229 0.362037 0.0239583 0.101852 0.353387
0 0.143229 0.362963 0.0239583 0.1 0.37076
0 0.14375 0.362963 0.025 0.1 0.37205
0 0.595833 0.380556 0.0208333 0.087037 0.380532
0 0.920313 0.648148 0.132292 0.666667 0.384981
13 0.318229 0.47037 0.132292 0.159259 0.388613
0 0.242188 0.374074 0.021875 0.103704 0.389652
0 0.468229 0.390741 0.021875 0.125926 0.405722
0 0.468229 0.390741 0.021875 0.125926 0.41082
0 0.241667 0.375 0.0208333 0.109259 0.417005
0 0.467187 0.394444 0.021875 0.122222 0.423145
0 0.241667 0.375 0.0208333 0.109259 0.423854
0 0.595833 0.380556 0.0208333 0.0907407 0.430809
0 0.595312 0.380556 0.0197917 0.0907407 0.431565
0 0.728646 0.388889 0.053125 0.192593 0.436559
0 0.467187 0.392593 0.021875 0.125926 0.441097
0 0.495833 0.388889 0.01875 0.114815 0.44648
0 0.467187 0.392593 0.021875 0.125926 0.447242
0 0.728646 0.388889 0.053125 0.192593 0.449524
0 0.728646 0.388889 0.053125 0.192593 0.450445
0 0.467708 0.392593 0.0208333 0.125926 0.454711
0 0.919792 0.634259 0.13125 0.646296 0.459406
0 0.765104 0.632407 0.121875 0.638889 0.466827
0 0.727083 0.438889 0.0520833 0.285185 0.475238
0 0.767187 0.643519 0.128125 0.646296 0.475564
0 0.727083 0.438889 0.0520833 0.285185 0.476095
0 0.727083 0.439815 0.0520833 0.287037 0.476619
0 0.495833 0.388889 0.01875 0.118519 0.485132
0 0.547396 0.406481 0.0322917 0.142593 0.486607
0 0.346354 0.392593 0.0322917 0.151852 0.489684
0 0.547396 0.406481 0.0322917 0.142593 0.490074
0 0.495833 0.388889 0.01875 0.118519 0.490583
0 0.497917 0.391667 0.025 0.116667 0.492594
0 0.346354 0.393519 0.0322917 0.153704 0.504178
0 0.348437 0.394444 0.028125 0.148148 0.519047
0 0.348437 0.394444 0.028125 0.148148 0.52061
0 0.346354 0.392593 0.0302083 0.151852 0.521321
0 0.923437 0.641667 0.138542 0.675926 0.525736
0 0.495833 0.389815 0.0208333 0.124074 0.528109
0 0.242708 0.37963 0.0208333 0.122222 0.533674
0 0.495833 0.388889 0.0208333 0.125926 0.543533
0 0.594792 0.382407 0.01875 0.0944444 0.544617
0 0.495833 0.388889 0.0208333 0.125926 0.555778
0 0.919792 0.646296 0.133333 0.651852 0.564146
0 0.594271 0.385185 0.0197917 0.0888889 0.570464
0 0.727604 0.435185 0.053125 0.285185 0.57256
0 0.727604 0.435185 0.053125 0.285185 0.577806
0 0.727604 0.435185 0.053125 0.285185 0.580151
0 0.727604 0.431481 0.053125 0.274074 0.591946
0 0.595312 0.382407 0.0197917 0.0907407 0.608219
0 0.547917 0.403704 0.0333333 0.148148 0.608478
0 0.547917 0.403704 0.0333333 0.148148 0.613026
0 0.919792 0.640741 0.133333 0.67037 0.615433
0 0.345833 0.392593 0.0333333 0.151852 0.616235
0 0.594271 0.383333 0.0197917 0.0962963 0.616991
0 0.594271 0.384259 0.0197917 0.0907407 0.617406
0 0.594271 0.385185 0.0197917 0.0888889 0.619798
0 0.728125 0.421296 0.0541667 0.257407 0.620802
0 0.345833 0.392593 0.0333333 0.151852 0.629758
0 0.917708 0.647222 0.129167 0.672222 0.635954
0 0.346354 0.392593 0.034375 0.151852 0.638455
0 0.595312 0.382407 0.0197917 0.0944444 0.638745
0 0.595312 0.382407 0.0197917 0.0944444 0.64701
0 0.345313 0.393519 0.034375 0.157407 0.654527
0 0.917708 0.648148 0.129167 0.67037 0.655119
0 0.345833 0.392593 0.0333333 0.151852 0.663505
0 0.242188 0.377778 0.021875 0.114815 0.663642
0 0.345313 0.393519 0.034375 0.157407 0.668352
0 0.547396 0.402778 0.0322917 0.146296 0.670914
0 0.346354 0.392593 0.034375 0.151852 0.675137
0 0.547396 0.402778 0.0322917 0.15 0.682625
0 0.765625 0.644444 0.125 0.659259 0.682717
0 0.765625 0.644444 0.125 0.659259 0.685812
0 0.547396 0.402778 0.0322917 0.15 0.693109
0 0.546875 0.402778 0.0333333 0.146296 0.693951
0 0.242708 0.377778 0.0208333 0.114815 0.697011
0 0.547917 0.402778 0.0333333 0.146296 0.698357
0 0.919271 0.647222 0.130208 0.675926 0.700444
0 0.242188 0.377778 0.021875 0.114815 0.700849
0 0.346875 0.392593 0.0333333 0.155556 0.702429
0 0.346875 0.393519 0.0333333 0.153704 0.702549
0 0.547917 0.402778 0.0333333 0.146296 0.703229
0 0.594792 0.384259 0.01875 0.0981481 0.709921
0 0.345833 0.391667 0.0333333 0.153704 0.711162
0 0.546875 0.403704 0.0333333 0.144444 0.714187
0 0.547396 0.40463 0.034375 0.15 0.725008
0 0.547396 0.402778 0.0322917 0.146296 0.727806
0 0.242188 0.37963 0.0197917 0.114815 0.735765
0 0.546875 0.405556 0.0333333 0.148148 0.736671
0 0.241667 0.37963 0.0208333 0.118519 0.739844
0 0.919271 0.646296 0.130208 0.67037 0.743228
0 0.547396 0.40463 0.034375 0.15 0.746693
0 0.766146 0.646296 0.123958 0.659259 0.763894
0 0.764583 0.640741 0.122917 0.666667 0.769723
0 0.241146 0.377778 0.021875 0.114815 0.783642
0 0.241146 0.376852 0.021875 0.116667 0.786221
0 0.764583 0.64537 0.120833 0.653704 0.794779
0 0.241146 0.377778 0.021875 0.114815 0.795253
0 0.765104 0.646296 0.123958 0.659259 0.805239
0 0.764063 0.64537 0.121875 0.657407 0.809159
0 0.91875 0.643519 0.135417 0.664815 0.831364
0 0.767187 0.644444 0.128125 0.662963 0.837449
