2 0.145833 0.398148 0.0416667 0.0777778 0.250979
2 0.145313 0.399074 0.0427083 0.0759259 0.253994
0 0.467708 0.422222 0.0229167 0.133333 0.255074
13 0.358333 0.597222 0.179167 0.105556 0.255996
0 0.390104 0.416667 0.021875 0.114815 0.25601
2 0.151562 0.391667 0.053125 0.0722222 0.256451
0 0.390625 0.417593 0.0208333 0.116667 0.261362
0 0.941667 0.598148 0.10625 0.488889 0.26343
13 0.3625 0.59537 0.183333 0.105556 0.266619
0 0.411458 0.40463 0.0270833 0.0833333 0.270766
2 0.145833 0.399074 0.04375 0.0759259 0.271107
0 0.390625 0.417593 0.0208333 0.116667 0.27575
0 0.391146 0.403704 0.0197917 0.0851852 0.276888
2 0.145833 0.399074 0.04375 0.0759259 0.280121
0 0.465625 0.425 0.0229167 0.127778 0.281249
0 0.448958 0.44537 0.0291667 0.135185 0.283866
0 0.942187 0.599074 0.109375 0.494444 0.289953
2 0.145313 0.397222 0.046875 0.0759259 0.295758
0 0.414062 0.409259 0.0177083 0.0814815 0.297965
0 0.447917 0.432407 0.0270833 0.124074 0.306226
2 0.146354 0.396296 0.046875 0.0740741 0.315533
0 0.938542 0.592593 0.108333 0.481481 0.318757
0 0.941667 0.598148 0.110417 0.5 0.319709
0 0.453125 0.442593 0.0354167 0.155556 0.329664
0 0.413021 0.405556 0.0197917 0.0851852 0.329847
0 0.414062 0.409259 0.0177083 0.0851852 0.330239
0 0.0572917 0.437963 0.0270833 0.116667 0.338765
13 0.367708 0.599074 0.19375 0.112963 0.339142
0 0.447917 0.433333 0.0270833 0.125926 0.340869
0 0.0572917 0.440741 0.0270833 0.125926 0.343137
0 0.453125 0.442593 0.0354167 0.155556 0.34507
0 0.447917 0.433333 0.0270833 0.125926 0.346458
0 0.414062 0.409259 0.0177083 0.0814815 0.351531
0 0.454167 0.442593 0.0354167 0.155556 0.362344
0 0.0572917 0.441667 0.0270833 0.127778 0.36493
0 0.0578125 0.441667 0.0260417 0.127778 0.365915
0 0.0572917 0.437963 0.0270833 0.12037 0.387841
0 0.0572917 0.437963 0.0270833 0.12037 0.389564
0 0.4125 0.406481 0.01875 0.0833333 0.396415
0 0.0557292 0.438889 0.0302083 0.125926 0.400413
0 0.465625 0.428704 0.0229167 0.138889 0.404999
0 0.465625 0.428704 0.0229167 0.138889 0.408147
0 0.413021 0.405556 0.0197917 0.0851852 0.412206
0 0.0567708 0.443519 0.028125 0.124074 0.422571
0 0.465625 0.436111 0.0229167 0.15 0.422837
0 0.465104 0.437037 0.0239583 0.151852 0.423379
0 0.0567708 0.441667 0.028125 0.12037 0.424756
0 0.413021 0.405556 0.0197917 0.0851852 0.427918
0 0.05625 0.439815 0.0291667 0.124074 0.440193
0 0.467187 0.427778 0.021875 0.148148 0.450284
0 0.413542 0.40463 0.01875 0.0796296 0.470248
0 0.0557292 0.438889 0.0302083 0.125926 0.472281
0 0.448438 0.444444 0.0302083 0.151852 0.473712
0 0.413542 0.40463 0.01875 0.0833333 0.479266
0 0.391146 0.411111 0.021875 0.1 0.48454
0 0.391146 0.411111 0.021875 0.103704 0.490228
0 0.453125 0.441667 0.0354167 0.157407 0.490241
0 0.0567708 0.442593 0.028125 0.125926 0.491044
0 0.413542 0.40463 0.01875 0.0796296 0.494288
0 0.0567708 0.440741 0.028125 0.118519 0.498655
0 0.452083 0.441667 0.0354167 0.157407 0.499971
0 0.448438 0.443519 0.0302083 0.15 0.505809
0 0.391146 0.411111 0.021875 0.1 0.507555
0 0.391146 0.411111 0.021875 0.1 0.511624
0 0.0567708 0.441667 0.028125 0.12037 0.512631
0 0.390625 0.411111 0.0208333 0.103704 0.521459
0 0.447917 0.443519 0.0291667 0.15 0.522039
0 0.391146 0.411111 0.021875 0.103704 0.525135
0 0.391667 0.412037 0.0208333 0.0981481 0.532363
0 0.451562 0.441667 0.034375 0.157407 0.540704
0 0.05625 0.442593 0.0270833 0.122222 0.557749
0 0.0572917 0.439815 0.0270833 0.127778 0.558723
0 0.391146 0.412037 0.0197917 0.101852 0.584803
0 0.448958 0.444444 0.03125 0.148148 0.606622
0 0.450521 0.443519 0.0322917 0.153704 0.609794
0 0.448958 0.444444 0.03125 0.148148 0.61038
0 0.450521 0.442593 0.0322917 0.151852 0.61187
0 0.0572917 0.439815 0.0270833 0.127778 0.621701
0 0.0572917 0.439815 0.0270833 0.127778 0.629784
0 0.448438 0.44537 0.0302083 0.15 0.634301
0 0.448958 0.444444 0.03125 0.148148 0.645485
0 0.448438 0.44537 0.0302083 0.15 0.647562
0 0.940625 0.600926 0.108333 0.516667 0.661837
0 0.938542 0.59537 0.108333 0.490741 0.728315
0 0.941146 0.601852 0.107292 0.518519 0.732411
0 0.939062 0.59537 0.109375 0.490741 0.759561
0 0.941146 0.601852 0.107292 0.518519 0.805992
0 0.940625 0.601852 0.108333 0.518519 0.815992
0 0.941667 0.59537 0.10625 0.509259 0.846812
0 0.940625 0.601852 0.10625 0.518519 0.847161
0 0.941667 0.59537 0.10625 0.501852 0.854158
0 0.940625 0.601852 0.10625 0.518519 0.874824
