0 0.5125 0.341667 0.0166667 0.0722222 0.25142
0 0.467708 0.366667 0.0208333 0.0814815 0.256833
0 0.327604 0.352778 0.0197917 0.0907407 0.257646
0 0.3125 0.352778 0.0145833 0.0759259 0.262245
0 0.467708 0.365741 0.0208333 0.0796296 0.270164
0 0.3125 0.352778 0.0145833 0.0759259 0.272045
0 0.367188 0.337963 0.0177083 0.0796296 0.27223
0 0.5125 0.341667 0.0166667 0.0685185 0.283535
0 0.572396 0.350926 0.0177083 0.0611111 0.289915
0 0.328646 0.358333 0.0197917 0.0907407 0.293059
0 0.467708 0.359259 0.0229167 0.0962963 0.295293
0 0.510417 0.347222 0.0166667 0.0759259 0.297069
0 0.467708 0.359259 0.0229167 0.0962963 0.302452
0 0.490104 0.37037 0.0260417 0.122222 0.302703
0 0.366667 0.338889 0.0166667 0.0777778 0.303202
0 0.467187 0.360185 0.0197917 0.087037 0.304221
0 0.5125 0.341667 0.0166667 0.0685185 0.305326
0 0.467708 0.359259 0.0229167 0.0962963 0.311192
0 0.328646 0.358333 0.0197917 0.0907407 0.313575
0 0.328646 0.358333 0.0197917 0.0907407 0.321917
0 0.513021 0.343519 0.015625 0.0685185 0.325511
0 0.367188 0.336111 0.0177083 0.0796296 0.325654
0 0.576563 0.35 0.015625 0.062963 0.341147
0 0.363542 0.337037 0.01875 0.0814815 0.342915
0 0.5125 0.343519 0.0145833 0.0685185 0.347101
0 0.366667 0.338889 0.0166667 0.0777778 0.349477
0 0.577083 0.35 0.0145833 0.062963 0.349757
0 0.363542 0.337037 0.01875 0.0814815 0.358002
0 0.489583 0.371296 0.025 0.124074 0.366998
0 0.490104 0.371296 0.0260417 0.127778 0.367598
0 0.363542 0.337037 0.01875 0.0814815 0.381714
0 0.576563 0.350926 0.015625 0.0611111 0.383704
0 0.488021 0.375 0.028125 0.135185 0.384151
0 0.510938 0.341667 0.015625 0.0722222 0.388237
0 0.575521 0.350926 0.015625 0.0648148 0.399129
0 0.510938 0.342593 0.015625 0.0740741 0.408552
0 0.511458 0.344444 0.0145833 0.0703704 0.411728
0 0.489583 0.374074 0.0270833 0.140741 0.416092
0 0.575 0.350926 0.0166667 0.0648148 0.42339
0 0.574479 0.351852 0.0177083 0.062963 0.424068
0 0.510938 0.342593 0.015625 0.0703704 0.428097
0 0.366146 0.337963 0.0177083 0.0796296 0.436843
0 0.574479 0.351852 0.0177083 0.062963 0.440915
0 0.365104 0.336111 0.0177083 0.0833333 0.442533
0 0.510938 0.34537 0.015625 0.0722222 0.448558
0 0.366146 0.337963 0.0177083 0.0796296 0.451641
0 0.489062 0.376852 0.028125 0.131481 0.455691
0 0.575521 0.350926 0.015625 0.0648148 0.456598
0 0.574479 0.351852 0.0177083 0.062963 0.459978
0 0.510938 0.34537 0.015625 0.0722222 0.465031
0 0.366146 0.337963 0.0177083 0.0796296 0.470778
0 0.489583 0.374074 0.0270833 0.140741 0.474487
0 0.488021 0.375926 0.028125 0.133333 0.475027
0 0.366146 0.337037 0.0177083 0.0814815 0.475585
0 0.656771 0.392593 0.053125 0.237037 0.496193
0 0.604167 0.373148 0.0291667 0.127778 0.499748
0 0.575 0.35 0.0166667 0.0666667 0.503168
0 0.656771 0.392593 0.053125 0.237037 0.506324
0 0.65625 0.392593 0.0541667 0.233333 0.514967
0 0.488542 0.375 0.0270833 0.131481 0.518144
0 0.489583 0.375926 0.025 0.140741 0.523418
0 0.653125 0.392593 0.0583333 0.22963 0.533081
0 0.646354 0.392593 0.0385417 0.225926 0.535578
0 0.489062 0.376852 0.0260417 0.131481 0.545135
0 0.646354 0.392593 0.040625 0.225926 0.548407
0 0.65625 0.392593 0.05 0.237037 0.559698
0 0.654167 0.391667 0.0583333 0.231481 0.576512
0 0.327604 0.35463 0.0197917 0.0907407 0.582158
0 0.65625 0.391667 0.05 0.242593 0.586743
0 0.604167 0.373148 0.0291667 0.135185 0.588141
0 0.604167 0.372222 0.0291667 0.133333 0.588781
0 0.327083 0.35463 0.0208333 0.0907407 0.59039
0 0.489062 0.377778 0.0260417 0.125926 0.597978
0 0.604167 0.373148 0.0291667 0.131481 0.598418
0 0.604688 0.373148 0.028125 0.135185 0.608495
0 0.604167 0.374074 0.0291667 0.12963 0.611986
0 0.327083 0.35463 0.0208333 0.0907407 0.612378
0 0.326562 0.35463 0.021875 0.087037 0.616407
0 0.433333 0.372222 0.03125 0.140741 0.618128
0 0.433333 0.372222 0.03125 0.140741 0.620253
0 0.65625 0.391667 0.0541667 0.231481 0.621525
0 0.327604 0.352778 0.0197917 0.0907407 0.623768
0 0.653646 0.391667 0.0572917 0.231481 0.627069
0 0.604167 0.372222 0.0291667 0.133333 0.633032
0 0.488542 0.377778 0.025 0.12963 0.657937
0 0.488542 0.377778 0.025 0.12963 0.659916
0 0.488542 0.375 0.025 0.127778 0.666574
0 0.655729 0.390741 0.0552083 0.237037 0.670263
0 0.434375 0.375 0.03125 0.142593 0.673483
0 0.65625 0.391667 0.0541667 0.235185 0.674142
0 0.604167 0.374074 0.0291667 0.12963 0.674424
0 0.603646 0.374074 0.028125 0.12963 0.685367
0 0.489583 0.376852 0.025 0.131481 0.690597
0 0.604167 0.375 0.0291667 0.131481 0.692474
0 0.434375 0.375 0.03125 0.142593 0.695147
0 0.604167 0.375 0.0291667 0.131481 0.699005
0 0.194792 0.449074 0.0854167 0.435185 0.703286
0 0.194271 0.449074 0.0864583 0.435185 0.705078
0 0.434896 0.375 0.0302083 0.146296 0.707204
0 0.654167 0.391667 0.0541667 0.235185 0.709385
0 0.604167 0.374074 0.0291667 0.12963 0.713483
0 0.194271 0.448148 0.0864583 0.437037 0.713837
0 0.654688 0.391667 0.0552083 0.235185 0.716888
0 0.434896 0.375 0.0302083 0.146296 0.717114
0 0.434896 0.375926 0.0302083 0.144444 0.720049
0 0.328125 0.35463 0.0208333 0.0907407 0.720189
0 0.194271 0.449074 0.0864583 0.435185 0.720923
0 0.654167 0.392593 0.0541667 0.237037 0.722603
0 0.654688 0.392593 0.0552083 0.237037 0.723556
0 0.65625 0.391667 0.0541667 0.235185 0.727499
0 0.328125 0.35463 0.0208333 0.0907407 0.7342
0 0.328125 0.35463 0.0208333 0.0907407 0.734751
0 0.327604 0.355556 0.0197917 0.0888889 0.737789
0 0.194792 0.449074 0.0854167 0.435185 0.738923
0 0.435417 0.372222 0.03125 0.144444 0.743952
0 0.435417 0.373148 0.03125 0.146296 0.74582
0 0.488542 0.375 0.025 0.127778 0.74677
0 0.488542 0.375 0.025 0.127778 0.747813
0 0.434375 0.375 0.03125 0.142593 0.748047
0 0.603646 0.373148 0.0302083 0.131481 0.748304
0 0.603646 0.375 0.028125 0.131481 0.74902
0 0.604167 0.373148 0.0291667 0.131481 0.75372
0 0.434896 0.375 0.0302083 0.146296 0.774534
0 0.434375 0.375 0.03125 0.146296 0.774711
0 0.603646 0.374074 0.0302083 0.133333 0.774993
0 0.434896 0.375926 0.0302083 0.148148 0.799441
0 0.434375 0.372222 0.03125 0.151852 0.819103
0 0.603646 0.375 0.028125 0.131481 0.819586
0 0.603646 0.375 0.028125 0.131481 0.826769
0 0.434375 0.372222 0.03125 0.148148 0.8286
0 0.194271 0.449074 0.0864583 0.442593 0.838958
0 0.194271 0.449074 0.0864583 0.446296 0.839064
0 0.194271 0.448148 0.0864583 0.444444 0.846755
0 0.194792 0.449074 0.0854167 0.442593 0.881089
0 0.195312 0.45 0.0864583 0.440741 0.883535
0 0.195312 0.449074 0.0864583 0.442593 0.883543
0 0.195312 0.450926 0.0864583 0.435185 0.88421
0 0.194792 0.45 0.0854167 0.433333 0.896022
0 0.194271 0.449074 0.0864583 0.435185 0.903699
0 0.194792 0.45 0.0875 0.437037 0.904674
