13 0.456771 0.62963 0.111458 0.0962963 0.254332
0 0.466146 0.469444 0.0302083 0.15 0.254469
0 0.05 0.458333 0.0270833 0.124074 0.259698
0 0.315104 0.412963 0.0135417 0.0703704 0.260216
0 0.466146 0.469444 0.0302083 0.15 0.261372
13 0.410417 0.602778 0.210417 0.131481 0.261558
0 0.315104 0.413889 0.0135417 0.0722222 0.261627
0 0.0505208 0.458333 0.0260417 0.12037 0.264694
13 0.385417 0.588889 0.164583 0.107407 0.264706
13 0.45625 0.62963 0.1125 0.0962963 0.264846
0 0.240104 0.40463 0.0197917 0.0685185 0.265446
13 0.410417 0.602778 0.210417 0.131481 0.268552
13 0.455729 0.62963 0.111458 0.0962963 0.272267
0 0.315104 0.413889 0.0135417 0.0722222 0.274268
13 0.378125 0.577778 0.145833 0.0925926 0.279207
13 0.373958 0.578704 0.147917 0.087037 0.279754
13 0.283333 0.469444 0.0729167 0.101852 0.281184
13 0.283333 0.47037 0.0729167 0.1 0.282152
0 0.855729 0.625926 0.113542 0.625926 0.283162
13 0.373437 0.578704 0.144792 0.087037 0.284615
0 0.366667 0.440741 0.01875 0.103704 0.289058
0 0.435937 0.435185 0.0239583 0.114815 0.295589
0 0.0505208 0.460185 0.028125 0.124074 0.297064
13 0.379687 0.577778 0.151042 0.0925926 0.298009
0 0.392188 0.437037 0.0260417 0.114815 0.298478
0 0.39375 0.430556 0.0229167 0.105556 0.298956
0 0.392708 0.435185 0.0270833 0.111111 0.301525
13 0.289062 0.490741 0.078125 0.0703704 0.309105
0 0.366667 0.439815 0.01875 0.101852 0.312028
13 0.278125 0.487037 0.0666667 0.0814815 0.31249
0 0.435937 0.431481 0.0260417 0.118519 0.316507
13 0.289062 0.490741 0.0760417 0.0703704 0.317313
13 0.404167 0.6 0.208333 0.12963 0.319234
0 0.85 0.622222 0.108333 0.637037 0.323869
13 0.278125 0.488889 0.0666667 0.0814815 0.327271
0 0.0479167 0.465741 0.0291667 0.135185 0.329152
0 0.05 0.460185 0.0270833 0.124074 0.336066
0 0.392188 0.438889 0.021875 0.103704 0.337601
0 0.392188 0.438889 0.0197917 0.103704 0.346272
74 0.394271 0.087963 0.0427083 0.142593 0.351595
74 0.389583 0.087037 0.0354167 0.140741 0.352819
0 0.392188 0.438889 0.0197917 0.103704 0.353158
0 0.0479167 0.464815 0.0291667 0.133333 0.355513
0 0.642708 0.448148 0.0208333 0.107407 0.355648
13 0.373437 0.580556 0.153125 0.0907407 0.356321
0 0.0479167 0.465741 0.0291667 0.135185 0.358922
74 0.389583 0.0861111 0.0354167 0.142593 0.362904
74 0.394792 0.087037 0.04375 0.140741 0.364005
74 0.394792 0.087037 0.04375 0.140741 0.364155
0 0.855208 0.625926 0.1125 0.625926 0.367921
0 0.028125 0.471296 0.0291667 0.17963 0.3683
0 0.858854 0.642593 0.123958 0.677778 0.368896
0 0.0505208 0.460185 0.028125 0.124074 0.373947
0 0.0291667 0.47037 0.0291667 0.177778 0.374252
0 0.983854 0.586111 0.0322917 0.564815 0.376567
13 0.288542 0.484259 0.0875 0.0833333 0.377993
0 0.643229 0.448148 0.0197917 0.107407 0.379975
0 0.393229 0.435185 0.0260417 0.111111 0.380366
0 0.0489583 0.465741 0.0270833 0.131481 0.382464
0 0.366146 0.438889 0.0197917 0.1 0.382752
0 0.983333 0.586111 0.0333333 0.553704 0.384778
0 0.983333 0.615741 0.0333333 0.472222 0.38592
0 0.852604 0.642593 0.117708 0.625926 0.386773
0 0.393229 0.432407 0.021875 0.112963 0.388267
13 0.283854 0.486111 0.0739583 0.0796296 0.388609
0 0.435417 0.431481 0.025 0.118519 0.389951
0 0.365625 0.437037 0.01875 0.1 0.389966
0 0.366146 0.439815 0.0197917 0.105556 0.393499
13 0.283854 0.486111 0.0739583 0.0796296 0.394721
0 0.643229 0.448148 0.0197917 0.107407 0.394966
74 0.393229 0.0888889 0.0427083 0.140741 0.396376
0 0.852604 0.641667 0.117708 0.627778 0.402695
0 0.984375 0.634259 0.03125 0.424074 0.404974
13 0.286458 0.487963 0.08125 0.0759259 0.408548
0 0.983333 0.611111 0.0333333 0.477778 0.410352
0 0.858333 0.642593 0.125 0.67037 0.410835
74 0.393229 0.0888889 0.0427083 0.140741 0.412348
13 0.411979 0.613889 0.209375 0.12037 0.413142
0 0.435937 0.431481 0.0260417 0.118519 0.413728
13 0.285937 0.488889 0.0802083 0.0740741 0.414562
13 0.395833 0.594444 0.19375 0.114815 0.416293
74 0.393229 0.0888889 0.0427083 0.140741 0.419424
0 0.982813 0.612037 0.034375 0.487037 0.421014
74 0.39375 0.087963 0.04375 0.142593 0.423245
13 0.285417 0.486111 0.08125 0.0833333 0.425507
0 0.642187 0.447222 0.0177083 0.112963 0.426499
74 0.39375 0.087963 0.04375 0.142593 0.42806
0 0.849479 0.625926 0.107292 0.633333 0.433896
0 0.366667 0.438889 0.01875 0.103704 0.434734
0 0.467708 0.462963 0.0354167 0.151852 0.438251
0 0.366146 0.438889 0.0197917 0.1 0.438519
74 0.394271 0.087963 0.0427083 0.142593 0.438988
0 0.436458 0.437963 0.0229167 0.112963 0.439144
0 0.642187 0.447222 0.0197917 0.112963 0.440053
0 0.366146 0.438889 0.0197917 0.1 0.448155
0 0.366146 0.437037 0.0197917 0.103704 0.448835
13 0.286458 0.484259 0.0791667 0.0796296 0.449822
0 0.435937 0.437037 0.0239583 0.114815 0.449917
0 0.642187 0.447222 0.0177083 0.112963 0.450141
0 0.0161458 0.472222 0.0322917 0.188889 0.451495
0 0.365625 0.437037 0.01875 0.103704 0.452024
0 0.467708 0.462037 0.0354167 0.15 0.456075
0 0.436458 0.437037 0.0229167 0.114815 0.456721
0 0.0161458 0.47037 0.0322917 0.185185 0.457798
0 0.01875 0.472222 0.0375 0.188889 0.463135
0 0.984375 0.633333 0.03125 0.422222 0.470321
0 0.01875 0.472222 0.0375 0.185185 0.476491
0 0.984896 0.633333 0.0302083 0.425926 0.477459
13 0.284896 0.486111 0.078125 0.0796296 0.478791
0 0.392708 0.435185 0.025 0.111111 0.479896
13 0.285937 0.484259 0.078125 0.0796296 0.483378
0 0.0234375 0.475 0.046875 0.172222 0.491779
0 0.392188 0.437037 0.0239583 0.114815 0.503154
0 0.435937 0.431481 0.0260417 0.118519 0.514461
0 0.0229167 0.475 0.0458333 0.172222 0.534266
0 0.0494792 0.465741 0.028125 0.135185 0.535994
0 0.0494792 0.462037 0.028125 0.127778 0.552045
0 0.435417 0.430556 0.025 0.116667 0.553578
0 0.436979 0.433333 0.0239583 0.122222 0.566168
0 0.0229167 0.475 0.0458333 0.172222 0.570046
0 0.0494792 0.464815 0.028125 0.137037 0.575033
0 0.436979 0.433333 0.0239583 0.122222 0.575466
0 0.436979 0.433333 0.0239583 0.122222 0.577801
0 0.0494792 0.464815 0.028125 0.137037 0.584515
0 0.642187 0.448148 0.0197917 0.111111 0.589126
0 0.848437 0.634259 0.105208 0.635185 0.590017
0 0.0489583 0.464815 0.0270833 0.137037 0.591046
0 0.39375 0.434259 0.0229167 0.109259 0.592329
74 0.394271 0.087963 0.0427083 0.15 0.597277
0 0.642187 0.448148 0.0197917 0.111111 0.598669
0 0.983854 0.614815 0.0322917 0.481481 0.604349
0 0.642187 0.447222 0.0197917 0.109259 0.606566
74 0.394271 0.087037 0.0427083 0.148148 0.607604
0 0.0494792 0.464815 0.028125 0.133333 0.607906
0 0.642187 0.447222 0.0197917 0.109259 0.610287
0 0.983854 0.615741 0.0322917 0.487037 0.612388
0 0.0494792 0.462963 0.028125 0.12963 0.614711
0 0.0494792 0.462963 0.028125 0.12963 0.617592
0 0.39375 0.434259 0.0229167 0.109259 0.634054
0 0.642187 0.447222 0.0197917 0.105556 0.643514
0 0.642708 0.447222 0.0208333 0.105556 0.651303
0 0.39375 0.434259 0.0229167 0.109259 0.65206
0 0.0177083 0.471296 0.0354167 0.17963 0.65918
0 0.859375 0.636111 0.129167 0.635185 0.660279
0 0.393229 0.435185 0.0239583 0.107407 0.665772
0 0.466667 0.464815 0.03125 0.151852 0.665895
0 0.466667 0.464815 0.03125 0.155556 0.671633
0 0.0177083 0.471296 0.0354167 0.17963 0.682111
0 0.435937 0.434259 0.021875 0.109259 0.687272
0 0.435417 0.435185 0.0229167 0.111111 0.698031
0 0.393229 0.435185 0.0239583 0.107407 0.698977
0 0.0177083 0.471296 0.0354167 0.17963 0.703267
0 0.01875 0.472222 0.0375 0.181481 0.7077
0 0.435417 0.435185 0.0229167 0.111111 0.708042
0 0.392708 0.435185 0.0229167 0.107407 0.711892
0 0.847917 0.637963 0.10625 0.65 0.716253
0 0.0177083 0.471296 0.0354167 0.183333 0.719304
0 0.01875 0.472222 0.0375 0.181481 0.724221
0 0.0177083 0.472222 0.0354167 0.185185 0.72749
0 0.857292 0.641667 0.120833 0.653704 0.74418
0 0.858854 0.638889 0.126042 0.62963 0.745055
0 0.01875 0.472222 0.0375 0.181481 0.745711
0 0.435937 0.431481 0.0239583 0.118519 0.747971
0 0.435937 0.431481 0.0239583 0.118519 0.749284
0 0.467187 0.463889 0.0322917 0.153704 0.75202
0 0.435937 0.431481 0.0239583 0.118519 0.755395
0 0.435937 0.431481 0.0239583 0.118519 0.769529
0 0.467187 0.463889 0.0322917 0.153704 0.770677
0 0.466667 0.463889 0.0333333 0.15 0.771092
0 0.467187 0.463889 0.0322917 0.153704 0.773534
0 0.466667 0.463889 0.0333333 0.15 0.777299
0 0.467187 0.462963 0.034375 0.148148 0.7976
0 0.466667 0.464815 0.0333333 0.151852 0.800478
0 0.85625 0.642593 0.11875 0.655556 0.806322
0 0.466667 0.464815 0.0333333 0.151852 0.80944
0 0.466667 0.466667 0.0333333 0.151852 0.813573
0 0.467187 0.466667 0.0322917 0.148148 0.817419
0 0.467187 0.464815 0.0322917 0.151852 0.823004
0 0.857292 0.642593 0.120833 0.651852 0.826577
0 0.85625 0.643519 0.11875 0.657407 0.847109
