0 0.543229 0.389815 0.028125 0.12037 0.250403
0 0.567187 0.389815 0.028125 0.12037 0.254819
0 0.538021 0.394444 0.0364583 0.114815 0.259553
0 0.461458 0.383333 0.0729167 0.148148 0.263357
0 0.360417 0.348148 0.0166667 0.0740741 0.264806
0 0.567187 0.389815 0.028125 0.12037 0.275899
0 0.567187 0.390741 0.028125 0.118519 0.27598
0 0.811979 0.385185 0.0385417 0.218519 0.277903
0 0.419271 0.343519 0.015625 0.0759259 0.283854
0 0.811979 0.386111 0.040625 0.22037 0.285692
0 0.813021 0.385185 0.040625 0.214815 0.294885
0 0.563542 0.398148 0.0354167 0.114815 0.299421
0 0.813021 0.385185 0.040625 0.214815 0.299869
0 0.561979 0.4 0.034375 0.114815 0.306153
0 0.463021 0.383333 0.0677083 0.144444 0.307425
0 0.482292 0.390741 0.0291667 0.148148 0.309365
0 0.482812 0.387037 0.028125 0.137037 0.310791
0 0.563542 0.397222 0.0354167 0.112963 0.316816
0 0.482292 0.386111 0.0291667 0.138889 0.320913
0 0.482292 0.390741 0.0291667 0.148148 0.321056
0 0.482292 0.391667 0.0291667 0.15 0.324828
0 0.563021 0.397222 0.034375 0.112963 0.326577
0 0.566146 0.393519 0.0322917 0.127778 0.330876
0 0.565625 0.393519 0.03125 0.127778 0.33382
0 0.4625 0.383333 0.06875 0.148148 0.335887
0 0.561979 0.4 0.034375 0.114815 0.33732
0 0.482292 0.385185 0.0291667 0.148148 0.339875
0 0.566146 0.393519 0.0302083 0.127778 0.346864
0 0.482812 0.385185 0.0302083 0.144444 0.34925
0 0.561979 0.4 0.034375 0.114815 0.359454
0 0.563542 0.396296 0.0333333 0.118519 0.365018
0 0.441667 0.380556 0.03125 0.161111 0.38103
0 0.441667 0.37963 0.03125 0.159259 0.381361
0 0.563542 0.396296 0.0333333 0.118519 0.382816
0 0.563542 0.39537 0.0333333 0.116667 0.385277
0 0.442187 0.374074 0.034375 0.162963 0.387931
0 0.565104 0.397222 0.0302083 0.116667 0.38889
0 0.565625 0.396296 0.03125 0.114815 0.393737
0 0.814062 0.37963 0.040625 0.222222 0.398779
0 0.442187 0.374074 0.034375 0.159259 0.401087
0 0.483854 0.386111 0.028125 0.142593 0.410047
0 0.565625 0.397222 0.03125 0.116667 0.410516
0 0.483333 0.385185 0.0270833 0.144444 0.422357
0 0.641667 0.37037 0.0270833 0.125926 0.434955
0 0.482812 0.385185 0.0302083 0.140741 0.448148
0 0.641146 0.375 0.0260417 0.127778 0.449251
0 0.814583 0.380556 0.0395833 0.22037 0.470266
0 0.641146 0.374074 0.0260417 0.12963 0.49306
0 0.815625 0.384259 0.0395833 0.216667 0.502271
0 0.815625 0.383333 0.0395833 0.218519 0.504159
0 0.815625 0.383333 0.0395833 0.218519 0.505674
0 0.8125 0.380556 0.0458333 0.22037 0.516559
0 0.813021 0.37963 0.046875 0.218519 0.518504
0 0.641667 0.373148 0.0270833 0.127778 0.525482
0 0.814062 0.380556 0.040625 0.22037 0.53733
0 0.813542 0.380556 0.0416667 0.224074 0.557935
0 0.641667 0.373148 0.0270833 0.127778 0.559932
0 0.813542 0.37963 0.0416667 0.222222 0.562842
0 0.641667 0.373148 0.025 0.127778 0.573055
0 0.641667 0.373148 0.0270833 0.131481 0.581597
0 0.642187 0.371296 0.028125 0.131481 0.582185
0 0.641667 0.37037 0.0270833 0.133333 0.585627
0 0.640625 0.375 0.025 0.127778 0.59066
0 0.641667 0.371296 0.0270833 0.131481 0.592113
0 0.813542 0.382407 0.0416667 0.216667 0.621642
0 0.641146 0.373148 0.0260417 0.131481 0.635679
0 0.642187 0.371296 0.028125 0.131481 0.643821
0 0.813542 0.383333 0.0416667 0.218519 0.647976
0 0.641667 0.371296 0.0270833 0.131481 0.650259
0 0.641146 0.374074 0.0260417 0.125926 0.674076
0 0.442708 0.378704 0.0333333 0.157407 0.675039
0 0.813542 0.383333 0.0416667 0.218519 0.676815
0 0.442187 0.378704 0.034375 0.157407 0.684346
0 0.442187 0.376852 0.0302083 0.161111 0.686382
0 0.442187 0.376852 0.0302083 0.157407 0.690107
0 0.641146 0.374074 0.0260417 0.125926 0.705241
0 0.641146 0.373148 0.0260417 0.131481 0.721291
0 0.641146 0.374074 0.0260417 0.125926 0.722007
0 0.442187 0.378704 0.034375 0.157407 0.723256
0 0.482812 0.389815 0.0302083 0.146296 0.732081
0 0.482292 0.387963 0.0291667 0.146296 0.735392
0 0.482292 0.389815 0.0291667 0.146296 0.756506
0 0.441667 0.378704 0.03125 0.161111 0.760421
0 0.441667 0.37963 0.03125 0.162963 0.761874
0 0.442187 0.37963 0.0302083 0.162963 0.778113
0 0.483333 0.386111 0.0291667 0.146296 0.806361
0 0.483333 0.387037 0.0291667 0.144444 0.810554
0 0.482292 0.385185 0.0291667 0.148148 0.821172
0 0.482812 0.386111 0.0302083 0.146296 0.832952
0 0.441146 0.378704 0.0322917 0.164815 0.84538
0 0.441146 0.378704 0.0322917 0.161111 0.847106
