0 0.366146 0.337037 0.0197917 0.0740741 0.256079
13 0.405729 0.558333 0.078125 0.164815 0.257518
0 0.223958 0.439815 0.114583 0.412963 0.269212
13 0.405729 0.557407 0.078125 0.162963 0.271707
0 0.223438 0.439815 0.113542 0.416667 0.272734
13 0.405208 0.557407 0.0770833 0.162963 0.27287
13 0.405729 0.557407 0.078125 0.162963 0.273448
0 0.0489583 0.388889 0.0270833 0.133333 0.273645
13 0.405729 0.557407 0.078125 0.162963 0.275983
0 0.507292 0.343519 0.0145833 0.0685185 0.276732
0 0.436458 0.372222 0.03125 0.137037 0.28416
0 0.223958 0.439815 0.114583 0.412963 0.285875
0 0.608333 0.372222 0.0270833 0.133333 0.290564
0 0.225 0.441667 0.114583 0.416667 0.294101
0 0.465625 0.355556 0.0208333 0.0962963 0.29469
0 0.225 0.441667 0.114583 0.412963 0.295029
0 0.466146 0.352778 0.0239583 0.105556 0.295664
13 0.405729 0.557407 0.0760417 0.162963 0.296692
0 0.225 0.440741 0.114583 0.414815 0.300259
0 0.347917 0.34537 0.0145833 0.0833333 0.302031
0 0.489583 0.374074 0.0270833 0.137037 0.304319
0 0.507292 0.343519 0.0145833 0.0685185 0.314249
0 0.507292 0.340741 0.0125 0.0703704 0.318219
0 0.609375 0.375926 0.0270833 0.133333 0.318857
0 0.347917 0.342593 0.0166667 0.0851852 0.325009
0 0.466146 0.353704 0.0239583 0.107407 0.331809
0 0.466146 0.353704 0.0239583 0.107407 0.332788
0 0.223438 0.441667 0.113542 0.409259 0.336123
0 0.0479167 0.380556 0.0270833 0.153704 0.342155
0 0.347917 0.342593 0.0145833 0.0851852 0.343749
0 0.347917 0.34537 0.0145833 0.0833333 0.347151
0 0.222917 0.439815 0.114583 0.409259 0.357669
0 0.607813 0.372222 0.0260417 0.133333 0.359315
0 0.360938 0.339815 0.0197917 0.087037 0.36163
0 0.360938 0.339815 0.0197917 0.087037 0.362671
0 0.489062 0.374074 0.028125 0.133333 0.364943
0 0.506771 0.340741 0.0135417 0.0703704 0.368194
0 0.3625 0.337963 0.01875 0.087037 0.372559
0 0.360938 0.339815 0.0197917 0.087037 0.384465
0 0.348437 0.342593 0.015625 0.0851852 0.393997
0 0.363021 0.339815 0.0197917 0.087037 0.399577
0 0.364583 0.338889 0.0166667 0.0888889 0.399766
0 0.609896 0.375926 0.0260417 0.144444 0.40739
0 0.609375 0.375926 0.025 0.144444 0.408392
0 0.364583 0.338889 0.0166667 0.0888889 0.410498
0 0.363542 0.338889 0.01875 0.0851852 0.431444
0 0.363542 0.337963 0.01875 0.087037 0.44175
0 0.323438 0.35463 0.021875 0.0833333 0.442911
0 0.364583 0.338889 0.0166667 0.0888889 0.447705
0 0.363542 0.337963 0.01875 0.087037 0.453469
0 0.226562 0.444444 0.111458 0.414815 0.459169
0 0.608333 0.374074 0.0270833 0.137037 0.466327
0 0.608333 0.372222 0.025 0.140741 0.467498
0 0.638021 0.380556 0.0427083 0.201852 0.469003
0 0.608333 0.372222 0.025 0.140741 0.472528
0 0.608333 0.372222 0.025 0.133333 0.475073
0 0.638021 0.380556 0.0427083 0.205556 0.479479
0 0.434896 0.372222 0.0322917 0.148148 0.485853
0 0.490625 0.368519 0.0270833 0.144444 0.488481
0 0.434896 0.372222 0.0322917 0.148148 0.488544
0 0.0494792 0.388889 0.028125 0.140741 0.491185
0 0.0494792 0.388889 0.028125 0.140741 0.493459
0 0.608333 0.372222 0.0270833 0.137037 0.4987
0 0.642187 0.384259 0.0489583 0.216667 0.501205
0 0.490625 0.369444 0.0270833 0.142593 0.502579
0 0.05 0.381481 0.0291667 0.155556 0.510052
0 0.05 0.380556 0.0291667 0.157407 0.511527
0 0.489583 0.373148 0.03125 0.146296 0.514932
0 0.0484375 0.383333 0.0302083 0.151852 0.522626
0 0.608333 0.374074 0.0270833 0.137037 0.528871
0 0.608333 0.372222 0.0270833 0.140741 0.536026
0 0.490104 0.375 0.028125 0.153704 0.538514
0 0.323438 0.358333 0.0177083 0.0796296 0.540255
0 0.322917 0.357407 0.01875 0.0777778 0.543671
0 0.322917 0.358333 0.01875 0.0759259 0.558935
0 0.490104 0.374074 0.028125 0.151852 0.560485
0 0.642187 0.385185 0.0489583 0.218519 0.560537
0 0.490104 0.374074 0.0302083 0.144444 0.562208
0 0.226562 0.443519 0.111458 0.412963 0.562733
0 0.489583 0.374074 0.03125 0.144444 0.575365
0 0.0484375 0.382407 0.0302083 0.153704 0.576441
0 0.608333 0.373148 0.025 0.131481 0.578077
0 0.608333 0.374074 0.0270833 0.137037 0.581335
0 0.0489583 0.384259 0.0291667 0.15 0.58643
0 0.607813 0.372222 0.0260417 0.137037 0.587712
0 0.490104 0.375 0.028125 0.153704 0.591178
0 0.0489583 0.382407 0.0291667 0.153704 0.60084
0 0.435417 0.374074 0.03125 0.144444 0.603445
0 0.0484375 0.384259 0.0260417 0.15 0.604963
0 0.0479167 0.384259 0.0270833 0.15 0.606366
0 0.490104 0.374074 0.028125 0.144444 0.607644
0 0.489062 0.374074 0.0260417 0.140741 0.615571
0 0.435417 0.374074 0.03125 0.144444 0.61847
0 0.489583 0.375 0.0270833 0.138889 0.619037
0 0.642187 0.385185 0.0489583 0.218519 0.620352
0 0.0489583 0.384259 0.0291667 0.15 0.622231
0 0.435417 0.375 0.03125 0.142593 0.623934
0 0.435937 0.373148 0.0322917 0.142593 0.630813
0 0.608333 0.373148 0.025 0.138889 0.633563
0 0.607813 0.373148 0.0239583 0.138889 0.634682
0 0.0484375 0.384259 0.028125 0.15 0.639505
0 0.322917 0.355556 0.0208333 0.0814815 0.642661
0 0.643229 0.387037 0.0510417 0.222222 0.649577
0 0.490104 0.373148 0.028125 0.146296 0.654683
0 0.435937 0.373148 0.0322917 0.142593 0.65604
0 0.642708 0.384259 0.0520833 0.22037 0.6582
0 0.642708 0.387037 0.05 0.218519 0.668568
0 0.322917 0.357407 0.01875 0.0814815 0.697354
0 0.490104 0.374074 0.028125 0.144444 0.697656
0 0.489583 0.374074 0.0270833 0.144444 0.706122
0 0.435937 0.373148 0.0322917 0.142593 0.707819
0 0.436979 0.371296 0.0322917 0.142593 0.719402
0 0.436979 0.372222 0.0322917 0.140741 0.723436
0 0.322917 0.355556 0.01875 0.0814815 0.724793
0 0.489583 0.374074 0.0270833 0.140741 0.726763
0 0.323438 0.355556 0.0197917 0.0814815 0.74337
0 0.322917 0.355556 0.01875 0.0814815 0.745084
0 0.435937 0.375 0.0322917 0.142593 0.747577
0 0.323438 0.359259 0.0197917 0.0814815 0.748542
0 0.436458 0.374074 0.03125 0.144444 0.748911
0 0.642187 0.386111 0.0510417 0.216667 0.75365
0 0.642708 0.387037 0.05 0.218519 0.755366
0 0.323438 0.358333 0.0197917 0.0796296 0.755535
0 0.323438 0.358333 0.0197917 0.0796296 0.759887
0 0.436458 0.374074 0.03125 0.144444 0.769193
0 0.642708 0.386111 0.05 0.22037 0.773996
0 0.642708 0.387037 0.05 0.218519 0.778197
0 0.435417 0.373148 0.03125 0.153704 0.788059
0 0.642708 0.387037 0.05 0.218519 0.791092
0 0.642708 0.385185 0.05 0.218519 0.792318
0 0.434896 0.373148 0.0322917 0.15 0.79379
0 0.643229 0.386111 0.046875 0.216667 0.796339
0 0.643229 0.385185 0.046875 0.218519 0.797663
0 0.225521 0.440741 0.113542 0.407407 0.820457
0 0.64375 0.386111 0.0479167 0.22037 0.837245
0 0.64375 0.386111 0.0479167 0.224074 0.838705
0 0.225521 0.442593 0.115625 0.407407 0.860623
0 0.225521 0.442593 0.115625 0.411111 0.867329
0 0.225521 0.442593 0.115625 0.407407 0.867945
0 0.225521 0.440741 0.113542 0.407407 0.86815
0 0.226042 0.441667 0.1125 0.405556 0.881662
0 0.226042 0.441667 0.114583 0.409259 0.885002
0 0.226042 0.441667 0.1125 0.409259 0.888416
0 0.226042 0.441667 0.1125 0.409259 0.892248
0 0.226042 0.441667 0.1125 0.405556 0.893358
