0 0.504167 0.358333 0.03125 0.142593 0.254425
0 0.882292 0.449074 0.06875 0.442593 0.260276
0 0.638542 0.352778 0.025 0.112963 0.260352
0 0.507292 0.357407 0.0270833 0.137037 0.261681
0 0.638542 0.35463 0.025 0.112963 0.270089
0 0.505729 0.362037 0.0260417 0.131481 0.2771
0 0.5 0.355556 0.0229167 0.137037 0.279018
0 0.5 0.355556 0.0229167 0.137037 0.287446
0 0.504167 0.358333 0.03125 0.142593 0.309111
0 0.503125 0.357407 0.03125 0.140741 0.312153
0 0.520312 0.361111 0.0447917 0.137037 0.320432
0 0.882812 0.455556 0.065625 0.437037 0.324025
0 0.882812 0.457407 0.065625 0.440741 0.325504
0 0.505729 0.361111 0.0302083 0.137037 0.328038
0 0.882812 0.457407 0.065625 0.433333 0.328458
0 0.377083 0.347222 0.03125 0.153704 0.334738
0 0.377083 0.347222 0.03125 0.153704 0.336065
0 0.0348958 0.363889 0.034375 0.157407 0.344224
0 0.034375 0.363889 0.0354167 0.157407 0.358595
0 0.505729 0.362037 0.0260417 0.135185 0.360409
0 0.533854 0.358333 0.0260417 0.138889 0.366233
0 0.639583 0.349074 0.0208333 0.101852 0.367386
0 0.881771 0.456481 0.0677083 0.45 0.370821
0 0.505729 0.362037 0.0260417 0.135185 0.371156
0 0.533854 0.358333 0.0260417 0.138889 0.377066
0 0.522396 0.361111 0.0427083 0.137037 0.37737
0 0.505729 0.361111 0.0302083 0.137037 0.383352
0 0.526563 0.359259 0.028125 0.133333 0.394682
0 0.522396 0.360185 0.0427083 0.135185 0.401558
0 0.377604 0.356481 0.0322917 0.168519 0.402319
0 0.377604 0.356481 0.0322917 0.168519 0.407476
0 0.583854 0.362963 0.0302083 0.148148 0.409221
0 0.583854 0.362963 0.0302083 0.148148 0.412043
0 0.0354167 0.377778 0.0333333 0.192593 0.412223
0 0.0348958 0.376852 0.034375 0.194444 0.416643
0 0.0348958 0.377778 0.034375 0.192593 0.417466
0 0.639583 0.349074 0.0208333 0.101852 0.417812
0 0.783333 0.599074 0.116667 0.694444 0.421811
0 0.639583 0.349074 0.0208333 0.101852 0.423788
0 0.881771 0.45463 0.0697917 0.45 0.431942
0 0.9375 0.59537 0.125 0.709259 0.432119
0 0.377083 0.356481 0.0333333 0.168519 0.443501
0 0.5875 0.369444 0.0333333 0.142593 0.453836
0 0.376042 0.35463 0.0333333 0.168519 0.456508
0 0.505729 0.362037 0.028125 0.135185 0.468548
0 0.5875 0.37037 0.0333333 0.144444 0.469657
0 0.590104 0.368519 0.0364583 0.151852 0.476889
0 0.882292 0.446296 0.06875 0.440741 0.483034
0 0.590104 0.368519 0.0364583 0.151852 0.489574
0 0.376042 0.35463 0.0333333 0.168519 0.49701
0 0.527083 0.359259 0.0291667 0.137037 0.500125
0 0.377083 0.35463 0.0333333 0.164815 0.501988
0 0.882292 0.447222 0.06875 0.438889 0.507631
0 0.783854 0.592593 0.115625 0.644444 0.507932
0 0.527083 0.359259 0.0291667 0.137037 0.509052
0 0.530208 0.361111 0.0291667 0.137037 0.519329
0 0.377083 0.35463 0.0333333 0.164815 0.522274
0 0.530208 0.360185 0.025 0.131481 0.528226
0 0.530208 0.359259 0.0270833 0.133333 0.531749
0 0.591667 0.375926 0.0333333 0.151852 0.533987
0 0.591667 0.375926 0.0333333 0.151852 0.538046
0 0.589063 0.37037 0.0364583 0.151852 0.542739
0 0.591667 0.375 0.0333333 0.153704 0.546435
0 0.375 0.353704 0.0291667 0.159259 0.551066
0 0.375 0.353704 0.0291667 0.159259 0.555761
0 0.589583 0.37037 0.0354167 0.151852 0.557252
0 0.638542 0.352778 0.0229167 0.105556 0.559808
0 0.929167 0.601852 0.122917 0.703704 0.563386
0 0.376042 0.353704 0.0333333 0.166667 0.563767
0 0.639063 0.353704 0.021875 0.1 0.565032
0 0.376563 0.351852 0.0322917 0.159259 0.572362
0 0.0333333 0.376852 0.0354167 0.183333 0.577517
0 0.376563 0.351852 0.0322917 0.159259 0.580589
0 0.589583 0.37037 0.0354167 0.151852 0.582365
0 0.507292 0.357407 0.0270833 0.144444 0.582381
0 0.530208 0.359259 0.025 0.137037 0.582578
0 0.0348958 0.375 0.0364583 0.17963 0.58306
0 0.530208 0.359259 0.0270833 0.140741 0.586751
0 0.0333333 0.378704 0.0354167 0.183333 0.587288
0 0.639063 0.35463 0.021875 0.116667 0.589152
0 0.507812 0.357407 0.028125 0.144444 0.590654
0 0.376563 0.35463 0.034375 0.164815 0.594435
0 0.0348958 0.375926 0.0364583 0.177778 0.594986
0 0.530729 0.361111 0.028125 0.137037 0.597875
0 0.639063 0.353704 0.021875 0.103704 0.600143
0 0.530208 0.361111 0.0270833 0.137037 0.602738
0 0.639063 0.353704 0.021875 0.1 0.604978
0 0.936458 0.603704 0.125 0.711111 0.607132
0 0.639063 0.353704 0.021875 0.103704 0.607223
0 0.639063 0.353704 0.021875 0.1 0.609289
0 0.936979 0.612037 0.126042 0.72037 0.612742
0 0.0354167 0.373148 0.0354167 0.172222 0.615417
0 0.0348958 0.375 0.0364583 0.17963 0.62183
0 0.0354167 0.373148 0.0354167 0.172222 0.625455
0 0.590104 0.372222 0.034375 0.148148 0.627002
0 0.590104 0.372222 0.034375 0.148148 0.632579
0 0.882812 0.458333 0.0677083 0.45 0.635747
0 0.0354167 0.373148 0.0354167 0.172222 0.636663
0 0.639063 0.353704 0.021875 0.114815 0.645567
0 0.882812 0.459259 0.0677083 0.462963 0.648936
0 0.591146 0.371296 0.0322917 0.15 0.649379
0 0.882812 0.458333 0.0677083 0.464815 0.649884
0 0.590104 0.372222 0.034375 0.151852 0.654777
0 0.530729 0.361111 0.028125 0.137037 0.654829
0 0.591146 0.372222 0.0322917 0.148148 0.656004
0 0.936458 0.603704 0.125 0.711111 0.656633
0 0.639063 0.35463 0.021875 0.112963 0.665117
0 0.936458 0.611111 0.127083 0.714815 0.667612
0 0.785937 0.6 0.117708 0.688889 0.682745
0 0.530208 0.361111 0.0270833 0.137037 0.686999
0 0.882812 0.45463 0.065625 0.438889 0.694095
0 0.785417 0.598148 0.116667 0.677778 0.703471
0 0.882812 0.455556 0.065625 0.444444 0.709277
0 0.882292 0.455556 0.0666667 0.444444 0.709639
0 0.785417 0.599074 0.11875 0.687037 0.732314
0 0.530208 0.361111 0.025 0.137037 0.732735
0 0.530208 0.360185 0.025 0.135185 0.735503
0 0.882812 0.447222 0.0697917 0.438889 0.740458
0 0.530729 0.361111 0.0260417 0.137037 0.741753
0 0.882292 0.447222 0.06875 0.438889 0.776779
0 0.936979 0.609259 0.126042 0.714815 0.781344
0 0.784375 0.599074 0.116667 0.672222 0.789323
0 0.935938 0.600926 0.128125 0.709259 0.792777
0 0.936979 0.609259 0.126042 0.714815 0.819564
0 0.785937 0.597222 0.117708 0.675926 0.824584
0 0.785937 0.6 0.117708 0.681481 0.894188
0 0.784896 0.594444 0.117708 0.703704 0.897814
0 0.786458 0.599074 0.116667 0.67963 0.898907
