0 0.0421875 0.440741 0.0302083 0.122222 0.253494
0 0.190625 0.402778 0.0208333 0.0648148 0.263658
0 0.191146 0.400926 0.021875 0.0648148 0.264416
0 0.191146 0.402778 0.021875 0.0648148 0.265018
0 0.0421875 0.443519 0.0302083 0.12037 0.270126
0 0.3875 0.40463 0.0354167 0.0833333 0.271516
0 0.4 0.402778 0.0229167 0.0796296 0.27344
0 0.446354 0.436111 0.034375 0.153704 0.274445
0 0.944792 0.587037 0.0833333 0.507407 0.275434
0 0.441667 0.448148 0.0354167 0.137037 0.275757
13 0.344271 0.592593 0.167708 0.107407 0.27842
0 0.441667 0.448148 0.0354167 0.137037 0.279363
0 0.0421875 0.444444 0.0302083 0.122222 0.281096
0 0.190625 0.402778 0.0208333 0.0648148 0.281135
0 0.4 0.402778 0.0229167 0.0796296 0.281166
13 0.356771 0.597222 0.190625 0.109259 0.289986
0 0.0416667 0.440741 0.0291667 0.122222 0.292877
0 0.190625 0.400926 0.0208333 0.0611111 0.295338
0 0.4 0.402778 0.0229167 0.0796296 0.301268
0 0.0416667 0.440741 0.0291667 0.118519 0.307477
0 0.0416667 0.440741 0.0291667 0.118519 0.327598
0 0.401563 0.408333 0.0197917 0.0685185 0.342476
0 0.380729 0.401852 0.021875 0.0814815 0.357153
0 0.381771 0.411111 0.0239583 0.0962963 0.363569
0 0.401563 0.407407 0.0197917 0.0703704 0.369
0 0.401563 0.408333 0.0197917 0.0685185 0.390736
0 0.38125 0.409259 0.0229167 0.107407 0.392223
0 0.444271 0.434259 0.0364583 0.146296 0.396173
0 0.444271 0.434259 0.0364583 0.146296 0.408197
0 0.401563 0.401852 0.0197917 0.0740741 0.421788
0 0.382292 0.406481 0.0229167 0.0944444 0.421979
0 0.38125 0.411111 0.0229167 0.107407 0.422336
0 0.38125 0.411111 0.0229167 0.107407 0.430118
0 0.382292 0.406481 0.0208333 0.0944444 0.449068
0 0.441146 0.446296 0.034375 0.148148 0.457559
0 0.402083 0.401852 0.0208333 0.0740741 0.457745
0 0.382292 0.407407 0.0208333 0.0925926 0.461423
0 0.401563 0.401852 0.0197917 0.0740741 0.4643
0 0.441146 0.446296 0.034375 0.148148 0.483479
0 0.401563 0.402778 0.0197917 0.0722222 0.487507
0 0.402083 0.403704 0.0208333 0.0777778 0.497016
0 0.942708 0.593518 0.0770833 0.505556 0.587095
0 0.942187 0.590741 0.0760417 0.507407 0.605047
0 0.942187 0.592593 0.078125 0.507407 0.609469
0 0.442708 0.442593 0.0354167 0.155556 0.625475
0 0.442187 0.442593 0.0364583 0.151852 0.629873
0 0.442708 0.442593 0.0354167 0.155556 0.637855
0 0.442187 0.442593 0.0364583 0.151852 0.646314
0 0.444271 0.437963 0.0385417 0.161111 0.651762
0 0.44375 0.439815 0.0375 0.157407 0.653462
0 0.442187 0.442593 0.0364583 0.151852 0.658048
0 0.942187 0.592593 0.0760417 0.503704 0.680423
0 0.444271 0.437963 0.0385417 0.161111 0.683713
0 0.44375 0.439815 0.0375 0.157407 0.696826
0 0.44375 0.438889 0.0375 0.162963 0.710373
0 0.941667 0.590741 0.0770833 0.507407 0.724971
0 0.44375 0.439815 0.0375 0.157407 0.730597
0 0.942708 0.590741 0.0770833 0.507407 0.734151
0 0.942187 0.592593 0.0760417 0.503704 0.738674
0 0.941667 0.590741 0.0770833 0.503704 0.765898
0 0.942708 0.592593 0.0770833 0.507407 0.783856
0 0.942708 0.593518 0.0770833 0.509259 0.796975
