74 0.399479 0.0675926 0.0447917 0.135185 0.250171
0 0.171875 0.406481 0.0229167 0.0833333 0.250484
0 0.172396 0.405556 0.0239583 0.0851852 0.25162
0 0.455208 0.437037 0.0395833 0.148148 0.254799
0 0.290104 0.403704 0.015625 0.0666667 0.254811
0 0.455729 0.447222 0.034375 0.157407 0.257092
13 0.288542 0.478704 0.0854167 0.0722222 0.25814
0 0.455729 0.447222 0.034375 0.157407 0.258325
0 0.194792 0.387963 0.0145833 0.0833333 0.258348
0 0.458333 0.444444 0.0375 0.151852 0.260228
0 0.455208 0.437963 0.0395833 0.15 0.261788
13 0.291146 0.475 0.0947917 0.0722222 0.262049
13 0.290625 0.475 0.0916667 0.0722222 0.26642
0 0.176042 0.402778 0.01875 0.0944444 0.267288
0 0.176563 0.402778 0.0177083 0.0907407 0.269687
0 0.402604 0.411111 0.015625 0.0851852 0.269986
13 0.281771 0.474074 0.078125 0.0814815 0.272128
13 0.285417 0.476852 0.0833333 0.0759259 0.273914
0 0.175521 0.408333 0.0197917 0.0944444 0.273942
0 0.171875 0.407407 0.0229167 0.0851852 0.275551
13 0.281771 0.474074 0.078125 0.0814815 0.28345
13 0.288021 0.474074 0.084375 0.0740741 0.28639
13 0.285417 0.477778 0.0833333 0.0740741 0.287119
0 0.457812 0.444444 0.0364583 0.151852 0.287308
0 0.176563 0.402778 0.0177083 0.0944444 0.2909
0 0.971354 0.676852 0.0572917 0.638889 0.298332
0 0.653125 0.42963 0.0229167 0.111111 0.299221
0 0.970833 0.6 0.0583333 0.474074 0.308569
0 0.402604 0.411111 0.015625 0.0851852 0.311436
13 0.288021 0.474074 0.0822917 0.0740741 0.313733
0 0.402604 0.411111 0.015625 0.0851852 0.321646
13 0.367708 0.57963 0.164583 0.0962963 0.332799
0 0.394792 0.418519 0.0291667 0.107407 0.339175
0 0.394271 0.416667 0.0302083 0.107407 0.348925
0 0.319792 0.400926 0.0125 0.0574074 0.349384
13 0.284375 0.471296 0.08125 0.0796296 0.35314
0 0.972396 0.605556 0.0552083 0.488889 0.356072
0 0.319792 0.4 0.0125 0.0592593 0.358798
0 0.319271 0.398148 0.0135417 0.0666667 0.366072
74 0.399479 0.0657407 0.040625 0.131481 0.367908
13 0.284896 0.471296 0.0822917 0.0796296 0.370604
74 0.399479 0.0657407 0.040625 0.131481 0.373904
13 0.404687 0.622222 0.221875 0.133333 0.377491
0 0.394792 0.418519 0.0291667 0.107407 0.388989
13 0.390104 0.599074 0.209375 0.127778 0.390183
0 0.39375 0.416667 0.0291667 0.107407 0.393537
0 0.391667 0.417593 0.0333333 0.105556 0.40038
0 0.970833 0.611111 0.0583333 0.5 0.406862
0 0.972396 0.60463 0.0552083 0.494444 0.411239
13 0.286979 0.474074 0.0885417 0.0777778 0.414022
0 0.365625 0.418519 0.0166667 0.103704 0.419349
0 0.653125 0.431481 0.0208333 0.118519 0.419474
0 0.970833 0.600926 0.0583333 0.483333 0.42179
0 0.653125 0.430556 0.0208333 0.116667 0.423974
0 0.394271 0.416667 0.0302083 0.107407 0.430242
0 0.652083 0.430556 0.0208333 0.112963 0.439707
0 0.653125 0.430556 0.0208333 0.116667 0.444751
0 0.365104 0.418519 0.0177083 0.107407 0.449897
13 0.288542 0.475 0.0875 0.0833333 0.450976
13 0.288021 0.474074 0.0885417 0.0777778 0.455531
0 0.401042 0.412963 0.0166667 0.0925926 0.457243
0 0.652083 0.430556 0.0208333 0.112963 0.457831
0 0.652083 0.430556 0.0208333 0.112963 0.459462
0 0.365104 0.418519 0.0177083 0.107407 0.46344
13 0.289062 0.474074 0.0885417 0.0777778 0.47081
0 0.393229 0.416667 0.028125 0.107407 0.471944
0 0.970833 0.600926 0.0583333 0.483333 0.481111
13 0.289062 0.474074 0.0864583 0.0777778 0.487916
0 0.400521 0.412963 0.0177083 0.0925926 0.502949
0 0.391146 0.418519 0.021875 0.103704 0.503809
0 0.400521 0.412963 0.0177083 0.0925926 0.506057
0 0.453125 0.443519 0.0354167 0.161111 0.508951
0 0.394792 0.416667 0.0291667 0.103704 0.50907
0 0.395312 0.416667 0.0260417 0.107407 0.517142
0 0.652604 0.431481 0.021875 0.114815 0.530232
0 0.391667 0.418519 0.0208333 0.107407 0.533376
0 0.391667 0.418519 0.0208333 0.107407 0.534973
0 0.453125 0.444444 0.0354167 0.159259 0.535982
0 0.653125 0.431481 0.0208333 0.114815 0.550035
0 0.394792 0.416667 0.0291667 0.107407 0.553435
0 0.394792 0.416667 0.0291667 0.107407 0.554511
0 0.366146 0.421296 0.0177083 0.101852 0.577927
0 0.393229 0.415741 0.0302083 0.105556 0.61152
0 0.366146 0.42037 0.0177083 0.103704 0.616515
0 0.366146 0.42037 0.0177083 0.103704 0.622402
0 0.970833 0.594444 0.0583333 0.466667 0.628497
0 0.39375 0.416667 0.0270833 0.107407 0.632009
0 0.365104 0.422222 0.0177083 0.1 0.636299
0 0.393229 0.414815 0.0302083 0.107407 0.644508
0 0.393229 0.414815 0.0302083 0.107407 0.650352
0 0.971875 0.623148 0.05625 0.524074 0.655172
0 0.365104 0.421296 0.0177083 0.101852 0.659448
0 0.365104 0.421296 0.0177083 0.101852 0.663065
0 0.454167 0.441667 0.0395833 0.164815 0.683876
0 0.454167 0.442593 0.0375 0.162963 0.705475
0 0.365625 0.42037 0.01875 0.107407 0.708175
0 0.454688 0.441667 0.0385417 0.164815 0.718295
0 0.365104 0.419444 0.0177083 0.109259 0.72238
0 0.455208 0.444444 0.0375 0.159259 0.727829
0 0.455208 0.443519 0.0375 0.157407 0.731493
0 0.455208 0.444444 0.0375 0.159259 0.732183
0 0.454688 0.442593 0.0385417 0.166667 0.736499
0 0.455208 0.443519 0.0375 0.161111 0.738192
0 0.454167 0.442593 0.0375 0.162963 0.740678
0 0.455208 0.444444 0.0375 0.159259 0.743027
0 0.454167 0.442593 0.0375 0.162963 0.765988
