0 0.38125 0.35463 0.0166667 0.0759259 0.25064
0 0.365625 0.361111 0.01875 0.0740741 0.250904
13 0.464063 0.650926 0.267708 0.253704 0.252108
0 0.405208 0.375 0.025 0.105556 0.252213
0 0.365625 0.360185 0.01875 0.0722222 0.25309
0 0.0536458 0.426852 0.0510417 0.209259 0.253163
0 0.25625 0.382407 0.01875 0.0907407 0.253496
0 0.405208 0.375926 0.025 0.111111 0.253742
0 0.285417 0.363889 0.01875 0.0648148 0.255918
0 0.459375 0.384259 0.0270833 0.112963 0.256334
0 0.292188 0.363889 0.0177083 0.0648148 0.256565
0 0.967188 0.557407 0.065625 0.581481 0.256941
0 0.521875 0.411111 0.03125 0.148148 0.258461
0 0.502083 0.391667 0.0166667 0.105556 0.259168
0 0.967188 0.557407 0.0635417 0.555556 0.25956
0 0.252604 0.380556 0.015625 0.0759259 0.26289
0 0.292188 0.364815 0.0177083 0.0666667 0.263331
0 0.38125 0.35463 0.0166667 0.0759259 0.26479
0 0.156771 0.402778 0.028125 0.127778 0.266287
0 0.521875 0.411111 0.03125 0.148148 0.266563
13 0.465625 0.65463 0.26875 0.253704 0.268344
0 0.522396 0.389815 0.028125 0.116667 0.268858
0 0.363542 0.357407 0.0208333 0.0777778 0.268984
0 0.103646 0.392593 0.021875 0.0962963 0.270252
13 0.370313 0.448148 0.0927083 0.0851852 0.271907
13 0.465625 0.65463 0.26875 0.253704 0.27346
0 0.156771 0.402778 0.028125 0.131481 0.273545
0 0.522396 0.389815 0.028125 0.116667 0.276158
0 0.104687 0.392593 0.021875 0.0888889 0.27739
0 0.15625 0.401852 0.0270833 0.12963 0.278599
0 0.521875 0.410185 0.03125 0.146296 0.278823
0 0.557292 0.385185 0.03125 0.144444 0.281649
13 0.369271 0.456481 0.0885417 0.0685185 0.283685
0 0.365104 0.360185 0.0177083 0.0722222 0.285106
0 0.363542 0.356481 0.0166667 0.0759259 0.287197
13 0.368229 0.451852 0.0864583 0.0740741 0.289171
0 0.557292 0.385185 0.03125 0.144444 0.289321
0 0.365104 0.358333 0.0197917 0.0759259 0.290418
0 0.365104 0.358333 0.0197917 0.0759259 0.294292
13 0.368229 0.451852 0.0864583 0.0740741 0.295231
13 0.36875 0.457407 0.0875 0.0666667 0.297595
0 0.252083 0.380556 0.0145833 0.0722222 0.297974
0 0.257292 0.378704 0.0208333 0.087037 0.298327
0 0.520833 0.408333 0.03125 0.131481 0.299045
13 0.465625 0.65 0.272917 0.251852 0.300183
0 0.0536458 0.427778 0.0510417 0.211111 0.300969
13 0.420833 0.582407 0.170833 0.112963 0.304443
13 0.420833 0.582407 0.175 0.112963 0.307891
13 0.464063 0.649074 0.265625 0.25 0.308929
0 0.104167 0.391667 0.0208333 0.0907407 0.309505
0 0.964063 0.575 0.071875 0.483333 0.310799
0 0.458854 0.384259 0.0260417 0.112963 0.312959
0 0.154687 0.4 0.028125 0.118519 0.313289
0 0.365104 0.357407 0.0197917 0.0740741 0.313719
0 0.292708 0.363889 0.0166667 0.0648148 0.315306
0 0.544271 0.393519 0.053125 0.153704 0.319277
13 0.464583 0.65 0.266667 0.248148 0.319893
0 0.0515625 0.430556 0.053125 0.216667 0.320454
13 0.420312 0.582407 0.173958 0.112963 0.321251
0 0.104167 0.392593 0.0208333 0.0925926 0.323029
13 0.420312 0.582407 0.167708 0.112963 0.330849
0 0.292708 0.364815 0.0166667 0.062963 0.332421
0 0.104167 0.391667 0.0208333 0.0907407 0.336247
13 0.451562 0.610185 0.246875 0.168519 0.337706
0 0.155208 0.401852 0.0270833 0.125926 0.344884
0 0.289583 0.364815 0.01875 0.062963 0.347559
0 0.502083 0.375 0.0166667 0.087037 0.34797
0 0.500521 0.37037 0.0177083 0.0851852 0.348016
0 0.252083 0.380556 0.0145833 0.0722222 0.348633
0 0.520312 0.410185 0.0302083 0.135185 0.351172
0 0.361979 0.356481 0.0177083 0.0759259 0.352677
0 0.292708 0.364815 0.0166667 0.0666667 0.353536
0 0.3625 0.356481 0.01875 0.0759259 0.354964
0 0.155208 0.400926 0.0270833 0.124074 0.356217
0 0.501042 0.372222 0.01875 0.0814815 0.369224
0 0.257812 0.380556 0.0239583 0.0907407 0.370013
0 0.292708 0.364815 0.0166667 0.062963 0.372475
0 0.263021 0.378704 0.0260417 0.101852 0.376617
0 0.105208 0.391667 0.01875 0.0944444 0.377081
0 0.361979 0.357407 0.0177083 0.0740741 0.380339
0 0.459375 0.384259 0.025 0.112963 0.381003
0 0.546354 0.393519 0.0489583 0.153704 0.382923
0 0.0515625 0.431481 0.0489583 0.214815 0.383508
0 0.459375 0.385185 0.025 0.111111 0.385728
0 0.0515625 0.431481 0.0489583 0.218519 0.386025
0 0.502083 0.375 0.01875 0.0907407 0.393403
0 0.105208 0.391667 0.01875 0.0981481 0.397372
0 0.555729 0.387037 0.0302083 0.137037 0.399174
0 0.502083 0.375 0.01875 0.0907407 0.399311
0 0.780208 0.398148 0.0270833 0.12963 0.399471
0 0.257812 0.380556 0.0239583 0.0907407 0.400952
0 0.501562 0.372222 0.0197917 0.0851852 0.402989
0 0.545833 0.393519 0.05 0.153704 0.407808
0 0.257812 0.380556 0.0239583 0.0907407 0.408396
0 0.105208 0.391667 0.01875 0.0981481 0.409156
0 0.0479167 0.431481 0.0479167 0.211111 0.41497
0 0.520312 0.403704 0.0322917 0.155556 0.418681
0 0.5 0.375 0.01875 0.0944444 0.420626
0 0.0484375 0.430556 0.0489583 0.216667 0.421006
0 0.501042 0.372222 0.01875 0.0851852 0.421382
0 0.0463542 0.426852 0.0447917 0.209259 0.425677
0 0.520833 0.40463 0.03125 0.153704 0.43118
0 0.263542 0.375926 0.0229167 0.103704 0.432889
0 0.263542 0.378704 0.0229167 0.101852 0.437984
0 0.263542 0.37963 0.0229167 0.103704 0.441014
0 0.263542 0.378704 0.0229167 0.101852 0.444587
0 0.458854 0.385185 0.0239583 0.111111 0.450414
0 0.404687 0.376852 0.0239583 0.109259 0.46752
0 0.405208 0.371296 0.0229167 0.101852 0.470582
0 0.046875 0.426852 0.0458333 0.209259 0.471457
0 0.780208 0.398148 0.0270833 0.12963 0.491488
0 0.404167 0.375 0.01875 0.0981481 0.491677
0 0.780729 0.399074 0.028125 0.131481 0.491765
0 0.780729 0.4 0.028125 0.133333 0.498383
0 0.405208 0.372222 0.0229167 0.103704 0.498961
0 0.404167 0.375 0.01875 0.101852 0.500461
0 0.046875 0.426852 0.0458333 0.209259 0.500611
0 0.780208 0.399074 0.0270833 0.131481 0.50201
0 0.780729 0.399074 0.028125 0.135185 0.512983
0 0.405208 0.372222 0.0229167 0.103704 0.51364
0 0.780729 0.398148 0.028125 0.133333 0.514823
0 0.519792 0.40463 0.0333333 0.15 0.521642
0 0.404167 0.375 0.01875 0.101852 0.529888
0 0.780729 0.4 0.028125 0.133333 0.531628
0 0.780729 0.398148 0.028125 0.133333 0.534899
0 0.780729 0.4 0.028125 0.137037 0.539591
0 0.405208 0.373148 0.0229167 0.105556 0.543264
0 0.78125 0.399074 0.0270833 0.131481 0.546094
0 0.964063 0.574074 0.071875 0.503704 0.550036
0 0.964063 0.575 0.071875 0.501852 0.556891
0 0.458333 0.384259 0.0229167 0.109259 0.562153
0 0.55625 0.385185 0.03125 0.148148 0.569779
0 0.780208 0.4 0.0270833 0.137037 0.570767
0 0.55625 0.385185 0.03125 0.148148 0.575406
0 0.157813 0.4 0.028125 0.125926 0.57651
0 0.966667 0.574074 0.0666667 0.503704 0.586579
0 0.521354 0.40463 0.0322917 0.15 0.587796
0 0.55625 0.385185 0.03125 0.148148 0.594012
0 0.157813 0.400926 0.0260417 0.124074 0.597328
0 0.966146 0.575 0.0677083 0.501852 0.599434
0 0.157813 0.400926 0.0260417 0.124074 0.603956
0 0.458333 0.384259 0.0229167 0.109259 0.607247
0 0.156771 0.401852 0.028125 0.125926 0.60753
0 0.405208 0.375 0.0229167 0.101852 0.610497
0 0.05 0.42963 0.0520833 0.214815 0.618193
0 0.458333 0.384259 0.0229167 0.109259 0.619639
0 0.0505208 0.430556 0.0510417 0.216667 0.620025
0 0.520833 0.410185 0.03125 0.142593 0.631005
0 0.521875 0.40463 0.03125 0.15 0.633976
0 0.156771 0.401852 0.028125 0.125926 0.640602
0 0.520833 0.409259 0.03125 0.140741 0.641277
0 0.156771 0.400926 0.0260417 0.127778 0.641897
0 0.459375 0.383333 0.0229167 0.111111 0.647518
0 0.0489583 0.430556 0.05 0.212963 0.650998
0 0.404687 0.375 0.021875 0.101852 0.658895
0 0.05 0.42963 0.0520833 0.222222 0.661147
0 0.459375 0.383333 0.0229167 0.111111 0.664068
0 0.459375 0.383333 0.0229167 0.111111 0.664539
0 0.05 0.428704 0.0520833 0.22037 0.670626
0 0.404167 0.374074 0.0208333 0.103704 0.677046
0 0.0489583 0.428704 0.0479167 0.212963 0.679919
0 0.404687 0.374074 0.021875 0.103704 0.682113
0 0.156771 0.401852 0.028125 0.125926 0.682176
0 0.521354 0.408333 0.0322917 0.15 0.685411
0 0.459375 0.385185 0.0229167 0.111111 0.689719
0 0.520833 0.408333 0.03125 0.15 0.696323
0 0.521354 0.408333 0.0322917 0.146296 0.700443
0 0.0489583 0.430556 0.05 0.212963 0.700688
0 0.521354 0.408333 0.0322917 0.146296 0.701092
0 0.459375 0.385185 0.0229167 0.111111 0.701357
0 0.156771 0.4 0.0260417 0.125926 0.706021
0 0.0489583 0.427778 0.0479167 0.218519 0.709543
0 0.156771 0.400926 0.028125 0.124074 0.712275
0 0.0484375 0.428704 0.046875 0.22037 0.71339
0 0.521354 0.407407 0.0322917 0.148148 0.718176
0 0.459896 0.383333 0.021875 0.107407 0.718225
0 0.459896 0.383333 0.021875 0.111111 0.731928
0 0.0494792 0.42963 0.0489583 0.214815 0.73595
0 0.458854 0.385185 0.021875 0.111111 0.736173
0 0.459896 0.383333 0.021875 0.111111 0.745799
0 0.55625 0.387037 0.03125 0.151852 0.749398
0 0.0489583 0.430556 0.05 0.212963 0.753311
0 0.55625 0.387037 0.03125 0.151852 0.756486
0 0.964063 0.566667 0.0697917 0.514815 0.757481
0 0.15625 0.401852 0.0270833 0.125926 0.760642
0 0.157292 0.400926 0.0270833 0.127778 0.760688
0 0.156771 0.400926 0.0260417 0.127778 0.767534
0 0.55625 0.387037 0.03125 0.151852 0.774819
0 0.0489583 0.430556 0.0479167 0.212963 0.779171
0 0.963542 0.567593 0.0729167 0.516667 0.788038
0 0.965625 0.566667 0.06875 0.514815 0.790923
0 0.555729 0.385185 0.0302083 0.140741 0.793293
0 0.555729 0.386111 0.0302083 0.138889 0.793652
0 0.964063 0.568519 0.071875 0.511111 0.796112
0 0.156771 0.401852 0.0260417 0.125926 0.797404
0 0.555729 0.385185 0.0322917 0.148148 0.805006
0 0.157292 0.400926 0.0270833 0.127778 0.805191
0 0.555729 0.386111 0.0322917 0.15 0.805976
0 0.156771 0.400926 0.0260417 0.127778 0.811216
0 0.964063 0.567593 0.071875 0.512963 0.824226
0 0.964583 0.574074 0.0708333 0.503704 0.831666
0 0.964583 0.574074 0.0708333 0.511111 0.834728
0 0.964063 0.566667 0.071875 0.518519 0.838722
