0 0.329688 0.47037 0.028125 0.166667 0.250882
0 0.494792 0.42963 0.0208333 0.107407 0.250942
0 0.828125 0.446296 0.0208333 0.103704 0.253637
0 0.827083 0.443519 0.01875 0.101852 0.254479
0 0.827083 0.444444 0.01875 0.1 0.259951
28 0.664583 0.552778 0.0604167 0.0537037 0.26061
0 0.2875 0.474074 0.0270833 0.159259 0.262265
0 0.571875 0.426852 0.0166667 0.0759259 0.26428
28 0.664583 0.552778 0.0583333 0.0537037 0.265586
28 0.664062 0.553704 0.0552083 0.0518519 0.265755
0 0.498437 0.425926 0.021875 0.107407 0.277292
0 0.328125 0.47037 0.0270833 0.166667 0.285353
0 0.328125 0.47037 0.0270833 0.166667 0.287599
0 0.308333 0.471296 0.0291667 0.161111 0.290398
0 0.357292 0.473148 0.0375 0.187037 0.300408
0 0.318229 0.475 0.0447917 0.157407 0.304346
28 0.664583 0.552778 0.0583333 0.0537037 0.307241
28 0.664583 0.552778 0.0583333 0.0537037 0.307664
0 0.725 0.476852 0.0375 0.205556 0.313415
0 0.329167 0.471296 0.0270833 0.164815 0.32123
0 0.317187 0.474074 0.0447917 0.155556 0.321623
0 0.724479 0.475926 0.0385417 0.207407 0.322701
28 0.665104 0.552778 0.059375 0.0537037 0.323052
0 0.361979 0.475926 0.040625 0.181481 0.324494
0 0.2875 0.474074 0.025 0.159259 0.325804
0 0.573438 0.424074 0.015625 0.0740741 0.330819
0 0.572396 0.424074 0.015625 0.0777778 0.332464
0 0.347396 0.475926 0.0510417 0.17037 0.336295
0 0.572917 0.425 0.0166667 0.0796296 0.336849
28 0.665104 0.552778 0.059375 0.0537037 0.340349
0 0.31875 0.474074 0.04375 0.155556 0.345078
0 0.361458 0.475926 0.0416667 0.181481 0.345209
28 0.664583 0.55463 0.0604167 0.05 0.346952
0 0.572396 0.424074 0.015625 0.0777778 0.357621
0 0.356771 0.472222 0.0364583 0.188889 0.357986
28 0.664583 0.55463 0.0604167 0.05 0.358285
0 0.573438 0.423148 0.015625 0.0722222 0.363061
0 0.35 0.471296 0.0291667 0.168519 0.363374
0 0.570312 0.425 0.0177083 0.0759259 0.365616
0 0.302604 0.473148 0.0302083 0.168519 0.368696
0 0.357292 0.480556 0.0375 0.175926 0.368967
0 0.35 0.471296 0.0291667 0.168519 0.37157
0 0.357292 0.480556 0.0375 0.175926 0.378076
0 0.303125 0.473148 0.0291667 0.168519 0.378175
0 0.285417 0.481481 0.025 0.159259 0.379935
0 0.571354 0.425926 0.0177083 0.0777778 0.380696
0 0.357292 0.480556 0.0375 0.172222 0.38238
0 0.573438 0.423148 0.015625 0.0722222 0.391775
0 0.359896 0.478704 0.0385417 0.17963 0.402734
0 0.288021 0.475926 0.0302083 0.159259 0.413854
0 0.290625 0.476852 0.0354167 0.157407 0.414024
0 0.307813 0.471296 0.0260417 0.161111 0.417391
0 0.329167 0.47037 0.025 0.162963 0.420811
0 0.2875 0.475 0.03125 0.161111 0.421483
0 0.359896 0.478704 0.0385417 0.17963 0.424277
2 0.0807292 0.513889 0.161458 0.383333 0.427859
0 0.350521 0.475926 0.0447917 0.174074 0.431674
0 0.356771 0.473148 0.0364583 0.187037 0.439742
0 0.351562 0.475926 0.0447917 0.174074 0.458226
2 0.0807292 0.514815 0.161458 0.385185 0.46666
2 0.0807292 0.513889 0.161458 0.383333 0.474195
0 0.2875 0.477778 0.0291667 0.166667 0.4778
2 0.08125 0.517593 0.158333 0.37963 0.479816
0 0.289583 0.476852 0.0333333 0.157407 0.480282
0 0.290625 0.476852 0.0354167 0.157407 0.486823
0 0.2875 0.477778 0.0291667 0.166667 0.488588
0 0.769792 0.474074 0.0375 0.159259 0.523629
2 0.0807292 0.517593 0.159375 0.37963 0.524283
0 0.326042 0.472222 0.0270833 0.159259 0.530935
0 0.325521 0.471296 0.0260417 0.157407 0.539933
2 0.0807292 0.517593 0.159375 0.37963 0.540685
0 0.245833 0.480556 0.0354167 0.161111 0.55383
0 0.305729 0.475 0.0260417 0.164815 0.554031
0 0.30625 0.475 0.025 0.161111 0.55938
2 0.08125 0.514815 0.160417 0.385185 0.560922
0 0.769792 0.474074 0.0375 0.159259 0.562877
2 0.0802083 0.516667 0.160417 0.385185 0.563581
0 0.284896 0.478704 0.0260417 0.161111 0.569716
0 0.245833 0.480556 0.0354167 0.161111 0.571553
0 0.284896 0.478704 0.0260417 0.161111 0.577798
0 0.722396 0.473148 0.0364583 0.205556 0.583359
2 0.0802083 0.513889 0.160417 0.383333 0.590591
0 0.245833 0.481481 0.0354167 0.162963 0.591769
2 0.0802083 0.514815 0.160417 0.385185 0.597143
2 0.0807292 0.515741 0.159375 0.383333 0.600129
0 0.769792 0.474074 0.0375 0.159259 0.601458
0 0.245833 0.484259 0.0375 0.161111 0.60177
0 0.245833 0.485185 0.0354167 0.162963 0.602143
0 0.285937 0.478704 0.0260417 0.157407 0.609565
0 0.722396 0.474074 0.0364583 0.207407 0.610837
2 0.0802083 0.515741 0.158333 0.383333 0.613551
0 0.285937 0.47963 0.0260417 0.159259 0.620984
0 0.722396 0.474074 0.0364583 0.207407 0.621399
2 0.0817708 0.52037 0.161458 0.381481 0.621621
2 0.0817708 0.521296 0.161458 0.383333 0.627646
0 0.357292 0.475926 0.0375 0.177778 0.636532
2 0.08125 0.52037 0.1625 0.381481 0.637277
0 0.327083 0.47037 0.025 0.159259 0.645153
0 0.327083 0.469444 0.025 0.157407 0.653667
0 0.356771 0.476852 0.0364583 0.17963 0.664593
0 0.722917 0.474074 0.0333333 0.203704 0.696172
0 0.722917 0.475926 0.0333333 0.207407 0.700438
0 0.356771 0.476852 0.0364583 0.17963 0.701749
0 0.769271 0.474074 0.0385417 0.159259 0.714516
2 0.0802083 0.517593 0.160417 0.37963 0.71863
2 0.0802083 0.518519 0.160417 0.381481 0.719044
0 0.357812 0.476852 0.0364583 0.17963 0.722127
2 0.0802083 0.519444 0.160417 0.37963 0.730002
0 0.245312 0.482407 0.0364583 0.161111 0.732935
0 0.357812 0.476852 0.0364583 0.17963 0.734823
0 0.244792 0.482407 0.0354167 0.161111 0.736202
0 0.722917 0.475 0.0375 0.209259 0.736906
0 0.245312 0.482407 0.0364583 0.161111 0.738447
0 0.35625 0.476852 0.0333333 0.175926 0.738739
0 0.769271 0.474074 0.0364583 0.162963 0.740478
0 0.769271 0.475 0.0385417 0.161111 0.747088
0 0.35625 0.477778 0.0333333 0.177778 0.752449
0 0.245312 0.483333 0.0364583 0.162963 0.753419
0 0.722917 0.474074 0.0375 0.211111 0.757438
0 0.245312 0.484259 0.0364583 0.164815 0.757929
0 0.769792 0.476852 0.0375 0.157407 0.76177
0 0.769271 0.474074 0.0364583 0.162963 0.768122
0 0.769271 0.474074 0.0385417 0.159259 0.769934
0 0.769792 0.475926 0.0375 0.159259 0.771545
0 0.722917 0.474074 0.0354167 0.2 0.774399
0 0.769271 0.473148 0.0364583 0.161111 0.786187
0 0.722917 0.475 0.0354167 0.201852 0.786304
0 0.769792 0.475 0.0375 0.161111 0.802576
0 0.245312 0.481481 0.0364583 0.162963 0.804804
0 0.769792 0.475 0.0375 0.164815 0.807465
0 0.722396 0.474074 0.0364583 0.2 0.807519
0 0.722917 0.475 0.0354167 0.209259 0.807779
0 0.722396 0.475926 0.034375 0.211111 0.811308
0 0.245312 0.482407 0.0364583 0.164815 0.816465
0 0.722396 0.476852 0.034375 0.212963 0.817235
0 0.722917 0.475 0.0354167 0.209259 0.820341
0 0.245312 0.481481 0.0364583 0.162963 0.823947
0 0.722917 0.475 0.0354167 0.209259 0.833342
0 0.245312 0.485185 0.034375 0.166667 0.855482
0 0.245833 0.484259 0.0354167 0.164815 0.85605
