0 0.252083 0.446296 0.0208333 0.122222 0.25081
0 0.810938 0.613889 0.090625 0.587037 0.253032
13 0.383333 0.584259 0.145833 0.0944444 0.254507
0 0.64375 0.453704 0.0208333 0.122222 0.256822
13 0.315625 0.493519 0.0520833 0.0611111 0.258652
0 0.31875 0.424074 0.0166667 0.0592593 0.263383
0 0.476042 0.47037 0.0354167 0.148148 0.263463
0 0.476042 0.47037 0.0354167 0.148148 0.263956
0 0.0536458 0.468519 0.028125 0.137037 0.264051
13 0.388021 0.59537 0.157292 0.109259 0.266783
13 0.315625 0.494444 0.05 0.0592593 0.268311
13 0.384896 0.584259 0.148958 0.0944444 0.268724
0 0.252083 0.446296 0.0208333 0.122222 0.269339
0 0.0244792 0.478704 0.0385417 0.175926 0.269757
0 0.009375 0.481481 0.01875 0.166667 0.272855
0 0.810938 0.618519 0.0885417 0.592593 0.273376
0 0.64375 0.453704 0.0208333 0.122222 0.2788
0 0.253646 0.431481 0.0239583 0.1 0.279858
0 0.475521 0.47037 0.0364583 0.148148 0.283179
13 0.381771 0.584259 0.153125 0.0907407 0.284015
0 0.319271 0.423148 0.015625 0.0648148 0.285175
0 0.319271 0.421296 0.0177083 0.0611111 0.28607
0 0.64375 0.424074 0.0166667 0.0518519 0.286264
0 0.009375 0.480556 0.01875 0.164815 0.286566
0 0.64375 0.424074 0.01875 0.0518519 0.289117
0 0.8125 0.603704 0.0895833 0.588889 0.290083
0 0.400521 0.436111 0.0197917 0.101852 0.296242
0 0.266146 0.432407 0.0427083 0.101852 0.296736
74 0.397396 0.0935185 0.040625 0.142593 0.296879
74 0.397396 0.0935185 0.0385417 0.142593 0.29759
0 0.253646 0.431481 0.0239583 0.103704 0.298871
0 0.64375 0.424074 0.0166667 0.0518519 0.300744
0 0.979167 0.705556 0.0416667 0.244444 0.306436
0 0.475 0.474074 0.0354167 0.151852 0.310423
0 0.317708 0.423148 0.0145833 0.0648148 0.311922
0 0.253646 0.431481 0.0239583 0.1 0.313292
13 0.394271 0.596296 0.169792 0.111111 0.314165
0 0.277083 0.425926 0.025 0.0888889 0.324689
0 0.475 0.474074 0.0354167 0.151852 0.326844
0 0.467708 0.463889 0.0458333 0.142593 0.330985
13 0.392708 0.596296 0.166667 0.111111 0.331587
0 0.436979 0.436111 0.0239583 0.112963 0.332332
0 0.400521 0.436111 0.0197917 0.105556 0.335598
0 0.400521 0.436111 0.0197917 0.105556 0.337013
0 0.319792 0.424074 0.0145833 0.062963 0.339399
0 0.277604 0.425 0.0239583 0.0907407 0.344794
0 0.64375 0.447222 0.01875 0.105556 0.345796
0 0.394792 0.440741 0.0291667 0.111111 0.346679
0 0.369792 0.437963 0.01875 0.0981481 0.348157
0 0.277604 0.425 0.0239583 0.0907407 0.350839
0 0.436979 0.436111 0.0239583 0.109259 0.353015
0 0.040625 0.475 0.0541667 0.15 0.354181
0 0.471354 0.463889 0.040625 0.142593 0.357479
0 0.370313 0.440741 0.0177083 0.111111 0.365564
0 0.252604 0.438889 0.021875 0.114815 0.366365
0 0.319792 0.424074 0.0145833 0.062963 0.366622
0 0.8125 0.60463 0.0895833 0.583333 0.36837
0 0.64375 0.447222 0.01875 0.101852 0.371419
0 0.64375 0.446296 0.01875 0.1 0.371812
0 0.471354 0.463889 0.040625 0.142593 0.37228
0 0.0536458 0.462037 0.0322917 0.138889 0.374707
0 0.370313 0.440741 0.0177083 0.111111 0.380003
0 0.252083 0.436111 0.0229167 0.116667 0.385185
0 0.370313 0.438889 0.0197917 0.103704 0.387237
0 0.0536458 0.462963 0.0322917 0.137037 0.388765
0 0.370313 0.440741 0.0177083 0.111111 0.389734
0 0.370313 0.438889 0.0197917 0.103704 0.395771
0 0.252604 0.438889 0.021875 0.114815 0.398552
13 0.414583 0.60463 0.208333 0.124074 0.402692
0 0.252604 0.438889 0.021875 0.114815 0.403382
0 0.816667 0.618519 0.0979167 0.603704 0.407457
0 0.979688 0.701852 0.040625 0.262963 0.408162
13 0.414583 0.605556 0.208333 0.122222 0.409009
0 0.979688 0.700926 0.040625 0.261111 0.409054
0 0.370313 0.439815 0.0197917 0.101852 0.411405
0 0.979688 0.701852 0.040625 0.259259 0.412863
0 0.0411458 0.474074 0.053125 0.151852 0.417316
0 0.644271 0.437037 0.0177083 0.0814815 0.41755
0 0.644271 0.452778 0.0197917 0.112963 0.419064
0 0.979167 0.668519 0.0416667 0.32963 0.430579
0 0.817187 0.62037 0.0989583 0.607407 0.430642
0 0.979167 0.667593 0.0416667 0.327778 0.434081
0 0.473437 0.471296 0.034375 0.15 0.442137
0 0.0411458 0.474074 0.053125 0.151852 0.443415
13 0.411979 0.606481 0.209375 0.127778 0.448656
0 0.473437 0.472222 0.034375 0.148148 0.449664
0 0.979167 0.668519 0.0416667 0.32963 0.456458
0 0.370313 0.439815 0.0197917 0.101852 0.456698
0 0.370313 0.439815 0.0197917 0.101852 0.458243
0 0.0213542 0.480556 0.040625 0.168519 0.465061
0 0.370313 0.439815 0.0197917 0.109259 0.466448
0 0.278646 0.428704 0.0197917 0.0907407 0.467027
0 0.0234375 0.481481 0.0427083 0.17037 0.467847
0 0.979688 0.693519 0.040625 0.275926 0.469396
0 0.979688 0.694444 0.040625 0.277778 0.474773
13 0.406771 0.602778 0.201042 0.124074 0.476748
0 0.398958 0.436111 0.01875 0.109259 0.482311
0 0.64375 0.447222 0.01875 0.101852 0.484047
0 0.979688 0.694444 0.040625 0.277778 0.484723
0 0.396875 0.439815 0.0208333 0.116667 0.48952
0 0.278646 0.428704 0.0197917 0.0944444 0.493287
0 0.053125 0.463889 0.03125 0.135185 0.502141
0 0.278125 0.425926 0.01875 0.0925926 0.507815
0 0.370313 0.441667 0.0197917 0.105556 0.511278
13 0.414583 0.610185 0.208333 0.124074 0.511441
0 0.0239583 0.47963 0.0416667 0.17037 0.512705
0 0.399479 0.439815 0.021875 0.116667 0.518749
0 0.278646 0.42963 0.0197917 0.0925926 0.52023
0 0.398958 0.437037 0.01875 0.111111 0.529512
0 0.398958 0.437037 0.01875 0.111111 0.537093
0 0.814583 0.612037 0.0979167 0.568519 0.56129
0 0.398438 0.437963 0.0197917 0.109259 0.563637
0 0.277604 0.42963 0.0197917 0.0888889 0.564205
0 0.0286458 0.476852 0.0364583 0.175926 0.574822
0 0.398438 0.438889 0.0197917 0.111111 0.580076
0 0.028125 0.476852 0.0375 0.175926 0.583411
0 0.0104167 0.485185 0.0208333 0.174074 0.58529
0 0.398438 0.438889 0.0197917 0.111111 0.587388
0 0.0119792 0.482407 0.0239583 0.172222 0.588138
0 0.814583 0.612963 0.0979167 0.574074 0.59251
0 0.436979 0.436111 0.021875 0.105556 0.594278
0 0.0119792 0.482407 0.0239583 0.172222 0.595606
0 0.4375 0.436111 0.0229167 0.112963 0.596078
0 0.278125 0.427778 0.01875 0.0888889 0.599234
0 0.278125 0.427778 0.0208333 0.0925926 0.600416
0 0.4375 0.436111 0.0229167 0.112963 0.609263
0 0.277604 0.427778 0.0197917 0.0925926 0.611717
0 0.0286458 0.477778 0.034375 0.174074 0.612828
0 0.0286458 0.478704 0.034375 0.175926 0.613502
0 0.4375 0.436111 0.0229167 0.112963 0.616031
0 0.436458 0.434259 0.0229167 0.109259 0.62382
0 0.4375 0.437037 0.0229167 0.103704 0.637243
0 0.436458 0.434259 0.0229167 0.109259 0.645146
0 0.0104167 0.486111 0.0208333 0.168519 0.647017
0 0.0541667 0.468519 0.0270833 0.155556 0.653167
0 0.4375 0.437037 0.0229167 0.107407 0.653346
0 0.436979 0.437037 0.021875 0.107407 0.653579
0 0.0104167 0.487037 0.0208333 0.166667 0.653673
0 0.436979 0.434259 0.0239583 0.109259 0.664318
0 0.0536458 0.468519 0.028125 0.151852 0.665191
0 0.397917 0.437963 0.0208333 0.112963 0.678342
0 0.053125 0.465741 0.03125 0.131481 0.681283
0 0.398438 0.437963 0.021875 0.112963 0.687165
0 0.814062 0.613889 0.090625 0.587037 0.688892
0 0.053125 0.465741 0.03125 0.131481 0.6911
0 0.398438 0.437963 0.021875 0.112963 0.705493
0 0.053125 0.465741 0.03125 0.131481 0.730567
0 0.436979 0.435185 0.021875 0.111111 0.747735
0 0.4375 0.436111 0.0208333 0.105556 0.748137
0 0.0541667 0.466667 0.03125 0.140741 0.74999
0 0.4375 0.437037 0.0208333 0.107407 0.759342
0 0.0541667 0.466667 0.03125 0.140741 0.761474
0 0.0541667 0.466667 0.03125 0.140741 0.763931
0 0.4375 0.436111 0.0208333 0.105556 0.770843
0 0.475 0.47037 0.0354167 0.148148 0.775814
0 0.053125 0.462963 0.03125 0.140741 0.78073
0 0.0536458 0.462963 0.0322917 0.137037 0.786709
0 0.475 0.47037 0.0354167 0.151852 0.789106
0 0.473958 0.471296 0.0354167 0.15 0.790866
0 0.474479 0.47037 0.034375 0.151852 0.795622
0 0.473958 0.471296 0.0354167 0.15 0.80067
0 0.814062 0.614815 0.090625 0.588889 0.811062
0 0.473958 0.47037 0.0354167 0.151852 0.823585
0 0.474479 0.471296 0.034375 0.15 0.828496
0 0.474479 0.47037 0.034375 0.148148 0.839411
0 0.474479 0.471296 0.034375 0.15 0.843504
0 0.815104 0.62037 0.0947917 0.603704 0.845274
0 0.814062 0.617593 0.0927083 0.605556 0.849557
0 0.815104 0.621296 0.0927083 0.601852 0.850428
0 0.474479 0.471296 0.034375 0.15 0.859807
0 0.814062 0.616667 0.0927083 0.603704 0.870016
0 0.813542 0.613889 0.0958333 0.583333 0.89169
0 0.8125 0.613889 0.0958333 0.587037 0.8962
