0 0.484896 0.318519 0.0177083 0.0777778 0.250976
0 0.0583333 0.448148 0.116667 0.581481 0.255682
0 0.204167 0.369444 0.0708333 0.312963 0.261297
0 0.484375 0.319444 0.0166667 0.0796296 0.262013
0 0.646354 0.338889 0.028125 0.137037 0.262384
0 0.204167 0.369444 0.0708333 0.312963 0.264385
0 0.204167 0.368519 0.0708333 0.311111 0.266522
0 0.485417 0.318519 0.0166667 0.0740741 0.276263
0 0.300521 0.317593 0.0302083 0.0981481 0.277209
0 0.496875 0.32963 0.0291667 0.111111 0.279027
0 0.496354 0.32963 0.028125 0.111111 0.282035
0 0.0578125 0.45 0.115625 0.57037 0.295688
0 0.508854 0.334259 0.0302083 0.138889 0.299596
0 0.646354 0.338889 0.028125 0.137037 0.302761
0 0.497917 0.337963 0.05 0.135185 0.310451
0 0.626562 0.344444 0.0322917 0.159259 0.311431
0 0.508854 0.335185 0.0302083 0.137037 0.313478
0 0.301042 0.316667 0.0291667 0.1 0.315324
0 0.64375 0.341667 0.0270833 0.135185 0.327243
0 0.626042 0.344444 0.0333333 0.159259 0.330544
0 0.371354 0.307407 0.0135417 0.062963 0.339879
0 0.646875 0.337963 0.025 0.124074 0.348672
0 0.465104 0.328704 0.028125 0.124074 0.351237
0 0.371354 0.307407 0.0135417 0.062963 0.356936
0 0.0598958 0.450926 0.119792 0.601852 0.359521
0 0.204688 0.369444 0.071875 0.309259 0.360715
0 0.497917 0.337037 0.05 0.137037 0.361422
0 0.205208 0.369444 0.0708333 0.309259 0.368216
0 0.298958 0.318519 0.0291667 0.0925926 0.373819
0 0.298438 0.317593 0.0302083 0.0944444 0.388289
0 0.335938 0.306481 0.0197917 0.0722222 0.389914
0 0.335938 0.307407 0.0197917 0.0740741 0.395635
0 0.0572917 0.460185 0.114583 0.575926 0.404467
0 0.298438 0.317593 0.0302083 0.0944444 0.405748
0 0.0572917 0.462037 0.114583 0.57963 0.414963
0 0.335938 0.307407 0.0197917 0.0740741 0.415802
0 0.0598958 0.45 0.119792 0.6 0.416302
0 0.630208 0.342593 0.0458333 0.155556 0.41841
0 0.464583 0.32963 0.0270833 0.133333 0.418905
0 0.645833 0.337963 0.025 0.135185 0.422233
0 0.299479 0.315741 0.028125 0.0981481 0.435232
0 0.647396 0.337963 0.0239583 0.127778 0.436788
0 0.646875 0.337963 0.025 0.127778 0.436861
0 0.3 0.316667 0.0291667 0.0962963 0.449554
0 0.298438 0.316667 0.0302083 0.0962963 0.449925
0 0.298958 0.315741 0.0270833 0.0981481 0.456725
0 0.629687 0.342593 0.0447917 0.155556 0.459403
0 0.3 0.317593 0.0291667 0.0981481 0.478344
0 0.3 0.317593 0.0291667 0.0981481 0.47965
0 0.299479 0.316667 0.028125 0.0962963 0.480688
0 0.505729 0.340741 0.028125 0.133333 0.480944
0 0.645833 0.341667 0.0270833 0.135185 0.485298
0 0.50625 0.337037 0.0291667 0.133333 0.490228
0 0.465104 0.328704 0.028125 0.131481 0.493581
0 0.465104 0.328704 0.028125 0.131481 0.49624
0 0.298438 0.317593 0.0302083 0.0981481 0.499896
0 0.629687 0.342593 0.0447917 0.155556 0.507043
0 0.336458 0.306481 0.01875 0.0722222 0.512957
0 0.645833 0.341667 0.025 0.131481 0.513356
0 0.336979 0.306481 0.0177083 0.0722222 0.518887
0 0.336458 0.305556 0.01875 0.0740741 0.521331
0 0.205729 0.362037 0.0739583 0.298148 0.523088
0 0.298438 0.316667 0.0302083 0.0962963 0.524092
0 0.336458 0.306481 0.01875 0.0722222 0.531846
0 0.205208 0.363889 0.0729167 0.298148 0.535979
0 0.621875 0.340741 0.0291667 0.17037 0.53633
0 0.464583 0.330556 0.0270833 0.131481 0.549705
0 0.336458 0.305556 0.0208333 0.0740741 0.554381
0 0.506771 0.337963 0.0302083 0.142593 0.554522
0 0.465104 0.331481 0.028125 0.133333 0.556085
0 0.335938 0.305556 0.0197917 0.0740741 0.556943
0 0.621875 0.340741 0.0291667 0.17037 0.558899
0 0.622396 0.340741 0.028125 0.17037 0.559401
0 0.506771 0.337963 0.0302083 0.138889 0.571609
0 0.335938 0.305556 0.0197917 0.0740741 0.57285
0 0.645312 0.341667 0.0260417 0.135185 0.579902
0 0.505729 0.339815 0.028125 0.135185 0.585991
0 0.50625 0.339815 0.0270833 0.135185 0.589915
0 0.506771 0.337963 0.0302083 0.138889 0.595875
0 0.623438 0.339815 0.028125 0.157407 0.608121
0 0.64375 0.342593 0.0270833 0.144444 0.611411
0 0.465104 0.331481 0.028125 0.137037 0.615196
0 0.298958 0.316667 0.0291667 0.0962963 0.616574
0 0.622917 0.339815 0.0291667 0.157407 0.618868
0 0.64375 0.341667 0.0270833 0.142593 0.618957
0 0.0578125 0.462037 0.115625 0.598148 0.624965
0 0.336458 0.303704 0.01875 0.0703704 0.627769
0 0.0578125 0.461111 0.115625 0.596296 0.631139
0 0.506771 0.338889 0.0302083 0.137037 0.633063
0 0.506771 0.338889 0.0302083 0.137037 0.636383
0 0.204167 0.363889 0.0729167 0.309259 0.64448
0 0.464583 0.331481 0.0270833 0.133333 0.644832
0 0.298958 0.316667 0.0291667 0.0962963 0.647547
0 0.204167 0.362963 0.0729167 0.307407 0.647892
0 0.298958 0.316667 0.03125 0.0962963 0.651676
0 0.645833 0.341667 0.025 0.138889 0.651872
0 0.645833 0.341667 0.025 0.138889 0.657391
0 0.204167 0.363889 0.0729167 0.309259 0.658648
0 0.298958 0.316667 0.03125 0.0962963 0.658833
0 0.298958 0.315741 0.0291667 0.0944444 0.659432
0 0.505729 0.337037 0.028125 0.137037 0.66053
0 0.464583 0.330556 0.0270833 0.138889 0.666512
0 0.464583 0.331481 0.0270833 0.133333 0.667238
0 0.464583 0.330556 0.0270833 0.138889 0.667469
0 0.505729 0.337037 0.028125 0.133333 0.669635
0 0.464583 0.330556 0.0270833 0.138889 0.670892
0 0.506771 0.338889 0.0302083 0.137037 0.674206
0 0.205729 0.363889 0.0677083 0.294444 0.675417
0 0.298958 0.316667 0.03125 0.0962963 0.684444
0 0.3 0.317593 0.0291667 0.0981481 0.695013
0 0.299479 0.317593 0.028125 0.0981481 0.696988
0 0.3 0.317593 0.0291667 0.0981481 0.708367
0 0.645833 0.342593 0.025 0.133333 0.717253
0 0.464583 0.330556 0.0270833 0.135185 0.71762
0 0.621875 0.339815 0.0291667 0.175926 0.725618
0 0.621875 0.339815 0.0291667 0.175926 0.735391
0 0.622396 0.341667 0.0302083 0.172222 0.745192
0 0.622917 0.340741 0.0291667 0.17037 0.755095
0 0.464583 0.330556 0.0270833 0.135185 0.762216
0 0.464583 0.330556 0.0270833 0.135185 0.765403
0 0.0619792 0.453704 0.123958 0.596296 0.768555
0 0.622917 0.341667 0.0291667 0.172222 0.772012
0 0.0625 0.45463 0.125 0.587037 0.780379
0 0.622917 0.341667 0.0291667 0.168519 0.789703
0 0.623438 0.340741 0.028125 0.17037 0.793961
0 0.20625 0.366667 0.0708333 0.307407 0.803113
0 0.0588542 0.460185 0.117708 0.601852 0.80776
0 0.0588542 0.461111 0.117708 0.6 0.809802
0 0.205208 0.364815 0.0729167 0.303704 0.845649
0 0.205208 0.365741 0.0729167 0.301852 0.848219
0 0.205208 0.365741 0.0729167 0.301852 0.8578
0 0.204688 0.365741 0.071875 0.305556 0.862313
0 0.205208 0.367593 0.0729167 0.301852 0.867894
0 0.205208 0.364815 0.0708333 0.303704 0.87235
0 0.205208 0.364815 0.0708333 0.303704 0.872995
0 0.205208 0.364815 0.0708333 0.303704 0.874315
0 0.0583333 0.456481 0.116667 0.594444 0.874813
0 0.204688 0.366667 0.071875 0.303704 0.878886
0 0.205208 0.367593 0.0729167 0.301852 0.883182
0 0.0583333 0.457407 0.116667 0.596296 0.895742
0 0.0588542 0.457407 0.117708 0.596296 0.896277
0 0.0588542 0.456481 0.117708 0.598148 0.901655
