0 0.486979 0.315741 0.0177083 0.0944444 0.25164
0 0.338021 0.306481 0.021875 0.0759259 0.256197
0 0.00885417 0.425 0.0177083 0.353704 0.261999
0 0.641667 0.348148 0.03125 0.148148 0.262364
0 0.486458 0.314815 0.0166667 0.0888889 0.26337
0 0.338021 0.306481 0.021875 0.0722222 0.271977
0 0.484896 0.315741 0.0177083 0.0833333 0.273167
0 0.622917 0.340741 0.025 0.166667 0.274168
0 0.490104 0.335185 0.0635417 0.144444 0.274493
0 0.644792 0.344444 0.0270833 0.133333 0.279241
0 0.507292 0.337037 0.03125 0.133333 0.279575
0 0.641667 0.348148 0.03125 0.144444 0.280638
0 0.648438 0.339815 0.021875 0.124074 0.293873
0 0.485417 0.315741 0.0166667 0.0796296 0.296177
0 0.465625 0.328704 0.0291667 0.124074 0.296881
0 0.0380208 0.502778 0.0760417 0.468519 0.299778
0 0.624479 0.347222 0.0260417 0.172222 0.300362
0 0.509375 0.335185 0.0333333 0.148148 0.301433
0 0.0364583 0.512963 0.0729167 0.474074 0.302379
0 0.649479 0.338889 0.0197917 0.122222 0.303012
0 0.0390625 0.513889 0.078125 0.464815 0.305644
0 0.0385417 0.512037 0.0770833 0.468519 0.309277
0 0.0364583 0.513889 0.0729167 0.47963 0.31959
0 0.336979 0.307407 0.0197917 0.0703704 0.321554
0 0.508854 0.335185 0.034375 0.148148 0.321673
0 0.300521 0.319444 0.0322917 0.101852 0.323935
0 0.371354 0.306481 0.0135417 0.0648148 0.331831
0 0.336458 0.307407 0.0208333 0.0740741 0.332654
0 0.642708 0.348148 0.0291667 0.144444 0.34292
0 0.203125 0.366667 0.075 0.303704 0.342952
0 0.336458 0.308333 0.0208333 0.0722222 0.346481
0 0.371354 0.306481 0.0135417 0.0648148 0.34757
0 0.646354 0.34537 0.028125 0.135185 0.350953
0 0.0375 0.502778 0.075 0.468519 0.352989
0 0.646354 0.343519 0.0260417 0.127778 0.357527
0 0.300521 0.319444 0.0322917 0.101852 0.358829
0 0.465625 0.333333 0.0270833 0.133333 0.361741
0 0.202604 0.365741 0.0760417 0.301852 0.363035
0 0.301042 0.319444 0.03125 0.101852 0.364444
0 0.202604 0.364815 0.0760417 0.3 0.373969
0 0.506771 0.341667 0.028125 0.135185 0.384111
0 0.485417 0.314815 0.0166667 0.0888889 0.385302
0 0.465625 0.328704 0.0291667 0.131481 0.411161
0 0.465625 0.32963 0.0291667 0.12963 0.418626
0 0.485938 0.314815 0.0177083 0.0925926 0.422508
0 0.632812 0.344444 0.0447917 0.155556 0.428586
0 0.485417 0.314815 0.0166667 0.0925926 0.431704
0 0.297917 0.32037 0.03125 0.0962963 0.436662
0 0.631771 0.34537 0.0427083 0.157407 0.459885
0 0.645833 0.344444 0.0270833 0.133333 0.459938
0 0.299479 0.318519 0.0302083 0.1 0.4672
0 0.298438 0.319444 0.0322917 0.0981481 0.476637
0 0.298958 0.317593 0.0291667 0.0981481 0.485023
0 0.299479 0.317593 0.0302083 0.0981481 0.490126
0 0.298438 0.319444 0.0322917 0.0981481 0.49596
0 0.625521 0.343519 0.028125 0.157407 0.499905
0 0.465104 0.333333 0.028125 0.133333 0.502179
0 0.298438 0.319444 0.0322917 0.101852 0.506595
0 0.626042 0.344444 0.0291667 0.159259 0.506788
0 0.646875 0.343519 0.025 0.142593 0.510157
0 0.299479 0.317593 0.0302083 0.101852 0.510834
0 0.646354 0.343519 0.0260417 0.142593 0.511685
0 0.629167 0.346296 0.0333333 0.159259 0.514551
0 0.631771 0.344444 0.0427083 0.155556 0.515527
0 0.644792 0.344444 0.0270833 0.144444 0.521682
0 0.644792 0.344444 0.0270833 0.144444 0.527611
0 0.204167 0.371296 0.075 0.301852 0.530037
0 0.629687 0.346296 0.034375 0.159259 0.533142
0 0.298438 0.318519 0.0322917 0.1 0.5356
0 0.507812 0.337037 0.0322917 0.148148 0.542575
0 0.203125 0.371296 0.075 0.301852 0.545133
0 0.507292 0.337037 0.03125 0.148148 0.548981
0 0.299479 0.318519 0.0302083 0.103704 0.549845
0 0.465104 0.332407 0.028125 0.135185 0.550005
0 0.299479 0.318519 0.0302083 0.103704 0.554325
0 0.298438 0.319444 0.0322917 0.101852 0.555236
0 0.204167 0.37037 0.075 0.307407 0.561101
0 0.623958 0.344444 0.025 0.17037 0.566911
0 0.204167 0.37037 0.075 0.307407 0.577206
0 0.623958 0.344444 0.025 0.17037 0.578901
0 0.204167 0.369444 0.075 0.305556 0.582934
0 0.507292 0.337037 0.03125 0.144444 0.588411
0 0.623958 0.343519 0.025 0.164815 0.601466
0 0.336979 0.307407 0.0197917 0.0703704 0.601647
0 0.623958 0.344444 0.025 0.166667 0.608638
0 0.507812 0.341667 0.028125 0.138889 0.609746
0 0.507812 0.340741 0.028125 0.137037 0.613538
0 0.298438 0.317593 0.0322917 0.0981481 0.614749
0 0.3375 0.307407 0.0208333 0.0703704 0.616648
0 0.338021 0.307407 0.0197917 0.0703704 0.621659
0 0.298438 0.318519 0.0322917 0.1 0.631609
0 0.3375 0.307407 0.0208333 0.0703704 0.63453
0 0.465104 0.333333 0.028125 0.137037 0.638891
0 0.624479 0.34537 0.028125 0.168519 0.646169
0 0.646354 0.34537 0.0239583 0.135185 0.646994
0 0.465104 0.332407 0.028125 0.135185 0.646997
0 0.507292 0.338889 0.03125 0.140741 0.655038
0 0.298438 0.317593 0.0322917 0.0981481 0.661288
0 0.299479 0.319444 0.0302083 0.0981481 0.664662
0 0.299479 0.318519 0.0302083 0.1 0.669478
0 0.507292 0.338889 0.03125 0.140741 0.672435
0 0.50625 0.337037 0.03125 0.144444 0.675286
0 0.506771 0.336111 0.0322917 0.142593 0.676874
0 0.3375 0.307407 0.0208333 0.0703704 0.67982
0 0.465625 0.332407 0.0270833 0.138889 0.683318
0 0.3375 0.307407 0.0208333 0.0703704 0.683652
0 0.298958 0.318519 0.03125 0.1 0.685701
0 0.299479 0.318519 0.0302083 0.1 0.686985
0 0.624479 0.34537 0.028125 0.168519 0.690378
0 0.3375 0.306481 0.01875 0.0685185 0.692958
0 0.466146 0.333333 0.028125 0.144444 0.693035
0 0.465625 0.334259 0.0270833 0.146296 0.693207
0 0.298958 0.317593 0.03125 0.0981481 0.69609
0 0.298958 0.317593 0.03125 0.0981481 0.697694
0 0.3375 0.307407 0.0208333 0.0703704 0.698503
0 0.507292 0.338889 0.03125 0.140741 0.702964
0 0.624479 0.34537 0.028125 0.168519 0.722434
0 0.465625 0.331481 0.0270833 0.140741 0.722948
0 0.206771 0.366667 0.0697917 0.292593 0.735214
0 0.20625 0.367593 0.0729167 0.305556 0.736508
0 0.465625 0.332407 0.0270833 0.138889 0.753798
0 0.204167 0.37037 0.075 0.3 0.765153
0 0.204167 0.37037 0.075 0.3 0.779364
0 0.204167 0.369444 0.075 0.298148 0.801096
0 0.465104 0.333333 0.028125 0.140741 0.802366
0 0.465104 0.334259 0.028125 0.138889 0.808097
0 0.203646 0.371296 0.0760417 0.298148 0.840865
0 0.204167 0.371296 0.075 0.298148 0.844984
0 0.204167 0.37037 0.075 0.303704 0.850006
0 0.204167 0.37037 0.075 0.303704 0.854516
0 0.205208 0.368519 0.075 0.3 0.863301
0 0.205208 0.368519 0.075 0.3 0.864572
0 0.205208 0.369444 0.075 0.301852 0.865315
