0 0.0317708 0.294444 0.0302083 0.118519 0.250151
0 0.0317708 0.294444 0.0302083 0.118519 0.254413
0 0.977604 0.768519 0.0447917 0.437037 0.255562
0 0.976562 0.769444 0.046875 0.438889 0.258373
0 0.0317708 0.294444 0.0322917 0.118519 0.25854
13 0.296354 0.447222 0.084375 0.12037 0.266284
0 0.0307292 0.29537 0.0322917 0.116667 0.270532
13 0.296875 0.444444 0.0833333 0.118519 0.270982
0 0.482812 0.337963 0.015625 0.087037 0.273652
13 0.444792 0.463889 0.0458333 0.101852 0.275097
13 0.110417 0.856481 0.21875 0.264815 0.276001
0 0.483854 0.337963 0.015625 0.0759259 0.282025
13 0.365625 0.607407 0.1375 0.162963 0.284304
13 0.110417 0.855556 0.21875 0.266667 0.285139
13 0.296354 0.444444 0.0822917 0.122222 0.285902
13 0.365104 0.607407 0.136458 0.162963 0.287992
13 0.109896 0.851852 0.219792 0.266667 0.289233
0 0.971875 0.793519 0.05625 0.401852 0.291711
13 0.365104 0.607407 0.136458 0.162963 0.29462
0 0.488021 0.355556 0.059375 0.12963 0.295417
13 0.109896 0.85 0.219792 0.266667 0.296375
13 0.445312 0.463889 0.0447917 0.105556 0.297459
0 0.0317708 0.293519 0.0302083 0.116667 0.297794
0 0.465104 0.35 0.0302083 0.12963 0.298512
13 0.108854 0.846296 0.217708 0.259259 0.300585
13 0.445312 0.463889 0.0447917 0.101852 0.300888
13 0.296354 0.444444 0.0822917 0.122222 0.301009
13 0.296354 0.444444 0.0822917 0.122222 0.301704
13 0.108854 0.847222 0.217708 0.261111 0.302181
0 0.974479 0.783333 0.0510417 0.414815 0.311424
0 0.304167 0.335185 0.0291667 0.0925926 0.311961
0 0.5 0.351852 0.0291667 0.122222 0.313579
13 0.444271 0.466667 0.046875 0.103704 0.314688
28 0.444792 0.465741 0.0479167 0.101852 0.314843
0 0.482812 0.337037 0.015625 0.0888889 0.316871
0 0.488021 0.355556 0.0572917 0.133333 0.319391
13 0.444271 0.466667 0.046875 0.103704 0.321169
0 0.0317708 0.293519 0.028125 0.116667 0.322044
0 0.482812 0.337963 0.015625 0.087037 0.328639
0 0.975 0.781482 0.05 0.422222 0.329184
0 0.974479 0.781482 0.0510417 0.422222 0.330213
0 0.0317708 0.293519 0.028125 0.116667 0.330712
28 0.444792 0.465741 0.0479167 0.101852 0.331328
13 0.444271 0.466667 0.046875 0.103704 0.333571
13 0.364062 0.599074 0.140625 0.146296 0.336444
0 0.304167 0.335185 0.0291667 0.0888889 0.336474
0 0.972917 0.77963 0.0541667 0.425926 0.339652
0 0.03125 0.293519 0.0291667 0.116667 0.342379
28 0.444792 0.465741 0.0479167 0.101852 0.343047
0 0.557292 0.328704 0.0145833 0.05 0.344133
0 0.557292 0.327778 0.0145833 0.0518519 0.344531
13 0.364583 0.599074 0.141667 0.146296 0.344972
13 0.364062 0.599074 0.142708 0.146296 0.351072
0 0.464583 0.352778 0.0291667 0.135185 0.354857
0 0.229167 0.441667 0.0895833 0.45 0.361375
0 0.504167 0.35 0.025 0.137037 0.366086
0 0.504167 0.35 0.025 0.137037 0.370187
0 0.973437 0.785185 0.053125 0.414815 0.394387
0 0.636979 0.364815 0.028125 0.133333 0.397963
0 0.971875 0.781482 0.05625 0.418519 0.40036
0 0.325 0.332407 0.01875 0.0685185 0.412471
0 0.971875 0.780556 0.05625 0.424074 0.414912
0 0.971875 0.77963 0.05625 0.422222 0.420671
0 0.325 0.328704 0.01875 0.0648148 0.42223
0 0.303646 0.334259 0.028125 0.0907407 0.42386
0 0.323958 0.331481 0.0208333 0.0777778 0.424778
0 0.636458 0.362963 0.0291667 0.133333 0.431813
0 0.465104 0.350926 0.0302083 0.135185 0.432703
0 0.465625 0.35 0.0291667 0.133333 0.434777
0 0.324479 0.328704 0.0197917 0.0648148 0.444542
0 0.303646 0.334259 0.028125 0.0907407 0.454138
0 0.501042 0.352778 0.03125 0.135185 0.455611
0 0.323958 0.332407 0.0208333 0.0759259 0.456745
0 0.503125 0.353704 0.0270833 0.133333 0.458169
0 0.324479 0.328704 0.0197917 0.0648148 0.460732
0 0.501562 0.351852 0.0302083 0.133333 0.461799
0 0.323958 0.332407 0.0208333 0.0759259 0.465164
0 0.636979 0.364815 0.028125 0.133333 0.468442
0 0.636979 0.364815 0.028125 0.133333 0.471317
13 0.363542 0.605556 0.139583 0.166667 0.472571
13 0.363021 0.611111 0.142708 0.17037 0.492454
0 0.635938 0.365741 0.0302083 0.135185 0.492863
0 0.465104 0.353704 0.028125 0.133333 0.498675
0 0.302604 0.336111 0.028125 0.087037 0.498739
13 0.363542 0.603704 0.139583 0.162963 0.508653
13 0.364062 0.609259 0.138542 0.166667 0.512441
0 0.303646 0.337037 0.0260417 0.0888889 0.513202
0 0.303125 0.336111 0.0270833 0.0944444 0.514416
13 0.364062 0.606481 0.140625 0.164815 0.52117
13 0.364062 0.608333 0.142708 0.161111 0.522915
0 0.302604 0.336111 0.028125 0.087037 0.527647
13 0.364062 0.607407 0.140625 0.162963 0.529951
0 0.302604 0.336111 0.028125 0.087037 0.533363
13 0.363542 0.610185 0.141667 0.168519 0.535755
0 0.503125 0.353704 0.0270833 0.137037 0.543529
0 0.303646 0.337963 0.0260417 0.087037 0.547237
0 0.303646 0.337963 0.0260417 0.087037 0.549956
0 0.302604 0.335185 0.028125 0.0925926 0.557238
0 0.304688 0.335185 0.028125 0.0888889 0.557674
0 0.503646 0.355556 0.028125 0.137037 0.558032
13 0.364062 0.608333 0.138542 0.164815 0.571701
0 0.303646 0.335185 0.028125 0.0888889 0.577043
0 0.6375 0.364815 0.0291667 0.12963 0.58065
0 0.228646 0.440741 0.0885417 0.42963 0.591033
0 0.228646 0.439815 0.0885417 0.431481 0.592773
0 0.503125 0.353704 0.0270833 0.137037 0.594389
0 0.228646 0.440741 0.0885417 0.42963 0.603603
0 0.635938 0.362963 0.0302083 0.140741 0.604829
0 0.636458 0.362963 0.0291667 0.140741 0.610711
0 0.603646 0.361111 0.0302083 0.159259 0.638866
0 0.503646 0.35463 0.028125 0.135185 0.639936
0 0.604167 0.360185 0.0291667 0.161111 0.65425
0 0.605729 0.362963 0.0322917 0.159259 0.655397
0 0.6375 0.364815 0.0291667 0.133333 0.65716
0 0.228125 0.440741 0.0895833 0.440741 0.658319
0 0.6375 0.365741 0.0291667 0.131481 0.667795
0 0.604688 0.362037 0.0322917 0.161111 0.668558
0 0.503125 0.35463 0.0270833 0.138889 0.670606
0 0.503646 0.35463 0.0260417 0.135185 0.670803
0 0.303125 0.336111 0.0270833 0.0907407 0.672983
0 0.503125 0.353704 0.0270833 0.137037 0.682518
0 0.464583 0.352778 0.0291667 0.142593 0.68414
0 0.504167 0.35463 0.0270833 0.135185 0.684974
0 0.303646 0.336111 0.0260417 0.0907407 0.686614
0 0.464583 0.353704 0.0291667 0.144444 0.689517
0 0.604688 0.362037 0.0322917 0.161111 0.695458
0 0.465104 0.353704 0.028125 0.140741 0.697008
0 0.635938 0.365741 0.0302083 0.138889 0.699428
0 0.303646 0.336111 0.0260417 0.0907407 0.700453
0 0.464583 0.353704 0.0291667 0.144444 0.708587
0 0.605208 0.362963 0.0333333 0.159259 0.713112
0 0.303125 0.336111 0.0270833 0.0907407 0.713831
0 0.635938 0.365741 0.0302083 0.138889 0.71453
0 0.605208 0.362037 0.0333333 0.161111 0.714787
0 0.465104 0.353704 0.028125 0.140741 0.719959
0 0.464583 0.353704 0.0291667 0.144444 0.72486
0 0.605208 0.362963 0.0333333 0.159259 0.73258
0 0.604688 0.362037 0.0322917 0.164815 0.734203
0 0.464583 0.353704 0.0291667 0.144444 0.734505
0 0.465104 0.353704 0.028125 0.140741 0.742791
0 0.604167 0.361111 0.0333333 0.162963 0.743786
0 0.604688 0.362037 0.0322917 0.164815 0.745926
0 0.636458 0.363889 0.0291667 0.135185 0.746141
0 0.636458 0.363889 0.0291667 0.135185 0.760071
0 0.465104 0.353704 0.028125 0.140741 0.761145
0 0.604688 0.362037 0.0322917 0.161111 0.763669
0 0.465104 0.353704 0.028125 0.137037 0.766539
0 0.603646 0.362037 0.0322917 0.161111 0.769334
0 0.603125 0.361111 0.0333333 0.159259 0.769637
0 0.604688 0.361111 0.0322917 0.162963 0.770572
0 0.636458 0.364815 0.0291667 0.137037 0.772968
0 0.636979 0.364815 0.0302083 0.137037 0.808126
0 0.636979 0.364815 0.0302083 0.137037 0.819733
0 0.228125 0.438889 0.0895833 0.437037 0.82593
0 0.636979 0.364815 0.0302083 0.137037 0.828307
0 0.228125 0.438889 0.0895833 0.437037 0.856263
0 0.227604 0.440741 0.0864583 0.42963 0.860811
0 0.227604 0.440741 0.0864583 0.42963 0.861595
0 0.227604 0.440741 0.0864583 0.42963 0.867508
0 0.228125 0.437037 0.0895833 0.433333 0.868242
0 0.228646 0.437963 0.090625 0.431481 0.8821
0 0.228125 0.440741 0.0854167 0.42963 0.884578
0 0.228646 0.440741 0.0864583 0.42963 0.886086
0 0.228646 0.440741 0.0864583 0.42963 0.886712
