0 0.505208 0.346296 0.01875 0.0962963 0.250352
0 0.709375 0.389815 0.0416667 0.287037 0.251607
0 0.523958 0.34537 0.0229167 0.0944444 0.255087
0 0.177604 0.338889 0.0510417 0.148148 0.256215
0 0.520312 0.348148 0.0197917 0.0888889 0.256801
0 0.547396 0.324074 0.015625 0.0666667 0.257861
0 0.626562 0.350926 0.0260417 0.131481 0.262628
0 0.402604 0.315741 0.0177083 0.0722222 0.262924
0 0.448958 0.35 0.0291667 0.162963 0.264159
0 0.711979 0.380556 0.034375 0.283333 0.265031
0 0.709896 0.389815 0.0427083 0.290741 0.267093
0 0.520312 0.344444 0.0177083 0.0925926 0.273471
0 0.709896 0.388889 0.0427083 0.285185 0.274068
24 0.763021 0.338889 0.0427083 0.118519 0.280787
0 0.520833 0.344444 0.01875 0.0962963 0.281727
0 0.403125 0.316667 0.0145833 0.0777778 0.28238
0 0.520312 0.349074 0.0197917 0.0907407 0.283056
0 0.547396 0.324074 0.015625 0.0666667 0.283287
0 0.448958 0.35 0.0291667 0.162963 0.28356
0 0.623438 0.350926 0.0260417 0.131481 0.283629
0 0.490104 0.34537 0.021875 0.127778 0.286663
13 0.245312 0.483333 0.161458 0.17037 0.28783
0 0.520312 0.348148 0.0197917 0.0888889 0.289901
0 0.624479 0.35 0.028125 0.12963 0.290114
0 0.176563 0.340741 0.0489583 0.162963 0.295313
0 0.624479 0.34537 0.028125 0.124074 0.297024
0 0.50625 0.341667 0.01875 0.0981481 0.297246
0 0.520312 0.34537 0.0177083 0.0944444 0.298342
13 0.245833 0.484259 0.160417 0.168519 0.303507
13 0.245833 0.483333 0.160417 0.17037 0.30487
0 0.401563 0.323148 0.015625 0.0648148 0.305424
0 0.403646 0.316667 0.015625 0.0777778 0.306333
0 0.7125 0.381481 0.0354167 0.281481 0.308351
0 0.176563 0.340741 0.0489583 0.159259 0.310464
24 0.764063 0.343519 0.0364583 0.105556 0.311312
13 0.245312 0.483333 0.161458 0.17037 0.311507
13 0.245833 0.483333 0.160417 0.17037 0.312256
24 0.763542 0.344444 0.0375 0.103704 0.313042
0 0.176042 0.339815 0.05 0.153704 0.317099
0 0.551562 0.323148 0.0135417 0.0611111 0.317577
24 0.763542 0.339815 0.0416667 0.109259 0.31836
0 0.448438 0.35 0.028125 0.162963 0.320044
0 0.7125 0.380556 0.0354167 0.27963 0.321399
0 0.551562 0.323148 0.0135417 0.0611111 0.322018
0 0.0734375 0.537037 0.144792 0.692593 0.322482
13 0.24375 0.482407 0.160417 0.175926 0.328151
24 0.764063 0.343519 0.0364583 0.101852 0.331241
13 0.24375 0.481481 0.1625 0.174074 0.331344
0 0.179688 0.337037 0.0447917 0.144444 0.331483
0 0.505729 0.342593 0.0197917 0.103704 0.33737
0 0.489583 0.34537 0.0229167 0.131481 0.340679
0 0.625521 0.348148 0.028125 0.125926 0.341475
0 0.505729 0.342593 0.0197917 0.103704 0.343783
0 0.490104 0.34537 0.021875 0.131481 0.345448
13 0.245312 0.483333 0.161458 0.174074 0.347846
13 0.24375 0.482407 0.1625 0.175926 0.348793
24 0.763021 0.339815 0.040625 0.109259 0.348924
13 0.244792 0.482407 0.1625 0.175926 0.35017
0 0.401563 0.323148 0.015625 0.0648148 0.352925
0 0.179167 0.337963 0.0458333 0.146296 0.35372
24 0.765104 0.346296 0.0385417 0.111111 0.354171
0 0.0729167 0.569444 0.139583 0.642593 0.355849
24 0.765104 0.348148 0.0385417 0.0962963 0.358655
24 0.765625 0.348148 0.0395833 0.0962963 0.359101
0 0.176563 0.338889 0.0510417 0.151852 0.360682
0 0.490104 0.350926 0.021875 0.127778 0.364634
13 0.245312 0.482407 0.161458 0.172222 0.368398
13 0.244792 0.482407 0.1625 0.172222 0.369508
0 0.176563 0.338889 0.0510417 0.151852 0.371691
24 0.765104 0.346296 0.0385417 0.107407 0.372781
24 0.765625 0.348148 0.0395833 0.0962963 0.373845
0 0.0708333 0.552778 0.139583 0.690741 0.378496
0 0.623958 0.34537 0.0291667 0.127778 0.386642
0 0.0708333 0.551852 0.141667 0.688889 0.389146
0 0.179167 0.337037 0.0458333 0.144444 0.39207
0 0.624479 0.34537 0.028125 0.127778 0.393475
0 0.175521 0.341667 0.053125 0.15 0.394713
0 0.715104 0.388889 0.0322917 0.307407 0.403652
24 0.765104 0.346296 0.0385417 0.107407 0.403964
0 0.451042 0.348148 0.0291667 0.162963 0.408888
0 0.745313 0.392593 0.0697917 0.318519 0.411577
0 0.745313 0.392593 0.0677083 0.318519 0.412333
0 0.176042 0.338889 0.05 0.151852 0.417825
0 0.745833 0.392593 0.06875 0.318519 0.419947
24 0.764583 0.344444 0.0395833 0.1 0.423936
0 0.180208 0.337963 0.0416667 0.157407 0.429262
0 0.451042 0.349074 0.0291667 0.161111 0.42971
0 0.180208 0.338889 0.0416667 0.155556 0.431463
0 0.175521 0.339815 0.053125 0.153704 0.432219
24 0.763542 0.339815 0.0395833 0.112963 0.433306
0 0.0703125 0.535185 0.140625 0.688889 0.434961
0 0.380208 0.337037 0.0208333 0.107407 0.438929
24 0.763542 0.340741 0.0395833 0.114815 0.441312
0 0.489583 0.351852 0.0229167 0.133333 0.441356
0 0.626042 0.348148 0.0291667 0.133333 0.445658
24 0.765104 0.342593 0.040625 0.103704 0.446611
0 0.747396 0.386111 0.0739583 0.309259 0.447777
0 0.625521 0.349074 0.028125 0.131481 0.449741
0 0.489583 0.350926 0.0229167 0.131481 0.449998
24 0.763542 0.340741 0.0395833 0.107407 0.4508
0 0.709896 0.386111 0.0427083 0.309259 0.451531
0 0.623958 0.349074 0.0270833 0.127778 0.452619
0 0.451562 0.349074 0.028125 0.161111 0.452795
24 0.765104 0.343519 0.040625 0.101852 0.454714
0 0.0697917 0.535185 0.139583 0.688889 0.455086
0 0.380208 0.336111 0.01875 0.105556 0.459567
0 0.716146 0.388889 0.0322917 0.307407 0.465221
24 0.764063 0.340741 0.040625 0.114815 0.473986
0 0.176563 0.337963 0.0510417 0.153704 0.477244
0 0.747396 0.386111 0.071875 0.305556 0.484751
0 0.176042 0.338889 0.05 0.151852 0.488213
0 0.380208 0.336111 0.0208333 0.105556 0.490623
24 0.764063 0.339815 0.040625 0.109259 0.493473
0 0.744271 0.394444 0.0739583 0.322222 0.494658
0 0.625 0.348148 0.0291667 0.12963 0.514662
24 0.764063 0.339815 0.040625 0.109259 0.517981
0 0.449479 0.341667 0.028125 0.15 0.523277
0 0.714063 0.388889 0.0364583 0.292593 0.529814
0 0.747396 0.390741 0.071875 0.318519 0.532429
0 0.449479 0.342593 0.028125 0.151852 0.535305
0 0.0723958 0.562963 0.140625 0.692593 0.536809
0 0.490104 0.351852 0.021875 0.140741 0.542668
0 0.489062 0.352778 0.0239583 0.15 0.546205
0 0.716146 0.386111 0.0322917 0.316667 0.549008
0 0.714063 0.388889 0.0364583 0.292593 0.553118
0 0.623958 0.349074 0.0270833 0.127778 0.556341
0 0.489062 0.351852 0.0239583 0.148148 0.562014
0 0.623958 0.349074 0.0270833 0.124074 0.574286
0 0.381771 0.336111 0.0197917 0.109259 0.576934
0 0.714063 0.388889 0.0364583 0.288889 0.585057
0 0.451042 0.346296 0.0270833 0.155556 0.601129
0 0.38125 0.337963 0.01875 0.101852 0.60166
0 0.488542 0.351852 0.0208333 0.144444 0.603425
0 0.624479 0.35 0.028125 0.12963 0.609888
0 0.451042 0.34537 0.0270833 0.153704 0.611477
0 0.624479 0.349074 0.028125 0.131481 0.614209
0 0.625521 0.349074 0.028125 0.131481 0.615535
0 0.625 0.35 0.0270833 0.12963 0.617221
0 0.38125 0.337963 0.01875 0.105556 0.632779
0 0.745313 0.388889 0.071875 0.322222 0.633829
0 0.744271 0.390741 0.0760417 0.322222 0.640142
0 0.38125 0.337963 0.01875 0.105556 0.64459
0 0.745313 0.388889 0.0739583 0.325926 0.654926
0 0.450521 0.348148 0.0302083 0.162963 0.676564
0 0.625 0.349074 0.0270833 0.127778 0.681046
0 0.744792 0.390741 0.075 0.318519 0.682644
0 0.744271 0.390741 0.0739583 0.318519 0.684255
0 0.624479 0.35 0.028125 0.12963 0.691124
0 0.38125 0.336111 0.01875 0.105556 0.693365
0 0.451042 0.348148 0.0291667 0.162963 0.693808
0 0.74375 0.389815 0.075 0.316667 0.70596
0 0.380729 0.336111 0.0197917 0.109259 0.712282
0 0.45 0.349074 0.0291667 0.164815 0.713727
0 0.743229 0.389815 0.0739583 0.32037 0.717775
0 0.450521 0.348148 0.0302083 0.162963 0.720143
0 0.624479 0.35 0.028125 0.12963 0.720916
0 0.0677083 0.55 0.135417 0.677778 0.722484
0 0.74375 0.389815 0.075 0.312963 0.722822
0 0.450521 0.35 0.028125 0.159259 0.723864
0 0.380729 0.338889 0.0197917 0.103704 0.729573
0 0.74375 0.389815 0.075 0.316667 0.734369
0 0.450521 0.349074 0.028125 0.161111 0.735973
0 0.45 0.348148 0.0291667 0.162963 0.746722
0 0.380729 0.337963 0.0197917 0.105556 0.748803
0 0.624479 0.349074 0.028125 0.127778 0.755353
0 0.380729 0.338889 0.0197917 0.103704 0.75988
0 0.45 0.348148 0.0291667 0.162963 0.766321
0 0.06875 0.55 0.1375 0.7 0.784278
0 0.0697917 0.543519 0.139583 0.690741 0.799376
0 0.0697917 0.544444 0.139583 0.692593 0.80408
0 0.450521 0.347222 0.028125 0.164815 0.805325
0 0.450521 0.347222 0.028125 0.161111 0.808017
0 0.0708333 0.540741 0.141667 0.696296 0.875542
0 0.0708333 0.541667 0.141667 0.690741 0.888383
