13 0.30625 0.462037 0.0979167 0.135185 0.250873
0 0.223958 0.389815 0.025 0.12037 0.255572
0 0.257812 0.385185 0.0135417 0.0777778 0.257077
0 0.454167 0.394444 0.0229167 0.133333 0.258865
13 0.414583 0.465741 0.0395833 0.0611111 0.260376
0 0.573438 0.393519 0.0260417 0.109259 0.260865
13 0.329167 0.474074 0.14375 0.162963 0.261642
0 0.574479 0.390741 0.021875 0.103704 0.265381
26 0.817708 0.571296 0.0458333 0.12037 0.268215
0 0.455208 0.381481 0.025 0.140741 0.268523
0 0.223438 0.388889 0.0260417 0.122222 0.269078
0 0.223958 0.388889 0.025 0.122222 0.270577
0 0.338021 0.407407 0.028125 0.133333 0.272927
0 0.927604 0.606481 0.142708 0.538889 0.27339
13 0.417708 0.453704 0.0416667 0.0518519 0.275064
0 0.339063 0.40463 0.0239583 0.127778 0.275343
13 0.352604 0.480556 0.171875 0.112963 0.281267
0 0.574479 0.390741 0.021875 0.103704 0.288116
0 0.574479 0.390741 0.021875 0.103704 0.28867
0 0.25625 0.388889 0.0125 0.0851852 0.289995
26 0.817708 0.57037 0.0458333 0.12963 0.290058
26 0.817708 0.571296 0.0458333 0.127778 0.293437
0 0.773958 0.627778 0.125 0.614815 0.294274
26 0.816667 0.559259 0.05 0.174074 0.294413
0 0.257812 0.386111 0.0135417 0.0796296 0.295034
26 0.817187 0.560185 0.046875 0.15 0.295599
26 0.817708 0.560185 0.0479167 0.15 0.300156
0 0.529688 0.406481 0.0302083 0.138889 0.303775
13 0.322917 0.47037 0.133333 0.155556 0.305185
0 0.472917 0.39537 0.0458333 0.127778 0.305519
0 0.25625 0.388889 0.0125 0.0851852 0.306653
0 0.454688 0.388889 0.0260417 0.144444 0.30947
0 0.573958 0.394444 0.0229167 0.111111 0.312441
0 0.127604 0.376852 0.0239583 0.105556 0.312816
0 0.338542 0.407407 0.0270833 0.133333 0.315856
26 0.819271 0.565741 0.046875 0.146296 0.317121
26 0.818229 0.553704 0.046875 0.162963 0.320996
0 0.532292 0.410185 0.0354167 0.146296 0.321357
0 0.572917 0.393519 0.025 0.109259 0.322128
13 0.335417 0.475 0.158333 0.138889 0.323056
13 0.296354 0.467593 0.0864583 0.138889 0.324691
0 0.532292 0.409259 0.0354167 0.144444 0.328802
26 0.818229 0.553704 0.046875 0.162963 0.329344
13 0.295312 0.465741 0.084375 0.138889 0.330839
26 0.81875 0.553704 0.0479167 0.162963 0.33117
13 0.295833 0.466667 0.0854167 0.140741 0.331365
13 0.336979 0.469444 0.157292 0.153704 0.331448
0 0.126563 0.377778 0.0239583 0.103704 0.333907
26 0.819792 0.564815 0.0458333 0.148148 0.334168
26 0.819792 0.564815 0.0458333 0.148148 0.334446
0 0.223438 0.387037 0.0260417 0.114815 0.336189
0 0.126563 0.376852 0.0239583 0.105556 0.34403
13 0.336979 0.475 0.157292 0.138889 0.346046
0 0.127604 0.377778 0.0239583 0.103704 0.346857
0 0.916667 0.639815 0.11875 0.646296 0.347309
0 0.477083 0.394444 0.0416667 0.12963 0.355244
13 0.351042 0.476852 0.170833 0.127778 0.35865
0 0.916667 0.638889 0.11875 0.640741 0.362079
0 0.521354 0.389815 0.0177083 0.109259 0.364036
0 0.521875 0.390741 0.01875 0.111111 0.366985
13 0.329167 0.471296 0.14375 0.146296 0.367098
0 0.920313 0.642593 0.134375 0.614815 0.368258
0 0.338542 0.4 0.025 0.133333 0.368493
0 0.522396 0.39537 0.021875 0.12037 0.378253
0 0.919792 0.632407 0.122917 0.642593 0.379947
0 0.477604 0.394444 0.040625 0.12963 0.383132
0 0.521354 0.390741 0.0177083 0.111111 0.384447
0 0.453646 0.388889 0.0239583 0.12963 0.385126
24 0.941146 0.57963 0.111458 0.3 0.385757
0 0.127604 0.378704 0.0239583 0.0981481 0.392533
0 0.340104 0.408333 0.0260417 0.12037 0.395896
24 0.938021 0.574074 0.117708 0.266667 0.397231
0 0.223438 0.386111 0.0260417 0.112963 0.398967
0 0.920313 0.641667 0.132292 0.601852 0.399625
0 0.127604 0.378704 0.0239583 0.101852 0.40143
13 0.309375 0.467593 0.10625 0.146296 0.401441
13 0.309375 0.467593 0.10625 0.146296 0.401469
13 0.309375 0.467593 0.108333 0.146296 0.404315
0 0.127604 0.378704 0.0239583 0.101852 0.405917
26 0.818229 0.565741 0.046875 0.15 0.406796
0 0.128646 0.375926 0.0239583 0.107407 0.407874
0 0.3375 0.400926 0.0291667 0.138889 0.409047
0 0.692187 0.448148 0.0510417 0.3 0.415424
0 0.520833 0.390741 0.01875 0.111111 0.420208
26 0.817708 0.564815 0.0458333 0.151852 0.422942
0 0.520833 0.390741 0.01875 0.111111 0.427927
0 0.339583 0.407407 0.025 0.122222 0.428576
0 0.340104 0.408333 0.0260417 0.124074 0.429549
13 0.301042 0.464815 0.0958333 0.140741 0.432168
24 0.948958 0.567593 0.0958333 0.264815 0.43307
26 0.818229 0.564815 0.0447917 0.151852 0.436422
0 0.540104 0.410185 0.0260417 0.146296 0.437805
0 0.540625 0.410185 0.025 0.146296 0.438072
24 0.958854 0.572222 0.0802083 0.240741 0.441087
24 0.959375 0.571296 0.0791667 0.242593 0.442775
0 0.484896 0.391667 0.028125 0.131481 0.443717
0 0.454688 0.389815 0.0239583 0.142593 0.444431
0 0.692187 0.442593 0.0510417 0.292593 0.447108
24 0.948958 0.568519 0.0958333 0.262963 0.448762
0 0.520833 0.390741 0.01875 0.107407 0.450983
0 0.482812 0.393519 0.0260417 0.127778 0.451661
0 0.91875 0.631481 0.122917 0.640741 0.45402
24 0.959375 0.571296 0.0791667 0.242593 0.454355
0 0.771875 0.637037 0.11875 0.625926 0.459831
0 0.535417 0.411111 0.0333333 0.144444 0.460287
24 0.948958 0.566667 0.0958333 0.262963 0.462783
0 0.771875 0.637963 0.120833 0.62037 0.462856
24 0.95625 0.569444 0.0854167 0.246296 0.464254
0 0.454167 0.389815 0.0229167 0.131481 0.465442
0 0.338021 0.406481 0.0239583 0.131481 0.467557
0 0.222917 0.387037 0.025 0.114815 0.473122
0 0.339063 0.403704 0.0239583 0.12963 0.475884
13 0.324479 0.467593 0.138542 0.142593 0.488999
0 0.484896 0.392593 0.028125 0.12963 0.490765
0 0.338021 0.400926 0.028125 0.138889 0.491362
0 0.484896 0.391667 0.028125 0.131481 0.49331
24 0.956771 0.57037 0.084375 0.244444 0.500215
0 0.222917 0.385185 0.025 0.114815 0.514637
0 0.771875 0.624074 0.120833 0.607407 0.522499
0 0.535937 0.411111 0.034375 0.144444 0.525393
0 0.454167 0.390741 0.0229167 0.133333 0.52591
0 0.482812 0.391667 0.0260417 0.131481 0.52714
0 0.483333 0.39537 0.0291667 0.131481 0.52781
0 0.482812 0.393519 0.0260417 0.131481 0.528997
0 0.535417 0.412037 0.0333333 0.146296 0.529949
0 0.482812 0.394444 0.0260417 0.12963 0.532343
0 0.69375 0.436111 0.0479167 0.264815 0.533139
0 0.919271 0.622222 0.119792 0.633333 0.543497
0 0.454167 0.389815 0.0229167 0.135185 0.543979
0 0.536979 0.411111 0.028125 0.144444 0.551374
0 0.454167 0.387963 0.0229167 0.138889 0.552354
0 0.770312 0.640741 0.119792 0.644444 0.553363
0 0.536979 0.411111 0.028125 0.144444 0.554968
0 0.454167 0.387963 0.0229167 0.138889 0.554984
0 0.770312 0.640741 0.119792 0.648148 0.558692
0 0.771875 0.625926 0.122917 0.592593 0.562057
0 0.338021 0.400926 0.0260417 0.138889 0.570095
0 0.483333 0.394444 0.0291667 0.133333 0.57358
0 0.691146 0.443519 0.053125 0.275926 0.578403
0 0.222917 0.385185 0.0229167 0.107407 0.587457
0 0.339063 0.400926 0.0239583 0.138889 0.589683
0 0.339063 0.4 0.0239583 0.137037 0.590468
0 0.483333 0.394444 0.0291667 0.12963 0.600825
0 0.483333 0.39537 0.0291667 0.131481 0.607317
0 0.919271 0.626852 0.121875 0.605556 0.613545
0 0.223958 0.385185 0.0229167 0.118519 0.615548
0 0.573958 0.393519 0.0208333 0.105556 0.61578
0 0.483333 0.394444 0.0291667 0.133333 0.624187
0 0.338542 0.4 0.025 0.144444 0.624624
0 0.338542 0.4 0.025 0.144444 0.625615
0 0.692187 0.442593 0.053125 0.274074 0.627427
0 0.572917 0.390741 0.0229167 0.103704 0.629081
0 0.223958 0.386111 0.0229167 0.116667 0.631172
0 0.573958 0.393519 0.0208333 0.105556 0.633011
0 0.5375 0.412037 0.03125 0.146296 0.635371
0 0.573958 0.393519 0.0208333 0.105556 0.636007
0 0.224479 0.386111 0.0239583 0.116667 0.646171
0 0.693229 0.447222 0.053125 0.27963 0.654633
0 0.222396 0.385185 0.0239583 0.114815 0.65529
0 0.572917 0.391667 0.0229167 0.105556 0.655437
0 0.222396 0.386111 0.0239583 0.109259 0.663439
0 0.573438 0.391667 0.021875 0.105556 0.664041
0 0.692187 0.442593 0.053125 0.274074 0.664612
0 0.535937 0.411111 0.028125 0.151852 0.665161
0 0.535937 0.411111 0.028125 0.148148 0.666568
0 0.572917 0.393519 0.0229167 0.109259 0.667732
0 0.573958 0.392593 0.0208333 0.103704 0.674147
0 0.483333 0.391667 0.0270833 0.135185 0.675198
0 0.483333 0.394444 0.0270833 0.133333 0.676065
0 0.483333 0.392593 0.0270833 0.133333 0.678321
0 0.536979 0.411111 0.0302083 0.148148 0.679121
0 0.916667 0.632407 0.11875 0.646296 0.68077
0 0.222396 0.384259 0.0239583 0.116667 0.690581
0 0.222396 0.385185 0.0239583 0.111111 0.691026
0 0.222396 0.384259 0.0239583 0.116667 0.695584
0 0.573958 0.393519 0.0208333 0.105556 0.695868
0 0.5375 0.412037 0.0291667 0.146296 0.696794
0 0.91875 0.633333 0.125 0.622222 0.697288
0 0.916667 0.632407 0.11875 0.646296 0.700949
0 0.917708 0.634259 0.127083 0.624074 0.702002
0 0.223438 0.386111 0.0239583 0.112963 0.702778
0 0.574479 0.393519 0.021875 0.105556 0.707089
0 0.222917 0.385185 0.0229167 0.111111 0.7159
0 0.769792 0.641667 0.120833 0.631481 0.727183
0 0.769792 0.640741 0.120833 0.633333 0.734264
0 0.692187 0.444444 0.0510417 0.274074 0.740269
0 0.222917 0.387037 0.0229167 0.114815 0.759991
0 0.573438 0.393519 0.021875 0.109259 0.761682
0 0.692708 0.443519 0.05 0.272222 0.764136
0 0.693229 0.443519 0.0489583 0.275926 0.789338
0 0.692708 0.443519 0.05 0.275926 0.79046
0 0.692708 0.443519 0.05 0.275926 0.792811
0 0.771354 0.627778 0.121875 0.625926 0.796961
0 0.692708 0.444444 0.05 0.277778 0.809175
0 0.770833 0.631481 0.122917 0.62963 0.822154
0 0.770312 0.634259 0.119792 0.624074 0.824306
0 0.692708 0.443519 0.05 0.27963 0.835173
0 0.692708 0.443519 0.05 0.27963 0.842643
0 0.769792 0.631481 0.11875 0.625926 0.845109
0 0.692708 0.443519 0.05 0.27963 0.846445
0 0.771875 0.640741 0.122917 0.633333 0.855562
0 0.771354 0.640741 0.121875 0.633333 0.871461
