0 0.475521 0.351852 0.0197917 0.103704 0.254597
13 0.402604 0.564815 0.0927083 0.177778 0.256131
0 0.341667 0.34537 0.0229167 0.087037 0.256192
0 0.576042 0.341667 0.0166667 0.0648148 0.256695
0 0.015625 0.384259 0.0291667 0.138889 0.257706
0 0.342187 0.346296 0.021875 0.0851852 0.259334
0 0.515104 0.334259 0.0197917 0.0759259 0.26108
0 0.0161458 0.383333 0.028125 0.140741 0.261278
0 0.575 0.339815 0.0166667 0.0648148 0.262295
0 0.353646 0.340741 0.0197917 0.0740741 0.263165
0 0.348958 0.342593 0.0166667 0.0814815 0.266222
0 0.609896 0.367593 0.0239583 0.131481 0.267487
0 0.575521 0.342593 0.0177083 0.0666667 0.269878
0 0.609896 0.364815 0.0260417 0.125926 0.272552
0 0.576042 0.340741 0.0166667 0.0666667 0.274034
13 0.400521 0.57037 0.090625 0.181481 0.274853
0 0.352083 0.339815 0.0166667 0.0759259 0.278626
0 0.326562 0.348148 0.021875 0.0888889 0.279906
0 0.497396 0.372222 0.0302083 0.140741 0.280303
0 0.327083 0.348148 0.0208333 0.0888889 0.281968
0 0.515625 0.339815 0.0166667 0.0722222 0.283028
0 0.348958 0.343519 0.0166667 0.0796296 0.283395
0 0.515625 0.339815 0.0166667 0.0722222 0.286142
0 0.471354 0.35 0.0260417 0.1 0.287125
0 0.576042 0.341667 0.0166667 0.0648148 0.29304
0 0.497396 0.372222 0.0302083 0.137037 0.302885
0 0.497396 0.372222 0.0302083 0.144444 0.304241
0 0.495313 0.365741 0.0322917 0.142593 0.305812
13 0.401563 0.57037 0.0927083 0.181481 0.307086
0 0.327083 0.348148 0.0208333 0.0888889 0.311092
0 0.471875 0.350926 0.0270833 0.101852 0.313002
0 0.496875 0.372222 0.03125 0.137037 0.314398
0 0.609375 0.365741 0.025 0.131481 0.322001
0 0.471875 0.350926 0.0270833 0.101852 0.326687
0 0.609896 0.365741 0.0260417 0.131481 0.32705
0 0.371354 0.335185 0.015625 0.0814815 0.327124
0 0.0197917 0.384259 0.03125 0.135185 0.329397
0 0.515625 0.338889 0.0166667 0.0703704 0.329496
0 0.49375 0.365741 0.0333333 0.138889 0.329813
0 0.514583 0.338889 0.0166667 0.0703704 0.331499
0 0.495833 0.371296 0.0270833 0.131481 0.342031
0 0.496354 0.367593 0.0322917 0.142593 0.342829
0 0.494792 0.362963 0.0270833 0.12963 0.346018
0 0.497396 0.372222 0.0302083 0.140741 0.348372
0 0.370833 0.335185 0.0166667 0.0814815 0.348429
0 0.515104 0.338889 0.015625 0.0703704 0.359238
0 0.0213542 0.385185 0.034375 0.148148 0.363921
0 0.0213542 0.385185 0.034375 0.148148 0.36413
0 0.440625 0.363889 0.0270833 0.138889 0.367285
0 0.371354 0.335185 0.015625 0.0814815 0.37061
0 0.440625 0.363889 0.0270833 0.138889 0.372625
0 0.515625 0.337963 0.0166667 0.0722222 0.376091
0 0.440625 0.364815 0.0270833 0.137037 0.376817
0 0.609896 0.367593 0.0260417 0.131481 0.377909
0 0.515104 0.337963 0.0177083 0.0685185 0.390984
0 0.576042 0.341667 0.0166667 0.0685185 0.394949
0 0.515104 0.337963 0.0177083 0.0685185 0.397545
0 0.44375 0.369444 0.03125 0.142593 0.40177
0 0.369792 0.338889 0.01875 0.0814815 0.404325
0 0.367708 0.337037 0.0166667 0.0814815 0.412048
0 0.515104 0.339815 0.015625 0.0685185 0.412376
0 0.443229 0.369444 0.0302083 0.142593 0.415861
0 0.655729 0.382407 0.0489583 0.22037 0.425478
0 0.609896 0.369444 0.021875 0.131481 0.42585
0 0.609375 0.367593 0.025 0.135185 0.428869
0 0.609896 0.367593 0.0260417 0.135185 0.430149
0 0.441146 0.369444 0.028125 0.15 0.434023
0 0.515104 0.337963 0.0177083 0.0685185 0.435014
0 0.369792 0.337963 0.0166667 0.0796296 0.437295
0 0.609896 0.367593 0.0260417 0.135185 0.44293
0 0.441146 0.368519 0.028125 0.148148 0.443196
0 0.01875 0.384259 0.03125 0.131481 0.444979
0 0.369792 0.337963 0.0166667 0.0796296 0.448793
0 0.654688 0.382407 0.046875 0.224074 0.449139
0 0.654688 0.383333 0.046875 0.225926 0.456498
0 0.496354 0.368519 0.0302083 0.144444 0.464594
0 0.443229 0.368519 0.0302083 0.140741 0.472987
13 0.402083 0.568519 0.0895833 0.185185 0.475033
13 0.402083 0.568519 0.0895833 0.185185 0.475684
13 0.403646 0.567593 0.0864583 0.183333 0.479018
13 0.402083 0.568519 0.0895833 0.185185 0.479419
0 0.369792 0.339815 0.0166667 0.0796296 0.48088
13 0.403646 0.567593 0.0864583 0.17963 0.484934
0 0.369792 0.337963 0.0166667 0.0796296 0.48605
0 0.609896 0.366667 0.0260417 0.12963 0.496841
0 0.330729 0.347222 0.0197917 0.0833333 0.499582
0 0.369792 0.339815 0.0166667 0.0796296 0.507346
0 0.23125 0.438889 0.102083 0.422222 0.511259
0 0.23125 0.438889 0.102083 0.422222 0.512654
13 0.402604 0.569444 0.0885417 0.183333 0.513401
0 0.369792 0.338889 0.0166667 0.0777778 0.516806
13 0.402604 0.569444 0.0885417 0.183333 0.517853
13 0.402604 0.569444 0.0885417 0.183333 0.517879
0 0.495833 0.368519 0.0291667 0.144444 0.51819
0 0.23125 0.438889 0.102083 0.422222 0.520256
0 0.495833 0.369444 0.0291667 0.146296 0.527652
0 0.495313 0.371296 0.028125 0.138889 0.531313
0 0.655729 0.381481 0.0489583 0.222222 0.531328
0 0.371354 0.337037 0.0177083 0.0814815 0.538004
0 0.495313 0.371296 0.028125 0.135185 0.53965
0 0.609896 0.366667 0.0260417 0.133333 0.540035
0 0.0192708 0.382407 0.0322917 0.142593 0.540957
13 0.402604 0.568519 0.0885417 0.181481 0.548695
13 0.402083 0.566667 0.0895833 0.181481 0.550206
0 0.330729 0.349074 0.0177083 0.0833333 0.551703
0 0.494792 0.362037 0.0270833 0.142593 0.555478
0 0.0192708 0.382407 0.0322917 0.142593 0.557119
0 0.653125 0.37963 0.0520833 0.22963 0.562654
0 0.33125 0.35 0.01875 0.0888889 0.564328
0 0.494271 0.361111 0.0260417 0.140741 0.564783
13 0.402604 0.566667 0.0885417 0.177778 0.58538
13 0.402604 0.567593 0.0885417 0.17963 0.58819
0 0.440625 0.366667 0.0291667 0.133333 0.590636
0 0.609375 0.366667 0.025 0.12963 0.597169
0 0.33125 0.35 0.01875 0.0888889 0.602745
0 0.33125 0.35 0.01875 0.0925926 0.608684
0 0.609896 0.366667 0.0260417 0.133333 0.609951
0 0.329167 0.347222 0.01875 0.087037 0.616315
0 0.0192708 0.382407 0.0322917 0.142593 0.631586
0 0.655729 0.381481 0.0489583 0.222222 0.632235
0 0.0197917 0.382407 0.0333333 0.146296 0.632914
0 0.01875 0.381481 0.03125 0.140741 0.633308
0 0.652083 0.381481 0.05 0.225926 0.633595
0 0.652083 0.380556 0.0520833 0.227778 0.635577
0 0.652083 0.382407 0.0520833 0.227778 0.638833
0 0.652604 0.382407 0.0510417 0.227778 0.644447
0 0.330729 0.348148 0.0197917 0.0851852 0.647792
0 0.0192708 0.382407 0.0322917 0.142593 0.65285
0 0.0197917 0.382407 0.0333333 0.146296 0.656657
0 0.0192708 0.382407 0.0322917 0.142593 0.659637
0 0.0192708 0.382407 0.0322917 0.142593 0.665325
0 0.330729 0.348148 0.0197917 0.0851852 0.669561
0 0.609375 0.364815 0.025 0.12963 0.669869
0 0.330729 0.348148 0.0197917 0.0851852 0.674583
0 0.0182292 0.384259 0.0322917 0.138889 0.682201
0 0.609375 0.367593 0.025 0.131481 0.683166
0 0.0182292 0.384259 0.0322917 0.138889 0.683232
0 0.0192708 0.382407 0.0322917 0.142593 0.683267
0 0.0192708 0.382407 0.0322917 0.146296 0.686287
0 0.441146 0.369444 0.0302083 0.142593 0.686489
0 0.654167 0.383333 0.0520833 0.225926 0.692321
0 0.609375 0.367593 0.025 0.131481 0.694893
0 0.609896 0.366667 0.0260417 0.133333 0.701842
0 0.441667 0.369444 0.0291667 0.142593 0.702025
0 0.609375 0.365741 0.025 0.131481 0.703052
0 0.653125 0.381481 0.0541667 0.22963 0.707249
0 0.609375 0.365741 0.025 0.131481 0.714134
0 0.653646 0.381481 0.0552083 0.22963 0.728036
0 0.654167 0.384259 0.0520833 0.227778 0.72911
0 0.653125 0.381481 0.0541667 0.22963 0.742639
0 0.609375 0.367593 0.025 0.131481 0.745962
0 0.441667 0.369444 0.0291667 0.142593 0.747433
0 0.441667 0.369444 0.0291667 0.142593 0.765524
0 0.654167 0.383333 0.0520833 0.225926 0.765701
0 0.440625 0.366667 0.0291667 0.133333 0.776805
0 0.440625 0.367593 0.0291667 0.135185 0.783644
0 0.441667 0.369444 0.0291667 0.142593 0.788666
0 0.441667 0.368519 0.0291667 0.144444 0.794783
0 0.229687 0.437963 0.0989583 0.416667 0.809881
0 0.654167 0.381481 0.05 0.225926 0.822409
0 0.441146 0.363889 0.028125 0.142593 0.82554
0 0.654167 0.380556 0.0479167 0.227778 0.82838
0 0.229687 0.437037 0.0989583 0.414815 0.831715
0 0.441146 0.363889 0.028125 0.138889 0.835663
0 0.229167 0.438889 0.0979167 0.422222 0.872653
0 0.229167 0.438889 0.0979167 0.422222 0.872706
0 0.229687 0.435185 0.0989583 0.414815 0.873993
0 0.230208 0.435185 0.1 0.414815 0.88081
0 0.229167 0.438889 0.0979167 0.422222 0.881175
0 0.229687 0.438889 0.0989583 0.418519 0.889124
0 0.230208 0.438889 0.0979167 0.418519 0.890368
0 0.229687 0.438889 0.0989583 0.418519 0.890534
0 0.229687 0.437037 0.101042 0.418519 0.891243
0 0.229687 0.437037 0.101042 0.418519 0.896615
