0 0.469792 0.35 0.03125 0.103704 0.252192
0 0.5125 0.338889 0.0166667 0.0703704 0.254847
0 0.353646 0.341667 0.015625 0.0722222 0.260302
0 0.513021 0.338889 0.015625 0.0703704 0.262837
0 0.573438 0.341667 0.015625 0.0685185 0.265601
0 0.469792 0.35 0.03125 0.103704 0.267568
0 0.511979 0.339815 0.015625 0.0685185 0.276978
0 0.573438 0.341667 0.015625 0.0685185 0.281267
0 0.645833 0.383333 0.0520833 0.207407 0.281846
0 0.609896 0.369444 0.0260417 0.131481 0.287391
0 0.609375 0.37037 0.0270833 0.133333 0.293694
0 0.495833 0.372222 0.025 0.133333 0.296162
0 0.573438 0.341667 0.015625 0.0685185 0.298375
0 0.5125 0.337963 0.0166667 0.0648148 0.303128
0 0.513021 0.337963 0.015625 0.0648148 0.309872
0 0.647396 0.383333 0.053125 0.211111 0.317137
0 0.513021 0.338889 0.015625 0.0703704 0.317156
13 0.407292 0.565741 0.08125 0.183333 0.318364
0 0.366667 0.337963 0.01875 0.0833333 0.322751
13 0.406771 0.559259 0.0822917 0.17037 0.343358
0 0.651042 0.380556 0.0520833 0.212963 0.344846
0 0.647396 0.383333 0.053125 0.211111 0.351901
0 0.652604 0.383333 0.0489583 0.218519 0.354717
0 0.494792 0.365741 0.0270833 0.127778 0.357771
0 0.513021 0.337963 0.015625 0.0648148 0.359203
0 0.609896 0.369444 0.0260417 0.138889 0.359289
13 0.406771 0.565741 0.0822917 0.183333 0.362533
0 0.369271 0.339815 0.0197917 0.0796296 0.363124
0 0.609896 0.368519 0.0260417 0.137037 0.367629
0 0.369792 0.340741 0.0166667 0.0777778 0.374023
0 0.369792 0.339815 0.0166667 0.0796296 0.38075
0 0.648958 0.380556 0.0541667 0.212963 0.389082
13 0.406771 0.560185 0.0822917 0.168519 0.392835
0 0.495313 0.369444 0.0322917 0.146296 0.397185
0 0.369271 0.340741 0.0177083 0.0777778 0.401086
0 0.648438 0.384259 0.0552083 0.22037 0.402166
0 0.572396 0.343519 0.015625 0.0648148 0.404345
0 0.572917 0.343519 0.0166667 0.0648148 0.406574
0 0.652083 0.383333 0.05 0.218519 0.407034
0 0.370833 0.338889 0.0166667 0.0777778 0.410269
0 0.609375 0.37037 0.025 0.133333 0.411919
0 0.441667 0.371296 0.03125 0.146296 0.412061
13 0.405729 0.559259 0.0822917 0.162963 0.417057
0 0.496875 0.371296 0.0291667 0.142593 0.421068
0 0.495313 0.372222 0.0260417 0.133333 0.423277
0 0.438021 0.364815 0.028125 0.148148 0.423716
0 0.369792 0.340741 0.01875 0.0777778 0.424047
0 0.572917 0.344444 0.0166667 0.0666667 0.424452
0 0.572917 0.344444 0.0166667 0.0666667 0.424981
0 0.369792 0.340741 0.0166667 0.0777778 0.425451
0 0.494792 0.37037 0.03125 0.144444 0.431758
0 0.441667 0.37037 0.03125 0.144444 0.433094
0 0.439063 0.365741 0.0302083 0.135185 0.433145
0 0.647917 0.385185 0.0583333 0.222222 0.433457
13 0.405729 0.558333 0.0822917 0.157407 0.437057
0 0.438542 0.364815 0.0270833 0.148148 0.437634
0 0.572917 0.343519 0.0166667 0.0648148 0.437878
0 0.369271 0.340741 0.0177083 0.0777778 0.438307
13 0.40625 0.557407 0.08125 0.159259 0.439039
0 0.572917 0.343519 0.0166667 0.0648148 0.440108
0 0.652083 0.384259 0.05 0.216667 0.45681
0 0.496875 0.371296 0.0291667 0.142593 0.457368
0 0.495833 0.37037 0.03125 0.144444 0.472904
0 0.330208 0.351852 0.0208333 0.0888889 0.483881
0 0.609375 0.368519 0.0270833 0.137037 0.493131
0 0.651042 0.384259 0.0520833 0.216667 0.494076
0 0.651042 0.384259 0.0520833 0.216667 0.49981
0 0.441146 0.369444 0.0302083 0.146296 0.506289
0 0.608854 0.365741 0.0260417 0.131481 0.512466
0 0.495833 0.373148 0.025 0.138889 0.517051
0 0.608854 0.366667 0.0260417 0.133333 0.526109
0 0.04375 0.382407 0.0416667 0.15 0.530551
0 0.329688 0.351852 0.0197917 0.0925926 0.530742
0 0.0442708 0.383333 0.040625 0.151852 0.531068
0 0.572917 0.344444 0.0166667 0.0666667 0.533933
0 0.329688 0.351852 0.0197917 0.0925926 0.534193
0 0.496354 0.371296 0.028125 0.142593 0.534867
0 0.495833 0.372222 0.025 0.137037 0.544323
13 0.40625 0.562963 0.08125 0.17037 0.547378
13 0.405208 0.561111 0.0833333 0.166667 0.550885
13 0.40625 0.562037 0.0833333 0.172222 0.555916
13 0.40625 0.562037 0.0833333 0.172222 0.556757
13 0.40625 0.562037 0.0833333 0.172222 0.55987
0 0.609375 0.365741 0.025 0.131481 0.564084
0 0.494792 0.366667 0.0270833 0.140741 0.564372
13 0.406771 0.562037 0.0822917 0.168519 0.570877
0 0.494792 0.366667 0.0270833 0.140741 0.573093
0 0.609375 0.368519 0.0270833 0.137037 0.574465
0 0.495313 0.369444 0.0302083 0.142593 0.576759
0 0.0416667 0.380556 0.0416667 0.153704 0.578135
0 0.040625 0.381481 0.0395833 0.148148 0.579935
13 0.405729 0.563889 0.0822917 0.168519 0.580062
0 0.329688 0.351852 0.0197917 0.0888889 0.597135
0 0.0411458 0.381481 0.0385417 0.148148 0.598106
0 0.329688 0.351852 0.0197917 0.0888889 0.603805
0 0.0421875 0.380556 0.040625 0.153704 0.607322
13 0.405729 0.562037 0.0822917 0.168519 0.609154
13 0.405729 0.562037 0.0822917 0.168519 0.610044
13 0.405729 0.562037 0.0822917 0.168519 0.610657
13 0.405729 0.559259 0.0822917 0.162963 0.61164
0 0.329688 0.349074 0.0197917 0.087037 0.617675
0 0.608854 0.366667 0.0260417 0.137037 0.625531
0 0.439583 0.37037 0.0291667 0.151852 0.627247
0 0.440104 0.369444 0.028125 0.153704 0.62797
0 0.329688 0.351852 0.0197917 0.0888889 0.632283
0 0.495313 0.369444 0.028125 0.142593 0.633452
0 0.495833 0.368519 0.0291667 0.144444 0.635018
0 0.495313 0.371296 0.0260417 0.138889 0.646168
0 0.495313 0.371296 0.0260417 0.138889 0.652307
0 0.608854 0.366667 0.0260417 0.137037 0.652602
0 0.609375 0.366667 0.025 0.133333 0.657106
0 0.609375 0.366667 0.025 0.133333 0.658534
0 0.609375 0.366667 0.025 0.133333 0.660476
13 0.405729 0.561111 0.0822917 0.162963 0.661433
0 0.04375 0.380556 0.0416667 0.153704 0.662774
0 0.609375 0.368519 0.025 0.137037 0.664912
0 0.0421875 0.380556 0.040625 0.153704 0.668015
0 0.439063 0.37037 0.0302083 0.144444 0.684365
0 0.329688 0.35 0.0177083 0.0888889 0.688534
0 0.329167 0.35 0.01875 0.0888889 0.691313
0 0.609375 0.366667 0.025 0.133333 0.694105
0 0.04375 0.380556 0.0416667 0.153704 0.696178
0 0.439063 0.37037 0.0302083 0.144444 0.696313
0 0.0427083 0.381481 0.0416667 0.148148 0.703871
0 0.650521 0.384259 0.053125 0.216667 0.717442
0 0.439583 0.366667 0.03125 0.140741 0.719957
0 0.04375 0.380556 0.0416667 0.153704 0.723548
0 0.439063 0.366667 0.0302083 0.140741 0.724588
0 0.329688 0.35 0.0197917 0.0888889 0.729153
0 0.234896 0.442593 0.115625 0.407407 0.730171
0 0.649479 0.382407 0.053125 0.212963 0.739967
0 0.0432292 0.381481 0.040625 0.148148 0.740199
0 0.648958 0.383333 0.0520833 0.211111 0.741477
0 0.650521 0.383333 0.053125 0.218519 0.747638
0 0.329688 0.35 0.0197917 0.0888889 0.750872
0 0.329688 0.35 0.0197917 0.0888889 0.752958
0 0.439063 0.37037 0.0302083 0.144444 0.756274
0 0.0432292 0.383333 0.0427083 0.151852 0.75662
0 0.0432292 0.383333 0.0427083 0.151852 0.765585
0 0.0432292 0.381481 0.040625 0.148148 0.76842
0 0.65 0.384259 0.0520833 0.216667 0.778721
0 0.235938 0.440741 0.115625 0.411111 0.779634
0 0.439583 0.37037 0.0291667 0.144444 0.780916
0 0.439583 0.37037 0.0291667 0.144444 0.784156
0 0.650521 0.383333 0.053125 0.218519 0.784276
0 0.651042 0.382407 0.0541667 0.224074 0.785323
0 0.235938 0.440741 0.115625 0.411111 0.791753
0 0.650521 0.382407 0.053125 0.224074 0.792116
0 0.233333 0.443519 0.1125 0.409259 0.79248
0 0.439583 0.367593 0.0291667 0.146296 0.793309
0 0.233333 0.444444 0.1125 0.407407 0.793348
0 0.65 0.383333 0.0541667 0.222222 0.794309
0 0.65 0.384259 0.0520833 0.224074 0.797171
0 0.439063 0.367593 0.0302083 0.142593 0.798948
0 0.65 0.384259 0.0520833 0.22037 0.799176
0 0.235938 0.441667 0.115625 0.409259 0.800654
0 0.233333 0.443519 0.1125 0.409259 0.801938
0 0.439583 0.37037 0.0291667 0.148148 0.804609
0 0.65 0.383333 0.0520833 0.218519 0.820243
0 0.234896 0.442593 0.115625 0.407407 0.830824
0 0.234896 0.438889 0.113542 0.403704 0.863947
0 0.234896 0.438889 0.113542 0.403704 0.882005
0 0.234375 0.440741 0.114583 0.403704 0.891881
0 0.234375 0.443519 0.1125 0.405556 0.894835
0 0.234375 0.44537 0.1125 0.405556 0.897189
0 0.234375 0.44537 0.114583 0.405556 0.898386
0 0.234896 0.440741 0.113542 0.403704 0.899647
