24 0.826563 0.333333 0.046875 0.144444 0.254157
0 0.631771 0.317593 0.0239583 0.109259 0.25568
0 0.527604 0.307407 0.015625 0.0666667 0.258057
0 0.495313 0.342593 0.0239583 0.0925926 0.269415
0 0.594792 0.330556 0.0208333 0.12037 0.275358
0 0.594271 0.325 0.0260417 0.135185 0.277109
0 0.594792 0.330556 0.0208333 0.12037 0.277324
0 0.495313 0.342593 0.0239583 0.0925926 0.279782
0 0.477083 0.338889 0.025 0.0925926 0.286817
24 0.825521 0.334259 0.0447917 0.135185 0.293471
0 0.59375 0.327778 0.025 0.133333 0.295343
0 0.477604 0.339815 0.0260417 0.0944444 0.304064
0 0.477604 0.338889 0.0260417 0.0925926 0.306518
0 0.527604 0.307407 0.015625 0.0666667 0.310025
24 0.826042 0.340741 0.0458333 0.12963 0.311551
0 0.028125 0.343519 0.05625 0.183333 0.31191
0 0.090625 0.317593 0.0208333 0.0833333 0.312003
0 0.028125 0.343519 0.05625 0.183333 0.315452
2 0.950521 0.372222 0.0989583 0.144444 0.316368
2 0.95 0.376852 0.1 0.15 0.31669
2 0.95 0.376852 0.1 0.15 0.32297
0 0.592188 0.328704 0.0239583 0.12037 0.325411
2 0.95 0.376852 0.1 0.15 0.328291
0 0.497917 0.344444 0.0229167 0.0888889 0.331761
0 0.4 0.337037 0.0270833 0.137037 0.333657
0 0.59375 0.325926 0.0270833 0.133333 0.333909
0 0.527604 0.307407 0.015625 0.0666667 0.334102
0 0.447396 0.338889 0.028125 0.133333 0.336462
24 0.823438 0.335185 0.0489583 0.155556 0.336562
24 0.823438 0.335185 0.0489583 0.155556 0.339546
0 0.629167 0.318519 0.0270833 0.107407 0.341478
0 0.793229 0.397222 0.084375 0.431481 0.349244
24 0.822917 0.335185 0.05 0.155556 0.351667
0 0.447396 0.341667 0.0260417 0.131481 0.352706
0 0.592708 0.328704 0.0229167 0.12037 0.353116
24 0.825521 0.337037 0.046875 0.133333 0.361347
0 0.592708 0.328704 0.0229167 0.12037 0.36309
24 0.825521 0.341667 0.0447917 0.135185 0.363121
24 0.825521 0.340741 0.0447917 0.137037 0.364875
0 0.59375 0.327778 0.025 0.133333 0.368606
0 0.0567708 0.324074 0.028125 0.114815 0.369769
0 0.795833 0.398148 0.0833333 0.444444 0.372269
0 0.631771 0.318519 0.021875 0.107407 0.374476
0 0.090625 0.317593 0.0208333 0.0833333 0.374523
0 0.795313 0.399074 0.0822917 0.438889 0.384528
0 0.752604 0.37963 0.046875 0.385185 0.386687
0 0.795313 0.399074 0.0822917 0.453704 0.390647
0 0.594271 0.325 0.0260417 0.135185 0.392792
0 0.447396 0.337963 0.0260417 0.131481 0.396859
0 0.752604 0.380556 0.046875 0.383333 0.399475
0 0.446875 0.340741 0.0270833 0.133333 0.4044
2 0.947396 0.376852 0.105208 0.153704 0.404667
0 0.0276042 0.350926 0.0552083 0.183333 0.404837
0 0.629167 0.318519 0.025 0.107407 0.405695
0 0.629167 0.318519 0.025 0.107407 0.407319
0 0.752604 0.37963 0.046875 0.385185 0.409419
0 0.0276042 0.35 0.0552083 0.181481 0.41133
0 0.05625 0.325926 0.0270833 0.114815 0.41224
0 0.447396 0.340741 0.0260417 0.133333 0.414161
24 0.824479 0.333333 0.0510417 0.140741 0.420737
0 0.0557292 0.323148 0.028125 0.112963 0.423224
0 0.05625 0.321296 0.0270833 0.109259 0.423543
0 0.0276042 0.350926 0.0552083 0.17963 0.42524
0 0.0557292 0.323148 0.028125 0.112963 0.427041
0 0.372917 0.326852 0.025 0.0981481 0.428631
0 0.629687 0.318519 0.0260417 0.111111 0.429227
0 0.05625 0.322222 0.0270833 0.111111 0.43544
0 0.629167 0.318519 0.0270833 0.111111 0.438322
0 0.05625 0.322222 0.0270833 0.111111 0.440669
0 0.372917 0.327778 0.025 0.1 0.453567
0 0.397917 0.338889 0.03125 0.148148 0.454433
2 0.947396 0.376852 0.105208 0.153704 0.458074
0 0.0567708 0.324074 0.028125 0.111111 0.460011
0 0.594271 0.325 0.0260417 0.131481 0.462307
0 0.372917 0.327778 0.025 0.1 0.464697
0 0.447396 0.337037 0.021875 0.118519 0.474258
0 0.447396 0.337037 0.021875 0.122222 0.475941
0 0.751562 0.387037 0.0510417 0.385185 0.476521
0 0.0557292 0.324074 0.0260417 0.122222 0.481872
0 0.447396 0.341667 0.0260417 0.131481 0.483594
0 0.447396 0.337037 0.021875 0.118519 0.484227
0 0.401563 0.339815 0.0260417 0.15 0.485235
0 0.0557292 0.324074 0.0260417 0.122222 0.490535
0 0.0557292 0.324074 0.0260417 0.122222 0.496439
0 0.594271 0.327778 0.0239583 0.133333 0.497072
0 0.401042 0.337963 0.0291667 0.15 0.500326
24 0.825 0.337963 0.0458333 0.142593 0.503257
0 0.401563 0.339815 0.0260417 0.15 0.50341
2 0.946875 0.375 0.10625 0.153704 0.504933
0 0.447396 0.339815 0.0260417 0.131481 0.505246
0 0.0567708 0.324074 0.0260417 0.114815 0.507955
0 0.785937 0.393519 0.0802083 0.427778 0.508169
0 0.028125 0.35 0.05625 0.185185 0.508999
0 0.028125 0.35 0.05625 0.185185 0.510333
0 0.0291667 0.34537 0.0583333 0.187037 0.513987
0 0.400521 0.337963 0.028125 0.15 0.514761
24 0.825 0.337963 0.0458333 0.142593 0.51699
2 0.947396 0.374074 0.105208 0.155556 0.517959
24 0.826042 0.334259 0.0458333 0.15 0.520168
2 0.946875 0.375 0.10625 0.153704 0.520331
0 0.445833 0.340741 0.025 0.12963 0.527226
0 0.594271 0.325 0.0239583 0.127778 0.528073
0 0.401563 0.337963 0.028125 0.15 0.531948
24 0.826042 0.334259 0.0458333 0.15 0.537188
0 0.445833 0.339815 0.025 0.131481 0.539032
0 0.0291667 0.34537 0.0583333 0.187037 0.540149
2 0.949479 0.375 0.101042 0.15 0.542215
0 0.791667 0.397222 0.0875 0.438889 0.546467
0 0.629167 0.317593 0.025 0.109259 0.548306
0 0.446354 0.338889 0.0239583 0.122222 0.552417
0 0.445833 0.339815 0.025 0.131481 0.553566
0 0.629687 0.318519 0.0260417 0.111111 0.557194
0 0.400521 0.337037 0.028125 0.148148 0.558738
0 0.401042 0.337963 0.0270833 0.15 0.562792
0 0.447396 0.338889 0.0239583 0.12963 0.563428
0 0.629167 0.316667 0.025 0.107407 0.564862
2 0.948958 0.375 0.102083 0.15 0.568736
0 0.399479 0.331481 0.028125 0.125926 0.571297
24 0.825521 0.337963 0.046875 0.146296 0.575022
0 0.446875 0.338889 0.0229167 0.122222 0.576118
0 0.446354 0.339815 0.0239583 0.124074 0.580814
0 0.028125 0.347222 0.05625 0.17963 0.582841
24 0.825521 0.337037 0.046875 0.144444 0.593444
0 0.400521 0.339815 0.028125 0.153704 0.595062
24 0.825521 0.337963 0.046875 0.146296 0.599482
0 0.629167 0.316667 0.025 0.107407 0.602297
0 0.0291667 0.347222 0.05625 0.17963 0.613208
0 0.788021 0.394444 0.0802083 0.433333 0.621562
0 0.629167 0.316667 0.025 0.107407 0.636785
0 0.0286458 0.347222 0.0552083 0.17963 0.639043
0 0.399479 0.331481 0.028125 0.12963 0.640035
0 0.399479 0.331481 0.028125 0.12963 0.64102
0 0.789062 0.39537 0.078125 0.438889 0.641921
24 0.825521 0.336111 0.046875 0.142593 0.644884
2 0.947917 0.375926 0.104167 0.155556 0.65464
2 0.948438 0.376852 0.103125 0.153704 0.655669
0 0.028125 0.348148 0.05625 0.181481 0.655914
0 0.59375 0.325 0.0229167 0.131481 0.656426
0 0.0286458 0.348148 0.0572917 0.185185 0.656676
0 0.59375 0.325 0.0229167 0.131481 0.660415
0 0.0286458 0.347222 0.0552083 0.17963 0.660697
24 0.826042 0.336111 0.0458333 0.142593 0.664392
0 0.446875 0.340741 0.025 0.12963 0.66828
0 0.0286458 0.349074 0.0572917 0.183333 0.673269
0 0.400521 0.339815 0.028125 0.153704 0.673369
0 0.370833 0.326852 0.0208333 0.0981481 0.679375
24 0.825521 0.336111 0.046875 0.142593 0.682462
2 0.948438 0.378704 0.103125 0.15 0.687805
0 0.59375 0.328704 0.0229167 0.124074 0.688101
2 0.948438 0.377778 0.103125 0.151852 0.688455
0 0.754167 0.387963 0.05 0.394444 0.690526
2 0.948438 0.376852 0.103125 0.15 0.690564
0 0.629687 0.317593 0.0239583 0.109259 0.692233
0 0.629167 0.317593 0.025 0.109259 0.692732
0 0.754167 0.387037 0.05 0.396296 0.694023
2 0.948438 0.376852 0.103125 0.15 0.702827
2 0.948438 0.377778 0.103125 0.151852 0.706472
0 0.754167 0.387037 0.05 0.392593 0.707869
0 0.788021 0.398148 0.071875 0.425926 0.709238
0 0.59375 0.328704 0.0229167 0.124074 0.709808
0 0.788542 0.398148 0.0729167 0.42963 0.710429
0 0.788542 0.398148 0.0729167 0.433333 0.710754
0 0.788021 0.39537 0.0739583 0.442593 0.720625
0 0.0276042 0.348148 0.0552083 0.181481 0.721443
0 0.59375 0.325 0.025 0.131481 0.72185
0 0.370833 0.326852 0.0208333 0.0981481 0.722035
2 0.948438 0.376852 0.103125 0.15 0.724059
0 0.371354 0.324074 0.0197917 0.1 0.724751
0 0.401042 0.338889 0.0270833 0.151852 0.725008
0 0.0276042 0.347222 0.0552083 0.183333 0.726417
0 0.370833 0.327778 0.0208333 0.1 0.727527
0 0.59375 0.32963 0.0229167 0.122222 0.728406
0 0.629167 0.317593 0.025 0.109259 0.730071
0 0.752083 0.384259 0.0479167 0.368519 0.731836
0 0.629167 0.317593 0.025 0.109259 0.734548
2 0.947917 0.375 0.104167 0.153704 0.73859
0 0.629167 0.317593 0.025 0.109259 0.741554
0 0.370313 0.325 0.0197917 0.0981481 0.742833
0 0.0276042 0.347222 0.0552083 0.183333 0.744397
2 0.948438 0.375926 0.103125 0.151852 0.745255
0 0.594271 0.325 0.0239583 0.135185 0.746337
0 0.752604 0.384259 0.046875 0.368519 0.747267
0 0.371354 0.325926 0.0197917 0.1 0.750542
0 0.0276042 0.348148 0.0552083 0.185185 0.75571
0 0.370313 0.325926 0.0197917 0.1 0.760104
0 0.370313 0.325 0.0197917 0.101852 0.760474
0 0.752604 0.383333 0.046875 0.366667 0.762485
0 0.7875 0.39537 0.0708333 0.431481 0.787734
0 0.786979 0.396296 0.0697917 0.437037 0.797042
0 0.7875 0.39537 0.0708333 0.431481 0.797141
0 0.400521 0.337037 0.028125 0.148148 0.799995
0 0.400521 0.337037 0.028125 0.144444 0.81143
