0 0.533854 0.397222 0.0260417 0.135185 0.251478
0 0.277083 0.385185 0.0125 0.0592593 0.253454
0 0.388542 0.383333 0.025 0.0925926 0.25387
0 0.444792 0.400926 0.01875 0.109259 0.253958
0 0.0854167 0.409259 0.01875 0.0888889 0.25654
13 0.344792 0.462963 0.108333 0.0814815 0.256704
0 0.247396 0.39537 0.021875 0.0907407 0.262624
0 0.247396 0.39537 0.021875 0.0907407 0.264677
0 0.0854167 0.409259 0.01875 0.0851852 0.26567
0 0.753125 0.416667 0.025 0.12963 0.268328
0 0.479688 0.393519 0.015625 0.0759259 0.272435
0 0.346354 0.376852 0.021875 0.0796296 0.272716
0 0.0854167 0.409259 0.01875 0.0888889 0.273061
0 0.339583 0.376852 0.0166667 0.0759259 0.273291
13 0.355208 0.466667 0.0895833 0.0740741 0.274045
0 0.2375 0.396296 0.01875 0.0925926 0.27482
0 0.480208 0.392593 0.0145833 0.0777778 0.275338
0 0.391146 0.386111 0.0260417 0.0907407 0.278631
0 0.278125 0.383333 0.0145833 0.062963 0.280727
0 0.278125 0.383333 0.0145833 0.062963 0.282044
13 0.350521 0.467593 0.0947917 0.0759259 0.283527
13 0.350521 0.466667 0.0947917 0.0777778 0.283682
0 0.504167 0.42037 0.0291667 0.133333 0.284011
0 0.956771 0.574074 0.0864583 0.496296 0.285476
0 0.247396 0.39537 0.021875 0.0907407 0.286034
13 0.355208 0.467593 0.0895833 0.0722222 0.288548
0 0.040625 0.449074 0.05 0.216667 0.288931
0 0.753125 0.406481 0.0270833 0.112963 0.290404
0 0.961458 0.557407 0.0770833 0.537037 0.290961
0 0.534375 0.402778 0.025 0.142593 0.291838
0 0.388021 0.389815 0.028125 0.0981481 0.29195
0 0.534375 0.403704 0.025 0.140741 0.294499
0 0.390625 0.386111 0.0270833 0.0944444 0.294837
13 0.40625 0.588889 0.16875 0.1 0.295419
13 0.405729 0.587963 0.167708 0.105556 0.296547
0 0.753125 0.410185 0.025 0.127778 0.299162
0 0.339063 0.375926 0.015625 0.0777778 0.30059
0 0.267188 0.384259 0.0197917 0.0648148 0.301434
0 0.961979 0.556481 0.0760417 0.524074 0.302987
0 0.391146 0.387037 0.0260417 0.0925926 0.305983
0 0.355208 0.375 0.0208333 0.0796296 0.307496
0 0.342187 0.375 0.0177083 0.0796296 0.30842
0 0.957292 0.574074 0.0854167 0.496296 0.309511
0 0.355729 0.375 0.0197917 0.0796296 0.310485
0 0.0401042 0.449074 0.0510417 0.216667 0.311458
0 0.388021 0.389815 0.028125 0.101852 0.311974
0 0.388021 0.389815 0.028125 0.101852 0.318442
13 0.407292 0.587963 0.172917 0.105556 0.320654
0 0.479688 0.393519 0.015625 0.0759259 0.321077
0 0.441667 0.402778 0.025 0.116667 0.321115
0 0.342187 0.375 0.0197917 0.0796296 0.321997
0 0.339583 0.376852 0.0166667 0.0759259 0.324502
0 0.341667 0.375 0.01875 0.0796296 0.327945
0 0.0838542 0.410185 0.0197917 0.0944444 0.329522
0 0.441146 0.402778 0.0239583 0.112963 0.329644
0 0.355729 0.375 0.0197917 0.0796296 0.332755
0 0.753125 0.407407 0.0270833 0.114815 0.335346
13 0.406771 0.587963 0.171875 0.105556 0.335511
0 0.442187 0.402778 0.021875 0.112963 0.339927
13 0.408854 0.589815 0.176042 0.101852 0.340749
0 0.753125 0.410185 0.025 0.127778 0.344727
0 0.753125 0.407407 0.0270833 0.114815 0.345564
0 0.341667 0.375926 0.01875 0.0777778 0.348983
13 0.407813 0.587963 0.171875 0.105556 0.351054
0 0.0848958 0.411111 0.0197917 0.0962963 0.351193
0 0.516146 0.419444 0.0510417 0.15 0.35506
0 0.752604 0.410185 0.0260417 0.127778 0.355721
0 0.0401042 0.449074 0.0510417 0.212963 0.35684
0 0.084375 0.410185 0.0208333 0.0944444 0.357809
0 0.0838542 0.411111 0.0197917 0.0962963 0.359698
13 0.45625 0.64537 0.260417 0.22037 0.363289
0 0.753125 0.412037 0.0270833 0.127778 0.365014
0 0.132292 0.417593 0.0291667 0.124074 0.365353
0 0.084375 0.410185 0.01875 0.0981481 0.365627
0 0.084375 0.412037 0.0208333 0.0907407 0.36591
13 0.408333 0.588889 0.175 0.1 0.368565
0 0.0838542 0.411111 0.0197917 0.1 0.372472
13 0.451042 0.646296 0.25625 0.225926 0.375119
0 0.442187 0.402778 0.021875 0.116667 0.377403
0 0.442187 0.402778 0.021875 0.116667 0.381773
0 0.084375 0.410185 0.01875 0.0981481 0.385151
0 0.267708 0.385185 0.01875 0.062963 0.386522
13 0.451042 0.647222 0.25625 0.224074 0.386837
0 0.753125 0.411111 0.0270833 0.122222 0.393344
0 0.267708 0.385185 0.01875 0.062963 0.397132
0 0.270833 0.383333 0.0166667 0.062963 0.40091
0 0.753125 0.412037 0.0270833 0.127778 0.407775
0 0.753125 0.413889 0.0270833 0.127778 0.408465
0 0.516146 0.419444 0.0510417 0.15 0.411534
0 0.266667 0.384259 0.01875 0.0611111 0.414062
0 0.386979 0.388889 0.0260417 0.0925926 0.417957
0 0.244271 0.396296 0.0197917 0.0888889 0.41869
0 0.267708 0.384259 0.01875 0.0611111 0.421411
0 0.267188 0.385185 0.0177083 0.062963 0.425283
0 0.44375 0.403704 0.0291667 0.114815 0.432276
0 0.516146 0.419444 0.0510417 0.146296 0.432386
0 0.958854 0.576852 0.0822917 0.483333 0.434614
0 0.132812 0.418519 0.028125 0.12963 0.436391
0 0.132292 0.418519 0.0270833 0.125926 0.439591
0 0.753125 0.411111 0.0270833 0.122222 0.44183
13 0.440625 0.609259 0.2375 0.144444 0.4521
0 0.267188 0.384259 0.0177083 0.0611111 0.455484
0 0.753125 0.412037 0.025 0.127778 0.461131
0 0.244792 0.398148 0.01875 0.0925926 0.464442
0 0.480729 0.389815 0.0177083 0.087037 0.465879
0 0.384375 0.389815 0.01875 0.0944444 0.466452
0 0.244271 0.398148 0.0197917 0.0962963 0.472862
0 0.383854 0.389815 0.0197917 0.0981481 0.47943
0 0.244792 0.398148 0.01875 0.0925926 0.479794
0 0.48125 0.388889 0.0166667 0.0777778 0.481945
0 0.383854 0.388889 0.0177083 0.1 0.483283
0 0.244271 0.397222 0.0197917 0.0907407 0.492476
0 0.034375 0.44537 0.04375 0.209259 0.493484
0 0.384375 0.389815 0.01875 0.0981481 0.493971
0 0.383333 0.388889 0.01875 0.1 0.494174
0 0.48125 0.387963 0.0166667 0.0796296 0.500349
0 0.0348958 0.44537 0.046875 0.209259 0.508239
0 0.0369792 0.447222 0.0552083 0.212963 0.514192
0 0.383854 0.388889 0.0177083 0.1 0.51591
0 0.0348958 0.444444 0.046875 0.211111 0.528207
0 0.48125 0.388889 0.0166667 0.0777778 0.529715
0 0.503646 0.425926 0.0322917 0.155556 0.533299
0 0.503646 0.425926 0.0322917 0.155556 0.53366
0 0.504167 0.421296 0.0291667 0.146296 0.545695
0 0.48125 0.390741 0.0166667 0.0777778 0.549255
0 0.0375 0.448148 0.05 0.211111 0.550399
0 0.504167 0.421296 0.0291667 0.146296 0.556216
0 0.534375 0.400926 0.0270833 0.142593 0.558908
0 0.440625 0.4 0.0270833 0.111111 0.561511
0 0.534375 0.401852 0.0270833 0.140741 0.574704
0 0.503646 0.423148 0.0322917 0.15 0.576559
0 0.48125 0.390741 0.0166667 0.0777778 0.585204
0 0.440104 0.400926 0.0260417 0.109259 0.596812
0 0.48125 0.390741 0.0166667 0.0777778 0.599997
0 0.440625 0.4 0.025 0.111111 0.609788
0 0.958333 0.583333 0.0833333 0.455556 0.610215
0 0.0375 0.448148 0.05 0.211111 0.618853
0 0.534375 0.401852 0.0270833 0.133333 0.623304
0 0.134375 0.42037 0.03125 0.125926 0.637125
0 0.534375 0.400926 0.0270833 0.142593 0.638367
0 0.534375 0.4 0.0270833 0.144444 0.641155
0 0.958333 0.582407 0.0833333 0.464815 0.641168
0 0.0385417 0.449074 0.0520833 0.212963 0.641914
0 0.958333 0.583333 0.0833333 0.466667 0.643598
0 0.505729 0.423148 0.0302083 0.153704 0.653587
0 0.0380208 0.449074 0.053125 0.212963 0.660061
0 0.50625 0.423148 0.0291667 0.15 0.668701
0 0.133333 0.421296 0.0291667 0.124074 0.68642
0 0.534375 0.402778 0.025 0.135185 0.688187
0 0.133854 0.42037 0.0302083 0.125926 0.693323
0 0.0375 0.449074 0.05 0.212963 0.706421
0 0.133854 0.421296 0.0302083 0.124074 0.709199
0 0.133333 0.421296 0.03125 0.124074 0.712577
0 0.133333 0.419444 0.0291667 0.124074 0.71677
0 0.441667 0.402778 0.0229167 0.112963 0.717299
0 0.133854 0.42037 0.0302083 0.125926 0.730213
0 0.0375 0.449074 0.05 0.212963 0.733377
0 0.133333 0.42037 0.0291667 0.122222 0.734505
0 0.133333 0.419444 0.0291667 0.124074 0.73862
0 0.133854 0.42037 0.0302083 0.125926 0.744435
0 0.504687 0.422222 0.0322917 0.148148 0.748074
0 0.0364583 0.446296 0.05 0.211111 0.74936
0 0.0364583 0.447222 0.05 0.216667 0.753752
0 0.441146 0.400926 0.021875 0.109259 0.754187
0 0.0375 0.45 0.05 0.211111 0.754193
0 0.133333 0.419444 0.0291667 0.124074 0.756694
0 0.133854 0.42037 0.0302083 0.125926 0.757569
0 0.504687 0.422222 0.0322917 0.148148 0.760577
0 0.0364583 0.449074 0.05 0.22037 0.761592
0 0.533854 0.400926 0.0260417 0.135185 0.763227
0 0.133854 0.42037 0.028125 0.12963 0.763622
0 0.533854 0.400926 0.0260417 0.135185 0.764412
0 0.0375 0.449074 0.05 0.212963 0.769134
0 0.0364583 0.448148 0.0520833 0.218519 0.770589
0 0.441146 0.401852 0.021875 0.111111 0.772282
0 0.959896 0.566667 0.0802083 0.503704 0.773355
0 0.441667 0.403704 0.0208333 0.114815 0.778002
0 0.534375 0.401852 0.025 0.140741 0.779992
0 0.533854 0.400926 0.0260417 0.142593 0.785793
0 0.959375 0.566667 0.08125 0.5 0.790558
0 0.505208 0.422222 0.03125 0.148148 0.793115
0 0.441146 0.401852 0.021875 0.111111 0.794259
0 0.958854 0.568519 0.0822917 0.496296 0.799708
0 0.959375 0.567593 0.08125 0.498148 0.802851
0 0.958854 0.576852 0.0822917 0.494444 0.80402
0 0.958854 0.575926 0.0822917 0.492593 0.805973
0 0.959375 0.567593 0.08125 0.498148 0.81124
0 0.958854 0.568519 0.0822917 0.496296 0.815672
0 0.504167 0.425926 0.03125 0.148148 0.815891
0 0.533854 0.402778 0.0260417 0.138889 0.816421
0 0.533854 0.402778 0.0260417 0.138889 0.817647
0 0.133854 0.419444 0.028125 0.127778 0.818136
0 0.504167 0.425926 0.03125 0.151852 0.818369
0 0.133854 0.42037 0.028125 0.12963 0.823321
