0 0.213542 0.359259 0.0354167 0.111111 0.251354
0 0.176563 0.49537 0.132292 0.483333 0.252497
0 0.213542 0.359259 0.0354167 0.111111 0.255919
0 0.438021 0.366667 0.0302083 0.133333 0.264104
0 0.590104 0.346296 0.015625 0.0814815 0.264308
0 0.676562 0.393519 0.0552083 0.246296 0.266475
0 0.177083 0.49537 0.13125 0.483333 0.268463
0 0.213542 0.359259 0.0354167 0.111111 0.26938
0 0.589583 0.347222 0.0145833 0.0796296 0.271578
0 0.325 0.337963 0.0166667 0.0648148 0.271735
0 0.324479 0.341667 0.015625 0.0796296 0.277122
0 0.676562 0.39537 0.065625 0.264815 0.282443
0 0.440625 0.37037 0.0333333 0.140741 0.28519
0 0.213542 0.362963 0.0354167 0.114815 0.287437
0 0.213542 0.363889 0.0354167 0.116667 0.28782
0 0.325 0.338889 0.0166667 0.0666667 0.289003
0 0.494792 0.381481 0.0291667 0.12963 0.290877
0 0.213542 0.362963 0.0354167 0.114815 0.292801
0 0.590104 0.347222 0.015625 0.0796296 0.292801
0 0.494792 0.381481 0.0291667 0.133333 0.300079
0 0.376042 0.337037 0.0208333 0.0814815 0.303751
0 0.375521 0.337037 0.0197917 0.0814815 0.306
0 0.659896 0.393519 0.0302083 0.246296 0.30654
0 0.436979 0.374074 0.028125 0.155556 0.310627
0 0.494792 0.380556 0.0291667 0.131481 0.311157
0 0.325 0.337963 0.0166667 0.0648148 0.311438
0 0.339583 0.356481 0.0291667 0.109259 0.313143
0 0.522917 0.338889 0.0166667 0.062963 0.313981
0 0.345313 0.351852 0.0177083 0.0962963 0.316969
0 0.671875 0.391667 0.0520833 0.264815 0.317044
0 0.345313 0.351852 0.0177083 0.1 0.330937
0 0.344271 0.355556 0.0239583 0.107407 0.33215
0 0.522396 0.338889 0.015625 0.062963 0.33231
0 0.522917 0.339815 0.0166667 0.0685185 0.333253
0 0.376042 0.337037 0.0208333 0.0814815 0.336116
0 0.436458 0.374074 0.0270833 0.151852 0.33749
0 0.606771 0.371296 0.028125 0.131481 0.339147
0 0.340625 0.357407 0.0270833 0.107407 0.339587
0 0.668229 0.39537 0.046875 0.253704 0.348243
0 0.324479 0.341667 0.015625 0.0759259 0.349387
0 0.667188 0.39537 0.046875 0.25 0.349788
0 0.674479 0.396296 0.053125 0.244444 0.351623
0 0.345313 0.351852 0.0177083 0.0962963 0.352118
0 0.213021 0.405556 0.0385417 0.218519 0.361254
0 0.213021 0.406481 0.0385417 0.216667 0.361845
0 0.213021 0.406481 0.0385417 0.216667 0.362104
0 0.340104 0.356481 0.028125 0.109259 0.362864
0 0.665625 0.39537 0.04375 0.253704 0.363822
0 0.522396 0.340741 0.0135417 0.0666667 0.364701
0 0.679688 0.393519 0.053125 0.268519 0.364839
0 0.608333 0.375 0.0270833 0.131481 0.367755
0 0.436458 0.374074 0.0270833 0.155556 0.372377
0 0.378125 0.338889 0.0166667 0.0851852 0.379594
0 0.606771 0.373148 0.028125 0.131481 0.381121
0 0.522396 0.340741 0.0135417 0.0666667 0.383689
0 0.496354 0.375926 0.0302083 0.122222 0.387831
0 0.522396 0.340741 0.0135417 0.0666667 0.392691
0 0.378646 0.337037 0.0197917 0.0814815 0.397037
0 0.377604 0.337963 0.015625 0.0833333 0.403952
0 0.522396 0.339815 0.0135417 0.0648148 0.411401
0 0.495313 0.372222 0.0302083 0.122222 0.437001
0 0.436458 0.364815 0.0291667 0.144444 0.440114
0 0.213542 0.387037 0.0375 0.162963 0.450494
0 0.607292 0.372222 0.0270833 0.12963 0.452508
0 0.60625 0.372222 0.0270833 0.12963 0.456052
0 0.436458 0.364815 0.0291667 0.144444 0.460723
0 0.378125 0.337037 0.0166667 0.0851852 0.461766
0 0.607292 0.372222 0.0270833 0.12963 0.470201
0 0.377604 0.337963 0.015625 0.0833333 0.474062
0 0.608333 0.375 0.025 0.127778 0.475985
0 0.213021 0.386111 0.0364583 0.164815 0.477836
0 0.177604 0.490741 0.134375 0.474074 0.478872
0 0.607813 0.375 0.0239583 0.127778 0.481361
0 0.495833 0.375 0.0291667 0.124074 0.483105
0 0.496354 0.375 0.028125 0.124074 0.486244
0 0.213021 0.390741 0.0364583 0.17037 0.487738
0 0.378125 0.335185 0.01875 0.0814815 0.488201
0 0.495313 0.372222 0.0302083 0.122222 0.489448
0 0.494792 0.372222 0.0291667 0.122222 0.496857
0 0.378125 0.337037 0.0166667 0.0851852 0.501842
0 0.378125 0.337037 0.01875 0.0851852 0.504056
0 0.607813 0.371296 0.0239583 0.124074 0.523086
0 0.678125 0.393519 0.0583333 0.261111 0.526794
0 0.606771 0.373148 0.0260417 0.131481 0.560384
0 0.438021 0.367593 0.0302083 0.142593 0.563494
0 0.438021 0.366667 0.0302083 0.144444 0.565422
0 0.607813 0.372222 0.0239583 0.12963 0.569604
0 0.607813 0.372222 0.0239583 0.12963 0.572154
0 0.494792 0.375926 0.03125 0.133333 0.578623
0 0.34375 0.359259 0.0208333 0.103704 0.579065
0 0.494271 0.375926 0.0302083 0.133333 0.596371
0 0.678646 0.39537 0.0572917 0.261111 0.597414
0 0.678646 0.39537 0.0572917 0.261111 0.597804
0 0.495313 0.377778 0.028125 0.12963 0.606704
0 0.678646 0.39537 0.0572917 0.261111 0.608607
0 0.178125 0.489815 0.135417 0.487037 0.620771
0 0.675521 0.39537 0.0614583 0.253704 0.625021
0 0.344271 0.359259 0.0197917 0.107407 0.62927
0 0.34375 0.359259 0.01875 0.107407 0.630874
0 0.178125 0.490741 0.135417 0.485185 0.637461
0 0.494271 0.378704 0.028125 0.135185 0.642401
0 0.60625 0.373148 0.0270833 0.131481 0.642627
0 0.676042 0.39537 0.0625 0.253704 0.645418
0 0.494271 0.376852 0.0302083 0.131481 0.64583
0 0.494271 0.376852 0.0302083 0.131481 0.646899
0 0.494792 0.375926 0.03125 0.133333 0.647464
0 0.494271 0.378704 0.028125 0.135185 0.648456
0 0.677083 0.39537 0.0604167 0.257407 0.651058
0 0.607813 0.374074 0.0239583 0.133333 0.661559
0 0.179167 0.491667 0.127083 0.453704 0.668018
0 0.4375 0.371296 0.0291667 0.146296 0.668296
0 0.49375 0.377778 0.0291667 0.133333 0.669082
0 0.676042 0.39537 0.0625 0.257407 0.670946
0 0.4375 0.371296 0.0291667 0.146296 0.674263
0 0.344271 0.357407 0.0197917 0.107407 0.680979
0 0.677083 0.39537 0.0604167 0.257407 0.692509
0 0.494271 0.376852 0.0302083 0.131481 0.697088
0 0.178125 0.484259 0.129167 0.464815 0.698088
0 0.178125 0.484259 0.129167 0.457407 0.699414
0 0.607292 0.372222 0.025 0.12963 0.700162
0 0.179167 0.489815 0.129167 0.45 0.700795
0 0.178646 0.485185 0.130208 0.462963 0.710841
0 0.178646 0.487963 0.132292 0.457407 0.716026
0 0.495313 0.378704 0.028125 0.131481 0.72299
0 0.178125 0.487963 0.13125 0.464815 0.723552
0 0.677083 0.393519 0.0604167 0.261111 0.724935
0 0.495313 0.378704 0.028125 0.131481 0.726148
0 0.677083 0.39537 0.0604167 0.257407 0.728493
0 0.4375 0.37037 0.0291667 0.148148 0.730258
0 0.178646 0.488889 0.132292 0.462963 0.735059
0 0.438542 0.371296 0.0291667 0.146296 0.741218
0 0.677083 0.39537 0.0604167 0.261111 0.744976
0 0.344271 0.359259 0.0197917 0.111111 0.750785
0 0.344271 0.359259 0.0197917 0.111111 0.762697
0 0.436979 0.369444 0.028125 0.15 0.762919
0 0.436979 0.369444 0.028125 0.15 0.763655
0 0.674479 0.396296 0.0552083 0.259259 0.768537
0 0.344271 0.357407 0.0197917 0.107407 0.773681
0 0.4375 0.369444 0.0291667 0.146296 0.773999
0 0.344271 0.359259 0.0197917 0.111111 0.775875
0 0.438021 0.371296 0.028125 0.15 0.778797
0 0.607292 0.373148 0.0229167 0.131481 0.781489
0 0.4375 0.368519 0.0291667 0.144444 0.782057
0 0.607292 0.372222 0.025 0.12963 0.785456
0 0.607813 0.373148 0.0239583 0.131481 0.786435
0 0.438021 0.37037 0.028125 0.148148 0.79143
0 0.676562 0.39537 0.0572917 0.264815 0.820526
0 0.178125 0.490741 0.13125 0.462963 0.868332
0 0.178125 0.490741 0.13125 0.462963 0.868386
0 0.178646 0.490741 0.130208 0.459259 0.870418
0 0.178646 0.490741 0.130208 0.459259 0.883027
