0 0.533854 0.388889 0.034375 0.118519 0.252574
0 0.418229 0.341667 0.015625 0.0833333 0.255819
0 0.535937 0.396296 0.0322917 0.114815 0.258299
0 0.534896 0.393519 0.028125 0.112963 0.260808
0 0.539583 0.394444 0.03125 0.114815 0.262221
0 0.365104 0.34537 0.015625 0.0648148 0.263802
0 0.534375 0.394444 0.0291667 0.111111 0.265491
0 0.538021 0.393519 0.034375 0.12037 0.266899
0 0.538542 0.393519 0.03125 0.116667 0.26752
0 0.417708 0.337963 0.01875 0.087037 0.267758
0 0.59375 0.35 0.0145833 0.0703704 0.26794
0 0.361979 0.348148 0.015625 0.062963 0.269399
0 0.538542 0.393519 0.0333333 0.12037 0.273916
0 0.810417 0.386111 0.0375 0.209259 0.274493
0 0.365104 0.344444 0.015625 0.0666667 0.275838
0 0.418229 0.338889 0.0197917 0.0888889 0.276485
0 0.54375 0.389815 0.025 0.12037 0.277024
0 0.808333 0.385185 0.04375 0.203704 0.278418
0 0.593229 0.348148 0.015625 0.0703704 0.2791
0 0.807292 0.391667 0.04375 0.201852 0.282058
0 0.810938 0.385185 0.0364583 0.207407 0.282131
0 0.419271 0.332407 0.0197917 0.0907407 0.284951
0 0.640104 0.366667 0.028125 0.137037 0.287627
0 0.535937 0.39537 0.0322917 0.116667 0.292254
0 0.640104 0.367593 0.028125 0.135185 0.292451
0 0.4625 0.381481 0.0708333 0.155556 0.293803
0 0.807292 0.391667 0.04375 0.201852 0.29652
0 0.417708 0.337963 0.01875 0.087037 0.298472
0 0.807292 0.391667 0.04375 0.201852 0.301753
0 0.365625 0.343519 0.0145833 0.0611111 0.304466
0 0.361979 0.348148 0.015625 0.062963 0.307319
0 0.563542 0.394444 0.0333333 0.122222 0.312905
0 0.591667 0.351852 0.0166667 0.0740741 0.318701
0 0.365625 0.344444 0.0145833 0.0592593 0.321437
0 0.591146 0.350926 0.0177083 0.0722222 0.325134
0 0.54375 0.388889 0.0270833 0.122222 0.329336
0 0.544271 0.389815 0.0260417 0.12037 0.333816
0 0.566146 0.394444 0.0302083 0.125926 0.338519
0 0.807813 0.385185 0.0447917 0.207407 0.340094
0 0.463542 0.381481 0.0666667 0.151852 0.342726
0 0.640625 0.368519 0.0270833 0.137037 0.352928
0 0.538021 0.393519 0.034375 0.12037 0.353866
0 0.563542 0.39537 0.0333333 0.12037 0.354796
0 0.566146 0.393519 0.0302083 0.124074 0.356514
0 0.365104 0.34537 0.015625 0.0648148 0.364479
0 0.591146 0.352778 0.0177083 0.0722222 0.365845
0 0.805208 0.388889 0.0479167 0.203704 0.369138
0 0.463542 0.382407 0.0666667 0.153704 0.37404
0 0.564062 0.39537 0.034375 0.12037 0.378728
0 0.640104 0.37037 0.0302083 0.12963 0.382316
0 0.365104 0.34537 0.015625 0.0648148 0.386756
0 0.566146 0.393519 0.0302083 0.124074 0.397667
0 0.440625 0.37963 0.03125 0.166667 0.407508
0 0.440625 0.37963 0.03125 0.166667 0.408464
0 0.807813 0.385185 0.0447917 0.207407 0.409202
0 0.804688 0.389815 0.0489583 0.205556 0.41493
0 0.804688 0.389815 0.0489583 0.205556 0.422468
0 0.441146 0.374074 0.034375 0.162963 0.437807
0 0.592188 0.350926 0.015625 0.0722222 0.446426
0 0.441146 0.375 0.034375 0.161111 0.453572
0 0.565104 0.392593 0.0302083 0.125926 0.465516
0 0.565625 0.392593 0.0291667 0.125926 0.487174
0 0.566667 0.388889 0.0270833 0.122222 0.490731
0 0.566667 0.389815 0.03125 0.135185 0.490943
0 0.593229 0.35 0.0135417 0.0703704 0.503441
0 0.566667 0.389815 0.0291667 0.135185 0.503518
0 0.639583 0.369444 0.0291667 0.135185 0.507128
0 0.566146 0.389815 0.0302083 0.135185 0.509865
0 0.593229 0.347222 0.0135417 0.0685185 0.512525
0 0.565104 0.392593 0.0302083 0.125926 0.518393
0 0.566667 0.389815 0.0270833 0.12037 0.520112
0 0.593229 0.35 0.0135417 0.0666667 0.522557
0 0.593229 0.347222 0.0135417 0.0685185 0.522586
0 0.566667 0.389815 0.0270833 0.12037 0.527906
0 0.483333 0.383333 0.0291667 0.148148 0.538898
0 0.591667 0.35 0.0145833 0.0703704 0.548377
0 0.639583 0.371296 0.0270833 0.135185 0.550819
0 0.482812 0.382407 0.028125 0.15 0.552167
0 0.639583 0.371296 0.0270833 0.135185 0.556983
0 0.566146 0.393519 0.028125 0.124074 0.56883
0 0.566667 0.394444 0.0291667 0.122222 0.582487
0 0.639583 0.37037 0.0270833 0.133333 0.585719
0 0.566667 0.394444 0.0291667 0.122222 0.604643
0 0.640625 0.368519 0.0270833 0.137037 0.620193
0 0.640625 0.368519 0.0270833 0.140741 0.624823
0 0.482292 0.382407 0.0291667 0.15 0.632607
0 0.806771 0.388889 0.0447917 0.203704 0.637237
0 0.640104 0.37037 0.0302083 0.140741 0.638513
0 0.640625 0.37037 0.0291667 0.137037 0.644716
0 0.481771 0.383333 0.0302083 0.151852 0.649444
0 0.806771 0.387963 0.0447917 0.209259 0.677892
0 0.806771 0.387037 0.0447917 0.203704 0.678658
0 0.806771 0.388889 0.0447917 0.203704 0.691584
0 0.482292 0.383333 0.0291667 0.148148 0.696741
0 0.440625 0.377778 0.0333333 0.159259 0.705435
0 0.640104 0.371296 0.028125 0.131481 0.712721
0 0.440625 0.377778 0.0333333 0.159259 0.715548
0 0.640104 0.371296 0.028125 0.135185 0.721928
0 0.80625 0.388889 0.0458333 0.203704 0.722764
0 0.807813 0.387037 0.0427083 0.2 0.739994
0 0.806771 0.388889 0.0447917 0.203704 0.74423
0 0.80625 0.387963 0.0458333 0.205556 0.744495
0 0.807813 0.387037 0.0427083 0.203704 0.749699
0 0.640104 0.37037 0.028125 0.137037 0.752755
0 0.440625 0.377778 0.0333333 0.159259 0.753203
0 0.639583 0.369444 0.0291667 0.138889 0.756509
0 0.639583 0.368519 0.0291667 0.137037 0.760038
0 0.80625 0.388889 0.0458333 0.203704 0.761488
0 0.640104 0.371296 0.028125 0.131481 0.766191
0 0.640104 0.37037 0.028125 0.133333 0.771904
0 0.640104 0.371296 0.028125 0.131481 0.77325
0 0.482292 0.385185 0.0291667 0.151852 0.778884
0 0.482292 0.385185 0.0291667 0.151852 0.781197
0 0.441146 0.377778 0.0322917 0.166667 0.787476
0 0.441667 0.376852 0.03125 0.161111 0.78906
0 0.441667 0.376852 0.03125 0.164815 0.790691
0 0.441146 0.377778 0.0322917 0.166667 0.79764
0 0.482292 0.385185 0.0291667 0.151852 0.803371
0 0.441146 0.378704 0.0322917 0.168519 0.811247
0 0.481771 0.384259 0.028125 0.153704 0.821177
0 0.482292 0.384259 0.0291667 0.15 0.829556
0 0.482812 0.383333 0.028125 0.151852 0.838757
0 0.482812 0.383333 0.028125 0.148148 0.843533
0 0.440104 0.37963 0.0322917 0.166667 0.890342
0 0.440104 0.37963 0.0322917 0.162963 0.890551
