0 0.405729 0.42963 0.0114583 0.0666667 0.254727
28 0.660417 0.562963 0.0583333 0.0592593 0.256942
0 0.566667 0.428704 0.0166667 0.0833333 0.257119
0 0.295312 0.480556 0.0302083 0.164815 0.261937
0 0.596875 0.433333 0.0125 0.0740741 0.264804
0 0.405729 0.42963 0.0114583 0.0666667 0.265517
28 0.663542 0.562963 0.0666667 0.0592593 0.267153
0 0.760417 0.461111 0.03125 0.122222 0.267771
0 0.627604 0.438889 0.0177083 0.0925926 0.277078
0 0.294792 0.481481 0.03125 0.162963 0.277624
28 0.663542 0.562963 0.0645833 0.0592593 0.281091
0 0.485938 0.439815 0.021875 0.12037 0.285238
0 0.405208 0.430556 0.0104167 0.0648148 0.285989
0 0.405729 0.430556 0.0114583 0.0648148 0.287546
0 0.759896 0.466667 0.0302083 0.137037 0.29078
0 0.760938 0.461111 0.0302083 0.118519 0.295116
0 0.486458 0.434259 0.0229167 0.109259 0.296588
0 0.486458 0.438889 0.0208333 0.122222 0.29944
0 0.323438 0.482407 0.034375 0.172222 0.304704
0 0.485938 0.439815 0.021875 0.12037 0.311272
2 0.0692708 0.533333 0.138542 0.388889 0.31274
2 0.0692708 0.533333 0.138542 0.388889 0.313353
0 0.319792 0.480556 0.03125 0.168519 0.314212
0 0.323438 0.482407 0.034375 0.172222 0.322005
0 0.321875 0.476852 0.0270833 0.164815 0.323678
0 0.340104 0.484259 0.0552083 0.175926 0.327285
0 0.321875 0.477778 0.0270833 0.166667 0.327729
0 0.320312 0.481481 0.0302083 0.162963 0.327984
2 0.0692708 0.533333 0.138542 0.388889 0.328069
0 0.347917 0.485185 0.0354167 0.177778 0.338847
0 0.569271 0.42963 0.015625 0.0777778 0.340947
0 0.569271 0.42963 0.015625 0.0777778 0.351826
0 0.610417 0.442593 0.01875 0.0925926 0.352695
0 0.621875 0.440741 0.0270833 0.0925926 0.357549
0 0.348437 0.486111 0.034375 0.175926 0.359237
0 0.352083 0.481481 0.0375 0.181481 0.36033
0 0.621875 0.440741 0.0270833 0.0925926 0.363659
0 0.567187 0.428704 0.015625 0.0759259 0.364687
0 0.348437 0.481481 0.0364583 0.177778 0.367122
0 0.598958 0.441667 0.0166667 0.0907407 0.369248
0 0.347917 0.485185 0.0354167 0.177778 0.370487
0 0.320312 0.480556 0.0302083 0.164815 0.37077
0 0.351562 0.482407 0.0385417 0.17963 0.376602
0 0.278646 0.482407 0.0322917 0.157407 0.379207
0 0.626042 0.437037 0.0166667 0.0925926 0.379799
0 0.621875 0.440741 0.0270833 0.0925926 0.380086
0 0.348958 0.482407 0.0354167 0.175926 0.387561
0 0.278646 0.483333 0.0322917 0.155556 0.389683
0 0.598437 0.442593 0.015625 0.0888889 0.392879
0 0.626042 0.437963 0.0166667 0.0944444 0.394075
0 0.568229 0.431481 0.0135417 0.0777778 0.396891
0 0.342187 0.485185 0.0510417 0.177778 0.400818
0 0.626042 0.437963 0.0166667 0.0944444 0.401783
0 0.56875 0.430556 0.0145833 0.0759259 0.421343
0 0.342708 0.484259 0.05 0.17963 0.423623
0 0.760417 0.464815 0.03125 0.12963 0.42405
0 0.759896 0.476852 0.0302083 0.172222 0.426869
0 0.298438 0.47963 0.028125 0.17037 0.429132
0 0.609375 0.443519 0.01875 0.0907407 0.433721
0 0.569271 0.42963 0.0135417 0.0777778 0.43395
0 0.598437 0.442593 0.015625 0.0888889 0.43441
0 0.298438 0.47963 0.028125 0.17037 0.436836
0 0.759375 0.477778 0.0291667 0.174074 0.439167
0 0.609375 0.443519 0.01875 0.0907407 0.450312
0 0.609375 0.443519 0.01875 0.0907407 0.451796
0 0.56875 0.430556 0.0145833 0.0759259 0.455617
0 0.569271 0.42963 0.0135417 0.0777778 0.4641
0 0.626042 0.437037 0.0166667 0.0925926 0.475734
0 0.318229 0.477778 0.034375 0.166667 0.482377
0 0.318229 0.478704 0.034375 0.168519 0.48546
0 0.352083 0.487037 0.0395833 0.181481 0.489225
0 0.351562 0.487037 0.0385417 0.181481 0.490604
0 0.625521 0.437037 0.0177083 0.0962963 0.492399
0 0.276042 0.485185 0.0270833 0.159259 0.493449
0 0.351562 0.487037 0.0385417 0.181481 0.498648
0 0.728646 0.484259 0.046875 0.22037 0.500544
0 0.626562 0.437037 0.0177083 0.0962963 0.504558
0 0.28125 0.485185 0.0375 0.155556 0.505063
0 0.625521 0.438889 0.0197917 0.0925926 0.507645
0 0.276042 0.484259 0.0270833 0.157407 0.507948
0 0.728646 0.484259 0.0447917 0.22037 0.508568
0 0.281771 0.485185 0.0364583 0.155556 0.513007
0 0.292188 0.483333 0.0302083 0.162963 0.518136
0 0.731771 0.481481 0.0427083 0.211111 0.519555
0 0.28125 0.485185 0.0375 0.155556 0.525529
0 0.318229 0.477778 0.034375 0.166667 0.527886
0 0.292708 0.483333 0.03125 0.162963 0.532602
0 0.281771 0.485185 0.0364583 0.151852 0.533106
0 0.282292 0.484259 0.0354167 0.153704 0.543601
0 0.730729 0.482407 0.0427083 0.212963 0.549193
0 0.760938 0.465741 0.0302083 0.131481 0.571809
0 0.277083 0.485185 0.03125 0.151852 0.572142
2 0.0713542 0.510185 0.138542 0.357407 0.574103
0 0.761458 0.465741 0.03125 0.131481 0.576174
0 0.280729 0.485185 0.0364583 0.155556 0.576928
0 0.760417 0.465741 0.03125 0.135185 0.578609
0 0.730729 0.481481 0.0427083 0.211111 0.578745
0 0.760417 0.465741 0.03125 0.135185 0.579727
0 0.277083 0.485185 0.03125 0.151852 0.586061
0 0.234896 0.483333 0.034375 0.159259 0.586121
2 0.0708333 0.510185 0.139583 0.361111 0.586597
2 0.0708333 0.511111 0.139583 0.355556 0.589968
0 0.760938 0.465741 0.0302083 0.131481 0.595192
0 0.234896 0.484259 0.034375 0.161111 0.597175
0 0.277083 0.485185 0.03125 0.151852 0.600824
0 0.729167 0.482407 0.0395833 0.216667 0.612225
0 0.729688 0.484259 0.040625 0.216667 0.616334
0 0.729167 0.481481 0.0395833 0.214815 0.621341
0 0.279687 0.485185 0.0322917 0.159259 0.640802
0 0.729688 0.483333 0.040625 0.218519 0.64433
0 0.321875 0.47963 0.0291667 0.166667 0.648316
0 0.321354 0.47963 0.028125 0.166667 0.649424
0 0.321354 0.478704 0.028125 0.164815 0.649827
0 0.760417 0.468519 0.03125 0.144444 0.650161
0 0.279687 0.485185 0.0322917 0.159259 0.651922
0 0.351042 0.486111 0.0375 0.17963 0.656801
0 0.321875 0.478704 0.0291667 0.168519 0.656954
0 0.729167 0.484259 0.0395833 0.216667 0.661883
0 0.760938 0.467593 0.0302083 0.142593 0.670479
0 0.760938 0.468519 0.0302083 0.144444 0.671016
2 0.0708333 0.524074 0.141667 0.385185 0.672697
0 0.760417 0.468519 0.03125 0.151852 0.67295
0 0.760417 0.469444 0.03125 0.15 0.675977
2 0.0708333 0.524074 0.141667 0.385185 0.679709
0 0.351042 0.486111 0.0375 0.17963 0.683379
0 0.349479 0.486111 0.0364583 0.172222 0.701032
0 0.35 0.486111 0.0375 0.175926 0.710354
0 0.351042 0.486111 0.0375 0.183333 0.715403
2 0.0703125 0.528704 0.140625 0.387037 0.718492
0 0.349479 0.487037 0.0364583 0.174074 0.718709
0 0.35 0.487037 0.0375 0.177778 0.721528
2 0.0703125 0.528704 0.140625 0.387037 0.722317
0 0.235938 0.487037 0.034375 0.162963 0.742325
0 0.235938 0.487037 0.034375 0.162963 0.745075
2 0.0708333 0.526852 0.139583 0.383333 0.748922
0 0.235938 0.487037 0.034375 0.162963 0.751093
2 0.0708333 0.526852 0.139583 0.383333 0.752029
2 0.0713542 0.52037 0.140625 0.362963 0.755417
2 0.0713542 0.521296 0.140625 0.364815 0.758197
0 0.729688 0.483333 0.040625 0.218519 0.76528
2 0.0713542 0.521296 0.140625 0.364815 0.765396
2 0.0703125 0.523148 0.138542 0.37963 0.77718
2 0.0703125 0.524074 0.138542 0.377778 0.77727
2 0.0703125 0.523148 0.138542 0.375926 0.778352
0 0.729688 0.483333 0.040625 0.218519 0.78047
0 0.729688 0.483333 0.040625 0.218519 0.781472
0 0.235417 0.486111 0.0333333 0.164815 0.79955
0 0.730208 0.482407 0.0416667 0.216667 0.800177
0 0.730208 0.483333 0.0416667 0.218519 0.814679
0 0.235938 0.486111 0.034375 0.164815 0.818802
0 0.235938 0.486111 0.034375 0.161111 0.819224
0 0.235938 0.486111 0.034375 0.161111 0.819502
0 0.236458 0.486111 0.0333333 0.161111 0.819885
0 0.235938 0.486111 0.034375 0.164815 0.837027
0 0.235938 0.486111 0.034375 0.164815 0.8456
0 0.235938 0.486111 0.034375 0.168519 0.84579
0 0.235938 0.486111 0.034375 0.164815 0.890518
0 0.235938 0.486111 0.034375 0.168519 0.89403
