0 0.676562 0.359259 0.0302083 0.12963 0.251613
0 0.326042 0.328704 0.0166667 0.0574074 0.251918
0 0.021875 0.343519 0.0208333 0.0944444 0.253138
0 0.485417 0.37037 0.025 0.1 0.253879
0 0.380729 0.328704 0.0135417 0.0648148 0.254157
0 0.511458 0.372222 0.03125 0.103704 0.256584
0 0.324479 0.330556 0.015625 0.0574074 0.258156
0 0.325 0.328704 0.0166667 0.0611111 0.260858
0 0.508854 0.371296 0.0260417 0.101852 0.261962
13 0.0671875 0.707407 0.134375 0.455556 0.267317
0 0.494792 0.371296 0.03125 0.105556 0.269281
13 0.0671875 0.709259 0.134375 0.455556 0.269568
0 0.0458333 0.348148 0.025 0.103704 0.270882
0 0.509375 0.375926 0.0333333 0.1 0.272584
0 0.401042 0.359259 0.0333333 0.133333 0.280915
0 0.446354 0.373148 0.0260417 0.135185 0.284603
0 0.325 0.330556 0.0166667 0.0574074 0.28944
0 0.485417 0.37037 0.025 0.1 0.292052
0 0.326042 0.327778 0.0166667 0.0592593 0.292884
0 0.021875 0.343519 0.0208333 0.0944444 0.293919
0 0.511979 0.372222 0.0302083 0.103704 0.296716
0 0.021875 0.342593 0.0208333 0.0962963 0.297964
0 0.486458 0.37037 0.025 0.1 0.297983
0 0.490625 0.367593 0.0270833 0.109259 0.299607
0 0.326042 0.32963 0.0166667 0.0555556 0.300187
0 0.9375 0.493519 0.116667 0.668519 0.313193
0 0.326042 0.328704 0.0166667 0.0574074 0.320965
0 0.509896 0.375926 0.0322917 0.1 0.321807
0 0.545313 0.333333 0.0135417 0.0666667 0.328827
26 0.907292 0.413889 0.0645833 0.175926 0.333347
0 0.885417 0.453704 0.110417 0.588889 0.334822
0 0.0473958 0.340741 0.021875 0.1 0.335908
0 0.545313 0.333333 0.0135417 0.0666667 0.346552
26 0.907292 0.412963 0.0645833 0.177778 0.348622
26 0.907292 0.39537 0.06875 0.224074 0.348845
0 0.0390625 0.344444 0.0385417 0.103704 0.351084
0 0.05 0.344444 0.0208333 0.103704 0.357338
26 0.907292 0.414815 0.0645833 0.177778 0.363475
0 0.676042 0.356481 0.03125 0.127778 0.36578
0 0.5125 0.373148 0.0291667 0.101852 0.367697
26 0.906771 0.390741 0.059375 0.2 0.37592
26 0.909375 0.393519 0.0645833 0.209259 0.377196
26 0.909375 0.393519 0.0666667 0.212963 0.380382
0 0.0494792 0.344444 0.021875 0.103704 0.38113
13 0.0682292 0.680556 0.134375 0.401852 0.384823
26 0.908854 0.392593 0.065625 0.207407 0.387193
0 0.492188 0.371296 0.028125 0.101852 0.388871
0 0.0494792 0.344444 0.021875 0.103704 0.389668
0 0.49375 0.371296 0.025 0.101852 0.396678
13 0.0682292 0.680556 0.134375 0.401852 0.39682
13 0.0682292 0.681481 0.134375 0.4 0.399906
0 0.676562 0.359259 0.0302083 0.133333 0.400035
0 0.676562 0.359259 0.0302083 0.133333 0.405949
0 0.543229 0.333333 0.015625 0.0703704 0.408806
0 0.942708 0.497222 0.114583 0.653704 0.417107
0 0.509375 0.375 0.03125 0.0981481 0.417927
0 0.545313 0.334259 0.015625 0.0722222 0.420613
0 0.511979 0.376852 0.0260417 0.0981481 0.422215
13 0.06875 0.682407 0.135417 0.405556 0.425679
13 0.06875 0.681481 0.135417 0.407407 0.426194
0 0.021875 0.347222 0.01875 0.0944444 0.426594
0 0.509375 0.375 0.0270833 0.0981481 0.427502
0 0.49375 0.371296 0.025 0.101852 0.429441
13 0.06875 0.682407 0.135417 0.405556 0.431191
0 0.543229 0.335185 0.0177083 0.0666667 0.435005
0 0.938542 0.493519 0.11875 0.672222 0.436885
0 0.493229 0.371296 0.0260417 0.101852 0.437143
0 0.492708 0.366667 0.0229167 0.103704 0.439651
0 0.676042 0.356481 0.0291667 0.131481 0.441616
0 0.491146 0.367593 0.0239583 0.109259 0.441981
0 0.543229 0.336111 0.0177083 0.0722222 0.442184
26 0.907292 0.397222 0.0666667 0.224074 0.444301
0 0.509375 0.375 0.0270833 0.101852 0.464436
13 0.0677083 0.675 0.133333 0.390741 0.466231
0 0.492708 0.366667 0.0229167 0.107407 0.4711
0 0.492708 0.366667 0.0229167 0.107407 0.471486
0 0.946875 0.5 0.10625 0.659259 0.471578
0 0.511979 0.376852 0.0260417 0.0981481 0.472953
0 0.0223958 0.348148 0.021875 0.0962963 0.473942
0 0.0234375 0.348148 0.0239583 0.1 0.47451
13 0.0677083 0.675 0.133333 0.394444 0.474624
0 0.509896 0.375 0.0260417 0.101852 0.480309
0 0.603125 0.360185 0.0291667 0.12037 0.482232
0 0.948438 0.492593 0.103125 0.681481 0.483189
0 0.5125 0.376852 0.0270833 0.0981481 0.489337
0 0.021875 0.347222 0.01875 0.0981481 0.497111
0 0.544792 0.333333 0.0145833 0.0703704 0.497492
0 0.021875 0.347222 0.01875 0.0981481 0.499278
0 0.0229167 0.348148 0.0229167 0.103704 0.499714
0 0.05 0.342593 0.0208333 0.103704 0.504973
13 0.0682292 0.675926 0.132292 0.392593 0.508603
0 0.0229167 0.349074 0.0229167 0.101852 0.513492
13 0.0677083 0.676852 0.133333 0.394444 0.513907
0 0.544792 0.333333 0.0145833 0.0703704 0.516727
0 0.947917 0.492593 0.104167 0.681481 0.517395
0 0.0494792 0.341667 0.021875 0.105556 0.53035
0 0.0494792 0.341667 0.021875 0.105556 0.54476
0 0.0223958 0.349074 0.0197917 0.0944444 0.556307
0 0.603646 0.361111 0.028125 0.122222 0.565974
0 0.603125 0.360185 0.0270833 0.12037 0.572699
0 0.602604 0.361111 0.028125 0.125926 0.576588
0 0.947917 0.50463 0.104167 0.687037 0.577961
0 0.445833 0.372222 0.0270833 0.148148 0.58252
0 0.947917 0.50463 0.104167 0.687037 0.582842
0 0.446354 0.374074 0.0260417 0.144444 0.58752
0 0.446354 0.372222 0.0260417 0.148148 0.588101
0 0.676042 0.357407 0.03125 0.137037 0.589329
0 0.446875 0.373148 0.0291667 0.15 0.591038
0 0.602604 0.360185 0.028125 0.124074 0.596683
0 0.0489583 0.344444 0.0208333 0.107407 0.597101
0 0.602604 0.360185 0.028125 0.124074 0.598233
0 0.0223958 0.348148 0.0197917 0.0962963 0.601102
0 0.446354 0.374074 0.0260417 0.144444 0.602549
0 0.0229167 0.348148 0.0208333 0.0962963 0.603984
0 0.677083 0.360185 0.03125 0.135185 0.61466
0 0.676042 0.357407 0.03125 0.137037 0.615263
0 0.446354 0.372222 0.028125 0.151852 0.62072
0 0.446875 0.373148 0.0291667 0.15 0.625865
0 0.676042 0.356481 0.0291667 0.135185 0.63173
0 0.676042 0.356481 0.0291667 0.135185 0.631923
0 0.677083 0.360185 0.03125 0.135185 0.632374
0 0.0489583 0.344444 0.0208333 0.107407 0.633562
0 0.0489583 0.34537 0.0229167 0.101852 0.639739
0 0.0229167 0.347222 0.0208333 0.0944444 0.64496
0 0.677083 0.359259 0.03125 0.137037 0.647291
0 0.676042 0.359259 0.03125 0.133333 0.64854
0 0.0494792 0.344444 0.021875 0.107407 0.652721
0 0.401563 0.362963 0.034375 0.155556 0.655087
0 0.95 0.498148 0.0979167 0.711111 0.660389
0 0.0489583 0.34537 0.0229167 0.105556 0.664617
0 0.880208 0.472222 0.0958333 0.544444 0.667716
0 0.0489583 0.344444 0.0229167 0.103704 0.675316
0 0.603125 0.359259 0.0291667 0.122222 0.677343
0 0.604167 0.360185 0.0291667 0.127778 0.680983
0 0.401563 0.362037 0.0322917 0.157407 0.683261
0 0.401563 0.361111 0.0322917 0.159259 0.683528
0 0.604167 0.360185 0.0291667 0.127778 0.685319
0 0.402083 0.362963 0.0333333 0.155556 0.687057
0 0.446354 0.373148 0.028125 0.15 0.691997
0 0.402083 0.362963 0.0333333 0.155556 0.697135
0 0.676042 0.359259 0.03125 0.133333 0.697216
0 0.446354 0.372222 0.028125 0.148148 0.701768
0 0.445312 0.372222 0.028125 0.151852 0.702095
0 0.676562 0.359259 0.0302083 0.137037 0.702478
0 0.603125 0.359259 0.0291667 0.122222 0.708685
0 0.603125 0.359259 0.0291667 0.125926 0.712359
0 0.676042 0.359259 0.03125 0.137037 0.712516
0 0.604167 0.359259 0.0291667 0.125926 0.715156
0 0.401042 0.359259 0.0354167 0.148148 0.719364
0 0.401042 0.359259 0.0354167 0.151852 0.726678
0 0.603125 0.360185 0.0291667 0.12037 0.72715
0 0.676042 0.359259 0.03125 0.133333 0.727977
0 0.446354 0.372222 0.028125 0.148148 0.728397
0 0.603125 0.359259 0.0291667 0.125926 0.739492
0 0.603646 0.360185 0.0302083 0.127778 0.739846
0 0.445833 0.372222 0.0270833 0.151852 0.744872
0 0.676042 0.359259 0.03125 0.137037 0.752583
0 0.603125 0.360185 0.0291667 0.124074 0.757387
0 0.603646 0.360185 0.0302083 0.127778 0.760382
0 0.942187 0.497222 0.115625 0.664815 0.760488
0 0.0489583 0.344444 0.0208333 0.103704 0.764888
0 0.603646 0.360185 0.0302083 0.127778 0.771005
0 0.401563 0.363889 0.034375 0.157407 0.771239
0 0.445312 0.372222 0.0260417 0.151852 0.781621
0 0.445833 0.372222 0.0270833 0.151852 0.781941
0 0.880208 0.472222 0.0958333 0.544444 0.784802
0 0.401563 0.363889 0.0322917 0.157407 0.786456
0 0.402083 0.362963 0.0333333 0.159259 0.791222
0 0.402083 0.362963 0.0333333 0.159259 0.797494
0 0.445833 0.372222 0.0270833 0.148148 0.801053
0 0.400521 0.360185 0.0364583 0.161111 0.801953
0 0.944271 0.5 0.111458 0.685185 0.802995
0 0.877604 0.471296 0.0947917 0.557407 0.804234
0 0.400521 0.360185 0.0364583 0.157407 0.804305
0 0.402083 0.362037 0.0333333 0.157407 0.804408
0 0.401563 0.363889 0.0322917 0.157407 0.807792
0 0.877604 0.47037 0.0947917 0.555556 0.809063
0 0.944271 0.498148 0.111458 0.688889 0.815185
0 0.878646 0.476852 0.096875 0.57963 0.823154
0 0.878646 0.475 0.096875 0.572222 0.827986
0 0.944792 0.498148 0.110417 0.67037 0.842767
0 0.878125 0.475 0.1 0.594444 0.874933
0 0.877604 0.477778 0.0989583 0.6 0.879746
