0 0.532292 0.34537 0.0333333 0.142593 0.250928
0 0.520312 0.34537 0.0364583 0.142593 0.256817
0 0.598437 0.344444 0.021875 0.122222 0.257133
0 0.539583 0.34537 0.0291667 0.131481 0.260813
0 0.498958 0.350926 0.03125 0.142593 0.261126
0 0.508854 0.343519 0.0260417 0.146296 0.267225
0 0.172396 0.332407 0.0260417 0.112963 0.267238
0 0.509375 0.343519 0.0270833 0.146296 0.273195
0 0.598437 0.341667 0.021875 0.124074 0.274045
0 0.598958 0.344444 0.0229167 0.122222 0.274242
0 0.598437 0.342593 0.021875 0.122222 0.280525
0 0.621354 0.360185 0.0260417 0.131481 0.281296
0 0.944792 0.599074 0.110417 0.653704 0.282136
0 0.548437 0.337963 0.0197917 0.135185 0.284043
0 0.388542 0.348148 0.0333333 0.181481 0.2848
0 0.168229 0.333333 0.028125 0.118519 0.286904
0 0.94375 0.581481 0.1125 0.718518 0.287747
0 0.389062 0.349074 0.0322917 0.17963 0.287796
0 0.540104 0.342593 0.028125 0.133333 0.288144
0 0.598437 0.344444 0.021875 0.122222 0.288289
0 0.548958 0.337963 0.01875 0.135185 0.288645
0 0.5125 0.350926 0.0229167 0.153704 0.292179
0 0.598437 0.342593 0.021875 0.122222 0.292276
0 0.541146 0.342593 0.0260417 0.133333 0.2984
0 0.173438 0.333333 0.021875 0.107407 0.299326
0 0.388542 0.348148 0.0333333 0.177778 0.303154
0 0.535937 0.347222 0.0239583 0.142593 0.310322
0 0.171875 0.331481 0.0229167 0.114815 0.311218
0 0.531771 0.343519 0.0322917 0.142593 0.313807
0 0.173438 0.334259 0.021875 0.109259 0.31564
0 0.172396 0.331481 0.0239583 0.114815 0.315934
0 0.538542 0.34537 0.03125 0.135185 0.316889
0 0.172396 0.332407 0.0239583 0.112963 0.317238
0 0.173438 0.333333 0.021875 0.107407 0.318596
0 0.546875 0.342593 0.0229167 0.137037 0.318827
0 0.498437 0.350926 0.028125 0.138889 0.31957
0 0.540104 0.34537 0.0302083 0.135185 0.3225
0 0.943229 0.582407 0.113542 0.72037 0.328556
0 0.515104 0.344444 0.021875 0.144444 0.329481
0 0.515625 0.343519 0.0229167 0.142593 0.334692
0 0.534896 0.340741 0.0260417 0.144444 0.336146
0 0.515625 0.348148 0.0229167 0.148148 0.352341
0 0.622917 0.357407 0.0291667 0.133333 0.354867
0 0.508854 0.35 0.028125 0.144444 0.364471
0 0.532812 0.34537 0.0239583 0.135185 0.369401
0 0.508333 0.35 0.0291667 0.144444 0.369561
0 0.515625 0.347222 0.0229167 0.146296 0.371753
0 0.621354 0.359259 0.0260417 0.137037 0.388211
0 0.621354 0.359259 0.0260417 0.137037 0.393773
0 0.533854 0.34537 0.0239583 0.135185 0.394847
0 0.316146 0.315741 0.021875 0.0944444 0.405516
0 0.316667 0.314815 0.0208333 0.0962963 0.41071
0 0.316667 0.314815 0.0208333 0.0962963 0.421395
0 0.532812 0.344444 0.0302083 0.140741 0.445514
0 0.622396 0.357407 0.028125 0.133333 0.467903
0 0.598437 0.344444 0.021875 0.122222 0.47123
0 0.623438 0.357407 0.0302083 0.144444 0.489238
0 0.829167 0.575 0.133333 0.657407 0.489393
0 0.660417 0.341667 0.01875 0.0981481 0.496183
0 0.623438 0.358333 0.0302083 0.142593 0.518736
0 0.824479 0.57963 0.128125 0.677778 0.522263
0 0.386458 0.35 0.03125 0.177778 0.523985
0 0.661458 0.336111 0.0208333 0.0981481 0.535471
0 0.316667 0.313889 0.0208333 0.0981481 0.536387
0 0.386458 0.349074 0.03125 0.17963 0.536426
0 0.621875 0.357407 0.03125 0.140741 0.541245
0 0.386458 0.35 0.03125 0.177778 0.542363
0 0.622917 0.357407 0.0291667 0.140741 0.543433
0 0.660937 0.337037 0.0197917 0.103704 0.545518
0 0.040625 0.37037 0.0416667 0.185185 0.551278
0 0.622917 0.357407 0.03125 0.140741 0.552998
0 0.828646 0.575 0.134375 0.653704 0.555674
0 0.660417 0.340741 0.01875 0.1 0.560208
0 0.660417 0.340741 0.01875 0.1 0.560751
0 0.943229 0.597222 0.113542 0.727778 0.561177
0 0.533854 0.34537 0.0239583 0.142593 0.564202
0 0.00885417 0.37037 0.0177083 0.162963 0.564352
0 0.316667 0.319444 0.0208333 0.0833333 0.565747
0 0.316667 0.314815 0.0208333 0.0925926 0.569223
0 0.00885417 0.366667 0.0177083 0.159259 0.575061
0 0.386979 0.349074 0.0322917 0.17963 0.577626
0 0.040625 0.37037 0.0416667 0.185185 0.580434
0 0.661458 0.337037 0.0208333 0.1 0.582497
0 0.661458 0.337037 0.0208333 0.1 0.58292
0 0.533854 0.344444 0.0239583 0.140741 0.583893
0 0.386979 0.349074 0.0322917 0.17963 0.586672
0 0.00833333 0.366667 0.0166667 0.159259 0.587716
0 0.94375 0.597222 0.1125 0.727778 0.58839
0 0.660937 0.338889 0.0197917 0.107407 0.591715
0 0.388021 0.342593 0.0302083 0.174074 0.593042
0 0.388021 0.342593 0.0302083 0.174074 0.596054
0 0.623438 0.357407 0.0302083 0.140741 0.596735
0 0.386979 0.349074 0.0322917 0.17963 0.597179
0 0.316667 0.318519 0.0208333 0.0851852 0.597762
0 0.660937 0.337037 0.0197917 0.103704 0.598546
0 0.622396 0.357407 0.0302083 0.140741 0.603516
0 0.661458 0.337037 0.0208333 0.103704 0.603542
0 0.622396 0.357407 0.0302083 0.140741 0.605558
0 0.316667 0.319444 0.0208333 0.0833333 0.606521
0 0.00833333 0.37037 0.0166667 0.162963 0.608957
0 0.942708 0.59537 0.114583 0.72037 0.610323
0 0.00833333 0.37037 0.0166667 0.155556 0.610756
0 0.316667 0.317593 0.0208333 0.0944444 0.611119
0 0.827604 0.57963 0.126042 0.685185 0.61459
0 0.386458 0.344444 0.03125 0.177778 0.618367
0 0.945833 0.593518 0.108333 0.709259 0.618944
0 0.316667 0.317593 0.0208333 0.0944444 0.627197
0 0.317187 0.314815 0.0197917 0.0925926 0.629157
0 0.0416667 0.372222 0.0416667 0.181481 0.631731
0 0.00833333 0.37037 0.0166667 0.155556 0.633346
0 0.386458 0.344444 0.03125 0.177778 0.633994
0 0.316667 0.317593 0.0208333 0.0944444 0.637284
0 0.827083 0.575926 0.13125 0.644444 0.638946
0 0.660937 0.337963 0.0197917 0.109259 0.648313
0 0.0416667 0.371296 0.0416667 0.183333 0.656281
0 0.532812 0.34537 0.0239583 0.142593 0.671428
0 0.622396 0.358333 0.0302083 0.142593 0.673578
0 0.532812 0.34537 0.0239583 0.142593 0.6778
0 0.621875 0.357407 0.0291667 0.140741 0.681468
0 0.0411458 0.371296 0.040625 0.183333 0.68253
0 0.621875 0.356481 0.0291667 0.138889 0.684754
0 0.826563 0.575 0.132292 0.638889 0.686837
0 0.3875 0.35 0.03125 0.177778 0.690202
0 0.0416667 0.371296 0.0416667 0.190741 0.692023
0 0.3875 0.35 0.03125 0.177778 0.695145
0 0.622396 0.358333 0.0302083 0.142593 0.703887
0 0.0411458 0.372222 0.040625 0.188889 0.706631
0 0.622396 0.358333 0.0302083 0.142593 0.721413
0 0.386979 0.35 0.0302083 0.177778 0.729394
0 0.386979 0.349074 0.0302083 0.17963 0.744977
0 0.386979 0.349074 0.0322917 0.175926 0.745242
0 0.386979 0.35 0.0322917 0.177778 0.759361
0 0.0421875 0.368519 0.0427083 0.185185 0.777932
0 0.386979 0.348148 0.0322917 0.177778 0.781216
0 0.826563 0.582407 0.132292 0.661111 0.781567
0 0.0411458 0.37037 0.040625 0.181481 0.782008
0 0.0421875 0.368519 0.0427083 0.185185 0.786143
0 0.941146 0.588889 0.117708 0.72963 0.786231
0 0.0411458 0.37037 0.040625 0.181481 0.798194
0 0.0411458 0.371296 0.040625 0.183333 0.798572
0 0.0411458 0.371296 0.040625 0.183333 0.810349
0 0.826042 0.581481 0.13125 0.651852 0.811754
0 0.826563 0.580556 0.132292 0.668519 0.816624
0 0.040625 0.371296 0.0395833 0.183333 0.821534
0 0.040625 0.37037 0.0395833 0.185185 0.830668
0 0.944271 0.592593 0.111458 0.703704 0.834683
0 0.941146 0.590741 0.117708 0.72963 0.84559
0 0.826563 0.580556 0.132292 0.668519 0.857528
0 0.942187 0.590741 0.115625 0.733333 0.875044
0 0.942187 0.589815 0.115625 0.735185 0.883232
0 0.827083 0.583333 0.133333 0.681481 0.890451
0 0.826563 0.583333 0.132292 0.681481 0.89313
