1 0.984375 0.407407 0.03125 0.0962963 0.251953
0 0.540625 0.314815 0.0166667 0.0666667 0.251992
0 0.450521 0.35 0.028125 0.144444 0.265466
1 0.984896 0.400926 0.0302083 0.109259 0.265725
1 0.984375 0.407407 0.03125 0.1 0.267155
1 0.984375 0.407407 0.03125 0.1 0.267471
0 0.450521 0.35 0.028125 0.144444 0.27314
0 0.486979 0.350926 0.0239583 0.0981481 0.277555
0 0.541146 0.315741 0.015625 0.0722222 0.283121
1 0.984896 0.401852 0.0302083 0.107407 0.283827
1 0.984896 0.401852 0.0302083 0.107407 0.285386
0 0.49375 0.350926 0.0291667 0.0944444 0.288294
26 0.838542 0.362963 0.0479167 0.185185 0.291418
26 0.839063 0.363889 0.046875 0.183333 0.293107
26 0.839063 0.371296 0.0427083 0.17963 0.298488
26 0.839063 0.363889 0.046875 0.183333 0.300441
0 0.0640625 0.321296 0.0364583 0.0944444 0.303435
13 0.189063 0.912037 0.332292 0.168519 0.3038
0 0.875 0.460185 0.0875 0.55 0.30423
0 0.448958 0.35 0.0270833 0.144444 0.305017
0 0.486979 0.350926 0.0239583 0.0981481 0.30504
0 0.0463542 0.322222 0.0302083 0.103704 0.307148
0 0.541146 0.316667 0.015625 0.0703704 0.307528
0 0.407292 0.349074 0.0270833 0.161111 0.307855
0 0.486979 0.350926 0.0239583 0.0981481 0.308011
0 0.820833 0.425 0.0708333 0.457407 0.309409
13 0.188542 0.912037 0.333333 0.168519 0.311673
1 0.983333 0.397222 0.0333333 0.124074 0.312103
0 0.820833 0.425926 0.0708333 0.459259 0.313323
0 0.660937 0.339815 0.0260417 0.127778 0.313944
0 0.913542 0.381481 0.0833333 0.222222 0.315674
26 0.838542 0.371296 0.04375 0.190741 0.315689
0 0.541146 0.316667 0.015625 0.0703704 0.317834
0 0.448958 0.349074 0.0270833 0.142593 0.319486
0 0.407292 0.35 0.0270833 0.159259 0.319957
0 0.541146 0.316667 0.015625 0.0703704 0.323432
0 0.508333 0.353704 0.03125 0.0925926 0.324073
0 0.075 0.317593 0.0208333 0.0944444 0.325176
1 0.984896 0.402778 0.0302083 0.109259 0.325313
0 0.0135417 0.32037 0.0270833 0.140741 0.32866
26 0.839063 0.37037 0.0427083 0.188889 0.328987
1 0.984896 0.402778 0.0302083 0.109259 0.330993
0 0.540625 0.317593 0.0166667 0.0722222 0.334384
1 0.983854 0.397222 0.0322917 0.12037 0.336649
0 0.492708 0.349074 0.0208333 0.0944444 0.336902
13 0.191146 0.913889 0.323958 0.164815 0.336988
0 0.875 0.461111 0.0854167 0.548148 0.341799
13 0.190625 0.913889 0.325 0.164815 0.346524
0 0.0130208 0.32037 0.0260417 0.140741 0.346769
1 0.983854 0.398148 0.0322917 0.122222 0.357056
1 0.984375 0.399074 0.03125 0.109259 0.359518
1 0.984896 0.402778 0.0302083 0.109259 0.361833
0 0.540625 0.316667 0.0166667 0.0703704 0.36329
0 0.492188 0.352778 0.0239583 0.0944444 0.363958
24 0.920313 0.383333 0.0677083 0.174074 0.365166
24 0.920313 0.384259 0.0677083 0.175926 0.372379
1 0.984375 0.399074 0.03125 0.109259 0.373521
1 0.984375 0.399074 0.03125 0.109259 0.374341
0 0.511458 0.353704 0.025 0.0962963 0.374554
0 0.660937 0.338889 0.0260417 0.12963 0.375147
0 0.492708 0.349074 0.0208333 0.0944444 0.377603
0 0.660937 0.338889 0.0260417 0.12963 0.379038
0 0.508333 0.353704 0.025 0.0962963 0.379428
0 0.448958 0.35 0.0270833 0.144444 0.379824
0 0.386458 0.328704 0.0166667 0.0981481 0.380196
0 0.0494792 0.323148 0.021875 0.0944444 0.3814
0 0.492188 0.351852 0.0239583 0.0962963 0.381488
0 0.492708 0.349074 0.0208333 0.0944444 0.386138
0 0.492188 0.351852 0.0239583 0.0962963 0.386212
13 0.19375 0.913889 0.329167 0.164815 0.386372
0 0.820833 0.425926 0.0708333 0.462963 0.389727
0 0.510417 0.353704 0.025 0.0925926 0.394736
0 0.0494792 0.322222 0.021875 0.0925926 0.398125
0 0.510938 0.353704 0.0260417 0.0962963 0.399198
13 0.19375 0.915741 0.329167 0.164815 0.399983
0 0.488542 0.351852 0.0229167 0.0925926 0.400989
0 0.510938 0.353704 0.0260417 0.0962963 0.403469
0 0.508333 0.353704 0.025 0.0962963 0.404341
24 0.923437 0.378704 0.065625 0.183333 0.409019
0 0.508854 0.353704 0.0260417 0.0962963 0.409492
0 0.661458 0.339815 0.0270833 0.135185 0.409501
0 0.541146 0.317593 0.015625 0.0685185 0.413051
0 0.540104 0.317593 0.015625 0.0648148 0.413231
0 0.45 0.351852 0.0270833 0.137037 0.415771
0 0.06875 0.32037 0.03125 0.0925926 0.416002
0 0.0494792 0.323148 0.021875 0.0981481 0.416111
0 0.0494792 0.323148 0.021875 0.0981481 0.421692
0 0.388021 0.332407 0.0177083 0.105556 0.421853
0 0.0484375 0.321296 0.021875 0.0981481 0.425433
1 0.984375 0.4 0.03125 0.114815 0.425658
1 0.984375 0.399074 0.03125 0.116667 0.427125
0 0.541146 0.315741 0.0135417 0.0722222 0.429098
24 0.923437 0.378704 0.065625 0.187037 0.430039
0 0.0494792 0.321296 0.021875 0.0944444 0.432495
0 0.0135417 0.324074 0.0270833 0.133333 0.435007
24 0.919792 0.366667 0.0708333 0.203704 0.435544
0 0.449479 0.352778 0.0260417 0.135185 0.43704
13 0.19375 0.913889 0.333333 0.164815 0.437616
24 0.921875 0.375926 0.0708333 0.192593 0.438381
0 0.0140625 0.324074 0.028125 0.140741 0.438407
0 0.0140625 0.323148 0.028125 0.138889 0.439513
1 0.984375 0.399074 0.03125 0.116667 0.440316
0 0.0755208 0.319444 0.0197917 0.0907407 0.440777
0 0.541146 0.316667 0.015625 0.0666667 0.444294
0 0.388021 0.332407 0.0177083 0.109259 0.444586
24 0.919792 0.365741 0.06875 0.209259 0.448317
0 0.541146 0.315741 0.0135417 0.0685185 0.44838
0 0.449479 0.35 0.0260417 0.144444 0.4484
0 0.388021 0.332407 0.0197917 0.109259 0.449291
0 0.0494792 0.321296 0.021875 0.0944444 0.449611
13 0.194271 0.913889 0.334375 0.164815 0.452487
0 0.406771 0.34537 0.028125 0.135185 0.453322
0 0.0140625 0.323148 0.028125 0.135185 0.453434
0 0.603646 0.338889 0.0260417 0.125926 0.461674
0 0.0755208 0.318519 0.0197917 0.0925926 0.474749
0 0.0489583 0.325926 0.01875 0.0962963 0.474875
0 0.0755208 0.319444 0.0197917 0.0907407 0.485848
0 0.386979 0.331481 0.0177083 0.107407 0.495175
0 0.401563 0.347222 0.0364583 0.146296 0.505441
0 0.661458 0.339815 0.0270833 0.131481 0.511086
0 0.0484375 0.325926 0.0197917 0.0962963 0.516174
24 0.922396 0.382407 0.0677083 0.17963 0.518958
24 0.922917 0.382407 0.06875 0.17963 0.519501
0 0.660937 0.339815 0.028125 0.127778 0.521081
24 0.922917 0.381481 0.06875 0.177778 0.526973
0 0.0489583 0.325926 0.0208333 0.0962963 0.529024
24 0.922396 0.376852 0.0697917 0.190741 0.535697
0 0.0739583 0.319444 0.01875 0.0907407 0.537002
0 0.604167 0.339815 0.025 0.131481 0.537509
0 0.0744792 0.318519 0.0197917 0.0962963 0.540039
0 0.820312 0.428704 0.071875 0.464815 0.540733
0 0.604167 0.339815 0.025 0.131481 0.544263
0 0.604167 0.339815 0.025 0.131481 0.545487
24 0.921875 0.372222 0.0666667 0.196296 0.549508
0 0.0484375 0.323148 0.0197917 0.0944444 0.55167
0 0.660417 0.339815 0.0270833 0.127778 0.55566
24 0.921875 0.372222 0.0666667 0.196296 0.560556
0 0.821875 0.431481 0.0729167 0.47037 0.562935
24 0.920833 0.375 0.06875 0.187037 0.563255
0 0.0744792 0.318519 0.0197917 0.1 0.565506
0 0.388021 0.331481 0.0177083 0.0962963 0.568807
24 0.921875 0.372222 0.06875 0.196296 0.569026
0 0.603646 0.341667 0.028125 0.131481 0.570426
0 0.0744792 0.318519 0.0197917 0.0925926 0.570705
24 0.920313 0.375 0.0677083 0.190741 0.571029
0 0.448958 0.35 0.025 0.144444 0.571191
0 0.820833 0.430556 0.0708333 0.464815 0.574843
0 0.0744792 0.318519 0.0197917 0.0925926 0.576262
0 0.661458 0.335185 0.025 0.125926 0.577125
0 0.0744792 0.318519 0.0197917 0.1 0.583448
0 0.0755208 0.318519 0.0197917 0.0962963 0.588571
0 0.820833 0.425 0.0708333 0.47963 0.589405
0 0.405729 0.346296 0.0322917 0.148148 0.591428
0 0.0755208 0.318519 0.0197917 0.1 0.592285
0 0.388542 0.330556 0.01875 0.0981481 0.595984
0 0.388542 0.330556 0.01875 0.0981481 0.597341
0 0.660937 0.336111 0.0260417 0.124074 0.598331
0 0.0489583 0.323148 0.0208333 0.0981481 0.599559
0 0.075 0.318519 0.0208333 0.1 0.600081
0 0.405729 0.346296 0.0322917 0.148148 0.605245
0 0.0489583 0.323148 0.0208333 0.0981481 0.605478
0 0.872396 0.448148 0.0822917 0.544444 0.608093
0 0.661458 0.339815 0.0270833 0.127778 0.609375
0 0.604167 0.340741 0.0270833 0.12963 0.610917
0 0.0151042 0.323148 0.028125 0.135185 0.61989
0 0.604167 0.340741 0.025 0.133333 0.622303
0 0.449479 0.35 0.0260417 0.140741 0.624098
0 0.872396 0.449074 0.0822917 0.55 0.62607
0 0.604167 0.340741 0.025 0.133333 0.62638
0 0.876562 0.458333 0.0885417 0.557407 0.627241
0 0.407292 0.347222 0.0291667 0.153704 0.627722
0 0.604167 0.339815 0.0270833 0.131481 0.630697
0 0.661458 0.339815 0.025 0.131481 0.631647
0 0.661458 0.335185 0.025 0.125926 0.634424
0 0.661458 0.335185 0.025 0.125926 0.638531
0 0.660937 0.338889 0.0260417 0.125926 0.638983
0 0.876562 0.457407 0.0864583 0.551852 0.643952
24 0.922396 0.376852 0.0697917 0.187037 0.645095
0 0.449479 0.350926 0.028125 0.142593 0.645176
24 0.921875 0.376852 0.06875 0.187037 0.648044
0 0.0145833 0.323148 0.0291667 0.135185 0.648195
0 0.604167 0.340741 0.0270833 0.12963 0.648894
0 0.604167 0.340741 0.0270833 0.133333 0.649687
0 0.406771 0.348148 0.028125 0.151852 0.651585
0 0.407292 0.347222 0.0270833 0.153704 0.652029
0 0.821354 0.430556 0.071875 0.468519 0.652836
24 0.921875 0.376852 0.06875 0.187037 0.656652
0 0.0744792 0.317593 0.0197917 0.0981481 0.657198
0 0.660937 0.339815 0.0260417 0.127778 0.659822
0 0.660937 0.338889 0.0260417 0.125926 0.664537
0 0.604688 0.340741 0.0260417 0.12963 0.667941
0 0.869792 0.44537 0.0854167 0.557407 0.669569
0 0.45 0.350926 0.0270833 0.142593 0.67022
0 0.661458 0.336111 0.025 0.124074 0.674565
0 0.661458 0.336111 0.025 0.124074 0.682193
0 0.604167 0.340741 0.0270833 0.12963 0.684124
0 0.449479 0.35 0.0260417 0.140741 0.684862
0 0.820833 0.425 0.0729167 0.487037 0.68618
0 0.819271 0.428704 0.0739583 0.461111 0.686798
0 0.0135417 0.323148 0.0270833 0.142593 0.687646
0 0.871875 0.450926 0.0895833 0.546296 0.693433
0 0.871354 0.45 0.0885417 0.559259 0.694795
0 0.449479 0.350926 0.028125 0.142593 0.695335
0 0.870313 0.444444 0.0864583 0.555556 0.698104
0 0.0135417 0.324074 0.0270833 0.140741 0.699039
0 0.0151042 0.323148 0.028125 0.135185 0.700669
0 0.407292 0.347222 0.0270833 0.153704 0.701873
0 0.0145833 0.323148 0.0270833 0.135185 0.703061
0 0.0151042 0.323148 0.028125 0.135185 0.704156
0 0.406771 0.347222 0.028125 0.15 0.707355
0 0.604167 0.341667 0.0270833 0.131481 0.712001
0 0.0145833 0.323148 0.0291667 0.138889 0.720244
0 0.0145833 0.322222 0.0291667 0.137037 0.727322
0 0.0145833 0.323148 0.0270833 0.135185 0.735953
0 0.449479 0.35 0.0260417 0.140741 0.737909
0 0.820833 0.425 0.0708333 0.483333 0.740765
0 0.81875 0.42963 0.0729167 0.459259 0.741056
0 0.406771 0.348148 0.028125 0.151852 0.744104
0 0.871875 0.449074 0.0916667 0.546296 0.7465
0 0.604688 0.341667 0.0260417 0.131481 0.749721
0 0.45 0.351852 0.0270833 0.144444 0.753126
0 0.604688 0.341667 0.0260417 0.131481 0.754783
0 0.871875 0.45 0.0916667 0.548148 0.756374
0 0.449479 0.352778 0.028125 0.142593 0.75808
0 0.603646 0.340741 0.0260417 0.12963 0.759066
0 0.449479 0.352778 0.028125 0.142593 0.759443
0 0.45 0.350926 0.0270833 0.142593 0.761424
0 0.821354 0.428704 0.0739583 0.468519 0.769011
0 0.604688 0.340741 0.0260417 0.12963 0.769622
0 0.407292 0.34537 0.0291667 0.146296 0.773597
0 0.407292 0.34537 0.0291667 0.146296 0.78014
0 0.821354 0.428704 0.0739583 0.468519 0.811968
0 0.820833 0.427778 0.075 0.474074 0.839622
0 0.406771 0.344444 0.0260417 0.159259 0.848842
0 0.407292 0.344444 0.0270833 0.155556 0.85598
