0 0.139583 0.415741 0.0291667 0.124074 0.250211
0 0.252604 0.39537 0.0177083 0.0907407 0.250993
13 0.407813 0.588889 0.167708 0.1 0.251511
0 0.389062 0.394444 0.0177083 0.0925926 0.25403
0 0.0890625 0.409259 0.0177083 0.0888889 0.254158
13 0.352604 0.463889 0.0927083 0.0796296 0.254743
0 0.136458 0.416667 0.0270833 0.125926 0.256895
13 0.352604 0.462963 0.0927083 0.0777778 0.258271
0 0.246875 0.39537 0.0208333 0.087037 0.260581
13 0.417188 0.584259 0.161458 0.0981481 0.26102
0 0.957812 0.594444 0.084375 0.437037 0.26201
13 0.408333 0.587963 0.166667 0.105556 0.262664
0 0.136979 0.416667 0.0260417 0.125926 0.265772
0 0.957812 0.59537 0.084375 0.435185 0.265822
0 0.0484375 0.442593 0.046875 0.218519 0.270115
0 0.272396 0.380556 0.0177083 0.0611111 0.270273
0 0.358333 0.375 0.01875 0.0685185 0.270475
0 0.95625 0.57963 0.0875 0.477778 0.271171
0 0.0890625 0.409259 0.0177083 0.0888889 0.271217
0 0.358333 0.375926 0.01875 0.0666667 0.274006
0 0.389062 0.394444 0.0177083 0.0925926 0.27879
0 0.95625 0.57963 0.0875 0.477778 0.281939
0 0.251042 0.396296 0.0229167 0.0925926 0.283146
13 0.449479 0.65 0.253125 0.225926 0.283919
0 0.346354 0.375926 0.0177083 0.0703704 0.287782
13 0.357812 0.461111 0.0885417 0.0777778 0.290599
13 0.410417 0.587963 0.172917 0.105556 0.293049
13 0.45 0.65 0.25625 0.225926 0.293151
0 0.446354 0.4 0.0260417 0.111111 0.293517
0 0.445833 0.401852 0.025 0.111111 0.295173
0 0.758333 0.405556 0.025 0.125926 0.295968
13 0.354688 0.459259 0.090625 0.0814815 0.29707
13 0.35625 0.461111 0.0916667 0.0777778 0.297272
13 0.358333 0.460185 0.0875 0.0759259 0.302126
0 0.344792 0.375926 0.0166667 0.0703704 0.303359
13 0.411458 0.589815 0.177083 0.101852 0.304043
13 0.409896 0.587963 0.171875 0.105556 0.304145
0 0.272396 0.381481 0.0177083 0.062963 0.304528
0 0.363542 0.375926 0.0145833 0.0666667 0.306465
0 0.139062 0.416667 0.028125 0.125926 0.307871
0 0.139062 0.416667 0.0302083 0.12963 0.310706
0 0.389583 0.394444 0.0166667 0.0925926 0.314962
0 0.445833 0.39537 0.0208333 0.101852 0.320595
0 0.363542 0.375926 0.0145833 0.0666667 0.322294
13 0.410937 0.587963 0.171875 0.105556 0.323551
13 0.410937 0.587963 0.176042 0.101852 0.326322
0 0.345313 0.374074 0.015625 0.0703704 0.329346
0 0.391146 0.389815 0.021875 0.0907407 0.330604
0 0.275521 0.380556 0.015625 0.0611111 0.336427
13 0.358854 0.462963 0.0885417 0.0740741 0.336979
0 0.757812 0.409259 0.0260417 0.12963 0.340169
0 0.758333 0.405556 0.025 0.125926 0.340326
0 0.0354167 0.439815 0.0395833 0.205556 0.34137
0 0.248437 0.396296 0.021875 0.0925926 0.342438
0 0.758333 0.405556 0.025 0.125926 0.342574
0 0.0348958 0.440741 0.0385417 0.203704 0.343907
13 0.461458 0.65463 0.2625 0.22037 0.34657
0 0.445833 0.39537 0.0208333 0.105556 0.349462
0 0.279167 0.382407 0.0125 0.0648148 0.350389
0 0.445833 0.400926 0.025 0.112963 0.350618
0 0.757292 0.408333 0.0229167 0.131481 0.351457
0 0.0348958 0.439815 0.040625 0.205556 0.351752
13 0.358854 0.462963 0.0885417 0.0740741 0.352183
13 0.460938 0.650926 0.265625 0.227778 0.352895
0 0.247917 0.396296 0.0229167 0.0925926 0.35467
0 0.0880208 0.406481 0.0177083 0.0944444 0.355567
0 0.445833 0.39537 0.0208333 0.105556 0.355842
0 0.248437 0.396296 0.021875 0.0925926 0.360672
0 0.0890625 0.405556 0.0177083 0.0925926 0.361196
0 0.279167 0.381481 0.0125 0.062963 0.363614
0 0.758333 0.410185 0.0270833 0.127778 0.365278
0 0.344792 0.375926 0.0166667 0.0703704 0.366701
0 0.389583 0.390741 0.01875 0.0888889 0.368047
0 0.391667 0.386111 0.0229167 0.087037 0.371992
0 0.0890625 0.407407 0.0177083 0.0925926 0.378881
0 0.39375 0.385185 0.0208333 0.0925926 0.381553
0 0.389583 0.389815 0.01875 0.0907407 0.383482
0 0.247917 0.396296 0.0229167 0.0925926 0.383923
0 0.344792 0.375926 0.0166667 0.0703704 0.384048
0 0.0885417 0.406481 0.01875 0.0981481 0.384404
0 0.277604 0.381481 0.015625 0.062963 0.384533
0 0.391667 0.387037 0.0229167 0.0925926 0.385757
13 0.455208 0.65 0.2625 0.225926 0.386772
0 0.757812 0.405556 0.0239583 0.118519 0.388057
0 0.0885417 0.406481 0.01875 0.0981481 0.395962
0 0.0890625 0.406481 0.0177083 0.0907407 0.396772
0 0.507812 0.425 0.0302083 0.153704 0.397547
0 0.957812 0.59537 0.084375 0.435185 0.397862
0 0.0890625 0.406481 0.0177083 0.0944444 0.398758
0 0.957292 0.594444 0.0833333 0.437037 0.398797
13 0.455729 0.65 0.261458 0.222222 0.39913
0 0.277604 0.381481 0.015625 0.062963 0.399178
0 0.391667 0.387037 0.0229167 0.0888889 0.399929
0 0.251042 0.397222 0.01875 0.0944444 0.40041
0 0.507812 0.425 0.0302083 0.153704 0.403936
0 0.957292 0.59537 0.0833333 0.438889 0.404824
0 0.485417 0.382407 0.0166667 0.0796296 0.407764
0 0.251563 0.397222 0.0177083 0.0907407 0.408172
0 0.389583 0.389815 0.01875 0.0907407 0.408195
0 0.0901042 0.40463 0.0177083 0.087037 0.409044
0 0.0890625 0.405556 0.0177083 0.0925926 0.414161
0 0.757812 0.410185 0.0260417 0.131481 0.41579
0 0.757812 0.410185 0.0260417 0.127778 0.421035
0 0.251563 0.398148 0.0177083 0.0925926 0.422511
0 0.445833 0.4 0.025 0.111111 0.426409
0 0.757812 0.407407 0.0260417 0.122222 0.43599
0 0.484896 0.382407 0.0177083 0.0796296 0.437677
0 0.484896 0.382407 0.0177083 0.0796296 0.441986
0 0.040625 0.44537 0.05625 0.209259 0.445403
0 0.757292 0.409259 0.0229167 0.133333 0.454638
0 0.757292 0.408333 0.0229167 0.131481 0.474858
0 0.757292 0.407407 0.025 0.122222 0.492251
0 0.757292 0.407407 0.025 0.122222 0.493884
0 0.538021 0.402778 0.028125 0.135185 0.494864
0 0.0432292 0.446296 0.053125 0.211111 0.502967
0 0.485417 0.384259 0.0166667 0.0796296 0.512502
13 0.455729 0.649074 0.263542 0.224074 0.514811
13 0.454167 0.647222 0.258333 0.224074 0.51562
13 0.452604 0.647222 0.257292 0.227778 0.516768
0 0.485417 0.384259 0.01875 0.0833333 0.522794
13 0.454167 0.647222 0.258333 0.224074 0.524864
0 0.0411458 0.44537 0.053125 0.209259 0.528252
0 0.485417 0.382407 0.0166667 0.0833333 0.531728
0 0.484896 0.386111 0.0177083 0.0796296 0.533143
0 0.139062 0.419444 0.0302083 0.127778 0.534271
0 0.139062 0.419444 0.0302083 0.127778 0.538678
0 0.446354 0.402778 0.021875 0.112963 0.541492
0 0.0421875 0.446296 0.053125 0.211111 0.546979
0 0.040625 0.443519 0.05 0.209259 0.54759
0 0.538542 0.4 0.0291667 0.148148 0.550464
0 0.485417 0.384259 0.01875 0.0833333 0.552382
0 0.0416667 0.444444 0.0520833 0.211111 0.554973
0 0.484896 0.383333 0.0177083 0.0814815 0.556355
0 0.139062 0.418519 0.0302083 0.125926 0.563731
0 0.758333 0.409259 0.025 0.125926 0.567639
0 0.538542 0.400926 0.0291667 0.146296 0.573219
0 0.538021 0.4 0.028125 0.133333 0.586276
0 0.484896 0.386111 0.0177083 0.0796296 0.58817
0 0.0421875 0.446296 0.053125 0.211111 0.590714
0 0.484896 0.386111 0.0177083 0.0796296 0.592504
0 0.757812 0.410185 0.0239583 0.127778 0.59622
0 0.539062 0.4 0.028125 0.148148 0.601491
0 0.508854 0.419444 0.0302083 0.15 0.605815
0 0.508333 0.417593 0.03125 0.15 0.61466
0 0.509375 0.419444 0.03125 0.15 0.61475
0 0.040625 0.444444 0.05 0.211111 0.617084
0 0.957812 0.568519 0.084375 0.496296 0.621556
0 0.507812 0.422222 0.0302083 0.151852 0.624453
0 0.508854 0.417593 0.0302083 0.153704 0.625116
0 0.957292 0.566667 0.0854167 0.496296 0.629178
0 0.508854 0.419444 0.0302083 0.15 0.646547
0 0.538542 0.4 0.0291667 0.148148 0.658574
0 0.508333 0.422222 0.0291667 0.151852 0.659314
0 0.508333 0.422222 0.0291667 0.151852 0.68257
0 0.445833 0.4 0.0229167 0.111111 0.686567
0 0.040625 0.44537 0.05 0.209259 0.688108
0 0.138021 0.419444 0.028125 0.124074 0.69856
0 0.0385417 0.443519 0.0479167 0.209259 0.70873
0 0.957812 0.588889 0.084375 0.466667 0.710492
0 0.538021 0.4 0.028125 0.148148 0.710935
0 0.445833 0.4 0.0208333 0.103704 0.712317
0 0.538021 0.399074 0.028125 0.146296 0.712861
0 0.0390625 0.444444 0.046875 0.211111 0.717675
0 0.538021 0.402778 0.028125 0.146296 0.718541
0 0.138542 0.418519 0.0291667 0.12963 0.720607
0 0.0401042 0.444444 0.0489583 0.211111 0.720672
0 0.445312 0.398148 0.0239583 0.107407 0.723178
0 0.538021 0.4 0.028125 0.148148 0.72528
0 0.538021 0.402778 0.028125 0.146296 0.725642
0 0.445312 0.4 0.021875 0.111111 0.727228
0 0.445833 0.4 0.0208333 0.107407 0.729276
0 0.538021 0.4 0.028125 0.148148 0.736998
0 0.138542 0.419444 0.0291667 0.127778 0.737266
0 0.445833 0.398148 0.0229167 0.107407 0.738952
0 0.0401042 0.444444 0.0489583 0.211111 0.738977
0 0.0401042 0.444444 0.0489583 0.214815 0.747729
0 0.445833 0.399074 0.0208333 0.105556 0.747952
0 0.445833 0.398148 0.0229167 0.107407 0.749276
0 0.538021 0.4 0.028125 0.148148 0.75012
0 0.138542 0.419444 0.0291667 0.127778 0.759586
0 0.138021 0.418519 0.028125 0.12963 0.765253
0 0.138021 0.419444 0.028125 0.124074 0.765603
0 0.138542 0.419444 0.0291667 0.127778 0.765923
0 0.957292 0.587963 0.0854167 0.468519 0.767324
0 0.957292 0.587963 0.0854167 0.464815 0.77023
0 0.958854 0.592593 0.0822917 0.437037 0.774092
0 0.138021 0.419444 0.028125 0.124074 0.774596
0 0.508854 0.42037 0.0302083 0.148148 0.774601
0 0.538021 0.4 0.028125 0.140741 0.776996
0 0.508854 0.42037 0.0302083 0.148148 0.777077
0 0.958854 0.591667 0.0822917 0.438889 0.778271
0 0.538021 0.4 0.028125 0.140741 0.78324
0 0.958333 0.578704 0.0833333 0.468519 0.78509
0 0.0395833 0.444444 0.0479167 0.211111 0.78749
0 0.958854 0.592593 0.0822917 0.437037 0.788906
0 0.0390625 0.44537 0.0489583 0.216667 0.792438
0 0.958854 0.578704 0.0822917 0.468519 0.795182
0 0.139062 0.417593 0.0302083 0.127778 0.797849
0 0.508854 0.42037 0.0302083 0.148148 0.803235
0 0.139062 0.418519 0.0302083 0.12963 0.806897
0 0.958333 0.575 0.0833333 0.475926 0.811141
0 0.508333 0.423148 0.0291667 0.15 0.813277
0 0.138021 0.418519 0.028125 0.12963 0.814396
0 0.957812 0.575926 0.0822917 0.477778 0.814917
0 0.508333 0.422222 0.0291667 0.148148 0.819322
0 0.138021 0.418519 0.028125 0.12963 0.824254
