0 0.496354 0.409259 0.0239583 0.133333 0.250084
0 0.303646 0.385185 0.0197917 0.0740741 0.250595
0 0.317187 0.385185 0.0177083 0.0740741 0.250855
0 0.442187 0.39537 0.0177083 0.0759259 0.251915
74 0.4375 0.0574074 0.0416667 0.114815 0.253558
74 0.436979 0.0574074 0.040625 0.114815 0.253834
74 0.438021 0.0564815 0.0447917 0.112963 0.254091
0 0.304167 0.385185 0.0208333 0.0703704 0.254132
74 0.438542 0.0592593 0.04375 0.118519 0.254186
0 0.346354 0.397222 0.015625 0.101852 0.25675
74 0.438542 0.0592593 0.04375 0.118519 0.257354
74 0.4375 0.0583333 0.04375 0.116667 0.258274
0 0.0130208 0.481481 0.0260417 0.17037 0.262757
74 0.438021 0.0583333 0.0447917 0.116667 0.263342
0 0.707292 0.419444 0.0229167 0.127778 0.263838
0 0.708333 0.393519 0.025 0.0648148 0.2642
74 0.438021 0.0574074 0.0427083 0.114815 0.268394
0 0.442187 0.394444 0.0177083 0.0777778 0.268873
0 0.317187 0.385185 0.0177083 0.0740741 0.268914
0 0.198958 0.402778 0.0166667 0.0981481 0.269052
74 0.438021 0.0583333 0.0447917 0.116667 0.269744
0 0.708333 0.393519 0.025 0.0648148 0.270616
0 0.400521 0.406481 0.021875 0.116667 0.27186
74 0.438021 0.0574074 0.0447917 0.114815 0.272037
74 0.4375 0.0583333 0.0416667 0.116667 0.272936
0 0.0130208 0.481481 0.0260417 0.17037 0.273103
0 0.707292 0.419444 0.0229167 0.127778 0.273707
0 0.442187 0.394444 0.0177083 0.0777778 0.277087
13 0.420312 0.648148 0.248958 0.207407 0.277595
0 0.708333 0.393519 0.025 0.0648148 0.27763
0 0.345833 0.399074 0.0145833 0.0981481 0.279268
0 0.708333 0.391667 0.025 0.0611111 0.282071
0 0.040625 0.421296 0.0208333 0.0907407 0.282862
0 0.400521 0.405556 0.021875 0.114815 0.283063
13 0.420833 0.646296 0.252083 0.211111 0.28332
0 0.953125 0.592593 0.09375 0.485185 0.284295
0 0.345833 0.398148 0.0145833 0.1 0.285062
0 0.203125 0.403704 0.01875 0.0962963 0.292441
0 0.040625 0.42037 0.0208333 0.0925926 0.296142
0 0.951042 0.587037 0.0979167 0.477778 0.297536
0 0.708333 0.391667 0.025 0.0611111 0.299329
0 0.708333 0.391667 0.025 0.0611111 0.300513
0 0.707292 0.423148 0.0229167 0.124074 0.30198
0 0.496354 0.414815 0.0260417 0.12963 0.307128
0 0.040625 0.42037 0.0208333 0.0925926 0.30848
0 0.474479 0.424074 0.0322917 0.151852 0.309386
13 0.420312 0.647222 0.257292 0.216667 0.311603
0 0.473958 0.424074 0.0333333 0.151852 0.315603
0 0.0890625 0.430556 0.0260417 0.127778 0.315831
13 0.419271 0.646296 0.253125 0.214815 0.320997
0 0.953125 0.586111 0.09375 0.483333 0.322337
0 0.495313 0.413889 0.0260417 0.142593 0.325188
13 0.415625 0.636111 0.254167 0.198148 0.331342
0 0.408333 0.408333 0.0229167 0.112963 0.331656
0 0.207292 0.40463 0.0229167 0.0944444 0.332242
0 0.040625 0.42037 0.0208333 0.0962963 0.33292
13 0.419271 0.64537 0.253125 0.209259 0.335027
0 0.495833 0.408333 0.0229167 0.131481 0.341951
0 0.208333 0.407407 0.0208333 0.0888889 0.344725
0 0.0890625 0.430556 0.0260417 0.127778 0.347308
0 0.234896 0.394444 0.015625 0.0592593 0.352112
0 0.0895833 0.436111 0.0270833 0.131481 0.355282
0 0.207292 0.40463 0.0229167 0.0981481 0.355442
0 0.708333 0.409259 0.025 0.0925926 0.357838
0 0.207292 0.403704 0.0229167 0.0962963 0.358169
0 0.208333 0.406481 0.0208333 0.0907407 0.358211
0 0.471354 0.436111 0.0302083 0.157407 0.358918
0 0.0411458 0.419444 0.0197917 0.0944444 0.359037
0 0.413021 0.408333 0.0197917 0.112963 0.366801
0 0.471354 0.436111 0.0302083 0.157407 0.367354
0 0.0140625 0.478704 0.028125 0.172222 0.373554
0 0.471354 0.436111 0.0302083 0.157407 0.375759
0 0.495833 0.413889 0.025 0.135185 0.378572
0 0.0140625 0.478704 0.028125 0.168519 0.380378
13 0.418229 0.644444 0.248958 0.211111 0.380437
0 0.208333 0.406481 0.0208333 0.0907407 0.380606
0 0.495833 0.414815 0.025 0.133333 0.381218
0 0.234896 0.394444 0.015625 0.0592593 0.381943
0 0.0890625 0.430556 0.0260417 0.127778 0.384637
0 0.413021 0.407407 0.0197917 0.111111 0.386409
0 0.0890625 0.435185 0.0260417 0.12963 0.390597
0 0.207813 0.406481 0.021875 0.0907407 0.390709
13 0.41875 0.644444 0.25 0.211111 0.391339
0 0.413021 0.407407 0.0197917 0.111111 0.403375
0 0.231771 0.392593 0.0177083 0.062963 0.406838
0 0.707292 0.416667 0.0229167 0.114815 0.408815
0 0.23125 0.392593 0.0166667 0.0666667 0.409251
0 0.230729 0.39537 0.0177083 0.0722222 0.413853
0 0.23125 0.393519 0.01875 0.0648148 0.414869
0 0.23125 0.393519 0.01875 0.0648148 0.420186
0 0.495313 0.414815 0.0239583 0.137037 0.425542
0 0.951563 0.586111 0.096875 0.483333 0.42794
0 0.23125 0.392593 0.0166667 0.062963 0.431359
0 0.494792 0.413889 0.025 0.142593 0.433015
0 0.23125 0.393519 0.01875 0.0648148 0.447135
0 0.0890625 0.435185 0.0260417 0.12963 0.461024
0 0.410417 0.407407 0.0229167 0.118519 0.462629
0 0.411458 0.407407 0.0229167 0.118519 0.468012
0 0.471875 0.435185 0.0291667 0.155556 0.470957
0 0.442187 0.406481 0.0177083 0.0833333 0.475329
0 0.471875 0.435185 0.0291667 0.155556 0.47537
0 0.475 0.431481 0.0354167 0.159259 0.478104
0 0.410937 0.407407 0.0239583 0.118519 0.479564
0 0.475521 0.431481 0.0364583 0.159259 0.487805
0 0.0145833 0.47037 0.0291667 0.181481 0.490406
0 0.0145833 0.47037 0.0291667 0.181481 0.496603
0 0.951563 0.586111 0.096875 0.483333 0.504056
0 0.949479 0.589815 0.101042 0.498148 0.50875
0 0.474479 0.430556 0.034375 0.161111 0.510157
0 0.950521 0.589815 0.0989583 0.490741 0.512356
0 0.495833 0.413889 0.0229167 0.131481 0.51302
0 0.951563 0.591667 0.096875 0.483333 0.515234
0 0.948958 0.589815 0.102083 0.494444 0.517492
0 0.0895833 0.42963 0.025 0.125926 0.517524
0 0.951563 0.592593 0.096875 0.485185 0.519741
0 0.442187 0.406481 0.0177083 0.0833333 0.521168
0 0.0895833 0.436111 0.025 0.127778 0.521481
0 0.441667 0.403704 0.01875 0.0925926 0.524126
0 0.442708 0.401852 0.0166667 0.0888889 0.528401
0 0.442187 0.406481 0.0177083 0.0833333 0.532419
0 0.0895833 0.436111 0.025 0.127778 0.536362
0 0.0145833 0.473148 0.0291667 0.17963 0.541953
0 0.0130208 0.47037 0.0260417 0.177778 0.544067
0 0.413021 0.407407 0.0197917 0.114815 0.546346
0 0.442708 0.402778 0.0166667 0.0907407 0.547247
0 0.0895833 0.430556 0.025 0.124074 0.547519
0 0.0130208 0.471296 0.0260417 0.175926 0.547582
0 0.0901042 0.436111 0.0260417 0.127778 0.552447
0 0.495313 0.413889 0.0260417 0.131481 0.555106
0 0.0145833 0.47037 0.0291667 0.177778 0.557433
0 0.413021 0.407407 0.0197917 0.114815 0.562535
0 0.413021 0.408333 0.0197917 0.112963 0.56255
0 0.0895833 0.430556 0.025 0.124074 0.562577
0 0.0145833 0.473148 0.0291667 0.17963 0.568706
0 0.442708 0.402778 0.0166667 0.0907407 0.571799
0 0.0145833 0.472222 0.0291667 0.177778 0.576033
0 0.950521 0.588889 0.0989583 0.492593 0.577764
0 0.411458 0.406481 0.0208333 0.116667 0.579393
0 0.411458 0.405556 0.0208333 0.118519 0.582433
0 0.0140625 0.471296 0.028125 0.17963 0.583694
0 0.952083 0.586111 0.0958333 0.483333 0.583964
0 0.4125 0.408333 0.0208333 0.112963 0.584799
0 0.411979 0.410185 0.021875 0.112963 0.587351
0 0.442187 0.4 0.0177083 0.0851852 0.587447
0 0.411458 0.407407 0.0208333 0.114815 0.588985
0 0.441667 0.402778 0.0166667 0.087037 0.595193
0 0.0901042 0.434259 0.0260417 0.131481 0.599192
0 0.0140625 0.472222 0.028125 0.177778 0.599624
0 0.0145833 0.472222 0.0291667 0.177778 0.62184
0 0.953125 0.590741 0.09375 0.492593 0.631368
0 0.441146 0.402778 0.0177083 0.087037 0.631431
0 0.953125 0.592593 0.09375 0.485185 0.632269
0 0.441146 0.402778 0.0177083 0.087037 0.635087
0 0.0145833 0.473148 0.0291667 0.175926 0.636566
0 0.0901042 0.433333 0.0260417 0.12963 0.644804
0 0.0895833 0.434259 0.0270833 0.127778 0.654121
0 0.495833 0.414815 0.0229167 0.140741 0.655036
0 0.495833 0.414815 0.0229167 0.140741 0.65858
0 0.471875 0.436111 0.0291667 0.157407 0.678676
0 0.0145833 0.473148 0.0291667 0.175926 0.679177
0 0.495313 0.413889 0.0260417 0.135185 0.691037
0 0.495313 0.412963 0.0239583 0.140741 0.693224
0 0.471875 0.436111 0.0291667 0.157407 0.695472
0 0.495313 0.414815 0.0260417 0.133333 0.697409
0 0.953125 0.585185 0.09375 0.496296 0.706603
0 0.0901042 0.434259 0.0260417 0.131481 0.709059
0 0.0895833 0.434259 0.0270833 0.127778 0.71204
0 0.470833 0.434259 0.0270833 0.157407 0.713689
0 0.471354 0.434259 0.0260417 0.157407 0.717832
0 0.471354 0.432407 0.0302083 0.157407 0.721181
0 0.952604 0.586111 0.0947917 0.483333 0.725895
0 0.471354 0.432407 0.0302083 0.157407 0.728203
0 0.953125 0.585185 0.09375 0.496296 0.742973
0 0.471354 0.432407 0.0302083 0.157407 0.759075
0 0.0901042 0.431481 0.0260417 0.12963 0.766034
0 0.0901042 0.432407 0.0260417 0.127778 0.768145
0 0.0895833 0.435185 0.0270833 0.125926 0.771729
0 0.0901042 0.431481 0.0260417 0.12963 0.784337
0 0.0895833 0.431481 0.025 0.12963 0.790762
0 0.0901042 0.433333 0.0260417 0.125926 0.800045
0 0.952083 0.588889 0.0958333 0.485185 0.806127
0 0.0901042 0.434259 0.0260417 0.124074 0.807683
0 0.952083 0.589815 0.0958333 0.483333 0.829112
