0 0.969792 0.837963 0.0604167 0.242593 0.251116
0 0.971875 0.843518 0.05625 0.235185 0.252356
0 0.464583 0.339815 0.0291667 0.112963 0.253678
0 0.464063 0.339815 0.0302083 0.112963 0.256519
0 0.304167 0.336111 0.0291667 0.0944444 0.270557
13 0.179688 0.796296 0.351042 0.385185 0.272741
0 0.491667 0.35463 0.0520833 0.131481 0.278242
13 0.178646 0.798148 0.348958 0.381481 0.2838
13 0.178646 0.798148 0.351042 0.381481 0.28406
0 0.223958 0.32963 0.0395833 0.166667 0.287351
0 0.223958 0.32963 0.0395833 0.166667 0.291153
0 0.968229 0.85 0.0635417 0.251852 0.292881
0 0.971354 0.843518 0.0572917 0.242593 0.294143
0 0.503125 0.35 0.025 0.144444 0.294436
0 0.224479 0.32963 0.040625 0.166667 0.296682
0 0.225 0.332407 0.0416667 0.17963 0.298098
0 0.305729 0.333333 0.0322917 0.0851852 0.298142
0 0.302083 0.335185 0.025 0.0851852 0.299022
0 0.304167 0.337963 0.0291667 0.0796296 0.300599
0 0.503125 0.35 0.025 0.144444 0.301446
0 0.224479 0.331481 0.0427083 0.185185 0.302888
0 0.302083 0.334259 0.025 0.0833333 0.305611
0 0.224479 0.332407 0.0427083 0.17963 0.313573
0 0.502604 0.353704 0.0260417 0.133333 0.314508
0 0.302083 0.334259 0.025 0.0833333 0.314953
0 0.303646 0.337963 0.028125 0.0796296 0.322466
0 0.492188 0.35463 0.0489583 0.131481 0.322857
0 0.00833333 0.361111 0.0166667 0.155556 0.324635
0 0.599479 0.359259 0.0322917 0.166667 0.325945
0 0.599479 0.359259 0.0322917 0.166667 0.327838
0 0.305208 0.333333 0.03125 0.0851852 0.330563
0 0.303646 0.337037 0.028125 0.0777778 0.333536
0 0.599479 0.359259 0.0322917 0.166667 0.345111
0 0.598958 0.360185 0.0333333 0.161111 0.346966
0 0.0078125 0.361111 0.015625 0.155556 0.34699
0 0.598958 0.360185 0.0333333 0.157407 0.348072
0 0.463542 0.341667 0.0291667 0.116667 0.34839
0 0.502604 0.351852 0.0260417 0.12963 0.348867
0 0.493229 0.35463 0.0489583 0.131481 0.349627
0 0.635938 0.359259 0.0302083 0.133333 0.357783
0 0.969792 0.84537 0.0604167 0.25 0.389083
0 0.304167 0.336111 0.0291667 0.087037 0.390411
0 0.601042 0.361111 0.0333333 0.159259 0.393147
0 0.601042 0.360185 0.0333333 0.161111 0.393988
0 0.30625 0.333333 0.0291667 0.0851852 0.404793
0 0.969792 0.85 0.0604167 0.244444 0.404912
0 0.305729 0.333333 0.0302083 0.0851852 0.409191
0 0.969271 0.849074 0.0614583 0.242593 0.409469
0 0.463542 0.341667 0.0291667 0.116667 0.413239
0 0.969271 0.85 0.0614583 0.244444 0.414568
0 0.601042 0.360185 0.0333333 0.157407 0.42144
0 0.970312 0.843518 0.059375 0.246296 0.421556
0 0.969271 0.844444 0.0614583 0.233333 0.424979
0 0.969792 0.844444 0.0604167 0.244444 0.425489
0 0.969792 0.843518 0.0604167 0.246296 0.428412
0 0.0078125 0.364815 0.015625 0.144444 0.43282
0 0.463542 0.342593 0.0291667 0.114815 0.435831
0 0.969792 0.850926 0.0604167 0.25 0.445916
0 0.304688 0.336111 0.028125 0.087037 0.468372
0 0.00833333 0.363889 0.0166667 0.146296 0.477199
0 0.0078125 0.363889 0.015625 0.142593 0.482828
0 0.502604 0.356481 0.028125 0.138889 0.483198
0 0.464063 0.349074 0.028125 0.127778 0.491305
0 0.0078125 0.363889 0.015625 0.146296 0.49745
0 0.636458 0.359259 0.03125 0.140741 0.499458
0 0.635938 0.359259 0.0302083 0.140741 0.499931
0 0.969792 0.846296 0.0604167 0.244444 0.511794
0 0.969792 0.846296 0.0604167 0.244444 0.517078
0 0.969792 0.846296 0.0604167 0.244444 0.520175
0 0.465104 0.342593 0.0302083 0.114815 0.521062
0 0.969271 0.844444 0.0614583 0.240741 0.52276
0 0.464063 0.349074 0.028125 0.127778 0.528966
0 0.464063 0.349074 0.028125 0.127778 0.530597
0 0.502604 0.356481 0.028125 0.138889 0.531096
0 0.969271 0.849074 0.0614583 0.25 0.535389
0 0.502604 0.356481 0.028125 0.138889 0.537991
0 0.304167 0.334259 0.0270833 0.087037 0.539286
0 0.465104 0.342593 0.0302083 0.114815 0.552106
0 0.304167 0.334259 0.0270833 0.087037 0.553426
0 0.304167 0.334259 0.0270833 0.087037 0.553828
0 0.503125 0.352778 0.025 0.138889 0.554419
0 0.0078125 0.362037 0.015625 0.153704 0.558539
0 0.503125 0.352778 0.025 0.138889 0.559889
0 0.465104 0.343519 0.0302083 0.112963 0.56009
0 0.464063 0.348148 0.028125 0.125926 0.568554
0 0.503125 0.356481 0.0270833 0.138889 0.576983
0 0.00833333 0.362037 0.0166667 0.153704 0.577442
0 0.601562 0.359259 0.0322917 0.159259 0.578147
0 0.601042 0.358333 0.0333333 0.161111 0.590598
0 0.464063 0.348148 0.028125 0.122222 0.59291
0 0.636979 0.361111 0.0302083 0.137037 0.599388
0 0.502604 0.356481 0.028125 0.135185 0.602402
0 0.464063 0.348148 0.028125 0.122222 0.613024
0 0.464063 0.346296 0.028125 0.125926 0.61744
0 0.601042 0.359259 0.0333333 0.162963 0.623061
0 0.502083 0.353704 0.0270833 0.140741 0.624613
0 0.464583 0.347222 0.0291667 0.12037 0.63172
0 0.464063 0.34537 0.028125 0.124074 0.639125
0 0.502604 0.353704 0.028125 0.140741 0.642135
0 0.503125 0.356481 0.0270833 0.135185 0.644835
0 0.464063 0.34537 0.028125 0.124074 0.64595
0 0.464583 0.347222 0.0291667 0.12037 0.648459
0 0.636979 0.361111 0.0302083 0.12963 0.673377
0 0.464583 0.347222 0.0291667 0.12037 0.67991
0 0.256771 0.42037 0.0760417 0.381481 0.684408
0 0.25625 0.421296 0.0770833 0.387037 0.707187
0 0.255729 0.42037 0.078125 0.385185 0.708566
0 0.255729 0.421296 0.078125 0.387037 0.716538
0 0.257292 0.423148 0.0729167 0.383333 0.716992
0 0.257812 0.418519 0.0739583 0.377778 0.717561
0 0.257812 0.419444 0.0739583 0.37963 0.720232
0 0.256771 0.419444 0.0739583 0.37963 0.726431
0 0.257292 0.423148 0.0729167 0.383333 0.727894
0 0.257292 0.423148 0.0708333 0.387037 0.733586
0 0.636979 0.361111 0.0302083 0.133333 0.746803
0 0.258333 0.418519 0.0729167 0.377778 0.750179
0 0.636979 0.360185 0.0302083 0.138889 0.751543
0 0.258333 0.418519 0.0729167 0.377778 0.752404
0 0.636979 0.361111 0.0302083 0.137037 0.752611
0 0.636979 0.361111 0.0302083 0.133333 0.756767
0 0.600521 0.358333 0.0322917 0.161111 0.768775
0 0.636979 0.361111 0.0302083 0.137037 0.774615
0 0.6 0.358333 0.0333333 0.161111 0.774668
0 0.6 0.358333 0.0333333 0.164815 0.77624
0 0.600521 0.359259 0.0322917 0.162963 0.779418
0 0.600521 0.359259 0.0322917 0.162963 0.787671
0 0.636458 0.361111 0.03125 0.140741 0.790402
0 0.600521 0.358333 0.0322917 0.161111 0.793416
0 0.635938 0.361111 0.0302083 0.140741 0.798681
0 0.600521 0.358333 0.0322917 0.161111 0.803339
0 0.258854 0.421296 0.0739583 0.37963 0.820817
0 0.636979 0.361111 0.0302083 0.137037 0.823713
0 0.258854 0.42037 0.0739583 0.381481 0.824077
0 0.636979 0.361111 0.0302083 0.137037 0.827484
0 0.258854 0.42037 0.0739583 0.381481 0.829601
0 0.636979 0.360185 0.0302083 0.138889 0.837556
