0 0.366146 0.361111 0.015625 0.0592593 0.250881
0 0.532292 0.4 0.03125 0.114815 0.252467
0 0.529167 0.397222 0.03125 0.12037 0.252512
0 0.540625 0.401852 0.0229167 0.114815 0.255044
0 0.561458 0.39537 0.03125 0.109259 0.258733
0 0.532292 0.4 0.03125 0.114815 0.25889
0 0.365625 0.358333 0.0166667 0.0611111 0.261544
0 0.41875 0.356481 0.0145833 0.0759259 0.267403
0 0.559375 0.405556 0.0333333 0.118519 0.26935
0 0.558854 0.403704 0.0322917 0.118519 0.288542
0 0.364583 0.358333 0.0166667 0.0611111 0.29298
0 0.459375 0.398148 0.0708333 0.151852 0.299634
0 0.561458 0.396296 0.03125 0.111111 0.30503
0 0.775521 0.391667 0.0322917 0.17963 0.307757
0 0.561458 0.39537 0.03125 0.109259 0.308124
0 0.559896 0.405556 0.0322917 0.118519 0.310626
0 0.00677083 0.391667 0.0135417 0.112963 0.31651
0 0.418229 0.362037 0.0135417 0.0722222 0.319096
0 0.558854 0.403704 0.0322917 0.118519 0.319347
0 0.559896 0.405556 0.0322917 0.118519 0.326263
0 0.772917 0.392593 0.0354167 0.185185 0.327773
0 0.559896 0.403704 0.0322917 0.118519 0.3322
0 0.775521 0.392593 0.0322917 0.181481 0.334077
0 0.558854 0.401852 0.0302083 0.118519 0.337029
0 0.772917 0.393519 0.0354167 0.183333 0.344119
0 0.00677083 0.388889 0.0135417 0.111111 0.348543
0 0.418229 0.361111 0.0135417 0.0703704 0.350822
0 0.459896 0.399074 0.065625 0.15 0.353251
0 0.590104 0.360185 0.015625 0.0722222 0.354509
0 0.418229 0.356481 0.0135417 0.0759259 0.365315
0 0.364062 0.360185 0.015625 0.0648148 0.366413
0 0.363021 0.358333 0.015625 0.0611111 0.369161
0 0.366146 0.361111 0.015625 0.0592593 0.371045
0 0.776563 0.394444 0.034375 0.181481 0.374642
0 0.459375 0.399074 0.0666667 0.153704 0.377479
0 0.590625 0.360185 0.0166667 0.0722222 0.379421
0 0.776563 0.39537 0.034375 0.17963 0.380421
0 0.0270833 0.393519 0.03125 0.112963 0.382685
0 0.366146 0.357407 0.015625 0.0592593 0.382775
0 0.558854 0.403704 0.0302083 0.118519 0.384128
0 0.442187 0.394444 0.0302083 0.159259 0.384807
0 0.558854 0.402778 0.0302083 0.116667 0.38489
0 0.776563 0.39537 0.034375 0.17963 0.38761
0 0.442187 0.394444 0.0302083 0.159259 0.3914
0 0.0276042 0.393519 0.0302083 0.116667 0.391722
0 0.590104 0.361111 0.015625 0.0703704 0.39259
0 0.590104 0.361111 0.015625 0.0740741 0.396174
0 0.590104 0.362037 0.015625 0.0759259 0.399183
0 0.418229 0.356481 0.0135417 0.0759259 0.400464
0 0.366146 0.360185 0.015625 0.0574074 0.40078
0 0.590104 0.360185 0.015625 0.0722222 0.401352
0 0.366146 0.357407 0.015625 0.0592593 0.403233
0 0.0276042 0.392593 0.0302083 0.114815 0.404988
0 0.00677083 0.387963 0.0135417 0.112963 0.407529
0 0.363021 0.358333 0.015625 0.0611111 0.41428
0 0.00625 0.391667 0.0125 0.112963 0.417851
0 0.590625 0.360185 0.0166667 0.0722222 0.436021
0 0.00677083 0.388889 0.0135417 0.111111 0.438478
0 0.00625 0.391667 0.0125 0.112963 0.446245
0 0.590104 0.361111 0.015625 0.0703704 0.450772
0 0.0307292 0.393519 0.0302083 0.12037 0.456305
0 0.478646 0.397222 0.028125 0.15 0.462589
0 0.590104 0.362037 0.015625 0.0685185 0.47037
0 0.772396 0.39537 0.034375 0.17963 0.475037
0 0.478646 0.397222 0.028125 0.15 0.476384
0 0.590625 0.361111 0.0145833 0.0740741 0.477571
0 0.590104 0.361111 0.015625 0.0703704 0.477699
0 0.772917 0.39537 0.0354167 0.17963 0.49041
0 0.0296875 0.392593 0.034375 0.114815 0.491484
0 0.772917 0.39537 0.0354167 0.17963 0.501626
0 0.590625 0.361111 0.0145833 0.0703704 0.502109
0 0.03125 0.392593 0.03125 0.118519 0.521434
0 0.0317708 0.392593 0.0322917 0.114815 0.539482
0 0.03125 0.392593 0.03125 0.118519 0.542162
0 0.0317708 0.392593 0.0322917 0.114815 0.544832
0 0.641667 0.382407 0.03125 0.127778 0.545195
0 0.0307292 0.393519 0.0302083 0.12037 0.547445
0 0.03125 0.390741 0.03125 0.118519 0.550995
0 0.03125 0.392593 0.03125 0.118519 0.555807
0 0.0307292 0.392593 0.0302083 0.118519 0.566643
0 0.03125 0.391667 0.03125 0.116667 0.591209
0 0.03125 0.393519 0.03125 0.116667 0.599762
0 0.03125 0.391667 0.03125 0.116667 0.605742
0 0.641146 0.382407 0.0302083 0.124074 0.609484
0 0.03125 0.393519 0.03125 0.116667 0.615962
0 0.641146 0.382407 0.0302083 0.124074 0.632745
0 0.03125 0.393519 0.03125 0.116667 0.636814
0 0.773958 0.39537 0.0354167 0.183333 0.664363
0 0.775 0.39537 0.0354167 0.187037 0.67153
0 0.773958 0.394444 0.0375 0.181481 0.672237
0 0.641667 0.384259 0.0291667 0.124074 0.679418
0 0.773958 0.396296 0.0354167 0.181481 0.67973
0 0.773958 0.396296 0.0333333 0.181481 0.700146
0 0.774479 0.39537 0.034375 0.187037 0.707622
0 0.773438 0.394444 0.0364583 0.181481 0.708385
0 0.773958 0.39537 0.0354167 0.183333 0.711355
0 0.642187 0.384259 0.0302083 0.12037 0.715199
0 0.641667 0.384259 0.0291667 0.12037 0.725919
0 0.773958 0.394444 0.0354167 0.185185 0.734128
0 0.641667 0.385185 0.0291667 0.125926 0.736138
0 0.641667 0.385185 0.0291667 0.125926 0.740052
0 0.442187 0.393519 0.0302083 0.161111 0.741302
0 0.773958 0.39537 0.0354167 0.187037 0.744295
0 0.642187 0.386111 0.028125 0.127778 0.744637
0 0.442708 0.393519 0.03125 0.161111 0.744702
0 0.642187 0.386111 0.028125 0.127778 0.745695
0 0.479167 0.397222 0.0270833 0.157407 0.745809
0 0.641667 0.385185 0.0291667 0.125926 0.747618
0 0.641667 0.385185 0.0291667 0.125926 0.751174
0 0.442708 0.393519 0.03125 0.161111 0.752291
0 0.479167 0.396296 0.0270833 0.155556 0.752574
0 0.641667 0.384259 0.0291667 0.124074 0.757171
0 0.642187 0.385185 0.028125 0.125926 0.757189
0 0.641667 0.385185 0.0291667 0.125926 0.759804
0 0.442708 0.394444 0.03125 0.162963 0.764674
0 0.478646 0.397222 0.028125 0.153704 0.766737
0 0.442708 0.39537 0.03125 0.161111 0.767603
0 0.641667 0.385185 0.0291667 0.125926 0.773739
0 0.479167 0.399074 0.0291667 0.153704 0.777269
0 0.642187 0.385185 0.0302083 0.122222 0.777805
0 0.479167 0.399074 0.0270833 0.153704 0.783008
0 0.442708 0.390741 0.0333333 0.159259 0.792016
0 0.442708 0.390741 0.0333333 0.159259 0.79482
0 0.641667 0.385185 0.0291667 0.122222 0.795631
0 0.478646 0.397222 0.028125 0.153704 0.796498
0 0.442708 0.394444 0.03125 0.162963 0.796656
0 0.479167 0.399074 0.0270833 0.153704 0.813352
0 0.478125 0.397222 0.0270833 0.153704 0.818229
0 0.442708 0.392593 0.03125 0.162963 0.846778
0 0.442708 0.392593 0.03125 0.159259 0.846947
0 0.478646 0.398148 0.028125 0.155556 0.850441
0 0.478646 0.398148 0.028125 0.151852 0.857472
