0 0.348958 0.342593 0.0166667 0.0740741 0.251344
0 0.573958 0.339815 0.0166667 0.0722222 0.251691
0 0.340625 0.344444 0.0208333 0.0814815 0.252527
0 0.353646 0.339815 0.0197917 0.0685185 0.254338
0 0.0197917 0.383333 0.03125 0.133333 0.254399
0 0.0203125 0.384259 0.0302083 0.135185 0.256234
0 0.575 0.341667 0.0166667 0.0722222 0.263636
0 0.44375 0.362037 0.0354167 0.116667 0.265121
0 0.608854 0.368519 0.0260417 0.12963 0.267903
0 0.444271 0.362037 0.0364583 0.116667 0.270517
13 0.403125 0.562037 0.0875 0.172222 0.274042
0 0.0229167 0.372222 0.025 0.133333 0.27838
0 0.608854 0.368519 0.028125 0.12963 0.278892
0 0.0229167 0.372222 0.025 0.133333 0.284707
13 0.403125 0.561111 0.0875 0.17037 0.285313
0 0.495313 0.37037 0.0322917 0.140741 0.287491
0 0.352604 0.340741 0.0177083 0.0703704 0.28835
0 0.371354 0.335185 0.015625 0.0740741 0.289811
13 0.403125 0.561111 0.0875 0.17037 0.291519
0 0.514063 0.337037 0.015625 0.0666667 0.295767
0 0.513021 0.338889 0.0177083 0.0703704 0.296258
0 0.513542 0.337037 0.0166667 0.0703704 0.296723
13 0.401563 0.571296 0.090625 0.190741 0.301349
0 0.44375 0.362037 0.0354167 0.116667 0.311524
0 0.496875 0.373148 0.0291667 0.138889 0.313822
0 0.371354 0.335185 0.0135417 0.0740741 0.316659
0 0.369271 0.337963 0.0197917 0.0759259 0.317398
0 0.514063 0.337963 0.015625 0.0685185 0.323657
0 0.369792 0.338889 0.0166667 0.0740741 0.32622
0 0.513021 0.338889 0.0177083 0.0703704 0.327018
0 0.49375 0.365741 0.0270833 0.124074 0.327108
0 0.608854 0.368519 0.0260417 0.12963 0.332963
0 0.440104 0.362037 0.0260417 0.135185 0.333673
0 0.514583 0.337037 0.0166667 0.0703704 0.337838
0 0.608854 0.369444 0.0260417 0.138889 0.34048
13 0.401563 0.571296 0.0927083 0.190741 0.341005
0 0.608854 0.369444 0.0260417 0.138889 0.348114
0 0.495313 0.371296 0.0322917 0.138889 0.34931
0 0.575 0.338889 0.0166667 0.0703704 0.352837
0 0.494271 0.369444 0.0322917 0.138889 0.353877
0 0.496875 0.373148 0.0291667 0.138889 0.354376
0 0.0223958 0.380556 0.028125 0.131481 0.355024
0 0.513021 0.337963 0.0177083 0.0685185 0.356291
0 0.328646 0.348148 0.0197917 0.0888889 0.358694
13 0.403646 0.573148 0.0864583 0.187037 0.360264
0 0.367708 0.336111 0.0166667 0.0796296 0.364734
13 0.403646 0.573148 0.0864583 0.190741 0.36558
0 0.370833 0.335185 0.0145833 0.0740741 0.366624
0 0.370313 0.338889 0.015625 0.0740741 0.367701
0 0.495313 0.373148 0.0260417 0.131481 0.370223
0 0.575 0.337963 0.0166667 0.0722222 0.372068
0 0.328125 0.348148 0.0208333 0.0888889 0.374242
0 0.514063 0.337963 0.015625 0.0685185 0.379529
0 0.574479 0.337963 0.015625 0.0722222 0.380014
0 0.496354 0.374074 0.028125 0.137037 0.382358
13 0.403646 0.574074 0.0864583 0.188889 0.386699
0 0.575 0.338889 0.0166667 0.0703704 0.39184
0 0.575 0.337963 0.0166667 0.0722222 0.393161
0 0.440104 0.366667 0.0260417 0.144444 0.39662
0 0.328646 0.348148 0.0197917 0.0888889 0.396922
13 0.403646 0.563889 0.0885417 0.183333 0.401169
0 0.513542 0.337037 0.0166667 0.0666667 0.40308
0 0.440104 0.365741 0.0260417 0.142593 0.403992
0 0.496354 0.374074 0.028125 0.137037 0.405691
0 0.653646 0.381481 0.046875 0.225926 0.406251
0 0.513542 0.337037 0.0166667 0.0666667 0.407588
0 0.608854 0.369444 0.0260417 0.127778 0.416907
0 0.370313 0.337963 0.015625 0.0722222 0.417342
0 0.653646 0.382407 0.046875 0.227778 0.419977
0 0.575 0.337963 0.0166667 0.0722222 0.422377
0 0.369792 0.338889 0.0166667 0.0740741 0.424828
0 0.652604 0.37963 0.0510417 0.22963 0.428822
0 0.496875 0.373148 0.0270833 0.138889 0.436934
0 0.369792 0.338889 0.0166667 0.0740741 0.437402
13 0.402604 0.57037 0.0885417 0.188889 0.441709
0 0.371354 0.336111 0.015625 0.0759259 0.442182
13 0.403646 0.564815 0.0885417 0.181481 0.447769
0 0.513542 0.337037 0.0166667 0.0666667 0.449157
0 0.574479 0.339815 0.015625 0.0722222 0.44964
0 0.495833 0.37037 0.0291667 0.140741 0.455339
0 0.021875 0.378704 0.03125 0.146296 0.466467
0 0.0223958 0.383333 0.028125 0.12963 0.466586
0 0.369792 0.338889 0.0166667 0.0740741 0.475302
13 0.402604 0.57037 0.0885417 0.188889 0.485408
0 0.49375 0.364815 0.0270833 0.137037 0.49619
0 0.0213542 0.378704 0.0302083 0.142593 0.499582
0 0.494271 0.365741 0.0260417 0.138889 0.50421
0 0.021875 0.377778 0.03125 0.144444 0.514867
0 0.0229167 0.37963 0.0291667 0.144444 0.516885
0 0.495833 0.37037 0.0291667 0.140741 0.525964
0 0.440104 0.362963 0.028125 0.137037 0.527823
0 0.654688 0.382407 0.046875 0.224074 0.532021
0 0.495313 0.373148 0.0260417 0.135185 0.534038
0 0.495313 0.373148 0.0260417 0.135185 0.538436
0 0.608333 0.367593 0.0270833 0.131481 0.542189
0 0.234375 0.430556 0.10625 0.405556 0.54271
0 0.609375 0.367593 0.0270833 0.135185 0.545236
0 0.0223958 0.37963 0.0302083 0.144444 0.546356
0 0.495313 0.37037 0.028125 0.140741 0.549932
0 0.233333 0.42963 0.104167 0.403704 0.554459
0 0.233333 0.42963 0.104167 0.403704 0.558602
0 0.0229167 0.37963 0.0291667 0.144444 0.563936
0 0.233333 0.42963 0.104167 0.403704 0.565641
0 0.0229167 0.378704 0.0291667 0.146296 0.569009
0 0.0223958 0.37963 0.028125 0.144444 0.575006
0 0.608854 0.366667 0.0260417 0.12963 0.583081
0 0.439583 0.362037 0.0270833 0.138889 0.590013
0 0.0223958 0.383333 0.028125 0.137037 0.591046
0 0.0223958 0.383333 0.028125 0.137037 0.591402
0 0.0223958 0.378704 0.0302083 0.146296 0.591661
0 0.650521 0.382407 0.0510417 0.227778 0.593954
0 0.651042 0.381481 0.05 0.225926 0.598997
0 0.439583 0.362037 0.0270833 0.138889 0.602671
0 0.0223958 0.380556 0.028125 0.142593 0.606005
0 0.440104 0.363889 0.028125 0.131481 0.610642
0 0.0223958 0.380556 0.028125 0.142593 0.613886
0 0.654688 0.382407 0.046875 0.224074 0.616707
0 0.609375 0.367593 0.0270833 0.135185 0.621274
0 0.330729 0.348148 0.0177083 0.0814815 0.624902
0 0.608854 0.364815 0.0260417 0.12963 0.627845
0 0.330729 0.347222 0.0197917 0.0833333 0.635029
0 0.608333 0.367593 0.0270833 0.131481 0.65296
0 0.651563 0.382407 0.053125 0.227778 0.657354
0 0.609375 0.367593 0.0270833 0.135185 0.65893
13 0.404167 0.566667 0.0854167 0.181481 0.658953
0 0.608854 0.367593 0.0260417 0.131481 0.663869
13 0.404167 0.566667 0.0854167 0.177778 0.665602
0 0.609375 0.366667 0.0270833 0.133333 0.668984
0 0.330729 0.35 0.0177083 0.0888889 0.669444
0 0.440625 0.366667 0.0291667 0.137037 0.672482
0 0.654167 0.382407 0.0479167 0.224074 0.681296
0 0.651042 0.380556 0.05 0.227778 0.681448
0 0.608854 0.364815 0.0260417 0.12963 0.684093
0 0.651042 0.380556 0.05 0.231481 0.685017
0 0.608854 0.364815 0.0260417 0.12963 0.690401
0 0.329167 0.347222 0.01875 0.087037 0.695414
13 0.403646 0.566667 0.0885417 0.185185 0.698673
13 0.403646 0.566667 0.0885417 0.185185 0.698712
0 0.652083 0.381481 0.0520833 0.22963 0.699891
0 0.330208 0.35 0.01875 0.0888889 0.701506
13 0.402604 0.565741 0.0864583 0.17963 0.703525
0 0.608854 0.366667 0.0260417 0.12963 0.704484
13 0.403646 0.566667 0.0885417 0.185185 0.704674
0 0.440104 0.365741 0.028125 0.138889 0.708183
13 0.403125 0.568519 0.0875 0.181481 0.708705
13 0.403125 0.568519 0.0875 0.181481 0.709183
13 0.403125 0.568519 0.0875 0.181481 0.710485
0 0.330729 0.349074 0.0177083 0.0907407 0.714307
13 0.403646 0.567593 0.0864583 0.17963 0.7223
0 0.652604 0.381481 0.0510417 0.22963 0.724574
13 0.402604 0.564815 0.0864583 0.177778 0.732178
0 0.653125 0.381481 0.05 0.225926 0.742197
0 0.330729 0.346296 0.0197917 0.0888889 0.743605
0 0.440104 0.366667 0.028125 0.137037 0.748114
13 0.403646 0.566667 0.0864583 0.177778 0.757474
0 0.234375 0.42963 0.10625 0.403704 0.760056
0 0.653125 0.382407 0.05 0.227778 0.764004
0 0.440104 0.366667 0.028125 0.140741 0.764069
0 0.330729 0.346296 0.0197917 0.0888889 0.769232
0 0.330729 0.346296 0.0197917 0.0888889 0.769739
0 0.440104 0.363889 0.028125 0.135185 0.78266
0 0.653125 0.382407 0.05 0.227778 0.786088
0 0.440104 0.363889 0.028125 0.135185 0.788775
0 0.440104 0.365741 0.028125 0.142593 0.795983
0 0.440625 0.366667 0.0270833 0.140741 0.801088
0 0.440104 0.362037 0.028125 0.138889 0.803089
0 0.233333 0.430556 0.104167 0.405556 0.811019
0 0.440104 0.362037 0.028125 0.135185 0.811221
0 0.233333 0.42963 0.104167 0.407407 0.812269
0 0.233333 0.430556 0.104167 0.409259 0.823868
0 0.653646 0.378704 0.046875 0.227778 0.841609
0 0.653646 0.37963 0.046875 0.22963 0.846041
0 0.233854 0.430556 0.107292 0.401852 0.864619
0 0.233854 0.428704 0.105208 0.401852 0.867603
0 0.234375 0.428704 0.10625 0.401852 0.885443
0 0.233854 0.430556 0.107292 0.401852 0.888078
0 0.233854 0.430556 0.105208 0.405556 0.894
0 0.233854 0.430556 0.105208 0.405556 0.896246
0 0.233854 0.430556 0.105208 0.405556 0.896998
