0 0.685417 0.387963 0.04375 0.27963 0.251766
0 0.122396 0.518519 0.161458 0.544444 0.2519
0 0.122917 0.518519 0.1625 0.548148 0.254203
24 0.727083 0.364815 0.0291667 0.0925926 0.25555
0 0.359896 0.352778 0.021875 0.105556 0.256584
0 0.611458 0.37037 0.0291667 0.133333 0.257219
0 0.359896 0.352778 0.021875 0.109259 0.25981
0 0.511979 0.360185 0.0239583 0.0981481 0.26449
24 0.727604 0.364815 0.028125 0.0925926 0.264867
0 0.533854 0.338889 0.015625 0.0666667 0.264972
0 0.383854 0.341667 0.0135417 0.0611111 0.271208
0 0.511979 0.360185 0.0239583 0.0981481 0.272111
0 0.488542 0.371296 0.0229167 0.12037 0.272208
0 0.384896 0.339815 0.0177083 0.0685185 0.274745
0 0.508854 0.360185 0.0239583 0.101852 0.276061
0 0.488542 0.372222 0.0229167 0.118519 0.282851
0 0.704687 0.39537 0.0697917 0.290741 0.285823
0 0.188021 0.435185 0.053125 0.27037 0.288976
0 0.611458 0.37037 0.0270833 0.133333 0.289964
0 0.611458 0.369444 0.0291667 0.131481 0.291753
0 0.713542 0.401852 0.0541667 0.303704 0.299034
0 0.389583 0.338889 0.0166667 0.0703704 0.299344
0 0.360417 0.353704 0.0229167 0.107407 0.305365
0 0.360417 0.353704 0.0270833 0.107407 0.306891
0 0.123958 0.507407 0.1625 0.544444 0.311886
0 0.360417 0.355556 0.0270833 0.107407 0.322256
0 0.445312 0.375 0.028125 0.146296 0.324731
0 0.445312 0.375 0.028125 0.146296 0.325407
0 0.389583 0.338889 0.0166667 0.0703704 0.326453
0 0.682813 0.394444 0.0364583 0.27037 0.327285
0 0.389062 0.339815 0.015625 0.0722222 0.329469
0 0.534375 0.339815 0.0145833 0.0648148 0.332735
0 0.189063 0.432407 0.053125 0.275926 0.334697
0 0.683333 0.394444 0.0375 0.266667 0.347705
0 0.683333 0.393519 0.0375 0.261111 0.352257
24 0.724479 0.359259 0.0364583 0.0962963 0.358856
24 0.723437 0.355556 0.0364583 0.111111 0.36057
0 0.532812 0.340741 0.015625 0.0666667 0.364106
0 0.705208 0.396296 0.06875 0.281481 0.366901
0 0.389583 0.338889 0.0166667 0.0703704 0.367202
24 0.723958 0.357407 0.0354167 0.1 0.370227
0 0.491146 0.365741 0.0197917 0.116667 0.370613
24 0.724479 0.357407 0.0364583 0.1 0.370729
0 0.611458 0.365741 0.0291667 0.131481 0.372676
0 0.534375 0.337963 0.0145833 0.0648148 0.37516
0 0.533854 0.337037 0.0135417 0.0592593 0.379403
0 0.388542 0.339815 0.0145833 0.0722222 0.379834
0 0.490625 0.365741 0.0208333 0.116667 0.381246
0 0.490625 0.364815 0.0208333 0.114815 0.381818
0 0.501562 0.369444 0.028125 0.112963 0.38316
0 0.191146 0.433333 0.0489583 0.266667 0.386236
0 0.128125 0.507407 0.16875 0.577778 0.387278
0 0.611979 0.366667 0.028125 0.133333 0.389998
0 0.188542 0.424074 0.0479167 0.266667 0.391468
24 0.726042 0.363889 0.03125 0.087037 0.392769
0 0.703646 0.397222 0.0697917 0.290741 0.396659
0 0.702604 0.398148 0.0697917 0.285185 0.397193
24 0.726562 0.362963 0.0302083 0.0888889 0.397709
0 0.443229 0.368519 0.0302083 0.133333 0.402745
0 0.533854 0.337037 0.0135417 0.0592593 0.402807
0 0.6125 0.364815 0.0291667 0.12963 0.406807
0 0.508333 0.363889 0.01875 0.0944444 0.408074
24 0.724479 0.359259 0.034375 0.1 0.410663
0 0.128125 0.509259 0.166667 0.555556 0.412607
0 0.491146 0.374074 0.021875 0.125926 0.413511
24 0.726042 0.362963 0.03125 0.0888889 0.413705
0 0.6125 0.365741 0.0270833 0.135185 0.417792
0 0.704687 0.396296 0.0677083 0.277778 0.429105
0 0.360417 0.353704 0.0229167 0.107407 0.429682
0 0.189583 0.42963 0.0520833 0.274074 0.445392
0 0.360417 0.35463 0.025 0.105556 0.445984
0 0.189063 0.424074 0.046875 0.266667 0.450381
0 0.508333 0.363889 0.01875 0.0907407 0.452293
24 0.724479 0.359259 0.034375 0.1 0.456265
24 0.723958 0.361111 0.0354167 0.1 0.457669
0 0.491667 0.371296 0.0229167 0.131481 0.466061
0 0.707292 0.396296 0.0625 0.288889 0.469983
0 0.6875 0.39537 0.0395833 0.283333 0.474305
0 0.508333 0.363889 0.01875 0.0907407 0.474493
0 0.705208 0.396296 0.0645833 0.288889 0.474677
0 0.707292 0.397222 0.0625 0.290741 0.475367
0 0.508333 0.366667 0.0208333 0.1 0.478415
0 0.533854 0.339815 0.0135417 0.0648148 0.482274
0 0.360417 0.355556 0.025 0.107407 0.483855
24 0.723437 0.362037 0.0364583 0.0981481 0.488449
0 0.707292 0.397222 0.0625 0.290741 0.488873
0 0.533854 0.339815 0.0135417 0.0648148 0.495875
0 0.189063 0.425 0.046875 0.268519 0.496572
24 0.725 0.360185 0.0333333 0.0981481 0.50199
0 0.491146 0.375 0.021875 0.131481 0.502907
0 0.491146 0.375 0.021875 0.131481 0.508798
0 0.6125 0.366667 0.0291667 0.133333 0.510146
0 0.704687 0.396296 0.0677083 0.281481 0.514904
0 0.533854 0.339815 0.0135417 0.0648148 0.517768
0 0.491667 0.371296 0.0229167 0.135185 0.519701
0 0.6125 0.365741 0.0291667 0.131481 0.526016
0 0.533854 0.338889 0.0135417 0.062963 0.527139
0 0.189063 0.433333 0.053125 0.274074 0.529512
0 0.190625 0.428704 0.05 0.275926 0.530715
0 0.686458 0.397222 0.0416667 0.275926 0.532112
0 0.508333 0.366667 0.0208333 0.103704 0.532603
0 0.508333 0.366667 0.0208333 0.103704 0.537805
0 0.686979 0.396296 0.0427083 0.277778 0.538575
0 0.190625 0.42963 0.05 0.274074 0.538801
0 0.190625 0.42963 0.05 0.274074 0.544719
0 0.686458 0.396296 0.0416667 0.274074 0.545874
0 0.611979 0.366667 0.028125 0.133333 0.547722
0 0.611979 0.366667 0.028125 0.133333 0.549332
0 0.691667 0.397222 0.0520833 0.275926 0.554251
0 0.189583 0.427778 0.0520833 0.274074 0.558944
0 0.611979 0.364815 0.028125 0.133333 0.5686
0 0.703646 0.396296 0.065625 0.288889 0.581175
0 0.692187 0.397222 0.053125 0.275926 0.581567
0 0.611979 0.365741 0.028125 0.131481 0.59315
0 0.692187 0.397222 0.053125 0.275926 0.617906
0 0.190104 0.432407 0.053125 0.268519 0.620265
0 0.702083 0.398148 0.0645833 0.281481 0.627358
0 0.127083 0.524074 0.164583 0.52963 0.650073
0 0.6125 0.365741 0.0270833 0.135185 0.651934
0 0.189063 0.42963 0.0489583 0.274074 0.652982
0 0.444792 0.375 0.03125 0.157407 0.654564
0 0.6125 0.365741 0.0270833 0.135185 0.655118
0 0.128125 0.523148 0.166667 0.527778 0.656262
0 0.128125 0.523148 0.166667 0.527778 0.658187
0 0.444792 0.375 0.03125 0.157407 0.660768
0 0.444271 0.372222 0.0302083 0.151852 0.665105
0 0.189583 0.42963 0.05 0.274074 0.674219
0 0.189063 0.42963 0.0489583 0.274074 0.674221
0 0.444271 0.375 0.0302083 0.157407 0.681176
0 0.444271 0.373148 0.0302083 0.153704 0.68915
0 0.692708 0.397222 0.0520833 0.283333 0.689856
0 0.703646 0.398148 0.0677083 0.292593 0.694938
0 0.360417 0.35463 0.0208333 0.105556 0.699866
0 0.127604 0.517593 0.165625 0.538889 0.701526
0 0.443229 0.37037 0.0302083 0.144444 0.704345
0 0.443229 0.369444 0.0302083 0.142593 0.708038
0 0.611979 0.369444 0.028125 0.131481 0.734979
0 0.611979 0.369444 0.028125 0.131481 0.73728
0 0.444271 0.373148 0.0302083 0.153704 0.745864
0 0.6125 0.369444 0.0291667 0.131481 0.76031
0 0.128125 0.512963 0.164583 0.540741 0.764643
0 0.611979 0.369444 0.028125 0.131481 0.767502
0 0.360417 0.35463 0.025 0.105556 0.771424
0 0.444271 0.374074 0.0302083 0.151852 0.775687
0 0.360938 0.356481 0.0239583 0.109259 0.790157
0 0.611979 0.369444 0.028125 0.131481 0.790223
0 0.44375 0.373148 0.0291667 0.153704 0.793918
0 0.360938 0.355556 0.021875 0.111111 0.794874
0 0.6125 0.368519 0.0291667 0.133333 0.795286
0 0.360938 0.356481 0.0239583 0.109259 0.803318
0 0.44375 0.373148 0.0291667 0.153704 0.803966
0 0.127604 0.518519 0.165625 0.537037 0.807474
0 0.129167 0.517593 0.166667 0.538889 0.80945
0 0.127083 0.512963 0.166667 0.548148 0.818818
0 0.129167 0.518519 0.166667 0.540741 0.826756
0 0.443229 0.37037 0.0302083 0.148148 0.832378
0 0.127604 0.519444 0.165625 0.538889 0.839592
0 0.443229 0.37037 0.0302083 0.144444 0.842681
0 0.360417 0.355556 0.0229167 0.111111 0.845899
0 0.360417 0.356481 0.0229167 0.112963 0.852004
0 0.359896 0.355556 0.0239583 0.107407 0.852598
0 0.359896 0.355556 0.0239583 0.111111 0.868608
0 0.126042 0.518519 0.164583 0.544444 0.872123
0 0.126042 0.518519 0.164583 0.544444 0.900039
0 0.126042 0.518519 0.164583 0.544444 0.905918
