0 0.829687 0.391667 0.028125 0.142593 0.251647
0 0.543229 0.402778 0.0302083 0.146296 0.255248
0 0.829687 0.391667 0.028125 0.142593 0.256089
0 0.192708 0.39537 0.0229167 0.112963 0.256754
0 0.543229 0.402778 0.0302083 0.146296 0.25802
0 0.545313 0.398148 0.0322917 0.151852 0.26083
0 0.0614583 0.436111 0.05 0.212963 0.26392
0 0.973437 0.55463 0.053125 0.538889 0.264669
0 0.4375 0.366667 0.0270833 0.111111 0.265068
0 0.0614583 0.436111 0.05 0.216667 0.265933
0 0.0614583 0.436111 0.05 0.216667 0.268913
0 0.194271 0.394444 0.0260417 0.118519 0.272294
0 0.19375 0.39537 0.0270833 0.116667 0.274336
13 0.438021 0.597222 0.178125 0.105556 0.27645
0 0.545313 0.397222 0.0322917 0.15 0.279023
0 0.4375 0.368519 0.0270833 0.114815 0.281153
0 0.293229 0.372222 0.0239583 0.0851852 0.28362
13 0.392708 0.448148 0.0833333 0.0814815 0.2861
13 0.438542 0.597222 0.177083 0.105556 0.287599
0 0.2875 0.376852 0.0208333 0.0981481 0.288928
0 0.0645833 0.432407 0.0520833 0.216667 0.293423
0 0.830208 0.392593 0.0291667 0.148148 0.294462
13 0.393229 0.450926 0.0927083 0.0796296 0.296824
13 0.436458 0.598148 0.175 0.111111 0.296856
0 0.830208 0.392593 0.0291667 0.148148 0.302689
0 0.978125 0.556481 0.04375 0.535185 0.303705
0 0.977604 0.555556 0.0447917 0.544444 0.305867
13 0.393229 0.450926 0.0927083 0.0759259 0.308087
13 0.440625 0.599074 0.18125 0.116667 0.309222
0 0.830208 0.392593 0.0291667 0.148148 0.319098
0 0.829167 0.391667 0.0270833 0.146296 0.322916
0 0.288021 0.376852 0.021875 0.0944444 0.326618
13 0.399479 0.442593 0.0927083 0.0814815 0.328267
0 0.0135417 0.434259 0.0270833 0.175926 0.328969
13 0.39375 0.446296 0.1 0.0851852 0.33065
13 0.399479 0.443519 0.0927083 0.0796296 0.3331
0 0.969271 0.575 0.0614583 0.524074 0.333207
0 0.0135417 0.434259 0.0270833 0.17963 0.335803
0 0.969271 0.575 0.0614583 0.527778 0.338374
0 0.194271 0.39537 0.0260417 0.116667 0.338718
0 0.194792 0.398148 0.0229167 0.118519 0.345231
0 0.4375 0.366667 0.0270833 0.111111 0.345943
0 0.194792 0.399074 0.0208333 0.116667 0.349108
0 0.194792 0.399074 0.0208333 0.116667 0.349256
0 0.0328125 0.437037 0.065625 0.214815 0.350027
0 0.829167 0.391667 0.0270833 0.142593 0.35228
0 0.967708 0.565741 0.0645833 0.527778 0.353446
13 0.438021 0.598148 0.178125 0.111111 0.35759
0 0.829687 0.390741 0.028125 0.144444 0.360196
0 0.4375 0.368519 0.0270833 0.114815 0.362468
0 0.829687 0.390741 0.028125 0.144444 0.36304
13 0.436458 0.599074 0.18125 0.112963 0.375074
0 0.829687 0.391667 0.028125 0.146296 0.375899
13 0.435937 0.598148 0.180208 0.111111 0.378583
13 0.395833 0.44537 0.09375 0.0833333 0.380972
0 0.0322917 0.437037 0.0625 0.211111 0.386981
13 0.395833 0.44537 0.09375 0.0833333 0.387185
13 0.397917 0.444444 0.0979167 0.0814815 0.389045
0 0.541667 0.397222 0.03125 0.153704 0.389705
0 0.282813 0.376852 0.0197917 0.087037 0.389931
0 0.829687 0.390741 0.028125 0.144444 0.390587
0 0.968229 0.563889 0.0635417 0.527778 0.391053
0 0.489062 0.374074 0.028125 0.1 0.39438
13 0.397396 0.447222 0.0947917 0.0833333 0.395003
0 0.282813 0.376852 0.0197917 0.087037 0.396265
0 0.19375 0.394444 0.025 0.114815 0.402055
0 0.483333 0.373148 0.0208333 0.109259 0.402145
0 0.334375 0.358333 0.0229167 0.0722222 0.406146
0 0.542188 0.397222 0.0302083 0.15 0.406439
0 0.829687 0.390741 0.028125 0.144444 0.406465
0 0.194271 0.393519 0.0260417 0.116667 0.407762
0 0.435937 0.363889 0.0260417 0.116667 0.411031
0 0.0322917 0.437037 0.0625 0.214815 0.415151
0 0.439583 0.364815 0.0270833 0.114815 0.41517
0 0.829687 0.390741 0.028125 0.144444 0.4164
0 0.542708 0.393519 0.03125 0.15 0.417801
0 0.489062 0.374074 0.028125 0.103704 0.418648
13 0.436979 0.597222 0.182292 0.112963 0.419109
0 0.282813 0.376852 0.0197917 0.087037 0.420228
0 0.334375 0.357407 0.0208333 0.0703704 0.421597
0 0.542708 0.394444 0.03125 0.148148 0.421708
0 0.330729 0.359259 0.0239583 0.0666667 0.421805
0 0.435937 0.364815 0.0260417 0.114815 0.425267
0 0.483333 0.373148 0.0208333 0.112963 0.426206
0 0.435937 0.364815 0.0260417 0.114815 0.428569
0 0.489062 0.374074 0.028125 0.103704 0.430441
0 0.194271 0.394444 0.0239583 0.114815 0.430731
0 0.483333 0.373148 0.0208333 0.116667 0.438271
0 0.333333 0.359259 0.0208333 0.0703704 0.440264
0 0.439583 0.364815 0.0270833 0.111111 0.441904
0 0.439583 0.364815 0.0270833 0.111111 0.442541
0 0.334375 0.358333 0.0208333 0.0685185 0.448784
0 0.498437 0.372222 0.015625 0.0888889 0.450457
0 0.0609375 0.428704 0.0510417 0.212963 0.45181
0 0.333333 0.358333 0.0208333 0.0685185 0.455502
0 0.967188 0.565741 0.065625 0.527778 0.460351
0 0.289062 0.376852 0.0197917 0.0944444 0.461501
0 0.288542 0.376852 0.0208333 0.0981481 0.462058
0 0.333333 0.358333 0.0208333 0.0685185 0.472706
0 0.483333 0.376852 0.0208333 0.112963 0.47406
0 0.4375 0.369444 0.0229167 0.105556 0.474214
0 0.497917 0.373148 0.0166667 0.0907407 0.478212
0 0.289062 0.376852 0.0197917 0.0981481 0.478397
0 0.497917 0.373148 0.0166667 0.0907407 0.478935
0 0.4375 0.368519 0.0229167 0.107407 0.490752
0 0.4375 0.369444 0.0229167 0.109259 0.495458
0 0.332812 0.358333 0.0197917 0.0685185 0.495712
0 0.0609375 0.427778 0.0510417 0.214815 0.499032
0 0.333333 0.358333 0.0208333 0.0685185 0.514255
0 0.333333 0.358333 0.0208333 0.0685185 0.520789
0 0.484375 0.377778 0.0229167 0.111111 0.523567
0 0.438542 0.37037 0.025 0.107407 0.525087
0 0.333333 0.358333 0.0208333 0.0685185 0.527655
0 0.4375 0.368519 0.025 0.111111 0.533487
0 0.4375 0.367593 0.025 0.109259 0.536932
0 0.438542 0.37037 0.0229167 0.107407 0.538445
0 0.438542 0.37037 0.0229167 0.107407 0.541802
0 0.598437 0.383333 0.0302083 0.162963 0.544861
0 0.333333 0.358333 0.0208333 0.0685185 0.545089
0 0.598437 0.383333 0.0302083 0.162963 0.545447
0 0.0604167 0.428704 0.0520833 0.212963 0.553576
0 0.0145833 0.435185 0.0291667 0.188889 0.58205
0 0.484375 0.376852 0.0229167 0.109259 0.58766
0 0.483333 0.375 0.0208333 0.105556 0.59532
0 0.0145833 0.436111 0.0291667 0.190741 0.595512
0 0.483333 0.375926 0.0208333 0.107407 0.597434
0 0.19375 0.391667 0.025 0.109259 0.605414
0 0.482812 0.375926 0.021875 0.107407 0.606196
0 0.0619792 0.433333 0.0489583 0.214815 0.610067
0 0.0625 0.432407 0.0479167 0.22037 0.614109
0 0.0619792 0.433333 0.0489583 0.214815 0.61721
0 0.0640625 0.434259 0.0489583 0.216667 0.61935
0 0.19375 0.391667 0.025 0.109259 0.622667
0 0.0640625 0.434259 0.0489583 0.212963 0.625398
0 0.19375 0.394444 0.025 0.114815 0.625932
0 0.193229 0.391667 0.0239583 0.109259 0.631705
0 0.0625 0.431481 0.0479167 0.218519 0.636964
0 0.194271 0.394444 0.0239583 0.118519 0.640672
0 0.194271 0.394444 0.0239583 0.118519 0.640971
0 0.0140625 0.441667 0.028125 0.17963 0.641767
0 0.0598958 0.432407 0.053125 0.224074 0.658068
0 0.0135417 0.441667 0.0270833 0.17963 0.659696
0 0.0140625 0.440741 0.028125 0.181481 0.667306
0 0.19375 0.394444 0.0229167 0.118519 0.677924
0 0.0609375 0.431481 0.0510417 0.222222 0.678603
0 0.194271 0.394444 0.0239583 0.118519 0.684581
0 0.54375 0.399074 0.03125 0.153704 0.688228
0 0.0609375 0.430556 0.0510417 0.22037 0.692203
0 0.0619792 0.431481 0.0510417 0.214815 0.695575
0 0.597917 0.380556 0.03125 0.157407 0.703863
0 0.0140625 0.437963 0.028125 0.183333 0.704924
0 0.543229 0.399074 0.0302083 0.153704 0.709142
0 0.0614583 0.431481 0.0520833 0.218519 0.710839
0 0.597917 0.380556 0.03125 0.157407 0.712219
0 0.597917 0.380556 0.03125 0.157407 0.712756
0 0.54375 0.398148 0.03125 0.151852 0.713139
0 0.194271 0.39537 0.0239583 0.116667 0.713803
0 0.543229 0.399074 0.0302083 0.153704 0.715892
0 0.543229 0.399074 0.0302083 0.153704 0.71635
0 0.54375 0.398148 0.03125 0.151852 0.720467
0 0.0619792 0.431481 0.0510417 0.218519 0.721561
0 0.54375 0.397222 0.03125 0.153704 0.728217
0 0.0140625 0.437037 0.028125 0.181481 0.728527
0 0.54375 0.398148 0.03125 0.155556 0.729292
0 0.0614583 0.431481 0.05 0.218519 0.733861
0 0.54375 0.398148 0.03125 0.151852 0.738112
0 0.54375 0.398148 0.03125 0.151852 0.747664
0 0.0140625 0.438889 0.028125 0.177778 0.75118
0 0.543229 0.398148 0.0322917 0.151852 0.755274
0 0.970833 0.565741 0.0583333 0.531482 0.758995
0 0.0140625 0.438889 0.028125 0.177778 0.760845
0 0.970312 0.567593 0.059375 0.531482 0.762274
0 0.0140625 0.437963 0.028125 0.183333 0.762822
0 0.0135417 0.438889 0.0270833 0.181481 0.765948
0 0.0130208 0.438889 0.0260417 0.181481 0.766131
0 0.969792 0.562963 0.0604167 0.522222 0.775127
0 0.0614583 0.431481 0.05 0.214815 0.778725
0 0.597917 0.381481 0.03125 0.159259 0.80019
0 0.969792 0.565741 0.0604167 0.527778 0.800745
0 0.597917 0.381481 0.03125 0.159259 0.806644
0 0.597917 0.380556 0.03125 0.161111 0.808276
0 0.597917 0.382407 0.03125 0.161111 0.808865
0 0.598437 0.381481 0.0302083 0.155556 0.811257
0 0.598437 0.381481 0.0302083 0.159259 0.812902
0 0.969792 0.565741 0.0604167 0.527778 0.825925
0 0.597917 0.381481 0.03125 0.159259 0.826236
0 0.598437 0.382407 0.0322917 0.157407 0.840679
0 0.598437 0.381481 0.0302083 0.159259 0.843212
0 0.970312 0.564815 0.059375 0.548148 0.85249
0 0.970833 0.565741 0.0583333 0.546296 0.853185
0 0.598437 0.382407 0.0302083 0.161111 0.856943
