13 0.394792 0.575 0.139583 0.0722222 0.25061
0 0.26875 0.448148 0.0270833 0.111111 0.253309
0 0.96875 0.425926 0.05625 0.303704 0.253769
0 0.761458 0.561111 0.110417 0.488889 0.254609
13 0.401042 0.576852 0.154167 0.0796296 0.25549
0 0.645312 0.418519 0.0177083 0.0481481 0.258721
13 0.390625 0.575926 0.141667 0.0740741 0.259179
13 0.395312 0.576852 0.142708 0.0722222 0.2595
13 0.402604 0.573148 0.153125 0.0722222 0.266366
13 0.317708 0.493519 0.0645833 0.0648148 0.269961
13 0.317187 0.493519 0.065625 0.0648148 0.279413
0 0.267708 0.446296 0.0270833 0.114815 0.282875
0 0.03125 0.491667 0.0520833 0.198148 0.28484
0 0.328125 0.421296 0.0145833 0.0611111 0.293312
0 0.328125 0.42037 0.0166667 0.062963 0.29424
0 0.442708 0.437037 0.0166667 0.1 0.298802
0 0.0296875 0.494444 0.0427083 0.188889 0.306871
0 0.442187 0.437963 0.0177083 0.0981481 0.313142
0 0.327604 0.417593 0.0135417 0.0611111 0.314698
0 0.967708 0.438889 0.05625 0.318519 0.317761
0 0.03125 0.491667 0.0520833 0.198148 0.317923
0 0.059375 0.481481 0.0333333 0.181481 0.320435
0 0.327604 0.421296 0.015625 0.0574074 0.325139
0 0.442708 0.437037 0.0166667 0.1 0.32622
0 0.327604 0.417593 0.0135417 0.0611111 0.32799
0 0.379167 0.438889 0.01875 0.0925926 0.334054
0 0.327604 0.42037 0.0135417 0.062963 0.339421
0 0.267708 0.448148 0.025 0.111111 0.343923
0 0.0588542 0.480556 0.034375 0.17963 0.34409
0 0.0692708 0.467593 0.0322917 0.138889 0.346293
0 0.0708333 0.463889 0.0291667 0.116667 0.348828
13 0.311458 0.493519 0.0791667 0.0648148 0.35157
0 0.377604 0.439815 0.0197917 0.0981481 0.353695
0 0.379167 0.438889 0.01875 0.0962963 0.358221
0 0.0307292 0.494444 0.0427083 0.188889 0.364439
0 0.265625 0.447222 0.0229167 0.12037 0.365418
0 0.0635417 0.475 0.0395833 0.172222 0.370264
0 0.757812 0.574074 0.111458 0.485185 0.370689
13 0.310417 0.494444 0.0791667 0.0666667 0.37098
0 0.327604 0.421296 0.015625 0.0611111 0.372942
0 0.0692708 0.467593 0.0322917 0.138889 0.373809
0 0.268229 0.449074 0.0239583 0.112963 0.374991
0 0.379167 0.438889 0.01875 0.0962963 0.376064
0 0.269792 0.444444 0.025 0.111111 0.376355
0 0.377604 0.440741 0.0197917 0.1 0.378481
0 0.0708333 0.463889 0.0291667 0.116667 0.381736
0 0.0708333 0.463889 0.0270833 0.116667 0.382306
0 0.265625 0.447222 0.0229167 0.12037 0.385054
13 0.310417 0.494444 0.0791667 0.0666667 0.386197
13 0.311458 0.493519 0.0770833 0.0648148 0.386736
0 0.268229 0.449074 0.0239583 0.112963 0.391036
0 0.328125 0.421296 0.0145833 0.0574074 0.391976
0 0.0635417 0.475 0.0395833 0.172222 0.394986
0 0.265625 0.447222 0.0229167 0.12037 0.397188
0 0.0328125 0.493519 0.0447917 0.190741 0.398237
0 0.0677083 0.475926 0.0333333 0.162963 0.402176
0 0.377604 0.440741 0.0197917 0.1 0.403092
0 0.0395833 0.487963 0.0479167 0.187037 0.404664
0 0.400521 0.437963 0.034375 0.101852 0.408415
0 0.0671875 0.475 0.034375 0.161111 0.420477
0 0.327604 0.421296 0.015625 0.0574074 0.435939
0 0.0692708 0.466667 0.0302083 0.125926 0.441052
0 0.0390625 0.488889 0.046875 0.188889 0.441938
0 0.0692708 0.467593 0.0322917 0.138889 0.453391
0 0.967708 0.428704 0.05625 0.316667 0.453997
0 0.378646 0.440741 0.0197917 0.1 0.463565
0 0.327604 0.421296 0.0135417 0.0611111 0.466116
0 0.0328125 0.494444 0.0447917 0.188889 0.472207
0 0.491146 0.47037 0.034375 0.148148 0.473479
0 0.0307292 0.493519 0.0427083 0.190741 0.478877
0 0.491146 0.47037 0.034375 0.148148 0.479914
0 0.327604 0.421296 0.0135417 0.0611111 0.494029
0 0.267708 0.447222 0.025 0.105556 0.504433
0 0.378646 0.440741 0.0197917 0.0962963 0.5115
0 0.267708 0.446296 0.025 0.111111 0.51418
0 0.0661458 0.473148 0.034375 0.146296 0.515478
0 0.065625 0.474074 0.0354167 0.148148 0.527058
0 0.268229 0.448148 0.0239583 0.107407 0.531997
0 0.378646 0.441667 0.0197917 0.0981481 0.536866
0 0.268229 0.448148 0.0239583 0.107407 0.540855
0 0.378646 0.441667 0.0197917 0.0981481 0.54357
0 0.065625 0.474074 0.0354167 0.148148 0.555278
0 0.06875 0.47037 0.03125 0.137037 0.559654
0 0.267708 0.448148 0.0229167 0.111111 0.561226
0 0.967708 0.433333 0.0583333 0.307407 0.57258
0 0.0692708 0.47037 0.0302083 0.137037 0.575604
0 0.378646 0.439815 0.0197917 0.101852 0.577765
0 0.0697917 0.466667 0.03125 0.137037 0.579793
0 0.0692708 0.47037 0.0322917 0.137037 0.580032
0 0.0703125 0.465741 0.0302083 0.135185 0.580836
0 0.0328125 0.493519 0.0447917 0.190741 0.580891
0 0.408333 0.437963 0.01875 0.101852 0.581295
0 0.96875 0.430556 0.0583333 0.312963 0.589551
0 0.408333 0.437963 0.01875 0.101852 0.591644
0 0.408333 0.437037 0.01875 0.1 0.594249
0 0.96875 0.430556 0.0583333 0.316667 0.59951
0 0.96875 0.430556 0.0583333 0.312963 0.612136
0 0.0296875 0.494444 0.040625 0.192593 0.61953
0 0.969271 0.432407 0.0572917 0.305556 0.624718
0 0.96875 0.432407 0.05625 0.312963 0.628205
0 0.0296875 0.493519 0.040625 0.190741 0.638294
0 0.969271 0.433333 0.0572917 0.311111 0.642341
0 0.75625 0.573148 0.1125 0.487037 0.653529
0 0.96875 0.433333 0.05625 0.311111 0.656447
0 0.96875 0.432407 0.05625 0.312963 0.668296
0 0.758333 0.574074 0.1125 0.511111 0.673523
0 0.757812 0.574074 0.111458 0.507407 0.675017
0 0.44375 0.436111 0.0208333 0.101852 0.67776
0 0.0307292 0.491667 0.0447917 0.194444 0.686845
0 0.0322917 0.493519 0.0458333 0.194444 0.697007
0 0.442708 0.437037 0.0208333 0.103704 0.697939
0 0.44375 0.436111 0.0208333 0.105556 0.699579
0 0.408854 0.437963 0.0197917 0.0981481 0.701376
0 0.44375 0.436111 0.0208333 0.105556 0.702281
0 0.407813 0.437037 0.0197917 0.1 0.7025
0 0.442708 0.435185 0.0208333 0.103704 0.703143
0 0.0317708 0.493519 0.0447917 0.194444 0.709953
0 0.0307292 0.492593 0.0447917 0.196296 0.710157
0 0.491667 0.468519 0.0333333 0.148148 0.714894
0 0.0317708 0.493519 0.0447917 0.194444 0.726854
0 0.44375 0.435185 0.0208333 0.1 0.728661
0 0.757292 0.569444 0.108333 0.483333 0.730438
0 0.491667 0.467593 0.0333333 0.15 0.738609
0 0.408854 0.437963 0.0197917 0.101852 0.745179
0 0.44375 0.436111 0.0208333 0.101852 0.748751
0 0.44375 0.436111 0.0208333 0.101852 0.749561
0 0.408854 0.437963 0.0197917 0.101852 0.752247
0 0.407813 0.436111 0.0197917 0.101852 0.753915
0 0.408333 0.435185 0.01875 0.1 0.768803
0 0.491146 0.468519 0.0322917 0.151852 0.784193
0 0.408333 0.436111 0.01875 0.101852 0.785986
0 0.491667 0.468519 0.0333333 0.151852 0.786322
0 0.408333 0.436111 0.01875 0.101852 0.791713
0 0.491667 0.468519 0.0333333 0.151852 0.802552
0 0.491146 0.468519 0.0322917 0.151852 0.805552
0 0.491667 0.468519 0.0333333 0.151852 0.805947
0 0.44375 0.435185 0.0208333 0.107407 0.810638
0 0.491667 0.468519 0.0333333 0.151852 0.820032
0 0.491146 0.468519 0.0322917 0.151852 0.825836
0 0.758854 0.575 0.113542 0.494444 0.826006
0 0.491667 0.468519 0.0333333 0.151852 0.828584
0 0.491667 0.469444 0.0333333 0.146296 0.832949
0 0.491146 0.469444 0.0322917 0.15 0.838916
0 0.491667 0.467593 0.0333333 0.15 0.842907
0 0.758333 0.575926 0.114583 0.5 0.868772
0 0.757292 0.57037 0.108333 0.496296 0.87247
0 0.756771 0.574074 0.111458 0.496296 0.872536
0 0.757292 0.571296 0.110417 0.494444 0.87763
0 0.758333 0.575926 0.114583 0.5 0.878935
0 0.758854 0.575 0.113542 0.494444 0.87896
0 0.758333 0.573148 0.114583 0.494444 0.885176
0 0.756771 0.572222 0.111458 0.492593 0.900205
0 0.758333 0.573148 0.114583 0.494444 0.902804
