0 0.277083 0.299074 0.0208333 0.0759259 0.256876
0 0.454167 0.301852 0.025 0.103704 0.257523
0 0.626042 0.297222 0.025 0.0944444 0.258078
0 0.110417 0.352778 0.04375 0.190741 0.260638
26 0.909896 0.486111 0.0385417 0.124074 0.260679
0 0.110417 0.352778 0.04375 0.190741 0.261409
0 0.626562 0.301852 0.0239583 0.0888889 0.263422
0 0.107292 0.350926 0.0354167 0.201852 0.265679
0 0.6 0.319444 0.03125 0.12037 0.267645
0 0.107292 0.350926 0.0375 0.201852 0.270135
0 0.110417 0.353704 0.04375 0.188889 0.273119
26 0.909896 0.485185 0.0385417 0.122222 0.275084
0 0.454167 0.302778 0.025 0.105556 0.277791
0 0.983333 0.468519 0.0333333 0.311111 0.278864
0 0.985417 0.555556 0.0291667 0.474074 0.281026
0 0.454167 0.302778 0.025 0.105556 0.287154
0 0.100521 0.346296 0.028125 0.181481 0.288713
0 0.453125 0.321296 0.0270833 0.15 0.288826
0 0.453125 0.32037 0.0270833 0.151852 0.289509
26 0.909896 0.486111 0.0385417 0.124074 0.290048
0 0.983333 0.469444 0.0333333 0.309259 0.290804
0 0.229687 0.287037 0.0385417 0.12963 0.291725
0 0.231771 0.285185 0.0364583 0.125926 0.292724
0 0.985417 0.534259 0.0291667 0.435185 0.296408
0 0.608854 0.318519 0.0447917 0.125926 0.305118
0 0.626562 0.301852 0.0239583 0.0925926 0.306491
0 0.626562 0.302778 0.0239583 0.0907407 0.309448
0 0.983333 0.468519 0.0333333 0.307407 0.313613
0 0.608854 0.321296 0.0447917 0.127778 0.31926
0 0.454688 0.316667 0.028125 0.144444 0.321267
0 0.626042 0.297222 0.0208333 0.0907407 0.321332
0 0.0588542 0.326852 0.028125 0.131481 0.324042
0 0.609896 0.318519 0.0447917 0.122222 0.326935
0 0.427083 0.32963 0.0354167 0.188889 0.327146
0 0.599479 0.322222 0.0322917 0.133333 0.329651
0 0.555729 0.306481 0.028125 0.131481 0.333383
0 0.455729 0.316667 0.028125 0.140741 0.33609
0 0.559375 0.311111 0.0270833 0.12963 0.336698
0 0.626042 0.296296 0.0208333 0.0925926 0.336831
0 0.599479 0.322222 0.0322917 0.133333 0.338473
0 0.600521 0.32037 0.0322917 0.12963 0.341212
0 0.427083 0.330556 0.0354167 0.187037 0.342234
0 0.229687 0.287963 0.0385417 0.131481 0.346105
0 0.984896 0.533333 0.0302083 0.444444 0.348439
0 0.231771 0.292593 0.034375 0.125926 0.350123
0 0.0588542 0.326852 0.0260417 0.131481 0.350189
0 0.626562 0.296296 0.021875 0.0925926 0.351517
0 0.601042 0.326852 0.03125 0.131481 0.352657
0 0.6 0.32037 0.03125 0.12963 0.353894
0 0.0588542 0.326852 0.028125 0.131481 0.35556
0 0.232812 0.286111 0.0364583 0.127778 0.355751
0 0.231771 0.292593 0.034375 0.12963 0.356619
0 0.599479 0.321296 0.0322917 0.131481 0.356941
0 0.231771 0.286111 0.0364583 0.124074 0.358228
0 0.311979 0.296296 0.021875 0.0740741 0.362008
0 0.231771 0.286111 0.0364583 0.124074 0.364653
0 0.231771 0.291667 0.034375 0.127778 0.365146
0 0.311458 0.296296 0.0229167 0.0703704 0.365553
0 0.229687 0.287963 0.0385417 0.131481 0.367954
0 0.313021 0.296296 0.0239583 0.0703704 0.368758
0 0.455208 0.317593 0.0270833 0.138889 0.370637
0 0.311979 0.296296 0.021875 0.0703704 0.372225
0 0.232812 0.286111 0.0364583 0.127778 0.372312
0 0.313021 0.296296 0.0239583 0.0703704 0.37247
0 0.313021 0.29537 0.021875 0.0722222 0.376692
0 0.0583333 0.326852 0.0270833 0.131481 0.379311
0 0.059375 0.327778 0.0270833 0.133333 0.381491
0 0.489062 0.313889 0.0260417 0.142593 0.38422
0 0.0588542 0.327778 0.028125 0.12963 0.384536
0 0.313021 0.29537 0.0239583 0.0685185 0.385287
0 0.454688 0.313889 0.0260417 0.124074 0.385796
0 0.232812 0.287037 0.034375 0.12963 0.386779
0 0.489583 0.316667 0.0270833 0.137037 0.390974
0 0.983333 0.468519 0.0333333 0.303704 0.396997
0 0.0588542 0.325926 0.0260417 0.133333 0.397584
0 0.0583333 0.325926 0.025 0.133333 0.397833
0 0.454167 0.317593 0.0270833 0.142593 0.399284
0 0.311979 0.29537 0.021875 0.0722222 0.40347
0 0.125521 0.350926 0.0572917 0.201852 0.406637
0 0.55625 0.307407 0.0270833 0.137037 0.410979
0 0.983333 0.467593 0.0333333 0.316667 0.413456
0 0.601562 0.326852 0.0302083 0.135185 0.417599
0 0.558854 0.311111 0.0260417 0.137037 0.42062
0 0.558854 0.311111 0.0260417 0.137037 0.422623
0 0.983333 0.465741 0.0333333 0.305556 0.42323
0 0.55625 0.307407 0.0270833 0.133333 0.423272
0 0.125521 0.351852 0.0552083 0.2 0.428512
0 0.983333 0.468519 0.0333333 0.314815 0.429687
0 0.983333 0.469444 0.0333333 0.316667 0.435698
0 0.601562 0.325 0.0302083 0.127778 0.436971
0 0.983333 0.464815 0.0333333 0.307407 0.438017
0 0.455729 0.316667 0.0260417 0.137037 0.445683
0 0.626562 0.297222 0.021875 0.0944444 0.447664
0 0.427604 0.333333 0.0385417 0.192593 0.452385
0 0.554688 0.308333 0.0260417 0.131481 0.452661
0 0.489583 0.317593 0.0270833 0.138889 0.453589
0 0.128125 0.350926 0.0541667 0.205556 0.457878
0 0.0588542 0.328704 0.0260417 0.131481 0.458237
0 0.983333 0.465741 0.0333333 0.305556 0.46109
0 0.427604 0.334259 0.0385417 0.194444 0.462006
0 0.489583 0.313889 0.025 0.138889 0.465411
0 0.059375 0.327778 0.0270833 0.133333 0.473357
0 0.0588542 0.325926 0.0239583 0.125926 0.478071
0 0.489062 0.313889 0.0260417 0.131481 0.478273
0 0.427083 0.333333 0.0395833 0.192593 0.484823
0 0.126042 0.35 0.05625 0.2 0.502237
0 0.454688 0.313889 0.0260417 0.135185 0.505972
0 0.870313 0.525926 0.119792 0.644444 0.507686
0 0.454688 0.313889 0.0260417 0.135185 0.509445
0 0.455208 0.317593 0.025 0.142593 0.525068
0 0.0588542 0.327778 0.0260417 0.12963 0.53236
0 0.489062 0.315741 0.0260417 0.135185 0.532453
0 0.13125 0.353704 0.05 0.2 0.533407
0 0.0588542 0.325926 0.0239583 0.12963 0.534813
0 0.059375 0.325926 0.0229167 0.12963 0.538985
0 0.127604 0.35 0.0552083 0.2 0.542317
0 0.059375 0.325926 0.025 0.133333 0.545127
0 0.130729 0.351852 0.0489583 0.2 0.54847
0 0.871354 0.523148 0.121875 0.631481 0.551385
0 0.601562 0.325926 0.0302083 0.137037 0.551952
0 0.489062 0.317593 0.0260417 0.138889 0.559108
0 0.601562 0.325 0.0302083 0.135185 0.562087
0 0.554688 0.309259 0.0239583 0.133333 0.562945
0 0.129688 0.35 0.053125 0.2 0.563027
0 0.130729 0.350926 0.0489583 0.198148 0.57128
0 0.127604 0.35 0.0552083 0.2 0.573833
0 0.555208 0.309259 0.025 0.133333 0.57623
0 0.626562 0.297222 0.021875 0.0944444 0.591199
0 0.601042 0.327778 0.03125 0.137037 0.591853
0 0.489583 0.314815 0.0229167 0.133333 0.592321
0 0.627083 0.297222 0.0229167 0.0907407 0.595708
0 0.489583 0.313889 0.025 0.135185 0.598982
0 0.601042 0.327778 0.03125 0.137037 0.599856
0 0.489583 0.314815 0.025 0.133333 0.60047
0 0.601562 0.326852 0.0322917 0.135185 0.60194
0 0.132292 0.353704 0.05 0.196296 0.607365
0 0.601562 0.325926 0.0322917 0.137037 0.607867
0 0.132292 0.353704 0.05 0.196296 0.609387
0 0.132292 0.353704 0.05 0.196296 0.610365
0 0.059375 0.328704 0.025 0.131481 0.61221
0 0.627083 0.296296 0.0229167 0.0962963 0.612354
0 0.557292 0.309259 0.0291667 0.133333 0.616411
0 0.0588542 0.325926 0.0260417 0.133333 0.620585
0 0.626562 0.296296 0.021875 0.0962963 0.625118
0 0.490625 0.317593 0.0229167 0.131481 0.630137
0 0.869271 0.537037 0.119792 0.677778 0.630504
0 0.627083 0.296296 0.0229167 0.0888889 0.635689
0 0.0588542 0.325926 0.0260417 0.133333 0.638306
0 0.601562 0.325 0.0322917 0.135185 0.640407
0 0.130208 0.35 0.05 0.2 0.642201
0 0.627083 0.296296 0.0229167 0.0888889 0.6443
0 0.871875 0.527778 0.11875 0.662963 0.651683
0 0.871875 0.522222 0.120833 0.644444 0.661785
0 0.602083 0.326852 0.0333333 0.138889 0.669263
0 0.490104 0.317593 0.021875 0.131481 0.672791
0 0.23125 0.289815 0.0354167 0.127778 0.673945
0 0.556771 0.311111 0.028125 0.140741 0.674607
0 0.231771 0.289815 0.034375 0.127778 0.675682
0 0.130208 0.35 0.05 0.2 0.67896
0 0.490625 0.317593 0.0229167 0.131481 0.68109
0 0.557292 0.309259 0.0291667 0.140741 0.683051
0 0.23125 0.287963 0.0354167 0.131481 0.683441
0 0.602083 0.326852 0.0333333 0.138889 0.683665
0 0.602083 0.326852 0.03125 0.138889 0.696187
0 0.602083 0.326852 0.0333333 0.138889 0.697442
0 0.130208 0.35 0.05 0.2 0.699962
0 0.231771 0.289815 0.034375 0.127778 0.700499
0 0.602083 0.326852 0.03125 0.138889 0.700684
0 0.556771 0.309259 0.028125 0.140741 0.706533
0 0.870833 0.536111 0.11875 0.675926 0.706923
0 0.871354 0.537037 0.119792 0.677778 0.708555
0 0.489583 0.313889 0.0229167 0.142593 0.710529
0 0.626562 0.297222 0.021875 0.0907407 0.716462
0 0.557292 0.309259 0.0291667 0.140741 0.721417
0 0.556771 0.310185 0.028125 0.138889 0.722863
0 0.556771 0.310185 0.028125 0.138889 0.724152
0 0.489583 0.315741 0.0229167 0.131481 0.728586
0 0.489583 0.315741 0.0229167 0.131481 0.729739
0 0.556771 0.310185 0.028125 0.138889 0.732149
0 0.427083 0.332407 0.0395833 0.190741 0.738734
0 0.23125 0.287963 0.0354167 0.131481 0.740389
0 0.871875 0.528704 0.11875 0.661111 0.740723
0 0.557292 0.309259 0.0291667 0.137037 0.742805
0 0.489583 0.315741 0.025 0.135185 0.743151
0 0.557292 0.309259 0.0291667 0.137037 0.743809
0 0.231771 0.287963 0.0364583 0.131481 0.743829
0 0.557813 0.309259 0.028125 0.140741 0.750645
0 0.427083 0.333333 0.0395833 0.192593 0.751273
0 0.556771 0.310185 0.028125 0.138889 0.752541
0 0.426562 0.331481 0.0385417 0.188889 0.767338
0 0.427083 0.333333 0.0395833 0.192593 0.774729
0 0.426562 0.331481 0.0385417 0.188889 0.783102
0 0.23125 0.288889 0.0354167 0.12963 0.786079
0 0.23125 0.288889 0.0354167 0.12963 0.788302
0 0.426562 0.331481 0.040625 0.192593 0.78894
0 0.231771 0.288889 0.034375 0.12963 0.78938
0 0.231771 0.288889 0.034375 0.12963 0.792243
0 0.231771 0.288889 0.034375 0.12963 0.794047
0 0.489583 0.317593 0.025 0.138889 0.800173
0 0.426562 0.332407 0.040625 0.194444 0.800945
0 0.426562 0.331481 0.040625 0.192593 0.80267
0 0.231771 0.288889 0.034375 0.12963 0.804628
0 0.871354 0.533333 0.119792 0.666667 0.823815
0 0.870833 0.525926 0.120833 0.67037 0.836121
0 0.426562 0.334259 0.0385417 0.190741 0.838179
0 0.426562 0.334259 0.0385417 0.194444 0.84897
0 0.871354 0.533333 0.119792 0.666667 0.855458
