0 0.290104 0.410185 0.015625 0.0611111 0.251467
0 0.653646 0.436111 0.0239583 0.116667 0.253448
13 0.289583 0.475926 0.0833333 0.0740741 0.25772
13 0.28125 0.476852 0.0770833 0.0833333 0.257758
0 0.172917 0.412037 0.0229167 0.0833333 0.259393
0 0.156771 0.407407 0.015625 0.0555556 0.260656
13 0.286979 0.482407 0.0885417 0.0722222 0.261954
0 0.402604 0.413889 0.015625 0.0907407 0.263957
0 0.173438 0.412963 0.0197917 0.0814815 0.265504
0 0.453125 0.443519 0.0354167 0.157407 0.265841
13 0.289062 0.480556 0.0864583 0.0722222 0.26618
13 0.291146 0.476852 0.0927083 0.0722222 0.268146
0 0.319271 0.403704 0.015625 0.0592593 0.268786
0 0.653125 0.433333 0.025 0.114815 0.269579
13 0.28125 0.476852 0.0770833 0.0833333 0.271182
0 0.173438 0.412963 0.0197917 0.0814815 0.272327
13 0.291667 0.477778 0.0895833 0.0703704 0.274979
0 0.290104 0.410185 0.015625 0.0611111 0.277593
0 0.172917 0.410185 0.0229167 0.0833333 0.280111
0 0.453125 0.443519 0.0354167 0.157407 0.281197
13 0.283854 0.478704 0.0822917 0.0759259 0.281258
13 0.284375 0.473148 0.08125 0.0796296 0.281349
74 0.399479 0.0694444 0.0427083 0.135185 0.281373
0 0.365625 0.415741 0.0166667 0.0981481 0.282499
0 0.177083 0.407407 0.01875 0.0925926 0.283861
0 0.653125 0.433333 0.0270833 0.114815 0.285055
74 0.397917 0.0685185 0.0416667 0.137037 0.286184
0 0.967188 0.667593 0.065625 0.624074 0.290082
74 0.397917 0.0685185 0.0416667 0.137037 0.292013
74 0.397917 0.0694444 0.0416667 0.135185 0.292517
0 0.966667 0.673148 0.0666667 0.624074 0.293008
0 0.173438 0.412963 0.0197917 0.0814815 0.293228
13 0.284375 0.473148 0.08125 0.0796296 0.295562
13 0.407292 0.624074 0.216667 0.125926 0.295721
0 0.39375 0.419444 0.0291667 0.109259 0.300928
13 0.284375 0.478704 0.0833333 0.0759259 0.304875
0 0.227604 0.397222 0.0177083 0.0648148 0.306285
0 0.290625 0.407407 0.0145833 0.0592593 0.307946
0 0.366146 0.416667 0.0177083 0.1 0.308063
0 0.227604 0.397222 0.0177083 0.0648148 0.309426
0 0.395312 0.42037 0.0302083 0.111111 0.309657
13 0.366667 0.578704 0.15625 0.0907407 0.318385
0 0.402083 0.414815 0.0166667 0.0888889 0.321906
0 0.442708 0.419444 0.01875 0.109259 0.323568
0 0.365625 0.415741 0.0166667 0.0981481 0.323972
0 0.402083 0.414815 0.0166667 0.0888889 0.327473
0 0.967708 0.673148 0.0645833 0.612963 0.331688
0 0.442187 0.42037 0.0197917 0.111111 0.331792
0 0.227604 0.397222 0.0177083 0.0648148 0.334151
0 0.176042 0.409259 0.01875 0.0888889 0.335743
0 0.290625 0.408333 0.0145833 0.0611111 0.338566
13 0.384375 0.593518 0.191667 0.112963 0.341871
0 0.319271 0.403704 0.0135417 0.0555556 0.343655
0 0.652604 0.433333 0.0260417 0.114815 0.343815
0 0.442708 0.419444 0.01875 0.109259 0.344478
0 0.39375 0.419444 0.0291667 0.109259 0.344796
0 0.441667 0.413889 0.01875 0.109259 0.347122
0 0.319271 0.403704 0.0135417 0.0555556 0.359374
0 0.394792 0.417593 0.0291667 0.105556 0.360976
0 0.178125 0.408333 0.01875 0.0907407 0.376246
0 0.39375 0.419444 0.0270833 0.109259 0.381197
0 0.178125 0.408333 0.01875 0.0944444 0.388418
0 0.176042 0.412963 0.01875 0.0851852 0.389029
0 0.31875 0.4 0.0145833 0.0666667 0.390222
0 0.394792 0.419444 0.0291667 0.112963 0.39266
0 0.394271 0.42037 0.028125 0.111111 0.393313
0 0.394271 0.418519 0.028125 0.111111 0.397155
0 0.178125 0.408333 0.01875 0.0944444 0.402406
0 0.394271 0.418519 0.028125 0.111111 0.404827
0 0.176042 0.412037 0.01875 0.087037 0.405509
74 0.4 0.0694444 0.04375 0.138889 0.409663
13 0.286979 0.475926 0.0885417 0.0777778 0.409902
13 0.288542 0.477778 0.0875 0.0777778 0.413234
0 0.653646 0.432407 0.0239583 0.12037 0.414369
0 0.653646 0.431481 0.0239583 0.118519 0.414991
74 0.399479 0.0694444 0.0447917 0.138889 0.419249
0 0.366146 0.42037 0.0177083 0.103704 0.419312
0 0.653125 0.433333 0.0229167 0.114815 0.423043
74 0.4 0.0685185 0.04375 0.137037 0.423982
13 0.289062 0.475926 0.0885417 0.0777778 0.425099
13 0.288542 0.477778 0.0875 0.0851852 0.426934
0 0.176042 0.412963 0.01875 0.0851852 0.429366
74 0.4 0.0685185 0.0416667 0.133333 0.430324
0 0.653646 0.431481 0.0239583 0.118519 0.43227
0 0.652604 0.433333 0.021875 0.111111 0.438161
0 0.652604 0.433333 0.021875 0.114815 0.440657
0 0.967188 0.685185 0.065625 0.62963 0.442319
0 0.366667 0.421296 0.0166667 0.105556 0.443734
0 0.392708 0.419444 0.0291667 0.109259 0.44478
13 0.289062 0.475926 0.0885417 0.0777778 0.446699
74 0.4 0.0685185 0.04375 0.137037 0.456778
74 0.4 0.0675926 0.04375 0.135185 0.463495
0 0.401563 0.416667 0.0177083 0.0962963 0.466397
74 0.399479 0.0675926 0.0427083 0.135185 0.46785
0 0.366146 0.421296 0.0177083 0.105556 0.471176
0 0.966667 0.680556 0.0666667 0.638889 0.47206
74 0.399479 0.0694444 0.0447917 0.138889 0.473076
74 0.399479 0.0694444 0.0447917 0.138889 0.477803
0 0.365625 0.421296 0.0166667 0.0981481 0.507545
0 0.652604 0.433333 0.0239583 0.114815 0.51453
0 0.967188 0.682407 0.065625 0.635185 0.514774
0 0.401563 0.416667 0.0177083 0.1 0.523633
0 0.653125 0.433333 0.0229167 0.114815 0.523853
0 0.401563 0.416667 0.0177083 0.1 0.527407
0 0.458854 0.45 0.0322917 0.155556 0.529927
0 0.459375 0.449074 0.0333333 0.153704 0.535715
0 0.396354 0.419444 0.0260417 0.109259 0.538886
0 0.365625 0.421296 0.0166667 0.101852 0.541565
0 0.365625 0.421296 0.0166667 0.101852 0.546709
0 0.454688 0.44537 0.040625 0.168519 0.556796
0 0.391146 0.419444 0.021875 0.109259 0.55898
0 0.967188 0.681481 0.065625 0.637037 0.559833
0 0.459896 0.449074 0.0364583 0.153704 0.583749
0 0.393229 0.418519 0.0302083 0.111111 0.58496
0 0.391667 0.419444 0.0208333 0.109259 0.588287
0 0.391667 0.419444 0.0208333 0.109259 0.590332
0 0.45625 0.44537 0.0395833 0.168519 0.593392
0 0.459375 0.449074 0.0354167 0.153704 0.600999
0 0.366146 0.419444 0.0177083 0.105556 0.607474
0 0.45625 0.44537 0.0395833 0.168519 0.607544
0 0.393229 0.418519 0.0302083 0.111111 0.611487
0 0.393229 0.419444 0.0260417 0.109259 0.611545
0 0.456771 0.447222 0.0385417 0.161111 0.615255
0 0.393229 0.418519 0.0302083 0.111111 0.616926
0 0.366146 0.419444 0.0177083 0.109259 0.618528
74 0.4 0.0685185 0.0416667 0.137037 0.643295
74 0.399479 0.0685185 0.0427083 0.137037 0.651853
0 0.456771 0.448148 0.0385417 0.162963 0.657753
0 0.967708 0.677778 0.0645833 0.622222 0.663375
0 0.456771 0.448148 0.0385417 0.162963 0.689243
0 0.458333 0.45 0.0375 0.159259 0.707627
0 0.967188 0.682407 0.065625 0.635185 0.712382
0 0.458333 0.45 0.0375 0.159259 0.714084
0 0.967188 0.67963 0.065625 0.640741 0.71818
0 0.457812 0.447222 0.0364583 0.157407 0.720287
0 0.458333 0.449074 0.0375 0.161111 0.725524
0 0.457812 0.446296 0.0364583 0.159259 0.729401
0 0.967708 0.680556 0.0645833 0.638889 0.739298
0 0.966146 0.680556 0.0677083 0.631481 0.766991
0 0.967708 0.678704 0.0645833 0.631481 0.771811
0 0.967188 0.680556 0.065625 0.635185 0.823139
0 0.966667 0.67963 0.0666667 0.633333 0.839074
