0 0.321354 0.473148 0.0322917 0.161111 0.251458
0 0.499479 0.426852 0.0260417 0.124074 0.260669
28 0.658854 0.55463 0.053125 0.0574074 0.261451
0 0.356771 0.472222 0.0385417 0.174074 0.278125
0 0.728125 0.486111 0.0375 0.209259 0.279265
0 0.321875 0.474074 0.03125 0.159259 0.280293
0 0.320833 0.474074 0.03125 0.159259 0.288766
0 0.727604 0.486111 0.0385417 0.209259 0.299949
0 0.35625 0.473148 0.0375 0.175926 0.300197
0 0.338542 0.477778 0.0583333 0.155556 0.301473
28 0.659896 0.55463 0.0572917 0.0574074 0.304837
28 0.660937 0.557407 0.059375 0.0555556 0.305593
0 0.3625 0.478704 0.0354167 0.168519 0.313337
28 0.660937 0.556481 0.059375 0.0537037 0.317455
28 0.659375 0.55463 0.05625 0.0574074 0.326386
0 0.727604 0.487037 0.0385417 0.207407 0.32697
0 0.361979 0.478704 0.0364583 0.168519 0.3295
0 0.365625 0.473148 0.0291667 0.164815 0.330267
0 0.364583 0.473148 0.0291667 0.164815 0.333114
28 0.659375 0.555556 0.0541667 0.0592593 0.338038
28 0.659375 0.555556 0.0541667 0.0555556 0.340462
0 0.355729 0.473148 0.0385417 0.172222 0.342566
0 0.723958 0.484259 0.0354167 0.209259 0.34409
28 0.658854 0.556481 0.053125 0.0574074 0.356052
2 0.0765625 0.501852 0.151042 0.381481 0.35729
0 0.340104 0.478704 0.0552083 0.157407 0.360848
2 0.0765625 0.502778 0.153125 0.383333 0.361648
2 0.0760417 0.503704 0.152083 0.381481 0.362199
0 0.290625 0.478704 0.0354167 0.164815 0.363866
0 0.724479 0.484259 0.0364583 0.209259 0.375187
0 0.290625 0.480556 0.0375 0.164815 0.380857
0 0.340104 0.477778 0.0552083 0.159259 0.381281
0 0.326042 0.477778 0.0333333 0.166667 0.391544
0 0.326042 0.477778 0.0333333 0.166667 0.392421
0 0.35625 0.481481 0.0354167 0.166667 0.393404
0 0.285937 0.482407 0.0322917 0.161111 0.393599
0 0.724479 0.484259 0.0364583 0.209259 0.393691
0 0.35625 0.481481 0.0354167 0.166667 0.395583
0 0.35 0.476852 0.0291667 0.164815 0.399381
0 0.35625 0.482407 0.0354167 0.164815 0.404346
0 0.35 0.476852 0.0291667 0.164815 0.408912
0 0.300521 0.478704 0.028125 0.168519 0.411545
0 0.300521 0.478704 0.028125 0.168519 0.412429
0 0.285417 0.481481 0.03125 0.159259 0.423102
0 0.320833 0.476852 0.0375 0.161111 0.44377
0 0.292708 0.47963 0.0354167 0.166667 0.454656
0 0.321354 0.476852 0.0364583 0.161111 0.468448
0 0.292188 0.47963 0.0364583 0.166667 0.471873
0 0.765104 0.475926 0.0322917 0.166667 0.480241
0 0.723958 0.475926 0.0354167 0.196296 0.489064
0 0.285417 0.482407 0.03125 0.161111 0.494424
0 0.321875 0.476852 0.0354167 0.161111 0.50317
0 0.723958 0.476852 0.0354167 0.194444 0.505443
0 0.351042 0.480556 0.03125 0.168519 0.506385
0 0.765104 0.475926 0.0322917 0.166667 0.507844
0 0.2875 0.47963 0.0354167 0.162963 0.509186
0 0.322917 0.477778 0.0291667 0.162963 0.5125
0 0.2875 0.481481 0.0354167 0.162963 0.512777
0 0.351042 0.47963 0.03125 0.17037 0.51509
0 0.322917 0.476852 0.0291667 0.164815 0.516124
0 0.240625 0.482407 0.0333333 0.161111 0.526303
0 0.724479 0.471296 0.034375 0.183333 0.533644
0 0.283854 0.481481 0.0302083 0.162963 0.537196
0 0.283854 0.482407 0.0302083 0.164815 0.541366
0 0.240625 0.482407 0.0333333 0.161111 0.542227
0 0.724479 0.471296 0.034375 0.183333 0.546001
0 0.324479 0.475 0.028125 0.161111 0.551596
0 0.240625 0.483333 0.0333333 0.159259 0.557066
0 0.2875 0.481481 0.0354167 0.162963 0.55841
0 0.324479 0.474074 0.028125 0.159259 0.560678
0 0.726042 0.484259 0.0375 0.209259 0.563361
2 0.0770833 0.515741 0.154167 0.383333 0.570067
0 0.726042 0.484259 0.0375 0.209259 0.572321
0 0.323438 0.475926 0.028125 0.162963 0.578822
0 0.323438 0.475926 0.028125 0.162963 0.580467
0 0.282813 0.481481 0.028125 0.162963 0.58139
0 0.282813 0.481481 0.028125 0.162963 0.581979
0 0.355208 0.476852 0.0375 0.164815 0.588069
0 0.765104 0.481481 0.034375 0.166667 0.592648
2 0.0765625 0.505556 0.153125 0.374074 0.595345
0 0.353646 0.477778 0.0322917 0.166667 0.599257
2 0.0776042 0.515741 0.155208 0.387037 0.602924
2 0.0776042 0.516667 0.155208 0.385185 0.606824
0 0.353646 0.477778 0.0322917 0.166667 0.610798
0 0.354167 0.476852 0.0375 0.164815 0.611533
0 0.765625 0.483333 0.0354167 0.174074 0.613349
0 0.765104 0.482407 0.034375 0.168519 0.61705
0 0.724479 0.483333 0.0385417 0.214815 0.624904
0 0.765104 0.481481 0.034375 0.166667 0.629259
2 0.0765625 0.505556 0.153125 0.377778 0.633688
2 0.0765625 0.505556 0.153125 0.377778 0.636706
0 0.765625 0.482407 0.0354167 0.175926 0.639595
0 0.724479 0.482407 0.0385417 0.216667 0.645438
0 0.354167 0.47963 0.0354167 0.17037 0.64614
0 0.354167 0.476852 0.0375 0.164815 0.651446
0 0.354167 0.47963 0.0354167 0.17037 0.653476
0 0.725521 0.481481 0.0385417 0.203704 0.659644
0 0.725 0.480556 0.0375 0.205556 0.684472
0 0.725 0.480556 0.0375 0.205556 0.700826
2 0.0760417 0.515741 0.152083 0.383333 0.713836
2 0.0765625 0.515741 0.153125 0.383333 0.714825
0 0.241146 0.485185 0.034375 0.162963 0.717427
2 0.0765625 0.515741 0.153125 0.383333 0.721599
0 0.725 0.482407 0.0375 0.209259 0.7253
0 0.241146 0.484259 0.034375 0.164815 0.726284
0 0.765104 0.478704 0.0322917 0.164815 0.727295
0 0.765104 0.478704 0.0322917 0.164815 0.741827
0 0.765104 0.477778 0.0322917 0.162963 0.743468
0 0.725 0.482407 0.0375 0.212963 0.746844
0 0.765625 0.478704 0.0333333 0.164815 0.74779
0 0.765104 0.478704 0.0322917 0.164815 0.752124
0 0.725 0.481481 0.0375 0.211111 0.755816
0 0.765104 0.478704 0.034375 0.164815 0.762319
2 0.0776042 0.512037 0.155208 0.390741 0.764726
2 0.0770833 0.513889 0.154167 0.390741 0.777997
0 0.240625 0.483333 0.0354167 0.159259 0.787672
0 0.765104 0.47963 0.034375 0.166667 0.787911
0 0.241146 0.483333 0.034375 0.159259 0.79057
0 0.240625 0.483333 0.0354167 0.159259 0.790805
0 0.241146 0.483333 0.034375 0.166667 0.790987
2 0.0760417 0.514815 0.152083 0.381481 0.792642
0 0.241146 0.483333 0.034375 0.166667 0.79312
2 0.0765625 0.514815 0.153125 0.377778 0.794204
0 0.765104 0.480556 0.034375 0.168519 0.798246
2 0.0765625 0.514815 0.153125 0.381481 0.801362
0 0.765104 0.480556 0.034375 0.168519 0.805761
0 0.765104 0.478704 0.034375 0.164815 0.80973
2 0.0770833 0.511111 0.154167 0.388889 0.81919
2 0.0770833 0.511111 0.154167 0.388889 0.822903
0 0.241146 0.482407 0.034375 0.164815 0.82636
2 0.0770833 0.513889 0.154167 0.390741 0.831448
2 0.0770833 0.513889 0.154167 0.390741 0.833763
0 0.241146 0.482407 0.034375 0.164815 0.839753
0 0.241146 0.482407 0.034375 0.164815 0.853056
0 0.240625 0.485185 0.0333333 0.166667 0.879307
0 0.240625 0.485185 0.0333333 0.17037 0.879918
