0 0.490625 0.393519 0.0229167 0.135185 0.252795
0 0.467708 0.390741 0.0229167 0.125926 0.252798
0 0.724479 0.387037 0.0510417 0.188889 0.252888
13 0.320312 0.478704 0.130208 0.183333 0.256523
0 0.264583 0.362963 0.0166667 0.0666667 0.256655
24 0.944792 0.575 0.102083 0.312963 0.256849
0 0.264062 0.362037 0.0177083 0.0685185 0.259849
0 0.547917 0.412963 0.03125 0.140741 0.260943
0 0.724479 0.393519 0.0510417 0.201852 0.262401
24 0.945312 0.574074 0.101042 0.311111 0.262876
0 0.547917 0.412963 0.03125 0.140741 0.263803
0 0.264583 0.380556 0.01875 0.105556 0.265704
0 0.722917 0.419444 0.0520833 0.264815 0.268551
0 0.546354 0.409259 0.0302083 0.137037 0.272422
0 0.545313 0.407407 0.0322917 0.133333 0.272491
0 0.724479 0.392593 0.0510417 0.203704 0.27297
13 0.321354 0.489815 0.130208 0.187037 0.273496
0 0.775521 0.64537 0.121875 0.609259 0.276327
13 0.308854 0.474074 0.105208 0.17037 0.27662
0 0.495313 0.393519 0.028125 0.127778 0.277524
0 0.724479 0.393519 0.0510417 0.201852 0.28086
0 0.264062 0.369444 0.0177083 0.0833333 0.281748
0 0.240625 0.37963 0.025 0.118519 0.284879
0 0.264062 0.362963 0.0177083 0.0666667 0.284894
13 0.308333 0.473148 0.104167 0.168519 0.284989
13 0.308333 0.474074 0.104167 0.166667 0.285246
0 0.591667 0.385185 0.0208333 0.103704 0.285551
0 0.494271 0.392593 0.028125 0.125926 0.298023
0 0.142188 0.364815 0.0260417 0.118519 0.298031
0 0.263542 0.37037 0.01875 0.0851852 0.298832
0 0.142188 0.364815 0.0260417 0.118519 0.305001
0 0.142188 0.364815 0.0260417 0.118519 0.306318
0 0.723437 0.44537 0.0552083 0.309259 0.309223
0 0.591667 0.385185 0.0208333 0.103704 0.311256
0 0.591667 0.385185 0.0208333 0.103704 0.317383
13 0.302083 0.463889 0.0958333 0.146296 0.318357
0 0.766667 0.627778 0.127083 0.633333 0.318657
0 0.723437 0.444444 0.0552083 0.307407 0.318896
0 0.264062 0.37037 0.0177083 0.0814815 0.320684
24 0.947917 0.567593 0.1 0.312963 0.326764
0 0.922396 0.647222 0.136458 0.672222 0.332724
13 0.318229 0.471296 0.126042 0.164815 0.334132
24 0.957292 0.588889 0.0854167 0.32963 0.335577
0 0.467708 0.390741 0.0229167 0.12963 0.336014
0 0.241146 0.375 0.021875 0.109259 0.337388
0 0.767708 0.623148 0.135417 0.631481 0.338593
24 0.947396 0.564815 0.101042 0.285185 0.339407
0 0.720833 0.442593 0.05 0.296296 0.339543
0 0.723437 0.444444 0.0552083 0.307407 0.339741
24 0.957292 0.586111 0.0833333 0.331481 0.342339
0 0.591667 0.394444 0.0208333 0.103704 0.343091
0 0.467708 0.390741 0.0229167 0.12963 0.343179
0 0.466146 0.391667 0.021875 0.127778 0.344722
0 0.494271 0.392593 0.028125 0.125926 0.349419
0 0.467187 0.392593 0.021875 0.12963 0.353546
0 0.241146 0.375 0.021875 0.109259 0.358426
0 0.767708 0.639815 0.129167 0.646296 0.358788
0 0.241146 0.375 0.021875 0.109259 0.36294
0 0.466146 0.391667 0.021875 0.127778 0.363006
0 0.592188 0.394444 0.0197917 0.103704 0.37087
0 0.722917 0.442593 0.0541667 0.303704 0.375994
0 0.467187 0.390741 0.021875 0.12963 0.377291
0 0.921354 0.646296 0.136458 0.666667 0.378559
0 0.592188 0.384259 0.0197917 0.101852 0.388913
0 0.591667 0.394444 0.0208333 0.103704 0.389999
0 0.241667 0.380556 0.0229167 0.124074 0.393132
0 0.494792 0.392593 0.0291667 0.125926 0.398431
0 0.241667 0.380556 0.0229167 0.127778 0.398822
0 0.241667 0.380556 0.0229167 0.127778 0.411844
0 0.592188 0.393519 0.021875 0.112963 0.414331
0 0.920313 0.631481 0.134375 0.651852 0.415121
0 0.494271 0.391667 0.028125 0.124074 0.434171
0 0.494271 0.393519 0.0260417 0.124074 0.436413
0 0.494792 0.392593 0.025 0.125926 0.43696
0 0.764583 0.630556 0.120833 0.642593 0.438118
0 0.546875 0.408333 0.0333333 0.15 0.444159
0 0.546875 0.408333 0.0333333 0.15 0.450403
0 0.919792 0.646296 0.133333 0.655556 0.456863
0 0.347917 0.39537 0.0291667 0.153704 0.465821
0 0.347396 0.39537 0.028125 0.153704 0.468052
0 0.923437 0.639815 0.138542 0.672222 0.482107
0 0.241667 0.381481 0.0208333 0.118519 0.482629
0 0.345833 0.394444 0.0333333 0.151852 0.490963
0 0.345833 0.394444 0.0333333 0.151852 0.494896
0 0.494792 0.392593 0.0270833 0.125926 0.500592
0 0.345313 0.394444 0.0322917 0.151852 0.521891
0 0.724479 0.439815 0.053125 0.305556 0.525472
0 0.724479 0.439815 0.053125 0.305556 0.534592
0 0.723958 0.439815 0.0541667 0.305556 0.539951
0 0.493229 0.390741 0.0239583 0.118519 0.542125
0 0.723958 0.440741 0.0541667 0.296296 0.55095
0 0.591667 0.391667 0.0208333 0.0944444 0.551886
0 0.724479 0.436111 0.053125 0.294444 0.557277
0 0.344271 0.394444 0.034375 0.159259 0.561272
0 0.546875 0.405556 0.0333333 0.148148 0.564915
0 0.546875 0.405556 0.0333333 0.148148 0.569363
0 0.344271 0.394444 0.034375 0.159259 0.573821
0 0.766146 0.643519 0.128125 0.661111 0.574447
0 0.493229 0.391667 0.0239583 0.12037 0.577414
0 0.723958 0.439815 0.0541667 0.298148 0.578276
0 0.723958 0.439815 0.0520833 0.298148 0.58044
0 0.724479 0.439815 0.053125 0.298148 0.581751
0 0.345833 0.393519 0.0354167 0.157407 0.58215
0 0.493229 0.391667 0.0239583 0.12037 0.583071
0 0.766146 0.642593 0.128125 0.659259 0.588369
0 0.592188 0.385185 0.021875 0.0962963 0.589152
0 0.494271 0.390741 0.0239583 0.125926 0.58942
0 0.345313 0.394444 0.034375 0.155556 0.591448
0 0.592188 0.391667 0.0197917 0.0944444 0.592967
0 0.592188 0.388889 0.021875 0.111111 0.594155
0 0.546875 0.407407 0.0333333 0.148148 0.594433
0 0.592188 0.391667 0.0197917 0.0944444 0.596122
0 0.345313 0.393519 0.0364583 0.153704 0.603137
0 0.592188 0.384259 0.021875 0.0981481 0.610263
0 0.494271 0.389815 0.0239583 0.127778 0.612036
0 0.494271 0.389815 0.0239583 0.127778 0.613765
0 0.345313 0.393519 0.034375 0.157407 0.615969
0 0.920313 0.637963 0.136458 0.67963 0.619242
0 0.592188 0.384259 0.021875 0.0981481 0.619246
0 0.546354 0.406481 0.034375 0.15 0.620985
0 0.91875 0.647222 0.13125 0.675926 0.62361
0 0.545313 0.407407 0.0322917 0.151852 0.630087
0 0.345313 0.393519 0.0364583 0.153704 0.631944
0 0.546875 0.408333 0.03125 0.146296 0.632319
0 0.545313 0.406481 0.0322917 0.15 0.635739
0 0.91875 0.647222 0.13125 0.675926 0.640286
0 0.546875 0.408333 0.03125 0.142593 0.643967
0 0.545833 0.406481 0.0333333 0.15 0.646109
0 0.592708 0.390741 0.0208333 0.111111 0.646436
0 0.344792 0.394444 0.0375 0.159259 0.653199
0 0.344792 0.392593 0.0354167 0.155556 0.657157
0 0.344271 0.393519 0.0385417 0.161111 0.65784
0 0.241146 0.377778 0.0239583 0.111111 0.666292
0 0.920313 0.647222 0.132292 0.687037 0.672613
0 0.546354 0.406481 0.034375 0.15 0.672816
0 0.241146 0.378704 0.0239583 0.112963 0.703103
0 0.241146 0.378704 0.021875 0.116667 0.705653
0 0.241146 0.378704 0.0239583 0.112963 0.710156
0 0.920313 0.646296 0.132292 0.681481 0.720469
0 0.546354 0.409259 0.034375 0.151852 0.724654
0 0.240625 0.380556 0.0229167 0.116667 0.727008
0 0.545833 0.408333 0.0333333 0.15 0.732869
0 0.546354 0.409259 0.034375 0.151852 0.745143
0 0.240625 0.37963 0.0229167 0.111111 0.77492
0 0.765625 0.642593 0.125 0.651852 0.777463
0 0.240625 0.37963 0.0229167 0.111111 0.778789
0 0.240625 0.37963 0.0229167 0.111111 0.787203
0 0.765104 0.642593 0.126042 0.651852 0.791461
0 0.766146 0.643519 0.126042 0.657407 0.793137
0 0.91875 0.642593 0.135417 0.674074 0.795377
0 0.768229 0.639815 0.130208 0.664815 0.795848
0 0.764583 0.637963 0.122917 0.668519 0.805275
0 0.766146 0.642593 0.126042 0.655556 0.827684
