0 0.552083 0.356481 0.01875 0.0722222 0.254202
0 0.334375 0.351852 0.0166667 0.0666667 0.254511
0 0.952604 0.499074 0.0947917 0.646296 0.258063
0 0.513021 0.394444 0.0322917 0.103704 0.262844
0 0.514063 0.392593 0.046875 0.107407 0.268282
0 0.0395833 0.37037 0.025 0.111111 0.269189
0 0.704687 0.381481 0.0322917 0.155556 0.27105
0 0.338021 0.349074 0.015625 0.0648148 0.272383
0 0.0104167 0.374074 0.0208333 0.111111 0.272733
0 0.391667 0.35 0.0145833 0.0777778 0.274366
0 0.513021 0.391667 0.046875 0.109259 0.275572
0 0.335938 0.350926 0.0177083 0.0648148 0.277547
0 0.335417 0.350926 0.0166667 0.0648148 0.279845
0 0.525521 0.393519 0.0302083 0.109259 0.282421
0 0.704687 0.381481 0.0322917 0.155556 0.286671
0 0.3375 0.349074 0.0166667 0.0648148 0.28827
0 0.529167 0.388889 0.025 0.114815 0.291512
0 0.0385417 0.371296 0.0270833 0.112963 0.299161
0 0.529167 0.387963 0.025 0.112963 0.300154
0 0.551562 0.358333 0.0239583 0.0722222 0.303156
0 0.335417 0.350926 0.0166667 0.0648148 0.306708
0 0.391667 0.35 0.0145833 0.0777778 0.307718
0 0.513542 0.391667 0.0458333 0.109259 0.311189
0 0.502083 0.387963 0.0291667 0.112963 0.311624
0 0.0104167 0.375 0.0208333 0.109259 0.31648
0 0.0104167 0.375 0.0208333 0.109259 0.318469
0 0.525521 0.393519 0.0302083 0.109259 0.323208
0 0.413021 0.386111 0.0302083 0.161111 0.332836
0 0.0390625 0.373148 0.0260417 0.112963 0.333352
0 0.453125 0.391667 0.0270833 0.138889 0.33339
0 0.526042 0.39537 0.0270833 0.109259 0.335162
0 0.556771 0.35463 0.015625 0.0685185 0.338126
0 0.522917 0.394444 0.0291667 0.107407 0.343774
0 0.413021 0.386111 0.0302083 0.164815 0.350911
0 0.336458 0.35 0.0166667 0.062963 0.35275
0 0.555729 0.355556 0.0177083 0.0666667 0.354386
0 0.707812 0.37963 0.028125 0.155556 0.35697
26 0.983333 0.446296 0.0333333 0.2 0.357544
0 0.707812 0.37963 0.028125 0.155556 0.364177
0 0.951563 0.512037 0.096875 0.653704 0.364792
26 0.982813 0.447222 0.034375 0.201852 0.366199
26 0.983333 0.449074 0.0333333 0.201852 0.368603
0 0.504687 0.391667 0.0302083 0.105556 0.37405
0 0.522917 0.394444 0.0291667 0.107407 0.378539
0 0.526563 0.39537 0.028125 0.109259 0.378742
0 0.526563 0.39537 0.028125 0.109259 0.381266
0 0.504167 0.391667 0.03125 0.109259 0.394059
0 0.522917 0.394444 0.0291667 0.107407 0.39419
0 0.0395833 0.37037 0.025 0.111111 0.395161
0 0.526563 0.394444 0.028125 0.107407 0.402169
0 0.504167 0.391667 0.03125 0.109259 0.405867
0 0.0385417 0.371296 0.025 0.112963 0.413811
0 0.502604 0.387963 0.028125 0.112963 0.417535
0 0.448438 0.389815 0.0385417 0.146296 0.418866
0 0.556771 0.353704 0.015625 0.062963 0.42707
0 0.448438 0.389815 0.0385417 0.146296 0.431122
0 0.556771 0.35463 0.015625 0.0685185 0.443366
0 0.0395833 0.372222 0.025 0.114815 0.446748
0 0.556771 0.35463 0.015625 0.0685185 0.45329
0 0.502083 0.388889 0.0270833 0.111111 0.456781
0 0.504167 0.387963 0.0291667 0.112963 0.462153
0 0.448438 0.390741 0.040625 0.144444 0.469938
0 0.504167 0.387963 0.0291667 0.112963 0.486116
0 0.0401042 0.372222 0.0239583 0.114815 0.486942
0 0.504167 0.387963 0.0291667 0.112963 0.494412
0 0.0395833 0.372222 0.0229167 0.114815 0.499169
0 0.0385417 0.372222 0.025 0.111111 0.50223
0 0.453125 0.391667 0.0270833 0.146296 0.552154
0 0.952604 0.514815 0.0947917 0.648148 0.56828
0 0.0109375 0.375926 0.021875 0.0962963 0.568667
0 0.414583 0.383333 0.0354167 0.162963 0.57241
0 0.453125 0.391667 0.0270833 0.142593 0.580121
0 0.414062 0.383333 0.034375 0.162963 0.580761
0 0.453646 0.393519 0.0260417 0.146296 0.583326
0 0.615625 0.383333 0.0270833 0.125926 0.583417
0 0.615625 0.383333 0.025 0.125926 0.58576
0 0.615625 0.382407 0.025 0.124074 0.58735
0 0.453646 0.392593 0.0260417 0.144444 0.593182
0 0.705729 0.383333 0.0302083 0.151852 0.597147
0 0.0395833 0.37037 0.025 0.111111 0.598216
0 0.453646 0.391667 0.0260417 0.146296 0.607715
0 0.414062 0.382407 0.034375 0.161111 0.620313
0 0.615104 0.380556 0.028125 0.124074 0.622585
0 0.0109375 0.376852 0.021875 0.0981481 0.635878
0 0.0109375 0.376852 0.021875 0.101852 0.64042
0 0.0114583 0.376852 0.0229167 0.101852 0.643652
0 0.0385417 0.373148 0.0229167 0.105556 0.645033
0 0.705729 0.382407 0.0302083 0.153704 0.656179
0 0.953646 0.510185 0.0927083 0.65 0.659567
0 0.616146 0.378704 0.028125 0.127778 0.659769
0 0.0109375 0.375 0.021875 0.109259 0.665982
0 0.953125 0.512963 0.09375 0.648148 0.666861
0 0.615625 0.380556 0.0270833 0.127778 0.672984
0 0.615625 0.381481 0.0270833 0.12963 0.677802
0 0.0114583 0.375926 0.0229167 0.103704 0.682331
0 0.0385417 0.373148 0.0229167 0.109259 0.682763
0 0.0390625 0.372222 0.0239583 0.107407 0.690277
0 0.0114583 0.375926 0.0229167 0.103704 0.69412
0 0.453646 0.390741 0.028125 0.148148 0.695427
0 0.0390625 0.372222 0.0239583 0.107407 0.697283
0 0.615625 0.381481 0.0270833 0.12963 0.699405
0 0.0119792 0.373148 0.021875 0.109259 0.704336
0 0.616667 0.378704 0.0270833 0.124074 0.707914
0 0.615625 0.380556 0.0270833 0.127778 0.709707
0 0.615625 0.381481 0.0270833 0.122222 0.710451
0 0.0385417 0.371296 0.0229167 0.112963 0.713022
0 0.705729 0.382407 0.0302083 0.157407 0.716206
0 0.705729 0.382407 0.0302083 0.157407 0.719705
0 0.0395833 0.372222 0.0229167 0.107407 0.721548
0 0.0395833 0.372222 0.0229167 0.107407 0.723243
0 0.616667 0.378704 0.0270833 0.124074 0.723353
0 0.705729 0.383333 0.0302083 0.151852 0.727135
0 0.705729 0.383333 0.0302083 0.155556 0.727895
0 0.615625 0.380556 0.0270833 0.127778 0.729862
0 0.953125 0.513889 0.09375 0.65 0.736831
0 0.705208 0.382407 0.0291667 0.153704 0.742139
0 0.615625 0.380556 0.0270833 0.127778 0.745549
0 0.705208 0.381481 0.0291667 0.155556 0.749073
0 0.453646 0.390741 0.028125 0.148148 0.753148
0 0.615625 0.381481 0.0270833 0.122222 0.753292
0 0.705729 0.383333 0.0302083 0.155556 0.75594
0 0.413542 0.386111 0.03125 0.164815 0.755965
0 0.413542 0.385185 0.03125 0.162963 0.757542
0 0.615625 0.380556 0.0270833 0.127778 0.773065
0 0.615625 0.381481 0.0270833 0.125926 0.775784
0 0.454167 0.390741 0.0270833 0.148148 0.77866
0 0.0390625 0.372222 0.0239583 0.111111 0.779668
0 0.615625 0.380556 0.0270833 0.124074 0.788676
0 0.414062 0.382407 0.0322917 0.161111 0.792861
0 0.70625 0.383333 0.0291667 0.155556 0.792882
0 0.414062 0.381481 0.0322917 0.162963 0.799599
0 0.453646 0.393519 0.028125 0.142593 0.803379
0 0.705729 0.383333 0.0302083 0.155556 0.804525
0 0.453125 0.393519 0.0270833 0.146296 0.807508
0 0.70625 0.383333 0.0291667 0.155556 0.80815
0 0.414062 0.387037 0.0322917 0.159259 0.809018
0 0.952083 0.513889 0.0958333 0.661111 0.812932
0 0.70625 0.384259 0.0291667 0.153704 0.815145
0 0.414062 0.387037 0.0322917 0.159259 0.820379
0 0.453125 0.390741 0.0270833 0.148148 0.822164
0 0.414062 0.383333 0.034375 0.166667 0.828781
0 0.414062 0.383333 0.034375 0.162963 0.830933
0 0.453125 0.390741 0.0270833 0.148148 0.832853
0 0.414062 0.387037 0.0322917 0.159259 0.833884
0 0.952604 0.511111 0.0947917 0.651852 0.861801
0 0.951042 0.506481 0.0979167 0.67963 0.863953
0 0.952604 0.512037 0.0947917 0.653704 0.865099
0 0.952083 0.513889 0.0958333 0.653704 0.887681
0 0.952083 0.512037 0.0958333 0.65 0.892043
