24 0.0505208 0.465741 0.034375 0.0685185 0.250854
0 0.507812 0.472222 0.0385417 0.151852 0.250937
24 0.0505208 0.464815 0.034375 0.0703704 0.25169
0 0.414583 0.441667 0.0208333 0.105556 0.256088
0 0.0640625 0.497222 0.0614583 0.17963 0.256847
0 0.710417 0.552778 0.0708333 0.412963 0.257567
0 0.177083 0.441667 0.0229167 0.0648148 0.258172
0 0.710938 0.552778 0.071875 0.416667 0.258577
0 0.710417 0.552778 0.0729167 0.412963 0.25899
0 0.648958 0.424074 0.0166667 0.0481481 0.260475
0 0.332292 0.426852 0.0166667 0.0722222 0.260714
0 0.648958 0.425926 0.01875 0.0518519 0.26143
0 0.05 0.49537 0.0395833 0.175926 0.263966
0 0.384375 0.446296 0.0208333 0.0925926 0.26448
13 0.408854 0.583333 0.136458 0.0888889 0.265887
0 0.1875 0.443519 0.0145833 0.0685185 0.268087
0 0.444792 0.447222 0.01875 0.0981481 0.268255
0 0.329688 0.414815 0.0177083 0.0851852 0.269558
0 0.390104 0.447222 0.021875 0.0944444 0.26996
0 0.329688 0.414815 0.0177083 0.0851852 0.271431
0 0.648438 0.425926 0.0177083 0.0518519 0.271695
0 0.384896 0.446296 0.021875 0.0962963 0.274683
0 0.507812 0.472222 0.0385417 0.151852 0.275668
0 0.444792 0.446296 0.01875 0.1 0.279225
13 0.409896 0.584259 0.138542 0.0907407 0.279775
0 0.414583 0.44537 0.025 0.105556 0.286191
0 0.0489583 0.496296 0.0395833 0.177778 0.286461
13 0.40625 0.580556 0.1375 0.0907407 0.287332
0 0.186979 0.444444 0.015625 0.0666667 0.287582
0 0.329688 0.414815 0.0177083 0.0851852 0.287952
0 0.384375 0.44537 0.0208333 0.0944444 0.288862
0 0.443229 0.443519 0.0322917 0.101852 0.290839
0 0.444792 0.446296 0.01875 0.1 0.291349
13 0.406771 0.580556 0.138542 0.0907407 0.291538
13 0.404687 0.577778 0.140625 0.0851852 0.292626
0 0.171354 0.438889 0.0177083 0.0703704 0.296391
0 0.0489583 0.497222 0.0395833 0.17963 0.299318
0 0.0494792 0.49537 0.0385417 0.17963 0.304113
0 0.171354 0.438889 0.0177083 0.0703704 0.304328
0 0.0828125 0.487963 0.028125 0.168519 0.314155
0 0.0833333 0.487963 0.0270833 0.168519 0.319296
0 0.414583 0.44537 0.025 0.105556 0.321368
0 0.171354 0.437963 0.0177083 0.0685185 0.325673
0 0.330208 0.419444 0.01875 0.087037 0.334807
0 0.0635417 0.496296 0.0625 0.177778 0.336751
0 0.171354 0.437963 0.0177083 0.0685185 0.33965
0 0.0151042 0.501852 0.0302083 0.177778 0.342385
0 0.170833 0.438889 0.0166667 0.0666667 0.346901
13 0.410937 0.583333 0.146875 0.0962963 0.350067
0 0.173958 0.439815 0.0208333 0.0685185 0.359184
0 0.171354 0.438889 0.0197917 0.0666667 0.370832
0 0.171875 0.438889 0.01875 0.0666667 0.378971
13 0.408333 0.57963 0.145833 0.0888889 0.379175
0 0.0151042 0.502778 0.0302083 0.17963 0.379468
0 0.0770833 0.492593 0.03125 0.185185 0.380379
0 0.0338542 0.50463 0.0677083 0.183333 0.381738
0 0.0494792 0.499074 0.0385417 0.187037 0.3871
0 0.330208 0.419444 0.01875 0.0833333 0.38773
0 0.171875 0.438889 0.01875 0.0666667 0.395443
0 0.388542 0.447222 0.01875 0.0944444 0.400443
0 0.445312 0.441667 0.0197917 0.0981481 0.401074
0 0.0770833 0.492593 0.03125 0.185185 0.402835
0 0.0630208 0.497222 0.0614583 0.17963 0.405972
0 0.331771 0.419444 0.0177083 0.0833333 0.406006
0 0.0328125 0.50463 0.065625 0.183333 0.40629
0 0.33125 0.418519 0.01875 0.0851852 0.408258
0 0.504167 0.472222 0.0354167 0.155556 0.415461
0 0.330729 0.418519 0.0177083 0.0888889 0.415624
0 0.388542 0.446296 0.0166667 0.0962963 0.419411
0 0.388021 0.446296 0.0177083 0.1 0.422254
0 0.445312 0.441667 0.0197917 0.101852 0.422584
0 0.0322917 0.50463 0.0645833 0.183333 0.424121
0 0.331771 0.419444 0.0177083 0.0833333 0.429562
0 0.445312 0.441667 0.0197917 0.101852 0.436085
0 0.504687 0.472222 0.034375 0.155556 0.436772
0 0.388021 0.446296 0.0177083 0.1 0.437255
0 0.715104 0.55463 0.0760417 0.416667 0.456728
0 0.715104 0.55463 0.0760417 0.412963 0.462547
0 0.715104 0.555556 0.0760417 0.414815 0.478411
0 0.0510417 0.503704 0.0395833 0.185185 0.492502
0 0.0510417 0.502778 0.0395833 0.187037 0.514841
0 0.0807292 0.491667 0.0302083 0.164815 0.526175
0 0.0807292 0.489815 0.0302083 0.164815 0.54206
0 0.0526042 0.501852 0.0427083 0.192593 0.567023
0 0.0520833 0.499074 0.0416667 0.194444 0.568605
0 0.0807292 0.489815 0.0302083 0.164815 0.571943
0 0.0526042 0.501852 0.0427083 0.192593 0.581448
0 0.08125 0.490741 0.0291667 0.162963 0.583725
0 0.0520833 0.500926 0.0416667 0.194444 0.589211
0 0.0802083 0.490741 0.0291667 0.162963 0.593628
0 0.0526042 0.501852 0.0427083 0.192593 0.60494
0 0.446354 0.442593 0.021875 0.1 0.621082
0 0.445833 0.442593 0.0208333 0.103704 0.622739
0 0.0807292 0.489815 0.028125 0.164815 0.626463
0 0.446354 0.442593 0.021875 0.103704 0.627194
0 0.414583 0.44537 0.0229167 0.105556 0.653657
0 0.0526042 0.500926 0.0385417 0.190741 0.655228
0 0.0151042 0.507407 0.0302083 0.185185 0.655652
0 0.0526042 0.500926 0.0385417 0.190741 0.665183
0 0.0822917 0.487963 0.0270833 0.168519 0.677166
0 0.50625 0.474074 0.0354167 0.155556 0.679375
0 0.50625 0.474074 0.0354167 0.155556 0.681443
0 0.0822917 0.487963 0.0270833 0.172222 0.684855
0 0.414583 0.444444 0.0229167 0.107407 0.69139
0 0.50625 0.474074 0.0354167 0.155556 0.699258
0 0.0151042 0.507407 0.0302083 0.185185 0.701734
0 0.414583 0.444444 0.0229167 0.107407 0.714243
0 0.445312 0.442593 0.0197917 0.1 0.719717
0 0.414583 0.444444 0.0229167 0.107407 0.724941
0 0.414583 0.442593 0.0229167 0.103704 0.727669
0 0.445312 0.443519 0.0197917 0.101852 0.729419
0 0.445312 0.443519 0.0197917 0.101852 0.731545
0 0.415104 0.44537 0.021875 0.105556 0.736178
0 0.445833 0.443519 0.0208333 0.105556 0.740881
0 0.445312 0.443519 0.0197917 0.101852 0.741489
0 0.414062 0.442593 0.021875 0.103704 0.745583
0 0.0145833 0.506481 0.0291667 0.183333 0.74803
0 0.0151042 0.507407 0.0302083 0.185185 0.755268
0 0.414062 0.442593 0.021875 0.103704 0.756514
0 0.0151042 0.506481 0.0302083 0.183333 0.759374
0 0.0151042 0.507407 0.0302083 0.181481 0.760001
0 0.0151042 0.507407 0.0302083 0.185185 0.760059
0 0.0151042 0.507407 0.0302083 0.185185 0.781308
0 0.714583 0.555556 0.0770833 0.425926 0.793345
0 0.50625 0.474074 0.0354167 0.151852 0.803208
0 0.50625 0.474074 0.0354167 0.148148 0.803339
0 0.714063 0.55463 0.0760417 0.427778 0.807157
0 0.50625 0.475 0.0354167 0.153704 0.80883
0 0.0145833 0.506481 0.0291667 0.183333 0.810222
0 0.50625 0.474074 0.0354167 0.155556 0.813367
0 0.505729 0.475 0.034375 0.157407 0.814026
0 0.0145833 0.506481 0.0291667 0.183333 0.816712
0 0.50625 0.475 0.0354167 0.153704 0.820034
0 0.50625 0.475 0.0354167 0.153704 0.823432
0 0.50625 0.474074 0.0354167 0.151852 0.826754
0 0.50625 0.474074 0.0354167 0.151852 0.826916
0 0.714583 0.551852 0.0791667 0.422222 0.82885
0 0.50625 0.475 0.0354167 0.153704 0.830938
0 0.714063 0.551852 0.078125 0.422222 0.833275
0 0.714063 0.552778 0.078125 0.424074 0.835647
0 0.713021 0.553704 0.0760417 0.425926 0.857593
0 0.713542 0.553704 0.0770833 0.42963 0.865951
0 0.713021 0.553704 0.0760417 0.425926 0.868771
0 0.713542 0.553704 0.075 0.42963 0.872436
0 0.713542 0.552778 0.0770833 0.427778 0.888242
0 0.713542 0.552778 0.0770833 0.427778 0.89162
0 0.713542 0.553704 0.0770833 0.42963 0.894798
