0 0.428646 0.375 0.0197917 0.116667 0.252867
9 0.398958 0.0435185 0.0333333 0.087037 0.26414
9 0.397396 0.0453704 0.0364583 0.087037 0.270871
13 0.40625 0.775926 0.325 0.414815 0.273566
0 0.483333 0.383333 0.03125 0.133333 0.274713
9 0.398958 0.0435185 0.0333333 0.087037 0.276574
9 0.398958 0.0435185 0.0333333 0.087037 0.278234
0 0.966667 0.536111 0.0666667 0.57963 0.282337
13 0.398958 0.780556 0.335417 0.42037 0.283576
13 0.405729 0.776852 0.326042 0.412963 0.285326
13 0.405208 0.776852 0.327083 0.412963 0.293727
13 0.398438 0.780556 0.334375 0.42037 0.295396
0 0.484375 0.384259 0.0333333 0.146296 0.29866
13 0.398958 0.780556 0.333333 0.416667 0.303338
0 0.484375 0.384259 0.0333333 0.146296 0.311197
9 0.392708 0.0490741 0.0458333 0.0981481 0.323039
9 0.391146 0.05 0.046875 0.0962963 0.327416
0 0.968229 0.535185 0.0635417 0.581481 0.335505
0 0.564062 0.387037 0.0364583 0.181481 0.3431
9 0.398958 0.0462963 0.0333333 0.0925926 0.346473
9 0.390625 0.0490741 0.0458333 0.0944444 0.351101
0 0.563542 0.386111 0.0354167 0.183333 0.357226
9 0.390625 0.0490741 0.0458333 0.0944444 0.360282
0 0.564062 0.385185 0.034375 0.181481 0.362538
9 0.396875 0.0472222 0.0375 0.0944444 0.363755
9 0.396875 0.0472222 0.0375 0.0944444 0.366538
9 0.392188 0.0481481 0.0447917 0.0962963 0.395739
9 0.392188 0.0472222 0.0447917 0.0944444 0.41093
0 0.966667 0.551852 0.0666667 0.577778 0.42879
0 0.967708 0.551852 0.0645833 0.574074 0.42984
0 0.879687 0.55463 0.0989583 0.583333 0.430815
0 0.967188 0.552778 0.065625 0.575926 0.444028
0 0.959375 0.548148 0.0791667 0.592593 0.461126
0 0.483854 0.394444 0.034375 0.155556 0.477333
0 0.967188 0.536111 0.065625 0.587037 0.485554
0 0.938542 0.548148 0.1125 0.6 0.486943
0 0.879687 0.556481 0.0989583 0.568519 0.490667
0 0.483854 0.394444 0.0322917 0.155556 0.503264
0 0.561458 0.385185 0.0354167 0.181481 0.509464
0 0.561458 0.386111 0.0333333 0.183333 0.514575
0 0.561979 0.384259 0.034375 0.17963 0.526419
0 0.967708 0.537963 0.0645833 0.568519 0.531006
0 0.561458 0.385185 0.0333333 0.181481 0.532963
0 0.967708 0.551852 0.0645833 0.577778 0.546506
0 0.560938 0.384259 0.0322917 0.17963 0.555803
0 0.560938 0.384259 0.0322917 0.183333 0.575495
0 0.560938 0.384259 0.0322917 0.17963 0.583221
0 0.483854 0.388889 0.0322917 0.148148 0.58544
0 0.483854 0.389815 0.0322917 0.146296 0.590568
0 0.482812 0.393519 0.0322917 0.153704 0.620363
0 0.482812 0.393519 0.0322917 0.153704 0.626176
0 0.482812 0.393519 0.0322917 0.153704 0.638343
0 0.483333 0.392593 0.03125 0.151852 0.648226
0 0.561979 0.383333 0.034375 0.177778 0.678076
0 0.483854 0.392593 0.0302083 0.151852 0.686585
0 0.561979 0.384259 0.034375 0.17963 0.694195
0 0.483854 0.392593 0.0302083 0.151852 0.696292
0 0.483333 0.391667 0.03125 0.153704 0.709752
0 0.561979 0.383333 0.034375 0.177778 0.714332
0 0.966667 0.546296 0.0666667 0.588889 0.718758
0 0.482812 0.391667 0.0322917 0.157407 0.725916
0 0.483333 0.391667 0.03125 0.153704 0.732557
0 0.482812 0.390741 0.0322917 0.159259 0.735528
0 0.561458 0.385185 0.0354167 0.177778 0.741603
0 0.561458 0.386111 0.0333333 0.17963 0.747002
0 0.966667 0.543519 0.0666667 0.561111 0.752193
0 0.561458 0.385185 0.0354167 0.177778 0.754664
0 0.561458 0.386111 0.0333333 0.17963 0.757792
0 0.483333 0.392593 0.03125 0.151852 0.7649
0 0.561979 0.385185 0.034375 0.181481 0.769495
0 0.878646 0.565741 0.0989583 0.575926 0.779207
0 0.561979 0.385185 0.034375 0.181481 0.788275
0 0.967188 0.543519 0.065625 0.568519 0.802375
0 0.561979 0.385185 0.034375 0.181481 0.807545
0 0.966146 0.548148 0.0677083 0.574074 0.831108
0 0.967188 0.54537 0.065625 0.587037 0.835206
0 0.966146 0.548148 0.0677083 0.574074 0.840032
0 0.878646 0.564815 0.0989583 0.574074 0.842359
0 0.878646 0.564815 0.0989583 0.577778 0.850206
0 0.878646 0.563889 0.0989583 0.575926 0.853846
0 0.877604 0.565741 0.096875 0.575926 0.857671
0 0.877604 0.565741 0.0989583 0.590741 0.858766
0 0.877604 0.565741 0.0989583 0.587037 0.862742
0 0.877604 0.566667 0.096875 0.581481 0.863
