0 0.103646 0.352778 0.065625 0.227778 0.25131
0 0.577083 0.313889 0.0291667 0.142593 0.25151
0 0.315625 0.296296 0.0270833 0.0740741 0.256569
0 0.225521 0.297222 0.0385417 0.127778 0.261768
0 0.0640625 0.323148 0.028125 0.131481 0.275117
0 0.0635417 0.326852 0.0270833 0.135185 0.278706
0 0.504167 0.306481 0.0229167 0.146296 0.280723
0 0.0661458 0.326852 0.0260417 0.131481 0.281353
0 0.225521 0.298148 0.0385417 0.12963 0.281974
0 0.488021 0.313889 0.059375 0.124074 0.282271
0 0.0635417 0.326852 0.0270833 0.135185 0.282709
0 0.652083 0.298148 0.01875 0.0925926 0.283543
0 0.504167 0.305556 0.0229167 0.144444 0.284722
0 0.0927083 0.361111 0.0458333 0.214815 0.285594
0 0.300521 0.298148 0.0239583 0.0740741 0.28828
0 0.300521 0.299074 0.0239583 0.0722222 0.289283
0 0.225521 0.297222 0.0385417 0.127778 0.289361
0 0.423438 0.337037 0.0385417 0.211111 0.289471
0 0.300521 0.298148 0.0239583 0.0740741 0.290153
0 0.576563 0.313889 0.028125 0.142593 0.290396
0 0.296875 0.297222 0.0229167 0.0759259 0.296496
0 0.577083 0.313889 0.0291667 0.142593 0.298855
0 0.423438 0.337037 0.0385417 0.207407 0.300461
0 0.0625 0.312037 0.0208333 0.109259 0.302899
0 0.0645833 0.328704 0.0270833 0.135185 0.307197
0 0.0630208 0.315741 0.021875 0.112963 0.308199
0 0.325 0.29537 0.025 0.0722222 0.311177
0 0.325 0.29537 0.025 0.0722222 0.316163
0 0.226562 0.298148 0.0385417 0.122222 0.317622
0 0.0625 0.314815 0.0208333 0.111111 0.324184
0 0.307292 0.298148 0.0395833 0.0740741 0.325951
0 0.325 0.29537 0.025 0.0722222 0.326722
0 0.0640625 0.328704 0.0260417 0.135185 0.330162
0 0.573958 0.314815 0.0270833 0.140741 0.332716
0 0.573438 0.314815 0.028125 0.140741 0.336058
0 0.227083 0.296296 0.0395833 0.12963 0.337487
0 0.00625 0.302778 0.0125 0.0759259 0.338358
0 0.322396 0.297222 0.021875 0.0722222 0.340208
0 0.503646 0.312963 0.0239583 0.133333 0.341428
0 0.503125 0.313889 0.025 0.135185 0.349693
0 0.322917 0.297222 0.0229167 0.0722222 0.350246
0 0.226562 0.296296 0.040625 0.125926 0.354565
0 0.0635417 0.324074 0.0270833 0.133333 0.355328
0 0.322917 0.297222 0.0229167 0.0722222 0.358671
0 0.096875 0.357407 0.05 0.225926 0.361222
0 0.00729167 0.302778 0.0125 0.0759259 0.363939
0 0.226562 0.294444 0.040625 0.125926 0.366904
0 0.00677083 0.302778 0.0135417 0.0796296 0.370796
0 0.227083 0.294444 0.0395833 0.125926 0.371319
0 0.101562 0.35463 0.065625 0.227778 0.371662
0 0.322396 0.297222 0.0239583 0.0722222 0.374824
0 0.226562 0.294444 0.040625 0.125926 0.37551
0 0.465625 0.312037 0.0291667 0.124074 0.376548
0 0.322396 0.297222 0.0239583 0.0722222 0.377577
0 0.0661458 0.326852 0.0260417 0.135185 0.377779
0 0.0645833 0.32037 0.0229167 0.118519 0.381946
0 0.649479 0.300926 0.0197917 0.087037 0.382152
0 0.0661458 0.326852 0.0260417 0.135185 0.382277
0 0.096875 0.357407 0.0520833 0.225926 0.384209
0 0.322396 0.296296 0.0239583 0.0703704 0.385719
0 0.0640625 0.321296 0.021875 0.12037 0.387172
0 0.65 0.297222 0.01875 0.0907407 0.392941
0 0.102083 0.35463 0.0645833 0.227778 0.395587
0 0.503125 0.312037 0.025 0.12037 0.396358
0 0.0260417 0.306481 0.01875 0.0981481 0.398283
0 0.625 0.318519 0.0270833 0.122222 0.400796
0 0.0640625 0.32037 0.021875 0.122222 0.401357
0 0.0645833 0.328704 0.0270833 0.135185 0.403572
0 0.65 0.297222 0.01875 0.0907407 0.408278
0 0.649479 0.300926 0.0197917 0.087037 0.409656
0 0.65 0.300926 0.0208333 0.087037 0.410348
0 0.00677083 0.302778 0.0135417 0.0796296 0.41878
0 0.301042 0.298148 0.0270833 0.0740741 0.419499
0 0.65 0.297222 0.0208333 0.0907407 0.419784
0 0.224479 0.294444 0.040625 0.12963 0.420967
0 0.623438 0.325 0.0260417 0.135185 0.424982
0 0.466146 0.312963 0.028125 0.12963 0.428263
0 0.466146 0.312963 0.028125 0.12963 0.428709
0 0.301042 0.297222 0.0270833 0.0722222 0.429674
0 0.623958 0.324074 0.0270833 0.12963 0.433029
0 0.107292 0.356481 0.05625 0.224074 0.433956
0 0.301042 0.297222 0.0270833 0.0722222 0.435454
0 0.623958 0.325926 0.025 0.133333 0.437777
0 0.325 0.296296 0.0229167 0.0703704 0.446277
0 0.107292 0.355556 0.05625 0.225926 0.456443
0 0.625 0.319444 0.0270833 0.131481 0.46323
0 0.625 0.319444 0.0270833 0.131481 0.465175
0 0.102604 0.35463 0.0635417 0.231481 0.470661
0 0.502604 0.312037 0.0239583 0.131481 0.475189
0 0.10625 0.356481 0.05625 0.231481 0.476692
0 0.113021 0.351852 0.0427083 0.22963 0.482254
0 0.502604 0.312963 0.0239583 0.133333 0.484039
0 0.0286458 0.30463 0.0197917 0.0907407 0.491112
0 0.623958 0.325926 0.0270833 0.140741 0.493695
0 0.028125 0.303704 0.0208333 0.0925926 0.49529
0 0.107292 0.355556 0.05625 0.225926 0.500066
0 0.575 0.314815 0.0291667 0.144444 0.500355
0 0.226042 0.294444 0.0416667 0.12963 0.500892
0 0.113021 0.351852 0.0427083 0.233333 0.508159
0 0.028125 0.30463 0.0208333 0.0907407 0.511872
0 0.467708 0.314815 0.0270833 0.125926 0.51427
0 0.917708 0.565741 0.152083 0.738889 0.527097
0 0.467708 0.315741 0.0270833 0.127778 0.534077
0 0.467187 0.315741 0.0260417 0.127778 0.534457
0 0.503646 0.315741 0.021875 0.127778 0.539082
0 0.623958 0.325926 0.0270833 0.140741 0.539385
0 0.651042 0.298148 0.01875 0.0925926 0.53979
0 0.574479 0.313889 0.028125 0.146296 0.540597
0 0.651042 0.298148 0.01875 0.0925926 0.541341
0 0.503646 0.315741 0.021875 0.127778 0.542769
0 0.0640625 0.324074 0.0260417 0.12963 0.546814
0 0.105208 0.353704 0.0604167 0.225926 0.549766
0 0.503646 0.315741 0.021875 0.127778 0.551785
0 0.650521 0.298148 0.0197917 0.0962963 0.554613
0 0.651042 0.298148 0.01875 0.0925926 0.559069
0 0.225521 0.294444 0.040625 0.133333 0.56249
0 0.650521 0.298148 0.0197917 0.0962963 0.562622
0 0.918229 0.555556 0.142708 0.72963 0.565291
0 0.467187 0.315741 0.028125 0.124074 0.567841
0 0.651042 0.298148 0.01875 0.0925926 0.568664
0 0.225521 0.294444 0.040625 0.133333 0.568861
0 0.916146 0.559259 0.151042 0.740741 0.569943
0 0.916146 0.555556 0.151042 0.740741 0.570057
0 0.104687 0.355556 0.059375 0.225926 0.574505
0 0.298438 0.299074 0.021875 0.0759259 0.574674
0 0.298438 0.298148 0.021875 0.0740741 0.578081
0 0.422917 0.333333 0.0375 0.192593 0.579465
0 0.623958 0.325 0.0270833 0.138889 0.58005
0 0.574479 0.312963 0.028125 0.137037 0.580568
0 0.297917 0.298148 0.0208333 0.0740741 0.58084
0 0.298438 0.3 0.021875 0.0740741 0.581464
0 0.297917 0.297222 0.0208333 0.0722222 0.583511
0 0.298438 0.3 0.021875 0.0740741 0.583572
0 0.574479 0.313889 0.028125 0.142593 0.584193
0 0.575 0.312037 0.0291667 0.135185 0.589731
0 0.468229 0.314815 0.028125 0.125926 0.593733
0 0.623958 0.324074 0.0270833 0.140741 0.594515
0 0.226042 0.29537 0.0416667 0.131481 0.601556
0 0.105208 0.352778 0.0583333 0.227778 0.602139
0 0.226042 0.29537 0.0416667 0.131481 0.607533
0 0.623958 0.324074 0.0270833 0.140741 0.610542
0 0.467708 0.313889 0.0291667 0.12037 0.613193
0 0.297917 0.3 0.0208333 0.0740741 0.622218
0 0.0276042 0.303704 0.0197917 0.0925926 0.62354
0 0.422396 0.334259 0.0385417 0.194444 0.624804
0 0.467187 0.315741 0.028125 0.124074 0.624969
0 0.0276042 0.30463 0.0197917 0.0944444 0.628824
0 0.105208 0.353704 0.0583333 0.22963 0.636931
0 0.467708 0.315741 0.0270833 0.124074 0.637148
0 0.504167 0.311111 0.0229167 0.12963 0.637225
0 0.467708 0.314815 0.0270833 0.125926 0.643265
0 0.0276042 0.303704 0.0197917 0.0962963 0.645118
0 0.0276042 0.303704 0.0197917 0.0962963 0.645394
0 0.422917 0.334259 0.0375 0.194444 0.651171
0 0.622917 0.325 0.0270833 0.138889 0.653432
0 0.623438 0.325 0.0260417 0.138889 0.656273
0 0.624479 0.325926 0.0260417 0.137037 0.657799
0 0.623438 0.325 0.0260417 0.138889 0.658073
0 0.623958 0.325926 0.0270833 0.137037 0.658134
0 0.0276042 0.305556 0.0197917 0.0925926 0.662966
0 0.623438 0.323148 0.028125 0.138889 0.66511
0 0.467708 0.314815 0.0291667 0.122222 0.667552
0 0.0276042 0.301852 0.0197917 0.0962963 0.670356
0 0.10625 0.352778 0.05625 0.231481 0.677606
0 0.467708 0.313889 0.0291667 0.12037 0.679067
0 0.105208 0.353704 0.0583333 0.22963 0.685995
0 0.651042 0.299074 0.01875 0.0907407 0.686183
0 0.0276042 0.301852 0.0197917 0.0962963 0.689876
0 0.623438 0.324074 0.028125 0.137037 0.690306
0 0.468229 0.314815 0.0260417 0.125926 0.693386
0 0.225521 0.294444 0.040625 0.12963 0.694773
0 0.0276042 0.301852 0.0197917 0.0962963 0.695401
0 0.106771 0.35463 0.0552083 0.235185 0.699337
0 0.623438 0.324074 0.028125 0.137037 0.700263
0 0.91875 0.564815 0.14375 0.722222 0.700283
0 0.422917 0.336111 0.0375 0.198148 0.703391
0 0.226562 0.294444 0.040625 0.12963 0.711415
0 0.622917 0.324074 0.0270833 0.140741 0.711915
0 0.422917 0.335185 0.0375 0.2 0.71367
0 0.226042 0.294444 0.0395833 0.12963 0.716262
0 0.225521 0.294444 0.040625 0.12963 0.716943
0 0.225521 0.294444 0.040625 0.12963 0.723092
0 0.226042 0.294444 0.0395833 0.12963 0.729907
0 0.503646 0.314815 0.021875 0.133333 0.733378
0 0.504167 0.312037 0.0229167 0.131481 0.737063
0 0.622917 0.325926 0.0270833 0.140741 0.738961
0 0.504167 0.312037 0.0229167 0.131481 0.739004
0 0.503646 0.312963 0.021875 0.133333 0.743656
0 0.575 0.313889 0.0291667 0.142593 0.753517
0 0.575521 0.312037 0.028125 0.138889 0.759438
0 0.423958 0.334259 0.0395833 0.194444 0.761637
0 0.575 0.312037 0.0291667 0.138889 0.761721
0 0.574479 0.312963 0.028125 0.144444 0.761868
0 0.574479 0.313889 0.028125 0.142593 0.768555
0 0.423438 0.334259 0.040625 0.201852 0.769998
0 0.423438 0.334259 0.0385417 0.198148 0.773555
0 0.574479 0.313889 0.028125 0.142593 0.779948
0 0.423438 0.334259 0.040625 0.201852 0.787443
0 0.575 0.313889 0.0291667 0.142593 0.78845
0 0.422917 0.333333 0.0375 0.196296 0.791455
0 0.423438 0.334259 0.0385417 0.194444 0.792015
0 0.575 0.313889 0.0291667 0.142593 0.793883
0 0.422917 0.332407 0.0375 0.198148 0.797656
0 0.574479 0.312963 0.028125 0.140741 0.798106
0 0.574479 0.312963 0.028125 0.140741 0.799073
0 0.422917 0.332407 0.0375 0.198148 0.80775
0 0.916667 0.556481 0.145833 0.735185 0.854157
0 0.917188 0.566667 0.146875 0.740741 0.858836
0 0.917188 0.564815 0.146875 0.740741 0.858908
0 0.916667 0.556481 0.145833 0.735185 0.862667
0 0.916667 0.559259 0.147917 0.737037 0.91182
0 0.917708 0.559259 0.145833 0.748148 0.914672
0 0.916667 0.558333 0.147917 0.731481 0.916453
