0 0.327604 0.417593 0.0135417 0.0648148 0.250232
0 0.379687 0.438889 0.0197917 0.0925926 0.250618
0 0.328125 0.419444 0.0145833 0.0685185 0.251821
0 0.00989583 0.509259 0.0197917 0.159259 0.251916
0 0.0697917 0.467593 0.0354167 0.142593 0.252997
0 0.0645833 0.483333 0.0354167 0.17037 0.253726
0 0.327604 0.42037 0.015625 0.062963 0.255381
13 0.391146 0.575926 0.138542 0.0740741 0.256425
13 0.401042 0.575 0.145833 0.0722222 0.25694
13 0.39375 0.576852 0.135417 0.0722222 0.261393
0 0.49375 0.469444 0.0333333 0.135185 0.261506
0 0.0619792 0.475926 0.0364583 0.174074 0.261633
0 0.0645833 0.483333 0.0354167 0.166667 0.26171
0 0.01875 0.505556 0.0354167 0.17037 0.265139
0 0.327604 0.42037 0.015625 0.062963 0.267287
0 0.0697917 0.468519 0.0354167 0.144444 0.269725
0 0.379687 0.439815 0.0197917 0.0944444 0.270894
13 0.394271 0.576852 0.138542 0.0722222 0.270934
0 0.283333 0.442593 0.01875 0.0814815 0.271098
0 0.0619792 0.476852 0.0364583 0.175926 0.279848
0 0.646354 0.428704 0.0177083 0.0759259 0.282584
0 0.379687 0.439815 0.0197917 0.0944444 0.285302
0 0.646354 0.430556 0.0177083 0.0796296 0.286823
0 0.282292 0.442593 0.01875 0.0925926 0.29259
0 0.28125 0.442593 0.0208333 0.0962963 0.293227
0 0.282813 0.435185 0.0197917 0.0888889 0.293959
0 0.327604 0.421296 0.015625 0.0611111 0.295542
0 0.275521 0.44537 0.0260417 0.101852 0.299849
13 0.3125 0.49537 0.0791667 0.0648148 0.302633
13 0.313542 0.494444 0.0770833 0.062963 0.306779
0 0.378125 0.441667 0.0208333 0.0981481 0.307945
0 0.282292 0.442593 0.01875 0.0925926 0.314075
0 0.0588542 0.482407 0.0322917 0.17963 0.315397
13 0.3125 0.49537 0.0791667 0.0648148 0.316363
0 0.282813 0.436111 0.0197917 0.0907407 0.325221
0 0.495313 0.469444 0.0364583 0.146296 0.325483
0 0.0588542 0.482407 0.034375 0.17963 0.329406
0 0.378125 0.440741 0.0208333 0.1 0.334182
0 0.327604 0.421296 0.015625 0.0611111 0.335384
13 0.313542 0.494444 0.0770833 0.062963 0.339839
0 0.0703125 0.468519 0.0322917 0.125926 0.342063
0 0.494792 0.47037 0.0354167 0.144444 0.344071
0 0.760417 0.558333 0.114583 0.464815 0.345115
0 0.282813 0.436111 0.0197917 0.0907407 0.347785
0 0.071875 0.464815 0.0291667 0.118519 0.349649
0 0.0697917 0.468519 0.0354167 0.144444 0.353028
0 0.327604 0.421296 0.0135417 0.0648148 0.354815
0 0.378125 0.440741 0.0208333 0.1 0.358506
0 0.265104 0.45 0.021875 0.118519 0.365912
0 0.0291667 0.497222 0.0458333 0.187037 0.367345
0 0.760938 0.559259 0.115625 0.466667 0.368087
0 0.265625 0.450926 0.0208333 0.116667 0.373033
0 0.071875 0.464815 0.0291667 0.118519 0.374213
0 0.071875 0.464815 0.0291667 0.118519 0.375292
0 0.327604 0.421296 0.0135417 0.0648148 0.381699
0 0.760417 0.559259 0.114583 0.47037 0.385961
0 0.265625 0.45 0.0208333 0.114815 0.390231
0 0.400521 0.439815 0.034375 0.101852 0.413868
0 0.756771 0.574074 0.113542 0.477778 0.41898
0 0.03125 0.496296 0.0458333 0.188889 0.419199
0 0.967708 0.426852 0.05625 0.309259 0.428178
0 0.267708 0.45 0.0229167 0.103704 0.433286
0 0.967708 0.426852 0.05625 0.305556 0.451021
0 0.268229 0.450926 0.0239583 0.101852 0.456046
0 0.967708 0.426852 0.05625 0.309259 0.458825
0 0.03125 0.496296 0.0458333 0.188889 0.463357
0 0.267708 0.45 0.0229167 0.107407 0.465383
0 0.267708 0.45 0.0229167 0.103704 0.468093
0 0.268229 0.451852 0.0239583 0.103704 0.470098
0 0.268229 0.450926 0.0239583 0.101852 0.470365
0 0.379687 0.441667 0.0197917 0.0981481 0.474942
0 0.967188 0.425926 0.0572917 0.318519 0.483498
0 0.267708 0.45 0.0229167 0.107407 0.48483
0 0.0671875 0.474074 0.0385417 0.148148 0.485983
0 0.379167 0.441667 0.0208333 0.0944444 0.496211
0 0.0666667 0.474074 0.0375 0.151852 0.497568
0 0.06875 0.475926 0.0354167 0.162963 0.498588
0 0.492188 0.467593 0.0322917 0.146296 0.507378
0 0.06875 0.475926 0.0354167 0.162963 0.50825
0 0.0354167 0.493519 0.04375 0.190741 0.510122
0 0.492188 0.468519 0.0322917 0.148148 0.522574
0 0.379167 0.441667 0.0208333 0.0981481 0.527689
0 0.379167 0.442593 0.0208333 0.0962963 0.529718
0 0.0666667 0.474074 0.0375 0.151852 0.531544
0 0.0708333 0.469444 0.0333333 0.138889 0.53626
0 0.0703125 0.469444 0.034375 0.138889 0.536665
0 0.268229 0.452778 0.021875 0.101852 0.539215
0 0.379687 0.440741 0.0197917 0.1 0.549804
0 0.757292 0.574074 0.1125 0.5 0.553114
0 0.0697917 0.473148 0.0333333 0.142593 0.56328
0 0.0380208 0.489815 0.046875 0.187037 0.565491
0 0.756771 0.574074 0.113542 0.496296 0.56632
0 0.0703125 0.472222 0.0322917 0.140741 0.569212
0 0.967188 0.431481 0.059375 0.307407 0.57298
0 0.493229 0.471296 0.0322917 0.146296 0.577862
0 0.0359375 0.493519 0.0427083 0.190741 0.579164
0 0.0380208 0.490741 0.046875 0.188889 0.582273
0 0.0697917 0.472222 0.0333333 0.140741 0.582677
0 0.407813 0.437037 0.0197917 0.103704 0.586702
0 0.49375 0.471296 0.0333333 0.146296 0.590849
0 0.407813 0.437963 0.0197917 0.101852 0.59186
0 0.408333 0.437963 0.0208333 0.101852 0.593692
0 0.0328125 0.497222 0.0385417 0.190741 0.596682
0 0.967708 0.426852 0.0583333 0.312963 0.601531
0 0.0322917 0.496296 0.0395833 0.188889 0.609818
0 0.967708 0.427778 0.0583333 0.314815 0.611361
0 0.967708 0.426852 0.0583333 0.312963 0.622502
0 0.968229 0.431481 0.0572917 0.303704 0.628439
0 0.967708 0.428704 0.05625 0.316667 0.642908
0 0.0338542 0.49537 0.0427083 0.190741 0.647669
0 0.757812 0.567593 0.111458 0.475926 0.648263
0 0.0359375 0.493519 0.0427083 0.190741 0.656482
0 0.968229 0.430556 0.0572917 0.309259 0.661061
0 0.0338542 0.496296 0.0427083 0.192593 0.667335
0 0.408333 0.437963 0.0208333 0.101852 0.668971
0 0.967708 0.430556 0.05625 0.312963 0.669285
0 0.443229 0.437037 0.0197917 0.103704 0.674139
0 0.967708 0.42963 0.05625 0.314815 0.678795
0 0.0348958 0.49537 0.0427083 0.190741 0.682398
0 0.44375 0.435185 0.0208333 0.103704 0.685573
0 0.407813 0.437963 0.0197917 0.101852 0.695511
0 0.44375 0.435185 0.0208333 0.103704 0.701072
0 0.0348958 0.49537 0.0427083 0.190741 0.702269
0 0.44375 0.435185 0.0208333 0.107407 0.707149
0 0.44375 0.435185 0.0208333 0.107407 0.709687
0 0.408333 0.437963 0.0208333 0.105556 0.717504
0 0.0348958 0.494444 0.0427083 0.192593 0.720312
0 0.44375 0.435185 0.0208333 0.1 0.720511
0 0.408333 0.438889 0.0208333 0.103704 0.726001
0 0.757812 0.569444 0.111458 0.487037 0.735576
0 0.758333 0.571296 0.116667 0.483333 0.737693
0 0.44375 0.435185 0.0208333 0.103704 0.73977
0 0.44375 0.435185 0.0208333 0.103704 0.739928
0 0.407813 0.437037 0.0197917 0.1 0.750729
0 0.758333 0.57037 0.114583 0.481481 0.757614
0 0.407813 0.437037 0.0197917 0.103704 0.762497
0 0.407813 0.437037 0.0197917 0.103704 0.767893
0 0.408333 0.436111 0.0208333 0.101852 0.775823
0 0.493229 0.469444 0.0322917 0.15 0.799337
0 0.49375 0.47037 0.0333333 0.148148 0.812369
0 0.493229 0.469444 0.0322917 0.15 0.813703
0 0.44375 0.435185 0.0208333 0.107407 0.814211
0 0.49375 0.469444 0.0333333 0.142593 0.822683
0 0.49375 0.469444 0.0333333 0.146296 0.823617
0 0.494271 0.469444 0.0322917 0.15 0.824084
0 0.49375 0.47037 0.0333333 0.148148 0.825397
0 0.494271 0.469444 0.0322917 0.15 0.829912
0 0.49375 0.47037 0.0333333 0.148148 0.83028
0 0.493229 0.468519 0.0322917 0.148148 0.831468
0 0.757292 0.574074 0.116667 0.496296 0.833427
0 0.494271 0.469444 0.0322917 0.15 0.840802
0 0.757292 0.575 0.116667 0.494444 0.845618
0 0.758854 0.572222 0.117708 0.485185 0.863108
0 0.758333 0.575 0.116667 0.490741 0.865406
0 0.758333 0.57037 0.116667 0.485185 0.865554
0 0.758333 0.571296 0.116667 0.490741 0.872437
0 0.758333 0.574074 0.116667 0.488889 0.886932
0 0.758333 0.572222 0.116667 0.488889 0.889108
