0 0.436458 0.333333 0.01875 0.0740741 0.251579
0 0.615104 0.34537 0.015625 0.0685185 0.261649
0 0.585417 0.397222 0.03125 0.12037 0.265723
0 0.434375 0.334259 0.0166667 0.0722222 0.268615
0 0.584896 0.396296 0.034375 0.118519 0.268817
0 0.584896 0.396296 0.034375 0.118519 0.271267
0 0.615104 0.34537 0.015625 0.0685185 0.279199
0 0.659375 0.371296 0.0270833 0.135185 0.287872
0 0.553125 0.387037 0.0375 0.125926 0.289975
0 0.554688 0.384259 0.0385417 0.124074 0.292751
0 0.434375 0.334259 0.0166667 0.0722222 0.293525
0 0.563542 0.388889 0.0583333 0.125926 0.302593
0 0.585417 0.397222 0.03125 0.12037 0.303555
0 0.585417 0.397222 0.03125 0.12037 0.30552
0 0.00833333 0.368519 0.0166667 0.125926 0.31573
0 0.584896 0.396296 0.034375 0.118519 0.319507
0 0.584375 0.391667 0.0333333 0.127778 0.326988
0 0.00833333 0.368519 0.0166667 0.125926 0.327106
0 0.584375 0.391667 0.0333333 0.127778 0.328864
0 0.009375 0.362037 0.01875 0.135185 0.33848
0 0.00885417 0.362037 0.0177083 0.135185 0.345835
0 0.554688 0.385185 0.0385417 0.125926 0.357154
0 0.554688 0.385185 0.0385417 0.125926 0.360013
0 0.498437 0.377778 0.0302083 0.144444 0.369148
0 0.584896 0.392593 0.034375 0.12963 0.385879
0 0.583854 0.39537 0.0322917 0.12037 0.386453
0 0.584896 0.391667 0.034375 0.127778 0.392796
0 0.497917 0.378704 0.0291667 0.142593 0.393632
0 0.497917 0.378704 0.0291667 0.142593 0.40995
0 0.584375 0.396296 0.0333333 0.118519 0.415075
0 0.584375 0.396296 0.0333333 0.118519 0.415358
0 0.499479 0.375 0.0260417 0.135185 0.421045
0 0.658333 0.371296 0.0270833 0.138889 0.429697
0 0.584896 0.391667 0.034375 0.127778 0.434095
0 0.00885417 0.364815 0.0177083 0.125926 0.452693
0 0.00833333 0.365741 0.0166667 0.127778 0.45488
0 0.658333 0.37037 0.0270833 0.137037 0.489683
0 0.5 0.375 0.0270833 0.131481 0.51732
0 0.658854 0.368519 0.0260417 0.133333 0.526718
0 0.460938 0.372222 0.034375 0.17037 0.528323
0 0.498958 0.375926 0.0270833 0.144444 0.530802
0 0.460417 0.373148 0.0333333 0.168519 0.540084
0 0.659375 0.372222 0.0270833 0.137037 0.546163
0 0.00833333 0.365741 0.0166667 0.127778 0.549791
0 0.658854 0.372222 0.0260417 0.137037 0.550529
0 0.00833333 0.366667 0.0166667 0.12963 0.55166
0 0.5 0.377778 0.0270833 0.140741 0.55572
0 0.00885417 0.364815 0.0177083 0.133333 0.556395
0 0.658854 0.37037 0.028125 0.148148 0.561195
0 0.00885417 0.364815 0.0177083 0.12963 0.562409
0 0.658854 0.371296 0.028125 0.146296 0.568946
0 0.658854 0.368519 0.028125 0.137037 0.571992
0 0.658854 0.369444 0.028125 0.135185 0.573884
0 0.658333 0.371296 0.0270833 0.138889 0.581607
0 0.865104 0.400926 0.053125 0.216667 0.59408
0 0.498958 0.375926 0.0270833 0.140741 0.60409
0 0.864583 0.400926 0.0520833 0.216667 0.626947
0 0.5 0.377778 0.0270833 0.140741 0.630867
0 0.658854 0.368519 0.028125 0.137037 0.634695
0 0.659375 0.368519 0.0270833 0.137037 0.639522
0 0.498958 0.375 0.0270833 0.142593 0.645213
0 0.864583 0.401852 0.0520833 0.218519 0.650664
0 0.00885417 0.366667 0.0177083 0.133333 0.652768
0 0.460938 0.375926 0.0322917 0.17037 0.654555
0 0.460938 0.375926 0.0322917 0.17037 0.667511
0 0.5 0.375926 0.0270833 0.137037 0.668622
0 0.460938 0.376852 0.0322917 0.168519 0.669966
0 0.658854 0.368519 0.028125 0.137037 0.673332
0 0.5 0.375 0.0270833 0.135185 0.680954
0 0.00833333 0.365741 0.0166667 0.135185 0.682793
0 0.5 0.376852 0.0270833 0.138889 0.696992
0 0.658333 0.368519 0.025 0.137037 0.713598
0 0.5 0.375926 0.0270833 0.140741 0.716701
0 0.460938 0.375 0.0322917 0.168519 0.719274
0 0.658854 0.368519 0.0260417 0.133333 0.722412
0 0.863542 0.399074 0.0520833 0.216667 0.723799
0 0.5 0.375 0.0270833 0.138889 0.725755
0 0.865104 0.398148 0.053125 0.222222 0.727698
0 0.658854 0.368519 0.0260417 0.137037 0.73593
0 0.460938 0.375 0.0322917 0.168519 0.745458
0 0.865104 0.398148 0.0552083 0.222222 0.746832
0 0.863542 0.4 0.0520833 0.218519 0.769774
0 0.460938 0.375 0.0322917 0.168519 0.783032
0 0.864062 0.4 0.053125 0.218519 0.790288
0 0.864062 0.397222 0.0552083 0.22037 0.794668
0 0.864062 0.397222 0.0552083 0.22037 0.795441
0 0.863542 0.4 0.0541667 0.218519 0.801894
0 0.864062 0.4 0.053125 0.218519 0.808964
0 0.863542 0.4 0.0520833 0.218519 0.811043
0 0.863542 0.399074 0.0541667 0.22037 0.814798
0 0.863542 0.399074 0.0541667 0.216667 0.814869
0 0.460938 0.373148 0.0322917 0.168519 0.823583
0 0.460938 0.375 0.0322917 0.168519 0.824137
0 0.864062 0.4 0.053125 0.218519 0.824315
0 0.460938 0.374074 0.0322917 0.17037 0.827642
0 0.460938 0.375 0.0322917 0.168519 0.828212
0 0.460938 0.375 0.0322917 0.172222 0.845322
0 0.460938 0.371296 0.0322917 0.172222 0.859195
0 0.460938 0.372222 0.0322917 0.174074 0.861273
