0 0.473958 0.341667 0.0270833 0.142593 0.25222
0 0.228646 0.340741 0.0322917 0.140741 0.255606
0 0.503125 0.337037 0.0208333 0.125926 0.256236
0 0.473958 0.341667 0.0270833 0.142593 0.260192
0 0.227604 0.361111 0.0364583 0.185185 0.261529
0 0.471875 0.343519 0.025 0.135185 0.261641
0 0.446875 0.331481 0.0229167 0.114815 0.262256
0 0.621354 0.317593 0.0197917 0.0907407 0.262841
0 0.228125 0.362037 0.0354167 0.183333 0.267155
0 0.090625 0.306481 0.0166667 0.0574074 0.267271
0 0.446875 0.330556 0.0229167 0.112963 0.269108
0 0.222917 0.34537 0.0416667 0.138889 0.27128
0 0.446875 0.337963 0.025 0.127778 0.2719
0 0.586458 0.344444 0.0291667 0.12963 0.272663
0 0.227604 0.361111 0.0364583 0.185185 0.279025
0 0.113542 0.328704 0.025 0.109259 0.279886
0 0.502604 0.337037 0.0197917 0.125926 0.280776
0 0.210417 0.325926 0.01875 0.0888889 0.282877
0 0.446354 0.330556 0.0239583 0.116667 0.284414
0 0.210417 0.321296 0.0166667 0.087037 0.290799
0 0.210417 0.322222 0.0166667 0.0888889 0.294647
0 0.799479 0.542593 0.138542 0.640741 0.294965
0 0.090625 0.306481 0.0166667 0.0574074 0.296397
0 0.589063 0.34537 0.028125 0.127778 0.296409
0 0.620833 0.316667 0.01875 0.0925926 0.297563
0 0.227083 0.352778 0.0395833 0.157407 0.300857
0 0.210417 0.325926 0.01875 0.0925926 0.301156
0 0.502604 0.336111 0.0197917 0.127778 0.301492
24 0.970833 0.469444 0.0583333 0.298148 0.301632
0 0.620313 0.316667 0.0197917 0.0925926 0.301952
0 0.805208 0.55463 0.15 0.67963 0.303544
0 0.114063 0.331481 0.0197917 0.114815 0.303918
0 0.226562 0.349074 0.040625 0.15 0.305214
0 0.0421875 0.311111 0.015625 0.0703704 0.305632
0 0.0421875 0.311111 0.015625 0.0703704 0.308733
0 0.328646 0.35 0.040625 0.192593 0.309283
0 0.608333 0.327778 0.04375 0.118519 0.31058
0 0.209375 0.324074 0.0166667 0.0925926 0.31225
0 0.210417 0.322222 0.0166667 0.0888889 0.315692
0 0.470833 0.339815 0.0291667 0.146296 0.317146
0 0.210417 0.325 0.01875 0.0907407 0.318555
0 0.227604 0.357407 0.0364583 0.185185 0.328285
0 0.474479 0.338889 0.028125 0.133333 0.328776
0 0.328646 0.349074 0.040625 0.194444 0.330154
0 0.227604 0.358333 0.0364583 0.183333 0.343682
0 0.113542 0.334259 0.0229167 0.116667 0.348123
0 0.798958 0.553704 0.133333 0.651852 0.349929
0 0.114063 0.334259 0.021875 0.116667 0.351168
0 0.114063 0.334259 0.021875 0.116667 0.360581
0 0.803125 0.551852 0.145833 0.651852 0.362353
0 0.227604 0.356481 0.034375 0.172222 0.362398
0 0.227604 0.359259 0.034375 0.177778 0.364804
0 0.472917 0.341667 0.0270833 0.135185 0.365249
0 0.113542 0.332407 0.0208333 0.112963 0.367871
0 0.620313 0.318519 0.0197917 0.1 0.368201
0 0.228125 0.356481 0.0354167 0.168519 0.373308
0 0.806771 0.552778 0.146875 0.687037 0.373421
0 0.113542 0.332407 0.0208333 0.112963 0.374967
0 0.807292 0.553704 0.152083 0.67037 0.385352
0 0.113542 0.332407 0.0208333 0.112963 0.390049
0 0.501562 0.335185 0.0260417 0.12963 0.399442
0 0.475521 0.339815 0.034375 0.142593 0.403236
0 0.588021 0.34537 0.028125 0.135185 0.416275
0 0.586979 0.34537 0.028125 0.135185 0.416319
0 0.807292 0.551852 0.145833 0.688889 0.426049
0 0.586458 0.34537 0.0291667 0.131481 0.426289
0 0.476562 0.339815 0.034375 0.142593 0.437671
0 0.805208 0.540741 0.152083 0.640741 0.442165
0 0.273958 0.317593 0.01875 0.0796296 0.442896
0 0.586979 0.34537 0.0302083 0.131481 0.451956
0 0.473437 0.342593 0.0302083 0.144444 0.453523
0 0.620313 0.325 0.0197917 0.109259 0.456106
0 0.501562 0.335185 0.0260417 0.133333 0.460905
0 0.589063 0.347222 0.028125 0.135185 0.466442
0 0.502083 0.335185 0.025 0.133333 0.470141
0 0.475 0.340741 0.0333333 0.144444 0.473282
0 0.798958 0.549074 0.139583 0.672222 0.47628
0 0.273438 0.316667 0.0197917 0.0777778 0.484033
0 0.589063 0.346296 0.028125 0.133333 0.484749
0 0.273958 0.317593 0.0208333 0.0796296 0.490679
0 0.5875 0.348148 0.0291667 0.137037 0.492336
0 0.471875 0.342593 0.025 0.144444 0.493666
0 0.472396 0.342593 0.0302083 0.144444 0.493938
0 0.558854 0.331481 0.0302083 0.12963 0.500251
0 0.471875 0.343519 0.025 0.142593 0.506189
0 0.473437 0.342593 0.0302083 0.144444 0.511377
0 0.5875 0.348148 0.0291667 0.137037 0.519834
0 0.474479 0.338889 0.028125 0.140741 0.527647
0 0.475 0.339815 0.0291667 0.138889 0.540063
0 0.558333 0.331481 0.0291667 0.12963 0.547719
0 0.935938 0.553704 0.128125 0.733333 0.547743
0 0.5875 0.348148 0.0291667 0.137037 0.555158
0 0.558854 0.331481 0.028125 0.12963 0.571083
0 0.273958 0.314815 0.0208333 0.0851852 0.581772
0 0.503646 0.333333 0.0197917 0.125926 0.584171
0 0.273438 0.315741 0.0197917 0.0833333 0.588084
0 0.559896 0.32963 0.028125 0.125926 0.590089
0 0.558854 0.327778 0.0260417 0.125926 0.590547
0 0.559375 0.328704 0.0270833 0.127778 0.594462
0 0.472917 0.342593 0.0270833 0.140741 0.599835
0 0.620313 0.321296 0.0197917 0.0981481 0.605154
0 0.472917 0.342593 0.0270833 0.140741 0.608484
0 0.503125 0.334259 0.01875 0.127778 0.610276
0 0.329167 0.349074 0.0395833 0.198148 0.614104
0 0.329167 0.349074 0.0395833 0.198148 0.618824
0 0.559375 0.32963 0.0270833 0.125926 0.620179
0 0.934896 0.558333 0.128125 0.727778 0.623717
0 0.558854 0.327778 0.0260417 0.125926 0.630447
0 0.803646 0.555556 0.142708 0.677778 0.630808
0 0.620313 0.321296 0.0197917 0.101852 0.632872
0 0.328646 0.349074 0.040625 0.198148 0.633517
0 0.274479 0.318519 0.0197917 0.0851852 0.634736
0 0.559896 0.328704 0.028125 0.127778 0.636536
0 0.558854 0.327778 0.0260417 0.125926 0.642317
0 0.620313 0.32037 0.0197917 0.1 0.644441
0 0.559896 0.32963 0.028125 0.125926 0.645261
0 0.273958 0.318519 0.0208333 0.0814815 0.645816
0 0.274479 0.318519 0.0197917 0.0814815 0.649004
0 0.503646 0.334259 0.0197917 0.127778 0.651661
0 0.273438 0.315741 0.0197917 0.0833333 0.652818
0 0.559375 0.327778 0.0270833 0.125926 0.654183
0 0.931771 0.561111 0.130208 0.711111 0.654936
0 0.503125 0.334259 0.0208333 0.127778 0.657625
0 0.503646 0.334259 0.0197917 0.127778 0.661641
0 0.620313 0.32037 0.0197917 0.1 0.6624
0 0.588542 0.34537 0.0291667 0.138889 0.666123
0 0.588021 0.34537 0.0302083 0.138889 0.666957
0 0.934896 0.555556 0.130208 0.722222 0.678058
0 0.5875 0.34537 0.0291667 0.135185 0.682232
0 0.586979 0.34537 0.028125 0.138889 0.692627
0 0.559375 0.328704 0.0270833 0.127778 0.695184
0 0.273958 0.317593 0.0208333 0.0833333 0.695234
0 0.586979 0.34537 0.028125 0.142593 0.696289
0 0.620313 0.32037 0.0197917 0.1 0.696836
0 0.329167 0.346296 0.0395833 0.185185 0.697131
0 0.5875 0.34537 0.0291667 0.138889 0.697734
0 0.619271 0.322222 0.0197917 0.107407 0.702986
0 0.805208 0.546296 0.15 0.677778 0.70419
0 0.620313 0.321296 0.0197917 0.101852 0.704773
0 0.329167 0.347222 0.0395833 0.187037 0.706523
0 0.273958 0.318519 0.0208333 0.0814815 0.711204
0 0.273958 0.318519 0.0208333 0.0814815 0.714768
0 0.559375 0.328704 0.0270833 0.124074 0.726601
0 0.558854 0.326852 0.0260417 0.127778 0.730378
0 0.5875 0.34537 0.0291667 0.135185 0.737052
0 0.330208 0.35 0.0395833 0.196296 0.740135
0 0.803646 0.55463 0.142708 0.675926 0.740696
0 0.329167 0.347222 0.0416667 0.190741 0.75088
0 0.803125 0.548148 0.145833 0.677778 0.75478
0 0.558854 0.325926 0.0260417 0.125926 0.758833
0 0.329688 0.35 0.0385417 0.196296 0.758987
0 0.329688 0.350926 0.0385417 0.194444 0.759371
0 0.329167 0.348148 0.0416667 0.192593 0.764309
0 0.558854 0.325926 0.0260417 0.125926 0.764686
0 0.329688 0.35 0.0385417 0.196296 0.765252
0 0.329688 0.350926 0.0385417 0.194444 0.772156
0 0.798437 0.551852 0.136458 0.681481 0.776806
0 0.329688 0.350926 0.0385417 0.194444 0.784893
0 0.559375 0.328704 0.0270833 0.124074 0.788303
0 0.933854 0.560185 0.132292 0.727778 0.808644
0 0.935417 0.557407 0.129167 0.725926 0.808779
0 0.933854 0.560185 0.132292 0.724074 0.830217
0 0.934896 0.556481 0.130208 0.724074 0.830591
0 0.933854 0.558333 0.132292 0.72037 0.876414
0 0.803646 0.553704 0.140625 0.666667 0.877338
0 0.803125 0.553704 0.141667 0.666667 0.882959
