0 0.408854 0.392593 0.0135417 0.0777778 0.250063
0 0.294792 0.389815 0.0208333 0.0759259 0.250291
13 0.313021 0.47963 0.0864583 0.0740741 0.250364
0 0.200521 0.412037 0.0239583 0.0907407 0.253263
0 0.300521 0.387963 0.0260417 0.0796296 0.257358
13 0.3125 0.47963 0.0854167 0.0740741 0.261259
0 0.294792 0.387963 0.0208333 0.0759259 0.262018
0 0.295312 0.387963 0.021875 0.0759259 0.262427
0 0.223438 0.4 0.0177083 0.0666667 0.265265
0 0.222917 0.399074 0.0166667 0.0648148 0.272238
0 0.294792 0.390741 0.0208333 0.0740741 0.273082
0 0.296875 0.388889 0.0229167 0.0777778 0.274496
0 0.294792 0.387963 0.0208333 0.0759259 0.275923
0 0.410417 0.406481 0.0229167 0.0981481 0.285291
0 0.222917 0.399074 0.0166667 0.0648148 0.296632
0 0.406771 0.405556 0.0197917 0.107407 0.30318
13 0.423958 0.661111 0.23125 0.177778 0.303927
0 0.489583 0.416667 0.025 0.140741 0.312851
13 0.423438 0.660185 0.234375 0.17963 0.316599
0 0.948958 0.599074 0.102083 0.490741 0.339001
0 0.407813 0.400926 0.015625 0.087037 0.339631
0 0.203646 0.412037 0.021875 0.0907407 0.343841
0 0.224479 0.4 0.0177083 0.0666667 0.345835
0 0.407813 0.4 0.015625 0.0851852 0.348854
0 0.224479 0.399074 0.0177083 0.0648148 0.357175
0 0.205208 0.410185 0.0229167 0.087037 0.358217
0 0.407813 0.4 0.015625 0.0851852 0.359565
13 0.41875 0.655556 0.24375 0.192593 0.361532
0 0.224479 0.399074 0.0177083 0.0648148 0.361985
13 0.41875 0.65463 0.245833 0.194444 0.366363
13 0.414062 0.649074 0.253125 0.205556 0.372275
0 0.203646 0.412037 0.021875 0.0944444 0.372818
13 0.413542 0.649074 0.252083 0.205556 0.388776
0 0.203646 0.412037 0.021875 0.0944444 0.388972
0 0.408333 0.410185 0.0166667 0.112963 0.392231
0 0.407813 0.410185 0.0177083 0.112963 0.393226
0 0.204167 0.412037 0.0208333 0.087037 0.395471
0 0.224479 0.399074 0.0177083 0.0648148 0.397538
0 0.408854 0.406481 0.015625 0.109259 0.40877
0 0.407292 0.411111 0.01875 0.111111 0.409418
0 0.408854 0.406481 0.015625 0.105556 0.417504
0 0.408333 0.409259 0.0166667 0.111111 0.419074
0 0.204167 0.412037 0.0208333 0.0907407 0.419161
0 0.488021 0.415741 0.0260417 0.131481 0.435468
0 0.204167 0.412037 0.0208333 0.0907407 0.438921
13 0.416146 0.65463 0.246875 0.198148 0.448254
0 0.408854 0.407407 0.015625 0.107407 0.451489
13 0.415625 0.652778 0.247917 0.194444 0.47057
13 0.415625 0.650926 0.24375 0.201852 0.473166
13 0.415104 0.650926 0.244792 0.201852 0.484492
0 0.475521 0.427778 0.046875 0.151852 0.49038
0 0.435417 0.40463 0.0166667 0.0833333 0.508546
0 0.475 0.428704 0.04375 0.153704 0.512734
0 0.0822917 0.438889 0.0270833 0.125926 0.513516
0 0.488021 0.416667 0.0260417 0.137037 0.523181
0 0.474479 0.428704 0.0427083 0.153704 0.526059
0 0.435417 0.40463 0.0166667 0.0833333 0.529305
0 0.488542 0.416667 0.025 0.137037 0.530082
0 0.488021 0.415741 0.0260417 0.138889 0.530965
0 0.435937 0.40463 0.0177083 0.0833333 0.532341
0 0.0822917 0.438889 0.0270833 0.125926 0.546917
0 0.0822917 0.437963 0.0270833 0.127778 0.564889
0 0.435417 0.407407 0.0166667 0.0851852 0.568763
0 0.0828125 0.440741 0.0260417 0.125926 0.569378
0 0.0822917 0.440741 0.025 0.125926 0.572959
0 0.0828125 0.441667 0.0260417 0.127778 0.5738
0 0.435937 0.406481 0.0177083 0.0907407 0.579196
0 0.489583 0.416667 0.0229167 0.140741 0.584779
0 0.489062 0.42037 0.0239583 0.133333 0.586995
0 0.946354 0.607407 0.107292 0.522222 0.588066
0 0.435417 0.405556 0.01875 0.0888889 0.589233
0 0.435417 0.406481 0.01875 0.087037 0.590733
0 0.0822917 0.437963 0.0270833 0.124074 0.60371
0 0.435417 0.408333 0.01875 0.087037 0.608691
0 0.488021 0.416667 0.0260417 0.137037 0.609058
0 0.435417 0.406481 0.01875 0.087037 0.612869
0 0.465104 0.434259 0.028125 0.15 0.614483
0 0.435417 0.407407 0.01875 0.0851852 0.615613
0 0.465104 0.435185 0.028125 0.148148 0.62126
0 0.94375 0.600926 0.1125 0.505556 0.624728
0 0.943229 0.600926 0.113542 0.501852 0.628323
0 0.435417 0.406481 0.01875 0.087037 0.629939
0 0.0822917 0.437963 0.0270833 0.124074 0.63862
0 0.0822917 0.437963 0.0270833 0.127778 0.639345
0 0.946354 0.608333 0.107292 0.524074 0.640562
0 0.0822917 0.439815 0.0270833 0.127778 0.651338
0 0.488021 0.415741 0.0260417 0.131481 0.663434
0 0.465625 0.441667 0.0291667 0.153704 0.664205
0 0.0822917 0.439815 0.0270833 0.127778 0.679139
0 0.465625 0.441667 0.0291667 0.153704 0.680336
0 0.0822917 0.439815 0.0270833 0.124074 0.682033
0 0.465625 0.439815 0.0291667 0.15 0.686485
0 0.489062 0.419444 0.0239583 0.135185 0.694121
0 0.465625 0.439815 0.0291667 0.15 0.696012
0 0.465625 0.439815 0.0291667 0.15 0.697855
0 0.489062 0.42037 0.0239583 0.137037 0.702756
0 0.0822917 0.439815 0.0270833 0.124074 0.706571
0 0.488021 0.416667 0.0260417 0.137037 0.719092
0 0.465625 0.437963 0.03125 0.153704 0.722693
0 0.465625 0.437037 0.03125 0.155556 0.724075
0 0.465625 0.439815 0.0291667 0.153704 0.740819
0 0.465625 0.439815 0.0291667 0.157407 0.744353
0 0.488021 0.416667 0.0260417 0.133333 0.75236
0 0.488021 0.415741 0.0260417 0.131481 0.755249
0 0.465625 0.437963 0.03125 0.153704 0.764364
0 0.0822917 0.437963 0.025 0.127778 0.767833
0 0.0822917 0.437963 0.025 0.127778 0.771686
0 0.0822917 0.437963 0.025 0.124074 0.778935
0 0.948958 0.59537 0.102083 0.512963 0.782589
0 0.0822917 0.437963 0.025 0.127778 0.794966
0 0.0822917 0.437963 0.025 0.127778 0.795227
0 0.948438 0.59537 0.103125 0.509259 0.807109
0 0.947917 0.610185 0.104167 0.527778 0.868981
0 0.948958 0.597222 0.102083 0.505556 0.884873
0 0.948958 0.597222 0.102083 0.494444 0.886847
0 0.948438 0.609259 0.103125 0.525926 0.890504
0 0.947917 0.610185 0.104167 0.524074 0.909106
0 0.947917 0.610185 0.104167 0.524074 0.909846
