0 0.964583 0.5 0.0645833 0.677778 0.260369
0 0.967708 0.498148 0.0645833 0.659259 0.261575
0 0.520312 0.392593 0.028125 0.111111 0.26329
0 0.685938 0.376852 0.0322917 0.15 0.263822
0 0.491667 0.392593 0.0270833 0.103704 0.263917
0 0.978125 0.548148 0.04375 0.740741 0.267298
0 0.447396 0.391667 0.0239583 0.153704 0.268111
0 0.521875 0.393519 0.0270833 0.109259 0.269389
0 0.505729 0.391667 0.0239583 0.105556 0.276543
0 0.971875 0.558333 0.05625 0.724074 0.2771
0 0.50625 0.392593 0.0229167 0.103704 0.278711
0 0.521875 0.394444 0.0270833 0.107407 0.279118
0 0.50625 0.391667 0.0229167 0.101852 0.280009
0 0.916146 0.503704 0.105208 0.592593 0.282324
0 0.964583 0.536111 0.0708333 0.757407 0.285767
0 0.916667 0.501852 0.104167 0.596296 0.288074
0 0.685938 0.376852 0.0322917 0.146296 0.296265
0 0.520312 0.392593 0.028125 0.111111 0.297059
0 0.685417 0.376852 0.03125 0.15 0.30272
0 0.551562 0.357407 0.015625 0.0703704 0.302941
0 0.447396 0.386111 0.028125 0.142593 0.304259
0 0.503646 0.388889 0.021875 0.107407 0.305023
0 0.503646 0.388889 0.021875 0.107407 0.307768
0 0.551042 0.357407 0.0145833 0.0703704 0.310976
0 0.554167 0.35463 0.01875 0.0648148 0.312677
0 0.688021 0.376852 0.0302083 0.135185 0.314697
0 0.504167 0.388889 0.0208333 0.107407 0.316183
0 0.495313 0.390741 0.0322917 0.107407 0.324115
0 0.921354 0.510185 0.113542 0.62037 0.324316
0 0.551562 0.357407 0.015625 0.0703704 0.343179
0 0.495313 0.385185 0.028125 0.111111 0.344607
0 0.494792 0.387963 0.03125 0.112963 0.344803
0 0.922396 0.491667 0.117708 0.609259 0.35231
0 0.495313 0.390741 0.0322917 0.107407 0.352878
0 0.51875 0.391667 0.0229167 0.109259 0.353609
0 0.447917 0.385185 0.0270833 0.144444 0.355975
0 0.409375 0.380556 0.03125 0.168519 0.356072
0 0.974479 0.534259 0.0510417 0.709259 0.35676
0 0.409375 0.37963 0.03125 0.17037 0.356966
0 0.495313 0.385185 0.028125 0.111111 0.360996
0 0.494792 0.387963 0.03125 0.112963 0.361225
0 0.495313 0.390741 0.0322917 0.107407 0.361793
0 0.495833 0.385185 0.0291667 0.111111 0.365744
0 0.51875 0.391667 0.0229167 0.109259 0.368908
0 0.921354 0.510185 0.113542 0.642593 0.369716
0 0.518229 0.394444 0.0260417 0.1 0.371856
0 0.551042 0.355556 0.0166667 0.0703704 0.379964
0 0.51875 0.392593 0.0229167 0.107407 0.382325
0 0.688542 0.376852 0.0291667 0.135185 0.384094
0 0.51875 0.393519 0.025 0.101852 0.386527
0 0.494792 0.387963 0.03125 0.112963 0.396321
0 0.51875 0.394444 0.025 0.103704 0.408621
0 0.551042 0.355556 0.0166667 0.0703704 0.408778
0 0.51875 0.394444 0.025 0.103704 0.410484
0 0.921875 0.497222 0.116667 0.605556 0.411523
0 0.447396 0.385185 0.028125 0.140741 0.414675
0 0.449479 0.389815 0.028125 0.15 0.422877
0 0.551042 0.355556 0.0166667 0.0703704 0.42717
0 0.609896 0.37963 0.028125 0.137037 0.428873
0 0.520833 0.391667 0.025 0.109259 0.432734
0 0.449479 0.390741 0.028125 0.148148 0.438307
0 0.982813 0.55 0.034375 0.744444 0.439354
0 0.609375 0.382407 0.0229167 0.127778 0.465743
0 0.609375 0.382407 0.0229167 0.127778 0.470241
0 0.969792 0.521296 0.0604167 0.694444 0.474444
0 0.609896 0.382407 0.0239583 0.127778 0.478917
0 0.610417 0.37963 0.0270833 0.133333 0.504829
0 0.609896 0.37963 0.0260417 0.133333 0.511103
0 0.610417 0.380556 0.0270833 0.131481 0.515729
0 0.914583 0.493519 0.1 0.590741 0.522016
0 0.914583 0.492593 0.1 0.588889 0.530394
0 0.688542 0.377778 0.0291667 0.144444 0.543537
0 0.447917 0.387963 0.0270833 0.15 0.551015
0 0.688542 0.377778 0.0291667 0.144444 0.552137
0 0.449479 0.386111 0.0260417 0.146296 0.553695
0 0.449479 0.385185 0.0260417 0.144444 0.55997
0 0.688542 0.377778 0.0291667 0.144444 0.562149
0 0.915104 0.496296 0.103125 0.592593 0.566645
0 0.448438 0.387963 0.028125 0.15 0.587727
0 0.610417 0.37963 0.0270833 0.133333 0.594981
0 0.970312 0.540741 0.059375 0.744444 0.595219
0 0.448438 0.387963 0.0260417 0.15 0.601196
0 0.448438 0.387963 0.0260417 0.146296 0.61254
0 0.610417 0.380556 0.0270833 0.131481 0.620744
0 0.447917 0.387037 0.0270833 0.148148 0.63211
0 0.448438 0.388889 0.028125 0.151852 0.63946
0 0.688021 0.378704 0.0302083 0.142593 0.648998
0 0.6875 0.377778 0.03125 0.144444 0.668218
0 0.448438 0.384259 0.0260417 0.146296 0.6702
0 0.448438 0.384259 0.0260417 0.146296 0.673451
0 0.611458 0.37963 0.0270833 0.12963 0.684716
0 0.6875 0.378704 0.03125 0.142593 0.693419
0 0.915104 0.49537 0.103125 0.590741 0.694721
0 0.688021 0.378704 0.0302083 0.142593 0.695953
0 0.609896 0.380556 0.0260417 0.135185 0.69612
0 0.448958 0.388889 0.0270833 0.151852 0.702959
0 0.447917 0.387963 0.0270833 0.15 0.704383
0 0.688542 0.375926 0.0291667 0.144444 0.720214
0 0.688542 0.376852 0.0291667 0.142593 0.729962
0 0.610417 0.380556 0.025 0.131481 0.730736
0 0.688021 0.376852 0.0302083 0.146296 0.733382
0 0.611458 0.380556 0.0270833 0.127778 0.738432
0 0.6875 0.377778 0.03125 0.144444 0.73883
0 0.611458 0.380556 0.0270833 0.127778 0.740901
0 0.688021 0.376852 0.0302083 0.146296 0.741718
0 0.609896 0.380556 0.0260417 0.131481 0.745865
0 0.917708 0.498148 0.10625 0.633333 0.7486
0 0.915625 0.499074 0.10625 0.594444 0.74904
0 0.408854 0.380556 0.034375 0.164815 0.752985
0 0.688021 0.378704 0.0302083 0.142593 0.753253
0 0.408854 0.380556 0.034375 0.164815 0.769785
0 0.610417 0.380556 0.025 0.131481 0.772631
0 0.915104 0.5 0.105208 0.592593 0.773325
0 0.408854 0.380556 0.034375 0.164815 0.773371
0 0.408854 0.380556 0.034375 0.164815 0.776029
0 0.916146 0.49537 0.105208 0.605556 0.779735
0 0.408854 0.380556 0.034375 0.164815 0.780201
0 0.408854 0.37963 0.0364583 0.162963 0.784333
0 0.408333 0.37963 0.0354167 0.166667 0.787332
0 0.916146 0.498148 0.105208 0.618519 0.790028
0 0.917188 0.501852 0.105208 0.640741 0.794141
0 0.408854 0.37963 0.034375 0.166667 0.80387
0 0.610417 0.380556 0.025 0.131481 0.805079
0 0.408854 0.37963 0.034375 0.162963 0.809335
0 0.408854 0.37963 0.034375 0.166667 0.809627
0 0.610417 0.380556 0.025 0.131481 0.809854
0 0.408854 0.380556 0.034375 0.168519 0.824935
0 0.408854 0.377778 0.034375 0.162963 0.855361
0 0.408854 0.377778 0.034375 0.166667 0.860008
