0 0.501562 0.389815 0.028125 0.112963 0.258504
0 0.95 0.509259 0.1 0.644444 0.260269
0 0.517187 0.394444 0.0427083 0.107407 0.261928
26 0.979688 0.428704 0.040625 0.231481 0.265766
0 0.333854 0.35 0.0177083 0.0666667 0.267882
0 0.552604 0.358333 0.0177083 0.0722222 0.268282
0 0.391146 0.348148 0.015625 0.0814815 0.269551
0 0.335417 0.350926 0.01875 0.0648148 0.270896
26 0.979167 0.427778 0.0416667 0.22963 0.276031
0 0.452604 0.393519 0.028125 0.138889 0.277129
26 0.979688 0.458333 0.040625 0.161111 0.278396
0 0.3375 0.349074 0.0166667 0.0648148 0.281505
0 0.552083 0.358333 0.01875 0.0722222 0.283218
0 0.0395833 0.372222 0.025 0.111111 0.286185
0 0.525521 0.39537 0.0302083 0.109259 0.287814
0 0.334896 0.350926 0.0177083 0.0648148 0.296642
26 0.980208 0.462037 0.0395833 0.157407 0.296882
0 0.3375 0.349074 0.0166667 0.0648148 0.299582
0 0.334896 0.350926 0.0177083 0.0648148 0.299678
26 0.979688 0.458333 0.040625 0.164815 0.300226
0 0.516146 0.396296 0.0322917 0.103704 0.302051
26 0.980208 0.450926 0.0395833 0.17963 0.302099
0 0.333854 0.352778 0.015625 0.0685185 0.306268
26 0.980208 0.462037 0.0395833 0.157407 0.307668
26 0.979688 0.458333 0.040625 0.164815 0.309312
26 0.979688 0.450926 0.040625 0.17963 0.313731
0 0.552604 0.357407 0.0177083 0.0703704 0.315571
0 0.334896 0.350926 0.0177083 0.0648148 0.324516
0 0.525 0.39537 0.0291667 0.109259 0.325615
0 0.505208 0.392593 0.0291667 0.107407 0.337839
0 0.521875 0.396296 0.0291667 0.107407 0.347554
0 0.553646 0.357407 0.0197917 0.0703704 0.348398
0 0.525521 0.396296 0.028125 0.111111 0.359024
0 0.504687 0.392593 0.0302083 0.107407 0.361342
0 0.0395833 0.369444 0.025 0.109259 0.362199
0 0.4125 0.386111 0.03125 0.164815 0.368798
0 0.504687 0.392593 0.0302083 0.107407 0.370165
0 0.0109375 0.37037 0.021875 0.125926 0.370963
0 0.555729 0.356481 0.015625 0.0685185 0.373241
0 0.0385417 0.37037 0.025 0.111111 0.381037
0 0.555208 0.355556 0.0166667 0.0666667 0.382237
0 0.704167 0.383333 0.03125 0.155556 0.38417
0 0.521875 0.396296 0.0291667 0.107407 0.386843
0 0.4125 0.386111 0.03125 0.168519 0.389729
0 0.335417 0.350926 0.0166667 0.0648148 0.389922
0 0.525521 0.396296 0.028125 0.107407 0.391471
0 0.522396 0.396296 0.028125 0.107407 0.399373
0 0.703646 0.384259 0.0302083 0.153704 0.40509
0 0.525521 0.397222 0.028125 0.109259 0.405233
0 0.525521 0.397222 0.028125 0.109259 0.406429
0 0.504687 0.387963 0.0260417 0.112963 0.40859
0 0.501042 0.390741 0.025 0.107407 0.41764
0 0.55625 0.356481 0.0166667 0.0648148 0.421398
26 0.980208 0.443519 0.0395833 0.209259 0.435165
0 0.0109375 0.371296 0.021875 0.124074 0.43603
0 0.504687 0.388889 0.0260417 0.111111 0.438403
0 0.0109375 0.371296 0.021875 0.124074 0.438505
0 0.504687 0.388889 0.0260417 0.111111 0.438886
0 0.449479 0.391667 0.0364583 0.146296 0.43949
26 0.980208 0.442593 0.0395833 0.207407 0.440004
26 0.979688 0.444444 0.040625 0.211111 0.443966
0 0.449479 0.390741 0.0364583 0.144444 0.449989
0 0.555729 0.356481 0.015625 0.0685185 0.455339
0 0.0395833 0.372222 0.025 0.111111 0.455449
0 0.704167 0.383333 0.03125 0.151852 0.459086
0 0.951563 0.512037 0.096875 0.646296 0.466846
0 0.555729 0.355556 0.015625 0.0666667 0.47253
0 0.0109375 0.374074 0.021875 0.107407 0.474121
0 0.449479 0.392593 0.0364583 0.144444 0.486605
0 0.954687 0.497222 0.090625 0.664815 0.509956
0 0.0114583 0.373148 0.0229167 0.109259 0.51604
0 0.0401042 0.372222 0.0239583 0.111111 0.522453
0 0.614583 0.384259 0.0270833 0.127778 0.529134
0 0.704167 0.383333 0.03125 0.151852 0.52969
0 0.614583 0.383333 0.0270833 0.125926 0.52975
0 0.614062 0.383333 0.0260417 0.125926 0.529953
0 0.0109375 0.374074 0.021875 0.107407 0.532416
0 0.0109375 0.374074 0.021875 0.107407 0.533499
0 0.0114583 0.374074 0.0229167 0.111111 0.562173
0 0.0114583 0.374074 0.0229167 0.111111 0.563641
0 0.414062 0.382407 0.034375 0.164815 0.567663
0 0.0401042 0.372222 0.0239583 0.114815 0.576511
0 0.414062 0.382407 0.034375 0.164815 0.579864
0 0.951563 0.512963 0.096875 0.648148 0.586127
0 0.0109375 0.371296 0.021875 0.116667 0.599477
0 0.0401042 0.373148 0.0239583 0.112963 0.599671
0 0.0401042 0.369444 0.0239583 0.109259 0.607699
0 0.414062 0.383333 0.034375 0.162963 0.618516
0 0.453125 0.391667 0.0270833 0.146296 0.61928
0 0.704167 0.384259 0.03125 0.15 0.621026
0 0.453646 0.393519 0.0260417 0.15 0.625508
0 0.453125 0.393519 0.0270833 0.146296 0.632437
0 0.0395833 0.373148 0.0229167 0.105556 0.63446
0 0.453125 0.392593 0.0270833 0.144444 0.645942
0 0.614583 0.382407 0.0270833 0.135185 0.654055
0 0.614062 0.381481 0.028125 0.125926 0.655695
0 0.614583 0.382407 0.0270833 0.135185 0.656631
0 0.0119792 0.368519 0.021875 0.118519 0.661217
0 0.453125 0.391667 0.0270833 0.146296 0.665409
0 0.0395833 0.373148 0.0229167 0.109259 0.666099
0 0.703646 0.384259 0.0302083 0.153704 0.66754
0 0.615104 0.37963 0.028125 0.12963 0.671997
0 0.0395833 0.372222 0.0229167 0.103704 0.673097
0 0.0395833 0.372222 0.0229167 0.107407 0.675835
0 0.703646 0.384259 0.0302083 0.153704 0.678277
0 0.614583 0.381481 0.0270833 0.133333 0.680432
0 0.704687 0.385185 0.0302083 0.151852 0.682965
0 0.614583 0.381481 0.0270833 0.12963 0.694558
0 0.704167 0.385185 0.0291667 0.155556 0.701102
0 0.704167 0.385185 0.0291667 0.155556 0.704394
0 0.704167 0.385185 0.03125 0.151852 0.70881
0 0.614062 0.381481 0.028125 0.12963 0.709425
0 0.453646 0.391667 0.028125 0.15 0.709555
0 0.0401042 0.371296 0.021875 0.105556 0.710957
0 0.413542 0.386111 0.03125 0.168519 0.711439
0 0.413542 0.385185 0.03125 0.17037 0.711658
0 0.0401042 0.371296 0.021875 0.105556 0.712339
0 0.614583 0.37963 0.0270833 0.12963 0.726248
0 0.614062 0.381481 0.028125 0.125926 0.730286
0 0.614583 0.380556 0.0270833 0.131481 0.736793
0 0.614062 0.381481 0.028125 0.125926 0.738196
0 0.950521 0.515741 0.0989583 0.638889 0.741383
0 0.0390625 0.37037 0.0239583 0.111111 0.741783
0 0.615104 0.37963 0.0260417 0.125926 0.742993
0 0.704167 0.385185 0.0291667 0.151852 0.745958
0 0.614583 0.380556 0.0270833 0.127778 0.755562
0 0.614583 0.381481 0.0270833 0.12963 0.757507
0 0.453125 0.394444 0.0270833 0.144444 0.761174
0 0.453125 0.391667 0.0270833 0.15 0.762491
0 0.614583 0.381481 0.0270833 0.125926 0.765149
0 0.704167 0.385185 0.0291667 0.151852 0.765255
0 0.453646 0.390741 0.028125 0.148148 0.76536
0 0.704687 0.385185 0.0302083 0.151852 0.76745
0 0.453125 0.393519 0.0270833 0.146296 0.769179
0 0.704167 0.385185 0.0291667 0.151852 0.777172
0 0.0395833 0.372222 0.0229167 0.111111 0.779178
0 0.95 0.513889 0.1 0.642593 0.791216
0 0.413021 0.381481 0.0322917 0.162963 0.803822
0 0.414062 0.387037 0.0322917 0.162963 0.808716
0 0.413021 0.382407 0.0322917 0.164815 0.810225
0 0.452604 0.392593 0.028125 0.151852 0.818884
0 0.414062 0.387037 0.0322917 0.162963 0.820467
0 0.452604 0.392593 0.028125 0.148148 0.826595
0 0.413542 0.384259 0.0333333 0.168519 0.830622
0 0.414062 0.384259 0.034375 0.164815 0.83269
0 0.414062 0.387037 0.0322917 0.162963 0.832958
0 0.95 0.512963 0.1 0.67037 0.845804
0 0.950521 0.514815 0.0989583 0.659259 0.852581
0 0.950521 0.510185 0.0989583 0.646296 0.864531
0 0.950521 0.511111 0.0989583 0.648148 0.86719
0 0.950521 0.512037 0.0989583 0.653704 0.868683
0 0.950521 0.511111 0.0989583 0.651852 0.879003
