13 0.372396 0.458333 0.0947917 0.0611111 0.250829
0 0.363542 0.351852 0.0145833 0.0851852 0.251717
13 0.377604 0.458333 0.0927083 0.0574074 0.251783
13 0.420833 0.586111 0.16875 0.109259 0.252239
0 0.786979 0.397222 0.0239583 0.135185 0.253383
0 0.506771 0.387037 0.015625 0.103704 0.256131
0 0.973958 0.575 0.0520833 0.524074 0.260846
0 0.973958 0.575926 0.0520833 0.52963 0.260997
13 0.373437 0.449074 0.0947917 0.0722222 0.268255
0 0.504687 0.372222 0.0177083 0.0851852 0.268305
13 0.420833 0.587037 0.172917 0.111111 0.268704
13 0.420833 0.586111 0.172917 0.109259 0.268821
0 0.260417 0.37963 0.0166667 0.0851852 0.269797
13 0.373437 0.45 0.0947917 0.0703704 0.270486
13 0.305729 0.443519 0.065625 0.0981481 0.271861
13 0.305208 0.443519 0.0645833 0.0981481 0.273249
0 0.505208 0.373148 0.0166667 0.087037 0.274022
0 0.36875 0.352778 0.0208333 0.0833333 0.277023
13 0.470833 0.656482 0.26875 0.261111 0.278317
0 0.786979 0.397222 0.0239583 0.135185 0.279334
13 0.305729 0.442593 0.065625 0.1 0.279634
13 0.305729 0.443519 0.065625 0.0981481 0.281202
0 0.368229 0.351852 0.0197917 0.0851852 0.28193
13 0.464583 0.652778 0.260417 0.257407 0.282735
13 0.305208 0.442593 0.0666667 0.1 0.286548
13 0.422396 0.582407 0.167708 0.101852 0.286811
13 0.378646 0.45 0.0885417 0.0666667 0.287815
0 0.295833 0.365741 0.025 0.0722222 0.288252
0 0.463542 0.383333 0.0208333 0.107407 0.289175
0 0.466146 0.374074 0.0197917 0.0925926 0.289806
13 0.314063 0.44537 0.0864583 0.101852 0.29241
0 0.788021 0.396296 0.0260417 0.133333 0.294635
13 0.423958 0.583333 0.172917 0.103704 0.29621
13 0.305208 0.443519 0.0645833 0.0981481 0.300972
13 0.378646 0.45 0.0885417 0.0666667 0.303393
13 0.422917 0.582407 0.179167 0.105556 0.304043
0 0.368229 0.352778 0.0197917 0.0833333 0.304992
13 0.305208 0.443519 0.0645833 0.0981481 0.30616
0 0.504687 0.372222 0.0177083 0.0851852 0.309325
13 0.308333 0.446296 0.0729167 0.0962963 0.3096
0 0.298438 0.362037 0.021875 0.0685185 0.310068
0 0.297917 0.362037 0.0229167 0.0685185 0.311169
0 0.466146 0.374074 0.0197917 0.0962963 0.311745
0 0.463542 0.382407 0.0208333 0.109259 0.312935
13 0.304688 0.442593 0.0677083 0.0962963 0.313154
0 0.0536458 0.427778 0.0510417 0.207407 0.316087
0 0.0458333 0.423148 0.0395833 0.201852 0.316236
0 0.466146 0.374074 0.0197917 0.0962963 0.318418
0 0.563542 0.386111 0.0291667 0.135185 0.326598
0 0.0515625 0.431481 0.0489583 0.214815 0.326623
0 0.0515625 0.431481 0.0489583 0.211111 0.327527
13 0.423958 0.581481 0.172917 0.103704 0.328141
13 0.469271 0.657407 0.267708 0.259259 0.32844
0 0.463542 0.383333 0.0208333 0.111111 0.330074
0 0.505729 0.369444 0.0177083 0.087037 0.330938
13 0.427604 0.580556 0.167708 0.101852 0.331531
0 0.298438 0.362037 0.021875 0.0685185 0.332245
0 0.789583 0.394444 0.0291667 0.133333 0.334371
0 0.505729 0.368519 0.015625 0.0851852 0.335534
0 0.789062 0.394444 0.028125 0.133333 0.340642
0 0.0463542 0.424074 0.040625 0.203704 0.341462
0 0.053125 0.426852 0.0520833 0.209259 0.342513
0 0.0463542 0.424074 0.040625 0.203704 0.352484
0 0.789062 0.394444 0.028125 0.133333 0.356282
0 0.263021 0.37963 0.021875 0.0962963 0.359101
0 0.523438 0.410185 0.034375 0.142593 0.367463
0 0.505729 0.369444 0.0177083 0.087037 0.368267
0 0.523958 0.411111 0.0333333 0.144444 0.3705
0 0.467187 0.378704 0.028125 0.101852 0.372496
0 0.264583 0.37963 0.0208333 0.0962963 0.375121
0 0.523438 0.409259 0.0322917 0.140741 0.376727
13 0.444271 0.592593 0.213542 0.125926 0.376816
13 0.422917 0.583333 0.170833 0.111111 0.379136
13 0.423438 0.583333 0.167708 0.111111 0.379358
0 0.788021 0.397222 0.028125 0.135185 0.381316
13 0.422396 0.583333 0.165625 0.111111 0.382412
0 0.523438 0.409259 0.0322917 0.140741 0.382446
0 0.408854 0.375 0.021875 0.105556 0.384877
0 0.264583 0.37963 0.0208333 0.0925926 0.385733
0 0.053125 0.427778 0.0520833 0.207407 0.387053
0 0.264583 0.378704 0.0208333 0.0944444 0.391248
0 0.259375 0.380556 0.01875 0.0907407 0.393218
13 0.422917 0.583333 0.170833 0.111111 0.393742
0 0.259375 0.380556 0.01875 0.087037 0.396152
13 0.470833 0.664815 0.26875 0.248148 0.3965
13 0.470833 0.666667 0.266667 0.244444 0.402827
0 0.297396 0.362963 0.021875 0.0666667 0.407778
13 0.469271 0.656482 0.265625 0.253704 0.409884
0 0.259375 0.380556 0.01875 0.0907407 0.415411
0 0.263542 0.377778 0.01875 0.0962963 0.419147
13 0.469792 0.656482 0.266667 0.253704 0.4215
0 0.505729 0.372222 0.0177083 0.0888889 0.426112
0 0.788021 0.397222 0.028125 0.135185 0.42665
0 0.297396 0.362963 0.021875 0.0666667 0.432211
0 0.409375 0.371296 0.0208333 0.0981481 0.439047
0 0.297396 0.362963 0.021875 0.0666667 0.439752
0 0.523958 0.406481 0.0333333 0.15 0.448708
0 0.297396 0.362963 0.021875 0.0666667 0.451444
0 0.523958 0.407407 0.0333333 0.148148 0.451528
0 0.409896 0.372222 0.0197917 0.1 0.4561
0 0.788021 0.39537 0.028125 0.135185 0.465352
0 0.523958 0.406481 0.0333333 0.15 0.469779
0 0.786979 0.397222 0.0260417 0.138889 0.470345
0 0.505208 0.372222 0.0166667 0.0888889 0.472504
0 0.409896 0.372222 0.0197917 0.1 0.475538
0 0.297396 0.362963 0.021875 0.0666667 0.48171
0 0.295833 0.363889 0.0229167 0.0685185 0.482057
0 0.296875 0.362963 0.0208333 0.0703704 0.482169
0 0.505729 0.373148 0.0177083 0.0907407 0.48296
0 0.786979 0.397222 0.0260417 0.135185 0.488509
0 0.505729 0.373148 0.0177083 0.0907407 0.490706
0 0.522917 0.403704 0.0354167 0.151852 0.493163
0 0.788542 0.39537 0.0270833 0.135185 0.497622
0 0.296875 0.362963 0.0208333 0.0666667 0.498663
0 0.970833 0.568519 0.0583333 0.52963 0.500756
0 0.788021 0.396296 0.0260417 0.137037 0.51545
0 0.788021 0.396296 0.0260417 0.133333 0.518552
0 0.525521 0.402778 0.0302083 0.15 0.526072
0 0.525521 0.402778 0.0302083 0.15 0.527837
0 0.788021 0.396296 0.0260417 0.133333 0.532335
0 0.0536458 0.433333 0.0510417 0.203704 0.537307
0 0.0536458 0.432407 0.0510417 0.209259 0.541046
0 0.563021 0.388889 0.028125 0.148148 0.543841
0 0.464583 0.383333 0.0208333 0.107407 0.54575
0 0.525521 0.407407 0.0322917 0.151852 0.545994
0 0.463021 0.380556 0.0239583 0.101852 0.54871
0 0.164583 0.393519 0.0270833 0.124074 0.548736
0 0.410937 0.375 0.0239583 0.105556 0.550064
0 0.523438 0.40463 0.034375 0.15 0.556141
0 0.525521 0.407407 0.0322917 0.151852 0.557778
0 0.788542 0.396296 0.0270833 0.133333 0.558156
0 0.525 0.40463 0.03125 0.15 0.561235
0 0.563021 0.387963 0.028125 0.15 0.561981
0 0.410937 0.375926 0.0239583 0.103704 0.567869
0 0.410417 0.375926 0.025 0.103704 0.573014
0 0.463542 0.381481 0.025 0.103704 0.573193
0 0.409375 0.373148 0.0208333 0.101852 0.573611
0 0.463542 0.381481 0.025 0.103704 0.574831
0 0.563021 0.385185 0.0302083 0.151852 0.575169
0 0.523438 0.40463 0.034375 0.15 0.57552
0 0.0526042 0.430556 0.0552083 0.216667 0.576616
0 0.525521 0.405556 0.0322917 0.151852 0.578569
0 0.164583 0.394444 0.0270833 0.122222 0.585666
0 0.563542 0.385185 0.0291667 0.148148 0.587124
0 0.409375 0.375926 0.0208333 0.1 0.58888
0 0.164583 0.394444 0.0270833 0.122222 0.589448
0 0.526042 0.40463 0.0333333 0.153704 0.590358
0 0.164583 0.398148 0.0270833 0.12963 0.595738
0 0.164583 0.396296 0.0270833 0.125926 0.602097
0 0.409896 0.373148 0.0197917 0.0981481 0.606606
0 0.563021 0.384259 0.0302083 0.15 0.606611
0 0.525 0.405556 0.0333333 0.151852 0.610009
0 0.526563 0.40463 0.0322917 0.153704 0.616111
0 0.525 0.405556 0.0333333 0.151852 0.622453
0 0.409896 0.373148 0.0197917 0.101852 0.625971
0 0.164583 0.396296 0.0270833 0.12963 0.627912
0 0.409896 0.373148 0.0197917 0.101852 0.635254
0 0.164583 0.397222 0.0270833 0.127778 0.64447
0 0.0520833 0.431481 0.0520833 0.211111 0.659892
0 0.0494792 0.426852 0.046875 0.209259 0.662055
0 0.0494792 0.427778 0.046875 0.214815 0.662931
0 0.465104 0.381481 0.0197917 0.103704 0.663473
0 0.563542 0.385185 0.0291667 0.151852 0.665616
0 0.0526042 0.432407 0.0510417 0.212963 0.666581
0 0.0526042 0.431481 0.0510417 0.211111 0.672587
0 0.465104 0.378704 0.0197917 0.0981481 0.674001
0 0.563542 0.385185 0.0291667 0.151852 0.676125
0 0.563542 0.385185 0.0291667 0.151852 0.680118
0 0.0520833 0.430556 0.0520833 0.216667 0.680454
0 0.563542 0.387963 0.0291667 0.146296 0.683
0 0.164062 0.396296 0.0260417 0.12963 0.685107
0 0.563542 0.387963 0.0291667 0.146296 0.6862
0 0.465104 0.378704 0.0197917 0.101852 0.691796
0 0.164583 0.398148 0.0270833 0.12963 0.693554
0 0.465104 0.378704 0.0197917 0.101852 0.694886
0 0.164583 0.396296 0.0270833 0.125926 0.69629
0 0.0526042 0.431481 0.053125 0.214815 0.70185
0 0.973958 0.569444 0.0520833 0.531482 0.709388
0 0.0520833 0.431481 0.0520833 0.211111 0.709537
0 0.164583 0.396296 0.025 0.125926 0.716576
0 0.0515625 0.42963 0.0510417 0.211111 0.7183
0 0.974479 0.571296 0.0510417 0.538889 0.725946
0 0.5625 0.383333 0.0291667 0.144444 0.726263
0 0.5625 0.383333 0.0291667 0.144444 0.738439
0 0.164062 0.39537 0.0260417 0.127778 0.751889
0 0.563021 0.387037 0.0302083 0.151852 0.752865
0 0.165104 0.397222 0.0260417 0.127778 0.755118
0 0.0515625 0.430556 0.0510417 0.212963 0.757307
0 0.563021 0.387037 0.0302083 0.151852 0.759376
0 0.0510417 0.431481 0.0520833 0.211111 0.764621
0 0.165104 0.397222 0.0260417 0.127778 0.767932
0 0.164062 0.396296 0.0260417 0.125926 0.771795
0 0.563542 0.385185 0.0291667 0.144444 0.777402
0 0.563021 0.385185 0.0302083 0.144444 0.778567
0 0.164583 0.396296 0.025 0.12963 0.783394
0 0.563021 0.387037 0.0302083 0.151852 0.785291
0 0.976042 0.571296 0.0458333 0.546296 0.792977
0 0.0515625 0.430556 0.0510417 0.212963 0.793659
0 0.164062 0.396296 0.0260417 0.125926 0.794932
0 0.976042 0.573148 0.0479167 0.542593 0.801132
0 0.164062 0.396296 0.0260417 0.125926 0.804717
0 0.977083 0.571296 0.0458333 0.55 0.807241
0 0.976042 0.571296 0.0479167 0.546296 0.810818
