0 0.192708 0.441667 0.05 0.272222 0.250322
0 0.389583 0.338889 0.0166667 0.0740741 0.251943
26 0.727083 0.364815 0.0270833 0.0925926 0.253017
0 0.359375 0.351852 0.0229167 0.107407 0.262357
0 0.7125 0.398148 0.05625 0.296296 0.270008
0 0.693229 0.389815 0.053125 0.27963 0.270635
0 0.390104 0.337963 0.0177083 0.0722222 0.28032
0 0.445833 0.364815 0.03125 0.140741 0.282879
0 0.359896 0.352778 0.021875 0.109259 0.285494
0 0.511979 0.358333 0.0260417 0.109259 0.285708
0 0.389583 0.337963 0.0166667 0.0722222 0.287047
0 0.359896 0.351852 0.021875 0.111111 0.287218
0 0.494271 0.368519 0.028125 0.133333 0.287448
0 0.389062 0.339815 0.015625 0.0722222 0.290862
0 0.534375 0.336111 0.0145833 0.0648148 0.292317
0 0.511979 0.357407 0.0260417 0.107407 0.292768
0 0.445312 0.363889 0.028125 0.142593 0.294721
0 0.613542 0.369444 0.0270833 0.135185 0.294766
0 0.191146 0.387037 0.046875 0.174074 0.296614
0 0.445312 0.364815 0.028125 0.144444 0.297509
0 0.684896 0.387963 0.040625 0.272222 0.302993
0 0.49375 0.367593 0.025 0.127778 0.305188
0 0.508333 0.362037 0.0208333 0.101852 0.306229
0 0.191667 0.434259 0.0541667 0.268519 0.308432
0 0.6125 0.365741 0.0291667 0.131481 0.31238
0 0.389583 0.337963 0.0166667 0.0722222 0.318763
0 0.360417 0.35463 0.0270833 0.109259 0.322693
24 0.725 0.362963 0.03125 0.0888889 0.323447
24 0.725 0.362963 0.03125 0.0925926 0.326192
0 0.360938 0.352778 0.0239583 0.109259 0.326619
0 0.192188 0.388889 0.046875 0.177778 0.333536
0 0.534375 0.337963 0.0145833 0.0685185 0.334601
0 0.507812 0.362963 0.021875 0.103704 0.335503
0 0.613542 0.37037 0.0270833 0.133333 0.336023
24 0.723437 0.35463 0.0364583 0.101852 0.337804
0 0.504167 0.365741 0.0270833 0.112963 0.337963
0 0.389062 0.339815 0.015625 0.0722222 0.339643
24 0.725 0.362037 0.03125 0.0907407 0.339687
24 0.723437 0.35463 0.0364583 0.105556 0.344738
0 0.192188 0.388889 0.046875 0.177778 0.347402
24 0.723437 0.353704 0.0364583 0.103704 0.349095
0 0.192708 0.437037 0.05 0.259259 0.35288
0 0.445833 0.371296 0.0270833 0.15 0.356383
0 0.508333 0.362963 0.0208333 0.1 0.358131
0 0.445833 0.371296 0.0270833 0.15 0.359098
0 0.681771 0.392593 0.0364583 0.266667 0.361577
24 0.722396 0.35463 0.0364583 0.116667 0.367001
0 0.127604 0.499074 0.157292 0.527778 0.369297
0 0.360938 0.355556 0.028125 0.107407 0.370135
0 0.682292 0.392593 0.0375 0.259259 0.378465
0 0.681771 0.392593 0.0364583 0.266667 0.379804
0 0.507812 0.362037 0.021875 0.105556 0.393612
0 0.534375 0.337037 0.0145833 0.0666667 0.396588
0 0.533854 0.338889 0.015625 0.0703704 0.399094
0 0.49375 0.368519 0.025 0.12963 0.399241
0 0.704687 0.394444 0.0697917 0.288889 0.403041
0 0.6125 0.367593 0.0270833 0.135185 0.403309
0 0.444792 0.366667 0.0291667 0.133333 0.403479
24 0.723437 0.356481 0.0364583 0.105556 0.404021
0 0.492708 0.362963 0.025 0.122222 0.406089
0 0.49375 0.368519 0.025 0.12963 0.406512
0 0.705729 0.39537 0.0697917 0.27963 0.408185
0 0.127604 0.5 0.157292 0.525926 0.408493
0 0.534375 0.338889 0.0145833 0.0703704 0.410354
0 0.492188 0.359259 0.021875 0.114815 0.411322
0 0.6125 0.366667 0.0291667 0.133333 0.414537
0 0.507292 0.362963 0.0229167 0.107407 0.423283
0 0.191667 0.426852 0.0541667 0.264815 0.423489
0 0.492188 0.359259 0.021875 0.114815 0.425592
0 0.492188 0.359259 0.021875 0.114815 0.42588
0 0.686458 0.393519 0.0375 0.275926 0.427504
0 0.191146 0.437963 0.0552083 0.268519 0.431998
0 0.507812 0.363889 0.021875 0.105556 0.432841
0 0.613021 0.365741 0.028125 0.131481 0.433671
24 0.722396 0.361111 0.0364583 0.103704 0.434743
0 0.193229 0.431481 0.0489583 0.27037 0.438712
24 0.723437 0.357407 0.0364583 0.103704 0.439473
0 0.360938 0.351852 0.021875 0.111111 0.439641
0 0.493229 0.367593 0.0239583 0.131481 0.442638
0 0.193229 0.431481 0.0489583 0.27037 0.442787
0 0.533854 0.336111 0.0135417 0.0648148 0.445224
0 0.193229 0.431481 0.0489583 0.27037 0.447185
24 0.722396 0.361111 0.0364583 0.103704 0.460564
0 0.534375 0.337963 0.0145833 0.0685185 0.460751
0 0.360417 0.353704 0.025 0.107407 0.461931
0 0.685938 0.39537 0.040625 0.275926 0.463565
0 0.705208 0.39537 0.06875 0.27963 0.465102
0 0.685938 0.396296 0.040625 0.274074 0.466275
0 0.533854 0.338889 0.0135417 0.0703704 0.466691
0 0.685938 0.39537 0.040625 0.272222 0.469439
0 0.533854 0.337037 0.0135417 0.062963 0.472035
0 0.192188 0.432407 0.0489583 0.268519 0.483368
24 0.723437 0.357407 0.0364583 0.103704 0.48348
0 0.192708 0.432407 0.05 0.268519 0.490719
0 0.192708 0.434259 0.0520833 0.261111 0.491513
0 0.703646 0.398148 0.0697917 0.285185 0.491717
0 0.704687 0.396296 0.0697917 0.288889 0.494299
0 0.192708 0.432407 0.05 0.268519 0.494959
0 0.534375 0.337963 0.0145833 0.0685185 0.503912
0 0.534375 0.337963 0.0145833 0.0685185 0.504918
0 0.705729 0.397222 0.065625 0.287037 0.514034
0 0.360938 0.355556 0.0260417 0.107407 0.518748
0 0.705729 0.396296 0.065625 0.288889 0.518845
0 0.446354 0.37037 0.0302083 0.151852 0.519694
0 0.611979 0.365741 0.028125 0.135185 0.520104
0 0.445833 0.37037 0.0291667 0.151852 0.528246
0 0.705729 0.396296 0.065625 0.288889 0.532604
0 0.613021 0.365741 0.028125 0.135185 0.534301
0 0.6125 0.365741 0.0291667 0.131481 0.543761
0 0.613021 0.366667 0.028125 0.133333 0.549257
0 0.445833 0.37037 0.0291667 0.151852 0.550826
0 0.705208 0.39537 0.06875 0.27963 0.553438
0 0.695312 0.39537 0.059375 0.275926 0.555987
0 0.695312 0.39537 0.059375 0.275926 0.579252
0 0.705208 0.39537 0.0666667 0.287037 0.586734
0 0.445833 0.369444 0.0291667 0.15 0.601817
0 0.6125 0.366667 0.0291667 0.137037 0.60595
0 0.613021 0.366667 0.028125 0.137037 0.606284
0 0.695312 0.39537 0.059375 0.275926 0.60933
0 0.704167 0.39537 0.0666667 0.287037 0.625709
0 0.360417 0.351852 0.0208333 0.107407 0.626509
0 0.445312 0.369444 0.0302083 0.15 0.6395
0 0.129688 0.506481 0.161458 0.524074 0.648808
0 0.6125 0.366667 0.0270833 0.137037 0.666102
0 0.6125 0.366667 0.0270833 0.137037 0.668256
0 0.703646 0.397222 0.065625 0.283333 0.67043
0 0.129167 0.506481 0.1625 0.524074 0.675815
0 0.129688 0.50463 0.165625 0.535185 0.680212
0 0.694271 0.396296 0.0510417 0.277778 0.680366
0 0.130208 0.505556 0.1625 0.533333 0.691651
0 0.444792 0.367593 0.0291667 0.146296 0.699592
0 0.444792 0.367593 0.0291667 0.146296 0.700317
0 0.130729 0.514815 0.165625 0.518519 0.705599
0 0.130729 0.515741 0.165625 0.52037 0.708712
0 0.130729 0.514815 0.165625 0.518519 0.711517
0 0.445833 0.369444 0.0291667 0.15 0.721592
0 0.704167 0.39537 0.0666667 0.287037 0.73206
0 0.6125 0.368519 0.0291667 0.133333 0.733359
0 0.6125 0.368519 0.0291667 0.133333 0.738076
0 0.360417 0.353704 0.025 0.107407 0.739274
0 0.6125 0.369444 0.0291667 0.131481 0.755593
0 0.6125 0.369444 0.0291667 0.131481 0.756099
0 0.444792 0.368519 0.0291667 0.148148 0.760161
0 0.361458 0.356481 0.0229167 0.109259 0.777066
0 0.361458 0.355556 0.0229167 0.111111 0.778544
0 0.6125 0.368519 0.0291667 0.133333 0.784581
0 0.361458 0.356481 0.0229167 0.109259 0.789365
0 0.444792 0.368519 0.0291667 0.151852 0.790072
0 0.444792 0.368519 0.0291667 0.148148 0.792212
0 0.6125 0.369444 0.0291667 0.135185 0.792778
0 0.360938 0.356481 0.0239583 0.109259 0.822052
0 0.131771 0.508333 0.165625 0.527778 0.823624
0 0.444271 0.365741 0.028125 0.15 0.827367
0 0.131771 0.509259 0.163542 0.525926 0.829044
0 0.360417 0.355556 0.025 0.107407 0.833111
0 0.360938 0.355556 0.0239583 0.111111 0.833726
0 0.444271 0.365741 0.028125 0.146296 0.838889
0 0.13125 0.508333 0.164583 0.524074 0.85024
0 0.360938 0.356481 0.0239583 0.109259 0.851949
0 0.131771 0.509259 0.165625 0.525926 0.881182
0 0.13125 0.509259 0.164583 0.522222 0.88183
0 0.130208 0.511111 0.164583 0.525926 0.891383
0 0.130208 0.510185 0.164583 0.524074 0.906882
0 0.130208 0.510185 0.164583 0.524074 0.909387
