0 0.425521 0.405556 0.0260417 0.118519 0.251795
13 0.397396 0.585185 0.180208 0.0962963 0.252682
0 0.967188 0.571296 0.065625 0.490741 0.25368
13 0.335938 0.466667 0.0864583 0.0814815 0.254362
0 0.729688 0.396296 0.0260417 0.0851852 0.254561
0 0.247396 0.387037 0.0197917 0.0666667 0.256438
13 0.396354 0.591667 0.173958 0.105556 0.257089
0 0.729688 0.396296 0.0260417 0.0851852 0.259292
13 0.273438 0.466667 0.0802083 0.0962963 0.261208
0 0.728646 0.412963 0.0239583 0.125926 0.262304
0 0.247396 0.387963 0.0197917 0.0648148 0.267798
0 0.222396 0.4 0.021875 0.0962963 0.267891
0 0.729167 0.413889 0.0270833 0.124074 0.26911
13 0.397917 0.582407 0.16875 0.0981481 0.270508
13 0.285937 0.468519 0.103125 0.103704 0.271879
13 0.33125 0.468519 0.0791667 0.0814815 0.274627
13 0.285937 0.468519 0.107292 0.103704 0.275541
0 0.729167 0.412963 0.025 0.125926 0.277492
0 0.0260417 0.462963 0.05 0.2 0.277844
0 0.223438 0.399074 0.021875 0.0981481 0.27846
0 0.229167 0.402778 0.01875 0.0981481 0.279024
13 0.334896 0.466667 0.084375 0.0814815 0.280725
0 0.423438 0.403704 0.0239583 0.114815 0.283212
0 0.229167 0.403704 0.0166667 0.0962963 0.28835
0 0.365625 0.394444 0.01875 0.103704 0.289481
13 0.334896 0.465741 0.0822917 0.0796296 0.295997
13 0.320312 0.469444 0.101042 0.087037 0.298798
13 0.395312 0.587037 0.167708 0.1 0.299392
0 0.222396 0.4 0.021875 0.0962963 0.299924
0 0.365625 0.394444 0.01875 0.111111 0.30115
13 0.29375 0.466667 0.120833 0.1 0.301622
0 0.729167 0.413889 0.0270833 0.127778 0.304943
0 0.0265625 0.459259 0.046875 0.196296 0.307645
13 0.319792 0.468519 0.104167 0.0888889 0.30799
36 0.970833 0.805556 0.05625 0.0666667 0.312417
36 0.970312 0.803704 0.059375 0.0777778 0.314804
0 0.253125 0.387037 0.01875 0.062963 0.31541
0 0.730208 0.416667 0.0270833 0.122222 0.316684
0 0.426042 0.40463 0.025 0.116667 0.317298
13 0.392708 0.587963 0.1625 0.109259 0.317679
13 0.394792 0.589815 0.170833 0.109259 0.318193
0 0.025 0.461111 0.05 0.196296 0.321795
0 0.966667 0.571296 0.0666667 0.487037 0.323313
0 0.730208 0.409259 0.0270833 0.111111 0.324793
13 0.394271 0.591667 0.167708 0.105556 0.328812
0 0.229167 0.403704 0.0166667 0.0962963 0.329375
0 0.226562 0.4 0.0197917 0.0962963 0.330435
13 0.425521 0.648148 0.238542 0.218519 0.330552
36 0.970833 0.80463 0.0583333 0.0759259 0.331058
0 0.425 0.405556 0.025 0.114815 0.334285
13 0.332812 0.467593 0.0947917 0.087037 0.335869
0 0.365625 0.394444 0.01875 0.111111 0.337812
13 0.394792 0.588889 0.170833 0.111111 0.338375
0 0.252604 0.387963 0.0177083 0.0611111 0.338506
13 0.425521 0.647222 0.240625 0.216667 0.340441
13 0.394271 0.587963 0.167708 0.109259 0.340909
13 0.394792 0.592593 0.172917 0.107407 0.341982
0 0.488021 0.430556 0.0302083 0.15 0.34714
36 0.970312 0.803704 0.059375 0.0777778 0.349017
0 0.4875 0.430556 0.0291667 0.153704 0.349038
13 0.394271 0.591667 0.171875 0.105556 0.350344
13 0.323438 0.467593 0.111458 0.0907407 0.350741
13 0.394271 0.587963 0.169792 0.109259 0.35075
0 0.729688 0.413889 0.0260417 0.124074 0.353623
0 0.478646 0.416667 0.0427083 0.137037 0.3558
0 0.252604 0.387963 0.0177083 0.0611111 0.359395
13 0.335938 0.468519 0.0864583 0.0777778 0.359741
0 0.730208 0.408333 0.0270833 0.109259 0.359994
13 0.436458 0.650926 0.247917 0.216667 0.36134
36 0.971354 0.802778 0.0572917 0.0759259 0.361946
0 0.252604 0.387963 0.0177083 0.0611111 0.362042
0 0.366667 0.391667 0.0208333 0.0944444 0.363966
0 0.482812 0.416667 0.0447917 0.140741 0.364039
0 0.0260417 0.459259 0.0458333 0.196296 0.365932
13 0.435937 0.649074 0.248958 0.22037 0.367029
36 0.971875 0.801852 0.05625 0.0703704 0.371032
13 0.335938 0.468519 0.0864583 0.0777778 0.377056
36 0.970312 0.805556 0.0572917 0.0666667 0.380269
36 0.970833 0.802778 0.0583333 0.0759259 0.39111
0 0.483333 0.416667 0.04375 0.137037 0.396728
36 0.970312 0.805556 0.0572917 0.0666667 0.402069
36 0.970833 0.80463 0.0583333 0.0722222 0.405395
0 0.253125 0.387963 0.0166667 0.0611111 0.406324
0 0.251563 0.390741 0.0177083 0.0666667 0.408516
0 0.36875 0.389815 0.0208333 0.0944444 0.416344
13 0.436979 0.65 0.251042 0.222222 0.418902
0 0.0223958 0.457407 0.0447917 0.196296 0.421332
36 0.970833 0.80463 0.0583333 0.0722222 0.423286
0 0.365625 0.389815 0.0208333 0.0944444 0.423294
0 0.460938 0.392593 0.0197917 0.0851852 0.423947
36 0.970833 0.805556 0.0583333 0.0703704 0.429947
0 0.515104 0.40463 0.0260417 0.138889 0.431556
0 0.253125 0.387963 0.0166667 0.0611111 0.432295
0 0.365625 0.390741 0.0208333 0.0962963 0.433003
36 0.970312 0.805556 0.059375 0.0703704 0.433633
0 0.229687 0.401852 0.0197917 0.0962963 0.435819
13 0.436979 0.647222 0.253125 0.224074 0.440648
0 0.0260417 0.459259 0.0458333 0.196296 0.441873
13 0.436979 0.65 0.251042 0.218519 0.442896
0 0.425 0.403704 0.0270833 0.118519 0.445046
0 0.365625 0.389815 0.0208333 0.0944444 0.44765
0 0.0255208 0.456481 0.0447917 0.209259 0.45207
0 0.229167 0.400926 0.01875 0.0944444 0.453539
0 0.460938 0.393519 0.0197917 0.0833333 0.453804
0 0.461979 0.4 0.0177083 0.0925926 0.457136
0 0.365625 0.391667 0.01875 0.105556 0.458484
0 0.229167 0.401852 0.01875 0.0962963 0.460478
0 0.0255208 0.455556 0.0447917 0.207407 0.460913
0 0.427083 0.403704 0.0229167 0.118519 0.464264
0 0.230208 0.399074 0.01875 0.0944444 0.465119
13 0.4375 0.648148 0.252083 0.222222 0.465545
0 0.460938 0.393519 0.0197917 0.0833333 0.467406
36 0.971354 0.801852 0.0572917 0.0740741 0.470577
0 0.365625 0.392593 0.01875 0.103704 0.47656
13 0.434896 0.64537 0.248958 0.216667 0.478292
0 0.0213542 0.456481 0.0427083 0.201852 0.478954
0 0.515104 0.408333 0.028125 0.131481 0.481748
0 0.515104 0.40463 0.0260417 0.138889 0.482853
0 0.0223958 0.457407 0.0447917 0.196296 0.48695
0 0.0213542 0.457407 0.0427083 0.203704 0.487014
0 0.365625 0.392593 0.01875 0.103704 0.4928
0 0.461458 0.399074 0.01875 0.0944444 0.493224
36 0.971354 0.801852 0.0572917 0.0740741 0.497742
0 0.461458 0.399074 0.01875 0.0944444 0.498602
13 0.434375 0.64537 0.25 0.212963 0.505224
0 0.426562 0.402778 0.021875 0.12037 0.507264
0 0.110417 0.427778 0.0270833 0.12963 0.51432
0 0.427083 0.403704 0.0229167 0.122222 0.517499
0 0.425521 0.40463 0.0260417 0.116667 0.520036
0 0.425521 0.405556 0.0239583 0.114815 0.532045
0 0.514583 0.408333 0.0270833 0.142593 0.532927
0 0.110417 0.426852 0.0270833 0.131481 0.537067
0 0.0223958 0.457407 0.0447917 0.196296 0.539776
0 0.110417 0.426852 0.0270833 0.131481 0.540289
0 0.515104 0.408333 0.028125 0.138889 0.556753
0 0.966667 0.575 0.0666667 0.516667 0.561273
0 0.514583 0.407407 0.0270833 0.144444 0.566559
0 0.966667 0.575926 0.0666667 0.518519 0.569431
0 0.515104 0.40463 0.0260417 0.138889 0.571981
0 0.486458 0.431481 0.0291667 0.151852 0.575062
0 0.515625 0.408333 0.0270833 0.138889 0.578709
0 0.486458 0.430556 0.0291667 0.153704 0.583145
0 0.0270833 0.460185 0.0458333 0.194444 0.586308
0 0.461458 0.397222 0.01875 0.0907407 0.590684
0 0.515104 0.408333 0.0260417 0.142593 0.591452
0 0.461979 0.399074 0.0197917 0.101852 0.59157
0 0.0223958 0.459259 0.0447917 0.196296 0.592887
0 0.0276042 0.461111 0.0447917 0.196296 0.595261
0 0.426562 0.40463 0.0239583 0.116667 0.597017
0 0.486979 0.426852 0.0322917 0.15 0.605122
0 0.515104 0.406481 0.0260417 0.131481 0.605954
0 0.514063 0.406481 0.028125 0.142593 0.606673
0 0.0255208 0.461111 0.046875 0.192593 0.613332
0 0.0223958 0.459259 0.0447917 0.196296 0.61532
0 0.486979 0.425926 0.0322917 0.148148 0.620768
0 0.461458 0.396296 0.01875 0.0925926 0.637447
0 0.461979 0.396296 0.0197917 0.0925926 0.638165
0 0.025 0.462037 0.0479167 0.194444 0.640356
0 0.486979 0.426852 0.0322917 0.146296 0.660408
0 0.109896 0.426852 0.028125 0.127778 0.668215
0 0.514063 0.406481 0.0260417 0.131481 0.670406
0 0.0244792 0.461111 0.046875 0.192593 0.670493
0 0.424479 0.400926 0.0260417 0.116667 0.678844
0 0.514583 0.405556 0.0270833 0.140741 0.683882
0 0.424479 0.401852 0.0260417 0.114815 0.686055
0 0.110417 0.426852 0.0291667 0.127778 0.686938
0 0.0234375 0.459259 0.0447917 0.196296 0.687533
0 0.426562 0.405556 0.021875 0.111111 0.688293
0 0.109896 0.426852 0.028125 0.127778 0.695335
0 0.425 0.40463 0.025 0.116667 0.696067
0 0.424479 0.401852 0.0260417 0.114815 0.698497
0 0.110417 0.427778 0.0270833 0.12963 0.700936
0 0.426562 0.40463 0.021875 0.109259 0.701874
0 0.0234375 0.459259 0.0447917 0.196296 0.705616
0 0.514583 0.406481 0.025 0.135185 0.711298
0 0.426562 0.40463 0.021875 0.109259 0.715439
0 0.515104 0.406481 0.0260417 0.135185 0.718601
0 0.4875 0.428704 0.03125 0.15 0.725854
0 0.0234375 0.460185 0.0447917 0.198148 0.727147
0 0.4875 0.428704 0.03125 0.15 0.740584
0 0.110417 0.427778 0.0291667 0.125926 0.741713
0 0.514583 0.406481 0.0270833 0.142593 0.746852
0 0.488021 0.425926 0.0322917 0.151852 0.752471
0 0.110417 0.427778 0.0291667 0.12963 0.752946
0 0.109896 0.427778 0.028125 0.125926 0.755734
0 0.966667 0.571296 0.0666667 0.509259 0.757015
0 0.488542 0.425926 0.03125 0.151852 0.758748
0 0.966667 0.571296 0.0666667 0.509259 0.763076
0 0.514063 0.406481 0.0260417 0.135185 0.763103
0 0.514063 0.406481 0.0260417 0.135185 0.764131
0 0.4875 0.428704 0.03125 0.15 0.765457
0 0.110417 0.426852 0.0270833 0.127778 0.769609
0 0.110937 0.426852 0.028125 0.124074 0.773718
0 0.110417 0.426852 0.0270833 0.127778 0.776003
0 0.110417 0.426852 0.0291667 0.131481 0.783236
0 0.109896 0.427778 0.028125 0.12963 0.78524
0 0.966146 0.574074 0.0677083 0.503704 0.785584
0 0.110417 0.426852 0.0270833 0.131481 0.801031
0 0.486458 0.427778 0.03125 0.148148 0.804536
0 0.966667 0.574074 0.0666667 0.503704 0.806325
0 0.966146 0.573148 0.0677083 0.505556 0.81097
0 0.967188 0.572222 0.065625 0.514815 0.8112
0 0.486979 0.427778 0.0302083 0.151852 0.813634
0 0.966667 0.573148 0.0666667 0.505556 0.82497
0 0.966667 0.572222 0.0666667 0.507407 0.834139
0 0.966667 0.573148 0.0666667 0.505556 0.839807
0 0.966667 0.573148 0.0666667 0.505556 0.859451
0 0.110417 0.427778 0.0270833 0.12963 0.859708
0 0.110417 0.426852 0.0270833 0.131481 0.862014
