13 0.253646 0.476852 0.157292 0.168519 0.251495
0 0.626042 0.344444 0.03125 0.133333 0.251541
1 0.990104 0.408333 0.0197917 0.101852 0.256725
0 0.521354 0.341667 0.021875 0.0944444 0.256806
13 0.253646 0.476852 0.155208 0.168519 0.257753
13 0.347396 0.687037 0.203125 0.303704 0.258689
0 0.384375 0.328704 0.0208333 0.0907407 0.259156
0 0.709375 0.381481 0.0416667 0.288889 0.25948
0 0.453125 0.347222 0.0270833 0.157407 0.260789
0 0.521354 0.341667 0.021875 0.0944444 0.261719
0 0.522917 0.346296 0.0229167 0.0888889 0.261857
0 0.453125 0.343519 0.0270833 0.138889 0.267606
0 0.181771 0.337037 0.0510417 0.148148 0.268066
1 0.990104 0.408333 0.0197917 0.101852 0.268151
1 0.980729 0.398148 0.0364583 0.122222 0.270595
0 0.709375 0.380556 0.0416667 0.27963 0.271321
0 0.188021 0.330556 0.040625 0.15 0.272445
0 0.508854 0.339815 0.0177083 0.101852 0.272853
13 0.347396 0.680556 0.203125 0.290741 0.273028
0 0.522917 0.34537 0.0229167 0.087037 0.273453
0 0.626562 0.34537 0.028125 0.124074 0.273459
1 0.98125 0.397222 0.0354167 0.12037 0.27412
13 0.346875 0.67037 0.202083 0.266667 0.275454
13 0.252083 0.476852 0.15625 0.168519 0.277065
13 0.346875 0.681481 0.202083 0.288889 0.277672
0 0.1875 0.330556 0.0395833 0.15 0.278115
13 0.346875 0.671296 0.2 0.268519 0.278476
13 0.252083 0.476852 0.15625 0.168519 0.279137
0 0.383854 0.328704 0.0197917 0.0907407 0.282121
13 0.253125 0.475926 0.15625 0.17037 0.282312
0 0.0791667 0.527778 0.158333 0.651852 0.282801
13 0.252083 0.476852 0.15625 0.168519 0.283315
0 0.384375 0.32963 0.0208333 0.0888889 0.285492
13 0.253125 0.476852 0.15625 0.168519 0.285733
24 0.763542 0.344444 0.0354167 0.111111 0.286753
0 0.526042 0.347222 0.0208333 0.087037 0.288266
0 0.509375 0.339815 0.01875 0.105556 0.289021
1 0.980208 0.396296 0.0395833 0.122222 0.293529
0 0.551562 0.315741 0.015625 0.0648148 0.293954
0 0.552083 0.315741 0.0166667 0.0648148 0.294904
1 0.980208 0.396296 0.0395833 0.125926 0.301193
1 0.980729 0.39537 0.0385417 0.124074 0.301659
0 0.453646 0.347222 0.0260417 0.157407 0.301756
0 0.508854 0.338889 0.0177083 0.103704 0.303859
0 0.181771 0.337963 0.0510417 0.146296 0.305168
0 0.740625 0.390741 0.075 0.318519 0.306365
0 0.715625 0.389815 0.0270833 0.290741 0.30969
0 0.405208 0.317593 0.0166667 0.0685185 0.313592
24 0.763542 0.344444 0.0354167 0.107407 0.317326
0 0.544271 0.324074 0.0239583 0.0740741 0.318612
0 0.183854 0.335185 0.0489583 0.144444 0.32064
0 0.525521 0.347222 0.021875 0.087037 0.32173
0 0.18125 0.339815 0.0479167 0.15 0.326145
0 0.405729 0.317593 0.0135417 0.0685185 0.32807
0 0.496354 0.349074 0.034375 0.131481 0.328447
0 0.528125 0.342593 0.0208333 0.0962963 0.329054
0 0.525521 0.347222 0.0197917 0.087037 0.329127
0 0.0807292 0.540741 0.161458 0.640741 0.329194
0 0.183333 0.338889 0.0520833 0.148148 0.330888
0 0.496875 0.349074 0.0354167 0.131481 0.330988
0 0.183854 0.335185 0.0489583 0.144444 0.331218
24 0.763542 0.346296 0.0354167 0.0962963 0.333555
24 0.764063 0.34537 0.0364583 0.0981481 0.336317
24 0.763021 0.340741 0.034375 0.103704 0.339861
24 0.7625 0.340741 0.0354167 0.103704 0.342644
1 0.986979 0.4 0.0260417 0.114815 0.343245
0 0.492708 0.352778 0.0291667 0.138889 0.343573
24 0.764063 0.343519 0.0364583 0.105556 0.343762
24 0.7625 0.340741 0.0354167 0.1 0.34548
24 0.764063 0.34537 0.0364583 0.0981481 0.346594
24 0.761979 0.337963 0.0385417 0.112963 0.346736
1 0.984375 0.397222 0.0291667 0.12037 0.346967
0 0.527604 0.342593 0.021875 0.1 0.351782
1 0.9875 0.399074 0.025 0.112963 0.352841
0 0.40625 0.318519 0.0145833 0.0666667 0.353327
0 0.728125 0.386111 0.0645833 0.32037 0.354656
1 0.9875 0.399074 0.025 0.112963 0.357778
0 0.742188 0.390741 0.0697917 0.322222 0.359944
0 0.495833 0.35 0.0333333 0.133333 0.360239
0 0.527604 0.342593 0.021875 0.1 0.360842
1 0.990104 0.4 0.0197917 0.111111 0.363952
0 0.183854 0.335185 0.0489583 0.144444 0.365556
1 0.989583 0.400926 0.0208333 0.112963 0.369185
1 0.990104 0.4 0.0197917 0.111111 0.377708
24 0.761979 0.337963 0.0385417 0.109259 0.38032
0 0.74375 0.382407 0.075 0.305556 0.38069
0 0.380208 0.32963 0.0208333 0.1 0.383845
0 0.626562 0.34537 0.028125 0.127778 0.385089
0 0.527083 0.344444 0.0229167 0.0925926 0.391569
0 0.627083 0.347222 0.0291667 0.131481 0.392445
0 0.551042 0.314815 0.0166667 0.0592593 0.397504
1 0.988021 0.401852 0.0239583 0.111111 0.399644
0 0.405208 0.319444 0.0145833 0.0648148 0.401562
0 0.627083 0.346296 0.0291667 0.133333 0.401869
0 0.492708 0.352778 0.0270833 0.142593 0.403082
0 0.626562 0.34537 0.028125 0.127778 0.403787
0 0.181771 0.337037 0.0510417 0.148148 0.405326
0 0.549479 0.316667 0.0177083 0.062963 0.40726
0 0.627083 0.346296 0.0291667 0.12963 0.40934
0 0.550521 0.315741 0.015625 0.0648148 0.412574
0 0.182812 0.335185 0.0489583 0.155556 0.414669
0 0.380208 0.333333 0.0229167 0.107407 0.415564
0 0.743229 0.383333 0.071875 0.303704 0.416995
0 0.549479 0.316667 0.0177083 0.062963 0.419231
0 0.182812 0.335185 0.0489583 0.155556 0.423781
0 0.710417 0.380556 0.0375 0.290741 0.428747
0 0.405208 0.318519 0.0145833 0.062963 0.429902
0 0.380729 0.32963 0.0197917 0.103704 0.43058
24 0.761979 0.338889 0.0385417 0.107407 0.43167
0 0.380208 0.333333 0.0208333 0.107407 0.435616
0 0.551562 0.315741 0.0135417 0.0648148 0.435638
0 0.380208 0.330556 0.0208333 0.105556 0.436698
0 0.183854 0.34537 0.053125 0.168519 0.445462
0 0.549479 0.316667 0.0177083 0.062963 0.447508
0 0.453125 0.341667 0.0291667 0.153704 0.453377
0 0.743229 0.386111 0.071875 0.312963 0.456518
0 0.182812 0.342593 0.053125 0.162963 0.456829
0 0.550521 0.316667 0.015625 0.062963 0.459516
0 0.551562 0.315741 0.0135417 0.0648148 0.459849
0 0.379687 0.333333 0.021875 0.107407 0.461506
0 0.711979 0.381481 0.0385417 0.296296 0.469555
24 0.7625 0.337963 0.0375 0.112963 0.469753
0 0.710938 0.380556 0.0385417 0.290741 0.475238
0 0.492188 0.352778 0.0239583 0.131481 0.475697
0 0.492708 0.351852 0.0270833 0.137037 0.475946
0 0.453125 0.347222 0.0270833 0.15 0.477529
0 0.710938 0.380556 0.0385417 0.290741 0.478141
0 0.453125 0.347222 0.025 0.153704 0.480816
0 0.0807292 0.536111 0.161458 0.672222 0.481056
0 0.627083 0.348148 0.03125 0.12963 0.484874
0 0.550521 0.316667 0.015625 0.062963 0.484941
0 0.711979 0.382407 0.0385417 0.294444 0.487963
0 0.453125 0.341667 0.0270833 0.15 0.491583
24 0.761979 0.337037 0.0385417 0.107407 0.495832
0 0.492188 0.349074 0.0239583 0.124074 0.497582
0 0.453125 0.341667 0.0270833 0.15 0.503642
24 0.763021 0.340741 0.0364583 0.1 0.506307
0 0.711458 0.37963 0.04375 0.311111 0.507259
0 0.492188 0.351852 0.0260417 0.140741 0.519875
0 0.7125 0.381481 0.0395833 0.292593 0.521547
24 0.763021 0.340741 0.0385417 0.103704 0.521714
24 0.761979 0.337037 0.0385417 0.107407 0.522351
0 0.492188 0.349074 0.0239583 0.127778 0.525785
24 0.763021 0.340741 0.0385417 0.103704 0.526982
0 0.492188 0.349074 0.0239583 0.124074 0.536148
0 0.078125 0.530556 0.15625 0.646296 0.538743
0 0.626562 0.34537 0.0302083 0.131481 0.540405
24 0.763021 0.339815 0.0385417 0.105556 0.56181
24 0.7625 0.338889 0.0375 0.111111 0.567854
0 0.453125 0.338889 0.0270833 0.148148 0.572327
24 0.763021 0.338889 0.0385417 0.111111 0.574692
0 0.492188 0.353704 0.021875 0.140741 0.578304
0 0.453125 0.337963 0.0270833 0.15 0.581435
0 0.492188 0.353704 0.0239583 0.140741 0.588707
0 0.492188 0.35463 0.0239583 0.131481 0.596288
0 0.716667 0.382407 0.0354167 0.316667 0.613959
0 0.627083 0.348148 0.03125 0.133333 0.635639
0 0.626562 0.34537 0.0302083 0.131481 0.650308
0 0.626562 0.344444 0.0302083 0.133333 0.65121
0 0.627083 0.348148 0.03125 0.12963 0.653141
0 0.380729 0.331481 0.0197917 0.107407 0.655313
0 0.741667 0.386111 0.0708333 0.316667 0.669577
0 0.741146 0.386111 0.0739583 0.32037 0.670802
0 0.626562 0.34537 0.0302083 0.127778 0.682788
0 0.380729 0.332407 0.021875 0.105556 0.688765
0 0.453646 0.34537 0.028125 0.157407 0.689325
0 0.741667 0.386111 0.075 0.316667 0.691395
0 0.741146 0.387037 0.0760417 0.318519 0.692254
0 0.740625 0.387037 0.075 0.314815 0.699143
0 0.492708 0.353704 0.025 0.137037 0.707987
0 0.740104 0.384259 0.071875 0.316667 0.71231
0 0.38125 0.331481 0.0208333 0.103704 0.718022
0 0.626562 0.34537 0.0302083 0.127778 0.722958
0 0.453125 0.344444 0.0270833 0.159259 0.726644
0 0.492188 0.35463 0.0239583 0.131481 0.730495
0 0.740104 0.385185 0.071875 0.314815 0.731584
0 0.492188 0.353704 0.0239583 0.133333 0.735006
0 0.453125 0.34537 0.0270833 0.157407 0.744428
0 0.740104 0.384259 0.071875 0.316667 0.74582
0 0.453125 0.343519 0.0270833 0.157407 0.749569
0 0.626562 0.34537 0.0302083 0.127778 0.755234
0 0.453125 0.344444 0.0270833 0.159259 0.759596
0 0.740104 0.387037 0.0739583 0.318519 0.760774
0 0.626562 0.346296 0.0302083 0.12963 0.762882
0 0.626562 0.34537 0.0302083 0.127778 0.766706
0 0.0791667 0.527778 0.158333 0.685185 0.768453
0 0.380729 0.334259 0.0197917 0.101852 0.779413
0 0.453125 0.34537 0.0270833 0.157407 0.785405
0 0.380729 0.334259 0.0197917 0.105556 0.791603
0 0.0796875 0.52963 0.157292 0.67037 0.792883
0 0.492708 0.352778 0.025 0.142593 0.792887
0 0.380729 0.335185 0.0197917 0.103704 0.798274
0 0.626562 0.346296 0.0302083 0.12963 0.801955
0 0.0786458 0.531482 0.157292 0.674074 0.814619
0 0.0791667 0.528704 0.158333 0.672222 0.81766
0 0.0796875 0.526852 0.157292 0.657407 0.839842
0 0.453125 0.343519 0.0270833 0.15 0.841595
0 0.453125 0.343519 0.0270833 0.146296 0.845263
0 0.452604 0.343519 0.0260417 0.153704 0.846876
0 0.452604 0.343519 0.0260417 0.15 0.852606
0 0.078125 0.528704 0.15625 0.672222 0.856691
0 0.0796875 0.525926 0.159375 0.659259 0.872352
0 0.0791667 0.527778 0.158333 0.674074 0.879465
0 0.0796875 0.525 0.159375 0.657407 0.881726
0 0.0791667 0.526852 0.158333 0.672222 0.914052
0 0.0791667 0.526852 0.158333 0.672222 0.915567
