0 0.466146 0.362963 0.021875 0.107407 0.25427
0 0.365104 0.338889 0.0177083 0.0777778 0.26044
0 0.466146 0.363889 0.021875 0.109259 0.260499
0 0.490104 0.375926 0.0260417 0.137037 0.261808
0 0.428125 0.372222 0.0291667 0.12963 0.26594
0 0.466146 0.363889 0.021875 0.109259 0.270964
0 0.659375 0.39537 0.05 0.242593 0.274314
0 0.640625 0.396296 0.03125 0.233333 0.277336
0 0.509375 0.349074 0.0145833 0.0685185 0.277543
0 0.655729 0.39537 0.0510417 0.242593 0.288568
0 0.186979 0.451852 0.121875 0.42963 0.33029
0 0.510417 0.347222 0.0145833 0.0685185 0.330409
0 0.509375 0.348148 0.0145833 0.0666667 0.339727
0 0.483854 0.375926 0.0322917 0.133333 0.340486
0 0.655729 0.394444 0.0510417 0.255556 0.341113
0 0.186458 0.452778 0.122917 0.431481 0.347564
0 0.325521 0.364815 0.0239583 0.0925926 0.352931
0 0.326042 0.364815 0.0229167 0.0925926 0.357074
0 0.361979 0.339815 0.0197917 0.087037 0.386404
0 0.511458 0.348148 0.0145833 0.062963 0.392927
0 0.3625 0.337963 0.01875 0.087037 0.392955
0 0.364583 0.339815 0.0166667 0.087037 0.39313
0 0.326042 0.364815 0.0229167 0.0925926 0.397894
0 0.3625 0.339815 0.0208333 0.087037 0.405343
0 0.597396 0.382407 0.0260417 0.124074 0.407568
0 0.511458 0.348148 0.0145833 0.062963 0.412003
0 0.597396 0.382407 0.0260417 0.124074 0.41325
0 0.597396 0.382407 0.0260417 0.124074 0.415063
0 0.485417 0.381481 0.0291667 0.140741 0.419708
0 0.361979 0.339815 0.0197917 0.087037 0.419824
0 0.309896 0.35463 0.0114583 0.0648148 0.424383
0 0.598437 0.372222 0.0302083 0.122222 0.424531
0 0.482812 0.376852 0.0322917 0.131481 0.429283
0 0.364583 0.339815 0.0166667 0.087037 0.431602
0 0.485417 0.382407 0.025 0.142593 0.435258
0 0.310417 0.355556 0.0125 0.0666667 0.4431
0 0.485417 0.382407 0.025 0.142593 0.443824
0 0.484375 0.377778 0.03125 0.12963 0.446478
0 0.365104 0.339815 0.015625 0.087037 0.447324
0 0.364062 0.339815 0.0177083 0.087037 0.448715
0 0.326042 0.361111 0.0229167 0.0925926 0.454247
0 0.364583 0.339815 0.0166667 0.087037 0.458566
0 0.485938 0.382407 0.028125 0.138889 0.470004
0 0.598437 0.373148 0.0302083 0.127778 0.471043
0 0.364062 0.338889 0.0177083 0.0888889 0.476816
0 0.597917 0.373148 0.0291667 0.124074 0.480494
0 0.485417 0.382407 0.025 0.135185 0.482089
0 0.509896 0.349074 0.0135417 0.0648148 0.483211
0 0.365104 0.339815 0.015625 0.087037 0.497839
0 0.485938 0.380556 0.028125 0.138889 0.498469
0 0.484896 0.381481 0.028125 0.140741 0.503724
0 0.486458 0.378704 0.025 0.135185 0.508427
0 0.509896 0.348148 0.0135417 0.062963 0.520618
0 0.327083 0.361111 0.0208333 0.1 0.522114
0 0.510417 0.347222 0.0125 0.0648148 0.549646
0 0.186458 0.459259 0.120833 0.437037 0.550873
0 0.485938 0.382407 0.028125 0.138889 0.553174
0 0.186979 0.459259 0.119792 0.437037 0.553641
0 0.427604 0.373148 0.028125 0.138889 0.557287
0 0.427604 0.372222 0.028125 0.140741 0.558053
0 0.510417 0.347222 0.0125 0.0648148 0.582456
0 0.428646 0.376852 0.028125 0.146296 0.583765
0 0.651042 0.397222 0.0458333 0.235185 0.591873
0 0.598958 0.375926 0.0291667 0.133333 0.592249
0 0.429167 0.377778 0.0291667 0.148148 0.594924
0 0.653125 0.398148 0.0583333 0.240741 0.602362
0 0.427604 0.373148 0.028125 0.146296 0.615808
0 0.428125 0.373148 0.0270833 0.146296 0.620445
0 0.655208 0.396296 0.05625 0.240741 0.630167
0 0.599479 0.375926 0.028125 0.133333 0.636496
0 0.654167 0.397222 0.05625 0.242593 0.636687
0 0.598437 0.376852 0.028125 0.131481 0.641573
0 0.485938 0.383333 0.0260417 0.137037 0.653171
0 0.654167 0.398148 0.05625 0.240741 0.657744
0 0.428646 0.376852 0.028125 0.146296 0.675344
0 0.650521 0.398148 0.046875 0.240741 0.676106
0 0.655208 0.396296 0.05625 0.240741 0.680158
0 0.327083 0.363889 0.0208333 0.0944444 0.696108
0 0.655729 0.39537 0.0552083 0.242593 0.699195
0 0.598958 0.375 0.0291667 0.131481 0.700272
0 0.655729 0.39537 0.0552083 0.242593 0.70436
0 0.653646 0.39537 0.053125 0.238889 0.706865
0 0.327083 0.362037 0.01875 0.0944444 0.710494
0 0.655729 0.39537 0.0552083 0.242593 0.711439
0 0.598958 0.375 0.0291667 0.131481 0.715258
0 0.327083 0.363889 0.0208333 0.0981481 0.715908
0 0.327083 0.363889 0.0208333 0.0981481 0.720042
0 0.655729 0.394444 0.0552083 0.244444 0.721008
0 0.429167 0.377778 0.0291667 0.155556 0.72106
0 0.598437 0.375926 0.0302083 0.133333 0.726603
0 0.429167 0.377778 0.0291667 0.151852 0.728215
0 0.655208 0.39537 0.05625 0.242593 0.729243
0 0.654688 0.39537 0.0552083 0.242593 0.731884
0 0.429167 0.378704 0.0291667 0.153704 0.73317
0 0.597917 0.377778 0.0291667 0.133333 0.733796
0 0.486458 0.378704 0.025 0.138889 0.733861
0 0.654688 0.39537 0.0552083 0.242593 0.735041
0 0.429167 0.376852 0.0291667 0.153704 0.736745
0 0.327083 0.362037 0.01875 0.0944444 0.73935
0 0.598437 0.377778 0.028125 0.133333 0.743949
0 0.429167 0.377778 0.0291667 0.151852 0.744487
0 0.486458 0.378704 0.025 0.135185 0.745054
0 0.327604 0.362037 0.0197917 0.0944444 0.746617
0 0.598437 0.376852 0.0302083 0.127778 0.751311
0 0.327083 0.362963 0.0208333 0.0962963 0.753715
0 0.597917 0.376852 0.0291667 0.131481 0.76083
0 0.598437 0.376852 0.0302083 0.127778 0.770585
0 0.485417 0.382407 0.025 0.142593 0.77076
0 0.429167 0.376852 0.0291667 0.153704 0.773919
0 0.485417 0.382407 0.025 0.142593 0.7744
0 0.598437 0.378704 0.028125 0.131481 0.784318
0 0.598437 0.376852 0.028125 0.127778 0.786939
0 0.597917 0.377778 0.0291667 0.133333 0.822725
0 0.427604 0.375926 0.028125 0.151852 0.828451
0 0.653646 0.396296 0.053125 0.248148 0.833788
0 0.427604 0.375 0.028125 0.146296 0.834351
0 0.597917 0.378704 0.0291667 0.131481 0.83975
0 0.186979 0.456481 0.121875 0.435185 0.890364
0 0.1875 0.457407 0.120833 0.444444 0.902422
0 0.186979 0.456481 0.121875 0.435185 0.908437
0 0.186979 0.459259 0.121875 0.440741 0.910967
0 0.188021 0.458333 0.121875 0.442593 0.911316
0 0.186979 0.455556 0.121875 0.433333 0.913278
0 0.186979 0.456481 0.121875 0.431481 0.914701
0 0.185937 0.452778 0.121875 0.446296 0.915379
0 0.185937 0.453704 0.121875 0.440741 0.920902
0 0.186458 0.453704 0.120833 0.444444 0.925691
