28 0.444271 0.464815 0.0447917 0.1 0.251564
13 0.44375 0.464815 0.04375 0.1 0.253994
0 0.0328125 0.292593 0.0302083 0.114815 0.254
0 0.556771 0.325926 0.015625 0.0592593 0.254263
0 0.0296875 0.293519 0.034375 0.116667 0.256214
13 0.44375 0.462963 0.0416667 0.103704 0.25648
0 0.483333 0.336111 0.0145833 0.0907407 0.256662
0 0.0328125 0.293519 0.028125 0.12037 0.257838
0 0.638542 0.363889 0.0291667 0.131481 0.259895
0 0.973958 0.75463 0.0520833 0.468519 0.260987
13 0.444271 0.462037 0.0427083 0.101852 0.264962
0 0.305208 0.337037 0.0291667 0.0851852 0.266096
13 0.117708 0.847222 0.235417 0.27963 0.266664
28 0.444271 0.464815 0.0447917 0.1 0.267065
0 0.973437 0.753704 0.053125 0.47037 0.26747
0 0.465104 0.353704 0.0302083 0.133333 0.270413
0 0.304688 0.336111 0.028125 0.0907407 0.272066
13 0.117188 0.847222 0.234375 0.27963 0.275429
13 0.366667 0.596296 0.139583 0.144444 0.280476
13 0.367188 0.603704 0.134375 0.159259 0.280618
0 0.970312 0.756481 0.059375 0.475926 0.280784
0 0.557292 0.327778 0.0145833 0.0518519 0.28113
13 0.367188 0.605556 0.134375 0.159259 0.281583
0 0.557292 0.328704 0.0145833 0.0537037 0.283431
0 0.488542 0.353704 0.0604167 0.137037 0.28673
13 0.366667 0.597222 0.139583 0.142593 0.288061
0 0.639063 0.364815 0.028125 0.133333 0.288438
13 0.367188 0.60463 0.134375 0.161111 0.289959
13 0.366667 0.597222 0.139583 0.146296 0.292345
0 0.483333 0.337037 0.0166667 0.0925926 0.295904
0 0.00677083 0.364815 0.0135417 0.151852 0.296936
0 0.503646 0.353704 0.028125 0.133333 0.303528
0 0.235938 0.433333 0.078125 0.403704 0.304116
0 0.483333 0.336111 0.0166667 0.0907407 0.306066
0 0.235938 0.433333 0.078125 0.407407 0.306445
0 0.235938 0.432407 0.078125 0.405556 0.308421
0 0.488542 0.35463 0.0604167 0.142593 0.310788
0 0.969792 0.775 0.0604167 0.409259 0.318281
0 0.0078125 0.359259 0.015625 0.159259 0.320786
0 0.0328125 0.292593 0.028125 0.118519 0.321989
0 0.501562 0.350926 0.034375 0.138889 0.326147
0 0.501562 0.350926 0.0322917 0.138889 0.334642
0 0.969792 0.774074 0.0604167 0.425926 0.337728
0 0.969792 0.773148 0.0604167 0.42037 0.341202
13 0.116667 0.84537 0.233333 0.275926 0.342386
0 0.0078125 0.363889 0.015625 0.153704 0.343218
0 0.0328125 0.292593 0.028125 0.111111 0.347635
0 0.304688 0.336111 0.028125 0.087037 0.355702
13 0.116667 0.84537 0.233333 0.275926 0.356994
0 0.970312 0.755556 0.059375 0.485185 0.357428
0 0.970312 0.755556 0.059375 0.485185 0.359584
0 0.0328125 0.292593 0.028125 0.111111 0.360175
0 0.0078125 0.362963 0.015625 0.155556 0.364194
0 0.465625 0.35463 0.0291667 0.135185 0.36452
0 0.304167 0.337037 0.0270833 0.0925926 0.367163
0 0.0328125 0.292593 0.028125 0.111111 0.367287
0 0.323438 0.334259 0.021875 0.0759259 0.367388
13 0.366146 0.609259 0.142708 0.17037 0.375687
0 0.504687 0.348148 0.0260417 0.148148 0.377793
0 0.00833333 0.358333 0.0166667 0.157407 0.378591
0 0.971354 0.761111 0.0572917 0.451852 0.381883
0 0.325521 0.332407 0.0197917 0.0648148 0.383936
0 0.504167 0.349074 0.025 0.15 0.387409
0 0.466146 0.35 0.0302083 0.137037 0.387853
0 0.466146 0.35 0.0302083 0.137037 0.392318
0 0.323958 0.335185 0.0229167 0.0777778 0.392554
0 0.325521 0.335185 0.0197917 0.0666667 0.393533
0 0.636458 0.362963 0.0291667 0.133333 0.394063
0 0.323958 0.334259 0.0208333 0.0759259 0.403976
0 0.325 0.331481 0.0208333 0.0666667 0.406802
0 0.239063 0.437037 0.078125 0.411111 0.408416
13 0.366667 0.608333 0.141667 0.168519 0.409042
0 0.239063 0.437037 0.078125 0.407407 0.412281
0 0.239063 0.437037 0.078125 0.407407 0.413673
13 0.365625 0.603704 0.1375 0.162963 0.414851
0 0.303125 0.337963 0.0270833 0.0833333 0.415243
13 0.366146 0.60463 0.138542 0.161111 0.417822
13 0.366146 0.605556 0.136458 0.166667 0.420599
0 0.6375 0.365741 0.0291667 0.131481 0.422272
13 0.366667 0.605556 0.139583 0.159259 0.423663
0 0.325521 0.331481 0.0197917 0.062963 0.425271
13 0.366146 0.60463 0.138542 0.161111 0.426129
0 0.303646 0.337963 0.0260417 0.0833333 0.430357
0 0.971875 0.776852 0.05625 0.431481 0.434492
0 0.303646 0.337963 0.0260417 0.0833333 0.435835
0 0.636458 0.365741 0.03125 0.135185 0.443314
0 0.304167 0.337037 0.0270833 0.0888889 0.465501
13 0.365625 0.601852 0.1375 0.159259 0.478776
13 0.366146 0.605556 0.136458 0.162963 0.483945
0 0.239063 0.428704 0.0760417 0.405556 0.490769
0 0.238542 0.428704 0.075 0.405556 0.493759
0 0.239063 0.427778 0.0760417 0.407407 0.505735
0 0.6375 0.364815 0.0291667 0.133333 0.514814
0 0.6375 0.364815 0.0291667 0.133333 0.516939
0 0.239583 0.434259 0.0729167 0.409259 0.522794
0 0.503646 0.352778 0.028125 0.138889 0.526264
0 0.303646 0.338889 0.0260417 0.0851852 0.528168
0 0.239063 0.435185 0.071875 0.4 0.538465
0 0.305208 0.336111 0.0270833 0.087037 0.542516
0 0.239583 0.434259 0.0729167 0.405556 0.54775
0 0.305729 0.337037 0.0260417 0.0851852 0.556455
0 0.303646 0.339815 0.0260417 0.0833333 0.558634
0 0.636979 0.362963 0.0302083 0.140741 0.560154
0 0.304167 0.339815 0.025 0.0833333 0.560498
0 0.238542 0.427778 0.0791667 0.414815 0.5637
0 0.6375 0.364815 0.0291667 0.12963 0.56503
0 0.636979 0.362963 0.0302083 0.140741 0.566741
0 0.503646 0.352778 0.028125 0.138889 0.572824
0 0.504687 0.353704 0.028125 0.140741 0.588296
0 0.504167 0.352778 0.0270833 0.138889 0.630117
0 0.503646 0.353704 0.028125 0.144444 0.634698
0 0.303646 0.337963 0.0260417 0.087037 0.6366
0 0.6375 0.365741 0.0291667 0.131481 0.639479
0 0.603646 0.360185 0.0302083 0.161111 0.642531
0 0.503646 0.352778 0.028125 0.142593 0.645496
0 0.304167 0.337037 0.025 0.0888889 0.645638
0 0.6375 0.365741 0.0291667 0.131481 0.650007
0 0.504687 0.353704 0.028125 0.140741 0.65295
0 0.504167 0.35463 0.0270833 0.138889 0.65547
0 0.465104 0.353704 0.0302083 0.148148 0.655489
0 0.604167 0.360185 0.0291667 0.161111 0.657251
0 0.304167 0.337037 0.025 0.0888889 0.659341
0 0.636458 0.365741 0.03125 0.138889 0.659808
0 0.464583 0.353704 0.0291667 0.148148 0.660373
0 0.304167 0.337037 0.025 0.0888889 0.670052
0 0.636458 0.365741 0.03125 0.138889 0.675256
0 0.605729 0.362037 0.0322917 0.161111 0.68857
0 0.465104 0.35463 0.0302083 0.15 0.689058
0 0.465104 0.35463 0.0302083 0.146296 0.690059
0 0.465104 0.35463 0.0302083 0.146296 0.691907
0 0.465104 0.35463 0.0302083 0.15 0.694259
0 0.605208 0.361111 0.0333333 0.162963 0.705088
0 0.465104 0.35463 0.0302083 0.15 0.709915
0 0.465625 0.35463 0.0291667 0.142593 0.725996
0 0.604688 0.362037 0.0322917 0.161111 0.728411
0 0.605208 0.362037 0.0333333 0.161111 0.728721
0 0.605208 0.362037 0.0333333 0.161111 0.730617
0 0.465104 0.353704 0.0302083 0.144444 0.731312
0 0.465104 0.35463 0.0302083 0.142593 0.733831
0 0.603646 0.361111 0.0322917 0.159259 0.743597
0 0.604167 0.361111 0.0333333 0.159259 0.744918
0 0.605208 0.362037 0.0333333 0.161111 0.746083
0 0.636979 0.364815 0.0302083 0.137037 0.746802
0 0.238542 0.428704 0.0791667 0.416667 0.753612
0 0.605208 0.361111 0.0333333 0.166667 0.754809
0 0.6375 0.365741 0.0291667 0.135185 0.754999
0 0.605208 0.361111 0.0333333 0.162963 0.764843
0 0.605208 0.362037 0.0333333 0.164815 0.766636
0 0.604688 0.361111 0.0322917 0.162963 0.768266
0 0.636979 0.364815 0.0302083 0.137037 0.771561
0 0.604688 0.361111 0.0322917 0.162963 0.774301
0 0.636979 0.365741 0.0302083 0.135185 0.800006
0 0.636979 0.365741 0.0302083 0.135185 0.809527
0 0.636979 0.364815 0.0302083 0.137037 0.819865
0 0.239063 0.42963 0.078125 0.411111 0.827394
0 0.239063 0.430556 0.078125 0.412963 0.835538
0 0.239063 0.427778 0.078125 0.407407 0.851246
0 0.239063 0.427778 0.078125 0.407407 0.861977
0 0.238542 0.433333 0.0770833 0.407407 0.872203
0 0.238542 0.433333 0.0770833 0.407407 0.872666
0 0.238021 0.433333 0.0760417 0.403704 0.872706
