0 0.426562 0.450926 0.015625 0.0833333 0.251604
0 0.122917 0.543519 0.0520833 0.27963 0.25514
0 0.427083 0.450926 0.0166667 0.0833333 0.25524
0 0.577604 0.491667 0.034375 0.157407 0.255408
26 0.0916667 0.592593 0.0395833 0.1 0.261694
26 0.0911458 0.592593 0.0385417 0.1 0.261863
26 0.090625 0.599074 0.0395833 0.0907407 0.265844
0 0.427083 0.45 0.0208333 0.0814815 0.268364
0 0.279167 0.453704 0.01875 0.0851852 0.269931
0 0.446354 0.456481 0.015625 0.0907407 0.270404
26 0.0916667 0.592593 0.0395833 0.1 0.271402
0 0.661458 0.523148 0.0541667 0.298148 0.272333
0 0.426562 0.450926 0.015625 0.0833333 0.283688
28 0.090625 0.596296 0.0395833 0.0888889 0.28569
28 0.0911458 0.59537 0.040625 0.087037 0.29209
0 0.0302083 0.507407 0.04375 0.188889 0.295735
28 0.090625 0.596296 0.0375 0.0851852 0.296623
0 0.280208 0.455556 0.01875 0.0814815 0.300698
0 0.458854 0.45463 0.015625 0.0944444 0.302054
0 0.467187 0.455556 0.0302083 0.1 0.305045
0 0.279687 0.456481 0.0197917 0.0796296 0.306361
0 0.0302083 0.507407 0.04375 0.188889 0.309055
28 0.090625 0.599074 0.0395833 0.087037 0.309084
28 0.534375 0.603704 0.0875 0.0666667 0.312537
0 0.446354 0.456481 0.015625 0.0907407 0.314211
28 0.090625 0.596296 0.0375 0.0851852 0.31599
28 0.090625 0.597222 0.0375 0.0833333 0.316854
0 0.279687 0.455556 0.0197917 0.0814815 0.316912
0 0.458854 0.45463 0.0135417 0.0907407 0.317757
0 0.279687 0.457407 0.0197917 0.0814815 0.31919
28 0.0911458 0.599074 0.040625 0.087037 0.321235
0 0.0755208 0.498148 0.028125 0.148148 0.321496
0 0.158854 0.500926 0.0302083 0.168519 0.323115
0 0.665104 0.525 0.0552083 0.305556 0.324687
0 0.158854 0.5 0.0302083 0.17037 0.325711
0 0.480208 0.452778 0.01875 0.0981481 0.326029
28 0.0911458 0.599074 0.040625 0.087037 0.327059
28 0.533854 0.603704 0.0885417 0.0666667 0.328131
0 0.459896 0.458333 0.015625 0.0907407 0.328398
0 0.279687 0.457407 0.0197917 0.0814815 0.337634
0 0.459375 0.455556 0.0145833 0.0925926 0.340054
0 0.466667 0.457407 0.025 0.1 0.340238
0 0.0755208 0.490741 0.028125 0.114815 0.341099
0 0.279687 0.455556 0.0197917 0.0814815 0.341179
0 0.479167 0.453704 0.0208333 0.103704 0.341856
0 0.0755208 0.498148 0.028125 0.144444 0.342516
0 0.480729 0.452778 0.0197917 0.101852 0.346259
0 0.0322917 0.510185 0.04375 0.183333 0.347232
0 0.279687 0.455556 0.0197917 0.0814815 0.3498
0 0.445833 0.453704 0.0145833 0.0814815 0.351708
26 0.0911458 0.59537 0.0385417 0.0907407 0.354601
0 0.460417 0.458333 0.0166667 0.0944444 0.357524
0 0.460417 0.459259 0.0166667 0.0925926 0.359721
0 0.0291667 0.510185 0.0416667 0.183333 0.361825
0 0.0291667 0.510185 0.0395833 0.17963 0.368598
0 0.0765625 0.492593 0.028125 0.118519 0.368625
0 0.0322917 0.510185 0.04375 0.187037 0.370682
0 0.482812 0.449074 0.015625 0.0981481 0.372092
0 0.0760417 0.498148 0.0270833 0.144444 0.376598
0 0.482812 0.448148 0.015625 0.0962963 0.37746
0 0.0755208 0.509259 0.0260417 0.155556 0.378814
0 0.0755208 0.490741 0.028125 0.118519 0.382273
0 0.445833 0.453704 0.0145833 0.0814815 0.392129
26 0.0911458 0.596296 0.0385417 0.0888889 0.394619
0 0.0765625 0.492593 0.028125 0.118519 0.395262
0 0.0755208 0.510185 0.0260417 0.153704 0.396737
0 0.0755208 0.489815 0.028125 0.116667 0.396835
0 0.0765625 0.500926 0.0302083 0.15 0.400454
0 0.482812 0.449074 0.015625 0.0981481 0.400539
0 0.0765625 0.492593 0.028125 0.118519 0.40128
0 0.578125 0.484259 0.0354167 0.157407 0.401617
0 0.578125 0.485185 0.0354167 0.155556 0.409863
0 0.480208 0.451852 0.01875 0.103704 0.41251
0 0.0765625 0.500926 0.0302083 0.15 0.414851
0 0.426042 0.45 0.0166667 0.0814815 0.415185
0 0.425521 0.449074 0.0177083 0.0833333 0.422149
0 0.480208 0.451852 0.01875 0.103704 0.424078
0 0.0760417 0.50463 0.0291667 0.157407 0.428936
0 0.425521 0.447222 0.015625 0.0833333 0.430545
0 0.470313 0.453704 0.0239583 0.0962963 0.433684
0 0.0765625 0.500926 0.0302083 0.15 0.434026
0 0.426042 0.449074 0.0166667 0.0833333 0.445491
0 0.468229 0.45463 0.0260417 0.0981481 0.45023
0 0.480208 0.450926 0.01875 0.101852 0.451442
0 0.0760417 0.50463 0.0291667 0.153704 0.453344
0 0.0765625 0.505556 0.028125 0.151852 0.45599
0 0.0760417 0.50463 0.0291667 0.153704 0.457131
0 0.425 0.446296 0.0166667 0.0814815 0.458086
0 0.470313 0.453704 0.021875 0.1 0.464367
0 0.48125 0.451852 0.0166667 0.1 0.466042
0 0.470313 0.45463 0.021875 0.0981481 0.470331
0 0.665104 0.531482 0.065625 0.296296 0.470522
0 0.481771 0.450926 0.015625 0.0981481 0.474498
0 0.0765625 0.505556 0.028125 0.151852 0.475233
0 0.425521 0.446296 0.0177083 0.0851852 0.476919
0 0.468229 0.45463 0.0260417 0.101852 0.486651
0 0.0765625 0.506481 0.028125 0.153704 0.490082
0 0.125521 0.534259 0.0552083 0.257407 0.493293
0 0.469271 0.45463 0.0260417 0.101852 0.494053
0 0.0765625 0.505556 0.028125 0.151852 0.500353
0 0.0770833 0.505556 0.0291667 0.155556 0.500742
0 0.425 0.447222 0.0166667 0.0833333 0.501451
0 0.122396 0.537037 0.0510417 0.259259 0.507655
0 0.665625 0.532407 0.0666667 0.298148 0.520716
0 0.0322917 0.513889 0.0395833 0.190741 0.522125
0 0.124479 0.533333 0.0552083 0.255556 0.52501
0 0.120312 0.539815 0.0552083 0.272222 0.529441
0 0.0322917 0.513889 0.0395833 0.187037 0.536033
0 0.120833 0.537963 0.0541667 0.275926 0.538201
0 0.123438 0.534259 0.0552083 0.257407 0.543402
0 0.665625 0.532407 0.0666667 0.294444 0.59166
0 0.120312 0.541667 0.053125 0.268519 0.648143
0 0.120312 0.539815 0.0552083 0.275926 0.668177
0 0.665104 0.532407 0.065625 0.298148 0.670104
0 0.157292 0.501852 0.03125 0.17037 0.672001
0 0.156771 0.502778 0.0322917 0.172222 0.675843
0 0.120312 0.541667 0.053125 0.268519 0.676157
0 0.157292 0.501852 0.03125 0.17037 0.686577
0 0.120833 0.539815 0.0541667 0.275926 0.694707
0 0.578125 0.488889 0.0333333 0.159259 0.70296
0 0.121354 0.538889 0.0552083 0.27037 0.703445
0 0.157292 0.502778 0.03125 0.172222 0.703629
0 0.665104 0.531482 0.0635417 0.296296 0.704627
0 0.664583 0.528704 0.0583333 0.316667 0.707859
0 0.120312 0.541667 0.053125 0.272222 0.713244
0 0.578125 0.488889 0.0333333 0.159259 0.714459
0 0.120312 0.540741 0.053125 0.266667 0.726242
0 0.665104 0.532407 0.0635417 0.298148 0.730071
0 0.666146 0.530556 0.0635417 0.301852 0.730349
0 0.120833 0.539815 0.0541667 0.275926 0.734118
0 0.03125 0.511111 0.0416667 0.188889 0.73602
0 0.157292 0.501852 0.03125 0.174074 0.737663
0 0.156771 0.501852 0.0322917 0.174074 0.744574
0 0.157813 0.501852 0.0322917 0.174074 0.746083
0 0.666146 0.530556 0.0635417 0.301852 0.755689
0 0.157292 0.500926 0.0333333 0.175926 0.755748
0 0.03125 0.512037 0.0416667 0.187037 0.757087
0 0.03125 0.512037 0.0416667 0.190741 0.776931
0 0.664583 0.531482 0.0625 0.296296 0.781178
0 0.0317708 0.512037 0.040625 0.187037 0.786204
0 0.120833 0.541667 0.0520833 0.272222 0.788733
0 0.0317708 0.512037 0.040625 0.187037 0.789536
0 0.665104 0.530556 0.0614583 0.301852 0.790088
0 0.03125 0.510185 0.0416667 0.187037 0.790683
0 0.0317708 0.512037 0.040625 0.187037 0.790899
0 0.666146 0.530556 0.0635417 0.301852 0.79584
0 0.156771 0.498148 0.0322917 0.17037 0.796292
0 0.578646 0.488889 0.034375 0.155556 0.799348
0 0.665104 0.530556 0.0614583 0.301852 0.799621
0 0.156771 0.498148 0.0322917 0.174074 0.799967
0 0.03125 0.511111 0.0416667 0.188889 0.800599
0 0.665104 0.530556 0.0614583 0.301852 0.802005
0 0.03125 0.512037 0.0416667 0.187037 0.81177
0 0.578125 0.487037 0.0354167 0.159259 0.815699
0 0.578646 0.488889 0.034375 0.155556 0.817488
0 0.578646 0.487037 0.034375 0.162963 0.81758
0 0.578646 0.488889 0.034375 0.155556 0.818045
0 0.578646 0.487963 0.034375 0.157407 0.819681
0 0.578646 0.487963 0.034375 0.157407 0.820179
0 0.665104 0.532407 0.0635417 0.294444 0.820209
0 0.578646 0.487963 0.034375 0.157407 0.820427
0 0.665625 0.532407 0.0625 0.298148 0.822214
0 0.578646 0.487037 0.034375 0.155556 0.82612
0 0.578646 0.487963 0.034375 0.157407 0.827899
0 0.0307292 0.512037 0.0427083 0.187037 0.830356
0 0.665625 0.531482 0.0583333 0.314815 0.833025
0 0.578646 0.487963 0.034375 0.157407 0.837841
0 0.0307292 0.512037 0.0427083 0.187037 0.837968
