2 0.0546875 0.332407 0.109375 0.224074 0.253461
13 0.452083 0.644444 0.120833 0.1 0.256179
0 0.942708 0.640741 0.114583 0.718518 0.2572
2 0.053125 0.337963 0.10625 0.201852 0.258225
2 0.053125 0.337963 0.10625 0.205556 0.258868
13 0.452083 0.644444 0.11875 0.1 0.259023
0 0.390625 0.432407 0.0229167 0.105556 0.259369
13 0.452083 0.644444 0.120833 0.1 0.2604
13 0.451042 0.641667 0.125 0.101852 0.264279
2 0.0510417 0.343519 0.102083 0.187037 0.26527
13 0.450521 0.642593 0.126042 0.103704 0.26554
2 0.053125 0.337963 0.10625 0.201852 0.265624
0 0.365625 0.434259 0.01875 0.109259 0.26807
0 0.934896 0.64537 0.121875 0.661111 0.268313
0 0.440104 0.431481 0.0239583 0.114815 0.275936
13 0.450521 0.641667 0.123958 0.101852 0.276148
0 0.390625 0.437037 0.0270833 0.111111 0.279429
13 0.453125 0.64537 0.11875 0.0981481 0.280973
0 0.647396 0.451852 0.021875 0.118519 0.285201
0 0.646875 0.451852 0.0208333 0.118519 0.290125
2 0.0541667 0.337037 0.108333 0.211111 0.293872
13 0.386458 0.598148 0.19375 0.114815 0.303398
0 0.391146 0.434259 0.0260417 0.105556 0.304099
0 0.646875 0.452778 0.0208333 0.116667 0.304388
0 0.365625 0.434259 0.01875 0.109259 0.309647
0 0.439583 0.435185 0.0208333 0.103704 0.31432
0 0.365104 0.425 0.0177083 0.0944444 0.320699
0 0.365625 0.434259 0.01875 0.109259 0.323952
74 0.395312 0.0833333 0.0427083 0.144444 0.332949
0 0.439583 0.436111 0.0208333 0.105556 0.335198
74 0.395833 0.0842593 0.0416667 0.142593 0.343072
0 0.439583 0.436111 0.0208333 0.105556 0.347146
0 0.391667 0.434259 0.0270833 0.109259 0.357697
0 0.391146 0.433333 0.0260417 0.107407 0.362138
0 0.458854 0.459259 0.0364583 0.151852 0.368528
0 0.646875 0.450926 0.0208333 0.116667 0.370798
0 0.365625 0.431481 0.0166667 0.103704 0.373276
13 0.440625 0.638889 0.145833 0.107407 0.373414
0 0.366667 0.433333 0.01875 0.111111 0.375256
0 0.646875 0.451852 0.0208333 0.118519 0.379996
0 0.646875 0.451852 0.0208333 0.118519 0.384194
0 0.935938 0.625926 0.121875 0.711111 0.390678
0 0.646875 0.448148 0.0208333 0.111111 0.396531
0 0.646875 0.448148 0.0208333 0.111111 0.396617
0 0.460417 0.459259 0.0354167 0.151852 0.398394
0 0.647917 0.448148 0.0208333 0.107407 0.414186
0 0.365104 0.431481 0.0177083 0.107407 0.416297
0 0.464063 0.465741 0.0322917 0.153704 0.418395
0 0.646875 0.448148 0.0208333 0.111111 0.42519
0 0.365625 0.431481 0.0166667 0.107407 0.425905
0 0.647396 0.451852 0.0197917 0.111111 0.426854
0 0.936458 0.625926 0.120833 0.707407 0.428178
0 0.463542 0.465741 0.03125 0.153704 0.43278
0 0.391667 0.434259 0.0270833 0.109259 0.43322
0 0.391667 0.437037 0.025 0.111111 0.435536
0 0.463542 0.464815 0.03125 0.155556 0.440393
0 0.932292 0.641667 0.11875 0.694444 0.444221
0 0.460417 0.459259 0.0354167 0.151852 0.445092
0 0.647917 0.45 0.0208333 0.114815 0.470477
0 0.440104 0.427778 0.021875 0.107407 0.477279
0 0.390625 0.438889 0.025 0.103704 0.487259
0 0.391667 0.433333 0.025 0.103704 0.500626
0 0.391146 0.437963 0.0239583 0.105556 0.504027
0 0.391146 0.437963 0.0239583 0.105556 0.511366
0 0.440104 0.427778 0.021875 0.107407 0.51341
0 0.440104 0.427778 0.021875 0.107407 0.515188
0 0.440104 0.436111 0.0197917 0.105556 0.543174
0 0.439583 0.427778 0.0208333 0.111111 0.551493
0 0.440104 0.436111 0.0197917 0.105556 0.577159
0 0.440104 0.436111 0.0197917 0.105556 0.583509
0 0.392188 0.434259 0.0260417 0.101852 0.584738
0 0.392188 0.434259 0.0239583 0.109259 0.596303
0 0.440104 0.430556 0.021875 0.112963 0.604746
0 0.440625 0.432407 0.0208333 0.112963 0.606174
0 0.440625 0.432407 0.0208333 0.112963 0.615535
0 0.440104 0.432407 0.021875 0.112963 0.616133
0 0.392188 0.434259 0.0260417 0.105556 0.61805
0 0.392188 0.434259 0.0260417 0.105556 0.626629
0 0.935938 0.641667 0.123958 0.698148 0.639443
0 0.935938 0.639815 0.123958 0.694444 0.64523
0 0.461458 0.462963 0.0354167 0.155556 0.647524
0 0.391667 0.432407 0.025 0.101852 0.648005
0 0.461458 0.462963 0.0354167 0.155556 0.656477
0 0.391667 0.432407 0.025 0.101852 0.672918
0 0.391667 0.432407 0.025 0.101852 0.676276
0 0.461458 0.462963 0.0354167 0.155556 0.706876
0 0.4625 0.465741 0.0333333 0.153704 0.754446
0 0.4625 0.465741 0.0333333 0.153704 0.770554
0 0.4625 0.465741 0.0333333 0.153704 0.789784
0 0.936458 0.635185 0.122917 0.72963 0.804213
0 0.461979 0.466667 0.034375 0.144444 0.809039
0 0.4625 0.467593 0.0333333 0.146296 0.810369
0 0.461458 0.465741 0.0333333 0.146296 0.839416
0 0.935938 0.632407 0.123958 0.724074 0.844362
0 0.461458 0.465741 0.0333333 0.15 0.844823
0 0.934896 0.641667 0.119792 0.698148 0.850789
0 0.936458 0.634259 0.122917 0.72037 0.861714
0 0.934375 0.640741 0.122917 0.703704 0.865576
0 0.936979 0.632407 0.121875 0.72037 0.883321
