0 0.0244792 0.359259 0.0489583 0.188889 0.255845
0 0.508333 0.346296 0.025 0.0888889 0.257606
24 0.856771 0.339815 0.0552083 0.161111 0.258497
24 0.85625 0.348148 0.0520833 0.140741 0.26144
24 0.85625 0.349074 0.0520833 0.142593 0.26244
0 0.490625 0.337963 0.0229167 0.0981481 0.267631
0 0.0989583 0.325926 0.0166667 0.0888889 0.268008
0 0.0244792 0.359259 0.0489583 0.188889 0.268288
24 0.853646 0.338889 0.0552083 0.159259 0.270012
24 0.856771 0.339815 0.0552083 0.161111 0.270295
0 0.915625 0.294444 0.0354167 0.162963 0.272302
24 0.856771 0.339815 0.0552083 0.161111 0.273862
0 0.489583 0.335185 0.0208333 0.107407 0.276775
24 0.853646 0.338889 0.0552083 0.159259 0.278205
0 0.490625 0.338889 0.025 0.1 0.282238
0 0.491146 0.337963 0.0239583 0.0981481 0.282392
0 0.915625 0.274074 0.03125 0.122222 0.28256
0 0.0989583 0.325926 0.0166667 0.0925926 0.289536
0 0.498958 0.340741 0.0333333 0.0925926 0.28954
0 0.0244792 0.359259 0.0489583 0.188889 0.290518
0 0.915625 0.274074 0.03125 0.122222 0.292471
0 0.508854 0.346296 0.0239583 0.0888889 0.301133
0 0.779688 0.398148 0.059375 0.407407 0.304288
0 0.507812 0.344444 0.028125 0.0888889 0.307956
0 0.508854 0.346296 0.0239583 0.0888889 0.308771
0 0.780208 0.398148 0.0583333 0.407407 0.31107
0 0.0989583 0.325926 0.01875 0.0925926 0.311813
0 0.457812 0.341667 0.028125 0.153704 0.313185
0 0.025 0.361111 0.05 0.188889 0.313195
0 0.507292 0.343519 0.0229167 0.0907407 0.315519
0 0.025 0.362037 0.05 0.190741 0.316389
0 0.779688 0.399074 0.059375 0.409259 0.321915
0 0.0989583 0.325926 0.0166667 0.0925926 0.322185
0 0.0989583 0.324074 0.0208333 0.0925926 0.324059
0 0.805729 0.396296 0.0822917 0.422222 0.325401
0 0.457812 0.340741 0.028125 0.151852 0.328421
0 0.457812 0.347222 0.028125 0.157407 0.332512
0 0.915104 0.294444 0.0322917 0.155556 0.343061
0 0.914583 0.294444 0.0333333 0.155556 0.344182
0 0.507812 0.342593 0.0239583 0.0925926 0.351037
0 0.823438 0.414815 0.0885417 0.47037 0.351103
0 0.915625 0.285185 0.03125 0.144444 0.351593
0 0.507292 0.343519 0.0229167 0.0907407 0.351903
0 0.915104 0.286111 0.0322917 0.142593 0.352455
0 0.457812 0.346296 0.028125 0.155556 0.353357
0 0.457812 0.341667 0.028125 0.15 0.35431
0 0.459375 0.341667 0.0270833 0.15 0.354799
0 0.773438 0.392593 0.053125 0.4 0.354952
0 0.915625 0.285185 0.03125 0.140741 0.356167
0 0.823438 0.414815 0.0885417 0.459259 0.359197
0 0.396875 0.331481 0.05 0.125926 0.360017
0 0.540104 0.306481 0.015625 0.0685185 0.362944
0 0.540625 0.30463 0.0166667 0.0648148 0.364284
0 0.403646 0.331481 0.0489583 0.125926 0.364662
0 0.458854 0.341667 0.028125 0.15 0.365651
0 0.539583 0.306481 0.0166667 0.0685185 0.369703
0 0.823958 0.412963 0.0875 0.462963 0.371673
0 0.457292 0.347222 0.0270833 0.157407 0.374993
24 0.853646 0.337963 0.0572917 0.157407 0.381011
0 0.540625 0.309259 0.0166667 0.0703704 0.384498
0 0.914583 0.291667 0.0333333 0.164815 0.385478
0 0.914583 0.291667 0.0333333 0.164815 0.393047
0 0.384375 0.32963 0.0229167 0.107407 0.393713
0 0.540104 0.309259 0.015625 0.0703704 0.394361
0 0.914583 0.294444 0.0333333 0.155556 0.395645
0 0.403646 0.332407 0.0489583 0.127778 0.397762
0 0.0588542 0.327778 0.0322917 0.118519 0.398118
0 0.539583 0.306481 0.0166667 0.0685185 0.404081
0 0.384375 0.32963 0.0229167 0.111111 0.406803
0 0.408333 0.337963 0.0291667 0.135185 0.40778
0 0.645312 0.325 0.0260417 0.12037 0.409955
0 0.539062 0.305556 0.0177083 0.0666667 0.412643
0 0.539062 0.305556 0.015625 0.0666667 0.425591
0 0.384375 0.32963 0.0229167 0.111111 0.429308
0 0.0588542 0.328704 0.0322917 0.124074 0.432801
0 0.540104 0.308333 0.015625 0.0685185 0.435726
0 0.0583333 0.328704 0.03125 0.12037 0.448646
0 0.0265625 0.362963 0.053125 0.185185 0.450412
0 0.0265625 0.362963 0.053125 0.185185 0.452598
0 0.539583 0.306481 0.0166667 0.0685185 0.455252
0 0.821875 0.402778 0.0854167 0.475926 0.463794
0 0.645312 0.325926 0.0260417 0.122222 0.473239
0 0.0255208 0.361111 0.0510417 0.185185 0.476079
0 0.0276042 0.358333 0.0552083 0.187037 0.483485
0 0.0255208 0.361111 0.0510417 0.185185 0.487076
24 0.856771 0.340741 0.0552083 0.148148 0.488463
0 0.540104 0.306481 0.015625 0.0685185 0.489961
0 0.64375 0.327778 0.0270833 0.122222 0.496073
0 0.821875 0.403704 0.0854167 0.466667 0.496197
0 0.645312 0.325926 0.0260417 0.122222 0.496626
0 0.0276042 0.358333 0.0552083 0.190741 0.502943
0 0.821354 0.403704 0.084375 0.462963 0.502987
0 0.602604 0.327778 0.028125 0.118519 0.504165
0 0.0255208 0.362037 0.0510417 0.187037 0.50677
0 0.540104 0.306481 0.015625 0.0685185 0.512858
24 0.855729 0.344444 0.0510417 0.155556 0.514146
0 0.0614583 0.328704 0.0354167 0.112963 0.523466
0 0.0276042 0.357407 0.0552083 0.188889 0.532622
24 0.855729 0.344444 0.0510417 0.155556 0.534064
0 0.602604 0.327778 0.028125 0.122222 0.538683
0 0.778646 0.397222 0.0572917 0.412963 0.540834
0 0.64375 0.327778 0.0270833 0.122222 0.542545
0 0.603125 0.32963 0.0291667 0.125926 0.542782
0 0.602604 0.328704 0.028125 0.12037 0.545147
0 0.0609375 0.328704 0.0364583 0.112963 0.550035
0 0.0270833 0.358333 0.0541667 0.187037 0.550806
24 0.855729 0.341667 0.0552083 0.157407 0.559813
0 0.64375 0.327778 0.0270833 0.122222 0.561
0 0.384375 0.326852 0.0208333 0.105556 0.567277
0 0.814062 0.405556 0.0822917 0.451852 0.569095
0 0.0614583 0.328704 0.0354167 0.112963 0.571091
24 0.855729 0.344444 0.0552083 0.148148 0.58029
0 0.645312 0.328704 0.028125 0.124074 0.582691
0 0.0255208 0.358333 0.0510417 0.190741 0.583328
24 0.855729 0.340741 0.0552083 0.155556 0.583969
0 0.0598958 0.32963 0.034375 0.118519 0.586165
0 0.776563 0.397222 0.0552083 0.409259 0.589066
0 0.384375 0.325926 0.0208333 0.103704 0.591295
24 0.855729 0.344444 0.053125 0.148148 0.596341
24 0.85625 0.344444 0.0541667 0.148148 0.599101
0 0.644271 0.325 0.028125 0.12037 0.602023
0 0.644792 0.326852 0.0270833 0.124074 0.605612
0 0.0604167 0.32963 0.0333333 0.118519 0.608614
0 0.0598958 0.32963 0.034375 0.118519 0.611967
0 0.603646 0.330556 0.028125 0.124074 0.61957
0 0.0598958 0.328704 0.034375 0.12037 0.624253
0 0.0588542 0.32963 0.034375 0.122222 0.631615
0 0.383854 0.325926 0.021875 0.107407 0.635043
0 0.383854 0.326852 0.021875 0.109259 0.635859
0 0.059375 0.328704 0.0333333 0.12037 0.638604
0 0.603646 0.330556 0.028125 0.124074 0.64239
0 0.0583333 0.328704 0.0354167 0.12037 0.644571
0 0.408854 0.337037 0.0302083 0.144444 0.646116
0 0.602604 0.331481 0.028125 0.125926 0.649462
0 0.408854 0.337037 0.0302083 0.144444 0.649474
24 0.856771 0.34537 0.0510417 0.146296 0.655066
0 0.0583333 0.328704 0.0354167 0.12037 0.655325
0 0.644792 0.32963 0.0270833 0.122222 0.657362
0 0.384375 0.326852 0.0208333 0.109259 0.658508
0 0.644792 0.326852 0.0270833 0.124074 0.658865
0 0.645312 0.32963 0.028125 0.122222 0.660985
0 0.456771 0.344444 0.028125 0.155556 0.663151
0 0.408854 0.338889 0.0260417 0.151852 0.664716
0 0.059375 0.328704 0.0333333 0.12037 0.664955
0 0.644792 0.326852 0.0270833 0.124074 0.666763
0 0.384375 0.326852 0.0208333 0.101852 0.667531
0 0.644792 0.325926 0.0270833 0.122222 0.668839
0 0.408854 0.339815 0.028125 0.146296 0.673367
0 0.408333 0.337963 0.0270833 0.15 0.674818
24 0.85625 0.344444 0.05 0.144444 0.677487
0 0.818229 0.407407 0.0802083 0.47037 0.678779
0 0.408854 0.337037 0.0302083 0.144444 0.681553
0 0.457292 0.344444 0.0291667 0.155556 0.681992
0 0.408854 0.338889 0.028125 0.151852 0.682598
0 0.644792 0.325926 0.0270833 0.118519 0.684914
0 0.603125 0.331481 0.0270833 0.125926 0.686415
0 0.814062 0.402778 0.0739583 0.468519 0.687581
0 0.384375 0.325926 0.0208333 0.103704 0.689499
0 0.384375 0.325926 0.0208333 0.103704 0.692584
0 0.409375 0.338889 0.0291667 0.148148 0.69347
0 0.408854 0.339815 0.028125 0.146296 0.694328
0 0.456771 0.344444 0.028125 0.151852 0.694895
0 0.602604 0.330556 0.028125 0.124074 0.695447
0 0.408854 0.339815 0.028125 0.146296 0.696588
24 0.85625 0.34537 0.0520833 0.142593 0.699209
0 0.602604 0.330556 0.028125 0.124074 0.701425
0 0.0255208 0.360185 0.0510417 0.187037 0.711265
0 0.0265625 0.360185 0.053125 0.190741 0.711613
0 0.814062 0.403704 0.0739583 0.455556 0.713859
0 0.603125 0.331481 0.0270833 0.125926 0.714591
0 0.0255208 0.359259 0.0510417 0.188889 0.71574
0 0.0265625 0.360185 0.053125 0.190741 0.715821
0 0.457812 0.344444 0.028125 0.155556 0.717291
0 0.0255208 0.359259 0.0510417 0.192593 0.71945
0 0.815104 0.407407 0.0760417 0.459259 0.720181
0 0.457812 0.343519 0.028125 0.157407 0.721995
0 0.814062 0.401852 0.0739583 0.459259 0.723808
0 0.817187 0.407407 0.0760417 0.466667 0.724708
0 0.603125 0.330556 0.0270833 0.124074 0.725299
0 0.815104 0.408333 0.0760417 0.461111 0.725734
0 0.602604 0.330556 0.028125 0.124074 0.725906
0 0.777604 0.39537 0.053125 0.409259 0.732622
0 0.815625 0.407407 0.0770833 0.459259 0.734175
0 0.602604 0.331481 0.028125 0.122222 0.740972
0 0.603125 0.330556 0.0291667 0.127778 0.742508
0 0.777604 0.39537 0.053125 0.409259 0.746193
0 0.602604 0.331481 0.028125 0.122222 0.747878
0 0.457292 0.344444 0.0270833 0.155556 0.749262
0 0.603125 0.330556 0.0291667 0.127778 0.749796
0 0.777604 0.394444 0.053125 0.407407 0.749925
0 0.0255208 0.358333 0.0510417 0.190741 0.770323
0 0.457812 0.344444 0.028125 0.155556 0.772846
0 0.408333 0.337963 0.0291667 0.146296 0.774446
0 0.457812 0.344444 0.028125 0.151852 0.77653
0 0.603125 0.330556 0.0291667 0.127778 0.778767
0 0.776563 0.394444 0.053125 0.388889 0.780606
0 0.408333 0.337963 0.0291667 0.146296 0.781106
0 0.777604 0.393519 0.053125 0.390741 0.793004
0 0.0255208 0.358333 0.0510417 0.190741 0.794128
0 0.0255208 0.358333 0.0510417 0.190741 0.795878
0 0.777083 0.393519 0.0520833 0.387037 0.799898
0 0.457812 0.342593 0.028125 0.159259 0.835258
0 0.457812 0.342593 0.028125 0.155556 0.84075
