0 0.360417 0.47963 0.0395833 0.177778 0.250104
0 0.284375 0.473148 0.0291667 0.164815 0.251555
0 0.766667 0.478704 0.0375 0.168519 0.254989
0 0.605729 0.431481 0.0177083 0.0814815 0.255379
0 0.630729 0.430556 0.0177083 0.0907407 0.258653
0 0.827604 0.446296 0.0197917 0.103704 0.259465
0 0.572396 0.425 0.015625 0.0722222 0.263603
0 0.365104 0.47037 0.0322917 0.17037 0.264438
0 0.364583 0.471296 0.03125 0.172222 0.266658
0 0.245312 0.483333 0.0364583 0.162963 0.273153
0 0.244792 0.484259 0.0354167 0.164815 0.273803
0 0.360417 0.478704 0.0395833 0.175926 0.274059
0 0.827604 0.446296 0.0197917 0.103704 0.274609
0 0.605729 0.431481 0.0177083 0.0814815 0.2804
0 0.356771 0.47037 0.040625 0.185185 0.282296
0 0.284375 0.473148 0.0270833 0.164815 0.286114
0 0.630729 0.42963 0.0177083 0.0925926 0.287698
0 0.572396 0.424074 0.015625 0.0703704 0.288112
0 0.330208 0.471296 0.0291667 0.168519 0.290223
0 0.570312 0.423148 0.0177083 0.0796296 0.294787
0 0.569792 0.424074 0.0166667 0.0777778 0.294925
0 0.630729 0.42963 0.0177083 0.0925926 0.297229
0 0.310417 0.47037 0.0333333 0.17037 0.29908
0 0.344271 0.475 0.053125 0.175926 0.303665
0 0.827604 0.448148 0.021875 0.107407 0.310565
0 0.569792 0.424074 0.0166667 0.0777778 0.314701
0 0.324479 0.473148 0.0260417 0.161111 0.316447
0 0.324479 0.473148 0.0260417 0.164815 0.317241
0 0.766667 0.475 0.0375 0.161111 0.317718
0 0.357292 0.481481 0.0375 0.177778 0.324551
0 0.569271 0.425 0.0177083 0.0759259 0.324751
0 0.827604 0.44537 0.021875 0.101852 0.325606
28 0.6625 0.553704 0.0541667 0.0555556 0.326671
0 0.356771 0.481481 0.0385417 0.177778 0.331085
0 0.826563 0.446296 0.0197917 0.1 0.332206
0 0.282813 0.480556 0.0239583 0.161111 0.335201
0 0.356771 0.480556 0.0385417 0.175926 0.33596
0 0.56875 0.424074 0.01875 0.0777778 0.339855
0 0.284896 0.476852 0.0302083 0.168519 0.340776
0 0.766667 0.475926 0.0375 0.162963 0.343132
0 0.826563 0.447222 0.0197917 0.101852 0.343194
0 0.826563 0.447222 0.0197917 0.101852 0.345414
28 0.663021 0.551852 0.059375 0.0555556 0.351126
28 0.663021 0.551852 0.0572917 0.0555556 0.352115
0 0.284896 0.476852 0.0302083 0.168519 0.355857
0 0.828125 0.449074 0.0208333 0.101852 0.3607
0 0.722917 0.481481 0.0354167 0.207407 0.36106
0 0.328646 0.471296 0.0302083 0.172222 0.363348
0 0.329167 0.472222 0.0291667 0.174074 0.363458
0 0.310417 0.47037 0.03125 0.166667 0.364305
0 0.288021 0.474074 0.034375 0.162963 0.365583
0 0.35 0.476852 0.0395833 0.17963 0.374192
0 0.356771 0.473148 0.040625 0.187037 0.375913
28 0.663021 0.552778 0.0572917 0.0574074 0.377177
0 0.317708 0.473148 0.04375 0.161111 0.379463
28 0.663021 0.552778 0.0572917 0.0537037 0.381975
0 0.316667 0.473148 0.0458333 0.161111 0.385138
28 0.663542 0.555556 0.0625 0.0518519 0.385527
0 0.723958 0.47963 0.0354167 0.207407 0.385769
0 0.2875 0.475 0.0354167 0.164815 0.387015
0 0.346875 0.475926 0.0479167 0.177778 0.387266
0 0.722396 0.474074 0.0364583 0.211111 0.393565
28 0.663021 0.555556 0.0614583 0.0518519 0.394194
0 0.35 0.475926 0.0395833 0.177778 0.396979
28 0.664583 0.552778 0.0604167 0.0574074 0.403604
0 0.723437 0.478704 0.0364583 0.209259 0.405588
0 0.722917 0.480556 0.0354167 0.209259 0.406208
0 0.722396 0.474074 0.0364583 0.211111 0.416882
0 0.347396 0.475 0.0489583 0.17963 0.419069
28 0.664062 0.552778 0.059375 0.0574074 0.422795
0 0.317187 0.473148 0.0427083 0.161111 0.424018
0 0.722396 0.474074 0.0364583 0.211111 0.428183
0 0.722917 0.480556 0.0354167 0.209259 0.429504
0 0.241667 0.483333 0.0333333 0.162963 0.44742
0 0.302604 0.471296 0.028125 0.172222 0.453542
0 0.308854 0.47037 0.0302083 0.166667 0.454943
0 0.242188 0.483333 0.0322917 0.162963 0.455474
0 0.348958 0.474074 0.03125 0.17037 0.455728
0 0.302604 0.472222 0.028125 0.174074 0.461876
0 0.285937 0.476852 0.0322917 0.157407 0.465533
0 0.349479 0.474074 0.0302083 0.174074 0.472463
2 0.0791667 0.514815 0.15625 0.377778 0.493608
0 0.285937 0.475926 0.0302083 0.159259 0.50398
2 0.0786458 0.509259 0.157292 0.388889 0.505001
0 0.244271 0.47963 0.034375 0.159259 0.507795
2 0.0791667 0.510185 0.15625 0.387037 0.518218
0 0.244271 0.480556 0.034375 0.161111 0.519619
0 0.355208 0.475926 0.0395833 0.181481 0.534111
0 0.285937 0.476852 0.0322917 0.157407 0.536044
0 0.244271 0.47963 0.0364583 0.159259 0.537806
2 0.0791667 0.514815 0.15625 0.377778 0.538715
2 0.0791667 0.509259 0.15625 0.388889 0.543074
2 0.0786458 0.510185 0.157292 0.387037 0.545441
2 0.0791667 0.514815 0.15625 0.377778 0.547405
2 0.0791667 0.509259 0.15625 0.385185 0.547832
2 0.0786458 0.511111 0.157292 0.388889 0.554543
0 0.768229 0.474074 0.0364583 0.155556 0.558966
0 0.303646 0.474074 0.0260417 0.162963 0.566878
0 0.303646 0.474074 0.0260417 0.166667 0.56898
0 0.767708 0.473148 0.0375 0.157407 0.576557
0 0.355208 0.475926 0.0375 0.177778 0.57809
2 0.0786458 0.512963 0.157292 0.385185 0.58233
0 0.355208 0.475926 0.0395833 0.181481 0.582392
0 0.355729 0.477778 0.0364583 0.181481 0.590429
0 0.722396 0.475 0.0364583 0.205556 0.593103
0 0.721875 0.475 0.0354167 0.209259 0.594611
0 0.767708 0.473148 0.0375 0.157407 0.597294
2 0.0796875 0.517593 0.159375 0.383333 0.601169
0 0.355208 0.476852 0.0375 0.17963 0.604423
2 0.0796875 0.517593 0.159375 0.383333 0.608375
0 0.355729 0.477778 0.0364583 0.181481 0.608411
2 0.0796875 0.517593 0.159375 0.383333 0.610847
0 0.325521 0.47037 0.0260417 0.162963 0.621653
2 0.0786458 0.512037 0.157292 0.383333 0.626512
0 0.325521 0.47037 0.0260417 0.162963 0.62905
0 0.355208 0.475926 0.0395833 0.181481 0.635428
2 0.0786458 0.512963 0.155208 0.385185 0.64054
0 0.324479 0.471296 0.0260417 0.164815 0.645892
0 0.324479 0.472222 0.0260417 0.162963 0.64958
0 0.243229 0.482407 0.0364583 0.161111 0.697101
0 0.24375 0.482407 0.0354167 0.161111 0.702163
0 0.284375 0.480556 0.0270833 0.161111 0.703372
0 0.283854 0.480556 0.0260417 0.161111 0.705066
0 0.243229 0.482407 0.0364583 0.161111 0.70606
0 0.283854 0.476852 0.0260417 0.164815 0.713413
0 0.283854 0.476852 0.0260417 0.164815 0.71468
2 0.0786458 0.514815 0.157292 0.377778 0.725382
2 0.0786458 0.514815 0.157292 0.377778 0.727685
2 0.0786458 0.514815 0.157292 0.377778 0.729647
0 0.722396 0.476852 0.0364583 0.212963 0.762722
0 0.722396 0.477778 0.0364583 0.214815 0.763423
0 0.722396 0.478704 0.0364583 0.216667 0.766654
0 0.767708 0.474074 0.0354167 0.159259 0.769695
0 0.767708 0.475 0.0375 0.157407 0.774257
0 0.722917 0.475926 0.0354167 0.203704 0.781267
0 0.767708 0.474074 0.0354167 0.159259 0.781533
0 0.722396 0.476852 0.0364583 0.212963 0.783394
0 0.767708 0.473148 0.0354167 0.157407 0.783784
0 0.722917 0.476852 0.0354167 0.205556 0.788536
0 0.767708 0.475 0.0375 0.157407 0.796815
0 0.722917 0.477778 0.0354167 0.211111 0.798347
0 0.768229 0.475926 0.0364583 0.151852 0.798797
0 0.721875 0.475926 0.0354167 0.203704 0.802675
0 0.767708 0.475926 0.0354167 0.155556 0.803133
0 0.24375 0.480556 0.0354167 0.161111 0.808315
0 0.767187 0.475 0.0364583 0.157407 0.810673
0 0.722917 0.476852 0.0354167 0.212963 0.810739
0 0.767187 0.475926 0.0364583 0.159259 0.81217
0 0.767187 0.475926 0.0364583 0.162963 0.813105
0 0.243229 0.483333 0.0364583 0.162963 0.814698
0 0.242708 0.482407 0.0354167 0.164815 0.816945
0 0.243229 0.481481 0.0364583 0.162963 0.819532
0 0.722396 0.476852 0.0364583 0.212963 0.820187
0 0.243229 0.47963 0.0364583 0.162963 0.828899
0 0.242708 0.484259 0.0354167 0.164815 0.858045
0 0.242708 0.483333 0.0354167 0.166667 0.858986
