0 0.432292 0.431481 0.0145833 0.0740741 0.256884
0 0.298438 0.47963 0.0302083 0.162963 0.260723
0 0.33125 0.483333 0.0354167 0.177778 0.262455
0 0.432292 0.433333 0.0145833 0.0703704 0.263075
28 0.658854 0.558333 0.053125 0.0537037 0.263222
0 0.603646 0.448148 0.0177083 0.0925926 0.263473
28 0.659375 0.559259 0.0541667 0.0555556 0.263481
0 0.488542 0.438889 0.0229167 0.122222 0.26514
0 0.432292 0.432407 0.0145833 0.0722222 0.269779
0 0.567708 0.428704 0.0166667 0.0722222 0.275831
28 0.659375 0.558333 0.0541667 0.0537037 0.276263
0 0.297917 0.47963 0.03125 0.162963 0.277805
2 0.0776042 0.519444 0.155208 0.383333 0.278506
0 0.432292 0.433333 0.0145833 0.0703704 0.281199
0 0.570833 0.428704 0.0145833 0.0722222 0.281879
0 0.301042 0.477778 0.0270833 0.162963 0.282485
0 0.321354 0.480556 0.0302083 0.168519 0.283101
2 0.0739583 0.519444 0.147917 0.387037 0.286585
0 0.330729 0.483333 0.034375 0.174074 0.28707
0 0.340625 0.482407 0.0583333 0.168519 0.288301
2 0.0739583 0.519444 0.147917 0.387037 0.288724
0 0.724479 0.485185 0.0385417 0.218519 0.289105
0 0.724479 0.47963 0.0385417 0.218519 0.290133
0 0.724479 0.47963 0.0385417 0.214815 0.291876
0 0.300521 0.477778 0.028125 0.166667 0.292934
0 0.489062 0.438889 0.021875 0.12963 0.299233
0 0.570833 0.428704 0.0145833 0.0685185 0.305836
0 0.724479 0.486111 0.0385417 0.22037 0.306821
0 0.33125 0.484259 0.0354167 0.175926 0.308209
0 0.601042 0.442593 0.0229167 0.0925926 0.308287
0 0.407292 0.42963 0.0125 0.0666667 0.309319
2 0.0770833 0.519444 0.154167 0.387037 0.310476
0 0.406771 0.42963 0.0114583 0.0666667 0.311211
0 0.724479 0.485185 0.0385417 0.222222 0.313538
0 0.489062 0.438889 0.021875 0.125926 0.313731
0 0.40625 0.428704 0.0125 0.0648148 0.313883
2 0.0770833 0.519444 0.154167 0.387037 0.318459
0 0.407292 0.42963 0.0125 0.062963 0.322744
0 0.348958 0.477778 0.0291667 0.17037 0.324849
0 0.617188 0.443519 0.0385417 0.0944444 0.331168
0 0.491146 0.431481 0.0239583 0.111111 0.334101
2 0.0755208 0.502778 0.151042 0.375926 0.336396
0 0.348958 0.478704 0.0291667 0.172222 0.336621
0 0.490104 0.440741 0.0239583 0.125926 0.340577
0 0.236458 0.480556 0.0354167 0.161111 0.34573
2 0.0755208 0.502778 0.151042 0.375926 0.351235
0 0.570312 0.430556 0.015625 0.0796296 0.352886
2 0.0760417 0.502778 0.152083 0.37963 0.355795
0 0.491146 0.431481 0.0239583 0.114815 0.359478
0 0.342187 0.482407 0.0552083 0.168519 0.362491
0 0.236458 0.481481 0.0354167 0.162963 0.362885
0 0.491146 0.431481 0.0239583 0.114815 0.369106
0 0.264583 0.482407 0.0645833 0.157407 0.370337
0 0.570312 0.430556 0.015625 0.0759259 0.377436
0 0.604167 0.44537 0.0208333 0.0944444 0.38809
0 0.569792 0.431481 0.0145833 0.0740741 0.391061
0 0.490625 0.436111 0.0229167 0.12037 0.391151
0 0.342187 0.482407 0.0552083 0.172222 0.39125
0 0.569792 0.430556 0.0145833 0.0796296 0.39269
0 0.359896 0.483333 0.034375 0.17037 0.394963
0 0.263021 0.483333 0.0635417 0.155556 0.395792
0 0.569792 0.431481 0.0145833 0.0740741 0.397047
0 0.725 0.47963 0.0375 0.214815 0.410639
0 0.490625 0.437037 0.0229167 0.122222 0.410744
0 0.725 0.478704 0.0375 0.212963 0.411439
0 0.324479 0.476852 0.028125 0.164815 0.411927
0 0.324479 0.476852 0.028125 0.164815 0.412754
0 0.359896 0.483333 0.034375 0.17037 0.41598
0 0.263021 0.484259 0.0635417 0.157407 0.419273
0 0.490625 0.434259 0.025 0.116667 0.420112
0 0.491667 0.433333 0.0229167 0.118519 0.422344
0 0.490625 0.437037 0.0229167 0.122222 0.425721
0 0.570312 0.430556 0.015625 0.0796296 0.426549
0 0.570312 0.431481 0.015625 0.0740741 0.430961
2 0.0765625 0.503704 0.151042 0.37037 0.443717
0 0.278646 0.483333 0.0239583 0.159259 0.446254
0 0.279167 0.483333 0.025 0.159259 0.448791
0 0.627604 0.440741 0.0197917 0.0962963 0.45237
0 0.727604 0.485185 0.0385417 0.214815 0.456582
0 0.298958 0.477778 0.0291667 0.17037 0.467531
0 0.763542 0.478704 0.0354167 0.164815 0.469108
0 0.320833 0.478704 0.0354167 0.164815 0.478479
0 0.298958 0.477778 0.0291667 0.17037 0.481398
0 0.727083 0.485185 0.0375 0.214815 0.482931
0 0.602083 0.443519 0.01875 0.0907407 0.483169
0 0.354167 0.47963 0.0354167 0.174074 0.484385
0 0.603646 0.444444 0.0197917 0.0888889 0.485774
2 0.0760417 0.503704 0.152083 0.374074 0.491987
0 0.627604 0.440741 0.0197917 0.0962963 0.492147
0 0.763542 0.478704 0.0354167 0.164815 0.494245
2 0.0765625 0.503704 0.151042 0.37037 0.494871
0 0.763542 0.478704 0.0354167 0.164815 0.494979
0 0.627604 0.441667 0.0197917 0.0981481 0.495069
0 0.354167 0.481481 0.0354167 0.174074 0.497015
0 0.727083 0.485185 0.0375 0.211111 0.502412
2 0.0760417 0.515741 0.152083 0.394444 0.502735
0 0.296354 0.481481 0.0302083 0.166667 0.507451
0 0.603646 0.44537 0.0197917 0.0907407 0.509684
0 0.602083 0.444444 0.01875 0.0925926 0.511934
0 0.603646 0.44537 0.0197917 0.0907407 0.512309
0 0.322396 0.477778 0.034375 0.166667 0.512379
0 0.326042 0.481481 0.03125 0.177778 0.525819
0 0.296354 0.480556 0.0302083 0.168519 0.526474
0 0.280729 0.482407 0.0302083 0.157407 0.527866
0 0.282813 0.480556 0.0322917 0.157407 0.531524
0 0.325521 0.481481 0.0302083 0.177778 0.53961
0 0.761458 0.478704 0.0375 0.168519 0.543755
0 0.602083 0.444444 0.01875 0.0925926 0.544355
0 0.281771 0.480556 0.0322917 0.157407 0.552817
0 0.761458 0.478704 0.0375 0.172222 0.555062
0 0.322396 0.477778 0.034375 0.166667 0.555738
0 0.280729 0.481481 0.028125 0.155556 0.558516
2 0.0760417 0.515741 0.152083 0.394444 0.566339
2 0.0760417 0.517593 0.152083 0.390741 0.569261
0 0.626042 0.442593 0.0229167 0.0962963 0.570306
0 0.626562 0.442593 0.021875 0.0962963 0.571668
0 0.323438 0.476852 0.028125 0.164815 0.575314
0 0.238021 0.482407 0.034375 0.164815 0.57782
0 0.626042 0.443519 0.0229167 0.0981481 0.578534
2 0.0760417 0.515741 0.152083 0.394444 0.581538
0 0.323438 0.477778 0.028125 0.166667 0.581709
0 0.238542 0.483333 0.0333333 0.166667 0.581892
0 0.763021 0.478704 0.0364583 0.164815 0.595554
0 0.354167 0.480556 0.0395833 0.175926 0.596112
0 0.763021 0.47963 0.0364583 0.166667 0.596571
0 0.323958 0.47963 0.0291667 0.166667 0.603319
0 0.351042 0.484259 0.0333333 0.175926 0.605965
0 0.279167 0.483333 0.0291667 0.162963 0.606846
0 0.355208 0.482407 0.0395833 0.172222 0.608591
0 0.355208 0.482407 0.0395833 0.172222 0.612029
0 0.355208 0.482407 0.0395833 0.172222 0.615908
0 0.726042 0.480556 0.0375 0.212963 0.618153
0 0.281771 0.480556 0.0322917 0.157407 0.619509
0 0.279687 0.483333 0.028125 0.162963 0.619524
2 0.0755208 0.518519 0.151042 0.392593 0.622791
0 0.350521 0.484259 0.0322917 0.175926 0.622944
0 0.280729 0.481481 0.028125 0.155556 0.624999
0 0.323958 0.47963 0.0291667 0.17037 0.625213
2 0.0755208 0.518519 0.151042 0.392593 0.625852
0 0.353646 0.480556 0.0385417 0.175926 0.630565
2 0.0755208 0.518519 0.151042 0.392593 0.634051
0 0.726042 0.480556 0.0375 0.216667 0.643915
0 0.627604 0.441667 0.0197917 0.0981481 0.652835
2 0.0760417 0.518519 0.152083 0.388889 0.662742
0 0.725521 0.480556 0.0385417 0.216667 0.664247
2 0.0755208 0.515741 0.151042 0.383333 0.664951
2 0.0755208 0.515741 0.151042 0.383333 0.66782
0 0.761979 0.481481 0.0364583 0.159259 0.675434
0 0.353646 0.480556 0.0385417 0.175926 0.675876
2 0.0755208 0.515741 0.151042 0.387037 0.678118
2 0.0755208 0.518519 0.151042 0.388889 0.682667
0 0.627083 0.443519 0.0208333 0.0981481 0.683259
0 0.627604 0.439815 0.0197917 0.0981481 0.685592
0 0.7625 0.481481 0.0354167 0.159259 0.686748
0 0.761979 0.481481 0.0364583 0.159259 0.689642
0 0.354688 0.483333 0.0385417 0.174074 0.697641
0 0.627604 0.440741 0.0197917 0.1 0.704657
0 0.627604 0.440741 0.0197917 0.1 0.708847
0 0.354688 0.482407 0.0385417 0.175926 0.711544
0 0.280208 0.482407 0.0270833 0.161111 0.738997
0 0.280208 0.482407 0.0270833 0.161111 0.744231
0 0.726042 0.485185 0.0416667 0.222222 0.75434
0 0.725 0.486111 0.0395833 0.216667 0.756113
0 0.725 0.485185 0.0395833 0.214815 0.769396
0 0.725 0.483333 0.0395833 0.222222 0.771664
0 0.726042 0.485185 0.0416667 0.222222 0.775585
0 0.761979 0.482407 0.0364583 0.172222 0.795051
0 0.761979 0.481481 0.0364583 0.162963 0.795514
0 0.725521 0.483333 0.0385417 0.222222 0.79792
0 0.761979 0.481481 0.0364583 0.166667 0.800952
0 0.761979 0.481481 0.0364583 0.174074 0.802536
0 0.725 0.483333 0.0395833 0.222222 0.805851
0 0.238542 0.483333 0.0354167 0.159259 0.806348
0 0.763021 0.47963 0.0364583 0.166667 0.80658
0 0.238542 0.482407 0.0354167 0.161111 0.807375
0 0.238542 0.483333 0.0354167 0.159259 0.808673
0 0.238542 0.484259 0.0354167 0.157407 0.80928
0 0.7625 0.47963 0.0375 0.166667 0.824137
0 0.238542 0.482407 0.0354167 0.161111 0.82802
0 0.2375 0.485185 0.0354167 0.162963 0.83478
0 0.763021 0.47963 0.0364583 0.166667 0.835654
0 0.2375 0.484259 0.0354167 0.164815 0.844005
0 0.238542 0.482407 0.0354167 0.161111 0.847443
0 0.238021 0.484259 0.0364583 0.164815 0.887222
0 0.238021 0.484259 0.0364583 0.168519 0.88738
