13 0.410937 0.602778 0.205208 0.116667 0.254627
0 0.00989583 0.492593 0.0197917 0.17037 0.257501
0 0.319271 0.425 0.0135417 0.0611111 0.264759
0 0.00989583 0.491667 0.0197917 0.172222 0.267659
0 0.255208 0.447222 0.025 0.124074 0.268497
0 0.255729 0.431481 0.0260417 0.0962963 0.269362
13 0.3875 0.592593 0.158333 0.103704 0.272879
13 0.463542 0.630556 0.114583 0.0907407 0.272889
0 0.441667 0.45 0.0270833 0.125926 0.274193
0 0.255729 0.432407 0.0260417 0.0944444 0.278484
0 0.475521 0.471296 0.034375 0.135185 0.280078
0 0.319271 0.425 0.0135417 0.0611111 0.281391
0 0.401042 0.436111 0.01875 0.101852 0.284432
13 0.463021 0.630556 0.113542 0.0907407 0.285419
13 0.461458 0.628704 0.11875 0.0907407 0.293058
0 0.370833 0.437963 0.01875 0.0981481 0.295741
0 0.254687 0.438889 0.0260417 0.114815 0.296182
13 0.385417 0.589815 0.152083 0.0981481 0.298429
0 0.474479 0.473148 0.034375 0.15 0.298883
0 0.474479 0.472222 0.034375 0.151852 0.303626
0 0.401042 0.439815 0.0208333 0.109259 0.310366
0 0.441667 0.45 0.0270833 0.125926 0.312445
13 0.392708 0.587037 0.170833 0.0962963 0.313069
0 0.267188 0.437963 0.040625 0.105556 0.315868
0 0.371354 0.437963 0.0197917 0.101852 0.322123
0 0.397917 0.442593 0.0208333 0.107407 0.322391
0 0.4 0.437037 0.01875 0.103704 0.323708
0 0.4 0.437037 0.01875 0.103704 0.324968
13 0.383854 0.583333 0.148958 0.0888889 0.330808
13 0.383333 0.583333 0.147917 0.0888889 0.331832
13 0.3875 0.589815 0.15625 0.0981481 0.333168
0 0.278646 0.428704 0.0177083 0.087037 0.333232
0 0.400521 0.437037 0.0177083 0.103704 0.333954
0 0.371354 0.437963 0.0197917 0.101852 0.334018
0 0.64375 0.427778 0.01875 0.0555556 0.334836
0 0.979167 0.699074 0.0416667 0.261111 0.336138
0 0.643229 0.427778 0.0197917 0.0555556 0.342542
0 0.979167 0.699074 0.0416667 0.261111 0.344595
0 0.4375 0.437037 0.025 0.107407 0.34715
13 0.463021 0.631481 0.113542 0.0888889 0.354124
0 0.978125 0.662037 0.04375 0.335185 0.355992
0 0.390104 0.442593 0.0385417 0.107407 0.356136
0 0.64375 0.427778 0.01875 0.0555556 0.356358
0 0.979167 0.7 0.0416667 0.259259 0.359531
0 0.440104 0.449074 0.028125 0.124074 0.359583
0 0.255208 0.443519 0.025 0.112963 0.361223
0 0.978646 0.661111 0.0427083 0.333333 0.363262
13 0.463021 0.631481 0.113542 0.0888889 0.363413
0 0.0583333 0.464815 0.03125 0.12963 0.364395
13 0.381771 0.582407 0.151042 0.087037 0.367892
0 0.4 0.437963 0.01875 0.105556 0.370869
13 0.463542 0.630556 0.114583 0.0907407 0.37296
13 0.463542 0.630556 0.114583 0.0907407 0.373327
13 0.4625 0.630556 0.114583 0.0907407 0.373505
0 0.399479 0.437963 0.0177083 0.105556 0.37555
0 0.0421875 0.477778 0.053125 0.155556 0.379367
0 0.978125 0.662963 0.04375 0.333333 0.379899
13 0.427604 0.618519 0.186458 0.103704 0.386318
0 0.0302083 0.482407 0.0333333 0.172222 0.38711
0 0.4375 0.437963 0.025 0.112963 0.388077
0 0.254687 0.444444 0.0260417 0.111111 0.388761
0 0.255208 0.444444 0.025 0.111111 0.391837
0 0.64375 0.425 0.01875 0.05 0.404158
13 0.390625 0.591667 0.16875 0.101852 0.405264
0 0.0307292 0.482407 0.0322917 0.168519 0.405853
0 0.64375 0.425 0.01875 0.05 0.407617
0 0.03125 0.482407 0.0333333 0.172222 0.418292
0 0.64375 0.425 0.01875 0.05 0.419444
0 0.0234375 0.483333 0.0447917 0.174074 0.420072
0 0.371354 0.441667 0.0197917 0.101852 0.432184
0 0.0416667 0.477778 0.0520833 0.159259 0.432622
0 0.4375 0.434259 0.0229167 0.109259 0.441259
0 0.370833 0.443519 0.01875 0.109259 0.452616
0 0.0411458 0.476852 0.053125 0.157407 0.456776
0 0.370833 0.442593 0.01875 0.111111 0.457512
0 0.4375 0.435185 0.0229167 0.111111 0.461545
0 0.644271 0.426852 0.0197917 0.0574074 0.462066
0 0.370833 0.443519 0.01875 0.109259 0.466846
0 0.371354 0.441667 0.0197917 0.101852 0.471352
0 0.370833 0.441667 0.0208333 0.101852 0.474334
0 0.4375 0.435185 0.0229167 0.111111 0.4745
0 0.476042 0.474074 0.0354167 0.151852 0.480252
0 0.0546875 0.467593 0.0322917 0.135185 0.483016
0 0.0583333 0.465741 0.03125 0.135185 0.483172
0 0.0578125 0.465741 0.0302083 0.135185 0.485671
0 0.0265625 0.483333 0.046875 0.174074 0.486276
0 0.476042 0.474074 0.0354167 0.151852 0.486577
0 0.4375 0.436111 0.025 0.109259 0.486607
0 0.278125 0.434259 0.01875 0.0833333 0.493917
0 0.806771 0.603704 0.0864583 0.577778 0.495935
0 0.278125 0.433333 0.01875 0.0851852 0.496161
0 0.278125 0.434259 0.01875 0.0833333 0.512398
0 0.0265625 0.482407 0.046875 0.175926 0.517737
0 0.64375 0.427778 0.01875 0.0592593 0.519391
0 0.278646 0.433333 0.0177083 0.0814815 0.52113
0 0.370833 0.441667 0.0208333 0.109259 0.521982
0 0.278125 0.433333 0.01875 0.0851852 0.522239
0 0.476562 0.47037 0.0364583 0.148148 0.527608
0 0.476562 0.47037 0.0364583 0.148148 0.528923
0 0.278125 0.434259 0.01875 0.0833333 0.537513
0 0.278125 0.432407 0.01875 0.0833333 0.544102
0 0.807292 0.60463 0.0875 0.575926 0.548132
0 0.371354 0.443519 0.0197917 0.105556 0.55036
0 0.476562 0.47037 0.0364583 0.148148 0.550834
0 0.4 0.440741 0.0208333 0.111111 0.57783
0 0.0541667 0.471296 0.0270833 0.161111 0.583481
0 0.398958 0.439815 0.01875 0.109259 0.595231
0 0.0541667 0.471296 0.0270833 0.157407 0.598553
0 0.438542 0.437037 0.0229167 0.114815 0.622386
0 0.398958 0.439815 0.01875 0.109259 0.622729
0 0.398958 0.439815 0.01875 0.109259 0.629744
0 0.0104167 0.485185 0.0208333 0.17037 0.63233
0 0.399479 0.440741 0.0197917 0.111111 0.632805
0 0.438542 0.437963 0.0229167 0.112963 0.638132
0 0.438542 0.437963 0.0229167 0.112963 0.639215
0 0.0104167 0.485185 0.0208333 0.174074 0.643045
0 0.398958 0.440741 0.0208333 0.107407 0.653886
0 0.03125 0.477778 0.0354167 0.181481 0.664621
0 0.0104167 0.488889 0.0208333 0.177778 0.66722
0 0.399479 0.440741 0.021875 0.107407 0.668497
0 0.0552083 0.467593 0.03125 0.131481 0.671314
0 0.0552083 0.467593 0.03125 0.131481 0.675207
0 0.03125 0.477778 0.0354167 0.181481 0.676562
0 0.03125 0.47963 0.0333333 0.177778 0.681881
0 0.03125 0.480556 0.0333333 0.17963 0.687008
0 0.0552083 0.467593 0.03125 0.131481 0.706645
0 0.4375 0.437037 0.0229167 0.107407 0.712498
0 0.0109375 0.490741 0.021875 0.17037 0.713405
0 0.0109375 0.490741 0.021875 0.17037 0.713917
0 0.0557292 0.469444 0.0322917 0.138889 0.723938
0 0.05625 0.468519 0.03125 0.140741 0.731899
0 0.438542 0.437963 0.0229167 0.105556 0.733079
0 0.05625 0.468519 0.03125 0.140741 0.733617
0 0.438542 0.437963 0.0229167 0.109259 0.745836
0 0.438542 0.438889 0.0229167 0.107407 0.746143
0 0.807813 0.612037 0.0864583 0.57963 0.753371
0 0.438021 0.437963 0.021875 0.105556 0.764315
0 0.438021 0.437037 0.021875 0.111111 0.765423
0 0.807813 0.614815 0.0864583 0.592593 0.772357
0 0.438021 0.437037 0.021875 0.107407 0.774857
0 0.0552083 0.467593 0.0333333 0.142593 0.781106
0 0.438021 0.437963 0.021875 0.105556 0.787574
0 0.0552083 0.466667 0.0333333 0.140741 0.789931
0 0.476042 0.471296 0.0354167 0.15 0.790465
0 0.807292 0.610185 0.0854167 0.57963 0.792169
0 0.475521 0.47037 0.034375 0.151852 0.798457
0 0.475521 0.47037 0.034375 0.148148 0.810954
0 0.476042 0.47037 0.0354167 0.148148 0.817314
0 0.476042 0.471296 0.0354167 0.15 0.823347
0 0.807292 0.611111 0.0875 0.588889 0.826156
0 0.475521 0.47037 0.034375 0.148148 0.833036
0 0.476042 0.471296 0.0354167 0.15 0.84005
0 0.475521 0.47037 0.034375 0.148148 0.846597
0 0.475521 0.471296 0.034375 0.15 0.849221
0 0.807292 0.611111 0.0875 0.588889 0.853446
0 0.807292 0.611111 0.0854167 0.585185 0.858108
0 0.807813 0.612963 0.0864583 0.585185 0.863026
0 0.475521 0.471296 0.034375 0.15 0.863669
0 0.808333 0.612963 0.0854167 0.585185 0.870799
0 0.807292 0.612037 0.09375 0.57963 0.891215
0 0.806771 0.611111 0.0927083 0.581481 0.895938
