0 0.497917 0.343519 0.0229167 0.087037 0.250286
0 0.480729 0.341667 0.0197917 0.087037 0.252126
0 0.601042 0.338889 0.0270833 0.12963 0.253023
0 0.528125 0.313889 0.0145833 0.0685185 0.253619
0 0.6125 0.327778 0.0208333 0.122222 0.259817
0 0.497917 0.343519 0.0229167 0.087037 0.260553
0 0.601042 0.338889 0.0270833 0.12963 0.261264
0 0.528125 0.312963 0.0145833 0.0666667 0.273325
0 0.480729 0.342593 0.0197917 0.0888889 0.280174
0 0.382292 0.316667 0.0125 0.0555556 0.280959
0 0.494792 0.342593 0.03125 0.0888889 0.281654
0 0.382812 0.316667 0.0135417 0.0555556 0.283635
13 0.251042 0.781482 0.314583 0.403704 0.284685
0 0.382812 0.316667 0.0135417 0.0703704 0.285315
24 0.765104 0.340741 0.0385417 0.107407 0.291726
13 0.251563 0.780556 0.315625 0.405556 0.292096
0 0.416667 0.340741 0.03125 0.140741 0.293576
0 0.497396 0.340741 0.0239583 0.0888889 0.293937
13 0.251563 0.781482 0.313542 0.403704 0.294555
0 0.480729 0.342593 0.0197917 0.0888889 0.295122
0 0.460417 0.342593 0.0270833 0.140741 0.29619
0 0.459896 0.340741 0.0260417 0.140741 0.296527
0 0.485417 0.337963 0.0229167 0.0981481 0.301938
0 0.605729 0.336111 0.0322917 0.135185 0.303855
24 0.765104 0.339815 0.0385417 0.12037 0.305266
24 0.765104 0.339815 0.0385417 0.12037 0.307871
0 0.497917 0.339815 0.025 0.0907407 0.313891
0 0.497396 0.339815 0.0239583 0.0907407 0.317052
0 0.460417 0.346296 0.025 0.12963 0.318612
24 0.764583 0.338889 0.0395833 0.118519 0.321377
0 0.523438 0.319444 0.0239583 0.0796296 0.330536
13 0.246875 0.77963 0.322917 0.407407 0.333747
13 0.247917 0.780556 0.322917 0.409259 0.339095
0 0.480729 0.341667 0.0197917 0.0907407 0.341182
13 0.247396 0.780556 0.321875 0.409259 0.341833
0 0.382812 0.316667 0.0135417 0.0703704 0.341928
0 0.611979 0.332407 0.021875 0.127778 0.355499
0 0.605208 0.337037 0.03125 0.133333 0.355722
0 0.501562 0.338889 0.021875 0.0962963 0.356812
0 0.613021 0.332407 0.021875 0.124074 0.358009
24 0.764583 0.337963 0.0395833 0.116667 0.360421
0 0.602083 0.337037 0.03125 0.12963 0.363959
0 0.602604 0.337963 0.0302083 0.131481 0.368304
0 0.501042 0.339815 0.0229167 0.0981481 0.371641
0 0.480729 0.341667 0.0197917 0.0944444 0.37403
0 0.480729 0.341667 0.0197917 0.0944444 0.375631
0 0.604688 0.335185 0.0322917 0.125926 0.376925
0 0.460417 0.339815 0.0229167 0.127778 0.380894
0 0.7125 0.382407 0.0395833 0.316667 0.381832
0 0.501562 0.339815 0.021875 0.0981481 0.381886
0 0.416667 0.340741 0.03125 0.144444 0.381953
0 0.459375 0.347222 0.0229167 0.142593 0.382223
0 0.415625 0.339815 0.0270833 0.138889 0.382286
0 0.416667 0.340741 0.03125 0.140741 0.384639
24 0.764063 0.337963 0.040625 0.116667 0.386867
0 0.598437 0.334259 0.021875 0.12037 0.387723
0 0.528125 0.312963 0.0166667 0.0703704 0.388288
0 0.739062 0.392593 0.0822917 0.348148 0.390419
0 0.739062 0.392593 0.0822917 0.348148 0.39056
0 0.739062 0.392593 0.0822917 0.348148 0.393467
0 0.460417 0.342593 0.025 0.140741 0.393493
0 0.744271 0.391667 0.078125 0.353704 0.393634
0 0.527604 0.312963 0.015625 0.0703704 0.397829
0 0.460417 0.347222 0.025 0.135185 0.400129
0 0.528125 0.311111 0.0166667 0.062963 0.401164
0 0.460417 0.347222 0.025 0.135185 0.404775
0 0.527604 0.311111 0.015625 0.0666667 0.408078
0 0.74375 0.390741 0.075 0.351852 0.41385
0 0.108854 0.339815 0.0510417 0.168519 0.416103
0 0.529167 0.310185 0.0166667 0.0611111 0.417604
0 0.606771 0.337037 0.0302083 0.133333 0.427871
0 0.108854 0.338889 0.0510417 0.166667 0.427911
0 0.74375 0.390741 0.075 0.351852 0.429369
0 0.460417 0.340741 0.0229167 0.133333 0.437554
0 0.602083 0.337037 0.03125 0.12963 0.438259
0 0.460417 0.339815 0.0229167 0.131481 0.438457
0 0.598437 0.335185 0.021875 0.122222 0.442824
0 0.500521 0.341667 0.0239583 0.0907407 0.443045
0 0.527604 0.312963 0.015625 0.0703704 0.444038
0 0.598437 0.335185 0.021875 0.122222 0.446555
0 0.602083 0.336111 0.0291667 0.131481 0.447624
0 0.710417 0.383333 0.0395833 0.322222 0.450307
0 0.715625 0.384259 0.04375 0.32037 0.453156
0 0.527604 0.311111 0.015625 0.0666667 0.454634
0 0.459896 0.344444 0.0239583 0.137037 0.456462
0 0.710417 0.383333 0.0395833 0.318519 0.471787
0 0.602083 0.337037 0.0291667 0.12963 0.473864
0 0.527604 0.311111 0.015625 0.0666667 0.47748
0 0.710417 0.383333 0.0395833 0.318519 0.482654
0 0.604688 0.334259 0.034375 0.127778 0.487766
24 0.763542 0.336111 0.0416667 0.12037 0.488278
0 0.604688 0.334259 0.034375 0.127778 0.489179
0 0.415625 0.338889 0.0270833 0.12963 0.492035
24 0.763542 0.335185 0.0416667 0.118519 0.51038
0 0.459896 0.343519 0.0239583 0.135185 0.517234
0 0.110937 0.337963 0.053125 0.164815 0.52262
0 0.459375 0.340741 0.0229167 0.140741 0.524282
0 0.364583 0.326852 0.01875 0.109259 0.528695
0 0.108854 0.337037 0.053125 0.166667 0.529317
0 0.110937 0.337963 0.053125 0.164815 0.530461
0 0.365625 0.326852 0.0229167 0.101852 0.532802
24 0.764063 0.338889 0.040625 0.103704 0.540516
24 0.763542 0.336111 0.0416667 0.116667 0.542613
0 0.109375 0.337037 0.0541667 0.166667 0.544734
24 0.764063 0.333333 0.040625 0.122222 0.546215
24 0.764063 0.337963 0.040625 0.109259 0.549129
24 0.763021 0.335185 0.0385417 0.118519 0.549672
24 0.763542 0.336111 0.0375 0.112963 0.553108
24 0.763542 0.335185 0.0395833 0.118519 0.55351
0 0.600521 0.337037 0.0260417 0.12963 0.555491
24 0.764063 0.337963 0.040625 0.109259 0.556245
0 0.110417 0.337037 0.0520833 0.162963 0.558017
24 0.764063 0.333333 0.040625 0.114815 0.56049
0 0.415104 0.340741 0.0302083 0.140741 0.569608
0 0.110417 0.336111 0.0541667 0.161111 0.572259
0 0.109375 0.337037 0.0541667 0.166667 0.572583
0 0.365104 0.326852 0.021875 0.105556 0.582502
0 0.365625 0.326852 0.0229167 0.105556 0.584356
24 0.763542 0.333333 0.0416667 0.114815 0.585555
0 0.415104 0.341667 0.028125 0.135185 0.586542
0 0.713542 0.385185 0.0458333 0.333333 0.592102
0 0.742188 0.387963 0.078125 0.353704 0.593963
0 0.109896 0.337037 0.053125 0.162963 0.59481
0 0.110417 0.335185 0.0541667 0.162963 0.600165
0 0.415104 0.340741 0.028125 0.140741 0.601952
0 0.110417 0.337037 0.0541667 0.162963 0.603628
0 0.415625 0.340741 0.0291667 0.140741 0.609487
0 0.110417 0.336111 0.0541667 0.168519 0.616093
0 0.713542 0.385185 0.0458333 0.32963 0.618449
0 0.739583 0.387963 0.0854167 0.35 0.621912
0 0.713542 0.384259 0.0458333 0.327778 0.633124
0 0.739062 0.387963 0.0822917 0.346296 0.634253
0 0.741146 0.387963 0.0802083 0.353704 0.642235
0 0.108854 0.337963 0.0510417 0.164815 0.651448
0 0.740104 0.387963 0.084375 0.346296 0.652028
0 0.110417 0.337037 0.0541667 0.162963 0.656205
0 0.108854 0.337037 0.0510417 0.166667 0.6629
0 0.459896 0.343519 0.0239583 0.138889 0.664184
0 0.109896 0.336111 0.053125 0.164815 0.667385
0 0.734375 0.387963 0.0791667 0.35 0.68023
0 0.415625 0.338889 0.0270833 0.137037 0.680292
0 0.110937 0.337037 0.0552083 0.166667 0.683728
0 0.415625 0.338889 0.0270833 0.137037 0.685986
0 0.7375 0.388889 0.0833333 0.348148 0.695825
0 0.364583 0.326852 0.0208333 0.109259 0.704569
0 0.459896 0.343519 0.0239583 0.142593 0.704818
0 0.733333 0.387963 0.0791667 0.346296 0.705375
0 0.733854 0.387037 0.078125 0.348148 0.713717
0 0.365104 0.32963 0.0197917 0.103704 0.714563
0 0.460417 0.344444 0.025 0.140741 0.719819
0 0.364583 0.327778 0.0208333 0.107407 0.726241
0 0.459896 0.344444 0.0239583 0.140741 0.726776
0 0.365625 0.32963 0.0208333 0.107407 0.727188
0 0.415104 0.342593 0.028125 0.144444 0.729288
0 0.459896 0.344444 0.0239583 0.140741 0.731693
0 0.365104 0.328704 0.021875 0.105556 0.736563
0 0.364583 0.327778 0.0208333 0.1 0.751025
0 0.415104 0.342593 0.028125 0.144444 0.762786
0 0.364583 0.327778 0.0208333 0.103704 0.771546
0 0.364583 0.327778 0.0208333 0.103704 0.773517
0 0.415625 0.339815 0.0270833 0.146296 0.774008
0 0.415625 0.339815 0.0270833 0.142593 0.786706
0 0.415104 0.342593 0.028125 0.144444 0.793653
0 0.415104 0.341667 0.028125 0.138889 0.814575
0 0.415104 0.341667 0.028125 0.138889 0.821045
