0 0.266146 0.450926 0.015625 0.0759259 0.257241
0 0.486979 0.457407 0.0177083 0.103704 0.261657
0 0.467708 0.461111 0.0333333 0.1 0.261754
0 0.230729 0.45 0.015625 0.0666667 0.262288
0 0.451042 0.460185 0.0166667 0.0907407 0.263238
0 0.286979 0.460185 0.0197917 0.087037 0.264556
0 0.4875 0.457407 0.0166667 0.103704 0.269321
0 0.0833333 0.505556 0.0291667 0.155556 0.273295
28 0.519792 0.600926 0.0541667 0.0574074 0.280513
28 0.519271 0.600926 0.053125 0.0574074 0.281782
0 0.0833333 0.505556 0.0270833 0.151852 0.282531
0 0.133333 0.531482 0.0604167 0.262963 0.28542
0 0.230729 0.449074 0.015625 0.0648148 0.289926
0 0.230729 0.45 0.0177083 0.0666667 0.290811
28 0.531771 0.602778 0.078125 0.0648148 0.294354
0 0.0401042 0.507407 0.040625 0.196296 0.299131
0 0.0401042 0.507407 0.040625 0.196296 0.299291
0 0.230729 0.45 0.015625 0.0666667 0.300354
28 0.530729 0.603704 0.0760417 0.062963 0.304469
28 0.519792 0.600926 0.0520833 0.0574074 0.305328
28 0.101562 0.600926 0.0364583 0.0759259 0.307688
26 0.102083 0.601852 0.0375 0.0777778 0.311297
28 0.101562 0.601852 0.0364583 0.0777778 0.324551
0 0.284375 0.453704 0.01875 0.0888889 0.326844
0 0.230729 0.45 0.015625 0.0666667 0.327186
0 0.459375 0.462963 0.0208333 0.0888889 0.327639
0 0.163021 0.499074 0.0302083 0.168519 0.328309
0 0.461979 0.460185 0.0239583 0.0981481 0.337052
0 0.664583 0.533333 0.0604167 0.288889 0.337521
0 0.659896 0.524074 0.0510417 0.3 0.339097
0 0.465104 0.457407 0.015625 0.0888889 0.341626
0 0.0854167 0.515741 0.025 0.157407 0.342339
0 0.163542 0.498148 0.0291667 0.166667 0.351889
0 0.0854167 0.514815 0.0270833 0.159259 0.356715
0 0.459896 0.462963 0.021875 0.0925926 0.356736
0 0.284375 0.455556 0.01875 0.0888889 0.357872
0 0.465625 0.457407 0.0166667 0.0925926 0.358182
0 0.465625 0.456481 0.0166667 0.0907407 0.359781
0 0.584375 0.491667 0.0333333 0.157407 0.36071
0 0.284375 0.45463 0.01875 0.0833333 0.361324
0 0.664062 0.533333 0.059375 0.288889 0.363035
0 0.584896 0.491667 0.034375 0.157407 0.364466
0 0.459375 0.462037 0.0208333 0.0907407 0.365636
26 0.102083 0.601852 0.0375 0.0777778 0.366533
0 0.430208 0.451852 0.0166667 0.0814815 0.36793
0 0.284375 0.45463 0.01875 0.0833333 0.369183
0 0.466146 0.459259 0.0177083 0.0925926 0.369441
0 0.429167 0.448148 0.0166667 0.0814815 0.374596
0 0.284375 0.455556 0.01875 0.0814815 0.379043
0 0.428646 0.448148 0.015625 0.0814815 0.382001
0 0.664062 0.533333 0.059375 0.288889 0.385537
0 0.284375 0.456481 0.01875 0.0833333 0.387894
0 0.284375 0.456481 0.01875 0.0833333 0.389445
0 0.430729 0.451852 0.015625 0.0814815 0.390183
0 0.429688 0.451852 0.0177083 0.0814815 0.396559
0 0.466146 0.459259 0.0177083 0.0925926 0.401218
0 0.466146 0.459259 0.0177083 0.0925926 0.405384
0 0.284375 0.456481 0.01875 0.0833333 0.408972
0 0.165625 0.502778 0.0291667 0.164815 0.415036
0 0.428646 0.448148 0.015625 0.0814815 0.424296
0 0.0395833 0.514815 0.0395833 0.196296 0.424506
0 0.430208 0.451852 0.0166667 0.0814815 0.425538
0 0.660937 0.532407 0.0552083 0.290741 0.428032
0 0.0401042 0.514815 0.0385417 0.192593 0.431324
0 0.0416667 0.511111 0.04375 0.185185 0.438503
0 0.660937 0.532407 0.0552083 0.290741 0.439565
0 0.165625 0.502778 0.0291667 0.164815 0.44062
0 0.429167 0.45 0.0166667 0.0777778 0.443398
0 0.165625 0.503704 0.0291667 0.166667 0.448282
0 0.0416667 0.511111 0.04375 0.185185 0.45441
0 0.128125 0.537963 0.0625 0.268519 0.455439
0 0.660937 0.531482 0.0552083 0.292593 0.459331
0 0.164062 0.502778 0.028125 0.168519 0.460541
0 0.0416667 0.511111 0.04375 0.181481 0.470382
0 0.429167 0.450926 0.0166667 0.0833333 0.471035
0 0.164062 0.503704 0.028125 0.17037 0.472002
0 0.429167 0.450926 0.0166667 0.0833333 0.497797
0 0.084375 0.512963 0.0291667 0.159259 0.498933
0 0.084375 0.512963 0.0291667 0.155556 0.513605
0 0.429167 0.450926 0.0166667 0.0833333 0.532094
0 0.481771 0.458333 0.021875 0.101852 0.554658
0 0.48125 0.458333 0.0229167 0.101852 0.571814
0 0.480729 0.457407 0.0239583 0.1 0.575975
0 0.164062 0.502778 0.0302083 0.168519 0.605354
0 0.130729 0.538889 0.0572917 0.262963 0.609821
0 0.480729 0.457407 0.0239583 0.103704 0.611688
0 0.480208 0.457407 0.0229167 0.103704 0.621201
0 0.164062 0.501852 0.0302083 0.17037 0.621575
0 0.130729 0.537963 0.0552083 0.261111 0.629931
0 0.164583 0.502778 0.0291667 0.168519 0.633649
0 0.164583 0.501852 0.0291667 0.166667 0.636697
0 0.164583 0.501852 0.0291667 0.166667 0.641258
0 0.13125 0.538889 0.05625 0.262963 0.642083
0 0.480208 0.455556 0.0229167 0.1 0.645481
0 0.130729 0.538889 0.0572917 0.266667 0.657079
0 0.165104 0.5 0.028125 0.162963 0.663284
0 0.165104 0.499074 0.028125 0.161111 0.670981
0 0.480208 0.45463 0.0229167 0.101852 0.679652
0 0.480208 0.45463 0.0229167 0.101852 0.681228
0 0.0833333 0.509259 0.0291667 0.155556 0.682565
0 0.13125 0.538889 0.0541667 0.262963 0.683853
0 0.164583 0.501852 0.0291667 0.166667 0.691984
0 0.0838542 0.509259 0.028125 0.155556 0.69306
0 0.164583 0.5 0.0270833 0.159259 0.695719
0 0.164583 0.499074 0.0270833 0.161111 0.700959
0 0.0833333 0.509259 0.0291667 0.155556 0.702309
0 0.663542 0.530556 0.05625 0.294444 0.703561
0 0.132292 0.538889 0.0541667 0.259259 0.708465
0 0.132292 0.537963 0.0541667 0.264815 0.70993
0 0.0833333 0.509259 0.0291667 0.155556 0.716261
0 0.132292 0.537037 0.0541667 0.262963 0.720993
0 0.0838542 0.509259 0.028125 0.159259 0.72316
0 0.584896 0.491667 0.034375 0.153704 0.726347
0 0.0401042 0.510185 0.040625 0.190741 0.728877
0 0.663542 0.530556 0.05625 0.294444 0.731427
0 0.584896 0.491667 0.034375 0.153704 0.731481
0 0.132292 0.539815 0.0541667 0.261111 0.731796
0 0.584896 0.490741 0.034375 0.151852 0.732991
0 0.0833333 0.509259 0.0291667 0.155556 0.735578
0 0.0395833 0.510185 0.0395833 0.190741 0.741779
0 0.584896 0.488889 0.034375 0.151852 0.74932
0 0.0395833 0.510185 0.0395833 0.190741 0.750684
0 0.132292 0.537963 0.0541667 0.261111 0.751531
0 0.584896 0.488889 0.034375 0.151852 0.755538
0 0.132292 0.540741 0.0541667 0.266667 0.755576
0 0.6625 0.531482 0.0541667 0.296296 0.757914
0 0.0401042 0.511111 0.040625 0.188889 0.762287
0 0.0838542 0.512963 0.0260417 0.151852 0.764587
0 0.132812 0.539815 0.053125 0.264815 0.768963
0 0.0838542 0.512963 0.0260417 0.155556 0.770021
0 0.6625 0.531482 0.0541667 0.296296 0.774165
0 0.663542 0.530556 0.05625 0.294444 0.775206
0 0.661979 0.530556 0.0552083 0.294444 0.777942
0 0.0401042 0.511111 0.040625 0.188889 0.778317
0 0.661979 0.532407 0.0572917 0.290741 0.781653
0 0.132292 0.539815 0.0541667 0.264815 0.78291
0 0.0401042 0.511111 0.040625 0.192593 0.787808
0 0.6625 0.52963 0.05 0.311111 0.787939
0 0.584896 0.490741 0.034375 0.151852 0.791501
0 0.661979 0.530556 0.0572917 0.287037 0.795008
0 0.584896 0.490741 0.034375 0.151852 0.795383
0 0.663021 0.532407 0.0572917 0.290741 0.799679
0 0.0401042 0.512037 0.040625 0.190741 0.801075
0 0.584896 0.490741 0.034375 0.151852 0.807493
0 0.584896 0.490741 0.034375 0.151852 0.809007
0 0.661979 0.531482 0.0510417 0.311111 0.811367
0 0.585417 0.490741 0.0354167 0.151852 0.8174
0 0.584896 0.489815 0.034375 0.157407 0.818003
0 0.584896 0.490741 0.034375 0.151852 0.818735
0 0.0401042 0.512037 0.040625 0.190741 0.821025
0 0.584896 0.488889 0.034375 0.155556 0.821085
0 0.0390625 0.511111 0.040625 0.192593 0.841852
0 0.0390625 0.510185 0.040625 0.194444 0.84321
0 0.13125 0.540741 0.05625 0.27037 0.844187
