0 0.325521 0.338889 0.0177083 0.0703704 0.256452
0 0.211979 0.412037 0.0364583 0.227778 0.257608
0 0.376563 0.337037 0.0197917 0.0814815 0.258598
0 0.376042 0.336111 0.01875 0.0796296 0.258775
0 0.678125 0.393519 0.0666667 0.264815 0.264421
0 0.522917 0.341667 0.0145833 0.0685185 0.267541
0 0.345313 0.350926 0.0197917 0.0981481 0.268882
0 0.325521 0.338889 0.0177083 0.0703704 0.26911
0 0.325 0.341667 0.0166667 0.0796296 0.271129
0 0.523438 0.338889 0.015625 0.0666667 0.27497
0 0.527083 0.338889 0.0125 0.0666667 0.276125
0 0.494792 0.381481 0.0291667 0.12963 0.27639
0 0.211458 0.412963 0.0375 0.22963 0.277757
0 0.494792 0.381481 0.0291667 0.133333 0.281676
0 0.527083 0.338889 0.0125 0.0666667 0.284229
0 0.494792 0.381481 0.0270833 0.12963 0.287659
0 0.376042 0.336111 0.01875 0.0796296 0.288801
0 0.664583 0.394444 0.0395833 0.251852 0.295824
0 0.658854 0.385185 0.0322917 0.240741 0.296003
0 0.325521 0.338889 0.0177083 0.0703704 0.297977
0 0.211979 0.414815 0.034375 0.225926 0.298121
0 0.378646 0.337963 0.015625 0.0833333 0.298344
0 0.345313 0.350926 0.0197917 0.105556 0.299101
0 0.525 0.338889 0.0166667 0.062963 0.301547
0 0.664583 0.394444 0.0395833 0.248148 0.302005
0 0.345313 0.350926 0.0197917 0.105556 0.303837
0 0.2125 0.405556 0.0375 0.211111 0.310341
0 0.525 0.338889 0.0166667 0.062963 0.314712
0 0.438021 0.366667 0.028125 0.137037 0.317835
0 0.2125 0.405556 0.0375 0.211111 0.319479
0 0.673437 0.393519 0.0489583 0.242593 0.321118
0 0.663542 0.394444 0.0375 0.251852 0.321321
0 0.658333 0.384259 0.03125 0.238889 0.327692
0 0.2125 0.415741 0.0354167 0.227778 0.328146
0 0.522917 0.338889 0.0145833 0.0666667 0.330696
0 0.524479 0.340741 0.0177083 0.0666667 0.330908
0 0.176042 0.496296 0.133333 0.485185 0.331207
0 0.440625 0.371296 0.03125 0.142593 0.331674
0 0.440625 0.37037 0.03125 0.144444 0.332515
0 0.608333 0.371296 0.0270833 0.131481 0.33667
0 0.658854 0.384259 0.0322917 0.227778 0.337636
0 0.661458 0.392593 0.03125 0.244444 0.338386
0 0.608333 0.372222 0.0270833 0.133333 0.34316
0 0.176563 0.494444 0.134375 0.485185 0.348994
0 0.672396 0.389815 0.0510417 0.264815 0.359719
0 0.523438 0.338889 0.015625 0.0666667 0.36349
0 0.378646 0.338889 0.015625 0.0814815 0.37304
0 0.379687 0.337037 0.0177083 0.0814815 0.39354
0 0.440104 0.37037 0.0302083 0.144444 0.400254
0 0.496875 0.375926 0.0291667 0.118519 0.407881
0 0.608333 0.372222 0.0270833 0.12963 0.408326
0 0.608333 0.371296 0.0270833 0.131481 0.419399
0 0.177604 0.492593 0.136458 0.477778 0.428549
0 0.378646 0.338889 0.015625 0.0814815 0.437274
0 0.438542 0.365741 0.0291667 0.135185 0.438883
0 0.378646 0.337037 0.015625 0.0851852 0.444119
0 0.379167 0.337037 0.0166667 0.0851852 0.44932
0 0.495833 0.372222 0.0291667 0.118519 0.449596
0 0.378646 0.336111 0.0177083 0.0796296 0.456706
0 0.4375 0.362963 0.0291667 0.140741 0.474706
0 0.213542 0.406481 0.0375 0.205556 0.475027
0 0.608333 0.372222 0.0270833 0.12963 0.480044
0 0.344792 0.356481 0.0208333 0.112963 0.483162
0 0.496354 0.375926 0.028125 0.118519 0.48377
0 0.496354 0.375926 0.028125 0.118519 0.484391
0 0.379167 0.336111 0.0166667 0.0833333 0.484631
0 0.495833 0.372222 0.0291667 0.118519 0.493837
0 0.608854 0.372222 0.0260417 0.12963 0.495811
0 0.4375 0.362963 0.0291667 0.140741 0.495914
0 0.495833 0.373148 0.0291667 0.116667 0.499634
0 0.213021 0.408333 0.0385417 0.22037 0.514106
0 0.345313 0.359259 0.0197917 0.103704 0.516322
0 0.213021 0.409259 0.0385417 0.222222 0.517069
0 0.213021 0.408333 0.0385417 0.22037 0.522693
0 0.608854 0.372222 0.0260417 0.12963 0.524644
0 0.213021 0.406481 0.0364583 0.205556 0.526216
0 0.213021 0.408333 0.0364583 0.209259 0.551756
0 0.608333 0.371296 0.025 0.124074 0.551839
0 0.680208 0.393519 0.0541667 0.268519 0.555692
0 0.345313 0.358333 0.0197917 0.105556 0.55619
0 0.345313 0.359259 0.0197917 0.107407 0.556625
0 0.495313 0.375926 0.0302083 0.12963 0.558196
0 0.608854 0.373148 0.0260417 0.127778 0.578107
0 0.608333 0.372222 0.025 0.125926 0.580444
0 0.494792 0.37963 0.0291667 0.12963 0.597301
0 0.608854 0.371296 0.0239583 0.131481 0.5983
0 0.495313 0.376852 0.0302083 0.127778 0.599828
0 0.438542 0.367593 0.0270833 0.146296 0.602141
0 0.344792 0.356481 0.0166667 0.112963 0.602268
0 0.608854 0.371296 0.0239583 0.127778 0.602439
0 0.438542 0.366667 0.0270833 0.144444 0.606503
0 0.676042 0.393519 0.0625 0.253704 0.609511
0 0.177604 0.491667 0.136458 0.490741 0.609924
0 0.179167 0.493519 0.127083 0.453704 0.615735
0 0.495313 0.375926 0.0302083 0.12963 0.618592
0 0.679167 0.391667 0.0583333 0.261111 0.619418
0 0.608333 0.372222 0.025 0.133333 0.622249
0 0.495313 0.377778 0.0302083 0.12963 0.625815
0 0.494271 0.37963 0.028125 0.12963 0.626767
0 0.344792 0.356481 0.0166667 0.112963 0.628485
0 0.177604 0.491667 0.136458 0.487037 0.628868
0 0.676042 0.393519 0.0625 0.257407 0.629422
0 0.679688 0.394444 0.059375 0.259259 0.632505
0 0.494271 0.377778 0.028125 0.12963 0.632922
0 0.344792 0.356481 0.0166667 0.112963 0.633024
0 0.495313 0.378704 0.028125 0.127778 0.634646
0 0.679688 0.394444 0.059375 0.259259 0.636313
0 0.495313 0.377778 0.0302083 0.12963 0.636672
0 0.178646 0.492593 0.130208 0.451852 0.637853
0 0.679167 0.393519 0.0583333 0.261111 0.649624
0 0.676042 0.393519 0.0625 0.257407 0.653265
0 0.608854 0.37037 0.0239583 0.133333 0.659217
0 0.494792 0.377778 0.0291667 0.125926 0.672688
0 0.679167 0.393519 0.0604167 0.257407 0.677345
0 0.438542 0.368519 0.0291667 0.144444 0.691563
0 0.177604 0.488889 0.132292 0.455556 0.692822
0 0.345313 0.35463 0.0197917 0.109259 0.696499
0 0.438542 0.368519 0.0291667 0.144444 0.697396
0 0.178125 0.489815 0.13125 0.461111 0.699295
0 0.176563 0.485185 0.130208 0.462963 0.702142
0 0.673437 0.39537 0.0510417 0.257407 0.706083
0 0.178125 0.490741 0.133333 0.459259 0.706592
0 0.438542 0.366667 0.0291667 0.140741 0.707364
0 0.177083 0.486111 0.129167 0.453704 0.708008
0 0.439063 0.366667 0.0302083 0.140741 0.708238
0 0.679167 0.393519 0.0604167 0.257407 0.710771
0 0.495313 0.37963 0.028125 0.12963 0.71141
0 0.495313 0.37963 0.028125 0.12963 0.714824
0 0.177083 0.487037 0.129167 0.459259 0.714906
0 0.608333 0.371296 0.025 0.131481 0.71579
0 0.678646 0.392593 0.059375 0.262963 0.743102
0 0.679167 0.393519 0.0604167 0.257407 0.743402
0 0.438542 0.368519 0.0291667 0.144444 0.744122
0 0.345833 0.357407 0.0208333 0.111111 0.750557
0 0.608854 0.37037 0.0239583 0.133333 0.751849
0 0.438542 0.366667 0.0291667 0.140741 0.752237
0 0.608854 0.371296 0.0239583 0.131481 0.756304
0 0.439063 0.368519 0.028125 0.144444 0.756441
0 0.438542 0.366667 0.0291667 0.140741 0.763307
0 0.345833 0.357407 0.0208333 0.111111 0.76549
0 0.678646 0.394444 0.059375 0.262963 0.768803
0 0.345313 0.356481 0.0197917 0.109259 0.774801
0 0.608854 0.372222 0.0239583 0.12963 0.779106
0 0.345833 0.357407 0.0208333 0.111111 0.782052
0 0.439063 0.369444 0.028125 0.146296 0.786246
0 0.439063 0.368519 0.028125 0.144444 0.791605
0 0.678125 0.393519 0.0583333 0.264815 0.809788
0 0.177083 0.491667 0.133333 0.464815 0.85838
0 0.177083 0.491667 0.133333 0.464815 0.860553
0 0.178125 0.492593 0.13125 0.459259 0.86758
0 0.177604 0.492593 0.132292 0.459259 0.88002
