0 0.826563 0.547222 0.096875 0.553704 0.251235
0 0.823438 0.54537 0.096875 0.553704 0.251831
0 0.208854 0.364815 0.0239583 0.118519 0.2532
0 0.205729 0.362037 0.0239583 0.116667 0.25475
0 0.346354 0.339815 0.0197917 0.0648148 0.25481
0 0.377083 0.358333 0.025 0.116667 0.255479
0 0.41875 0.357407 0.025 0.114815 0.263262
0 0.417708 0.357407 0.025 0.114815 0.264382
13 0.328125 0.769444 0.29375 0.394444 0.264539
13 0.328646 0.768519 0.292708 0.392593 0.267824
0 0.20625 0.365741 0.0208333 0.124074 0.270954
13 0.358333 0.784259 0.30625 0.412963 0.277309
0 0.427604 0.35463 0.0427083 0.105556 0.277933
13 0.291667 0.667593 0.214583 0.187037 0.280655
0 0.470833 0.372222 0.0270833 0.144444 0.284609
0 0.470833 0.372222 0.0270833 0.140741 0.285766
13 0.290625 0.661111 0.210417 0.181481 0.28643
0 0.41875 0.357407 0.0229167 0.118519 0.289652
0 0.123958 0.37037 0.0270833 0.118519 0.290892
0 0.942187 0.518519 0.115625 0.540741 0.290945
13 0.291146 0.660185 0.211458 0.17963 0.297865
0 0.491146 0.348148 0.0197917 0.0962963 0.299706
13 0.291667 0.665741 0.214583 0.187037 0.301531
0 0.418229 0.357407 0.021875 0.118519 0.303392
13 0.361458 0.792593 0.295833 0.4 0.304602
0 0.208854 0.364815 0.021875 0.122222 0.306461
13 0.364583 0.797222 0.279167 0.387037 0.308071
0 0.124479 0.372222 0.0260417 0.122222 0.309727
0 0.123958 0.37037 0.0270833 0.122222 0.311755
0 0.4375 0.353704 0.0270833 0.103704 0.31347
0 0.561458 0.371296 0.0354167 0.198148 0.313743
0 0.41875 0.357407 0.0229167 0.118519 0.314438
0 0.123958 0.37037 0.0270833 0.122222 0.317139
0 0.285417 0.362037 0.0291667 0.131481 0.319836
0 0.561458 0.371296 0.0354167 0.198148 0.324059
0 0.4375 0.353704 0.0270833 0.107407 0.331937
0 0.436979 0.352778 0.0260417 0.105556 0.338189
0 0.934896 0.526852 0.101042 0.553704 0.338939
0 0.0526042 0.37037 0.0197917 0.1 0.339436
13 0.333854 0.782407 0.303125 0.42037 0.341935
24 0.967708 0.453704 0.0625 0.214815 0.343935
13 0.334375 0.782407 0.302083 0.416667 0.347376
13 0.333854 0.782407 0.301042 0.416667 0.347619
24 0.968229 0.453704 0.0635417 0.214815 0.356073
0 0.942187 0.518519 0.115625 0.544444 0.362686
0 0.053125 0.363889 0.01875 0.0981481 0.364031
0 0.0526042 0.369444 0.0197917 0.101852 0.366759
0 0.935417 0.527778 0.0979167 0.555556 0.367333
0 0.053125 0.369444 0.0208333 0.101852 0.367347
24 0.967708 0.453704 0.0625 0.214815 0.368275
0 0.942187 0.527778 0.111458 0.57037 0.377534
0 0.471875 0.375926 0.0291667 0.133333 0.382998
24 0.96875 0.462963 0.0625 0.233333 0.383536
0 0.442708 0.349074 0.0208333 0.0981481 0.384146
0 0.0520833 0.369444 0.01875 0.0981481 0.393019
0 0.416146 0.355556 0.0197917 0.122222 0.414426
24 0.96875 0.463889 0.0625 0.224074 0.421269
0 0.440625 0.348148 0.01875 0.0925926 0.421833
0 0.416146 0.35463 0.021875 0.12037 0.424391
0 0.440625 0.349074 0.01875 0.0981481 0.428056
0 0.126042 0.372222 0.0270833 0.122222 0.429431
0 0.0526042 0.364815 0.021875 0.0962963 0.431191
0 0.828125 0.537037 0.1 0.540741 0.434106
0 0.416146 0.355556 0.0197917 0.122222 0.43708
0 0.125521 0.373148 0.0260417 0.12037 0.440892
0 0.440625 0.348148 0.01875 0.0962963 0.441987
24 0.969271 0.464815 0.0614583 0.22963 0.443879
0 0.0526042 0.363889 0.021875 0.0981481 0.452415
0 0.441146 0.348148 0.0197917 0.0925926 0.453288
0 0.126042 0.373148 0.0270833 0.124074 0.4535
0 0.285937 0.361111 0.0302083 0.137037 0.453917
0 0.126042 0.373148 0.0270833 0.124074 0.456282
0 0.0526042 0.363889 0.021875 0.0981481 0.456833
24 0.969271 0.462963 0.0614583 0.22963 0.46119
0 0.441146 0.348148 0.0197917 0.0962963 0.463168
0 0.285417 0.361111 0.0291667 0.137037 0.463722
0 0.470833 0.375926 0.03125 0.148148 0.475141
0 0.441146 0.349074 0.0197917 0.0944444 0.479534
0 0.284896 0.360185 0.0302083 0.135185 0.485262
0 0.470313 0.382407 0.028125 0.131481 0.497853
0 0.470313 0.376852 0.0322917 0.146296 0.501948
0 0.470833 0.376852 0.03125 0.146296 0.50432
0 0.827604 0.537037 0.101042 0.540741 0.519141
0 0.377083 0.359259 0.0229167 0.114815 0.52586
0 0.125521 0.373148 0.0260417 0.12037 0.529793
0 0.470313 0.383333 0.0260417 0.133333 0.534496
0 0.470833 0.382407 0.0270833 0.135185 0.536269
0 0.471354 0.378704 0.028125 0.135185 0.541875
0 0.378646 0.360185 0.021875 0.112963 0.543328
0 0.943229 0.528704 0.109375 0.568519 0.550119
0 0.285417 0.358333 0.0291667 0.131481 0.550967
0 0.827604 0.536111 0.096875 0.575926 0.55436
0 0.285417 0.360185 0.0270833 0.138889 0.555639
0 0.285417 0.360185 0.0270833 0.135185 0.555906
0 0.827604 0.536111 0.096875 0.561111 0.564081
0 0.378125 0.359259 0.0208333 0.114815 0.569197
0 0.125521 0.373148 0.0260417 0.12037 0.576733
0 0.941667 0.527778 0.110417 0.566667 0.578417
0 0.560417 0.373148 0.0354167 0.194444 0.582662
0 0.560938 0.371296 0.0364583 0.194444 0.585469
0 0.378646 0.359259 0.021875 0.114815 0.588238
0 0.378646 0.359259 0.021875 0.111111 0.589748
0 0.417708 0.356481 0.0229167 0.112963 0.592355
0 0.378125 0.359259 0.0229167 0.114815 0.593933
0 0.285417 0.358333 0.0291667 0.135185 0.601776
0 0.829167 0.538889 0.1 0.548148 0.603023
0 0.378646 0.359259 0.021875 0.111111 0.610333
0 0.824479 0.544444 0.096875 0.566667 0.623636
0 0.824479 0.544444 0.096875 0.57037 0.624088
0 0.560938 0.371296 0.034375 0.194444 0.626698
0 0.560938 0.371296 0.034375 0.194444 0.633256
0 0.560938 0.37037 0.034375 0.196296 0.636822
0 0.829687 0.537963 0.101042 0.55 0.639238
0 0.472396 0.377778 0.0302083 0.144444 0.651068
0 0.471875 0.375926 0.0291667 0.140741 0.651935
0 0.378125 0.360185 0.0229167 0.112963 0.653925
0 0.471354 0.375926 0.0302083 0.140741 0.654735
0 0.41875 0.356481 0.0229167 0.116667 0.657735
0 0.419271 0.357407 0.021875 0.114815 0.658916
0 0.053125 0.366667 0.0208333 0.0962963 0.658934
0 0.284896 0.359259 0.0302083 0.133333 0.662709
0 0.285417 0.359259 0.0291667 0.133333 0.662733
0 0.472396 0.376852 0.0302083 0.146296 0.667144
0 0.053125 0.366667 0.0208333 0.0962963 0.672599
0 0.0526042 0.367593 0.0197917 0.0981481 0.67402
0 0.472396 0.376852 0.0302083 0.146296 0.674568
0 0.053125 0.367593 0.0208333 0.0981481 0.676708
0 0.377604 0.361111 0.021875 0.114815 0.677296
0 0.419271 0.357407 0.021875 0.114815 0.679954
0 0.377604 0.360185 0.021875 0.112963 0.680306
0 0.378646 0.359259 0.021875 0.114815 0.680454
0 0.285937 0.362963 0.0302083 0.137037 0.682771
0 0.053125 0.367593 0.0208333 0.101852 0.684926
0 0.377604 0.361111 0.021875 0.114815 0.6865
0 0.053125 0.365741 0.0208333 0.0981481 0.687569
0 0.943229 0.527778 0.109375 0.57037 0.689094
0 0.125521 0.373148 0.028125 0.124074 0.689305
0 0.826563 0.537037 0.096875 0.548148 0.689571
0 0.125521 0.372222 0.028125 0.122222 0.690222
0 0.470313 0.378704 0.0302083 0.142593 0.691151
0 0.285417 0.362037 0.0291667 0.135185 0.692114
0 0.284896 0.362037 0.0302083 0.135185 0.692989
0 0.285417 0.362037 0.03125 0.135185 0.701819
0 0.939583 0.531482 0.104167 0.559259 0.704902
0 0.939583 0.52963 0.104167 0.57037 0.708131
0 0.053125 0.365741 0.0208333 0.0981481 0.710614
0 0.053125 0.364815 0.0208333 0.1 0.714912
0 0.470833 0.378704 0.0291667 0.142593 0.716037
0 0.285937 0.362037 0.0302083 0.138889 0.716376
0 0.470833 0.378704 0.0291667 0.142593 0.716945
0 0.827083 0.537963 0.0979167 0.55 0.719195
0 0.418229 0.357407 0.021875 0.114815 0.722913
0 0.285417 0.362037 0.03125 0.135185 0.730681
0 0.126042 0.372222 0.0270833 0.122222 0.734478
0 0.125521 0.373148 0.028125 0.124074 0.739656
0 0.471354 0.378704 0.028125 0.142593 0.748553
0 0.471354 0.378704 0.028125 0.142593 0.754734
0 0.126042 0.373148 0.0270833 0.124074 0.772676
0 0.126042 0.372222 0.0270833 0.122222 0.780631
0 0.285417 0.358333 0.0291667 0.135185 0.78358
0 0.285417 0.359259 0.0291667 0.137037 0.785356
0 0.125521 0.372222 0.028125 0.122222 0.800264
0 0.126042 0.373148 0.025 0.124074 0.801957
0 0.125521 0.372222 0.028125 0.122222 0.803818
0 0.828646 0.534259 0.101042 0.542593 0.810048
0 0.559896 0.373148 0.034375 0.194444 0.815548
0 0.125521 0.373148 0.028125 0.12037 0.819798
0 0.125521 0.373148 0.0260417 0.124074 0.821378
0 0.559896 0.371296 0.034375 0.194444 0.821984
0 0.941667 0.528704 0.108333 0.568519 0.826394
0 0.939583 0.525 0.10625 0.553704 0.830751
0 0.560417 0.371296 0.0354167 0.198148 0.831665
0 0.126042 0.373148 0.025 0.124074 0.833602
0 0.828646 0.533333 0.101042 0.544444 0.838045
0 0.560938 0.371296 0.034375 0.194444 0.840118
0 0.560938 0.371296 0.0364583 0.198148 0.844325
0 0.560417 0.372222 0.0354167 0.196296 0.844918
0 0.560938 0.371296 0.0364583 0.198148 0.846237
0 0.560417 0.371296 0.0354167 0.198148 0.849872
0 0.560938 0.371296 0.034375 0.194444 0.852619
0 0.828125 0.542593 0.0979167 0.555556 0.854031
0 0.560938 0.372222 0.034375 0.196296 0.859073
0 0.939062 0.525 0.105208 0.553704 0.860501
0 0.941667 0.527778 0.108333 0.57037 0.863009
0 0.828125 0.541667 0.0979167 0.553704 0.873947
