28 0.0546875 0.612963 0.0447917 0.0851852 0.253455
0 0.210938 0.45 0.015625 0.062963 0.260311
0 0.5625 0.481481 0.0333333 0.148148 0.26175
0 0.0901042 0.548148 0.0614583 0.303704 0.262525
0 0.0130208 0.519444 0.0260417 0.17963 0.267715
0 0.957812 0.447222 0.0510417 0.290741 0.268241
25 0.034375 0.352778 0.06875 0.0685185 0.269627
0 0.0359375 0.506481 0.0677083 0.172222 0.275307
0 0.0130208 0.519444 0.0260417 0.17963 0.275376
0 0.053125 0.494444 0.0291667 0.12963 0.276654
28 0.0536458 0.614815 0.046875 0.0777778 0.279384
0 0.0135417 0.52037 0.0270833 0.177778 0.280142
0 0.0135417 0.52037 0.0270833 0.181481 0.280826
25 0.034375 0.352778 0.06875 0.0685185 0.282062
0 0.0515625 0.496296 0.0302083 0.144444 0.284694
0 0.433333 0.45 0.0145833 0.0740741 0.287136
0 0.0520833 0.490741 0.03125 0.12963 0.287166
0 0.0354167 0.507407 0.0645833 0.174074 0.288254
0 0.0520833 0.491667 0.03125 0.127778 0.290994
28 0.0536458 0.614815 0.046875 0.0777778 0.292805
0 0.957292 0.447222 0.0520833 0.294444 0.295232
0 0.0880208 0.54537 0.065625 0.294444 0.296808
0 0.0515625 0.494444 0.0302083 0.140741 0.299038
0 0.0875 0.539815 0.0604167 0.298148 0.303506
0 0.446875 0.456481 0.01875 0.0907407 0.30356
0 0.0348958 0.507407 0.065625 0.17037 0.304863
0 0.0515625 0.49537 0.0302083 0.142593 0.305836
25 0.0348958 0.351852 0.0697917 0.0666667 0.314065
0 0.0869792 0.543519 0.065625 0.290741 0.319018
26 0.689062 0.606481 0.0239583 0.0759259 0.319902
0 0.957292 0.449074 0.0520833 0.294444 0.322891
25 0.0354167 0.35 0.0708333 0.0666667 0.323465
25 0.0348958 0.351852 0.0697917 0.0666667 0.332585
25 0.0354167 0.35 0.0708333 0.0666667 0.334821
0 0.414583 0.449074 0.0166667 0.087037 0.336759
0 0.445833 0.45463 0.0145833 0.087037 0.338478
0 0.465104 0.45463 0.028125 0.0944444 0.338922
26 0.053125 0.613889 0.04375 0.0833333 0.342337
0 0.414583 0.448148 0.0166667 0.0888889 0.343401
26 0.053125 0.615741 0.0458333 0.0833333 0.344666
26 0.0515625 0.616667 0.040625 0.0814815 0.346322
0 0.447396 0.456481 0.015625 0.087037 0.347889
0 0.446875 0.457407 0.0145833 0.0851852 0.348305
26 0.053125 0.615741 0.0458333 0.0833333 0.348877
25 0.034375 0.352778 0.06875 0.0648148 0.350439
0 0.465625 0.455556 0.025 0.0925926 0.359291
26 0.0520833 0.616667 0.04375 0.0851852 0.361394
26 0.0536458 0.613889 0.0447917 0.0833333 0.363475
0 0.414583 0.449074 0.0166667 0.087037 0.374549
0 0.053125 0.49537 0.0291667 0.135185 0.377676
0 0.053125 0.494444 0.0291667 0.133333 0.378268
0 0.446354 0.455556 0.0135417 0.0851852 0.378925
0 0.447396 0.457407 0.015625 0.0851852 0.38048
26 0.0520833 0.616667 0.0416667 0.0814815 0.380968
25 0.034375 0.352778 0.06875 0.0611111 0.382939
0 0.457812 0.455556 0.021875 0.0925926 0.387944
28 0.0541667 0.614815 0.0479167 0.0851852 0.391071
28 0.0541667 0.615741 0.0479167 0.087037 0.398002
0 0.958854 0.446296 0.053125 0.288889 0.401197
28 0.0541667 0.614815 0.0479167 0.0851852 0.404711
0 0.454688 0.45463 0.0239583 0.0907407 0.405612
0 0.446354 0.455556 0.0135417 0.0851852 0.409113
0 0.958854 0.446296 0.053125 0.288889 0.410032
0 0.560938 0.482407 0.034375 0.15 0.412752
0 0.960417 0.44537 0.05625 0.283333 0.422867
0 0.560938 0.482407 0.034375 0.15 0.42306
0 0.457812 0.456481 0.021875 0.0944444 0.423785
0 0.457812 0.455556 0.021875 0.0925926 0.428067
0 0.960417 0.447222 0.0541667 0.27963 0.428692
0 0.958854 0.447222 0.053125 0.287037 0.428946
0 0.454688 0.45463 0.0239583 0.0944444 0.439087
0 0.454688 0.45463 0.0239583 0.0944444 0.446687
0 0.959375 0.447222 0.0541667 0.27963 0.448414
0 0.413021 0.448148 0.0177083 0.0851852 0.455119
0 0.958333 0.446296 0.0541667 0.292593 0.455505
0 0.665104 0.531482 0.059375 0.322222 0.45722
0 0.0541667 0.508333 0.0291667 0.164815 0.458869
0 0.0536458 0.498148 0.0322917 0.155556 0.461466
0 0.0541667 0.508333 0.0291667 0.164815 0.462552
0 0.0536458 0.498148 0.0322917 0.155556 0.46479
0 0.471354 0.451852 0.0177083 0.0962963 0.465233
0 0.958333 0.44537 0.0541667 0.290741 0.468523
0 0.053125 0.505556 0.03125 0.159259 0.478606
0 0.958333 0.44537 0.0541667 0.290741 0.478958
0 0.472917 0.45 0.0166667 0.0888889 0.487755
0 0.0526042 0.50463 0.0302083 0.161111 0.488662
0 0.0536458 0.498148 0.0322917 0.155556 0.49079
0 0.472396 0.45 0.0177083 0.0925926 0.505415
0 0.471354 0.453704 0.0177083 0.0925926 0.506532
0 0.0526042 0.50463 0.0302083 0.157407 0.50995
0 0.472396 0.450926 0.0177083 0.0907407 0.519434
0 0.470833 0.453704 0.01875 0.0925926 0.519846
0 0.471354 0.453704 0.0177083 0.0925926 0.520679
0 0.413542 0.448148 0.0166667 0.0851852 0.521404
0 0.413021 0.447222 0.0177083 0.087037 0.527928
0 0.413021 0.448148 0.015625 0.0851852 0.529677
0 0.470833 0.453704 0.0166667 0.0925926 0.533912
0 0.413542 0.448148 0.0166667 0.0851852 0.545863
0 0.133333 0.507407 0.0375 0.177778 0.546179
0 0.133854 0.508333 0.0364583 0.183333 0.546915
0 0.471354 0.452778 0.0177083 0.0944444 0.55349
0 0.471354 0.452778 0.0177083 0.0944444 0.55514
0 0.133854 0.50463 0.0364583 0.175926 0.55593
0 0.133333 0.508333 0.0375 0.183333 0.55782
0 0.133854 0.505556 0.0364583 0.174074 0.587572
0 0.413021 0.44537 0.015625 0.087037 0.591545
0 0.0140625 0.508333 0.028125 0.201852 0.598877
0 0.0875 0.546296 0.0625 0.303704 0.599543
0 0.0140625 0.508333 0.028125 0.201852 0.609518
0 0.0875 0.544444 0.0604167 0.288889 0.610299
0 0.0135417 0.507407 0.0270833 0.192593 0.612927
0 0.134896 0.502778 0.0364583 0.175926 0.614536
0 0.0135417 0.507407 0.0270833 0.192593 0.616637
0 0.0869792 0.544444 0.0635417 0.288889 0.621131
0 0.413021 0.44537 0.0177083 0.0907407 0.62294
0 0.0869792 0.54537 0.0635417 0.283333 0.626437
0 0.134896 0.502778 0.0364583 0.175926 0.630177
0 0.413021 0.446296 0.0177083 0.0888889 0.631152
0 0.0135417 0.509259 0.0270833 0.196296 0.63275
0 0.0864583 0.54537 0.0625 0.298148 0.649039
0 0.0135417 0.509259 0.0270833 0.196296 0.653843
0 0.133854 0.50463 0.0364583 0.172222 0.661123
0 0.560938 0.487963 0.0364583 0.153704 0.664683
0 0.0135417 0.508333 0.0270833 0.201852 0.673738
0 0.0140625 0.508333 0.028125 0.201852 0.677224
0 0.664062 0.532407 0.059375 0.324074 0.678361
0 0.560417 0.487037 0.0354167 0.155556 0.678674
0 0.0135417 0.509259 0.0270833 0.2 0.679549
0 0.560938 0.487963 0.0364583 0.153704 0.681245
0 0.0885417 0.544444 0.0583333 0.288889 0.695403
0 0.133854 0.50463 0.0364583 0.172222 0.715906
0 0.0140625 0.509259 0.028125 0.2 0.718282
0 0.0885417 0.544444 0.0583333 0.288889 0.72427
0 0.665104 0.530556 0.0552083 0.327778 0.730904
0 0.560938 0.487037 0.0364583 0.151852 0.755041
0 0.560938 0.487037 0.0364583 0.148148 0.758092
0 0.0885417 0.544444 0.0583333 0.288889 0.759716
0 0.133854 0.503704 0.0364583 0.174074 0.761729
0 0.560938 0.487037 0.0364583 0.151852 0.764436
0 0.134375 0.50463 0.0375 0.175926 0.7663
0 0.561458 0.486111 0.0354167 0.153704 0.768177
0 0.560938 0.487037 0.0364583 0.151852 0.774845
0 0.560938 0.487037 0.0364583 0.151852 0.779722
0 0.134375 0.505556 0.0375 0.177778 0.784211
0 0.561458 0.487037 0.0354167 0.155556 0.792379
0 0.666667 0.531482 0.0583333 0.32963 0.798061
0 0.134375 0.50463 0.0375 0.17963 0.80217
0 0.666667 0.531482 0.0583333 0.325926 0.804968
0 0.561458 0.486111 0.0354167 0.153704 0.806668
0 0.666667 0.531482 0.0583333 0.325926 0.808019
0 0.0885417 0.54537 0.0604167 0.290741 0.809887
0 0.665104 0.531482 0.0572917 0.32963 0.814735
0 0.0885417 0.54537 0.0625 0.294444 0.818236
0 0.560417 0.487037 0.0354167 0.151852 0.820854
0 0.666146 0.532407 0.059375 0.324074 0.821702
0 0.133854 0.502778 0.0385417 0.17963 0.822297
0 0.560417 0.487037 0.0354167 0.151852 0.824439
0 0.666146 0.531482 0.0572917 0.32963 0.825371
0 0.665625 0.532407 0.0583333 0.324074 0.827281
0 0.133333 0.501852 0.0375 0.181481 0.829245
0 0.666146 0.531482 0.0572917 0.333333 0.832348
0 0.666146 0.531482 0.0572917 0.325926 0.833031
0 0.0890625 0.543519 0.0614583 0.294444 0.83469
0 0.665625 0.532407 0.0583333 0.324074 0.83657
0 0.0885417 0.543519 0.0625 0.294444 0.843646
0 0.666146 0.531482 0.0572917 0.325926 0.846026
