0 0.488542 0.333333 0.025 0.103704 0.250239
0 0.4125 0.334259 0.0270833 0.138889 0.257823
0 0.540625 0.306481 0.0166667 0.0759259 0.261979
0 0.509375 0.342593 0.0229167 0.0925926 0.264093
0 0.541146 0.301852 0.0177083 0.0703704 0.269534
0 0.509375 0.341667 0.0229167 0.0907407 0.269704
0 0.0989583 0.317593 0.01875 0.0944444 0.272631
0 0.540625 0.305556 0.0166667 0.0740741 0.27468
0 0.0989583 0.319444 0.01875 0.0944444 0.276462
0 0.0984375 0.318519 0.0177083 0.0925926 0.278245
1 0.907812 0.343519 0.040625 0.116667 0.278523
0 0.458854 0.339815 0.0260417 0.135185 0.278977
0 0.489062 0.333333 0.0239583 0.103704 0.288754
0 0.488542 0.334259 0.025 0.101852 0.289676
0 0.0234375 0.359259 0.046875 0.185185 0.290167
1 0.907812 0.343519 0.040625 0.116667 0.290395
0 0.0989583 0.319444 0.01875 0.0944444 0.291943
0 0.0229167 0.359259 0.0458333 0.185185 0.293475
0 0.65 0.32037 0.0270833 0.118519 0.29498
1 0.907812 0.343519 0.040625 0.116667 0.295274
0 0.0635417 0.325926 0.03125 0.114815 0.297535
0 0.388021 0.321296 0.0260417 0.105556 0.298729
0 0.825521 0.405556 0.0822917 0.466667 0.300286
0 0.507292 0.338889 0.0354167 0.0925926 0.300483
0 0.540625 0.305556 0.0166667 0.0740741 0.303741
0 0.825 0.403704 0.0833333 0.455556 0.30424
0 0.648958 0.321296 0.0270833 0.12037 0.307483
0 0.541146 0.302778 0.015625 0.0759259 0.308142
0 0.388021 0.321296 0.0260417 0.105556 0.308274
0 0.458854 0.341667 0.0260417 0.135185 0.310914
0 0.825521 0.403704 0.0822917 0.459259 0.311237
0 0.0984375 0.321296 0.0177083 0.087037 0.311729
0 0.0630208 0.325926 0.0322917 0.114815 0.313494
0 0.388542 0.321296 0.0270833 0.105556 0.315182
0 0.0989583 0.32037 0.0208333 0.0925926 0.323763
0 0.0625 0.325 0.0333333 0.116667 0.32563
24 0.864062 0.342593 0.0489583 0.155556 0.327092
0 0.649479 0.325 0.0260417 0.12037 0.331997
0 0.541146 0.300926 0.015625 0.0759259 0.332412
0 0.0984375 0.321296 0.0177083 0.087037 0.335279
24 0.864583 0.342593 0.0479167 0.155556 0.341713
0 0.509896 0.338889 0.021875 0.0962963 0.346635
0 0.782812 0.384259 0.0510417 0.390741 0.352229
0 0.0984375 0.321296 0.0177083 0.087037 0.352796
0 0.65 0.317593 0.0270833 0.112963 0.357908
0 0.0541667 0.32963 0.03125 0.125926 0.362776
0 0.389062 0.325 0.0260417 0.109259 0.365705
0 0.510417 0.337963 0.0229167 0.0981481 0.367783
0 0.509896 0.337963 0.021875 0.0981481 0.37001
0 0.782812 0.385185 0.0510417 0.388889 0.374597
0 0.782812 0.385185 0.0510417 0.392593 0.37817
0 0.649479 0.325926 0.0260417 0.122222 0.380436
0 0.648958 0.325926 0.0270833 0.122222 0.381351
0 0.513542 0.337037 0.0229167 0.1 0.384816
0 0.0541667 0.32963 0.03125 0.12963 0.385537
0 0.648438 0.323148 0.0260417 0.12037 0.388904
0 0.0229167 0.349074 0.0458333 0.183333 0.389063
0 0.0229167 0.348148 0.0458333 0.185185 0.389695
0 0.0536458 0.32963 0.0302083 0.12963 0.392866
24 0.864583 0.336111 0.05 0.168519 0.39542
0 0.513542 0.338889 0.0229167 0.0962963 0.395847
0 0.389583 0.325 0.0270833 0.105556 0.396612
24 0.864583 0.336111 0.05 0.168519 0.411589
0 0.651042 0.316667 0.025 0.107407 0.41464
0 0.65 0.319444 0.0270833 0.116667 0.414994
24 0.864583 0.336111 0.05 0.168519 0.420024
0 0.65 0.319444 0.025 0.116667 0.420515
0 0.65 0.317593 0.0270833 0.112963 0.424071
0 0.541146 0.302778 0.015625 0.0759259 0.426263
0 0.513542 0.338889 0.0229167 0.1 0.429164
0 0.513542 0.337963 0.0229167 0.0981481 0.429304
0 0.604167 0.328704 0.0270833 0.12037 0.435077
0 0.651042 0.316667 0.025 0.111111 0.44317
0 0.0244792 0.356481 0.0489583 0.190741 0.452213
0 0.541146 0.302778 0.015625 0.0759259 0.452449
0 0.492188 0.335185 0.0239583 0.0962963 0.454274
0 0.411458 0.332407 0.0270833 0.135185 0.456746
0 0.651042 0.317593 0.025 0.109259 0.45713
0 0.820312 0.398148 0.0802083 0.462963 0.462754
0 0.819792 0.400926 0.075 0.457407 0.464149
0 0.493229 0.334259 0.0239583 0.101852 0.465746
0 0.389062 0.325 0.0260417 0.109259 0.466813
0 0.389583 0.325926 0.0270833 0.107407 0.469088
0 0.651042 0.316667 0.025 0.107407 0.470204
0 0.0260417 0.35463 0.05 0.187037 0.474391
0 0.649479 0.319444 0.0260417 0.12037 0.476975
0 0.541146 0.302778 0.015625 0.0722222 0.479776
0 0.492188 0.335185 0.0239583 0.1 0.479943
0 0.541667 0.301852 0.0145833 0.0740741 0.482472
0 0.785417 0.393519 0.0583333 0.409259 0.483434
0 0.819792 0.4 0.08125 0.459259 0.483445
0 0.649479 0.318519 0.0260417 0.114815 0.484356
0 0.0229167 0.35463 0.0458333 0.190741 0.486088
0 0.492188 0.335185 0.0239583 0.1 0.489028
0 0.785417 0.393519 0.0583333 0.409259 0.490409
0 0.651042 0.316667 0.025 0.111111 0.490617
0 0.457292 0.341667 0.0291667 0.153704 0.491067
0 0.541146 0.301852 0.0135417 0.0740741 0.497667
0 0.651042 0.316667 0.025 0.111111 0.498088
0 0.785417 0.393519 0.0583333 0.409259 0.501375
0 0.0255208 0.35463 0.0489583 0.187037 0.506166
0 0.605208 0.326852 0.0291667 0.127778 0.506966
0 0.604688 0.328704 0.0260417 0.12037 0.508014
0 0.0229167 0.35463 0.0458333 0.190741 0.508104
0 0.604688 0.328704 0.0260417 0.12037 0.509238
24 0.863542 0.333333 0.0520833 0.177778 0.510702
0 0.648958 0.322222 0.025 0.118519 0.51604
24 0.864583 0.334259 0.0520833 0.175926 0.518306
0 0.649479 0.319444 0.0260417 0.124074 0.522852
0 0.389583 0.324074 0.025 0.1 0.524172
24 0.864583 0.337963 0.0520833 0.168519 0.525726
0 0.025 0.353704 0.05 0.185185 0.527754
0 0.649479 0.319444 0.0260417 0.124074 0.528234
24 0.863542 0.333333 0.0520833 0.177778 0.529048
0 0.0229167 0.35463 0.0458333 0.190741 0.535313
24 0.864583 0.334259 0.0520833 0.17963 0.543151
0 0.491667 0.336111 0.0229167 0.101852 0.546529
0 0.389583 0.325 0.025 0.101852 0.548939
24 0.864583 0.337963 0.0520833 0.164815 0.552921
24 0.864062 0.336111 0.053125 0.161111 0.554603
24 0.864062 0.337963 0.0510417 0.164815 0.556213
0 0.65 0.317593 0.025 0.112963 0.558248
0 0.457812 0.339815 0.028125 0.146296 0.561305
0 0.389583 0.325 0.025 0.101852 0.562273
0 0.389583 0.325 0.025 0.105556 0.571173
0 0.823438 0.402778 0.096875 0.468519 0.571221
0 0.457292 0.341667 0.0291667 0.15 0.571712
0 0.0244792 0.356481 0.0489583 0.190741 0.574313
0 0.605208 0.326852 0.0291667 0.127778 0.583172
0 0.604688 0.327778 0.028125 0.125926 0.586995
0 0.390104 0.328704 0.0260417 0.112963 0.588978
0 0.458333 0.340741 0.0270833 0.144444 0.589555
0 0.0557292 0.325926 0.028125 0.122222 0.591643
0 0.457292 0.340741 0.0291667 0.151852 0.604488
0 0.390104 0.324074 0.0260417 0.103704 0.607068
0 0.0567708 0.325926 0.0302083 0.122222 0.607817
0 0.389062 0.324074 0.0239583 0.107407 0.608002
0 0.458854 0.339815 0.0260417 0.142593 0.612291
0 0.604688 0.328704 0.028125 0.124074 0.615846
0 0.459375 0.338889 0.025 0.144444 0.616688
0 0.0557292 0.326852 0.028125 0.124074 0.620068
0 0.457812 0.340741 0.028125 0.144444 0.623355
0 0.390104 0.327778 0.0260417 0.114815 0.626278
0 0.649479 0.318519 0.0260417 0.114815 0.629542
0 0.411979 0.333333 0.0302083 0.144444 0.631891
0 0.0552083 0.326852 0.0270833 0.124074 0.635329
0 0.390104 0.327778 0.0260417 0.114815 0.63653
0 0.390104 0.323148 0.0260417 0.105556 0.648269
0 0.0557292 0.326852 0.0302083 0.124074 0.649357
0 0.0567708 0.325926 0.0302083 0.122222 0.650456
0 0.390104 0.323148 0.0260417 0.105556 0.652772
0 0.4125 0.333333 0.0291667 0.140741 0.658798
0 0.605208 0.328704 0.0270833 0.124074 0.663409
0 0.604688 0.327778 0.028125 0.125926 0.665445
0 0.0567708 0.325926 0.0302083 0.122222 0.671434
0 0.411979 0.334259 0.028125 0.146296 0.672948
0 0.411979 0.333333 0.0302083 0.144444 0.678285
0 0.0567708 0.326852 0.0302083 0.124074 0.680922
0 0.0557292 0.326852 0.0302083 0.124074 0.684008
0 0.785417 0.39537 0.05625 0.412963 0.684409
0 0.411979 0.334259 0.028125 0.146296 0.687214
0 0.832292 0.412963 0.0895833 0.466667 0.688464
0 0.604688 0.328704 0.028125 0.124074 0.688789
0 0.604688 0.327778 0.028125 0.125926 0.689117
0 0.411979 0.335185 0.028125 0.148148 0.695002
0 0.458854 0.340741 0.028125 0.148148 0.695134
0 0.605208 0.328704 0.0270833 0.124074 0.696524
0 0.827604 0.402778 0.0864583 0.468519 0.698899
0 0.783854 0.393519 0.0552083 0.401852 0.710133
0 0.832292 0.412037 0.0895833 0.464815 0.712604
0 0.604688 0.32963 0.028125 0.122222 0.712753
0 0.832812 0.412037 0.090625 0.464815 0.715636
0 0.0552083 0.325 0.03125 0.124074 0.716494
0 0.828125 0.403704 0.0875 0.459259 0.717006
0 0.784375 0.393519 0.05625 0.409259 0.717664
0 0.604688 0.327778 0.028125 0.125926 0.721552
0 0.604688 0.327778 0.028125 0.125926 0.722469
0 0.0244792 0.357407 0.0489583 0.188889 0.724955
0 0.0552083 0.325 0.03125 0.124074 0.725181
0 0.025 0.357407 0.0479167 0.188889 0.72645
0 0.783854 0.391667 0.0552083 0.401852 0.72856
0 0.605208 0.327778 0.0291667 0.125926 0.730507
0 0.0552083 0.325 0.03125 0.124074 0.730745
0 0.783854 0.393519 0.0552083 0.401852 0.731099
0 0.604688 0.32963 0.028125 0.122222 0.73223
0 0.830208 0.406481 0.0895833 0.47963 0.733359
0 0.827604 0.402778 0.0864583 0.461111 0.737296
0 0.458854 0.340741 0.028125 0.148148 0.740238
0 0.829687 0.406481 0.0885417 0.47963 0.741599
0 0.604688 0.327778 0.028125 0.125926 0.743076
0 0.458333 0.340741 0.0270833 0.148148 0.746905
0 0.411979 0.332407 0.028125 0.142593 0.752759
0 0.411979 0.332407 0.028125 0.142593 0.752853
0 0.0234375 0.357407 0.046875 0.188889 0.757254
0 0.0234375 0.357407 0.046875 0.188889 0.75909
0 0.458854 0.341667 0.0260417 0.146296 0.790581
0 0.458854 0.340741 0.0260417 0.144444 0.795628
0 0.0234375 0.35463 0.046875 0.190741 0.795898
0 0.0234375 0.355556 0.046875 0.188889 0.81974
0 0.0234375 0.35463 0.046875 0.190741 0.820705
0 0.458333 0.339815 0.0270833 0.153704 0.821294
0 0.411979 0.334259 0.028125 0.153704 0.829859
0 0.458333 0.339815 0.0270833 0.15 0.830412
0 0.784375 0.391667 0.0541667 0.401852 0.83147
0 0.784375 0.391667 0.0541667 0.401852 0.834892
0 0.784896 0.392593 0.0552083 0.403704 0.838586
0 0.4125 0.334259 0.0291667 0.15 0.840963
