0 0.328646 0.421296 0.0177083 0.0611111 0.250843
0 0.739062 0.562037 0.103125 0.45 0.252077
13 0.406771 0.581481 0.128125 0.0703704 0.257674
13 0.315625 0.49537 0.0770833 0.0685185 0.25911
0 0.646875 0.42037 0.0166667 0.0481481 0.259544
0 0.963021 0.428704 0.0572917 0.298148 0.262053
0 0.410937 0.437963 0.0260417 0.101852 0.265043
0 0.647396 0.432407 0.0177083 0.0759259 0.2664
13 0.316146 0.492593 0.0760417 0.0703704 0.268121
0 0.646875 0.42037 0.0166667 0.0481481 0.268577
13 0.315104 0.49537 0.078125 0.0685185 0.271847
0 0.329167 0.42037 0.0166667 0.0666667 0.275168
0 0.169792 0.435185 0.0145833 0.0592593 0.278512
0 0.329167 0.421296 0.0166667 0.0648148 0.280204
0 0.4125 0.437963 0.0229167 0.101852 0.280422
13 0.316146 0.492593 0.0760417 0.0703704 0.291138
0 0.169271 0.435185 0.015625 0.0555556 0.295293
13 0.406771 0.575926 0.128125 0.0740741 0.299549
0 0.169271 0.436111 0.015625 0.0574074 0.300197
13 0.403646 0.575926 0.130208 0.0777778 0.301108
0 0.4125 0.437963 0.0229167 0.105556 0.302018
0 0.646875 0.434259 0.0166667 0.0796296 0.30565
13 0.401042 0.576852 0.133333 0.0759259 0.306114
0 0.169271 0.435185 0.015625 0.0555556 0.30989
13 0.401563 0.577778 0.136458 0.0740741 0.311247
0 0.329167 0.421296 0.0166667 0.0648148 0.312482
0 0.38125 0.441667 0.01875 0.0907407 0.312711
0 0.4125 0.437963 0.0229167 0.105556 0.313064
13 0.398958 0.575926 0.1375 0.0777778 0.317303
13 0.403646 0.575926 0.132292 0.0777778 0.321837
13 0.403125 0.576852 0.1375 0.0796296 0.321843
0 0.381771 0.441667 0.0197917 0.0944444 0.33363
0 0.404687 0.441667 0.0322917 0.101852 0.341109
0 0.38125 0.441667 0.01875 0.0944444 0.341869
0 0.381771 0.442593 0.0197917 0.0962963 0.347452
0 0.059375 0.486111 0.0625 0.175926 0.361993
0 0.38125 0.440741 0.01875 0.1 0.386502
0 0.0765625 0.482407 0.0302083 0.157407 0.390145
0 0.501562 0.473148 0.034375 0.15 0.397892
0 0.0765625 0.482407 0.0302083 0.157407 0.399353
0 0.501562 0.473148 0.034375 0.15 0.402517
0 0.0765625 0.482407 0.0302083 0.157407 0.405909
0 0.059375 0.487037 0.0625 0.174074 0.420839
0 0.0755208 0.477778 0.0302083 0.174074 0.429301
0 0.0755208 0.476852 0.0302083 0.172222 0.434666
0 0.0130208 0.496296 0.0260417 0.188889 0.440831
0 0.0135417 0.498148 0.0270833 0.192593 0.448561
0 0.059375 0.487037 0.0625 0.177778 0.470481
0 0.0130208 0.500926 0.0260417 0.183333 0.477504
0 0.0130208 0.500926 0.0260417 0.183333 0.481662
0 0.445312 0.439815 0.021875 0.101852 0.497205
0 0.410417 0.437963 0.0229167 0.101852 0.500005
0 0.445833 0.439815 0.0208333 0.101852 0.500917
0 0.445833 0.439815 0.0208333 0.101852 0.510504
0 0.0140625 0.498148 0.028125 0.188889 0.524788
0 0.0770833 0.476852 0.0291667 0.157407 0.528857
0 0.0770833 0.476852 0.0291667 0.157407 0.533659
0 0.0151042 0.494444 0.0302083 0.188889 0.533677
0 0.410937 0.438889 0.021875 0.107407 0.537131
0 0.410937 0.437963 0.021875 0.105556 0.537405
0 0.0442708 0.496296 0.040625 0.185185 0.539702
0 0.0145833 0.497222 0.0291667 0.183333 0.541782
0 0.0140625 0.497222 0.028125 0.187037 0.541831
0 0.075 0.485185 0.03125 0.174074 0.553541
0 0.0151042 0.496296 0.0302083 0.188889 0.565094
0 0.075 0.484259 0.03125 0.175926 0.570373
0 0.734896 0.556481 0.103125 0.45 0.575387
0 0.0145833 0.498148 0.0291667 0.181481 0.575425
0 0.734896 0.557407 0.103125 0.448148 0.587889
0 0.734896 0.557407 0.107292 0.448148 0.604005
0 0.0442708 0.496296 0.040625 0.185185 0.604841
0 0.444792 0.437037 0.0208333 0.107407 0.606496
0 0.502083 0.47037 0.0354167 0.151852 0.610918
0 0.501562 0.47037 0.034375 0.151852 0.614226
0 0.410417 0.439815 0.0229167 0.101852 0.618875
0 0.410937 0.437963 0.021875 0.101852 0.623581
0 0.0447917 0.493519 0.0395833 0.187037 0.631208
0 0.0479167 0.491667 0.0416667 0.187037 0.635846
0 0.410937 0.437963 0.021875 0.101852 0.636589
0 0.501562 0.47037 0.034375 0.151852 0.641767
0 0.410937 0.437963 0.021875 0.101852 0.642622
0 0.0447917 0.493519 0.0395833 0.187037 0.646653
0 0.0479167 0.491667 0.0416667 0.187037 0.653153
0 0.0145833 0.498148 0.0291667 0.185185 0.653595
0 0.445312 0.437963 0.0197917 0.105556 0.664903
0 0.0442708 0.496296 0.040625 0.185185 0.671898
0 0.0765625 0.47963 0.0302083 0.162963 0.678108
0 0.0140625 0.498148 0.028125 0.185185 0.683125
0 0.0765625 0.47963 0.0302083 0.162963 0.68335
0 0.0442708 0.496296 0.040625 0.188889 0.685488
0 0.04375 0.49537 0.0395833 0.187037 0.686737
0 0.445312 0.437963 0.0197917 0.109259 0.691409
0 0.0760417 0.481481 0.03125 0.162963 0.694098
0 0.445312 0.437963 0.0197917 0.109259 0.695869
0 0.410417 0.437963 0.0208333 0.101852 0.696155
0 0.04375 0.496296 0.0395833 0.188889 0.69858
0 0.0760417 0.480556 0.03125 0.161111 0.706305
0 0.410937 0.438889 0.021875 0.103704 0.712489
0 0.444792 0.437963 0.01875 0.101852 0.72318
0 0.0760417 0.481481 0.03125 0.162963 0.723292
0 0.410937 0.438889 0.021875 0.103704 0.723423
0 0.0140625 0.499074 0.028125 0.187037 0.728033
0 0.0140625 0.499074 0.028125 0.187037 0.735376
0 0.0453125 0.491667 0.040625 0.187037 0.735521
0 0.501042 0.468519 0.0354167 0.148148 0.739087
0 0.410937 0.437963 0.021875 0.101852 0.739409
0 0.444792 0.437963 0.01875 0.105556 0.740985
0 0.444271 0.437963 0.0197917 0.105556 0.742133
0 0.501042 0.468519 0.0354167 0.151852 0.749875
0 0.0453125 0.492593 0.040625 0.188889 0.753382
0 0.444271 0.437963 0.0197917 0.105556 0.766754
0 0.736458 0.555556 0.10625 0.440741 0.790501
0 0.735937 0.555556 0.105208 0.437037 0.792684
0 0.501042 0.469444 0.0354167 0.153704 0.799248
0 0.736458 0.558333 0.102083 0.446296 0.799507
0 0.736458 0.556481 0.10625 0.442593 0.802565
0 0.445312 0.438889 0.0197917 0.107407 0.805362
0 0.501042 0.469444 0.0333333 0.146296 0.809385
0 0.501042 0.47037 0.0333333 0.151852 0.814576
0 0.501042 0.469444 0.0333333 0.15 0.817795
0 0.500521 0.469444 0.034375 0.153704 0.817879
0 0.501042 0.47037 0.0333333 0.151852 0.825391
0 0.501042 0.469444 0.0354167 0.153704 0.828796
0 0.501042 0.47037 0.0333333 0.151852 0.841742
0 0.7375 0.560185 0.102083 0.446296 0.870516
0 0.736458 0.558333 0.102083 0.446296 0.875863
0 0.735937 0.558333 0.101042 0.45 0.879769
0 0.735937 0.559259 0.101042 0.448148 0.880285
0 0.734896 0.556481 0.103125 0.453704 0.88507
0 0.734375 0.557407 0.102083 0.451852 0.887199
0 0.734896 0.556481 0.103125 0.453704 0.888398
0 0.736979 0.560185 0.103125 0.446296 0.889973
