0 0.557292 0.327778 0.0166667 0.0518519 0.252247
0 0.503125 0.349074 0.0270833 0.142593 0.254436
0 0.479688 0.335185 0.015625 0.0851852 0.258157
0 0.502604 0.348148 0.028125 0.140741 0.261251
13 0.0921875 0.87037 0.178125 0.233333 0.261514
0 0.976042 0.588889 0.0458333 0.177778 0.264275
13 0.09375 0.847222 0.1875 0.175926 0.266222
0 0.604167 0.358333 0.03125 0.168519 0.269009
0 0.604167 0.357407 0.03125 0.166667 0.274428
0 0.346875 0.3 0.0125 0.0518519 0.279277
0 0.976042 0.589815 0.0458333 0.175926 0.280702
0 0.347396 0.3 0.0114583 0.0518519 0.289746
13 0.09375 0.874074 0.185417 0.237037 0.291372
0 0.976562 0.589815 0.046875 0.175926 0.292404
0 0.166146 0.461111 0.113542 0.488889 0.300975
0 0.222917 0.372222 0.05 0.288889 0.302435
13 0.0921875 0.84537 0.182292 0.175926 0.303179
0 0.323438 0.316667 0.0197917 0.0740741 0.310159
0 0.180208 0.439815 0.127083 0.468519 0.314404
0 0.632812 0.358333 0.028125 0.135185 0.315044
0 0.976042 0.587037 0.0479167 0.177778 0.316128
0 0.975 0.588889 0.05 0.177778 0.316791
13 0.0921875 0.844444 0.182292 0.177778 0.318164
0 0.976042 0.587037 0.0479167 0.177778 0.319332
0 0.975521 0.586111 0.0489583 0.175926 0.325288
0 0.296354 0.328704 0.028125 0.087037 0.342337
0 0.166146 0.459259 0.113542 0.492593 0.343038
0 0.975521 0.586111 0.0489583 0.175926 0.344858
13 0.0927083 0.87037 0.18125 0.233333 0.344972
13 0.0921875 0.87037 0.182292 0.22963 0.352374
13 0.0947917 0.874074 0.185417 0.233333 0.353441
0 0.975521 0.586111 0.0489583 0.175926 0.362821
0 0.296354 0.328704 0.028125 0.087037 0.365209
0 0.347396 0.299074 0.0114583 0.05 0.367526
0 0.347396 0.299074 0.0114583 0.05 0.368125
13 0.0947917 0.875 0.185417 0.235185 0.368562
0 0.296354 0.328704 0.028125 0.087037 0.371695
0 0.164583 0.448148 0.110417 0.488889 0.376236
0 0.323438 0.313889 0.021875 0.0685185 0.376536
0 0.976042 0.584259 0.0479167 0.172222 0.378951
0 0.498437 0.35 0.0302083 0.133333 0.386764
0 0.976042 0.585185 0.0479167 0.17037 0.387952
0 0.323438 0.313889 0.021875 0.0685185 0.391984
0 0.498437 0.351852 0.0302083 0.137037 0.39231
0 0.500521 0.35 0.028125 0.133333 0.395464
13 0.0932292 0.852778 0.178125 0.190741 0.40235
0 0.295312 0.336111 0.028125 0.0833333 0.411257
0 0.295312 0.331481 0.028125 0.0925926 0.41541
0 0.323438 0.313889 0.021875 0.0685185 0.415423
0 0.498437 0.351852 0.0302083 0.137037 0.423488
0 0.295833 0.332407 0.0291667 0.0944444 0.423543
0 0.295833 0.332407 0.0291667 0.0907407 0.426471
0 0.295312 0.336111 0.028125 0.0796296 0.445944
0 0.295312 0.337037 0.028125 0.0814815 0.449575
0 0.976042 0.586111 0.0479167 0.172222 0.453794
13 0.09375 0.869444 0.179167 0.235185 0.455548
0 0.975521 0.582407 0.046875 0.175926 0.4598
0 0.976042 0.586111 0.0479167 0.172222 0.465163
0 0.322396 0.32037 0.021875 0.0777778 0.467827
13 0.09375 0.85463 0.18125 0.198148 0.468831
0 0.976042 0.586111 0.0479167 0.172222 0.472062
13 0.09375 0.85463 0.18125 0.198148 0.4733
0 0.975521 0.582407 0.046875 0.172222 0.473778
0 0.295312 0.331481 0.0302083 0.0888889 0.492718
0 0.498437 0.350926 0.028125 0.135185 0.492786
0 0.498958 0.351852 0.03125 0.133333 0.493238
0 0.460938 0.35 0.0260417 0.133333 0.494366
0 0.460417 0.348148 0.0291667 0.133333 0.495061
0 0.296354 0.332407 0.028125 0.0944444 0.497007
0 0.614062 0.357407 0.046875 0.159259 0.499211
0 0.632812 0.358333 0.028125 0.142593 0.500543
0 0.499479 0.352778 0.0302083 0.135185 0.50859
0 0.632812 0.359259 0.028125 0.140741 0.508847
0 0.499479 0.350926 0.0302083 0.135185 0.539321
13 0.09375 0.868519 0.185417 0.225926 0.544835
0 0.322917 0.321296 0.0208333 0.0759259 0.547417
0 0.296354 0.334259 0.028125 0.0944444 0.548382
0 0.613021 0.356481 0.046875 0.161111 0.55222
13 0.0932292 0.865741 0.184375 0.224074 0.554404
0 0.322917 0.321296 0.0208333 0.0759259 0.557836
13 0.09375 0.868519 0.183333 0.233333 0.560575
13 0.09375 0.864815 0.185417 0.222222 0.560923
13 0.09375 0.868519 0.183333 0.233333 0.562294
0 0.296354 0.333333 0.028125 0.0925926 0.563331
13 0.09375 0.867593 0.185417 0.224074 0.563722
0 0.460417 0.349074 0.0270833 0.135185 0.565429
0 0.322917 0.321296 0.0208333 0.0759259 0.567935
0 0.613021 0.356481 0.046875 0.161111 0.58174
0 0.322917 0.321296 0.0208333 0.0759259 0.583863
0 0.221354 0.380556 0.053125 0.287037 0.588956
0 0.498958 0.35 0.03125 0.137037 0.59407
0 0.322917 0.322222 0.0208333 0.0777778 0.594112
0 0.633854 0.360185 0.0302083 0.131481 0.596969
0 0.322917 0.321296 0.0208333 0.0759259 0.597664
0 0.222917 0.37963 0.0520833 0.285185 0.600747
0 0.498958 0.35 0.03125 0.137037 0.602037
0 0.295312 0.332407 0.028125 0.087037 0.613079
0 0.222396 0.37963 0.0510417 0.285185 0.616169
0 0.500521 0.350926 0.028125 0.138889 0.616328
0 0.222396 0.37963 0.0510417 0.285185 0.621879
0 0.5 0.353704 0.03125 0.137037 0.622736
0 0.500521 0.35 0.028125 0.137037 0.631435
0 0.5 0.352778 0.03125 0.135185 0.635704
0 0.297396 0.330556 0.0260417 0.0907407 0.639023
0 0.604167 0.356481 0.0291667 0.164815 0.644938
0 0.633854 0.360185 0.028125 0.135185 0.645218
0 0.296354 0.333333 0.028125 0.0925926 0.645702
0 0.460417 0.349074 0.0270833 0.138889 0.654497
0 0.460417 0.35 0.0270833 0.140741 0.657347
0 0.604167 0.355556 0.0291667 0.166667 0.657375
0 0.5 0.353704 0.03125 0.137037 0.659346
0 0.296354 0.332407 0.028125 0.0907407 0.664453
0 0.297396 0.331481 0.0260417 0.0925926 0.66734
0 0.222917 0.378704 0.0520833 0.275926 0.675483
0 0.297396 0.330556 0.0260417 0.0907407 0.67613
0 0.460417 0.350926 0.0291667 0.146296 0.681597
0 0.605208 0.355556 0.03125 0.159259 0.682953
0 0.605208 0.355556 0.03125 0.159259 0.687851
0 0.163542 0.457407 0.10625 0.485185 0.693318
0 0.296354 0.333333 0.028125 0.0888889 0.695767
0 0.460417 0.350926 0.0291667 0.146296 0.70151
0 0.605208 0.35463 0.03125 0.157407 0.702509
0 0.460417 0.35 0.0291667 0.140741 0.704114
0 0.460417 0.35 0.0291667 0.140741 0.70695
0 0.296354 0.333333 0.028125 0.0888889 0.708034
0 0.633854 0.360185 0.0302083 0.135185 0.708113
0 0.460938 0.35 0.028125 0.144444 0.710942
0 0.460417 0.35 0.0291667 0.140741 0.712515
0 0.633333 0.360185 0.0291667 0.135185 0.715213
0 0.222917 0.37963 0.0520833 0.285185 0.723015
0 0.460938 0.350926 0.028125 0.138889 0.723694
0 0.460938 0.35 0.028125 0.137037 0.7283
0 0.459896 0.349074 0.028125 0.131481 0.730682
0 0.634375 0.358333 0.0291667 0.138889 0.731502
0 0.459896 0.348148 0.028125 0.12963 0.740069
0 0.1625 0.451852 0.104167 0.474074 0.743518
0 0.461458 0.35 0.0291667 0.137037 0.756135
0 0.634375 0.358333 0.0291667 0.138889 0.763299
0 0.634375 0.359259 0.0291667 0.137037 0.773305
0 0.634375 0.358333 0.0291667 0.138889 0.776586
0 0.222917 0.377778 0.0520833 0.281481 0.77874
0 0.605208 0.356481 0.03125 0.164815 0.781249
0 0.222396 0.377778 0.053125 0.281481 0.783522
0 0.222396 0.377778 0.053125 0.281481 0.786262
0 0.221875 0.37963 0.0541667 0.285185 0.787808
0 0.605208 0.356481 0.03125 0.164815 0.78894
0 0.605208 0.356481 0.03125 0.164815 0.789095
0 0.633854 0.358333 0.028125 0.138889 0.7989
0 0.222917 0.37963 0.0520833 0.288889 0.807932
0 0.165625 0.455556 0.108333 0.488889 0.810876
0 0.460417 0.349074 0.0270833 0.142593 0.814274
0 0.222917 0.377778 0.0520833 0.288889 0.817036
0 0.459896 0.349074 0.028125 0.138889 0.817305
0 0.633854 0.359259 0.028125 0.137037 0.817886
0 0.164062 0.453704 0.109375 0.496296 0.818171
0 0.633854 0.361111 0.028125 0.140741 0.81835
0 0.222917 0.377778 0.0520833 0.285185 0.818403
0 0.633854 0.360185 0.028125 0.138889 0.819581
0 0.605208 0.356481 0.0291667 0.164815 0.822574
0 0.164062 0.453704 0.109375 0.496296 0.826365
0 0.604688 0.356481 0.0302083 0.168519 0.827572
0 0.165104 0.455556 0.109375 0.488889 0.84791
0 0.163021 0.453704 0.105208 0.474074 0.87134
0 0.163021 0.453704 0.105208 0.474074 0.872233
0 0.163542 0.456481 0.10625 0.47963 0.887777
0 0.163542 0.456481 0.10625 0.487037 0.898054
