0 0.476042 0.340741 0.0270833 0.137037 0.250407
0 0.447917 0.325926 0.025 0.1 0.251969
0 0.451042 0.331481 0.0229167 0.118519 0.25276
26 0.844792 0.483333 0.0416667 0.151852 0.2551
0 0.448958 0.333333 0.0270833 0.125926 0.255737
26 0.844271 0.484259 0.0427083 0.157407 0.257172
0 0.333333 0.340741 0.0375 0.188889 0.259239
26 0.84375 0.484259 0.0416667 0.153704 0.262347
1 0.982292 0.67037 0.0354167 0.114815 0.265442
0 0.806771 0.550926 0.146875 0.687037 0.266849
1 0.982292 0.67037 0.0354167 0.111111 0.271231
0 0.229687 0.369444 0.0385417 0.22037 0.275215
0 0.474479 0.340741 0.028125 0.137037 0.276252
1 0.982292 0.67037 0.0354167 0.111111 0.279504
0 0.229167 0.369444 0.0395833 0.22037 0.280872
0 0.450521 0.335185 0.0239583 0.125926 0.285606
0 0.804688 0.553704 0.151042 0.67037 0.286103
0 0.232812 0.337963 0.0302083 0.15 0.286875
0 0.447917 0.325926 0.025 0.1 0.287411
1 0.981771 0.669444 0.0364583 0.116667 0.291125
0 0.451042 0.335185 0.0229167 0.125926 0.292518
0 0.232812 0.338889 0.0302083 0.151852 0.292655
0 0.625 0.321296 0.0208333 0.0907407 0.29371
0 0.447917 0.325926 0.025 0.1 0.295601
1 0.981771 0.667593 0.0364583 0.109259 0.295872
1 0.981771 0.668519 0.0364583 0.118519 0.297105
1 0.981771 0.663889 0.0364583 0.12037 0.297739
1 0.981771 0.669444 0.0364583 0.116667 0.302957
0 0.116146 0.336111 0.0197917 0.109259 0.307003
0 0.116667 0.335185 0.025 0.107407 0.308133
0 0.589063 0.342593 0.0302083 0.137037 0.308673
24 0.970312 0.47037 0.059375 0.296296 0.311987
1 0.981771 0.668519 0.0364583 0.111111 0.315878
1 0.981771 0.663889 0.0364583 0.116667 0.315945
0 0.80625 0.550926 0.145833 0.687037 0.319141
0 0.501562 0.337037 0.028125 0.140741 0.321691
0 0.501042 0.337037 0.0291667 0.140741 0.322094
1 0.981771 0.668519 0.0364583 0.111111 0.327927
0 0.589063 0.341667 0.0302083 0.135185 0.333417
0 0.589583 0.340741 0.0291667 0.137037 0.334286
0 0.624479 0.32037 0.021875 0.0925926 0.334553
0 0.447917 0.331481 0.025 0.118519 0.334607
1 0.981771 0.663889 0.0364583 0.116667 0.336234
0 0.624479 0.32037 0.021875 0.0925926 0.340262
0 0.447917 0.325926 0.025 0.111111 0.342884
0 0.589063 0.347222 0.0302083 0.138889 0.345266
0 0.934375 0.574074 0.13125 0.722222 0.34588
0 0.333333 0.35 0.0395833 0.185185 0.353343
0 0.798437 0.541667 0.138542 0.638889 0.353692
0 0.589583 0.347222 0.0291667 0.138889 0.35394
0 0.624479 0.321296 0.0197917 0.0981481 0.355327
0 0.227604 0.352778 0.0385417 0.187037 0.357324
0 0.589583 0.340741 0.0291667 0.133333 0.361635
0 0.807292 0.551852 0.152083 0.662963 0.36408
0 0.589583 0.340741 0.0291667 0.133333 0.36554
0 0.333333 0.35 0.0395833 0.185185 0.366082
0 0.589063 0.346296 0.0302083 0.140741 0.375354
0 0.589583 0.344444 0.0291667 0.137037 0.380329
0 0.473437 0.344444 0.028125 0.151852 0.383668
0 0.473437 0.344444 0.028125 0.151852 0.385429
0 0.229167 0.352778 0.0375 0.190741 0.397505
0 0.229167 0.351852 0.0375 0.188889 0.402422
0 0.116667 0.334259 0.0208333 0.109259 0.402966
0 0.116146 0.334259 0.021875 0.109259 0.406249
0 0.561458 0.326852 0.0270833 0.131481 0.408048
0 0.229687 0.362037 0.0364583 0.209259 0.410073
0 0.229687 0.362037 0.0364583 0.209259 0.41052
0 0.478646 0.338889 0.0302083 0.155556 0.41627
0 0.116667 0.334259 0.0208333 0.109259 0.418635
0 0.479167 0.338889 0.0291667 0.155556 0.427361
0 0.229687 0.362037 0.0364583 0.209259 0.428484
0 0.116146 0.334259 0.021875 0.105556 0.431821
0 0.23125 0.359259 0.0354167 0.207407 0.433421
0 0.589583 0.34537 0.0291667 0.131481 0.433466
0 0.230729 0.359259 0.0364583 0.207407 0.437838
0 0.116146 0.334259 0.021875 0.105556 0.44617
0 0.116146 0.334259 0.021875 0.105556 0.446812
0 0.478646 0.338889 0.0302083 0.151852 0.456384
0 0.802604 0.553704 0.144792 0.648148 0.466305
0 0.476042 0.339815 0.0270833 0.146296 0.473058
0 0.474479 0.341667 0.0302083 0.15 0.474428
0 0.623958 0.317593 0.0208333 0.0907407 0.477386
0 0.475521 0.341667 0.0302083 0.15 0.479583
0 0.476562 0.340741 0.028125 0.144444 0.487105
0 0.505729 0.336111 0.0177083 0.127778 0.492557
0 0.624479 0.317593 0.021875 0.0907407 0.495191
0 0.230208 0.360185 0.0354167 0.205556 0.501132
0 0.561458 0.328704 0.0270833 0.127778 0.503752
0 0.623958 0.318519 0.0208333 0.0925926 0.504378
0 0.592708 0.339815 0.0333333 0.142593 0.504571
0 0.623438 0.318519 0.021875 0.1 0.505944
0 0.230208 0.360185 0.0354167 0.209259 0.506256
0 0.805208 0.541667 0.154167 0.638889 0.51018
0 0.230208 0.361111 0.0354167 0.211111 0.513904
0 0.593229 0.339815 0.034375 0.142593 0.520261
0 0.797917 0.552778 0.133333 0.65 0.523682
0 0.476042 0.341667 0.0291667 0.15 0.524916
0 0.560938 0.327778 0.0260417 0.125926 0.529455
0 0.588542 0.34537 0.0291667 0.142593 0.537674
0 0.592708 0.339815 0.0333333 0.142593 0.53915
0 0.477083 0.338889 0.03125 0.148148 0.539692
0 0.560938 0.327778 0.0260417 0.125926 0.539813
0 0.277604 0.315741 0.0197917 0.0833333 0.540666
0 0.505729 0.333333 0.0197917 0.125926 0.544597
0 0.588542 0.344444 0.0291667 0.144444 0.545565
0 0.935938 0.555556 0.128125 0.72963 0.545861
0 0.797917 0.548148 0.141667 0.666667 0.551791
0 0.505208 0.335185 0.0208333 0.125926 0.557692
0 0.477604 0.338889 0.0302083 0.148148 0.557724
0 0.505729 0.336111 0.0197917 0.131481 0.55774
0 0.561458 0.328704 0.0270833 0.127778 0.559773
0 0.50625 0.336111 0.01875 0.131481 0.561298
0 0.276042 0.312037 0.0208333 0.0907407 0.577632
0 0.623438 0.319444 0.0197917 0.0907407 0.583039
0 0.277083 0.315741 0.0208333 0.0796296 0.584703
0 0.332292 0.35 0.0395833 0.2 0.584771
0 0.276563 0.315741 0.0197917 0.0833333 0.588617
0 0.475 0.340741 0.0291667 0.144444 0.589413
0 0.332292 0.35 0.0395833 0.2 0.594115
0 0.475 0.340741 0.0291667 0.144444 0.598807
0 0.802604 0.553704 0.142708 0.67037 0.60252
0 0.623438 0.318519 0.0197917 0.0925926 0.603135
0 0.477083 0.339815 0.03125 0.15 0.604684
0 0.332292 0.35 0.0395833 0.2 0.606298
0 0.561458 0.328704 0.0291667 0.131481 0.608759
0 0.561458 0.328704 0.0270833 0.127778 0.609831
0 0.623438 0.318519 0.0197917 0.0925926 0.624249
0 0.276042 0.312963 0.0208333 0.0888889 0.632224
0 0.623958 0.32037 0.0208333 0.0925926 0.633387
0 0.623958 0.318519 0.0208333 0.0925926 0.636016
0 0.623958 0.32037 0.0208333 0.0925926 0.638153
0 0.276563 0.312963 0.0197917 0.0888889 0.639845
0 0.935417 0.559259 0.127083 0.72963 0.639902
0 0.561979 0.327778 0.028125 0.125926 0.644517
0 0.277083 0.313889 0.01875 0.087037 0.645628
0 0.589063 0.343519 0.0302083 0.138889 0.651138
0 0.561458 0.328704 0.0270833 0.127778 0.652254
0 0.276042 0.312037 0.0208333 0.087037 0.657758
0 0.276042 0.312037 0.0208333 0.087037 0.658311
0 0.589583 0.346296 0.0291667 0.137037 0.658314
0 0.561458 0.328704 0.0291667 0.131481 0.668354
0 0.932292 0.562037 0.127083 0.705556 0.673186
0 0.589583 0.346296 0.0291667 0.137037 0.675933
0 0.589063 0.343519 0.0302083 0.138889 0.676092
0 0.622917 0.319444 0.0208333 0.0981481 0.676481
0 0.561458 0.328704 0.0291667 0.131481 0.680718
0 0.561458 0.325926 0.0270833 0.12963 0.684374
0 0.935417 0.557407 0.129167 0.722222 0.692216
0 0.476562 0.340741 0.028125 0.151852 0.692264
0 0.276563 0.316667 0.0197917 0.0888889 0.701626
0 0.561458 0.327778 0.0270833 0.125926 0.702388
0 0.561979 0.328704 0.028125 0.127778 0.704081
0 0.589063 0.344444 0.0302083 0.137037 0.706653
0 0.476562 0.340741 0.028125 0.148148 0.708612
0 0.589583 0.344444 0.0291667 0.140741 0.711089
0 0.802604 0.552778 0.142708 0.668519 0.711542
0 0.589063 0.344444 0.0302083 0.140741 0.716533
0 0.276563 0.316667 0.0197917 0.0851852 0.717659
0 0.805729 0.546296 0.151042 0.662963 0.720214
0 0.276563 0.316667 0.0197917 0.0851852 0.72382
0 0.561458 0.328704 0.0270833 0.127778 0.734695
0 0.561458 0.325926 0.0270833 0.125926 0.736472
0 0.561458 0.325 0.0270833 0.127778 0.745128
0 0.561458 0.328704 0.0270833 0.127778 0.752272
0 0.802604 0.55 0.144792 0.666667 0.756764
0 0.332812 0.34537 0.0385417 0.187037 0.76608
0 0.333333 0.35 0.0375 0.196296 0.768601
0 0.333333 0.35 0.0375 0.196296 0.773153
0 0.332812 0.346296 0.0385417 0.188889 0.773434
0 0.333333 0.349074 0.0375 0.198148 0.777092
0 0.333333 0.35 0.0375 0.192593 0.784436
0 0.332812 0.347222 0.0385417 0.190741 0.79067
0 0.333333 0.350926 0.0375 0.194444 0.792534
0 0.797917 0.552778 0.135417 0.668519 0.796998
0 0.332812 0.347222 0.0385417 0.190741 0.798149
0 0.333333 0.349074 0.0375 0.194444 0.804334
0 0.935938 0.558333 0.128125 0.727778 0.815095
0 0.934375 0.561111 0.13125 0.722222 0.823503
0 0.935417 0.556481 0.129167 0.724074 0.834858
0 0.933854 0.561111 0.130208 0.722222 0.841797
0 0.802604 0.551852 0.140625 0.659259 0.880257
0 0.802604 0.551852 0.140625 0.659259 0.885202
0 0.934896 0.560185 0.130208 0.716667 0.888329
