0 0.302604 0.410185 0.0677083 0.316667 0.253123
0 0.680729 0.351852 0.0177083 0.0962963 0.259737
0 0.242188 0.340741 0.0260417 0.0925926 0.262187
0 0.271354 0.341667 0.021875 0.0833333 0.265203
0 0.271875 0.342593 0.0229167 0.0851852 0.266887
0 0.258854 0.338889 0.0322917 0.0888889 0.271643
0 0.208854 0.337037 0.0614583 0.159259 0.272874
0 0.208854 0.337037 0.0614583 0.159259 0.273904
0 0.968229 0.526852 0.0635417 0.85 0.27642
0 0.242188 0.340741 0.0260417 0.0925926 0.278698
0 0.242188 0.341667 0.0260417 0.0944444 0.280498
0 0.271875 0.341667 0.0229167 0.0833333 0.286575
0 0.452604 0.344444 0.0239583 0.1 0.289541
0 0.491146 0.367593 0.0260417 0.131481 0.290051
0 0.266667 0.338889 0.0270833 0.0851852 0.297824
29 0.976562 0.266667 0.046875 0.288889 0.301015
0 0.266146 0.337963 0.0260417 0.087037 0.303298
0 0.452604 0.34537 0.0239583 0.101852 0.305796
29 0.975521 0.268519 0.0489583 0.292593 0.308442
13 0.369792 0.567593 0.110417 0.124074 0.309374
0 0.971354 0.526852 0.0572917 0.853704 0.31492
0 0.241146 0.34537 0.0239583 0.087037 0.317642
0 0.452604 0.34537 0.0239583 0.101852 0.318489
0 0.266146 0.337963 0.0260417 0.087037 0.318908
0 0.469271 0.344444 0.0177083 0.0851852 0.322984
0 0.469792 0.34537 0.01875 0.087037 0.325729
0 0.454167 0.352778 0.0270833 0.105556 0.331818
0 0.241146 0.34537 0.0239583 0.087037 0.338042
13 0.370833 0.567593 0.110417 0.124074 0.345494
0 0.241146 0.34537 0.0239583 0.087037 0.346495
0 0.967188 0.532407 0.065625 0.842593 0.347352
0 0.679167 0.357407 0.0208333 0.107407 0.35235
0 0.45 0.353704 0.0291667 0.114815 0.353776
13 0.371354 0.567593 0.111458 0.124074 0.354985
13 0.371354 0.567593 0.111458 0.124074 0.356843
0 0.259375 0.335185 0.0229167 0.0925926 0.35703
13 0.369792 0.569444 0.114583 0.124074 0.360206
0 0.45 0.35463 0.0270833 0.116667 0.363301
0 0.258854 0.339815 0.0177083 0.087037 0.364622
0 0.679688 0.357407 0.0197917 0.103704 0.367445
0 0.96875 0.54537 0.0604167 0.868519 0.368765
0 0.451562 0.35 0.0260417 0.111111 0.368864
0 0.258854 0.339815 0.0177083 0.087037 0.372577
0 0.272917 0.342593 0.0208333 0.0851852 0.374276
0 0.469792 0.34537 0.01875 0.087037 0.374956
29 0.976562 0.268519 0.046875 0.281481 0.375904
0 0.469792 0.344444 0.01875 0.0888889 0.384981
0 0.45 0.353704 0.0291667 0.114815 0.385277
0 0.971354 0.587963 0.0572917 0.738889 0.385801
0 0.469792 0.34537 0.01875 0.087037 0.386399
0 0.490625 0.368519 0.025 0.12963 0.386473
13 0.370833 0.566667 0.114583 0.125926 0.388623
0 0.469271 0.34537 0.0177083 0.087037 0.389997
0 0.258854 0.339815 0.0177083 0.087037 0.390556
0 0.452604 0.350926 0.028125 0.105556 0.396655
0 0.679167 0.357407 0.0208333 0.103704 0.398629
0 0.301562 0.419444 0.0739583 0.324074 0.398734
13 0.369792 0.566667 0.1125 0.125926 0.401699
29 0.976562 0.268519 0.0447917 0.292593 0.402082
0 0.452083 0.352778 0.0270833 0.116667 0.403172
13 0.370313 0.568519 0.113542 0.125926 0.403216
13 0.370833 0.567593 0.114583 0.127778 0.406008
0 0.452083 0.351852 0.0270833 0.114815 0.412747
0 0.449479 0.35463 0.028125 0.12037 0.421342
29 0.977083 0.268519 0.0458333 0.292593 0.427271
0 0.45 0.35463 0.0270833 0.12037 0.427503
0 0.450521 0.353704 0.028125 0.111111 0.431932
0 0.491146 0.369444 0.0260417 0.127778 0.431998
29 0.976562 0.268519 0.0447917 0.292593 0.432017
29 0.977083 0.265741 0.0458333 0.290741 0.436526
0 0.491667 0.369444 0.025 0.127778 0.437829
0 0.491667 0.369444 0.025 0.127778 0.440682
29 0.977604 0.267593 0.0447917 0.287037 0.44212
0 0.490625 0.366667 0.0270833 0.133333 0.448206
0 0.490625 0.366667 0.0270833 0.133333 0.450991
0 0.680729 0.362037 0.0177083 0.0981481 0.461184
0 0.258854 0.337037 0.0197917 0.0925926 0.464048
0 0.210417 0.333333 0.0666667 0.159259 0.467811
0 0.258333 0.337037 0.01875 0.0925926 0.469849
0 0.579167 0.363889 0.03125 0.161111 0.470895
29 0.977604 0.266667 0.0447917 0.288889 0.473821
29 0.977604 0.266667 0.0447917 0.288889 0.475805
0 0.258854 0.337037 0.0197917 0.0925926 0.47908
0 0.680729 0.362037 0.0177083 0.101852 0.483443
29 0.977083 0.265741 0.0458333 0.290741 0.483684
0 0.210417 0.335185 0.0645833 0.159259 0.48431
29 0.977083 0.265741 0.0458333 0.290741 0.484379
0 0.579167 0.363889 0.0291667 0.161111 0.487021
0 0.210417 0.335185 0.0666667 0.159259 0.490329
0 0.680729 0.362037 0.0177083 0.101852 0.502521
0 0.96875 0.501852 0.0604167 0.996296 0.518746
0 0.491146 0.366667 0.0260417 0.133333 0.532991
0 0.621354 0.372222 0.0302083 0.12963 0.533243
0 0.209375 0.336111 0.0604167 0.157407 0.546248
0 0.490625 0.366667 0.0270833 0.12963 0.548578
0 0.490625 0.365741 0.025 0.127778 0.550512
0 0.209896 0.336111 0.0614583 0.157407 0.56643
0 0.680208 0.360185 0.01875 0.109259 0.57923
0 0.680208 0.357407 0.01875 0.107407 0.579677
0 0.209896 0.336111 0.0614583 0.157407 0.589588
0 0.302083 0.415741 0.0708333 0.324074 0.594811
0 0.680208 0.356481 0.01875 0.109259 0.59565
0 0.680208 0.359259 0.01875 0.107407 0.598331
0 0.680208 0.356481 0.01875 0.109259 0.598772
0 0.490625 0.366667 0.025 0.12963 0.601698
0 0.491146 0.365741 0.0260417 0.131481 0.604375
0 0.969271 0.52963 0.0614583 0.837037 0.60603
0 0.621354 0.373148 0.0302083 0.135185 0.620048
0 0.679688 0.359259 0.0177083 0.111111 0.628106
0 0.620833 0.372222 0.0291667 0.133333 0.631792
0 0.580208 0.362963 0.0333333 0.162963 0.632804
0 0.490625 0.366667 0.025 0.12963 0.634872
0 0.620833 0.375 0.0291667 0.131481 0.64001
0 0.490625 0.366667 0.025 0.12963 0.643132
0 0.580208 0.362963 0.0333333 0.162963 0.644553
0 0.490625 0.366667 0.025 0.12963 0.648744
0 0.580208 0.363889 0.0333333 0.161111 0.649073
0 0.970833 0.528704 0.0583333 0.827778 0.650077
0 0.490625 0.366667 0.025 0.12963 0.651988
0 0.210417 0.333333 0.0625 0.155556 0.677235
0 0.213021 0.333333 0.0635417 0.151852 0.681989
0 0.210417 0.333333 0.0625 0.155556 0.688006
0 0.213021 0.333333 0.0635417 0.151852 0.694829
0 0.302604 0.418519 0.0697917 0.333333 0.698086
0 0.302604 0.418519 0.0697917 0.333333 0.701971
0 0.210417 0.334259 0.0625 0.157407 0.706029
0 0.303125 0.419444 0.0666667 0.327778 0.708616
0 0.620833 0.374074 0.0291667 0.133333 0.710643
0 0.209896 0.336111 0.0635417 0.157407 0.71938
0 0.490625 0.366667 0.025 0.133333 0.72183
0 0.303646 0.419444 0.065625 0.327778 0.723292
0 0.620313 0.375 0.0302083 0.131481 0.724533
0 0.303125 0.419444 0.0666667 0.327778 0.728483
0 0.620833 0.375 0.0291667 0.131481 0.734119
0 0.211458 0.334259 0.0625 0.157407 0.738065
0 0.211458 0.334259 0.0625 0.153704 0.739622
0 0.209896 0.333333 0.0635417 0.155556 0.753609
0 0.209896 0.334259 0.0614583 0.157407 0.756714
0 0.302083 0.42037 0.06875 0.337037 0.759211
0 0.210417 0.334259 0.0604167 0.157407 0.762125
0 0.580729 0.364815 0.0322917 0.159259 0.762868
0 0.620833 0.374074 0.0291667 0.137037 0.763677
0 0.620833 0.375 0.0291667 0.135185 0.767079
0 0.210417 0.334259 0.0604167 0.157407 0.76882
0 0.580729 0.364815 0.0322917 0.162963 0.773761
0 0.580208 0.364815 0.03125 0.159259 0.777749
0 0.620313 0.374074 0.0302083 0.137037 0.781714
0 0.620833 0.374074 0.0291667 0.137037 0.782021
0 0.580208 0.364815 0.03125 0.159259 0.78386
0 0.620833 0.374074 0.03125 0.137037 0.785091
0 0.302604 0.421296 0.0677083 0.331481 0.788091
0 0.210417 0.335185 0.0625 0.159259 0.78946
0 0.302604 0.42037 0.0697917 0.337037 0.789889
0 0.302083 0.42037 0.06875 0.32963 0.792585
0 0.620833 0.374074 0.03125 0.137037 0.794524
0 0.302083 0.42037 0.06875 0.32963 0.795679
0 0.580208 0.362963 0.0333333 0.159259 0.796787
0 0.620313 0.374074 0.0302083 0.137037 0.796809
0 0.580208 0.362963 0.0333333 0.155556 0.799775
0 0.302604 0.421296 0.0697917 0.335185 0.807459
0 0.580208 0.364815 0.03125 0.159259 0.808624
0 0.580729 0.363889 0.0322917 0.161111 0.808919
0 0.580729 0.363889 0.0322917 0.161111 0.809905
0 0.302604 0.421296 0.0677083 0.335185 0.814708
0 0.620313 0.374074 0.0302083 0.133333 0.819024
0 0.620833 0.374074 0.0291667 0.137037 0.820238
0 0.620833 0.374074 0.03125 0.137037 0.823567
0 0.620833 0.374074 0.0291667 0.137037 0.823931
0 0.580729 0.363889 0.0322917 0.161111 0.825552
0 0.303125 0.419444 0.0666667 0.331481 0.848948
0 0.303125 0.419444 0.0666667 0.331481 0.853438
0 0.303125 0.418519 0.0666667 0.32963 0.856554
