0 0.659375 0.525926 0.0458333 0.274074 0.251237
0 0.0708333 0.510185 0.0416667 0.17963 0.251365
0 0.703646 0.477778 0.0197917 0.103704 0.253585
0 0.495313 0.47037 0.021875 0.103704 0.254888
0 0.249479 0.459259 0.015625 0.0592593 0.256004
0 0.703646 0.477778 0.0197917 0.103704 0.256891
0 0.661979 0.537037 0.040625 0.285185 0.257603
0 0.703125 0.478704 0.01875 0.0981481 0.25829
0 0.494792 0.47037 0.0208333 0.103704 0.260732
0 0.252083 0.459259 0.0166667 0.0592593 0.261873
0 0.303646 0.462963 0.0177083 0.0777778 0.262846
0 0.703125 0.47963 0.01875 0.1 0.263255
26 0.141146 0.593518 0.0302083 0.0685185 0.263779
28 0.552604 0.606481 0.084375 0.0685185 0.264078
0 0.164583 0.539815 0.05625 0.242593 0.264902
26 0.141146 0.594444 0.0302083 0.0703704 0.265248
26 0.683333 0.590741 0.025 0.0777778 0.267147
0 0.494792 0.465741 0.0270833 0.105556 0.267421
0 0.703646 0.477778 0.0197917 0.103704 0.270101
0 0.0703125 0.509259 0.0427083 0.181481 0.27052
0 0.478646 0.467593 0.0239583 0.0981481 0.270567
0 0.494271 0.466667 0.0260417 0.107407 0.270758
0 0.606771 0.491667 0.034375 0.127778 0.271469
0 0.248958 0.459259 0.0166667 0.0592593 0.273196
28 0.552083 0.606481 0.0854167 0.0685185 0.273798
0 0.703125 0.47963 0.01875 0.1 0.275434
0 0.0682292 0.506481 0.040625 0.187037 0.276704
26 0.683333 0.591667 0.025 0.0796296 0.288687
0 0.156771 0.533333 0.040625 0.240741 0.289547
0 0.0677083 0.507407 0.0395833 0.188889 0.291943
0 0.479167 0.467593 0.025 0.101852 0.292011
26 0.141667 0.592593 0.03125 0.0740741 0.292653
0 0.478646 0.467593 0.0239583 0.101852 0.296757
0 0.172917 0.534259 0.0520833 0.242593 0.29784
0 0.248958 0.459259 0.0166667 0.0592593 0.299003
0 0.164583 0.539815 0.05625 0.246296 0.299771
26 0.141667 0.590741 0.03125 0.0740741 0.305683
0 0.703125 0.480556 0.01875 0.101852 0.307781
0 0.445833 0.460185 0.0166667 0.0759259 0.309551
0 0.180208 0.52037 0.0416667 0.222222 0.312861
0 0.445833 0.460185 0.0166667 0.0796296 0.315008
26 0.141667 0.592593 0.03125 0.0740741 0.318746
28 0.545313 0.60463 0.0739583 0.0685185 0.318923
0 0.659375 0.531482 0.05 0.285185 0.322235
28 0.545833 0.60463 0.0729167 0.0685185 0.322295
26 0.141667 0.592593 0.03125 0.0740741 0.323177
0 0.170312 0.535185 0.059375 0.248148 0.32366
0 0.303125 0.462963 0.01875 0.0777778 0.325712
26 0.682813 0.590741 0.0260417 0.0777778 0.327385
0 0.445833 0.460185 0.0166667 0.0759259 0.329669
0 0.303125 0.462963 0.01875 0.0777778 0.333549
26 0.683333 0.591667 0.0270833 0.0722222 0.335654
0 0.180208 0.518519 0.0416667 0.225926 0.336362
0 0.494792 0.465741 0.025 0.109259 0.345737
0 0.119792 0.518519 0.0395833 0.177778 0.345926
0 0.494792 0.465741 0.025 0.105556 0.348972
0 0.658854 0.530556 0.0489583 0.275926 0.35037
0 0.303125 0.462963 0.01875 0.0777778 0.352865
0 0.178125 0.534259 0.0479167 0.246296 0.35338
0 0.494792 0.466667 0.025 0.107407 0.354568
26 0.141667 0.590741 0.03125 0.0740741 0.360663
0 0.164062 0.540741 0.0552083 0.244444 0.361934
0 0.177604 0.534259 0.046875 0.246296 0.365185
0 0.494792 0.462037 0.0229167 0.0981481 0.367581
0 0.473437 0.468519 0.0197917 0.0962963 0.36767
0 0.120312 0.518519 0.0385417 0.177778 0.376855
0 0.172917 0.533333 0.05625 0.251852 0.377298
0 0.0677083 0.513889 0.0395833 0.187037 0.378225
0 0.177604 0.534259 0.046875 0.242593 0.378476
0 0.703125 0.477778 0.01875 0.107407 0.378617
26 0.141667 0.591667 0.03125 0.0759259 0.386141
0 0.473437 0.469444 0.0197917 0.0981481 0.388801
26 0.141667 0.592593 0.03125 0.0740741 0.389246
26 0.141667 0.592593 0.03125 0.0740741 0.394238
0 0.0671875 0.513889 0.0385417 0.183333 0.396184
0 0.473437 0.468519 0.0197917 0.0962963 0.402985
0 0.495313 0.462037 0.021875 0.101852 0.410791
26 0.141146 0.589815 0.0322917 0.0796296 0.411448
0 0.494792 0.462963 0.0229167 0.103704 0.412886
0 0.177604 0.531482 0.046875 0.240741 0.413564
0 0.659375 0.530556 0.0479167 0.27963 0.416623
0 0.120312 0.517593 0.0385417 0.175926 0.425799
0 0.115104 0.516667 0.0260417 0.174074 0.433929
0 0.114583 0.516667 0.025 0.17037 0.438685
26 0.141667 0.588889 0.0333333 0.0777778 0.448263
0 0.0666667 0.510185 0.0375 0.183333 0.448573
0 0.15625 0.533333 0.0416667 0.251852 0.451782
0 0.0671875 0.510185 0.0364583 0.183333 0.462283
0 0.172917 0.533333 0.05625 0.248148 0.468605
0 0.444792 0.459259 0.0166667 0.0777778 0.499837
0 0.444792 0.459259 0.0166667 0.0777778 0.513122
0 0.444792 0.458333 0.0166667 0.0759259 0.522467
0 0.49375 0.467593 0.025 0.105556 0.530109
0 0.445833 0.458333 0.0166667 0.0759259 0.530979
0 0.606771 0.499074 0.0364583 0.153704 0.531915
0 0.495833 0.464815 0.025 0.1 0.538207
0 0.171875 0.533333 0.0541667 0.244444 0.542475
0 0.444792 0.459259 0.0166667 0.0777778 0.545886
0 0.176563 0.531482 0.0510417 0.240741 0.548718
0 0.606771 0.5 0.0364583 0.151852 0.550524
0 0.606771 0.505556 0.0364583 0.155556 0.551545
0 0.444792 0.458333 0.0166667 0.0796296 0.554328
0 0.444271 0.458333 0.0177083 0.0796296 0.557719
0 0.495833 0.463889 0.0229167 0.101852 0.560992
0 0.495313 0.463889 0.0239583 0.101852 0.561679
0 0.60625 0.505556 0.0354167 0.159259 0.56474
0 0.60625 0.50463 0.0354167 0.157407 0.57024
0 0.444792 0.458333 0.0166667 0.0796296 0.577038
0 0.171875 0.533333 0.0541667 0.244444 0.577866
0 0.175521 0.532407 0.0510417 0.242593 0.594979
0 0.660417 0.536111 0.04375 0.268519 0.618984
0 0.171875 0.533333 0.0541667 0.248148 0.61926
0 0.494792 0.465741 0.0229167 0.101852 0.624605
0 0.114583 0.514815 0.0270833 0.166667 0.629366
0 0.175521 0.532407 0.0510417 0.242593 0.63154
0 0.115104 0.514815 0.028125 0.166667 0.631842
0 0.494792 0.465741 0.0229167 0.105556 0.642339
0 0.494792 0.466667 0.0229167 0.103704 0.647775
0 0.177604 0.530556 0.0489583 0.25 0.648688
0 0.173438 0.534259 0.053125 0.257407 0.650145
0 0.114583 0.514815 0.0270833 0.166667 0.651962
0 0.494792 0.465741 0.0229167 0.105556 0.65405
0 0.660937 0.535185 0.0447917 0.27037 0.65879
0 0.606771 0.502778 0.0364583 0.15 0.664032
0 0.659896 0.530556 0.046875 0.27963 0.665703
0 0.115104 0.514815 0.028125 0.166667 0.673465
0 0.114583 0.513889 0.0291667 0.164815 0.673921
0 0.660417 0.530556 0.0458333 0.27963 0.686102
0 0.659896 0.530556 0.046875 0.283333 0.690828
0 0.606771 0.503704 0.0364583 0.151852 0.698171
0 0.660417 0.534259 0.04375 0.268519 0.699351
0 0.115104 0.515741 0.028125 0.168519 0.701066
0 0.494792 0.465741 0.0229167 0.105556 0.701382
0 0.660417 0.532407 0.0458333 0.275926 0.70409
0 0.661458 0.533333 0.0416667 0.27037 0.709978
0 0.114583 0.513889 0.0270833 0.164815 0.720494
0 0.60625 0.502778 0.0354167 0.157407 0.721876
0 0.114583 0.515741 0.0270833 0.164815 0.722417
0 0.606771 0.502778 0.0364583 0.15 0.723936
0 0.60625 0.502778 0.0354167 0.15 0.725982
0 0.114583 0.513889 0.0270833 0.164815 0.727984
0 0.60625 0.502778 0.0354167 0.161111 0.729862
0 0.114583 0.516667 0.0270833 0.166667 0.733605
0 0.06875 0.512037 0.0395833 0.183333 0.742944
0 0.660937 0.532407 0.0447917 0.275926 0.742989
0 0.60625 0.502778 0.0354167 0.15 0.746661
0 0.06875 0.512963 0.0395833 0.185185 0.756068
0 0.06875 0.512037 0.0395833 0.187037 0.764361
0 0.06875 0.510185 0.0395833 0.17963 0.769208
0 0.0682292 0.511111 0.0385417 0.185185 0.770306
0 0.60625 0.502778 0.0354167 0.15 0.772974
0 0.660937 0.532407 0.0447917 0.275926 0.781816
0 0.0682292 0.510185 0.0385417 0.183333 0.791034
0 0.0682292 0.512037 0.0385417 0.187037 0.797711
0 0.06875 0.510185 0.0395833 0.17963 0.800446
0 0.6625 0.534259 0.0395833 0.272222 0.800835
0 0.0682292 0.510185 0.0385417 0.183333 0.801146
0 0.06875 0.509259 0.0395833 0.181481 0.819751
0 0.0682292 0.512037 0.0385417 0.187037 0.824092
