0 0.772917 0.640741 0.116667 0.677778 0.250394
13 0.428646 0.460185 0.040625 0.0648148 0.251864
0 0.149479 0.360185 0.0239583 0.112963 0.252411
0 0.450521 0.348148 0.021875 0.0666667 0.255819
0 0.269792 0.365741 0.0145833 0.109259 0.256847
26 0.824479 0.571296 0.065625 0.135185 0.257783
0 0.497396 0.382407 0.0427083 0.127778 0.257856
0 0.270833 0.363889 0.0166667 0.101852 0.261443
13 0.428646 0.460185 0.040625 0.0648148 0.261607
0 0.151042 0.361111 0.0229167 0.103704 0.261905
0 0.933854 0.606481 0.130208 0.590741 0.263436
13 0.339063 0.456481 0.144792 0.142593 0.263992
0 0.739583 0.444444 0.0541667 0.311111 0.267269
0 0.740104 0.437037 0.0510417 0.303704 0.274356
0 0.151042 0.361111 0.0229167 0.103704 0.2781
0 0.497917 0.382407 0.0416667 0.127778 0.280927
26 0.831771 0.573148 0.046875 0.124074 0.282654
0 0.740104 0.40463 0.0489583 0.242593 0.285223
0 0.269271 0.367593 0.015625 0.116667 0.28683
0 0.929688 0.62037 0.140625 0.688889 0.287792
0 0.0151042 0.394444 0.0302083 0.17037 0.288306
0 0.740625 0.371296 0.0458333 0.175926 0.288319
0 0.740625 0.372222 0.0458333 0.174074 0.290668
0 0.740625 0.372222 0.0458333 0.174074 0.292201
0 0.151042 0.361111 0.0229167 0.103704 0.292272
0 0.505729 0.381481 0.028125 0.133333 0.29379
0 0.505729 0.380556 0.028125 0.131481 0.295917
0 0.739583 0.380556 0.0458333 0.190741 0.303654
0 0.740104 0.380556 0.046875 0.190741 0.305469
0 0.478125 0.37963 0.0229167 0.133333 0.307068
26 0.830729 0.572222 0.0489583 0.12963 0.307077
0 0.351562 0.384259 0.028125 0.157407 0.307922
0 0.148958 0.361111 0.0229167 0.107407 0.309286
26 0.830208 0.572222 0.05 0.12963 0.30973
0 0.740104 0.380556 0.046875 0.190741 0.31221
0 0.921875 0.614815 0.120833 0.648148 0.313595
0 0.353646 0.393519 0.028125 0.131481 0.316852
0 0.351562 0.385185 0.028125 0.155556 0.317441
0 0.148958 0.362037 0.0229167 0.109259 0.319206
0 0.507292 0.381481 0.0291667 0.125926 0.320638
0 0.921875 0.615741 0.122917 0.657407 0.322834
0 0.148958 0.362037 0.0229167 0.109259 0.324602
0 0.0151042 0.394444 0.0302083 0.17037 0.332034
0 0.354167 0.393519 0.0270833 0.146296 0.33352
0 0.514063 0.376852 0.0239583 0.12037 0.337545
0 0.150521 0.359259 0.021875 0.107407 0.34141
0 0.775521 0.627778 0.119792 0.640741 0.341903
0 0.354167 0.393519 0.0270833 0.146296 0.345108
26 0.827083 0.574074 0.0541667 0.137037 0.346252
0 0.505729 0.382407 0.028125 0.127778 0.350858
0 0.558333 0.396296 0.03125 0.151852 0.353174
0 0.354688 0.39537 0.0302083 0.135185 0.357598
0 0.557813 0.396296 0.0302083 0.151852 0.35763
26 0.827604 0.574074 0.053125 0.137037 0.359464
0 0.782292 0.626852 0.129167 0.635185 0.36044
26 0.827083 0.574074 0.0541667 0.137037 0.363224
0 0.777604 0.623148 0.121875 0.642593 0.365078
0 0.739583 0.431481 0.0458333 0.288889 0.365441
0 0.739583 0.430556 0.0458333 0.290741 0.375234
0 0.252083 0.366667 0.0229167 0.114815 0.377237
0 0.739583 0.430556 0.0458333 0.290741 0.378038
26 0.822917 0.57037 0.0625 0.148148 0.379984
0 0.514063 0.377778 0.0239583 0.125926 0.381045
0 0.354688 0.396296 0.0302083 0.133333 0.383003
0 0.25 0.365741 0.01875 0.109259 0.385617
0 0.355208 0.396296 0.0291667 0.133333 0.387598
0 0.514063 0.376852 0.0239583 0.124074 0.3913
0 0.772917 0.62963 0.114583 0.637037 0.394469
0 0.252604 0.37037 0.0239583 0.118519 0.398077
0 0.250521 0.365741 0.0197917 0.109259 0.407958
0 0.506771 0.381481 0.028125 0.122222 0.408296
0 0.0145833 0.394444 0.0291667 0.17037 0.410774
26 0.823958 0.573148 0.0625 0.138889 0.413739
0 0.250521 0.371296 0.0197917 0.116667 0.415485
24 0.964063 0.572222 0.071875 0.251852 0.417051
0 0.250521 0.365741 0.0197917 0.109259 0.417869
0 0.740625 0.37963 0.0458333 0.192593 0.418823
24 0.964063 0.573148 0.071875 0.253704 0.425031
26 0.823958 0.571296 0.0625 0.138889 0.429742
0 0.505729 0.382407 0.028125 0.127778 0.43011
0 0.553646 0.394444 0.0302083 0.151852 0.432734
0 0.553125 0.39537 0.0291667 0.15 0.434224
0 0.251042 0.366667 0.0208333 0.118519 0.434526
0 0.740625 0.37963 0.0458333 0.192593 0.434793
0 0.740625 0.37963 0.0458333 0.192593 0.436798
0 0.354688 0.393519 0.028125 0.131481 0.437687
26 0.823958 0.572222 0.0625 0.140741 0.437853
24 0.964063 0.571296 0.071875 0.25 0.438229
0 0.602604 0.372222 0.021875 0.0851852 0.441619
24 0.961458 0.565741 0.0770833 0.253704 0.443615
0 0.251042 0.367593 0.0208333 0.116667 0.447534
0 0.251042 0.367593 0.0208333 0.116667 0.450186
0 0.250521 0.37037 0.0197917 0.118519 0.457171
0 0.250521 0.37037 0.0197917 0.118519 0.457317
0 0.249479 0.367593 0.0197917 0.109259 0.457698
24 0.961979 0.565741 0.0760417 0.257407 0.469541
0 0.473437 0.37963 0.0239583 0.122222 0.473272
0 0.771354 0.634259 0.113542 0.653704 0.473734
0 0.251042 0.368519 0.0229167 0.118519 0.477698
0 0.771875 0.634259 0.114583 0.657407 0.480094
0 0.928125 0.607407 0.135417 0.644444 0.482017
0 0.251042 0.368519 0.0208333 0.122222 0.487659
0 0.602604 0.371296 0.0197917 0.087037 0.491179
0 0.25 0.37037 0.0208333 0.118519 0.493679
0 0.474479 0.382407 0.021875 0.131481 0.494453
0 0.473437 0.380556 0.0239583 0.12037 0.495213
0 0.554688 0.394444 0.0322917 0.144444 0.496125
0 0.473437 0.380556 0.0239583 0.12037 0.496409
0 0.554688 0.394444 0.0322917 0.144444 0.498137
0 0.603125 0.372222 0.0208333 0.0851852 0.499113
0 0.602604 0.373148 0.021875 0.087037 0.500897
0 0.250521 0.368519 0.021875 0.122222 0.501343
0 0.777083 0.624074 0.120833 0.637037 0.508821
0 0.602604 0.373148 0.021875 0.087037 0.513733
0 0.925 0.611111 0.127083 0.648148 0.520694
0 0.353125 0.389815 0.03125 0.15 0.523727
0 0.50625 0.382407 0.0270833 0.127778 0.526585
0 0.354167 0.393519 0.0291667 0.138889 0.527609
0 0.775521 0.625926 0.119792 0.655556 0.53028
0 0.353646 0.393519 0.028125 0.138889 0.533641
0 0.476042 0.377778 0.01875 0.125926 0.537093
0 0.502604 0.378704 0.0239583 0.127778 0.539474
0 0.602604 0.37037 0.0197917 0.0851852 0.545849
0 0.0130208 0.399074 0.0260417 0.17963 0.547897
0 0.475521 0.378704 0.0197917 0.127778 0.551325
0 0.353125 0.388889 0.03125 0.151852 0.551397
0 0.353125 0.388889 0.03125 0.151852 0.553311
0 0.602604 0.371296 0.0197917 0.087037 0.553613
0 0.476042 0.378704 0.01875 0.127778 0.564039
0 0.503646 0.37963 0.021875 0.122222 0.566065
0 0.602604 0.372222 0.0197917 0.0888889 0.569764
0 0.503125 0.37963 0.0229167 0.12963 0.572638
0 0.506771 0.381481 0.0260417 0.122222 0.577183
0 0.602604 0.372222 0.0197917 0.0888889 0.580965
0 0.0135417 0.399074 0.0270833 0.17963 0.586924
0 0.772396 0.630556 0.115625 0.642593 0.588554
0 0.602604 0.372222 0.0197917 0.0888889 0.58932
0 0.503125 0.37963 0.0229167 0.12963 0.589686
0 0.354688 0.393519 0.028125 0.138889 0.590802
0 0.928125 0.613889 0.133333 0.65 0.592251
0 0.773958 0.621296 0.116667 0.627778 0.593738
0 0.353646 0.388889 0.0302083 0.148148 0.596829
0 0.503125 0.380556 0.0229167 0.124074 0.597751
0 0.503125 0.380556 0.0229167 0.124074 0.597799
0 0.354688 0.393519 0.028125 0.138889 0.601773
0 0.603125 0.372222 0.0208333 0.0888889 0.607123
0 0.776042 0.617593 0.11875 0.616667 0.607846
0 0.602604 0.373148 0.0197917 0.0907407 0.608852
0 0.0130208 0.398148 0.0260417 0.181481 0.613555
0 0.353125 0.388889 0.0291667 0.148148 0.621248
0 0.353646 0.388889 0.0302083 0.148148 0.628105
0 0.927604 0.613889 0.132292 0.646296 0.680734
0 0.0130208 0.399074 0.0260417 0.17963 0.694687
0 0.555729 0.397222 0.0322917 0.15 0.695174
0 0.555729 0.396296 0.0322917 0.148148 0.698982
0 0.925 0.612963 0.129167 0.648148 0.700675
0 0.928646 0.608333 0.138542 0.661111 0.704713
0 0.776042 0.623148 0.11875 0.627778 0.711648
0 0.555729 0.396296 0.0322917 0.148148 0.711914
0 0.0140625 0.398148 0.028125 0.174074 0.713766
0 0.555208 0.398148 0.0333333 0.151852 0.716375
0 0.555729 0.397222 0.0322917 0.153704 0.719326
0 0.773958 0.625926 0.11875 0.637037 0.719603
0 0.555729 0.397222 0.0322917 0.153704 0.723182
0 0.554688 0.398148 0.0322917 0.151852 0.728034
0 0.0140625 0.398148 0.028125 0.174074 0.729888
0 0.555729 0.394444 0.0322917 0.155556 0.735711
0 0.555729 0.397222 0.0322917 0.153704 0.737577
0 0.555729 0.394444 0.0322917 0.151852 0.741534
0 0.0125 0.399074 0.025 0.17963 0.760063
0 0.554688 0.398148 0.0322917 0.151852 0.765287
0 0.0125 0.398148 0.025 0.177778 0.772082
0 0.0125 0.397222 0.025 0.17963 0.772231
0 0.0125 0.399074 0.025 0.17963 0.77963
0 0.774479 0.631481 0.117708 0.651852 0.819497
0 0.774479 0.630556 0.117708 0.65 0.841563
