13 0.326042 0.772222 0.283333 0.396296 0.251958
0 0.928125 0.524074 0.14375 0.492593 0.254329
13 0.273958 0.684259 0.216667 0.212963 0.254892
0 0.443229 0.358333 0.0197917 0.101852 0.258453
0 0.124479 0.371296 0.0239583 0.116667 0.260338
0 0.441146 0.351852 0.0197917 0.1 0.260583
0 0.377604 0.359259 0.0239583 0.125926 0.261032
13 0.326042 0.772222 0.279167 0.411111 0.261208
24 0.968229 0.466667 0.0635417 0.185185 0.264156
0 0.124479 0.371296 0.0239583 0.116667 0.267028
13 0.272917 0.675 0.216667 0.194444 0.268906
13 0.272917 0.674074 0.216667 0.192593 0.275205
13 0.275521 0.446296 0.132292 0.118519 0.276143
24 0.963542 0.459259 0.0729167 0.192593 0.277025
24 0.968229 0.465741 0.0614583 0.187037 0.279374
0 0.430208 0.359259 0.0458333 0.111111 0.281005
24 0.963542 0.459259 0.0729167 0.192593 0.281506
0 0.415104 0.360185 0.0260417 0.127778 0.281826
0 0.467708 0.373148 0.025 0.127778 0.28391
0 0.125521 0.374074 0.0260417 0.122222 0.290174
24 0.963542 0.458333 0.0729167 0.194444 0.290595
0 0.489062 0.355556 0.0197917 0.107407 0.29614
0 0.0489583 0.367593 0.0229167 0.0981481 0.298978
0 0.0489583 0.367593 0.0229167 0.101852 0.311737
0 0.0489583 0.367593 0.0229167 0.101852 0.313379
0 0.483854 0.373148 0.021875 0.127778 0.319799
0 0.467708 0.373148 0.025 0.135185 0.328355
0 0.467708 0.373148 0.025 0.131481 0.331916
0 0.466667 0.378704 0.0291667 0.131481 0.341547
0 0.486458 0.362037 0.01875 0.112963 0.34338
0 0.415104 0.360185 0.0260417 0.124074 0.344108
0 0.0494792 0.366667 0.021875 0.1 0.349576
0 0.926562 0.525926 0.144792 0.518519 0.351467
24 0.954687 0.471296 0.0864583 0.246296 0.357536
0 0.124479 0.375926 0.0239583 0.122222 0.366916
0 0.803646 0.538889 0.115625 0.588889 0.376046
0 0.486458 0.362037 0.01875 0.112963 0.385751
0 0.483854 0.375926 0.0239583 0.133333 0.386479
0 0.483854 0.375926 0.021875 0.133333 0.387868
0 0.486979 0.362037 0.0197917 0.112963 0.388404
0 0.4875 0.356481 0.0208333 0.101852 0.389864
0 0.415104 0.361111 0.0260417 0.12963 0.392231
24 0.953646 0.471296 0.0885417 0.227778 0.394533
0 0.0489583 0.364815 0.0208333 0.103704 0.394947
0 0.125521 0.375 0.0260417 0.12037 0.398558
13 0.314063 0.783333 0.298958 0.407407 0.398616
13 0.314583 0.783333 0.297917 0.407407 0.398826
0 0.467708 0.383333 0.0291667 0.133333 0.401423
13 0.322917 0.786111 0.3 0.42037 0.407395
0 0.0494792 0.364815 0.0197917 0.1 0.40901
13 0.325 0.785185 0.29375 0.411111 0.409198
0 0.0520833 0.367593 0.0229167 0.0944444 0.411154
13 0.314583 0.783333 0.3 0.407407 0.414036
0 0.126042 0.372222 0.025 0.118519 0.417232
0 0.803125 0.540741 0.116667 0.577778 0.418989
0 0.0494792 0.364815 0.0197917 0.103704 0.420803
0 0.0494792 0.364815 0.0197917 0.103704 0.423404
13 0.324479 0.785185 0.290625 0.407407 0.425693
0 0.486979 0.356481 0.0197917 0.109259 0.42592
24 0.951042 0.478704 0.0916667 0.238889 0.426611
24 0.951563 0.478704 0.090625 0.238889 0.430103
0 0.0515625 0.367593 0.021875 0.0944444 0.434162
0 0.4875 0.357407 0.0208333 0.103704 0.435948
0 0.0520833 0.367593 0.0229167 0.0944444 0.437394
0 0.0515625 0.366667 0.021875 0.0962963 0.438087
0 0.126042 0.373148 0.025 0.12037 0.439562
0 0.467187 0.378704 0.0302083 0.146296 0.440098
13 0.323438 0.786111 0.303125 0.412963 0.440458
0 0.4875 0.356481 0.0208333 0.101852 0.440688
0 0.0520833 0.367593 0.0229167 0.0944444 0.441257
0 0.126042 0.372222 0.025 0.122222 0.44577
0 0.0510417 0.366667 0.0208333 0.1 0.449848
0 0.466667 0.377778 0.0270833 0.137037 0.45169
0 0.0510417 0.365741 0.0208333 0.0981481 0.45583
0 0.415625 0.361111 0.0229167 0.125926 0.456103
24 0.951042 0.478704 0.0895833 0.238889 0.456366
0 0.466667 0.377778 0.0270833 0.137037 0.461926
13 0.320312 0.781482 0.313542 0.411111 0.465326
0 0.0520833 0.366667 0.0229167 0.1 0.468643
0 0.376563 0.359259 0.0239583 0.122222 0.469248
0 0.415625 0.359259 0.0229167 0.125926 0.473394
0 0.467187 0.377778 0.0302083 0.144444 0.477504
13 0.319271 0.782407 0.311458 0.409259 0.484389
0 0.467187 0.377778 0.0322917 0.144444 0.484807
0 0.415625 0.360185 0.0229167 0.127778 0.484892
13 0.319792 0.783333 0.3125 0.407407 0.485432
0 0.283854 0.359259 0.034375 0.151852 0.48937
0 0.284375 0.359259 0.0333333 0.151852 0.493247
24 0.958854 0.475926 0.0822917 0.222222 0.497125
0 0.443229 0.353704 0.0197917 0.1 0.497962
0 0.378646 0.358333 0.021875 0.12037 0.50604
0 0.414062 0.359259 0.0239583 0.125926 0.507727
0 0.468229 0.383333 0.028125 0.137037 0.508273
0 0.378125 0.357407 0.0229167 0.118519 0.509051
0 0.468229 0.383333 0.028125 0.137037 0.50969
0 0.441667 0.355556 0.0208333 0.1 0.522483
0 0.920833 0.552778 0.139583 0.568519 0.523391
0 0.442187 0.35463 0.0177083 0.109259 0.524312
0 0.920313 0.551852 0.138542 0.57037 0.528982
24 0.960417 0.477778 0.0791667 0.225926 0.534149
0 0.378125 0.358333 0.0229167 0.12037 0.534942
0 0.441667 0.356481 0.0208333 0.101852 0.538313
0 0.564583 0.373148 0.0375 0.205556 0.539081
0 0.564583 0.374074 0.0375 0.203704 0.539257
0 0.442708 0.35463 0.01875 0.105556 0.540401
24 0.958854 0.475926 0.0802083 0.222222 0.544818
0 0.414583 0.359259 0.0229167 0.12963 0.545268
24 0.960938 0.475926 0.078125 0.225926 0.546495
0 0.441667 0.356481 0.0208333 0.101852 0.548173
0 0.414583 0.359259 0.0229167 0.12963 0.553488
0 0.126042 0.374074 0.025 0.122222 0.555691
0 0.442187 0.35463 0.0177083 0.109259 0.557406
0 0.469271 0.378704 0.0302083 0.15 0.557946
0 0.469271 0.378704 0.0302083 0.15 0.559909
24 0.960938 0.475926 0.078125 0.225926 0.560366
0 0.125 0.375926 0.0270833 0.122222 0.563667
0 0.921875 0.547222 0.139583 0.594444 0.569069
0 0.467708 0.381481 0.0270833 0.133333 0.578403
0 0.91875 0.552778 0.135417 0.601852 0.578973
0 0.284375 0.362963 0.0354167 0.144444 0.580136
0 0.125521 0.375 0.0260417 0.12037 0.582285
13 0.319271 0.783333 0.305208 0.411111 0.585927
0 0.284375 0.362963 0.0354167 0.144444 0.586072
0 0.91875 0.552778 0.135417 0.598148 0.58794
0 0.469271 0.378704 0.0302083 0.15 0.590119
0 0.283333 0.361111 0.0333333 0.148148 0.594475
0 0.283333 0.361111 0.0333333 0.148148 0.595272
0 0.378125 0.361111 0.0229167 0.122222 0.597977
0 0.283333 0.361111 0.0333333 0.148148 0.603089
0 0.415104 0.360185 0.0239583 0.124074 0.603772
13 0.319271 0.783333 0.307292 0.411111 0.605108
0 0.378125 0.362037 0.0229167 0.12037 0.605223
13 0.319792 0.782407 0.30625 0.409259 0.607449
0 0.378646 0.361111 0.021875 0.118519 0.613602
0 0.415104 0.359259 0.0239583 0.122222 0.628089
0 0.919271 0.548148 0.142708 0.585185 0.628728
0 0.378646 0.362037 0.021875 0.12037 0.632084
0 0.378125 0.361111 0.0229167 0.122222 0.648677
0 0.125 0.375926 0.0270833 0.125926 0.650402
0 0.467708 0.37963 0.0291667 0.140741 0.652729
0 0.125521 0.375 0.0260417 0.12037 0.658282
0 0.378125 0.362037 0.0229167 0.12037 0.660771
0 0.916146 0.553704 0.136458 0.592593 0.661921
0 0.415104 0.359259 0.0239583 0.122222 0.662057
0 0.378125 0.361111 0.0229167 0.122222 0.665213
0 0.283854 0.363889 0.034375 0.146296 0.666361
0 0.283333 0.363889 0.0354167 0.146296 0.668379
0 0.414583 0.359259 0.0229167 0.122222 0.66924
0 0.91875 0.548148 0.141667 0.559259 0.670831
0 0.282813 0.358333 0.034375 0.153704 0.675414
0 0.564062 0.376852 0.0364583 0.205556 0.676805
0 0.378125 0.362037 0.0229167 0.12037 0.679319
0 0.916667 0.553704 0.1375 0.592593 0.681149
0 0.283333 0.362963 0.0354167 0.148148 0.683832
0 0.282813 0.357407 0.034375 0.151852 0.68912
0 0.564062 0.375926 0.0364583 0.207407 0.689804
0 0.921354 0.547222 0.138542 0.594444 0.690059
0 0.564062 0.375926 0.0364583 0.207407 0.690418
0 0.802604 0.553704 0.123958 0.585185 0.691591
0 0.283333 0.363889 0.0354167 0.142593 0.698618
0 0.467708 0.378704 0.0291667 0.142593 0.698909
0 0.283333 0.363889 0.0354167 0.142593 0.701589
0 0.802604 0.553704 0.123958 0.585185 0.707637
0 0.468229 0.37963 0.028125 0.144444 0.710038
0 0.415104 0.362037 0.0239583 0.127778 0.711219
0 0.802083 0.552778 0.120833 0.587037 0.713404
0 0.283333 0.363889 0.0354167 0.146296 0.71406
0 0.802604 0.551852 0.119792 0.581481 0.729564
0 0.468229 0.381481 0.028125 0.140741 0.75001
0 0.468229 0.381481 0.028125 0.140741 0.751642
0 0.125521 0.375 0.0260417 0.12037 0.753298
0 0.125 0.375926 0.025 0.122222 0.768958
0 0.805729 0.542593 0.119792 0.562963 0.77339
0 0.125521 0.373148 0.0260417 0.12037 0.789645
0 0.125521 0.373148 0.0260417 0.12037 0.789704
0 0.125521 0.374074 0.0239583 0.118519 0.793235
0 0.919271 0.548148 0.132292 0.577778 0.796255
0 0.919792 0.547222 0.133333 0.572222 0.80402
0 0.125521 0.375 0.0239583 0.12037 0.804698
0 0.125521 0.373148 0.0260417 0.12037 0.808301
0 0.125521 0.375 0.0239583 0.12037 0.820848
0 0.803125 0.55463 0.122917 0.57963 0.822684
0 0.805729 0.544444 0.119792 0.566667 0.832192
0 0.564062 0.375926 0.0364583 0.203704 0.837268
0 0.563542 0.374074 0.0375 0.203704 0.846035
0 0.564062 0.374074 0.0385417 0.203704 0.848654
0 0.564062 0.374074 0.0385417 0.203704 0.848927
0 0.563542 0.375926 0.0354167 0.203704 0.853824
0 0.804167 0.547222 0.120833 0.57963 0.856046
0 0.804167 0.547222 0.120833 0.583333 0.857567
0 0.563542 0.375 0.0375 0.205556 0.8619
0 0.563542 0.375 0.0375 0.205556 0.864001
0 0.563542 0.375926 0.0354167 0.203704 0.866265
0 0.563021 0.374074 0.0364583 0.2 0.875282
0 0.803125 0.55463 0.122917 0.57963 0.87559
0 0.563021 0.374074 0.0364583 0.203704 0.878858
0 0.803646 0.555556 0.121875 0.577778 0.894642
0 0.803646 0.555556 0.121875 0.577778 0.901387
