0 0.0515625 0.50463 0.0302083 0.168519 0.250899
0 0.230208 0.439815 0.01875 0.0907407 0.251158
0 0.0510417 0.50463 0.03125 0.168519 0.257366
0 0.0880208 0.493519 0.0385417 0.187037 0.257852
0 0.527604 0.475926 0.0364583 0.155556 0.260251
0 0.0223958 0.547222 0.0447917 0.32037 0.261586
0 0.107292 0.486111 0.0270833 0.164815 0.264725
0 0.345313 0.423148 0.0114583 0.0759259 0.264895
0 0.0567708 0.500926 0.040625 0.183333 0.268212
0 0.345313 0.423148 0.0114583 0.0759259 0.27158
0 0.407292 0.440741 0.0145833 0.0851852 0.275864
0 0.0489583 0.508333 0.04375 0.194444 0.280008
0 0.185417 0.436111 0.0166667 0.0722222 0.282279
0 0.527604 0.475926 0.0364583 0.155556 0.283979
26 0.701042 0.618519 0.0270833 0.0851852 0.284563
0 0.184896 0.436111 0.015625 0.0722222 0.287727
0 0.407292 0.440741 0.0145833 0.0851852 0.289817
0 0.185937 0.436111 0.0177083 0.0722222 0.297777
26 0.701042 0.615741 0.0291667 0.0944444 0.303564
0 0.184896 0.435185 0.015625 0.0703704 0.305843
0 0.185417 0.437037 0.0166667 0.0666667 0.305896
0 0.185417 0.435185 0.0166667 0.0703704 0.307268
0 0.185417 0.436111 0.0166667 0.0685185 0.307284
0 0.184896 0.436111 0.015625 0.0722222 0.31024
26 0.701042 0.618519 0.0270833 0.0851852 0.312964
0 0.021875 0.55 0.04375 0.322222 0.315363
0 0.430729 0.44537 0.021875 0.0981481 0.317907
0 0.444271 0.443519 0.034375 0.0981481 0.317957
0 0.673437 0.536111 0.0614583 0.357407 0.320923
26 0.701563 0.616667 0.028125 0.0925926 0.322394
0 0.185417 0.435185 0.0166667 0.0703704 0.327063
0 0.232292 0.439815 0.0229167 0.087037 0.327269
0 0.232292 0.438889 0.0229167 0.0851852 0.329339
0 0.231771 0.439815 0.021875 0.0833333 0.331853
0 0.674479 0.541667 0.0635417 0.35 0.332735
0 0.0489583 0.510185 0.04375 0.201852 0.333719
0 0.674479 0.540741 0.0635417 0.351852 0.334865
0 0.0244792 0.552778 0.0489583 0.342593 0.337406
0 0.674479 0.540741 0.0635417 0.351852 0.33795
0 0.236458 0.444444 0.0166667 0.0777778 0.343365
0 0.108333 0.483333 0.0229167 0.166667 0.343978
0 0.0567708 0.500926 0.040625 0.183333 0.344102
26 0.701042 0.618519 0.0270833 0.0851852 0.34603
0 0.232292 0.439815 0.0229167 0.087037 0.347848
0 0.108333 0.483333 0.0229167 0.166667 0.348092
0 0.236458 0.444444 0.01875 0.0777778 0.353963
0 0.0494792 0.509259 0.0447917 0.207407 0.354011
0 0.391146 0.439815 0.015625 0.0907407 0.356955
0 0.391146 0.438889 0.015625 0.0888889 0.363781
0 0.0526042 0.501852 0.0322917 0.181481 0.364718
0 0.235938 0.444444 0.0177083 0.0777778 0.373457
0 0.0520833 0.501852 0.03125 0.177778 0.379736
26 0.701563 0.617593 0.028125 0.0907407 0.39113
0 0.233854 0.440741 0.0177083 0.0814815 0.392386
0 0.391146 0.439815 0.015625 0.0833333 0.398949
0 0.391146 0.439815 0.015625 0.0907407 0.405161
0 0.423438 0.443519 0.015625 0.0907407 0.408263
0 0.391667 0.440741 0.0166667 0.0851852 0.40856
0 0.0567708 0.500926 0.040625 0.183333 0.410052
0 0.025 0.552778 0.05 0.335185 0.411458
0 0.423958 0.442593 0.0166667 0.0925926 0.422142
0 0.391146 0.440741 0.015625 0.0814815 0.424262
0 0.0854167 0.494444 0.0375 0.181481 0.426825
0 0.678125 0.537963 0.06875 0.361111 0.432974
0 0.423438 0.442593 0.015625 0.0925926 0.441912
0 0.430729 0.444444 0.021875 0.0962963 0.444407
0 0.109896 0.483333 0.021875 0.162963 0.445019
0 0.391667 0.439815 0.0145833 0.0833333 0.450275
0 0.430208 0.444444 0.0208333 0.0925926 0.456523
0 0.678125 0.539815 0.0666667 0.361111 0.465731
0 0.109896 0.482407 0.021875 0.161111 0.469316
0 0.391146 0.441667 0.015625 0.0833333 0.472189
0 0.678125 0.539815 0.0666667 0.364815 0.479964
0 0.430208 0.444444 0.0208333 0.0962963 0.483344
0 0.084375 0.494444 0.0375 0.185185 0.490954
0 0.678125 0.539815 0.0666667 0.361111 0.509334
0 0.391146 0.440741 0.015625 0.0851852 0.517304
0 0.453646 0.443519 0.0197917 0.0981481 0.520695
0 0.678125 0.537963 0.0666667 0.361111 0.521347
0 0.677083 0.537037 0.0666667 0.359259 0.522366
0 0.391146 0.440741 0.015625 0.0851852 0.522711
0 0.108854 0.486111 0.021875 0.161111 0.528309
0 0.453125 0.443519 0.0208333 0.0981481 0.53979
0 0.453125 0.443519 0.0208333 0.0981481 0.54367
0 0.109375 0.487963 0.0208333 0.172222 0.551507
0 0.0546875 0.502778 0.034375 0.183333 0.553635
0 0.528125 0.475 0.0375 0.153704 0.554771
0 0.391146 0.440741 0.015625 0.0851852 0.557625
0 0.084375 0.494444 0.0375 0.185185 0.564465
0 0.0546875 0.502778 0.034375 0.183333 0.565019
0 0.0541667 0.5 0.0333333 0.181481 0.57391
0 0.0869792 0.491667 0.0385417 0.17963 0.578025
0 0.0546875 0.5 0.0322917 0.181481 0.578931
0 0.108854 0.487037 0.021875 0.17037 0.583997
0 0.528125 0.475 0.0375 0.153704 0.588784
0 0.0541667 0.502778 0.0354167 0.183333 0.588981
0 0.108854 0.487037 0.021875 0.17037 0.596102
0 0.0869792 0.491667 0.0385417 0.17963 0.604825
0 0.453646 0.440741 0.0177083 0.0925926 0.608647
0 0.0822917 0.49537 0.0354167 0.187037 0.610047
0 0.677083 0.537037 0.0666667 0.362963 0.613817
0 0.0817708 0.49537 0.034375 0.187037 0.621317
0 0.528646 0.474074 0.0364583 0.151852 0.625521
0 0.453125 0.440741 0.01875 0.0925926 0.626262
0 0.0213542 0.549074 0.0427083 0.335185 0.629056
0 0.528646 0.474074 0.0364583 0.151852 0.63321
0 0.453125 0.440741 0.01875 0.0925926 0.640286
0 0.0838542 0.494444 0.0364583 0.185185 0.647393
0 0.528646 0.473148 0.0364583 0.15 0.653509
0 0.021875 0.549074 0.04375 0.335185 0.662247
0 0.021875 0.549074 0.04375 0.331481 0.668597
0 0.0838542 0.494444 0.0364583 0.185185 0.670489
0 0.676042 0.537037 0.0625 0.359259 0.684632
0 0.0838542 0.49537 0.0364583 0.190741 0.689197
0 0.0213542 0.550926 0.0427083 0.338889 0.694379
0 0.453125 0.443519 0.01875 0.0981481 0.698615
0 0.0213542 0.55 0.0427083 0.340741 0.702241
0 0.0838542 0.49537 0.0364583 0.187037 0.703505
0 0.0213542 0.55 0.0427083 0.337037 0.706408
0 0.0838542 0.49537 0.0364583 0.190741 0.724591
0 0.453646 0.441667 0.0177083 0.0944444 0.742626
0 0.452604 0.442593 0.0177083 0.0962963 0.745849
0 0.453125 0.442593 0.01875 0.0962963 0.750098
0 0.453125 0.442593 0.01875 0.0962963 0.757702
0 0.021875 0.55 0.04375 0.337037 0.78047
0 0.528125 0.475 0.0375 0.15 0.782274
0 0.527604 0.475 0.0364583 0.153704 0.784826
0 0.528125 0.475 0.0354167 0.153704 0.785803
0 0.021875 0.548148 0.04375 0.333333 0.788642
0 0.528646 0.474074 0.0364583 0.151852 0.788844
0 0.021875 0.549074 0.04375 0.335185 0.793574
0 0.528646 0.475 0.0364583 0.15 0.806253
0 0.677083 0.537037 0.0666667 0.359259 0.80693
0 0.675521 0.536111 0.0635417 0.357407 0.807396
0 0.676562 0.537963 0.0635417 0.364815 0.810826
0 0.528646 0.475 0.0364583 0.15 0.811719
0 0.528646 0.475926 0.0364583 0.151852 0.81957
0 0.677604 0.537963 0.065625 0.357407 0.822045
0 0.676042 0.537037 0.0625 0.355556 0.827633
0 0.677083 0.537963 0.0666667 0.361111 0.828244
0 0.676042 0.536111 0.0625 0.357407 0.828563
0 0.528125 0.474074 0.0375 0.151852 0.8286
0 0.528125 0.474074 0.0375 0.148148 0.833951
0 0.528646 0.475 0.0364583 0.15 0.83492
