13 0.184896 0.790741 0.365625 0.333333 0.250244
0 0.00833333 0.361111 0.0166667 0.140741 0.250744
0 0.392708 0.313889 0.0166667 0.0685185 0.251845
0 0.00885417 0.358333 0.015625 0.131481 0.258409
13 0.184375 0.791667 0.3625 0.327778 0.260002
0 0.226042 0.325 0.0604167 0.164815 0.26122
0 0.392708 0.313889 0.0166667 0.0685185 0.263
13 0.184375 0.792593 0.364583 0.325926 0.26427
0 0.480729 0.330556 0.015625 0.0796296 0.264441
0 0.226042 0.323148 0.0604167 0.175926 0.272761
0 0.226042 0.325 0.0604167 0.164815 0.27395
0 0.226562 0.324074 0.059375 0.177778 0.274906
13 0.375 0.562963 0.127083 0.137037 0.288026
0 0.226042 0.321296 0.0604167 0.164815 0.291209
0 0.480729 0.331481 0.0177083 0.0814815 0.294798
0 0.459896 0.343519 0.028125 0.131481 0.2977
13 0.375521 0.564815 0.126042 0.137037 0.298027
13 0.375 0.564815 0.127083 0.137037 0.30213
0 0.602083 0.349074 0.04375 0.157407 0.308778
0 0.226042 0.321296 0.0604167 0.164815 0.311389
0 0.226042 0.325 0.0604167 0.164815 0.312294
13 0.373958 0.563889 0.122917 0.131481 0.317651
0 0.226042 0.332407 0.0645833 0.187037 0.318199
0 0.226042 0.321296 0.0604167 0.164815 0.318207
0 0.226562 0.322222 0.0614583 0.166667 0.326323
0 0.227604 0.322222 0.059375 0.174074 0.328313
0 0.601562 0.35 0.0427083 0.159259 0.330484
0 0.480208 0.330556 0.0166667 0.0796296 0.33211
0 0.226562 0.321296 0.0614583 0.168519 0.337616
0 0.461979 0.336111 0.028125 0.112963 0.338554
13 0.374479 0.562963 0.121875 0.12963 0.338898
13 0.374479 0.563889 0.121875 0.131481 0.340367
0 0.227604 0.323148 0.0572917 0.175926 0.340665
13 0.374479 0.562963 0.121875 0.12963 0.351001
0 0.226562 0.322222 0.059375 0.166667 0.351985
0 0.634375 0.352778 0.0270833 0.135185 0.353224
0 0.31875 0.322222 0.0208333 0.0851852 0.353453
0 0.501042 0.350926 0.0270833 0.138889 0.355574
0 0.320312 0.319444 0.021875 0.0759259 0.356341
13 0.373958 0.560185 0.120833 0.135185 0.357785
0 0.634375 0.352778 0.0270833 0.131481 0.360962
0 0.31875 0.323148 0.0208333 0.0833333 0.364615
0 0.320312 0.319444 0.021875 0.0759259 0.364851
0 0.601042 0.35 0.04375 0.155556 0.367051
0 0.460938 0.336111 0.028125 0.116667 0.367182
0 0.500521 0.35 0.0260417 0.137037 0.369979
0 0.320312 0.32037 0.021875 0.0740741 0.372767
0 0.31875 0.323148 0.0208333 0.0833333 0.374232
0 0.461458 0.336111 0.0270833 0.116667 0.385627
0 0.501042 0.350926 0.0270833 0.138889 0.391807
0 0.226562 0.323148 0.059375 0.164815 0.402266
0 0.319271 0.322222 0.021875 0.0814815 0.405667
0 0.500521 0.349074 0.0260417 0.131481 0.406037
0 0.460417 0.336111 0.0291667 0.116667 0.406308
0 0.226562 0.322222 0.059375 0.166667 0.428941
0 0.501042 0.348148 0.025 0.137037 0.432498
0 0.501042 0.349074 0.025 0.135185 0.432936
0 0.00833333 0.358333 0.0166667 0.146296 0.433541
0 0.31875 0.325 0.0208333 0.0833333 0.435206
0 0.00833333 0.357407 0.0166667 0.144444 0.450168
0 0.501042 0.351852 0.025 0.137037 0.454054
0 0.460417 0.337037 0.0291667 0.114815 0.456597
0 0.00885417 0.359259 0.0177083 0.144444 0.460026
0 0.461458 0.337037 0.0291667 0.114815 0.466662
0 0.459896 0.337963 0.0302083 0.124074 0.466843
0 0.501042 0.35 0.0270833 0.137037 0.468071
0 0.283333 0.419444 0.0854167 0.368519 0.471021
0 0.00885417 0.359259 0.0177083 0.144444 0.476763
0 0.226562 0.323148 0.059375 0.164815 0.47754
0 0.459375 0.344444 0.0291667 0.140741 0.492732
0 0.459896 0.343519 0.028125 0.142593 0.494275
0 0.282813 0.417593 0.084375 0.368519 0.494586
0 0.226562 0.323148 0.059375 0.164815 0.496849
0 0.282813 0.418519 0.084375 0.366667 0.498193
0 0.596354 0.350926 0.0322917 0.157407 0.50011
0 0.595833 0.350926 0.03125 0.157407 0.506425
0 0.460417 0.340741 0.0291667 0.12963 0.506867
0 0.00833333 0.357407 0.0166667 0.151852 0.508364
0 0.00885417 0.355556 0.0177083 0.151852 0.512542
0 0.460417 0.340741 0.03125 0.12963 0.516182
0 0.226562 0.323148 0.059375 0.164815 0.523319
0 0.501042 0.35 0.0270833 0.137037 0.524024
0 0.500521 0.350926 0.0260417 0.135185 0.535201
0 0.226562 0.324074 0.059375 0.162963 0.535452
0 0.460417 0.340741 0.03125 0.125926 0.559289
0 0.460417 0.340741 0.0291667 0.125926 0.559743
0 0.460417 0.339815 0.0291667 0.127778 0.562699
0 0.460417 0.340741 0.0291667 0.125926 0.576444
0 0.459896 0.337963 0.0302083 0.131481 0.600438
0 0.634375 0.35463 0.0291667 0.135185 0.606442
0 0.500521 0.351852 0.028125 0.137037 0.608273
0 0.500521 0.35 0.0260417 0.137037 0.616392
0 0.500521 0.349074 0.0260417 0.135185 0.618072
0 0.459896 0.338889 0.0302083 0.12963 0.620086
0 0.226562 0.326852 0.0614583 0.172222 0.647131
0 0.285417 0.418519 0.0833333 0.374074 0.649256
0 0.284375 0.414815 0.0854167 0.37037 0.659616
0 0.500521 0.351852 0.028125 0.137037 0.668896
0 0.595312 0.349074 0.0322917 0.164815 0.669793
0 0.595312 0.349074 0.0322917 0.164815 0.67117
0 0.595312 0.349074 0.0322917 0.164815 0.672427
0 0.285417 0.417593 0.0833333 0.375926 0.6883
0 0.500521 0.35 0.0260417 0.140741 0.696135
0 0.634375 0.353704 0.0270833 0.133333 0.70275
0 0.283854 0.42037 0.0885417 0.37037 0.715782
0 0.283854 0.421296 0.0885417 0.372222 0.720896
0 0.500521 0.349074 0.0260417 0.138889 0.722701
0 0.501042 0.351852 0.0270833 0.137037 0.724875
0 0.595833 0.349074 0.03125 0.164815 0.726688
0 0.283854 0.42037 0.0885417 0.374074 0.734969
0 0.595833 0.349074 0.03125 0.164815 0.735748
0 0.595312 0.349074 0.0322917 0.164815 0.756488
0 0.633854 0.35463 0.0302083 0.135185 0.7601
0 0.634375 0.35463 0.0291667 0.135185 0.764565
0 0.285417 0.418519 0.0854167 0.366667 0.774446
0 0.595312 0.349074 0.0322917 0.164815 0.776251
0 0.285417 0.418519 0.0854167 0.366667 0.782577
0 0.284896 0.415741 0.0864583 0.372222 0.784279
0 0.634375 0.353704 0.0291667 0.137037 0.786481
0 0.285417 0.418519 0.0854167 0.366667 0.789337
0 0.284896 0.415741 0.084375 0.372222 0.793594
0 0.634375 0.35463 0.0291667 0.135185 0.793657
0 0.634375 0.35463 0.0291667 0.135185 0.799609
0 0.595312 0.348148 0.0322917 0.166667 0.799763
0 0.634375 0.35463 0.0291667 0.135185 0.802955
0 0.595833 0.349074 0.03125 0.164815 0.80557
0 0.595833 0.349074 0.03125 0.161111 0.808091
0 0.634375 0.35463 0.0291667 0.135185 0.814743
0 0.284896 0.415741 0.084375 0.372222 0.817478
0 0.634896 0.35463 0.028125 0.135185 0.832932
0 0.634375 0.35463 0.0270833 0.138889 0.836182
0 0.634375 0.353704 0.0270833 0.137037 0.843823
