0 0.189583 0.437963 0.0166667 0.0648148 0.254614
0 0.407292 0.442593 0.0166667 0.0851852 0.255448
0 0.407292 0.442593 0.0166667 0.0888889 0.258082
0 0.959896 0.431481 0.0697917 0.281481 0.258133
0 0.960938 0.42963 0.0697917 0.274074 0.261995
0 0.189063 0.437037 0.0177083 0.0666667 0.265163
0 0.959375 0.432407 0.06875 0.283333 0.265843
26 0.699479 0.614815 0.0302083 0.0962963 0.271526
0 0.678646 0.539815 0.0635417 0.357407 0.272517
0 0.228646 0.439815 0.015625 0.087037 0.272936
26 0.698958 0.616667 0.0291667 0.0851852 0.273464
0 0.188021 0.437037 0.0177083 0.0666667 0.280054
0 0.0588542 0.500926 0.0322917 0.17963 0.283067
0 0.242188 0.44537 0.0177083 0.0759259 0.284783
0 0.39375 0.439815 0.0145833 0.0796296 0.29046
26 0.698958 0.616667 0.0291667 0.0851852 0.291631
0 0.1875 0.437963 0.0166667 0.0648148 0.296701
0 0.231771 0.442593 0.0239583 0.0814815 0.297847
0 0.232292 0.441667 0.025 0.0796296 0.302594
0 0.39375 0.437963 0.0145833 0.087037 0.303497
0 0.059375 0.501852 0.03125 0.177778 0.304873
0 0.394792 0.438889 0.0166667 0.0814815 0.3103
26 0.699479 0.614815 0.0302083 0.0925926 0.312534
0 0.0619792 0.499074 0.0364583 0.17963 0.315393
0 0.231771 0.441667 0.0239583 0.0796296 0.320869
26 0.698958 0.616667 0.0291667 0.0851852 0.323167
0 0.190104 0.437963 0.015625 0.0648148 0.324555
0 0.188542 0.437037 0.0166667 0.062963 0.327153
0 0.240104 0.444444 0.0197917 0.0777778 0.327993
0 0.1875 0.437963 0.0166667 0.0648148 0.328681
0 0.238021 0.443519 0.0197917 0.0796296 0.335084
0 0.025 0.542593 0.05 0.318519 0.33602
0 0.43125 0.442593 0.0270833 0.0962963 0.337712
0 0.240625 0.444444 0.01875 0.0777778 0.338643
0 0.394271 0.439815 0.015625 0.0833333 0.33942
0 0.39375 0.437963 0.0145833 0.087037 0.340448
0 0.440104 0.442593 0.021875 0.1 0.343287
0 0.440104 0.442593 0.021875 0.0962963 0.343593
0 0.440625 0.442593 0.0229167 0.1 0.346489
0 0.0625 0.5 0.0354167 0.177778 0.346643
0 0.190104 0.437037 0.015625 0.062963 0.347519
26 0.699479 0.613889 0.0302083 0.0944444 0.347866
0 0.240625 0.44537 0.01875 0.0759259 0.3507
0 0.432292 0.443519 0.0229167 0.0981481 0.358956
0 0.431771 0.441667 0.028125 0.0981481 0.370362
0 0.457292 0.443519 0.0166667 0.0907407 0.377478
0 0.43125 0.441667 0.0270833 0.0981481 0.380746
26 0.699479 0.615741 0.0302083 0.0944444 0.39226
0 0.0255208 0.54537 0.0510417 0.327778 0.39542
0 0.0255208 0.547222 0.0510417 0.316667 0.395639
0 0.0276042 0.542593 0.0552083 0.322222 0.397374
0 0.115625 0.486111 0.0229167 0.157407 0.398374
0 0.424479 0.441667 0.015625 0.0907407 0.399222
0 0.39375 0.438889 0.0145833 0.0814815 0.402438
0 0.457812 0.443519 0.0177083 0.0907407 0.402856
0 0.425 0.441667 0.0166667 0.0944444 0.404638
0 0.457292 0.443519 0.0166667 0.0907407 0.405284
0 0.114583 0.491667 0.0229167 0.168519 0.414465
0 0.0255208 0.54537 0.0510417 0.327778 0.415782
0 0.0255208 0.54537 0.0510417 0.327778 0.418526
26 0.699479 0.613889 0.0302083 0.0907407 0.424592
0 0.0973958 0.489815 0.046875 0.172222 0.429492
0 0.425 0.441667 0.0166667 0.0944444 0.43086
0 0.39375 0.439815 0.0145833 0.0833333 0.43512
0 0.111458 0.489815 0.025 0.168519 0.44962
0 0.096875 0.489815 0.0458333 0.172222 0.456274
26 0.699479 0.615741 0.0302083 0.0907407 0.456654
0 0.0895833 0.49537 0.0375 0.17963 0.457375
0 0.111979 0.489815 0.0239583 0.164815 0.468262
0 0.0609375 0.499074 0.0302083 0.17963 0.478638
0 0.0598958 0.500926 0.0322917 0.175926 0.478955
0 0.0609375 0.499074 0.0302083 0.17963 0.491235
0 0.0963542 0.488889 0.0447917 0.174074 0.496723
0 0.0265625 0.55 0.053125 0.325926 0.499099
0 0.0895833 0.496296 0.0375 0.177778 0.502163
0 0.0921875 0.496296 0.0385417 0.177778 0.509727
0 0.113021 0.485185 0.021875 0.159259 0.51925
0 0.456771 0.440741 0.0177083 0.0925926 0.535418
0 0.113021 0.485185 0.021875 0.159259 0.536605
0 0.0276042 0.546296 0.0552083 0.318519 0.541237
0 0.533854 0.473148 0.034375 0.146296 0.547471
0 0.028125 0.548148 0.0541667 0.322222 0.552579
0 0.0260417 0.547222 0.0520833 0.331481 0.555485
0 0.0598958 0.500926 0.0322917 0.175926 0.557122
0 0.0260417 0.546296 0.0520833 0.325926 0.558692
0 0.0260417 0.547222 0.0520833 0.331481 0.562623
0 0.45625 0.441667 0.01875 0.0944444 0.563792
0 0.533333 0.473148 0.0333333 0.146296 0.565431
0 0.672917 0.540741 0.05625 0.348148 0.567122
0 0.0286458 0.546296 0.0552083 0.325926 0.573963
0 0.455729 0.442593 0.0177083 0.0962963 0.577206
0 0.0598958 0.5 0.0302083 0.177778 0.577812
0 0.673437 0.538889 0.0552083 0.351852 0.580407
0 0.673437 0.539815 0.0552083 0.35 0.5805
0 0.456771 0.440741 0.0177083 0.0925926 0.581081
0 0.0598958 0.5 0.0302083 0.177778 0.582614
0 0.0921875 0.493519 0.0364583 0.17963 0.585642
0 0.0916667 0.497222 0.0375 0.175926 0.587363
0 0.0921875 0.493519 0.0364583 0.17963 0.595727
0 0.0286458 0.546296 0.0552083 0.322222 0.60061
0 0.0276042 0.54537 0.0552083 0.324074 0.610793
0 0.0598958 0.500926 0.0322917 0.175926 0.622356
0 0.532812 0.473148 0.034375 0.15 0.631012
0 0.532812 0.473148 0.034375 0.15 0.645351
0 0.45625 0.442593 0.0166667 0.0925926 0.651733
0 0.672917 0.537037 0.05625 0.355556 0.652032
0 0.0604167 0.5 0.03125 0.177778 0.653256
0 0.0604167 0.5 0.03125 0.177778 0.656336
0 0.0916667 0.497222 0.0375 0.175926 0.658008
0 0.532812 0.473148 0.034375 0.15 0.672453
0 0.0598958 0.500926 0.0322917 0.17963 0.673479
0 0.45625 0.441667 0.0166667 0.0944444 0.682431
0 0.45625 0.441667 0.0166667 0.0944444 0.692035
0 0.673437 0.537037 0.0552083 0.359259 0.693696
0 0.45625 0.441667 0.0166667 0.0944444 0.700807
0 0.0921875 0.492593 0.0364583 0.174074 0.707215
0 0.0911458 0.496296 0.0364583 0.181481 0.709282
0 0.0911458 0.496296 0.0364583 0.181481 0.714427
0 0.0921875 0.491667 0.0364583 0.175926 0.721233
0 0.0911458 0.496296 0.0364583 0.181481 0.728083
0 0.0265625 0.549074 0.053125 0.327778 0.731481
0 0.0265625 0.546296 0.053125 0.32963 0.747571
0 0.0265625 0.546296 0.053125 0.32963 0.748396
0 0.0265625 0.546296 0.053125 0.325926 0.748811
0 0.532812 0.473148 0.034375 0.146296 0.756482
0 0.532812 0.474074 0.034375 0.148148 0.760529
0 0.532292 0.473148 0.0333333 0.146296 0.76304
0 0.674479 0.537963 0.0572917 0.357407 0.764709
0 0.532292 0.475 0.0333333 0.153704 0.770419
0 0.532292 0.475926 0.0333333 0.151852 0.777765
0 0.674479 0.538889 0.0572917 0.355556 0.780779
0 0.532812 0.474074 0.034375 0.148148 0.780876
0 0.674479 0.538889 0.0572917 0.355556 0.784775
0 0.532812 0.474074 0.034375 0.148148 0.798813
0 0.532812 0.474074 0.034375 0.148148 0.808216
0 0.532812 0.474074 0.034375 0.148148 0.815598
0 0.532812 0.474074 0.034375 0.148148 0.816438
0 0.673958 0.537037 0.05625 0.359259 0.824663
0 0.673437 0.537963 0.0552083 0.357407 0.846799
0 0.673437 0.538889 0.0552083 0.355556 0.863575
0 0.673437 0.538889 0.0552083 0.355556 0.864214
