36 0.966146 0.811111 0.0635417 0.0592593 0.251722
13 0.44375 0.636111 0.25625 0.201852 0.253946
0 0.743229 0.418519 0.028125 0.12963 0.255449
0 0.0786458 0.408333 0.021875 0.0981481 0.256541
13 0.335417 0.460185 0.0708333 0.087037 0.256895
0 0.743229 0.411111 0.028125 0.118519 0.257462
0 0.123438 0.426852 0.0260417 0.127778 0.26008
13 0.335417 0.459259 0.0708333 0.0888889 0.263442
0 0.383854 0.366667 0.028125 0.1 0.264595
13 0.34375 0.462963 0.0875 0.0851852 0.265916
36 0.966667 0.811111 0.0625 0.0592593 0.266328
0 0.078125 0.412037 0.01875 0.0907407 0.268287
0 0.96875 0.588889 0.0625 0.481481 0.270851
0 0.743229 0.413889 0.0260417 0.127778 0.270857
0 0.342708 0.369444 0.025 0.0833333 0.272475
0 0.0286458 0.446296 0.046875 0.214815 0.273407
0 0.123958 0.426852 0.0270833 0.131481 0.2765
0 0.339583 0.375 0.0270833 0.0833333 0.279672
0 0.342708 0.37037 0.025 0.0851852 0.281439
13 0.405729 0.593518 0.182292 0.105556 0.282098
0 0.123958 0.426852 0.0270833 0.131481 0.284364
0 0.74375 0.412037 0.0270833 0.116667 0.285703
0 0.382812 0.37037 0.0260417 0.111111 0.288676
0 0.384896 0.367593 0.028125 0.101852 0.289585
0 0.384375 0.367593 0.0291667 0.101852 0.291217
0 0.96875 0.598148 0.0625 0.496296 0.292052
0 0.342708 0.37037 0.025 0.0851852 0.293968
0 0.968229 0.599074 0.0614583 0.498148 0.296418
0 0.0286458 0.44537 0.0489583 0.216667 0.297426
36 0.967188 0.813889 0.0635417 0.0574074 0.297619
13 0.336458 0.461111 0.0875 0.0888889 0.298517
0 0.527083 0.405556 0.025 0.137037 0.30145
13 0.336458 0.462963 0.075 0.0851852 0.306351
13 0.336979 0.462963 0.0739583 0.0851852 0.312619
13 0.402083 0.589815 0.16875 0.105556 0.317144
36 0.967188 0.813889 0.0635417 0.0574074 0.317326
0 0.338021 0.373148 0.0260417 0.0833333 0.318052
0 0.497917 0.414815 0.0270833 0.122222 0.321379
13 0.401563 0.591667 0.171875 0.112963 0.324878
0 0.334896 0.374074 0.021875 0.0814815 0.326442
13 0.403125 0.589815 0.170833 0.105556 0.326775
13 0.403646 0.593518 0.173958 0.112963 0.326944
0 0.334896 0.373148 0.021875 0.0833333 0.332844
0 0.378125 0.389815 0.01875 0.101852 0.333711
0 0.38125 0.376852 0.025 0.112963 0.336913
13 0.403125 0.591667 0.170833 0.105556 0.338153
0 0.494271 0.424074 0.034375 0.151852 0.340146
0 0.378125 0.389815 0.01875 0.101852 0.34224
0 0.5 0.424074 0.0291667 0.155556 0.342421
0 0.497917 0.414815 0.0270833 0.125926 0.343991
0 0.334896 0.374074 0.021875 0.0814815 0.345149
0 0.5 0.424074 0.0291667 0.151852 0.345639
13 0.403125 0.589815 0.170833 0.105556 0.346841
13 0.403646 0.594444 0.176042 0.114815 0.347843
0 0.2375 0.394444 0.0229167 0.107407 0.348255
0 0.497917 0.414815 0.0270833 0.125926 0.35102
0 0.238021 0.394444 0.021875 0.103704 0.354497
0 0.2375 0.394444 0.0229167 0.107407 0.354904
13 0.403646 0.593518 0.176042 0.112963 0.354925
0 0.123958 0.423148 0.0291667 0.12037 0.357615
0 0.341667 0.373148 0.025 0.0833333 0.359035
0 0.473437 0.397222 0.0177083 0.0907407 0.360787
0 0.341667 0.374074 0.025 0.0851852 0.365078
0 0.378125 0.389815 0.01875 0.101852 0.36721
0 0.0317708 0.449074 0.053125 0.212963 0.375798
0 0.341667 0.373148 0.025 0.0833333 0.378281
0 0.234375 0.391667 0.025 0.105556 0.381718
0 0.473437 0.397222 0.0197917 0.0907407 0.387688
0 0.473437 0.398148 0.0197917 0.0925926 0.391043
0 0.380208 0.378704 0.0229167 0.109259 0.39798
0 0.034375 0.450926 0.0479167 0.22037 0.398235
13 0.403125 0.589815 0.16875 0.105556 0.401124
0 0.232812 0.389815 0.0197917 0.109259 0.401178
0 0.527083 0.408333 0.0270833 0.131481 0.402627
13 0.405729 0.592593 0.176042 0.107407 0.403643
0 0.471354 0.394444 0.0177083 0.0888889 0.408221
0 0.233333 0.389815 0.0208333 0.112963 0.409993
0 0.123438 0.424074 0.028125 0.118519 0.416688
13 0.405729 0.591667 0.173958 0.105556 0.416871
0 0.034375 0.450926 0.05 0.22037 0.423311
0 0.232812 0.389815 0.0197917 0.112963 0.423787
0 0.380208 0.37963 0.025 0.107407 0.424035
0 0.380208 0.37963 0.025 0.107407 0.424996
13 0.409375 0.593518 0.18125 0.112963 0.441117
0 0.498437 0.42963 0.028125 0.155556 0.451846
0 0.231771 0.391667 0.021875 0.105556 0.453403
0 0.498437 0.430556 0.028125 0.153704 0.458032
0 0.234896 0.39537 0.021875 0.101852 0.462357
0 0.472396 0.390741 0.0197917 0.0851852 0.464109
0 0.96875 0.575 0.0625 0.527778 0.464634
0 0.527604 0.407407 0.0260417 0.151852 0.46987
0 0.96875 0.575 0.0625 0.535185 0.482823
0 0.434375 0.402778 0.0229167 0.109259 0.488149
0 0.123958 0.423148 0.0270833 0.116667 0.491803
0 0.234375 0.391667 0.0229167 0.112963 0.493459
0 0.234375 0.392593 0.0229167 0.111111 0.497168
0 0.234375 0.392593 0.0229167 0.111111 0.499778
0 0.527604 0.407407 0.0260417 0.151852 0.508346
0 0.472917 0.388889 0.01875 0.0814815 0.513116
0 0.96875 0.587963 0.0625 0.501852 0.516416
0 0.96875 0.587963 0.0625 0.505556 0.519088
0 0.472917 0.389815 0.01875 0.0833333 0.527545
0 0.967708 0.573148 0.0645833 0.516667 0.538443
0 0.472917 0.389815 0.01875 0.0833333 0.543688
0 0.527083 0.405556 0.0270833 0.144444 0.546073
0 0.527083 0.407407 0.025 0.151852 0.551473
0 0.435937 0.403704 0.021875 0.107407 0.555399
0 0.527083 0.408333 0.0270833 0.142593 0.571993
0 0.123438 0.424074 0.028125 0.122222 0.573173
0 0.0296875 0.449074 0.046875 0.212963 0.574275
0 0.0317708 0.450926 0.0489583 0.212963 0.575163
0 0.527083 0.408333 0.0270833 0.142593 0.57816
0 0.435937 0.403704 0.021875 0.107407 0.578779
0 0.967708 0.574074 0.0645833 0.518519 0.583247
0 0.0322917 0.452778 0.0520833 0.216667 0.591061
0 0.526563 0.405556 0.0239583 0.140741 0.597372
0 0.472917 0.392593 0.01875 0.0851852 0.600943
0 0.0322917 0.451852 0.0520833 0.214815 0.603825
0 0.123958 0.423148 0.0291667 0.124074 0.605455
0 0.527083 0.403704 0.0270833 0.144444 0.606301
0 0.527604 0.405556 0.0260417 0.144444 0.607369
0 0.527083 0.405556 0.025 0.140741 0.6082
0 0.435417 0.401852 0.0208333 0.107407 0.609302
0 0.526563 0.405556 0.0260417 0.133333 0.612259
0 0.435937 0.402778 0.021875 0.105556 0.613491
0 0.435937 0.402778 0.021875 0.105556 0.61566
0 0.03125 0.450926 0.0479167 0.212963 0.618295
0 0.0302083 0.45 0.0479167 0.214815 0.619661
0 0.473437 0.391667 0.0197917 0.087037 0.623589
0 0.03125 0.451852 0.0479167 0.214815 0.625483
0 0.968229 0.574074 0.0635417 0.525926 0.627961
0 0.123958 0.424074 0.0270833 0.122222 0.636276
0 0.472917 0.391667 0.01875 0.087037 0.637128
0 0.123958 0.423148 0.0270833 0.12037 0.64031
0 0.0317708 0.450926 0.0489583 0.212963 0.641289
0 0.0302083 0.45 0.0479167 0.214815 0.651481
0 0.123958 0.424074 0.0270833 0.122222 0.653431
0 0.96875 0.572222 0.0625 0.518519 0.654077
0 0.124479 0.423148 0.028125 0.124074 0.658033
0 0.498958 0.426852 0.0291667 0.157407 0.661125
0 0.124479 0.424074 0.0260417 0.122222 0.666387
0 0.123958 0.424074 0.0270833 0.122222 0.676247
0 0.527083 0.40463 0.0270833 0.142593 0.676526
0 0.498958 0.427778 0.0291667 0.155556 0.676725
0 0.968229 0.575926 0.0635417 0.52963 0.685574
0 0.123958 0.423148 0.0270833 0.124074 0.689326
0 0.123958 0.425 0.0270833 0.12037 0.691228
0 0.497917 0.425 0.0291667 0.157407 0.692352
0 0.435937 0.401852 0.021875 0.111111 0.696418
0 0.968229 0.575 0.0635417 0.531482 0.697016
0 0.497917 0.425 0.0291667 0.153704 0.697812
0 0.498958 0.426852 0.0291667 0.157407 0.698257
0 0.436458 0.401852 0.0229167 0.114815 0.706079
0 0.436458 0.402778 0.0229167 0.112963 0.707257
0 0.123958 0.425 0.0270833 0.12037 0.71321
0 0.527083 0.405556 0.025 0.144444 0.715727
0 0.0317708 0.450926 0.0489583 0.212963 0.717018
0 0.123958 0.425 0.0270833 0.12037 0.729209
0 0.968229 0.573148 0.0635417 0.516667 0.732179
0 0.497917 0.427778 0.0291667 0.151852 0.733456
0 0.497917 0.426852 0.0291667 0.153704 0.733508
0 0.0322917 0.452778 0.05 0.212963 0.733559
0 0.526563 0.40463 0.0260417 0.138889 0.739387
0 0.526563 0.40463 0.0260417 0.138889 0.74392
0 0.0322917 0.452778 0.05 0.212963 0.745861
0 0.527083 0.403704 0.0270833 0.144444 0.748292
0 0.0322917 0.452778 0.05 0.216667 0.7572
0 0.968229 0.573148 0.0635417 0.524074 0.758218
0 0.497917 0.427778 0.0291667 0.151852 0.762271
0 0.497917 0.425 0.0291667 0.153704 0.764566
0 0.03125 0.45 0.0479167 0.214815 0.765332
0 0.497917 0.425926 0.0291667 0.151852 0.76536
0 0.03125 0.45 0.0479167 0.218519 0.768039
