0 0.552083 0.316667 0.0145833 0.062963 0.25048
0 0.498437 0.351852 0.028125 0.114815 0.252615
0 0.527083 0.338889 0.0208333 0.1 0.253738
0 0.753125 0.34537 0.0458333 0.175926 0.255075
0 0.520312 0.341667 0.021875 0.0907407 0.256625
0 0.753646 0.351852 0.046875 0.181481 0.258223
0 0.405208 0.313889 0.0166667 0.0685185 0.264652
0 0.627083 0.344444 0.0270833 0.122222 0.265574
0 0.520312 0.344444 0.0239583 0.0888889 0.269256
0 0.527604 0.338889 0.0197917 0.1 0.269525
0 0.186979 0.360185 0.053125 0.205556 0.27011
0 0.404687 0.312963 0.015625 0.0740741 0.271874
0 0.185417 0.405556 0.0520833 0.303704 0.273255
0 0.186458 0.385185 0.0541667 0.262963 0.274131
26 0.168229 0.369444 0.021875 0.087037 0.278767
0 0.546354 0.32037 0.0197917 0.0740741 0.280802
0 0.404687 0.318519 0.015625 0.062963 0.282634
0 0.520312 0.344444 0.0239583 0.0851852 0.282734
0 0.190104 0.334259 0.0427083 0.142593 0.286771
0 0.520312 0.341667 0.021875 0.0944444 0.286835
0 0.714063 0.387037 0.028125 0.296296 0.287207
0 0.520312 0.341667 0.021875 0.0944444 0.289523
0 0.550521 0.316667 0.015625 0.0666667 0.292282
0 0.191146 0.336111 0.040625 0.146296 0.293834
0 0.742708 0.37963 0.0708333 0.307407 0.294836
26 0.167708 0.37037 0.0208333 0.0851852 0.297088
0 0.189583 0.334259 0.0416667 0.142593 0.298277
0 0.404687 0.312963 0.015625 0.0740741 0.305529
0 0.191146 0.336111 0.040625 0.146296 0.30928
26 0.167708 0.369444 0.0208333 0.087037 0.309478
0 0.404687 0.318519 0.015625 0.062963 0.310478
0 0.709896 0.378704 0.0364583 0.283333 0.314666
24 0.760417 0.335185 0.0354167 0.111111 0.319523
1 0.981771 0.39537 0.0364583 0.12037 0.3235
0 0.525 0.342593 0.0229167 0.0962963 0.324683
0 0.497917 0.355556 0.0291667 0.125926 0.324743
0 0.627083 0.344444 0.0270833 0.122222 0.325852
0 0.742708 0.37963 0.06875 0.303704 0.327054
0 0.497917 0.355556 0.0291667 0.125926 0.330674
0 0.55 0.318519 0.0166667 0.0666667 0.330737
0 0.190104 0.331481 0.040625 0.144444 0.330974
0 0.495833 0.360185 0.0270833 0.124074 0.331214
0 0.191146 0.337037 0.040625 0.148148 0.331831
1 0.982292 0.39537 0.0354167 0.12037 0.333606
1 0.981771 0.396296 0.0364583 0.122222 0.334771
0 0.495833 0.360185 0.0270833 0.127778 0.33512
0 0.495833 0.360185 0.0270833 0.127778 0.336142
0 0.190104 0.331481 0.040625 0.144444 0.336197
0 0.189583 0.334259 0.0416667 0.142593 0.337519
0 0.627083 0.344444 0.0270833 0.122222 0.33856
1 0.983333 0.397222 0.0333333 0.116667 0.339377
1 0.982292 0.397222 0.0333333 0.116667 0.339965
0 0.550521 0.315741 0.015625 0.0611111 0.342584
0 0.186979 0.337037 0.0447917 0.144444 0.344801
0 0.709896 0.378704 0.0364583 0.283333 0.347612
0 0.498437 0.355556 0.034375 0.133333 0.348515
24 0.760417 0.335185 0.0354167 0.107407 0.348602
0 0.709896 0.377778 0.0364583 0.274074 0.349655
0 0.497917 0.355556 0.0333333 0.133333 0.351558
0 0.0869792 0.534259 0.173958 0.624074 0.352682
24 0.759896 0.339815 0.034375 0.101852 0.353849
24 0.759896 0.340741 0.034375 0.1 0.357248
24 0.760417 0.339815 0.0333333 0.101852 0.361391
1 0.986979 0.400926 0.0260417 0.109259 0.369141
0 0.742188 0.382407 0.0697917 0.309259 0.37201
0 0.549479 0.318519 0.015625 0.0666667 0.374569
0 0.740625 0.388889 0.0666667 0.322222 0.377534
0 0.626562 0.341667 0.0302083 0.131481 0.3783
0 0.497917 0.355556 0.0333333 0.133333 0.385697
0 0.453646 0.34537 0.0239583 0.153704 0.386717
0 0.453646 0.34537 0.0239583 0.153704 0.388302
1 0.9875 0.399074 0.0229167 0.112963 0.397528
1 0.985937 0.396296 0.028125 0.118519 0.402116
0 0.626562 0.342593 0.028125 0.12963 0.402315
1 0.9875 0.398148 0.025 0.114815 0.404604
1 0.9875 0.399074 0.0229167 0.112963 0.404713
1 0.988021 0.399074 0.0239583 0.112963 0.406487
24 0.759896 0.335185 0.0364583 0.107407 0.407706
1 0.986979 0.398148 0.0260417 0.114815 0.408289
0 0.495833 0.359259 0.0270833 0.125926 0.412601
0 0.084375 0.521296 0.16875 0.631481 0.416328
0 0.549479 0.317593 0.015625 0.0648148 0.41636
1 0.986979 0.398148 0.0260417 0.111111 0.42515
0 0.551042 0.316667 0.0145833 0.062963 0.428426
24 0.760417 0.337963 0.0354167 0.0981481 0.439244
24 0.759896 0.335185 0.0364583 0.111111 0.44715
0 0.0869792 0.532407 0.173958 0.642593 0.450671
0 0.550521 0.316667 0.015625 0.062963 0.45244
24 0.760417 0.337963 0.0354167 0.101852 0.455756
24 0.760417 0.337037 0.0354167 0.103704 0.457838
0 0.552083 0.316667 0.0125 0.062963 0.475377
24 0.759896 0.335185 0.0364583 0.107407 0.477569
0 0.552083 0.316667 0.0125 0.062963 0.49121
0 0.731771 0.381481 0.065625 0.322222 0.500169
0 0.710417 0.377778 0.0333333 0.288889 0.505784
24 0.760417 0.334259 0.0354167 0.109259 0.506043
0 0.453646 0.341667 0.028125 0.15 0.506576
0 0.496354 0.356481 0.0302083 0.131481 0.512628
0 0.495833 0.356481 0.0291667 0.135185 0.513348
0 0.627604 0.342593 0.0302083 0.125926 0.514166
0 0.627604 0.341667 0.0302083 0.124074 0.524728
0 0.495833 0.358333 0.0270833 0.131481 0.528471
0 0.627604 0.341667 0.0302083 0.124074 0.530611
0 0.495833 0.358333 0.0270833 0.131481 0.534593
24 0.760938 0.337037 0.0364583 0.103704 0.54569
0 0.453646 0.341667 0.028125 0.15 0.547531
0 0.453646 0.340741 0.028125 0.148148 0.54822
0 0.710417 0.378704 0.0333333 0.287037 0.549682
0 0.710417 0.378704 0.0333333 0.287037 0.554015
24 0.760417 0.337037 0.0354167 0.107407 0.560447
0 0.496354 0.356481 0.028125 0.131481 0.561265
24 0.760938 0.336111 0.0364583 0.109259 0.563713
0 0.379687 0.32963 0.021875 0.1 0.56898
0 0.495833 0.356481 0.0291667 0.131481 0.572935
0 0.710938 0.378704 0.034375 0.298148 0.57705
0 0.0864583 0.522222 0.172917 0.655556 0.583799
0 0.496875 0.356481 0.0291667 0.131481 0.589163
0 0.710417 0.377778 0.0354167 0.296296 0.593948
0 0.739583 0.383333 0.0729167 0.314815 0.608992
0 0.379687 0.32963 0.021875 0.103704 0.617265
0 0.380208 0.332407 0.0208333 0.101852 0.617917
0 0.379687 0.32963 0.021875 0.103704 0.6184
0 0.710417 0.377778 0.0354167 0.296296 0.625091
0 0.496354 0.357407 0.028125 0.133333 0.626435
0 0.627604 0.346296 0.0302083 0.12963 0.635626
0 0.627083 0.342593 0.0291667 0.12963 0.641785
0 0.380208 0.332407 0.0208333 0.101852 0.645098
0 0.711458 0.375 0.0354167 0.301852 0.645326
0 0.739583 0.383333 0.0729167 0.311111 0.647439
0 0.454167 0.338889 0.0270833 0.151852 0.652417
0 0.453646 0.337963 0.0260417 0.153704 0.656868
0 0.380208 0.332407 0.0208333 0.101852 0.657519
0 0.714063 0.378704 0.0322917 0.309259 0.659379
0 0.740104 0.383333 0.0697917 0.311111 0.661462
0 0.738542 0.384259 0.0729167 0.316667 0.6642
0 0.379687 0.32963 0.0197917 0.107407 0.666761
0 0.453646 0.343519 0.028125 0.157407 0.687524
0 0.627083 0.342593 0.0291667 0.12963 0.689456
0 0.453646 0.344444 0.028125 0.155556 0.692787
0 0.627083 0.342593 0.0291667 0.12963 0.694228
0 0.627604 0.34537 0.0302083 0.131481 0.706772
0 0.738542 0.384259 0.0708333 0.309259 0.708775
0 0.0869792 0.527778 0.173958 0.62963 0.712881
0 0.453646 0.342593 0.028125 0.155556 0.716934
0 0.627083 0.343519 0.0291667 0.127778 0.722676
0 0.736979 0.382407 0.0677083 0.316667 0.723532
0 0.379167 0.330556 0.0208333 0.105556 0.728617
0 0.627083 0.346296 0.0291667 0.12963 0.729023
0 0.736979 0.382407 0.0677083 0.316667 0.742754
0 0.380208 0.330556 0.0208333 0.105556 0.743351
0 0.453646 0.343519 0.028125 0.157407 0.744923
0 0.627083 0.343519 0.0291667 0.127778 0.746722
0 0.453646 0.343519 0.028125 0.157407 0.752105
0 0.0875 0.524074 0.175 0.633333 0.754323
0 0.736979 0.381481 0.0677083 0.318519 0.756166
0 0.738021 0.383333 0.071875 0.314815 0.763065
0 0.627083 0.343519 0.0291667 0.127778 0.767604
0 0.627083 0.342593 0.0291667 0.125926 0.778026
0 0.0869792 0.527778 0.173958 0.62963 0.778913
0 0.627083 0.343519 0.0291667 0.127778 0.787078
0 0.454167 0.343519 0.0270833 0.157407 0.79346
0 0.627083 0.343519 0.0291667 0.127778 0.805173
0 0.379167 0.333333 0.0208333 0.1 0.806294
0 0.379167 0.333333 0.0208333 0.103704 0.819548
0 0.379167 0.333333 0.0208333 0.103704 0.826332
0 0.453125 0.341667 0.0270833 0.153704 0.833302
0 0.453125 0.340741 0.0270833 0.151852 0.836108
0 0.0869792 0.52963 0.173958 0.633333 0.841982
0 0.453125 0.342593 0.0270833 0.151852 0.845437
0 0.453646 0.342593 0.028125 0.148148 0.850514
0 0.0869792 0.523148 0.173958 0.638889 0.878187
0 0.0864583 0.527778 0.172917 0.637037 0.880307
0 0.0859375 0.526852 0.171875 0.635185 0.884889
0 0.0859375 0.527778 0.171875 0.633333 0.890142
0 0.0859375 0.525926 0.171875 0.633333 0.898599
0 0.0859375 0.526852 0.171875 0.635185 0.902388
0 0.0859375 0.525926 0.171875 0.633333 0.911338
