0 0.383333 0.298148 0.0145833 0.062963 0.250705
13 0.20625 0.783333 0.385417 0.418519 0.252451
0 0.320312 0.287963 0.0135417 0.0648148 0.252751
0 0.321354 0.292593 0.0135417 0.0592593 0.253175
13 0.206771 0.784259 0.384375 0.416667 0.254812
13 0.206771 0.784259 0.386458 0.416667 0.255004
0 0.366146 0.308333 0.0197917 0.0907407 0.256067
0 0.414062 0.315741 0.0239583 0.146296 0.258436
0 0.383854 0.299074 0.015625 0.0722222 0.258776
0 0.605208 0.319444 0.0291667 0.12037 0.259222
0 0.101042 0.324074 0.0479167 0.159259 0.260678
24 0.773438 0.325 0.040625 0.124074 0.262909
0 0.321354 0.292593 0.0135417 0.0592593 0.265613
0 0.604167 0.32037 0.0291667 0.122222 0.268114
0 0.101042 0.324074 0.0479167 0.159259 0.26848
0 0.466146 0.330556 0.0302083 0.127778 0.273413
0 0.455208 0.334259 0.025 0.15 0.27372
0 0.45625 0.330556 0.0270833 0.146296 0.274795
0 0.523958 0.297222 0.025 0.0833333 0.27501
0 0.456771 0.32963 0.0260417 0.144444 0.277051
0 0.321354 0.289815 0.0135417 0.0611111 0.279469
0 0.617188 0.314815 0.0197917 0.114815 0.284171
0 0.604688 0.32037 0.028125 0.122222 0.286237
0 0.455208 0.333333 0.025 0.148148 0.287104
0 0.383333 0.299074 0.0166667 0.0722222 0.288339
0 0.478646 0.326852 0.0197917 0.0981481 0.288775
24 0.773438 0.324074 0.040625 0.125926 0.291089
0 0.49375 0.330556 0.0333333 0.0833333 0.295154
0 0.6 0.323148 0.0333333 0.127778 0.296743
0 0.320833 0.289815 0.0145833 0.0611111 0.299241
24 0.773438 0.325 0.040625 0.127778 0.301733
13 0.213021 0.781482 0.392708 0.407407 0.303989
13 0.213021 0.781482 0.392708 0.411111 0.305717
0 0.0973958 0.327778 0.0489583 0.17037 0.311163
24 0.775521 0.325926 0.040625 0.118519 0.31216
0 0.383333 0.299074 0.0166667 0.0722222 0.312627
13 0.213021 0.782407 0.390625 0.405556 0.312634
0 0.490625 0.328704 0.0291667 0.087037 0.318023
0 0.478125 0.32963 0.0208333 0.0888889 0.322281
0 0.0973958 0.327778 0.0489583 0.166667 0.328982
0 0.478646 0.326852 0.0197917 0.101852 0.32993
0 0.528125 0.29537 0.0166667 0.0722222 0.331983
0 0.457292 0.335185 0.0270833 0.151852 0.332708
24 0.775521 0.326852 0.040625 0.116667 0.335211
0 0.478646 0.327778 0.0197917 0.1 0.337208
0 0.527604 0.29537 0.015625 0.0722222 0.337386
0 0.611979 0.316667 0.028125 0.118519 0.339982
0 0.498958 0.32963 0.025 0.0888889 0.340284
0 0.457292 0.336111 0.0270833 0.153704 0.341394
0 0.617188 0.315741 0.0197917 0.116667 0.349258
0 0.617188 0.316667 0.0197917 0.114815 0.356627
24 0.776042 0.326852 0.0416667 0.116667 0.359111
13 0.213542 0.784259 0.3875 0.412963 0.373001
0 0.528125 0.29537 0.0166667 0.0722222 0.374565
0 0.498958 0.330556 0.025 0.087037 0.377729
0 0.5 0.32963 0.0229167 0.0888889 0.379346
0 0.478125 0.330556 0.0208333 0.0907407 0.38061
0 0.478125 0.32963 0.0208333 0.0925926 0.38174
13 0.213542 0.783333 0.3875 0.414815 0.382002
0 0.529167 0.294444 0.0166667 0.0703704 0.382082
0 0.498958 0.331481 0.025 0.0888889 0.384083
13 0.213542 0.783333 0.3875 0.414815 0.384226
0 0.726042 0.375 0.0583333 0.35 0.384385
0 0.527604 0.293519 0.015625 0.0759259 0.391147
0 0.366667 0.313889 0.0208333 0.101852 0.397268
0 0.527604 0.296296 0.015625 0.0740741 0.400379
0 0.597917 0.323148 0.025 0.127778 0.406028
0 0.716146 0.367593 0.0427083 0.316667 0.406466
0 0.601562 0.324074 0.0302083 0.125926 0.408514
0 0.597917 0.323148 0.025 0.127778 0.412527
0 0.5 0.32963 0.0229167 0.0888889 0.422891
0 0.597917 0.323148 0.025 0.127778 0.42512
24 0.773438 0.327778 0.040625 0.148148 0.426276
24 0.773958 0.326852 0.0416667 0.146296 0.429498
0 0.5 0.32963 0.0229167 0.0888889 0.433085
24 0.773438 0.327778 0.0427083 0.148148 0.433591
0 0.465104 0.333333 0.0322917 0.140741 0.446416
0 0.366146 0.313889 0.0197917 0.105556 0.447056
0 0.617188 0.314815 0.0197917 0.114815 0.449552
0 0.366667 0.313889 0.0208333 0.105556 0.45362
24 0.774479 0.328704 0.0385417 0.112963 0.457752
0 0.597396 0.323148 0.028125 0.124074 0.460871
0 0.464583 0.333333 0.03125 0.140741 0.464468
24 0.774479 0.331481 0.040625 0.111111 0.465367
0 0.755729 0.377778 0.071875 0.374074 0.466841
0 0.527604 0.296296 0.015625 0.0740741 0.466981
0 0.499479 0.330556 0.0239583 0.087037 0.470186
0 0.528125 0.29537 0.0166667 0.0722222 0.471721
0 0.367188 0.312037 0.021875 0.0981481 0.474002
0 0.597396 0.325 0.028125 0.124074 0.481827
24 0.773438 0.324074 0.040625 0.137037 0.483488
24 0.773958 0.327778 0.0395833 0.122222 0.484459
24 0.773958 0.327778 0.0395833 0.122222 0.48508
24 0.775 0.331481 0.0395833 0.114815 0.487595
0 0.597396 0.322222 0.0260417 0.125926 0.489119
24 0.775 0.332407 0.0395833 0.116667 0.489422
24 0.775 0.32963 0.0416667 0.122222 0.491048
0 0.527604 0.294444 0.015625 0.0740741 0.497882
0 0.527604 0.29537 0.015625 0.0722222 0.498689
0 0.596875 0.325926 0.025 0.122222 0.50216
0 0.617188 0.313889 0.0197917 0.112963 0.503014
0 0.718229 0.372222 0.0427083 0.322222 0.505853
0 0.617188 0.314815 0.0197917 0.114815 0.506599
24 0.772917 0.327778 0.0395833 0.125926 0.508291
24 0.774479 0.328704 0.040625 0.116667 0.508325
0 0.617708 0.312037 0.01875 0.105556 0.520869
0 0.527604 0.294444 0.015625 0.0740741 0.527899
0 0.754687 0.375926 0.0739583 0.37037 0.528995
0 0.596875 0.325926 0.025 0.122222 0.537576
24 0.772917 0.327778 0.0416667 0.125926 0.538168
24 0.774479 0.328704 0.040625 0.116667 0.539324
0 0.596875 0.323148 0.0270833 0.12037 0.542211
0 0.733854 0.375926 0.0677083 0.351852 0.546663
0 0.596875 0.325 0.0270833 0.124074 0.551709
0 0.754167 0.376852 0.0770833 0.372222 0.554557
0 0.596875 0.323148 0.025 0.127778 0.566956
0 0.596875 0.323148 0.025 0.127778 0.572308
0 0.457292 0.332407 0.0270833 0.161111 0.572471
0 0.457292 0.333333 0.0270833 0.151852 0.572559
0 0.596875 0.325 0.025 0.12037 0.573876
0 0.735417 0.375 0.0729167 0.35 0.581085
0 0.750521 0.375 0.0760417 0.364815 0.585238
0 0.734896 0.375 0.071875 0.353704 0.588021
0 0.413542 0.323148 0.0270833 0.153704 0.588256
0 0.755729 0.378704 0.0697917 0.372222 0.590668
0 0.756771 0.375 0.0697917 0.368519 0.594534
0 0.413542 0.322222 0.0270833 0.151852 0.595613
0 0.4125 0.318519 0.0270833 0.151852 0.596334
0 0.4125 0.319444 0.0270833 0.153704 0.605593
0 0.716667 0.373148 0.0416667 0.324074 0.628274
0 0.366667 0.313889 0.0208333 0.101852 0.628908
0 0.366667 0.313889 0.0208333 0.105556 0.629504
0 0.755729 0.374074 0.0697917 0.366667 0.630246
0 0.597396 0.325 0.0260417 0.124074 0.632716
0 0.596875 0.323148 0.0270833 0.12037 0.638389
0 0.754687 0.374074 0.0697917 0.366667 0.64221
0 0.457812 0.332407 0.028125 0.15 0.643696
0 0.457292 0.333333 0.0270833 0.151852 0.651445
0 0.0973958 0.332407 0.0510417 0.168519 0.651484
0 0.754687 0.375 0.0697917 0.368519 0.652677
0 0.366667 0.313889 0.0208333 0.101852 0.654243
0 0.457292 0.332407 0.0270833 0.157407 0.660263
0 0.366667 0.312963 0.0208333 0.103704 0.667768
0 0.413021 0.323148 0.028125 0.15 0.669207
0 0.413542 0.321296 0.0270833 0.15 0.669208
0 0.366667 0.314815 0.0208333 0.1 0.670004
0 0.366667 0.312963 0.0208333 0.103704 0.670715
0 0.0989583 0.330556 0.05 0.164815 0.670917
0 0.717188 0.374074 0.040625 0.322222 0.671928
0 0.0963542 0.331481 0.0510417 0.17037 0.674845
0 0.413542 0.32037 0.0270833 0.148148 0.677198
0 0.457292 0.333333 0.0270833 0.151852 0.679159
0 0.096875 0.330556 0.0520833 0.168519 0.679884
0 0.0989583 0.32963 0.05 0.166667 0.683986
0 0.366146 0.312963 0.0197917 0.1 0.684408
0 0.717188 0.373148 0.040625 0.32037 0.686204
0 0.0979167 0.331481 0.0520833 0.166667 0.689091
0 0.456771 0.333333 0.028125 0.159259 0.696985
0 0.457812 0.332407 0.028125 0.153704 0.703684
0 0.096875 0.331481 0.0520833 0.17037 0.71069
0 0.096875 0.330556 0.0520833 0.168519 0.717359
0 0.457812 0.332407 0.028125 0.15 0.719776
0 0.0979167 0.331481 0.0520833 0.166667 0.722836
0 0.413542 0.323148 0.0270833 0.153704 0.730574
0 0.096875 0.331481 0.0520833 0.17037 0.734368
0 0.096875 0.331481 0.0520833 0.17037 0.739052
0 0.413021 0.323148 0.028125 0.15 0.739805
0 0.0973958 0.331481 0.0510417 0.17037 0.744047
0 0.413542 0.322222 0.0270833 0.151852 0.744614
0 0.717708 0.371296 0.04375 0.324074 0.745126
0 0.096875 0.32963 0.0520833 0.17037 0.751735
0 0.096875 0.331481 0.0520833 0.17037 0.757967
0 0.413542 0.323148 0.0270833 0.15 0.759187
0 0.0979167 0.331481 0.0520833 0.17037 0.76192
0 0.366146 0.313889 0.0197917 0.101852 0.76561
0 0.096875 0.32963 0.0520833 0.17037 0.766569
0 0.717708 0.37037 0.04375 0.322222 0.76831
0 0.717708 0.371296 0.04375 0.324074 0.771706
0 0.413542 0.325 0.0270833 0.15 0.772618
0 0.413542 0.325 0.0270833 0.153704 0.797602
0 0.456771 0.334259 0.0260417 0.15 0.808903
0 0.413021 0.325 0.028125 0.15 0.812455
0 0.456771 0.334259 0.0260417 0.146296 0.824042
