0 0.609375 0.362037 0.0229167 0.135185 0.250065
0 0.228646 0.438889 0.0989583 0.418519 0.252407
2 0.4125 0.310185 0.0291667 0.0351852 0.252792
0 0.326562 0.347222 0.0197917 0.0833333 0.253179
0 0.326562 0.348148 0.0197917 0.0851852 0.253369
0 0.369271 0.339815 0.0177083 0.0722222 0.254757
2 0.4125 0.311111 0.0291667 0.037037 0.25494
0 0.609375 0.367593 0.0270833 0.131481 0.257389
2 0.253125 0.274074 0.0354167 0.0296296 0.257743
0 0.351042 0.337037 0.0229167 0.0777778 0.258142
0 0.0135417 0.373148 0.0208333 0.127778 0.263989
0 0.347917 0.340741 0.01875 0.0814815 0.26636
0 0.347917 0.339815 0.0166667 0.0796296 0.268605
2 0.253646 0.274074 0.0385417 0.0296296 0.269979
0 0.0140625 0.369444 0.021875 0.127778 0.27194
0 0.646354 0.386111 0.0427083 0.22037 0.272583
2 0.253125 0.274074 0.0375 0.0296296 0.275267
0 0.369271 0.336111 0.0197917 0.0722222 0.278242
0 0.326562 0.347222 0.0197917 0.0833333 0.279919
0 0.0140625 0.362963 0.021875 0.107407 0.281005
0 0.609375 0.361111 0.0229167 0.133333 0.284238
0 0.347917 0.339815 0.0166667 0.0796296 0.284774
13 0.398438 0.568519 0.0885417 0.181481 0.285514
0 0.645833 0.386111 0.0458333 0.22037 0.287526
0 0.0140625 0.362963 0.021875 0.111111 0.289487
0 0.442708 0.362037 0.0333333 0.112963 0.290284
2 0.416146 0.311111 0.0322917 0.0407407 0.290658
2 0.416146 0.311111 0.0322917 0.0407407 0.293354
13 0.398438 0.568519 0.0885417 0.181481 0.296391
0 0.0145833 0.362963 0.0208333 0.111111 0.296406
0 0.609896 0.368519 0.0260417 0.137037 0.296474
2 0.253125 0.274074 0.0375 0.0296296 0.297435
0 0.609375 0.367593 0.0270833 0.138889 0.297705
0 0.608854 0.368519 0.021875 0.133333 0.297716
0 0.609375 0.362037 0.0229167 0.124074 0.297848
2 0.415625 0.311111 0.0333333 0.0407407 0.299565
0 0.443229 0.362037 0.034375 0.112963 0.30635
0 0.609375 0.362963 0.0229167 0.125926 0.322467
0 0.440625 0.366667 0.0270833 0.133333 0.328894
0 0.440625 0.366667 0.0270833 0.133333 0.331508
0 0.609375 0.362037 0.0229167 0.124074 0.335936
0 0.609375 0.365741 0.0270833 0.138889 0.341872
0 0.368229 0.337037 0.0197917 0.0777778 0.344363
0 0.654688 0.380556 0.0510417 0.22037 0.347348
0 0.368229 0.337037 0.0197917 0.0777778 0.351625
0 0.652604 0.383333 0.0510417 0.225926 0.353442
0 0.442708 0.362037 0.0333333 0.112963 0.357076
0 0.652604 0.384259 0.0510417 0.227778 0.36351
0 0.330208 0.347222 0.01875 0.0796296 0.37114
0 0.222917 0.435185 0.0958333 0.425926 0.374813
0 0.368229 0.337037 0.0197917 0.0777778 0.375379
0 0.608333 0.362963 0.0229167 0.133333 0.376401
0 0.222917 0.435185 0.0958333 0.425926 0.379097
13 0.399479 0.57037 0.090625 0.185185 0.392351
13 0.399479 0.571296 0.090625 0.183333 0.39349
0 0.330208 0.344444 0.0208333 0.0814815 0.397218
13 0.399479 0.571296 0.090625 0.183333 0.399124
13 0.398958 0.57037 0.0916667 0.185185 0.412868
13 0.398958 0.569444 0.0916667 0.183333 0.413727
13 0.398958 0.57037 0.0916667 0.185185 0.414615
0 0.608854 0.364815 0.0260417 0.137037 0.415951
13 0.399479 0.568519 0.090625 0.181481 0.433393
0 0.653646 0.380556 0.0510417 0.22037 0.43696
0 0.609375 0.366667 0.025 0.137037 0.44631
13 0.399479 0.568519 0.090625 0.181481 0.46531
13 0.399479 0.567593 0.090625 0.17963 0.474839
0 0.227604 0.437037 0.096875 0.422222 0.494637
13 0.398958 0.567593 0.0895833 0.17963 0.49786
0 0.328646 0.344444 0.0197917 0.0851852 0.508287
0 0.227083 0.436111 0.0979167 0.42037 0.524747
0 0.330208 0.34537 0.01875 0.087037 0.525285
0 0.608854 0.364815 0.0260417 0.137037 0.52883
0 0.652083 0.378704 0.0541667 0.227778 0.531208
0 0.440104 0.361111 0.028125 0.12963 0.534148
0 0.653646 0.382407 0.0510417 0.22037 0.550393
0 0.608854 0.363889 0.0239583 0.127778 0.554168
0 0.330208 0.34537 0.01875 0.087037 0.557156
0 0.330208 0.34537 0.01875 0.087037 0.565634
0 0.608854 0.364815 0.0239583 0.12963 0.580151
0 0.329688 0.34537 0.0197917 0.087037 0.603957
0 0.440104 0.361111 0.028125 0.12963 0.613383
0 0.440625 0.361111 0.0270833 0.12963 0.626485
0 0.329688 0.34537 0.0197917 0.087037 0.627098
0 0.608854 0.364815 0.0239583 0.133333 0.6296
0 0.608854 0.364815 0.0239583 0.133333 0.634933
0 0.329688 0.34537 0.0197917 0.087037 0.637402
0 0.608854 0.364815 0.0239583 0.133333 0.641675
0 0.608854 0.364815 0.0239583 0.133333 0.642388
0 0.441146 0.366667 0.0302083 0.12963 0.64468
0 0.441146 0.366667 0.0302083 0.12963 0.65268
0 0.608854 0.366667 0.0239583 0.137037 0.675325
0 0.440625 0.362963 0.0291667 0.12963 0.688875
0 0.441146 0.362963 0.028125 0.133333 0.689923
0 0.652083 0.382407 0.0541667 0.227778 0.692162
0 0.652083 0.381481 0.05625 0.22963 0.715229
0 0.608854 0.365741 0.0239583 0.135185 0.718175
0 0.651042 0.381481 0.0541667 0.225926 0.719268
0 0.441146 0.366667 0.0302083 0.12963 0.723943
0 0.651042 0.380556 0.0541667 0.227778 0.726117
0 0.652083 0.383333 0.0541667 0.22963 0.733459
0 0.652083 0.381481 0.05625 0.22963 0.742457
0 0.651563 0.380556 0.0552083 0.227778 0.751178
0 0.651563 0.381481 0.0552083 0.22963 0.752609
0 0.440625 0.362963 0.0291667 0.125926 0.756597
0 0.441146 0.367593 0.0302083 0.131481 0.75695
0 0.441667 0.366667 0.0291667 0.133333 0.77086
0 0.440625 0.362963 0.0291667 0.125926 0.772241
0 0.652083 0.380556 0.05625 0.227778 0.772449
0 0.651563 0.382407 0.0552083 0.227778 0.778431
0 0.441146 0.366667 0.0302083 0.133333 0.786544
0 0.441146 0.362963 0.028125 0.133333 0.793704
0 0.441146 0.362963 0.028125 0.133333 0.794998
0 0.652083 0.380556 0.0520833 0.227778 0.833151
0 0.652083 0.380556 0.0520833 0.227778 0.835279
0 0.225521 0.435185 0.0947917 0.418519 0.858142
0 0.224479 0.437037 0.0927083 0.422222 0.859395
0 0.225521 0.436111 0.096875 0.416667 0.86095
0 0.225 0.437037 0.09375 0.422222 0.864899
0 0.225 0.437963 0.09375 0.424074 0.866536
0 0.226042 0.436111 0.0958333 0.42037 0.877825
0 0.226042 0.436111 0.0958333 0.42037 0.880366
0 0.225 0.438889 0.09375 0.425926 0.882172
0 0.225521 0.438889 0.0927083 0.42963 0.882289
0 0.225 0.438889 0.09375 0.42963 0.888995
