24 0.96875 0.4 0.0625 0.218519 0.255234
0 0.486458 0.361111 0.025 0.103704 0.256204
0 0.508333 0.366667 0.03125 0.103704 0.258246
0 0.514583 0.359259 0.025 0.0888889 0.258311
0 0.671354 0.347222 0.028125 0.127778 0.259762
0 0.509896 0.369444 0.028125 0.0944444 0.259977
0 0.509375 0.369444 0.03125 0.0981481 0.265743
0 0.0567708 0.336111 0.0177083 0.0981481 0.270005
24 0.969792 0.392593 0.0604167 0.222222 0.2717
0 0.668229 0.347222 0.0302083 0.127778 0.285871
0 0.670833 0.346296 0.0270833 0.133333 0.28756
0 0.0567708 0.335185 0.0177083 0.1 0.290861
0 0.451042 0.364815 0.03125 0.144444 0.292422
0 0.509896 0.37037 0.028125 0.0962963 0.294223
0 0.670833 0.346296 0.0270833 0.133333 0.297109
0 0.491146 0.363889 0.0322917 0.105556 0.298975
0 0.918229 0.493519 0.103125 0.646296 0.303017
0 0.451042 0.364815 0.03125 0.144444 0.303323
0 0.489583 0.362963 0.0291667 0.107407 0.303901
0 0.666667 0.351852 0.0291667 0.137037 0.305798
0 0.490104 0.363889 0.0302083 0.101852 0.306015
0 0.925 0.494444 0.0916667 0.655556 0.306036
0 0.666146 0.351852 0.028125 0.133333 0.309012
0 0.05625 0.335185 0.0166667 0.1 0.312048
0 0.510417 0.369444 0.0270833 0.0981481 0.317577
24 0.970833 0.392593 0.0583333 0.22963 0.321276
0 0.451042 0.364815 0.03125 0.144444 0.322489
0 0.509375 0.367593 0.0270833 0.101852 0.327609
24 0.972917 0.406481 0.0541667 0.190741 0.330518
0 0.509896 0.365741 0.0302083 0.101852 0.331697
0 0.489583 0.362963 0.0270833 0.107407 0.346051
0 0.541667 0.330556 0.0166667 0.0722222 0.346517
24 0.972917 0.406481 0.0541667 0.194444 0.347456
0 0.401563 0.35 0.034375 0.151852 0.348206
0 0.450521 0.363889 0.0322917 0.15 0.348795
0 0.450521 0.363889 0.0322917 0.146296 0.350878
0 0.540625 0.330556 0.0166667 0.0722222 0.351777
0 0.540625 0.327778 0.0145833 0.0666667 0.352494
0 0.509375 0.367593 0.0270833 0.101852 0.353369
0 0.400521 0.35 0.034375 0.151852 0.358744
0 0.509375 0.367593 0.0270833 0.0981481 0.361872
0 0.45 0.362963 0.0291667 0.133333 0.365793
0 0.491667 0.362037 0.025 0.101852 0.371627
0 0.0567708 0.330556 0.0177083 0.101852 0.374177
0 0.542708 0.326852 0.0166667 0.0685185 0.380685
0 0.541667 0.32963 0.0166667 0.0740741 0.386468
0 0.541146 0.330556 0.015625 0.0722222 0.395738
0 0.491667 0.362963 0.025 0.103704 0.397632
0 0.45 0.362963 0.0291667 0.133333 0.398111
0 0.509896 0.369444 0.028125 0.0981481 0.399204
0 0.491667 0.362963 0.025 0.103704 0.399734
0 0.542708 0.326852 0.0145833 0.0685185 0.402083
0 0.0567708 0.330556 0.0177083 0.105556 0.405845
0 0.0567708 0.330556 0.0177083 0.105556 0.409454
0 0.919792 0.487963 0.104167 0.635185 0.418441
0 0.857292 0.462037 0.0958333 0.546296 0.427162
24 0.969792 0.402778 0.0604167 0.212963 0.427839
0 0.540625 0.32963 0.0166667 0.0703704 0.436598
0 0.0552083 0.335185 0.01875 0.103704 0.443611
0 0.854167 0.457407 0.0916667 0.537037 0.449694
0 0.0416667 0.334259 0.0458333 0.101852 0.450981
0 0.66875 0.351852 0.0291667 0.137037 0.45228
0 0.855729 0.450926 0.0885417 0.538889 0.453246
0 0.0552083 0.334259 0.01875 0.105556 0.454071
0 0.0546875 0.335185 0.0197917 0.103704 0.459546
24 0.970833 0.401852 0.0583333 0.214815 0.460995
0 0.542188 0.326852 0.015625 0.0685185 0.461518
24 0.969271 0.409259 0.0614583 0.196296 0.462103
24 0.970833 0.401852 0.0583333 0.214815 0.462579
24 0.970833 0.401852 0.0583333 0.214815 0.463411
0 0.858333 0.462037 0.0979167 0.55 0.464606
0 0.854167 0.456481 0.0916667 0.538889 0.464793
0 0.602604 0.350926 0.0302083 0.124074 0.464833
0 0.542188 0.326852 0.015625 0.0685185 0.473719
0 0.66875 0.350926 0.0291667 0.135185 0.477184
0 0.855729 0.452778 0.0885417 0.538889 0.488488
24 0.969271 0.409259 0.0614583 0.2 0.497793
24 0.969792 0.405556 0.0604167 0.196296 0.511081
0 0.602604 0.350926 0.0302083 0.127778 0.52144
24 0.970312 0.405556 0.059375 0.2 0.526725
24 0.969792 0.405556 0.0604167 0.203704 0.532489
0 0.668229 0.349074 0.0322917 0.131481 0.532849
0 0.602604 0.350926 0.0302083 0.127778 0.533068
24 0.969792 0.40463 0.0604167 0.201852 0.533865
24 0.969792 0.405556 0.0604167 0.203704 0.541532
0 0.0296875 0.334259 0.0197917 0.0944444 0.541937
0 0.542708 0.326852 0.0145833 0.0685185 0.542686
0 0.860417 0.461111 0.0958333 0.544444 0.560049
0 0.448438 0.362037 0.028125 0.15 0.571534
0 0.859896 0.461111 0.0947917 0.544444 0.577306
0 0.918229 0.492593 0.107292 0.648148 0.577482
0 0.542188 0.326852 0.015625 0.0685185 0.57785
0 0.0567708 0.331481 0.015625 0.103704 0.578701
0 0.0296875 0.335185 0.0197917 0.0962963 0.581702
0 0.447917 0.362963 0.0291667 0.148148 0.586399
0 0.450521 0.363889 0.0302083 0.138889 0.58847
0 0.448438 0.363889 0.0302083 0.146296 0.588546
24 0.970312 0.4 0.059375 0.218519 0.590833
0 0.0567708 0.331481 0.015625 0.103704 0.591448
0 0.0572917 0.331481 0.0166667 0.103704 0.592826
0 0.0296875 0.335185 0.0197917 0.0962963 0.59357
0 0.45 0.363889 0.0291667 0.138889 0.608041
0 0.919271 0.487963 0.105208 0.642593 0.608267
0 0.448438 0.364815 0.0302083 0.144444 0.61433
0 0.0296875 0.338889 0.0197917 0.0925926 0.617275
0 0.448438 0.363889 0.0302083 0.146296 0.623217
0 0.602083 0.35463 0.0291667 0.124074 0.635347
0 0.916667 0.487963 0.108333 0.642593 0.642564
0 0.401042 0.353704 0.03125 0.148148 0.642799
0 0.449479 0.364815 0.0302083 0.140741 0.653551
0 0.401042 0.353704 0.0291667 0.148148 0.653701
0 0.450521 0.362963 0.0302083 0.140741 0.662239
24 0.970312 0.401852 0.059375 0.214815 0.665761
0 0.0296875 0.338889 0.0197917 0.0925926 0.666686
0 0.450521 0.362037 0.0302083 0.142593 0.668793
0 0.0296875 0.337037 0.0197917 0.0962963 0.668799
0 0.0296875 0.338889 0.0197917 0.0925926 0.672435
0 0.0296875 0.335185 0.021875 0.1 0.674439
24 0.970312 0.402778 0.059375 0.212963 0.681776
0 0.0307292 0.335185 0.0197917 0.1 0.682505
24 0.970312 0.401852 0.059375 0.214815 0.684973
0 0.449479 0.363889 0.0302083 0.142593 0.699639
0 0.668229 0.348148 0.0322917 0.133333 0.701624
0 0.402083 0.35463 0.03125 0.161111 0.701748
0 0.668229 0.350926 0.0302083 0.138889 0.701755
0 0.668229 0.349074 0.0322917 0.131481 0.703687
0 0.449479 0.362037 0.0302083 0.146296 0.70531
0 0.668229 0.352778 0.0302083 0.135185 0.705664
0 0.449479 0.362037 0.0302083 0.142593 0.705699
0 0.402083 0.355556 0.03125 0.162963 0.706372
0 0.917708 0.492593 0.10625 0.651852 0.706702
0 0.602083 0.35463 0.0291667 0.124074 0.710361
0 0.668229 0.351852 0.0302083 0.140741 0.711388
0 0.402083 0.356481 0.03125 0.161111 0.713355
0 0.668229 0.353704 0.0302083 0.137037 0.714097
0 0.0296875 0.337037 0.0197917 0.1 0.716038
0 0.402083 0.35463 0.03125 0.161111 0.721379
0 0.668229 0.350926 0.0302083 0.138889 0.72449
0 0.449479 0.363889 0.0302083 0.142593 0.724909
0 0.602083 0.353704 0.0291667 0.12963 0.730127
0 0.602083 0.35463 0.0291667 0.124074 0.732879
0 0.0296875 0.336111 0.0197917 0.0981481 0.736997
0 0.602083 0.353704 0.0291667 0.12963 0.738639
0 0.602604 0.352778 0.0302083 0.127778 0.738988
0 0.449479 0.364815 0.0302083 0.144444 0.747906
0 0.602083 0.353704 0.0291667 0.12963 0.747942
0 0.918229 0.493519 0.103125 0.638889 0.748585
0 0.401563 0.356481 0.0322917 0.161111 0.749675
0 0.602083 0.353704 0.0291667 0.12963 0.75183
0 0.668229 0.352778 0.0302083 0.135185 0.756614
0 0.668229 0.350926 0.0302083 0.135185 0.756855
0 0.857813 0.455556 0.0947917 0.548148 0.759936
0 0.602604 0.352778 0.0302083 0.127778 0.760943
0 0.668229 0.350926 0.0302083 0.135185 0.762094
0 0.401563 0.356481 0.0322917 0.161111 0.769112
0 0.668229 0.350926 0.0302083 0.135185 0.772839
0 0.601562 0.352778 0.0302083 0.127778 0.781606
0 0.602604 0.353704 0.0302083 0.125926 0.781861
0 0.401563 0.358333 0.0322917 0.161111 0.787257
0 0.602604 0.353704 0.0302083 0.12963 0.792288
0 0.0557292 0.332407 0.0177083 0.101852 0.792295
0 0.05625 0.332407 0.0166667 0.101852 0.794674
0 0.602083 0.352778 0.0291667 0.127778 0.797042
0 0.401563 0.356481 0.0322917 0.161111 0.801467
0 0.0567708 0.331481 0.0177083 0.103704 0.804274
0 0.602604 0.353704 0.0302083 0.12963 0.804322
0 0.857292 0.458333 0.09375 0.546296 0.80459
0 0.400521 0.352778 0.0322917 0.157407 0.806992
0 0.916146 0.489815 0.109375 0.646296 0.807418
0 0.401042 0.352778 0.03125 0.161111 0.80761
0 0.601562 0.353704 0.0302083 0.125926 0.811386
0 0.0567708 0.332407 0.0177083 0.105556 0.813933
0 0.0567708 0.332407 0.0177083 0.105556 0.8212
0 0.401563 0.357407 0.0322917 0.162963 0.82406
0 0.918229 0.487963 0.101042 0.635185 0.834833
0 0.857292 0.451852 0.0958333 0.544444 0.839375
0 0.917708 0.488889 0.102083 0.637037 0.844096
0 0.857292 0.455556 0.0916667 0.518519 0.846345
0 0.857292 0.450926 0.0958333 0.546296 0.847464
0 0.857292 0.45463 0.0916667 0.52037 0.849396
