0 0.611979 0.364815 0.0260417 0.155556 0.250731
2 0.357812 0.322222 0.028125 0.0740741 0.252714
0 0.639583 0.382407 0.0416667 0.209259 0.254248
0 0.640104 0.382407 0.040625 0.209259 0.258243
0 0.507812 0.334259 0.0177083 0.0648148 0.262847
0 0.321354 0.338889 0.021875 0.1 0.26397
0 0.321354 0.338889 0.021875 0.1 0.264458
0 0.347917 0.332407 0.0166667 0.0833333 0.267076
13 0.408854 0.54537 0.071875 0.157407 0.26751
0 0.359375 0.327778 0.025 0.0814815 0.276066
0 0.464063 0.350926 0.0239583 0.105556 0.280194
0 0.503646 0.340741 0.0197917 0.0740741 0.281269
2 0.247396 0.27963 0.0364583 0.0333333 0.291955
0 0.489062 0.366667 0.028125 0.125926 0.293923
0 0.466667 0.346296 0.0229167 0.107407 0.295034
2 0.247396 0.278704 0.034375 0.0314815 0.307413
0 0.4375 0.362963 0.0291667 0.133333 0.30868
0 0.486979 0.367593 0.028125 0.142593 0.311275
0 0.360938 0.330556 0.0239583 0.0796296 0.314327
0 0.436458 0.369444 0.0291667 0.153704 0.318441
0 0.360417 0.330556 0.0229167 0.0796296 0.320046
2 0.247396 0.278704 0.0364583 0.0314815 0.322102
0 0.486979 0.367593 0.028125 0.142593 0.323599
0 0.466146 0.346296 0.0239583 0.107407 0.329484
0 0.610937 0.365741 0.0260417 0.142593 0.330298
0 0.609896 0.367593 0.0239583 0.127778 0.335952
2 0.408854 0.312963 0.0302083 0.0444444 0.3382
0 0.320312 0.347222 0.0197917 0.0833333 0.339233
0 0.320833 0.347222 0.0208333 0.0833333 0.341626
0 0.466667 0.346296 0.0229167 0.107407 0.342676
2 0.408854 0.312963 0.0302083 0.0444444 0.342875
0 0.505208 0.337037 0.0145833 0.0666667 0.345619
2 0.408854 0.313889 0.0302083 0.0425926 0.345886
0 0.436458 0.368519 0.0291667 0.151852 0.346281
0 0.505208 0.337037 0.0166667 0.0666667 0.34776
0 0.320312 0.347222 0.0197917 0.0833333 0.349774
0 0.320312 0.338889 0.0260417 0.107407 0.350409
0 0.363542 0.32963 0.0166667 0.0777778 0.352736
0 0.360417 0.330556 0.0229167 0.0796296 0.353237
0 0.363542 0.330556 0.0166667 0.0759259 0.35383
0 0.610937 0.368519 0.0239583 0.155556 0.354405
0 0.320833 0.347222 0.01875 0.087037 0.36165
0 0.611458 0.368519 0.025 0.155556 0.362193
0 0.436458 0.369444 0.0291667 0.153704 0.372159
0 0.363542 0.330556 0.0166667 0.0759259 0.381444
0 0.610937 0.363889 0.0260417 0.135185 0.394764
0 0.563021 0.339815 0.015625 0.0685185 0.402183
0 0.505208 0.337037 0.0145833 0.0666667 0.402381
0 0.488542 0.374074 0.0270833 0.144444 0.417166
0 0.488542 0.367593 0.0270833 0.135185 0.418619
0 0.0604167 0.372222 0.03125 0.137037 0.421068
0 0.488542 0.367593 0.0270833 0.135185 0.425656
0 0.0614583 0.375926 0.0291667 0.12963 0.438842
0 0.563021 0.339815 0.015625 0.0685185 0.439196
0 0.0598958 0.372222 0.0302083 0.133333 0.440001
0 0.50625 0.336111 0.0166667 0.0648148 0.441004
0 0.563542 0.341667 0.0166667 0.0685185 0.443295
0 0.488542 0.373148 0.0270833 0.142593 0.446097
0 0.610937 0.365741 0.0260417 0.142593 0.4481
0 0.564062 0.341667 0.015625 0.0685185 0.456739
0 0.640104 0.378704 0.046875 0.216667 0.457163
0 0.610937 0.365741 0.0239583 0.131481 0.45987
0 0.563021 0.340741 0.015625 0.0703704 0.46017
0 0.611979 0.363889 0.028125 0.142593 0.461872
0 0.563021 0.339815 0.0177083 0.0685185 0.476212
0 0.563542 0.341667 0.0145833 0.0685185 0.478
0 0.563542 0.341667 0.0166667 0.0685185 0.482239
0 0.640104 0.378704 0.046875 0.216667 0.48728
0 0.488542 0.374074 0.0270833 0.144444 0.487737
0 0.563021 0.339815 0.0177083 0.0685185 0.493071
0 0.564062 0.340741 0.015625 0.0666667 0.496767
0 0.488021 0.371296 0.0302083 0.142593 0.505454
0 0.613021 0.364815 0.028125 0.144444 0.510777
0 0.640104 0.377778 0.046875 0.214815 0.513955
0 0.505729 0.337037 0.015625 0.062963 0.515133
0 0.564062 0.341667 0.015625 0.0685185 0.515297
0 0.0609375 0.375926 0.0302083 0.133333 0.524399
0 0.488542 0.372222 0.0291667 0.140741 0.538649
0 0.0604167 0.375926 0.0291667 0.144444 0.551933
0 0.0598958 0.375926 0.0302083 0.144444 0.559908
0 0.505729 0.336111 0.015625 0.0648148 0.562441
0 0.638542 0.377778 0.0395833 0.211111 0.56801
0 0.610417 0.365741 0.025 0.135185 0.568718
0 0.610417 0.365741 0.025 0.135185 0.569012
0 0.488021 0.373148 0.0302083 0.142593 0.57833
0 0.0598958 0.376852 0.0302083 0.142593 0.580166
0 0.0604167 0.373148 0.03125 0.138889 0.580504
0 0.488021 0.37037 0.0260417 0.133333 0.583103
0 0.438021 0.362963 0.0302083 0.140741 0.58396
0 0.4375 0.362963 0.0291667 0.140741 0.584164
0 0.0614583 0.376852 0.0291667 0.135185 0.592824
0 0.4875 0.371296 0.0270833 0.131481 0.598675
0 0.0614583 0.375926 0.0291667 0.133333 0.599648
0 0.321875 0.341667 0.0229167 0.0944444 0.608744
0 0.0609375 0.373148 0.0302083 0.138889 0.621426
0 0.610937 0.363889 0.0260417 0.142593 0.621643
0 0.438021 0.366667 0.0302083 0.148148 0.621873
0 0.0604167 0.373148 0.03125 0.138889 0.629421
0 0.438021 0.366667 0.0302083 0.144444 0.630764
0 0.610937 0.363889 0.0260417 0.138889 0.632622
0 0.610937 0.363889 0.0260417 0.138889 0.645298
0 0.488021 0.371296 0.028125 0.138889 0.65207
0 0.638542 0.378704 0.0395833 0.212963 0.652342
0 0.0609375 0.373148 0.0302083 0.138889 0.653244
0 0.435937 0.364815 0.028125 0.144444 0.655487
0 0.610937 0.365741 0.0239583 0.142593 0.663883
0 0.435937 0.364815 0.028125 0.144444 0.663926
0 0.436979 0.367593 0.0302083 0.146296 0.679374
0 0.320833 0.341667 0.0229167 0.0907407 0.680555
0 0.436458 0.367593 0.0291667 0.146296 0.680805
0 0.0604167 0.373148 0.03125 0.138889 0.68728
0 0.488021 0.371296 0.028125 0.138889 0.690727
0 0.0609375 0.375 0.0302083 0.135185 0.705582
0 0.0609375 0.375 0.0302083 0.135185 0.705838
0 0.638021 0.378704 0.040625 0.212963 0.713735
0 0.4875 0.372222 0.0270833 0.133333 0.716094
0 0.0609375 0.374074 0.0302083 0.140741 0.717429
0 0.4875 0.372222 0.0270833 0.133333 0.724284
0 0.320833 0.344444 0.0208333 0.0962963 0.725223
0 0.435937 0.367593 0.0302083 0.153704 0.725595
0 0.435937 0.367593 0.0302083 0.15 0.728069
0 0.488021 0.372222 0.028125 0.137037 0.728829
0 0.436979 0.367593 0.0302083 0.146296 0.731327
0 0.636979 0.378704 0.0427083 0.209259 0.732208
0 0.488021 0.37037 0.0260417 0.133333 0.733917
0 0.488542 0.37037 0.0270833 0.133333 0.734916
0 0.320833 0.344444 0.0208333 0.0962963 0.745982
0 0.638542 0.377778 0.0416667 0.203704 0.749241
0 0.636979 0.37963 0.0427083 0.211111 0.755343
0 0.320833 0.344444 0.0208333 0.0962963 0.761021
0 0.638542 0.378704 0.0416667 0.205556 0.766407
0 0.436979 0.367593 0.0302083 0.146296 0.766971
0 0.320833 0.343519 0.0208333 0.0907407 0.771375
0 0.636979 0.378704 0.0427083 0.209259 0.773987
0 0.21875 0.426852 0.0916667 0.398148 0.778372
0 0.21875 0.427778 0.0916667 0.396296 0.785242
0 0.21875 0.427778 0.0916667 0.396296 0.78545
0 0.320833 0.342593 0.0208333 0.0925926 0.790096
0 0.320833 0.342593 0.0208333 0.0925926 0.790907
0 0.436979 0.367593 0.028125 0.146296 0.794299
0 0.4375 0.368519 0.0291667 0.148148 0.795481
0 0.21875 0.425 0.0916667 0.398148 0.798998
0 0.639583 0.377778 0.0416667 0.214815 0.800199
0 0.639583 0.376852 0.0416667 0.216667 0.801024
0 0.21875 0.425 0.0916667 0.398148 0.803969
0 0.21875 0.425 0.0916667 0.398148 0.804139
0 0.219271 0.426852 0.0927083 0.394444 0.841184
0 0.21875 0.426852 0.0916667 0.394444 0.851675
0 0.219792 0.424074 0.0916667 0.385185 0.854804
0 0.219271 0.425 0.090625 0.390741 0.866034
0 0.21875 0.425 0.0916667 0.390741 0.873095
0 0.219792 0.424074 0.0916667 0.385185 0.89835
0 0.219271 0.424074 0.090625 0.4 0.914427
0 0.21875 0.425 0.0916667 0.398148 0.916539
0 0.219271 0.424074 0.090625 0.4 0.917193
