24 0.789583 0.332407 0.0416667 0.124074 0.250107
0 0.319271 0.297222 0.0135417 0.0611111 0.252001
0 0.722396 0.302778 0.0364583 0.198148 0.259112
0 0.476562 0.330556 0.0239583 0.12037 0.259676
24 0.786458 0.327778 0.05 0.140741 0.26051
24 0.789583 0.332407 0.0416667 0.124074 0.262835
0 0.0807292 0.327778 0.053125 0.162963 0.267905
0 0.0807292 0.327778 0.053125 0.166667 0.268445
0 0.619792 0.317593 0.0166667 0.124074 0.269839
0 0.490104 0.333333 0.0385417 0.0925926 0.270772
0 0.877083 0.289815 0.03125 0.168519 0.271177
0 0.620313 0.3 0.0177083 0.0777778 0.274756
0 0.497396 0.332407 0.0260417 0.0907407 0.281571
0 0.497396 0.332407 0.0260417 0.0907407 0.28213
0 0.877083 0.289815 0.03125 0.168519 0.283711
0 0.727083 0.363889 0.04375 0.309259 0.285795
0 0.5 0.333333 0.0229167 0.0925926 0.29285
0 0.61875 0.319444 0.01875 0.127778 0.293474
0 0.603646 0.318519 0.0385417 0.12963 0.295846
0 0.761979 0.378704 0.0697917 0.390741 0.295952
24 0.788021 0.321296 0.0447917 0.135185 0.296469
0 0.476562 0.331481 0.0239583 0.122222 0.296688
0 0.877604 0.287963 0.0322917 0.157407 0.296955
0 0.877604 0.287963 0.0322917 0.157407 0.297024
0 0.367708 0.317593 0.0270833 0.101852 0.302954
0 0.476042 0.330556 0.0229167 0.12037 0.305164
24 0.788021 0.321296 0.0447917 0.135185 0.307631
0 0.596354 0.317593 0.0260417 0.12037 0.308506
0 0.619271 0.319444 0.0177083 0.127778 0.309302
0 0.620313 0.3 0.0177083 0.0814815 0.30933
0 0.877604 0.289815 0.0322917 0.161111 0.312861
0 0.486458 0.330556 0.0270833 0.0944444 0.313518
0 0.877604 0.287963 0.0322917 0.157407 0.317098
0 0.479167 0.332407 0.0229167 0.0944444 0.317388
0 0.620313 0.299074 0.0177083 0.0796296 0.319099
0 0.410417 0.321296 0.0291667 0.157407 0.3203
0 0.410937 0.321296 0.028125 0.157407 0.321239
0 0.5 0.333333 0.0229167 0.0925926 0.322386
0 0.878125 0.289815 0.0333333 0.161111 0.323018
0 0.5 0.333333 0.0229167 0.0925926 0.327152
0 0.878125 0.289815 0.03125 0.161111 0.32816
0 0.452604 0.337963 0.0260417 0.135185 0.33049
0 0.596354 0.316667 0.0239583 0.122222 0.332071
0 0.596875 0.316667 0.025 0.122222 0.335635
0 0.6 0.324074 0.03125 0.12963 0.33674
0 0.761458 0.378704 0.06875 0.387037 0.336949
24 0.789583 0.326852 0.04375 0.12037 0.340192
0 0.766146 0.382407 0.078125 0.394444 0.340707
0 0.595833 0.324074 0.0229167 0.125926 0.350949
0 0.620313 0.308333 0.015625 0.0981481 0.351131
0 0.478646 0.332407 0.0239583 0.0981481 0.353539
0 0.479167 0.331481 0.0229167 0.0962963 0.354287
0 0.595833 0.324074 0.0229167 0.12963 0.357186
0 0.766146 0.383333 0.0760417 0.392593 0.357806
0 0.595833 0.324074 0.0229167 0.12963 0.361032
0 0.725521 0.365741 0.0385417 0.32037 0.363781
0 0.499479 0.333333 0.0239583 0.0888889 0.364231
0 0.766146 0.383333 0.0760417 0.392593 0.365233
0 0.878125 0.290741 0.0333333 0.159259 0.369347
24 0.789062 0.326852 0.0447917 0.12037 0.372864
0 0.761458 0.378704 0.06875 0.387037 0.379449
0 0.620313 0.308333 0.015625 0.0944444 0.381268
24 0.789062 0.325926 0.0447917 0.118519 0.382184
0 0.877083 0.290741 0.0333333 0.17037 0.384235
0 0.878125 0.289815 0.0333333 0.161111 0.384583
0 0.877083 0.289815 0.0333333 0.168519 0.38544
0 0.452604 0.335185 0.028125 0.144444 0.390119
0 0.725521 0.365741 0.0385417 0.32037 0.39048
0 0.878125 0.290741 0.0333333 0.162963 0.393266
0 0.725521 0.364815 0.0385417 0.318519 0.39336
0 0.0838542 0.334259 0.0614583 0.168519 0.395681
0 0.0838542 0.334259 0.0614583 0.172222 0.398878
0 0.620313 0.308333 0.015625 0.0981481 0.405596
0 0.453125 0.337037 0.025 0.140741 0.434907
0 0.726562 0.373148 0.040625 0.357407 0.442016
0 0.453646 0.337963 0.0260417 0.142593 0.442562
0 0.452604 0.335185 0.0260417 0.144444 0.442983
0 0.0802083 0.337963 0.05625 0.17963 0.444737
0 0.0802083 0.337037 0.05625 0.177778 0.446162
0 0.620313 0.308333 0.0177083 0.0981481 0.454775
0 0.727083 0.373148 0.0416667 0.357407 0.454796
0 0.726562 0.374074 0.040625 0.355556 0.456787
0 0.761979 0.380556 0.0739583 0.383333 0.45711
0 0.727083 0.372222 0.04375 0.337037 0.457284
0 0.452604 0.335185 0.028125 0.140741 0.457428
0 0.078125 0.336111 0.0520833 0.175926 0.463813
0 0.453646 0.336111 0.028125 0.138889 0.465092
0 0.453125 0.335185 0.025 0.133333 0.470973
0 0.452083 0.335185 0.025 0.133333 0.477027
0 0.727083 0.371296 0.04375 0.338889 0.477566
0 0.409375 0.328704 0.0291667 0.157407 0.48646
0 0.078125 0.335185 0.0520833 0.177778 0.487999
0 0.727083 0.372222 0.04375 0.337037 0.490196
0 0.620313 0.308333 0.0177083 0.0981481 0.491049
0 0.366146 0.316667 0.021875 0.103704 0.491998
0 0.620313 0.308333 0.0177083 0.0981481 0.498985
0 0.595312 0.321296 0.028125 0.131481 0.511931
0 0.410417 0.327778 0.0270833 0.159259 0.512447
0 0.595833 0.322222 0.0270833 0.133333 0.516493
0 0.452604 0.336111 0.0260417 0.142593 0.530046
0 0.366146 0.316667 0.021875 0.103704 0.53628
0 0.366146 0.316667 0.021875 0.103704 0.537574
24 0.788542 0.331481 0.0416667 0.122222 0.539974
0 0.453125 0.335185 0.0270833 0.140741 0.542151
24 0.789583 0.325926 0.04375 0.12963 0.54978
0 0.410417 0.328704 0.0270833 0.157407 0.553196
24 0.789062 0.332407 0.0427083 0.116667 0.559871
0 0.452604 0.335185 0.0260417 0.140741 0.566006
0 0.595833 0.32037 0.025 0.12963 0.566168
0 0.761458 0.381481 0.0770833 0.385185 0.568732
24 0.788542 0.331481 0.0416667 0.125926 0.571309
24 0.788021 0.331481 0.0427083 0.12963 0.57154
24 0.789583 0.325 0.04375 0.124074 0.572651
0 0.619792 0.307407 0.0166667 0.0962963 0.57539
0 0.595833 0.321296 0.0270833 0.135185 0.579212
24 0.789062 0.332407 0.0427083 0.12037 0.580592
24 0.789062 0.332407 0.0427083 0.12037 0.582985
0 0.595312 0.322222 0.0260417 0.12963 0.587411
0 0.730729 0.372222 0.0489583 0.366667 0.588842
0 0.730729 0.372222 0.0489583 0.362963 0.589901
24 0.789583 0.325926 0.04375 0.125926 0.593393
0 0.761458 0.37963 0.0729167 0.392593 0.594153
0 0.595833 0.323148 0.025 0.127778 0.595641
0 0.453125 0.336111 0.0270833 0.138889 0.597088
0 0.730729 0.371296 0.0489583 0.364815 0.616136
0 0.410417 0.326852 0.0291667 0.161111 0.616549
0 0.595833 0.324074 0.025 0.12963 0.617724
0 0.759896 0.378704 0.071875 0.383333 0.622189
0 0.410417 0.326852 0.0291667 0.157407 0.624104
0 0.08125 0.333333 0.05625 0.174074 0.633272
0 0.595312 0.324074 0.0239583 0.12963 0.634076
0 0.366667 0.318519 0.0229167 0.1 0.638894
24 0.788542 0.32963 0.04375 0.12963 0.639736
24 0.789062 0.32963 0.0427083 0.12963 0.651087
0 0.0802083 0.334259 0.05625 0.175926 0.654223
0 0.08125 0.333333 0.05625 0.174074 0.656446
0 0.595833 0.32037 0.025 0.133333 0.659616
0 0.452604 0.335185 0.0239583 0.137037 0.660184
0 0.0817708 0.334259 0.059375 0.175926 0.664905
0 0.757292 0.378704 0.0708333 0.37963 0.665702
0 0.595833 0.32037 0.025 0.133333 0.667711
24 0.789062 0.32963 0.0427083 0.12963 0.669092
0 0.452604 0.335185 0.0239583 0.137037 0.669337
0 0.366667 0.318519 0.0229167 0.103704 0.670578
0 0.0802083 0.334259 0.05625 0.175926 0.671283
0 0.366146 0.318519 0.021875 0.103704 0.680461
0 0.595312 0.321296 0.0260417 0.131481 0.6812
0 0.0802083 0.334259 0.0583333 0.17963 0.68383
0 0.0807292 0.333333 0.0552083 0.174074 0.683981
0 0.366146 0.319444 0.021875 0.101852 0.684117
0 0.08125 0.333333 0.05625 0.174074 0.685053
0 0.452083 0.336111 0.025 0.138889 0.690046
0 0.0802083 0.334259 0.05625 0.175926 0.696134
0 0.0802083 0.333333 0.05625 0.174074 0.6971
0 0.595833 0.322222 0.0270833 0.133333 0.70271
0 0.0802083 0.333333 0.05625 0.177778 0.704053
0 0.0807292 0.333333 0.0552083 0.177778 0.705778
0 0.452083 0.335185 0.025 0.137037 0.707001
0 0.366667 0.318519 0.0208333 0.1 0.71419
0 0.452083 0.335185 0.025 0.140741 0.722096
0 0.0802083 0.333333 0.05625 0.174074 0.725951
0 0.410417 0.327778 0.0291667 0.151852 0.728313
0 0.761979 0.380556 0.0697917 0.390741 0.729084
0 0.410417 0.327778 0.0291667 0.151852 0.73336
0 0.409375 0.322222 0.0291667 0.155556 0.738612
0 0.0807292 0.335185 0.0572917 0.181481 0.742987
0 0.409896 0.322222 0.028125 0.155556 0.747235
0 0.366667 0.32037 0.0208333 0.103704 0.753872
0 0.366146 0.318519 0.0197917 0.103704 0.760743
0 0.366667 0.318519 0.0208333 0.103704 0.761237
0 0.410417 0.326852 0.0291667 0.153704 0.766048
0 0.410417 0.328704 0.0291667 0.153704 0.785422
0 0.409896 0.324074 0.028125 0.159259 0.787894
0 0.759896 0.376852 0.0697917 0.390741 0.789661
0 0.410417 0.328704 0.0291667 0.153704 0.793031
0 0.409896 0.324074 0.028125 0.155556 0.794088
0 0.760417 0.376852 0.06875 0.390741 0.798198
0 0.759896 0.375926 0.0697917 0.392593 0.798235
0 0.410417 0.328704 0.0291667 0.157407 0.808775
