0 0.649479 0.389815 0.0489583 0.242593 0.253262
0 0.192708 0.458333 0.0958333 0.45 0.253401
0 0.328125 0.358333 0.01875 0.0944444 0.255963
0 0.192708 0.458333 0.0958333 0.442593 0.258889
0 0.5125 0.341667 0.0145833 0.0685185 0.262744
0 0.434375 0.371296 0.0291667 0.135185 0.263556
0 0.43125 0.371296 0.0270833 0.138889 0.263712
0 0.489583 0.369444 0.0270833 0.124074 0.266969
0 0.193229 0.457407 0.0947917 0.448148 0.268421
0 0.328125 0.357407 0.01875 0.0962963 0.278667
0 0.513021 0.341667 0.015625 0.0685185 0.282399
0 0.311458 0.349074 0.0125 0.0796296 0.284909
0 0.575 0.351852 0.0166667 0.0703704 0.285572
0 0.311979 0.349074 0.0135417 0.0796296 0.290621
0 0.328125 0.357407 0.01875 0.0962963 0.291203
0 0.573438 0.352778 0.0197917 0.0648148 0.304897
0 0.575 0.351852 0.0166667 0.0703704 0.307023
0 0.573438 0.351852 0.0197917 0.0666667 0.31638
0 0.192188 0.458333 0.0947917 0.438889 0.317735
0 0.509896 0.347222 0.015625 0.0759259 0.320793
0 0.489583 0.369444 0.0270833 0.127778 0.321116
0 0.192188 0.459259 0.0947917 0.440741 0.324006
0 0.489583 0.369444 0.0270833 0.127778 0.326296
0 0.573438 0.351852 0.0197917 0.0666667 0.332076
0 0.363542 0.339815 0.01875 0.0833333 0.33677
0 0.467187 0.358333 0.0260417 0.105556 0.341019
0 0.363542 0.339815 0.01875 0.0833333 0.34991
0 0.5125 0.346296 0.0145833 0.0703704 0.350278
0 0.466667 0.356481 0.0229167 0.105556 0.359124
0 0.466146 0.359259 0.021875 0.1 0.367189
0 0.5125 0.346296 0.0145833 0.0703704 0.369684
0 0.363542 0.339815 0.01875 0.0833333 0.371227
0 0.573438 0.35 0.0177083 0.0666667 0.375105
0 0.466667 0.356481 0.0229167 0.105556 0.379687
0 0.466667 0.356481 0.0229167 0.105556 0.38148
0 0.489583 0.373148 0.0291667 0.142593 0.402425
0 0.486979 0.375 0.0302083 0.138889 0.404262
0 0.192188 0.451852 0.0947917 0.437037 0.420913
0 0.602604 0.373148 0.0302083 0.127778 0.423525
0 0.510417 0.344444 0.0145833 0.0740741 0.4242
0 0.510417 0.344444 0.0145833 0.0740741 0.428085
0 0.43125 0.37037 0.0291667 0.133333 0.43129
0 0.192188 0.450926 0.0947917 0.435185 0.432524
0 0.191667 0.450926 0.09375 0.438889 0.433679
0 0.489583 0.372222 0.0291667 0.140741 0.441766
0 0.489583 0.375 0.0270833 0.142593 0.447903
0 0.365625 0.338889 0.0166667 0.0851852 0.458959
0 0.510417 0.34537 0.0145833 0.0722222 0.461207
0 0.510417 0.343519 0.0145833 0.0722222 0.461888
0 0.191667 0.451852 0.09375 0.437037 0.462569
0 0.366146 0.338889 0.015625 0.0814815 0.463921
0 0.488542 0.375 0.0291667 0.138889 0.464941
0 0.488021 0.376852 0.028125 0.135185 0.466689
0 0.4875 0.375926 0.0291667 0.140741 0.467762
0 0.510417 0.34537 0.0145833 0.0722222 0.473867
0 0.192188 0.451852 0.0947917 0.437037 0.483524
0 0.365625 0.339815 0.0166667 0.0833333 0.503946
0 0.510417 0.34537 0.0145833 0.0722222 0.509793
0 0.433854 0.37037 0.028125 0.140741 0.512576
0 0.602604 0.372222 0.0302083 0.133333 0.513784
0 0.365625 0.341667 0.0166667 0.0833333 0.515512
0 0.433854 0.371296 0.028125 0.138889 0.518743
0 0.488021 0.377778 0.0260417 0.133333 0.519155
0 0.365625 0.341667 0.0166667 0.0833333 0.525285
0 0.365625 0.340741 0.0166667 0.0814815 0.526384
0 0.602083 0.373148 0.0291667 0.131481 0.528554
0 0.488542 0.375926 0.0270833 0.137037 0.53904
0 0.365625 0.340741 0.0166667 0.0814815 0.544781
0 0.602083 0.372222 0.0291667 0.137037 0.545796
0 0.326042 0.353704 0.0208333 0.0925926 0.549242
0 0.602604 0.372222 0.0302083 0.137037 0.551105
0 0.326562 0.353704 0.021875 0.0925926 0.55589
0 0.365625 0.339815 0.0166667 0.0833333 0.557639
0 0.648958 0.393519 0.0416667 0.231481 0.565054
0 0.655729 0.393519 0.0552083 0.238889 0.566037
0 0.488021 0.375 0.0260417 0.131481 0.56909
0 0.655208 0.392593 0.0520833 0.237037 0.570882
0 0.655729 0.393519 0.0552083 0.238889 0.575393
0 0.365625 0.340741 0.0166667 0.0814815 0.575683
0 0.601562 0.372222 0.0302083 0.137037 0.582367
0 0.655729 0.392593 0.0552083 0.237037 0.583724
0 0.648438 0.394444 0.0427083 0.233333 0.58595
0 0.327083 0.353704 0.0208333 0.0925926 0.591195
0 0.326562 0.353704 0.021875 0.0925926 0.592557
0 0.653125 0.393519 0.0583333 0.235185 0.593674
0 0.655208 0.392593 0.0520833 0.244444 0.597454
0 0.326042 0.353704 0.0208333 0.0925926 0.620504
0 0.653646 0.393519 0.0572917 0.235185 0.629624
0 0.432292 0.373148 0.0291667 0.142593 0.650977
0 0.655729 0.392593 0.0552083 0.237037 0.656493
0 0.488021 0.376852 0.0260417 0.135185 0.661749
0 0.653646 0.393519 0.0572917 0.235185 0.664475
0 0.432292 0.372222 0.0291667 0.137037 0.670774
0 0.432292 0.372222 0.0291667 0.137037 0.671436
0 0.601562 0.374074 0.0302083 0.12963 0.677341
0 0.43125 0.371296 0.0291667 0.135185 0.678175
0 0.43125 0.371296 0.0291667 0.135185 0.67884
0 0.432292 0.372222 0.0291667 0.140741 0.679
0 0.432292 0.373148 0.0291667 0.142593 0.696113
0 0.655729 0.392593 0.0552083 0.237037 0.699228
0 0.326562 0.355556 0.0197917 0.0925926 0.700312
0 0.327083 0.355556 0.01875 0.0925926 0.700597
0 0.488021 0.377778 0.0260417 0.137037 0.700809
0 0.488021 0.377778 0.0260417 0.137037 0.701315
0 0.601562 0.375 0.0302083 0.131481 0.705342
0 0.655729 0.392593 0.0552083 0.240741 0.71412
0 0.326562 0.355556 0.0197917 0.0962963 0.716411
0 0.326562 0.355556 0.0197917 0.0962963 0.717517
0 0.601042 0.375 0.03125 0.131481 0.718131
0 0.432292 0.372222 0.0291667 0.137037 0.726463
0 0.488021 0.375 0.0260417 0.135185 0.727162
0 0.654688 0.393519 0.0552083 0.238889 0.734989
0 0.432292 0.372222 0.0291667 0.140741 0.735972
0 0.601562 0.374074 0.0302083 0.12963 0.737641
0 0.488021 0.375 0.0260417 0.131481 0.738999
0 0.653125 0.391667 0.0541667 0.235185 0.740824
0 0.654688 0.392593 0.0552083 0.237037 0.743309
0 0.655729 0.392593 0.0552083 0.237037 0.743972
0 0.601562 0.375 0.0302083 0.127778 0.750796
0 0.601562 0.375 0.0302083 0.131481 0.757591
0 0.602083 0.374074 0.03125 0.133333 0.762343
0 0.602083 0.374074 0.03125 0.133333 0.76852
0 0.601562 0.375 0.0302083 0.127778 0.768761
0 0.653646 0.392593 0.0552083 0.240741 0.77055
0 0.432813 0.372222 0.028125 0.140741 0.772716
0 0.432292 0.372222 0.0291667 0.140741 0.778825
0 0.602083 0.373148 0.03125 0.135185 0.783995
0 0.601562 0.375 0.0302083 0.127778 0.817445
0 0.43125 0.37037 0.0270833 0.148148 0.825866
0 0.601562 0.375 0.0302083 0.127778 0.828112
0 0.431771 0.37037 0.028125 0.144444 0.839957
0 0.192188 0.452778 0.0947917 0.446296 0.870436
0 0.192188 0.453704 0.0947917 0.451852 0.873783
0 0.192188 0.452778 0.0947917 0.45 0.882609
0 0.192188 0.453704 0.0947917 0.440741 0.895636
0 0.192188 0.453704 0.0947917 0.444444 0.89752
0 0.192188 0.45463 0.0947917 0.442593 0.900478
0 0.192188 0.45463 0.0947917 0.442593 0.902307
0 0.192188 0.452778 0.0947917 0.438889 0.90367
0 0.191667 0.453704 0.0958333 0.437037 0.904494
0 0.192188 0.453704 0.0947917 0.440741 0.904524
