0 0.122917 0.385185 0.0208333 0.103704 0.251015
0 0.529167 0.416667 0.0270833 0.137037 0.252621
0 0.473958 0.396296 0.0333333 0.125926 0.253613
0 0.509375 0.383333 0.0208333 0.1 0.253658
0 0.267708 0.369444 0.0229167 0.0722222 0.257959
13 0.345313 0.509259 0.163542 0.148148 0.259303
0 0.515104 0.396296 0.0260417 0.107407 0.25945
0 0.478125 0.396296 0.0270833 0.125926 0.260282
13 0.345833 0.513889 0.1625 0.146296 0.261245
0 0.332812 0.407407 0.0302083 0.133333 0.2617
13 0.343229 0.469444 0.171875 0.175926 0.262199
0 0.111979 0.384259 0.028125 0.109259 0.262962
13 0.344271 0.509259 0.173958 0.140741 0.263235
13 0.345833 0.514815 0.1625 0.144444 0.263566
0 0.122917 0.385185 0.0208333 0.103704 0.264304
13 0.345833 0.514815 0.1625 0.144444 0.266722
0 0.478646 0.394444 0.0260417 0.125926 0.266927
0 0.119792 0.385185 0.0270833 0.111111 0.269176
0 0.514583 0.396296 0.025 0.107407 0.269186
0 0.111979 0.383333 0.028125 0.107407 0.270824
0 0.267708 0.369444 0.0229167 0.0722222 0.270842
0 0.329167 0.398148 0.03125 0.144444 0.27317
13 0.310937 0.472222 0.107292 0.144444 0.281301
0 0.929688 0.612037 0.140625 0.62037 0.283815
0 0.446875 0.399074 0.0229167 0.124074 0.283926
13 0.297917 0.467593 0.0875 0.131481 0.284376
0 0.265104 0.373148 0.0260417 0.0796296 0.285038
13 0.309896 0.472222 0.107292 0.144444 0.286862
0 0.526563 0.415741 0.0302083 0.146296 0.2882
0 0.11875 0.385185 0.0270833 0.111111 0.289433
13 0.310417 0.472222 0.10625 0.144444 0.293296
13 0.346354 0.487037 0.163542 0.148148 0.299371
0 0.526563 0.415741 0.0302083 0.146296 0.299695
0 0.267188 0.368519 0.021875 0.0703704 0.301248
0 0.788542 0.60463 0.125 0.587037 0.307425
0 0.267188 0.369444 0.021875 0.0722222 0.308869
0 0.530208 0.409259 0.0270833 0.125926 0.309
0 0.670833 0.428704 0.0479167 0.257407 0.313083
0 0.446875 0.398148 0.025 0.12963 0.32453
0 0.267188 0.369444 0.021875 0.0722222 0.329266
0 0.332812 0.406481 0.028125 0.131481 0.329835
24 0.952604 0.556481 0.0864583 0.253704 0.335422
0 0.788542 0.60463 0.125 0.57963 0.335972
13 0.346354 0.487037 0.163542 0.140741 0.336441
24 0.953125 0.556481 0.0875 0.261111 0.339658
13 0.343229 0.492593 0.182292 0.137037 0.343693
13 0.345833 0.485185 0.164583 0.144444 0.344733
0 0.266146 0.369444 0.021875 0.0722222 0.347608
0 0.669792 0.430556 0.0458333 0.246296 0.351085
0 0.5625 0.387963 0.0208333 0.0981481 0.354514
0 0.334375 0.412963 0.0229167 0.122222 0.355228
24 0.961979 0.549074 0.0760417 0.25 0.355875
0 0.333854 0.415741 0.0260417 0.124074 0.358652
0 0.448438 0.396296 0.0239583 0.12963 0.35881
24 0.961979 0.549074 0.0760417 0.25 0.360916
24 0.952604 0.555556 0.0864583 0.255556 0.362797
0 0.478125 0.39537 0.025 0.124074 0.363463
0 0.927604 0.62037 0.144792 0.62963 0.3704
13 0.341146 0.488889 0.167708 0.174074 0.37526
24 0.961979 0.55 0.0760417 0.251852 0.37629
0 0.511458 0.393519 0.0229167 0.112963 0.37973
0 0.509896 0.390741 0.0197917 0.1 0.386937
0 0.509896 0.387963 0.0197917 0.105556 0.391296
13 0.344271 0.483333 0.163542 0.140741 0.393597
0 0.563021 0.387963 0.021875 0.0981481 0.396076
0 0.447396 0.397222 0.0239583 0.124074 0.403377
0 0.563021 0.387963 0.021875 0.0981481 0.403497
0 0.447917 0.398148 0.0229167 0.122222 0.412438
0 0.510417 0.390741 0.0208333 0.1 0.415501
0 0.447396 0.398148 0.0239583 0.122222 0.417873
0 0.510417 0.388889 0.0208333 0.107407 0.41841
0 0.448438 0.397222 0.0239583 0.131481 0.419091
0 0.509896 0.388889 0.0197917 0.107407 0.421294
0 0.210417 0.396296 0.025 0.114815 0.424048
0 0.475521 0.396296 0.028125 0.122222 0.428798
0 0.510417 0.390741 0.0208333 0.1 0.429498
13 0.34375 0.503704 0.164583 0.144444 0.436721
0 0.448438 0.397222 0.0239583 0.131481 0.438898
0 0.118229 0.386111 0.0239583 0.109259 0.439212
0 0.11875 0.385185 0.025 0.107407 0.443245
13 0.341667 0.490741 0.166667 0.177778 0.44405
13 0.344271 0.503704 0.163542 0.148148 0.445111
0 0.530208 0.413889 0.0291667 0.146296 0.445826
0 0.210417 0.399074 0.0270833 0.112963 0.449834
0 0.11875 0.385185 0.025 0.107407 0.451308
0 0.528646 0.414815 0.0302083 0.144444 0.451915
13 0.344271 0.50463 0.163542 0.146296 0.452546
0 0.790104 0.612037 0.132292 0.609259 0.454786
0 0.209896 0.397222 0.0239583 0.112963 0.461008
0 0.210417 0.396296 0.0229167 0.111111 0.463002
0 0.334896 0.414815 0.0239583 0.122222 0.469138
0 0.790104 0.614815 0.132292 0.6 0.472056
0 0.333854 0.409259 0.0239583 0.137037 0.473156
24 0.959375 0.557407 0.08125 0.248148 0.473329
0 0.119271 0.384259 0.0239583 0.109259 0.474482
0 0.209896 0.399074 0.0260417 0.112963 0.478892
0 0.332812 0.408333 0.0260417 0.127778 0.479149
0 0.334375 0.410185 0.0229167 0.135185 0.47988
0 0.528125 0.415741 0.03125 0.142593 0.484341
0 0.119271 0.383333 0.0239583 0.111111 0.484452
13 0.341146 0.488889 0.169792 0.159259 0.486827
13 0.340625 0.481481 0.166667 0.151852 0.486973
0 0.334896 0.413889 0.0239583 0.124074 0.491132
0 0.210417 0.398148 0.0270833 0.114815 0.491384
0 0.563542 0.390741 0.0208333 0.1 0.494232
0 0.335417 0.413889 0.0229167 0.124074 0.496591
0 0.529167 0.414815 0.0291667 0.140741 0.498945
0 0.530729 0.414815 0.028125 0.144444 0.499922
24 0.959896 0.557407 0.0802083 0.251852 0.506033
0 0.530208 0.414815 0.0291667 0.144444 0.506084
0 0.120312 0.384259 0.0239583 0.109259 0.506327
0 0.530729 0.413889 0.028125 0.146296 0.50801
0 0.478646 0.396296 0.0239583 0.125926 0.509986
0 0.530208 0.413889 0.0270833 0.146296 0.518346
0 0.120312 0.386111 0.0239583 0.109259 0.535312
0 0.120312 0.386111 0.0239583 0.109259 0.536502
13 0.341667 0.490741 0.16875 0.166667 0.537277
0 0.919271 0.615741 0.161458 0.638889 0.540615
13 0.341667 0.490741 0.166667 0.166667 0.543204
0 0.478125 0.393519 0.0229167 0.12037 0.544269
13 0.341146 0.488889 0.167708 0.162963 0.546671
0 0.563542 0.390741 0.0208333 0.1 0.546896
0 0.119792 0.387037 0.025 0.111111 0.546957
0 0.786979 0.618519 0.130208 0.611111 0.547232
24 0.961979 0.559259 0.0760417 0.262963 0.550977
0 0.786979 0.619444 0.130208 0.616667 0.552019
0 0.563542 0.390741 0.0208333 0.1 0.553828
0 0.919792 0.627778 0.160417 0.677778 0.559621
0 0.670313 0.431481 0.0489583 0.262963 0.564515
24 0.9625 0.559259 0.075 0.262963 0.565552
0 0.784375 0.614815 0.122917 0.596296 0.572624
0 0.478125 0.394444 0.0229167 0.122222 0.573693
24 0.9625 0.558333 0.075 0.261111 0.574844
0 0.477604 0.394444 0.021875 0.122222 0.575827
0 0.209896 0.399074 0.0260417 0.112963 0.578706
0 0.563542 0.394444 0.0208333 0.107407 0.580693
0 0.783854 0.618519 0.121875 0.6 0.58279
0 0.478125 0.397222 0.0229167 0.124074 0.593822
0 0.563021 0.393519 0.0197917 0.101852 0.596785
0 0.209896 0.398148 0.0260417 0.114815 0.597322
0 0.209896 0.398148 0.0260417 0.111111 0.599517
0 0.669792 0.431481 0.05 0.259259 0.606129
0 0.669271 0.428704 0.0447917 0.257407 0.615516
0 0.478125 0.39537 0.0229167 0.124074 0.631271
0 0.478646 0.397222 0.021875 0.127778 0.632112
0 0.669792 0.428704 0.0458333 0.257407 0.638028
0 0.563021 0.394444 0.0197917 0.103704 0.638422
0 0.563021 0.393519 0.0197917 0.101852 0.639061
0 0.669792 0.428704 0.0458333 0.257407 0.639762
0 0.530208 0.414815 0.0291667 0.140741 0.639978
0 0.478125 0.397222 0.0229167 0.127778 0.643555
0 0.670313 0.432407 0.0489583 0.257407 0.64942
0 0.563542 0.394444 0.0208333 0.103704 0.65072
0 0.563021 0.392593 0.0197917 0.107407 0.668279
0 0.563021 0.394444 0.0197917 0.103704 0.673351
0 0.563021 0.393519 0.0197917 0.101852 0.677126
0 0.478125 0.392593 0.0229167 0.122222 0.680911
0 0.530208 0.417593 0.0270833 0.146296 0.681253
0 0.530208 0.416667 0.0270833 0.144444 0.68214
0 0.478125 0.393519 0.0229167 0.12037 0.683312
0 0.921354 0.622222 0.155208 0.637037 0.685361
0 0.921875 0.619444 0.15625 0.62037 0.687045
0 0.5625 0.392593 0.0208333 0.107407 0.68831
0 0.478125 0.393519 0.0229167 0.12037 0.691087
0 0.530208 0.413889 0.0291667 0.142593 0.702171
0 0.91875 0.627778 0.158333 0.655556 0.708021
0 0.530208 0.413889 0.0270833 0.142593 0.708127
0 0.920833 0.624074 0.147917 0.625926 0.71415
0 0.7875 0.617593 0.13125 0.612963 0.729623
0 0.920313 0.627778 0.157292 0.659259 0.738102
0 0.921875 0.623148 0.154167 0.631481 0.751424
0 0.921354 0.625 0.146875 0.642593 0.758108
0 0.209896 0.398148 0.0239583 0.111111 0.787502
0 0.919271 0.627778 0.155208 0.655556 0.791415
0 0.209896 0.4 0.0239583 0.114815 0.794809
0 0.919271 0.627778 0.155208 0.655556 0.796398
0 0.66875 0.42963 0.0458333 0.27037 0.800263
0 0.209896 0.399074 0.0239583 0.116667 0.803109
0 0.920313 0.627778 0.155208 0.659259 0.803769
0 0.209896 0.399074 0.0239583 0.112963 0.80905
0 0.210417 0.399074 0.025 0.112963 0.818015
0 0.788021 0.618519 0.130208 0.614815 0.822578
0 0.210417 0.398148 0.025 0.114815 0.830136
0 0.669271 0.430556 0.046875 0.261111 0.838312
0 0.920313 0.626852 0.155208 0.661111 0.846051
0 0.669271 0.428704 0.046875 0.257407 0.848548
0 0.669271 0.430556 0.046875 0.261111 0.849352
0 0.669271 0.430556 0.046875 0.261111 0.853821
0 0.669792 0.428704 0.0458333 0.257407 0.854383
0 0.669271 0.428704 0.046875 0.257407 0.855361
0 0.669271 0.430556 0.046875 0.264815 0.859895
0 0.210938 0.398148 0.0239583 0.118519 0.873479
0 0.210938 0.398148 0.0239583 0.118519 0.874681
0 0.7875 0.626852 0.133333 0.631481 0.881178
0 0.210938 0.398148 0.0239583 0.118519 0.882606
0 0.786979 0.625926 0.132292 0.625926 0.890082
0 0.7875 0.626852 0.133333 0.627778 0.89168
0 0.7875 0.625926 0.13125 0.625926 0.896798
0 0.7875 0.613889 0.129167 0.62037 0.915663
0 0.7875 0.612963 0.129167 0.622222 0.916423
