0 0.475 0.387963 0.025 0.112963 0.251231
0 0.267708 0.387963 0.0125 0.087037 0.253938
13 0.381771 0.463889 0.0947917 0.0685185 0.256011
0 0.381771 0.362037 0.0177083 0.0759259 0.256284
13 0.429688 0.596296 0.180208 0.107407 0.257315
0 0.578646 0.386111 0.0302083 0.157407 0.258094
0 0.267708 0.388889 0.0125 0.0888889 0.260019
0 0.517187 0.37037 0.0135417 0.0814815 0.260749
0 0.578125 0.387037 0.03125 0.159259 0.261253
0 0.313542 0.367593 0.0208333 0.0685185 0.263547
0 0.314063 0.367593 0.0197917 0.0685185 0.263967
13 0.429688 0.596296 0.180208 0.103704 0.266669
0 0.0520833 0.441667 0.0416667 0.209259 0.268307
0 0.517187 0.37037 0.0135417 0.0814815 0.268588
0 0.0526042 0.441667 0.040625 0.212963 0.271004
0 0.381771 0.358333 0.0197917 0.0833333 0.271622
0 0.00885417 0.431481 0.0177083 0.114815 0.273781
0 0.578125 0.386111 0.03125 0.157407 0.275564
0 0.472917 0.389815 0.0270833 0.112963 0.276959
0 0.314063 0.366667 0.0197917 0.0666667 0.2799
0 0.472917 0.387963 0.0270833 0.112963 0.284207
0 0.177083 0.407407 0.0270833 0.122222 0.287135
0 0.38125 0.358333 0.01875 0.0833333 0.28743
0 0.38125 0.357407 0.01875 0.0814815 0.293527
0 0.053125 0.437963 0.0395833 0.209259 0.294863
0 0.523958 0.403704 0.025 0.151852 0.299448
0 0.0536458 0.437037 0.040625 0.211111 0.305436
0 0.523958 0.403704 0.025 0.151852 0.305459
0 0.578125 0.387963 0.03125 0.153704 0.310848
0 0.515625 0.371296 0.0145833 0.0796296 0.314077
0 0.00885417 0.431481 0.0177083 0.118519 0.322258
0 0.578125 0.387963 0.03125 0.153704 0.325319
0 0.00989583 0.443519 0.0197917 0.146296 0.326055
0 0.00989583 0.443519 0.0197917 0.146296 0.326376
0 0.310937 0.368519 0.021875 0.0666667 0.326613
0 0.00885417 0.431481 0.0177083 0.118519 0.33004
13 0.430729 0.59537 0.176042 0.109259 0.335278
0 0.310417 0.369444 0.0208333 0.0685185 0.336298
0 0.472917 0.387963 0.0270833 0.112963 0.33881
0 0.517187 0.373148 0.0135417 0.0833333 0.343157
0 0.310417 0.368519 0.0208333 0.0666667 0.343288
0 0.177083 0.406481 0.025 0.116667 0.343971
0 0.472917 0.387963 0.0270833 0.112963 0.34486
13 0.430208 0.594444 0.179167 0.111111 0.345171
0 0.516146 0.373148 0.0135417 0.0759259 0.346307
0 0.00885417 0.444444 0.0177083 0.125926 0.352051
0 0.475521 0.385185 0.0239583 0.103704 0.35246
0 0.266667 0.387037 0.0125 0.0851852 0.357463
0 0.266667 0.387037 0.0125 0.0851852 0.358709
0 0.517187 0.372222 0.015625 0.0851852 0.360349
0 0.805208 0.4 0.0270833 0.133333 0.362046
0 0.805729 0.4 0.0260417 0.133333 0.365817
0 0.80625 0.401852 0.0291667 0.140741 0.367778
0 0.475521 0.385185 0.0239583 0.107407 0.371814
0 0.80625 0.400926 0.0291667 0.138889 0.376362
0 0.474479 0.385185 0.0260417 0.107407 0.376445
0 0.805729 0.400926 0.028125 0.138889 0.379123
0 0.516667 0.373148 0.0145833 0.0759259 0.38242
0 0.517187 0.373148 0.015625 0.0833333 0.386097
0 0.805729 0.400926 0.028125 0.138889 0.397109
0 0.805729 0.401852 0.028125 0.137037 0.403273
0 0.805729 0.400926 0.028125 0.138889 0.409983
0 0.80625 0.400926 0.0270833 0.138889 0.419144
0 0.472917 0.388889 0.025 0.111111 0.419453
0 0.805729 0.400926 0.028125 0.138889 0.420804
0 0.177604 0.408333 0.0260417 0.124074 0.42119
0 0.472917 0.386111 0.025 0.105556 0.426541
0 0.311458 0.369444 0.0229167 0.0685185 0.429214
0 0.176563 0.407407 0.0260417 0.122222 0.432408
0 0.473437 0.387963 0.0260417 0.112963 0.433747
0 0.311458 0.369444 0.0229167 0.0685185 0.434144
0 0.472917 0.386111 0.025 0.105556 0.442567
0 0.0583333 0.443519 0.0520833 0.212963 0.446533
0 0.311458 0.369444 0.0229167 0.0685185 0.447
0 0.472917 0.386111 0.025 0.105556 0.452991
0 0.805729 0.400926 0.028125 0.138889 0.460301
0 0.00885417 0.44537 0.0177083 0.131481 0.461973
0 0.00885417 0.44537 0.0177083 0.131481 0.472852
0 0.421354 0.381481 0.0197917 0.1 0.476605
0 0.0604167 0.44537 0.05 0.216667 0.481347
0 0.421354 0.37963 0.021875 0.107407 0.491081
0 0.311458 0.371296 0.0208333 0.0685185 0.495398
0 0.421354 0.381481 0.0197917 0.103704 0.49743
0 0.0604167 0.444444 0.0520833 0.214815 0.497979
0 0.578125 0.392593 0.03125 0.155556 0.498218
0 0.3125 0.369444 0.0208333 0.0685185 0.507747
0 0.3125 0.369444 0.0208333 0.0722222 0.50813
0 0.533854 0.40463 0.034375 0.157407 0.509039
0 0.970833 0.57963 0.05625 0.537037 0.511144
0 0.577604 0.391667 0.0302083 0.157407 0.513588
0 0.971875 0.580556 0.05625 0.542593 0.515485
0 0.421354 0.381481 0.0197917 0.103704 0.516722
0 0.0578125 0.443519 0.0510417 0.212963 0.517739
0 0.009375 0.443519 0.01875 0.142593 0.520108
0 0.0578125 0.441667 0.0510417 0.212963 0.525118
0 0.177604 0.408333 0.0260417 0.127778 0.525262
0 0.3125 0.369444 0.0208333 0.0685185 0.533725
0 0.311979 0.369444 0.0197917 0.0685185 0.534078
0 0.533333 0.40463 0.0333333 0.157407 0.535704
0 0.578646 0.391667 0.0302083 0.157407 0.538026
0 0.528646 0.405556 0.0385417 0.155556 0.542997
0 0.578646 0.392593 0.0302083 0.155556 0.546207
0 0.578646 0.391667 0.0302083 0.157407 0.546252
0 0.00885417 0.442593 0.0177083 0.137037 0.572068
0 0.970833 0.575 0.0583333 0.535185 0.57771
0 0.423438 0.380556 0.0239583 0.101852 0.59183
0 0.530729 0.403704 0.034375 0.159259 0.59955
0 0.531771 0.40463 0.0364583 0.157407 0.602244
0 0.531771 0.40463 0.0364583 0.157407 0.603983
0 0.53125 0.40463 0.0354167 0.157407 0.604986
0 0.05625 0.442593 0.0479167 0.214815 0.609679
0 0.423438 0.380556 0.0239583 0.101852 0.610384
0 0.423438 0.380556 0.0239583 0.101852 0.614049
0 0.0541667 0.438889 0.0458333 0.214815 0.623597
0 0.177083 0.40463 0.0229167 0.116667 0.651814
0 0.0572917 0.44537 0.05 0.209259 0.652188
0 0.0541667 0.439815 0.0458333 0.216667 0.655353
0 0.05625 0.442593 0.0479167 0.214815 0.663596
0 0.0567708 0.44537 0.0489583 0.209259 0.666237
0 0.421354 0.382407 0.021875 0.101852 0.675664
0 0.531771 0.406481 0.034375 0.153704 0.681261
0 0.0541667 0.439815 0.0458333 0.216667 0.681594
0 0.0567708 0.44537 0.0489583 0.209259 0.683192
0 0.177083 0.407407 0.0229167 0.114815 0.685554
0 0.177604 0.40463 0.0239583 0.116667 0.691368
0 0.177604 0.40463 0.0239583 0.116667 0.69255
0 0.421354 0.382407 0.021875 0.101852 0.695791
0 0.531771 0.406481 0.034375 0.153704 0.697267
0 0.421875 0.382407 0.0208333 0.101852 0.708036
0 0.421875 0.381481 0.0208333 0.103704 0.710931
0 0.177083 0.406481 0.025 0.12037 0.713393
0 0.971875 0.574074 0.05625 0.540741 0.717733
0 0.178125 0.406481 0.025 0.127778 0.718152
0 0.971875 0.574074 0.05625 0.540741 0.71884
0 0.421875 0.381481 0.0208333 0.103704 0.720046
0 0.177083 0.407407 0.025 0.118519 0.720096
0 0.177083 0.407407 0.025 0.122222 0.722844
0 0.05625 0.441667 0.0479167 0.216667 0.725843
0 0.972917 0.576852 0.0541667 0.546296 0.726362
0 0.531771 0.405556 0.034375 0.155556 0.726915
0 0.532292 0.403704 0.0333333 0.155556 0.730843
0 0.532292 0.403704 0.0333333 0.155556 0.735229
0 0.177604 0.405556 0.0239583 0.12963 0.73628
0 0.177083 0.406481 0.025 0.116667 0.737279
0 0.177604 0.405556 0.0239583 0.12963 0.739421
0 0.177604 0.408333 0.0239583 0.124074 0.741987
0 0.972917 0.578704 0.0541667 0.553704 0.746292
0 0.0572917 0.444444 0.0479167 0.207407 0.752587
0 0.0572917 0.444444 0.0479167 0.211111 0.769899
0 0.578125 0.389815 0.03125 0.157407 0.775902
0 0.578125 0.389815 0.03125 0.157407 0.777485
0 0.532292 0.406481 0.0354167 0.153704 0.781488
0 0.578125 0.390741 0.03125 0.155556 0.785621
0 0.532292 0.405556 0.0354167 0.151852 0.785839
0 0.578125 0.391667 0.03125 0.153704 0.791646
0 0.578125 0.392593 0.03125 0.155556 0.795938
0 0.532292 0.405556 0.0354167 0.155556 0.796183
0 0.971875 0.573148 0.05625 0.55 0.796723
0 0.971875 0.573148 0.05625 0.55 0.797903
0 0.579167 0.390741 0.03125 0.159259 0.819001
0 0.579167 0.390741 0.03125 0.159259 0.823314
0 0.578125 0.390741 0.03125 0.159259 0.837637
0 0.578125 0.391667 0.03125 0.161111 0.838866
0 0.579167 0.390741 0.03125 0.159259 0.843654
