0 0.488021 0.373148 0.0239583 0.131481 0.251251
24 0.940104 0.55 0.109375 0.285185 0.253886
0 0.910937 0.62037 0.163542 0.648148 0.254305
0 0.484896 0.37037 0.028125 0.144444 0.258096
0 0.280208 0.344444 0.0270833 0.1 0.258259
13 0.41875 0.448148 0.0791667 0.0814815 0.263177
0 0.772917 0.608333 0.116667 0.642593 0.263888
0 0.281771 0.340741 0.028125 0.0925926 0.264112
0 0.772917 0.607407 0.116667 0.644444 0.264639
0 0.485417 0.37037 0.0291667 0.140741 0.265115
0 0.516146 0.372222 0.0302083 0.133333 0.266465
13 0.419271 0.447222 0.0802083 0.0796296 0.266727
0 0.272396 0.358333 0.0322917 0.124074 0.26741
0 0.281771 0.340741 0.028125 0.0925926 0.267813
0 0.15625 0.35 0.025 0.114815 0.268464
0 0.151562 0.352778 0.021875 0.105556 0.269039
0 0.151562 0.353704 0.021875 0.103704 0.269367
0 0.280729 0.344444 0.0260417 0.1 0.270846
0 0.513542 0.373148 0.0291667 0.127778 0.272901
13 0.416667 0.443519 0.0916667 0.105556 0.274729
0 0.514063 0.373148 0.028125 0.127778 0.279528
0 0.151562 0.353704 0.021875 0.103704 0.280263
0 0.565104 0.390741 0.0364583 0.12963 0.281722
24 0.939062 0.540741 0.109375 0.274074 0.283367
0 0.777604 0.588889 0.115625 0.611111 0.283607
0 0.483333 0.372222 0.025 0.12963 0.286829
24 0.940104 0.551852 0.111458 0.296296 0.287552
13 0.372917 0.448148 0.183333 0.118519 0.288444
13 0.309896 0.430556 0.078125 0.101852 0.290086
24 0.939062 0.541667 0.109375 0.275926 0.290262
13 0.308854 0.427778 0.084375 0.111111 0.294827
0 0.516146 0.373148 0.0302083 0.135185 0.298644
13 0.310417 0.428704 0.0833333 0.101852 0.299432
0 0.281771 0.341667 0.0302083 0.0907407 0.3039
13 0.309896 0.430556 0.078125 0.101852 0.306982
24 0.939062 0.539815 0.109375 0.272222 0.308551
24 0.940625 0.55 0.110417 0.285185 0.309124
13 0.310417 0.425 0.0791667 0.0944444 0.31019
0 0.153646 0.350926 0.0260417 0.112963 0.31398
0 0.484896 0.366667 0.0239583 0.140741 0.314754
0 0.484375 0.365741 0.025 0.142593 0.314845
0 0.777604 0.593518 0.115625 0.616667 0.316142
28 0.0572917 0.410185 0.0375 0.0574074 0.317614
0 0.919271 0.6 0.155208 0.633333 0.319881
13 0.310417 0.425 0.0791667 0.0944444 0.32087
0 0.51875 0.367593 0.025 0.116667 0.32098
28 0.0578125 0.409259 0.0385417 0.0592593 0.322956
0 0.516146 0.372222 0.028125 0.133333 0.326477
13 0.417188 0.440741 0.0885417 0.0962963 0.329225
28 0.0572917 0.409259 0.0375 0.0592593 0.329736
28 0.0572917 0.410185 0.0375 0.0574074 0.336055
24 0.946875 0.549074 0.102083 0.257407 0.339818
13 0.417188 0.441667 0.0885417 0.0944444 0.341725
0 0.490625 0.364815 0.0229167 0.144444 0.343046
13 0.315625 0.433333 0.0979167 0.114815 0.34365
24 0.946354 0.55 0.103125 0.262963 0.345749
13 0.310417 0.425926 0.075 0.0962963 0.346483
0 0.516667 0.373148 0.0291667 0.131481 0.34748
0 0.490625 0.364815 0.0229167 0.144444 0.350931
0 0.515625 0.372222 0.0291667 0.133333 0.353889
0 0.561458 0.389815 0.0354167 0.142593 0.358438
13 0.310417 0.428704 0.08125 0.101852 0.359027
0 0.488021 0.372222 0.0239583 0.137037 0.359072
0 0.517187 0.373148 0.028125 0.12037 0.36019
0 0.517708 0.367593 0.0270833 0.116667 0.365918
0 0.154167 0.349074 0.025 0.109259 0.367743
0 0.488021 0.372222 0.0239583 0.137037 0.368374
0 0.613021 0.369444 0.0197917 0.101852 0.368721
13 0.310417 0.428704 0.08125 0.101852 0.369447
13 0.309896 0.425926 0.0760417 0.0962963 0.370119
0 0.913542 0.606481 0.172917 0.675926 0.371148
0 0.485417 0.369444 0.025 0.142593 0.371603
0 0.518229 0.367593 0.0260417 0.116667 0.37225
0 0.483333 0.372222 0.025 0.137037 0.372595
0 0.517187 0.373148 0.028125 0.12037 0.377693
0 0.914062 0.612963 0.163542 0.648148 0.379438
0 0.561458 0.389815 0.0354167 0.142593 0.381615
0 0.483333 0.372222 0.025 0.137037 0.384145
0 0.517187 0.373148 0.028125 0.12037 0.384523
0 0.914062 0.608333 0.169792 0.668519 0.391004
0 0.516667 0.373148 0.0291667 0.131481 0.41173
0 0.155729 0.350926 0.0239583 0.109259 0.413317
0 0.0208333 0.385185 0.0395833 0.181481 0.414753
0 0.613542 0.369444 0.0208333 0.101852 0.418288
0 0.910937 0.619444 0.161458 0.668519 0.42438
0 0.613542 0.368519 0.0208333 0.103704 0.425337
0 0.155729 0.347222 0.0239583 0.105556 0.428066
0 0.485417 0.37037 0.025 0.140741 0.430851
0 0.613021 0.362963 0.0197917 0.0925926 0.437922
0 0.0208333 0.384259 0.0395833 0.183333 0.438117
0 0.154687 0.35 0.0239583 0.111111 0.440043
0 0.0208333 0.385185 0.0395833 0.181481 0.442483
0 0.155729 0.348148 0.0239583 0.107407 0.446942
0 0.614062 0.373148 0.021875 0.112963 0.450781
0 0.155729 0.348148 0.0239583 0.107407 0.453034
0 0.0197917 0.392593 0.0395833 0.185185 0.457037
0 0.154687 0.350926 0.0239583 0.109259 0.459597
0 0.154687 0.350926 0.0239583 0.109259 0.459741
0 0.0197917 0.392593 0.0395833 0.185185 0.473107
0 0.0197917 0.391667 0.0395833 0.183333 0.476237
0 0.613542 0.363889 0.0208333 0.0944444 0.484663
0 0.613542 0.363889 0.0208333 0.0944444 0.487783
0 0.565104 0.392593 0.0364583 0.144444 0.535575
0 0.565104 0.392593 0.0364583 0.144444 0.544156
0 0.614062 0.364815 0.021875 0.0962963 0.546027
0 0.914062 0.612963 0.167708 0.677778 0.547062
0 0.021875 0.387037 0.0416667 0.188889 0.548046
0 0.358854 0.375 0.0385417 0.168519 0.54845
0 0.779167 0.60463 0.122917 0.646296 0.556469
0 0.613542 0.369444 0.0208333 0.101852 0.558532
0 0.358333 0.375 0.0375 0.168519 0.56178
0 0.358333 0.374074 0.0375 0.166667 0.563045
0 0.357812 0.372222 0.034375 0.162963 0.563568
0 0.357812 0.373148 0.034375 0.161111 0.570247
0 0.360938 0.372222 0.0385417 0.159259 0.578048
0 0.779167 0.60463 0.122917 0.646296 0.579243
0 0.359375 0.374074 0.0354167 0.159259 0.579989
0 0.565104 0.392593 0.0364583 0.144444 0.590889
0 0.614062 0.364815 0.0197917 0.0962963 0.591725
0 0.360417 0.372222 0.0375 0.159259 0.597922
0 0.614062 0.364815 0.0197917 0.0962963 0.598199
0 0.359375 0.374074 0.0354167 0.159259 0.599478
0 0.021875 0.387037 0.0416667 0.188889 0.599605
0 0.564583 0.392593 0.0375 0.144444 0.60204
0 0.78125 0.586111 0.114583 0.583333 0.611037
0 0.613542 0.368519 0.0208333 0.103704 0.615274
0 0.5625 0.392593 0.0354167 0.144444 0.61615
0 0.614062 0.368519 0.0197917 0.103704 0.618702
0 0.564583 0.391667 0.0375 0.142593 0.624232
0 0.5625 0.392593 0.0354167 0.144444 0.626835
0 0.359896 0.373148 0.0385417 0.161111 0.643044
0 0.564062 0.392593 0.0364583 0.144444 0.648095
0 0.911458 0.614815 0.172917 0.677778 0.656385
0 0.563542 0.393519 0.0354167 0.142593 0.656805
0 0.782292 0.587963 0.114583 0.587037 0.659573
0 0.564062 0.393519 0.0364583 0.142593 0.664628
0 0.359896 0.373148 0.0385417 0.164815 0.665456
0 0.359896 0.372222 0.0385417 0.162963 0.669842
0 0.564062 0.392593 0.0364583 0.140741 0.679399
0 0.914062 0.611111 0.167708 0.677778 0.681487
0 0.778125 0.60463 0.114583 0.635185 0.687611
0 0.359896 0.373148 0.0385417 0.164815 0.690043
0 0.021875 0.387037 0.0416667 0.192593 0.693535
0 0.775521 0.606481 0.115625 0.638889 0.694829
0 0.913542 0.611111 0.160417 0.648148 0.696124
0 0.613542 0.369444 0.0208333 0.109259 0.708221
0 0.613542 0.37037 0.0208333 0.107407 0.714244
0 0.563542 0.392593 0.0354167 0.148148 0.714889
0 0.563542 0.392593 0.0354167 0.144444 0.717301
0 0.564062 0.392593 0.0364583 0.140741 0.721466
0 0.914062 0.612037 0.169792 0.67963 0.737292
0 0.358333 0.373148 0.0416667 0.164815 0.755433
0 0.564062 0.392593 0.0364583 0.140741 0.755658
0 0.358333 0.373148 0.0416667 0.168519 0.763457
0 0.0197917 0.387963 0.0395833 0.187037 0.763793
0 0.0203125 0.389815 0.040625 0.183333 0.77369
0 0.0197917 0.387037 0.0395833 0.185185 0.775952
0 0.775 0.606481 0.116667 0.65 0.780876
0 0.0203125 0.390741 0.040625 0.185185 0.787627
0 0.0203125 0.389815 0.040625 0.187037 0.789429
0 0.778125 0.603704 0.120833 0.633333 0.792454
0 0.913021 0.612037 0.169792 0.675926 0.795123
0 0.778646 0.605556 0.115625 0.633333 0.810187
0 0.0203125 0.388889 0.040625 0.188889 0.815705
0 0.9125 0.612037 0.166667 0.675926 0.838336
0 0.0203125 0.389815 0.040625 0.187037 0.838445
0 0.778125 0.603704 0.120833 0.633333 0.84476
0 0.911979 0.612037 0.165625 0.675926 0.851834
0 0.777604 0.606481 0.123958 0.646296 0.880516
0 0.777604 0.606481 0.121875 0.646296 0.884678
