0 0.595312 0.310185 0.0260417 0.131481 0.252023
28 0.357292 0.494444 0.075 0.0925926 0.253028
0 0.273958 0.276852 0.0354167 0.116667 0.257505
0 0.404687 0.293519 0.0239583 0.101852 0.258654
28 0.357292 0.494444 0.075 0.0925926 0.262985
0 0.274479 0.277778 0.0364583 0.114815 0.265765
0 0.0526042 0.285185 0.015625 0.0740741 0.269513
0 0.45 0.32037 0.03125 0.185185 0.271496
0 0.0166667 0.282407 0.01875 0.0685185 0.271665
0 0.840104 0.517593 0.138542 0.664815 0.274591
0 0.0151042 0.283333 0.0197917 0.0740741 0.275596
0 0.491667 0.3 0.0270833 0.133333 0.280784
0 0.554167 0.301852 0.025 0.125926 0.282233
0 0.556771 0.302778 0.028125 0.135185 0.28282
0 0.0151042 0.283333 0.0197917 0.0777778 0.284044
0 0.323438 0.27963 0.028125 0.0703704 0.284274
0 0.45 0.321296 0.03125 0.183333 0.28575
0 0.053125 0.281481 0.01875 0.0777778 0.288693
0 0.053125 0.280556 0.01875 0.0759259 0.290382
0 0.395833 0.294444 0.0208333 0.1 0.291672
0 0.015625 0.284259 0.0208333 0.0759259 0.294867
0 0.0161458 0.283333 0.0197917 0.0740741 0.295736
0 0.395833 0.29537 0.0208333 0.101852 0.29825
0 0.323438 0.27963 0.0260417 0.0703704 0.305458
0 0.554167 0.300926 0.0229167 0.131481 0.306413
0 0.554688 0.29537 0.0239583 0.127778 0.307247
0 0.554688 0.296296 0.021875 0.12963 0.308297
0 0.053125 0.280556 0.01875 0.0759259 0.309643
0 0.833333 0.531482 0.139583 0.644444 0.310632
0 0.272917 0.275926 0.0395833 0.111111 0.312996
0 0.556771 0.297222 0.028125 0.131481 0.314256
0 0.833333 0.525 0.14375 0.642593 0.315021
0 0.395833 0.294444 0.0208333 0.1 0.315037
0 0.0161458 0.283333 0.0197917 0.0740741 0.316215
26 0.8875 0.440741 0.0416667 0.192593 0.31832
0 0.273438 0.276852 0.0385417 0.112963 0.319373
0 0.323438 0.27963 0.0260417 0.0666667 0.320059
0 0.554688 0.296296 0.021875 0.12963 0.320155
0 0.404687 0.296296 0.0239583 0.111111 0.326974
0 0.554688 0.300926 0.0239583 0.131481 0.327432
26 0.888021 0.441667 0.0427083 0.190741 0.328985
26 0.888021 0.441667 0.0427083 0.194444 0.329005
0 0.323438 0.27963 0.0260417 0.0666667 0.330247
0 0.0838542 0.307407 0.028125 0.12963 0.331029
0 0.272917 0.276852 0.0375 0.112963 0.331412
0 0.0833333 0.306481 0.0270833 0.138889 0.33319
0 0.272917 0.27963 0.0375 0.114815 0.333891
0 0.183333 0.327778 0.0354167 0.188889 0.333936
0 0.183333 0.326852 0.0354167 0.190741 0.335299
0 0.272917 0.27963 0.0375 0.114815 0.338162
0 0.557292 0.303704 0.0270833 0.133333 0.338644
0 0.404167 0.296296 0.0229167 0.114815 0.341255
0 0.323438 0.27963 0.028125 0.0703704 0.344123
0 0.491146 0.303704 0.0239583 0.140741 0.35053
0 0.954167 0.532407 0.0916667 0.653704 0.350855
0 0.323958 0.27963 0.025 0.0666667 0.351617
0 0.053125 0.283333 0.01875 0.0851852 0.355015
0 0.592708 0.313889 0.0270833 0.131481 0.355427
0 0.556771 0.297222 0.028125 0.127778 0.355686
0 0.273438 0.278704 0.0364583 0.116667 0.362105
0 0.956771 0.523148 0.0864583 0.65 0.36224
0 0.323958 0.27963 0.025 0.0666667 0.363073
0 0.401042 0.297222 0.025 0.109259 0.365765
0 0.4875 0.302778 0.0291667 0.15 0.366198
0 0.0833333 0.305556 0.025 0.137037 0.366269
0 0.404687 0.29537 0.0239583 0.112963 0.366649
0 0.449479 0.319444 0.0322917 0.183333 0.367358
0 0.053125 0.284259 0.01875 0.087037 0.368827
0 0.4875 0.303704 0.0291667 0.151852 0.369266
0 0.323958 0.278704 0.025 0.0685185 0.369683
0 0.491146 0.29537 0.028125 0.153704 0.370101
0 0.323958 0.27963 0.025 0.0666667 0.370525
0 0.08125 0.307407 0.0291667 0.137037 0.370695
0 0.084375 0.30463 0.0229167 0.127778 0.372165
0 0.601042 0.312037 0.0416667 0.138889 0.376444
0 0.601562 0.312037 0.0427083 0.138889 0.382752
0 0.053125 0.283333 0.01875 0.0851852 0.390613
0 0.182292 0.332407 0.0395833 0.190741 0.39349
0 0.833333 0.530556 0.139583 0.668519 0.393551
0 0.600521 0.311111 0.040625 0.137037 0.39551
0 0.449479 0.319444 0.0322917 0.183333 0.396059
0 0.593229 0.316667 0.028125 0.133333 0.397558
0 0.084375 0.305556 0.0229167 0.12963 0.400138
0 0.084375 0.305556 0.0229167 0.12963 0.40408
0 0.0822917 0.306481 0.0291667 0.131481 0.404176
0 0.448958 0.32037 0.03125 0.181481 0.40556
0 0.491146 0.299074 0.0260417 0.135185 0.405915
0 0.556771 0.297222 0.028125 0.127778 0.411185
0 0.323438 0.27963 0.0260417 0.0666667 0.413321
0 0.403646 0.29537 0.021875 0.101852 0.417437
0 0.323438 0.278704 0.0260417 0.0685185 0.419754
0 0.491146 0.294444 0.028125 0.151852 0.41994
0 0.556771 0.302778 0.0260417 0.135185 0.42197
0 0.955208 0.525926 0.0895833 0.651852 0.425913
0 0.403646 0.29537 0.021875 0.105556 0.426549
0 0.323438 0.27963 0.0260417 0.0666667 0.426926
0 0.182292 0.332407 0.0395833 0.194444 0.42964
0 0.323438 0.27963 0.0260417 0.0666667 0.429898
0 0.403125 0.297222 0.0229167 0.105556 0.431456
0 0.0833333 0.308333 0.0270833 0.131481 0.431956
0 0.403646 0.294444 0.021875 0.103704 0.436321
0 0.836979 0.525926 0.144792 0.651852 0.440594
0 0.272917 0.280556 0.0354167 0.112963 0.446399
0 0.182292 0.333333 0.0395833 0.192593 0.452421
0 0.0822917 0.307407 0.0270833 0.12963 0.45807
0 0.491146 0.294444 0.0260417 0.151852 0.459185
0 0.453125 0.317593 0.0354167 0.183333 0.469438
0 0.273438 0.280556 0.0364583 0.112963 0.469894
0 0.0838542 0.306481 0.0260417 0.131481 0.472029
0 0.593229 0.312963 0.0260417 0.140741 0.479177
0 0.592708 0.313889 0.025 0.138889 0.480915
0 0.272917 0.280556 0.0354167 0.112963 0.482775
0 0.491667 0.297222 0.0270833 0.142593 0.483292
0 0.323438 0.27963 0.0260417 0.0703704 0.490077
0 0.491146 0.298148 0.028125 0.144444 0.492378
0 0.469792 0.309259 0.025 0.17037 0.497296
0 0.453125 0.318519 0.0354167 0.185185 0.501224
0 0.620313 0.294444 0.0197917 0.0962963 0.506668
0 0.0833333 0.306481 0.025 0.131481 0.509563
0 0.470313 0.309259 0.0239583 0.17037 0.519811
0 0.182812 0.327778 0.0385417 0.188889 0.520837
0 0.452604 0.312963 0.0364583 0.177778 0.523775
0 0.0833333 0.306481 0.025 0.131481 0.524982
0 0.453646 0.317593 0.0364583 0.17963 0.530824
0 0.453125 0.317593 0.0375 0.17963 0.531153
0 0.0833333 0.306481 0.025 0.131481 0.540439
0 0.182812 0.328704 0.0385417 0.190741 0.541753
0 0.491667 0.297222 0.0270833 0.142593 0.542433
0 0.833333 0.526852 0.141667 0.664815 0.543506
0 0.272396 0.280556 0.0385417 0.112963 0.543824
0 0.271875 0.275926 0.0395833 0.114815 0.545834
0 0.452083 0.312963 0.0354167 0.177778 0.547403
0 0.620833 0.289815 0.0208333 0.0907407 0.552163
0 0.453125 0.317593 0.0375 0.17963 0.553051
0 0.620313 0.293519 0.0197917 0.0981481 0.554471
0 0.272396 0.27963 0.0385417 0.114815 0.554519
0 0.490625 0.298148 0.0270833 0.144444 0.554651
0 0.271875 0.275926 0.0395833 0.114815 0.561697
0 0.556771 0.299074 0.028125 0.135185 0.564114
0 0.182812 0.328704 0.0385417 0.190741 0.565436
0 0.620313 0.293519 0.0197917 0.0981481 0.565484
0 0.272396 0.27963 0.0385417 0.114815 0.568092
0 0.271875 0.277778 0.0395833 0.114815 0.56865
0 0.491667 0.298148 0.0270833 0.144444 0.569075
0 0.271354 0.27963 0.040625 0.118519 0.573487
0 0.271354 0.280556 0.040625 0.116667 0.578431
0 0.621354 0.289815 0.0197917 0.0907407 0.579387
0 0.620833 0.289815 0.01875 0.0907407 0.581112
0 0.593229 0.315741 0.028125 0.135185 0.583009
0 0.272396 0.276852 0.040625 0.116667 0.583104
0 0.182812 0.331481 0.0385417 0.2 0.587998
0 0.452083 0.312963 0.0354167 0.177778 0.588742
0 0.182812 0.32963 0.0385417 0.192593 0.591014
0 0.272396 0.277778 0.040625 0.118519 0.593017
0 0.271354 0.27963 0.040625 0.114815 0.59693
0 0.556771 0.300926 0.028125 0.135185 0.597685
0 0.182812 0.330556 0.0385417 0.198148 0.601636
0 0.272396 0.277778 0.040625 0.118519 0.6021
0 0.182812 0.330556 0.0385417 0.194444 0.610186
0 0.620313 0.290741 0.0197917 0.0962963 0.610929
0 0.0828125 0.307407 0.0260417 0.12963 0.611815
0 0.451042 0.316667 0.0333333 0.177778 0.613872
0 0.556771 0.298148 0.028125 0.133333 0.616871
0 0.0833333 0.306481 0.025 0.135185 0.627622
0 0.182812 0.32963 0.0385417 0.192593 0.630853
0 0.0833333 0.306481 0.025 0.135185 0.632806
0 0.084375 0.308333 0.025 0.127778 0.633096
0 0.491146 0.3 0.0260417 0.140741 0.639433
0 0.620833 0.289815 0.0208333 0.0981481 0.642339
0 0.450521 0.316667 0.0322917 0.177778 0.644803
0 0.592708 0.316667 0.0270833 0.137037 0.645051
0 0.620833 0.289815 0.0208333 0.0981481 0.647202
0 0.593229 0.316667 0.028125 0.137037 0.652904
0 0.557292 0.301852 0.0270833 0.133333 0.653957
0 0.491146 0.299074 0.0260417 0.138889 0.657862
0 0.450521 0.316667 0.0322917 0.177778 0.660978
0 0.556771 0.3 0.028125 0.12963 0.664606
0 0.620833 0.290741 0.0208333 0.1 0.672777
0 0.557292 0.301852 0.0270833 0.133333 0.674084
0 0.956771 0.524074 0.0864583 0.67037 0.675682
0 0.491667 0.297222 0.025 0.142593 0.676774
0 0.450521 0.315741 0.0322917 0.175926 0.67794
0 0.556771 0.3 0.028125 0.133333 0.681951
0 0.55625 0.299074 0.0270833 0.135185 0.688425
0 0.556771 0.3 0.028125 0.133333 0.690799
0 0.450521 0.315741 0.0322917 0.175926 0.691788
0 0.451042 0.314815 0.0354167 0.177778 0.695604
0 0.835938 0.525926 0.142708 0.662963 0.696602
0 0.556771 0.3 0.0260417 0.12963 0.698718
0 0.491667 0.3 0.0270833 0.144444 0.708075
0 0.451562 0.313889 0.034375 0.17963 0.709117
0 0.955208 0.508333 0.0895833 0.675926 0.711021
0 0.491667 0.3 0.0270833 0.144444 0.71348
0 0.556771 0.300926 0.0260417 0.131481 0.715467
0 0.556771 0.3 0.0260417 0.12963 0.728604
0 0.59375 0.313889 0.0291667 0.138889 0.736831
0 0.620313 0.290741 0.0197917 0.1 0.749979
0 0.955208 0.510185 0.0895833 0.672222 0.773466
0 0.59375 0.313889 0.0291667 0.138889 0.773562
0 0.59375 0.313889 0.0291667 0.138889 0.780077
0 0.951563 0.512037 0.096875 0.683333 0.785996
0 0.593229 0.313889 0.0302083 0.142593 0.787
0 0.835938 0.526852 0.142708 0.661111 0.793632
0 0.952083 0.515741 0.0958333 0.687037 0.804906
0 0.593229 0.315741 0.028125 0.142593 0.810379
0 0.593229 0.313889 0.0302083 0.142593 0.813457
0 0.955729 0.521296 0.0885417 0.668519 0.813618
0 0.593229 0.315741 0.028125 0.138889 0.813761
0 0.59375 0.314815 0.0291667 0.144444 0.816733
0 0.835938 0.527778 0.142708 0.677778 0.819846
0 0.951563 0.512037 0.096875 0.683333 0.821148
0 0.952083 0.514815 0.0958333 0.688889 0.840538
0 0.835938 0.527778 0.142708 0.674074 0.846998
0 0.835938 0.530556 0.142708 0.672222 0.893553
0 0.836458 0.526852 0.14375 0.67963 0.894415
0 0.835417 0.530556 0.141667 0.668519 0.895898
