2 0.433333 0.303704 0.0333333 0.037037 0.252515
13 0.08125 0.872222 0.1625 0.166667 0.254532
0 0.301562 0.32963 0.0302083 0.0925926 0.25465
0 0.328646 0.325926 0.021875 0.0740741 0.259414
0 0.461458 0.340741 0.025 0.118519 0.263679
0 0.297396 0.326852 0.0322917 0.087037 0.274892
0 0.464583 0.338889 0.0291667 0.111111 0.285585
0 0.297396 0.327778 0.0322917 0.0888889 0.289947
0 0.463021 0.340741 0.028125 0.125926 0.29284
0 0.298438 0.32963 0.0322917 0.0925926 0.294623
0 0.297396 0.327778 0.0322917 0.0888889 0.295912
0 0.503646 0.350926 0.034375 0.142593 0.301182
0 0.463021 0.340741 0.028125 0.125926 0.304231
13 0.0807292 0.87037 0.159375 0.166667 0.312569
0 0.503646 0.35 0.034375 0.144444 0.317062
0 0.464583 0.339815 0.0291667 0.112963 0.319683
0 0.302083 0.32963 0.0291667 0.0888889 0.322037
0 0.464583 0.339815 0.0291667 0.112963 0.328768
13 0.0807292 0.87037 0.159375 0.166667 0.332638
13 0.0817708 0.872222 0.161458 0.166667 0.337334
0 0.298438 0.330556 0.0322917 0.0907407 0.339283
13 0.0817708 0.872222 0.161458 0.166667 0.340468
0 0.221875 0.375 0.05625 0.264815 0.349257
0 0.639583 0.361111 0.0270833 0.12963 0.363562
0 0.298438 0.32963 0.0322917 0.0888889 0.366329
13 0.08125 0.87037 0.158333 0.166667 0.366817
13 0.0807292 0.869444 0.161458 0.168519 0.372601
0 0.328646 0.319444 0.021875 0.0685185 0.377763
13 0.0807292 0.868519 0.161458 0.166667 0.381692
0 0.502604 0.352778 0.034375 0.142593 0.385475
0 0.302083 0.327778 0.0291667 0.0888889 0.403522
0 0.639583 0.361111 0.0270833 0.12963 0.408805
0 0.502604 0.353704 0.0322917 0.144444 0.411818
0 0.639583 0.361111 0.0270833 0.12963 0.41491
0 0.503125 0.352778 0.03125 0.142593 0.421583
0 0.4625 0.353704 0.0291667 0.144444 0.426823
0 0.302083 0.327778 0.0291667 0.0888889 0.433916
0 0.302083 0.327778 0.0291667 0.0888889 0.435186
0 0.504687 0.353704 0.0322917 0.144444 0.44144
0 0.4625 0.352778 0.0291667 0.146296 0.442903
13 0.0807292 0.869444 0.161458 0.168519 0.44338
13 0.0807292 0.871296 0.161458 0.168519 0.457912
0 0.463021 0.352778 0.028125 0.142593 0.461488
0 0.504687 0.352778 0.0322917 0.142593 0.465796
0 0.328125 0.32037 0.0208333 0.0666667 0.466078
0 0.328646 0.32037 0.021875 0.0666667 0.470613
0 0.328125 0.32037 0.0208333 0.062963 0.477369
0 0.219792 0.371296 0.0520833 0.275926 0.482801
0 0.328646 0.32037 0.021875 0.0666667 0.484998
0 0.639063 0.359259 0.0302083 0.133333 0.485934
13 0.0807292 0.869444 0.161458 0.168519 0.487184
0 0.463542 0.351852 0.0291667 0.148148 0.493838
0 0.328125 0.32037 0.0208333 0.062963 0.494442
0 0.463542 0.351852 0.0291667 0.148148 0.494557
13 0.0807292 0.869444 0.161458 0.168519 0.495126
13 0.0807292 0.869444 0.161458 0.168519 0.50012
0 0.328646 0.32037 0.021875 0.0666667 0.502752
0 0.463021 0.350926 0.028125 0.146296 0.506513
0 0.463021 0.350926 0.028125 0.146296 0.507963
0 0.328125 0.32037 0.0208333 0.0703704 0.508122
0 0.132292 0.446296 0.08125 0.525926 0.513461
13 0.08125 0.87037 0.160417 0.166667 0.526094
13 0.08125 0.87037 0.160417 0.166667 0.531478
0 0.609896 0.355556 0.0302083 0.159259 0.542466
0 0.463542 0.35 0.0291667 0.133333 0.546429
0 0.219271 0.371296 0.053125 0.275926 0.547
0 0.610417 0.356481 0.0291667 0.157407 0.553658
0 0.503125 0.353704 0.0354167 0.144444 0.563329
0 0.463542 0.35 0.0291667 0.133333 0.567023
13 0.08125 0.87037 0.160417 0.166667 0.573471
0 0.132812 0.449074 0.0802083 0.527778 0.574977
0 0.463542 0.349074 0.0291667 0.131481 0.575709
0 0.503646 0.35463 0.0322917 0.142593 0.577165
0 0.610417 0.356481 0.0291667 0.157407 0.578791
0 0.503646 0.353704 0.034375 0.144444 0.58001
0 0.503646 0.35463 0.0322917 0.142593 0.584523
0 0.640104 0.360185 0.028125 0.131481 0.588876
0 0.640625 0.358333 0.0270833 0.135185 0.589414
0 0.301042 0.330556 0.03125 0.0907407 0.590852
0 0.503646 0.35463 0.0322917 0.142593 0.602605
0 0.503646 0.35463 0.0322917 0.142593 0.602664
0 0.503646 0.35463 0.0322917 0.142593 0.604872
0 0.300521 0.330556 0.0302083 0.0907407 0.606241
0 0.301042 0.330556 0.03125 0.0907407 0.618038
0 0.639583 0.358333 0.0291667 0.138889 0.623032
0 0.640625 0.359259 0.0270833 0.133333 0.623818
0 0.639063 0.359259 0.0302083 0.140741 0.634047
0 0.639583 0.359259 0.0291667 0.137037 0.634376
0 0.6125 0.355556 0.0291667 0.155556 0.635396
0 0.6125 0.355556 0.0291667 0.155556 0.638684
0 0.503646 0.35463 0.0322917 0.142593 0.642414
0 0.611979 0.355556 0.0302083 0.159259 0.643048
0 0.219792 0.372222 0.0541667 0.274074 0.64343
0 0.611458 0.355556 0.0291667 0.159259 0.644157
0 0.219792 0.372222 0.0541667 0.274074 0.648072
0 0.3 0.330556 0.03125 0.0944444 0.649608
0 0.639063 0.359259 0.0302083 0.140741 0.650483
0 0.219792 0.371296 0.0541667 0.275926 0.651639
0 0.611458 0.35463 0.03125 0.157407 0.653899
0 0.133854 0.449074 0.078125 0.524074 0.65438
0 0.133854 0.45 0.078125 0.525926 0.656476
0 0.3 0.331481 0.03125 0.0925926 0.659081
0 0.640625 0.358333 0.0270833 0.135185 0.663299
0 0.299479 0.330556 0.0322917 0.0907407 0.664922
0 0.639583 0.359259 0.0291667 0.137037 0.667415
0 0.639583 0.358333 0.0291667 0.138889 0.669185
0 0.3 0.330556 0.03125 0.0907407 0.671322
0 0.133333 0.452778 0.08125 0.52037 0.671758
0 0.611458 0.35463 0.03125 0.157407 0.672095
0 0.610937 0.35463 0.0302083 0.157407 0.676218
0 0.131771 0.447222 0.0802083 0.535185 0.676477
0 0.611458 0.355556 0.0291667 0.159259 0.681772
0 0.299479 0.330556 0.0322917 0.0907407 0.685892
0 0.299479 0.330556 0.0322917 0.0907407 0.700626
0 0.640104 0.360185 0.028125 0.135185 0.701879
0 0.639583 0.358333 0.0291667 0.138889 0.702079
0 0.301042 0.330556 0.0291667 0.0907407 0.706386
0 0.640625 0.360185 0.0270833 0.135185 0.711153
0 0.219271 0.371296 0.053125 0.27963 0.714118
0 0.220313 0.373148 0.053125 0.268519 0.722079
0 0.301042 0.330556 0.0291667 0.0907407 0.725167
0 0.301042 0.330556 0.0291667 0.0907407 0.733823
0 0.640104 0.358333 0.028125 0.138889 0.734302
0 0.610417 0.35463 0.0291667 0.157407 0.738206
0 0.610417 0.35463 0.0291667 0.161111 0.7392
0 0.219271 0.372222 0.053125 0.277778 0.740144
0 0.132292 0.448148 0.0791667 0.540741 0.742434
0 0.133333 0.449074 0.08125 0.524074 0.749622
0 0.132292 0.450926 0.0791667 0.527778 0.758188
0 0.219271 0.371296 0.053125 0.275926 0.759027
0 0.219271 0.369444 0.053125 0.275926 0.762995
0 0.219792 0.371296 0.0520833 0.275926 0.764093
0 0.219271 0.369444 0.053125 0.27963 0.766725
0 0.133333 0.451852 0.08125 0.518519 0.77139
0 0.219792 0.369444 0.0520833 0.275926 0.778689
0 0.219792 0.369444 0.0520833 0.275926 0.783282
0 0.132292 0.450926 0.0791667 0.527778 0.809527
0 0.133333 0.449074 0.08125 0.524074 0.816791
