0 0.481771 0.326852 0.0197917 0.0796296 0.261529
0 0.614583 0.350926 0.03125 0.157407 0.264024
13 0.0791667 0.882407 0.154167 0.17963 0.268914
0 0.639583 0.359259 0.0270833 0.12963 0.282912
0 0.221354 0.376852 0.0572917 0.275926 0.283871
0 0.614583 0.351852 0.03125 0.159259 0.285042
0 0.640625 0.350926 0.025 0.131481 0.288924
0 0.505208 0.351852 0.0333333 0.137037 0.28905
0 0.480729 0.332407 0.0177083 0.0833333 0.289386
0 0.480729 0.332407 0.0177083 0.0833333 0.291667
0 0.304167 0.32963 0.0354167 0.0962963 0.294323
0 0.640625 0.350926 0.025 0.127778 0.296596
13 0.0802083 0.876852 0.15625 0.168519 0.31477
0 0.304688 0.326852 0.0364583 0.0907407 0.317318
0 0.329167 0.318519 0.0208333 0.0703704 0.332895
0 0.328646 0.318519 0.021875 0.0703704 0.341196
0 0.461458 0.343519 0.0291667 0.142593 0.34268
0 0.611458 0.355556 0.03125 0.17037 0.343781
0 0.611458 0.35463 0.03125 0.168519 0.346249
13 0.0791667 0.889815 0.158333 0.198148 0.346363
0 0.304688 0.326852 0.0364583 0.087037 0.350391
13 0.0796875 0.889815 0.157292 0.198148 0.353368
0 0.611458 0.35463 0.03125 0.168519 0.353511
0 0.328646 0.318519 0.021875 0.0703704 0.354434
0 0.461458 0.343519 0.0291667 0.142593 0.355306
0 0.639063 0.359259 0.0260417 0.133333 0.358721
0 0.122396 0.44537 0.0822917 0.542593 0.361937
0 0.639583 0.359259 0.0270833 0.133333 0.371873
13 0.0796875 0.888889 0.157292 0.196296 0.386669
0 0.503646 0.351852 0.034375 0.137037 0.425266
0 0.460938 0.349074 0.0260417 0.146296 0.429931
0 0.122396 0.447222 0.0802083 0.542593 0.460035
0 0.460938 0.352778 0.028125 0.153704 0.462671
0 0.640625 0.358333 0.0270833 0.135185 0.466622
0 0.503125 0.350926 0.03125 0.142593 0.467733
0 0.460938 0.349074 0.0260417 0.142593 0.468211
0 0.503125 0.350926 0.03125 0.142593 0.471828
13 0.08125 0.887963 0.160417 0.190741 0.478251
13 0.08125 0.887037 0.160417 0.192593 0.482512
0 0.302604 0.327778 0.0302083 0.0888889 0.485838
0 0.461458 0.35 0.025 0.144444 0.489104
0 0.328646 0.318519 0.021875 0.0666667 0.493358
0 0.21875 0.372222 0.0541667 0.288889 0.493852
0 0.50625 0.351852 0.03125 0.137037 0.4961
0 0.460938 0.352778 0.028125 0.153704 0.496606
0 0.505208 0.350926 0.0333333 0.138889 0.505336
13 0.0791667 0.881481 0.158333 0.185185 0.511434
0 0.4625 0.350926 0.0291667 0.153704 0.513793
0 0.302604 0.326852 0.0302083 0.087037 0.514805
13 0.0796875 0.885185 0.157292 0.185185 0.514965
0 0.302604 0.326852 0.0302083 0.087037 0.515882
0 0.4625 0.350926 0.0291667 0.153704 0.51629
13 0.0796875 0.882407 0.159375 0.187037 0.517695
0 0.505208 0.350926 0.0333333 0.138889 0.51956
0 0.328646 0.317593 0.021875 0.0648148 0.521581
0 0.506771 0.350926 0.0302083 0.135185 0.523246
13 0.0791667 0.886111 0.158333 0.187037 0.524602
0 0.328646 0.317593 0.021875 0.0648148 0.524957
13 0.0796875 0.884259 0.155208 0.187037 0.527655
0 0.329688 0.315741 0.021875 0.0722222 0.535062
13 0.0802083 0.886111 0.15625 0.183333 0.539623
0 0.461458 0.352778 0.0270833 0.153704 0.539977
0 0.121354 0.442593 0.0822917 0.522222 0.544187
13 0.0796875 0.885185 0.157292 0.185185 0.545066
13 0.0796875 0.885185 0.157292 0.181481 0.548685
13 0.0802083 0.884259 0.15625 0.187037 0.563462
13 0.0796875 0.885185 0.157292 0.181481 0.565567
0 0.461979 0.351852 0.028125 0.144444 0.572909
0 0.640625 0.357407 0.0270833 0.137037 0.581705
0 0.329167 0.317593 0.0229167 0.0685185 0.585908
0 0.301042 0.32963 0.03125 0.0925926 0.586573
0 0.301042 0.32963 0.03125 0.0925926 0.591377
0 0.3 0.330556 0.03125 0.0907407 0.59609
0 0.329167 0.317593 0.0229167 0.0685185 0.596534
0 0.219271 0.374074 0.053125 0.285185 0.597002
0 0.639583 0.357407 0.0270833 0.140741 0.601004
0 0.121354 0.441667 0.0822917 0.524074 0.601133
0 0.461458 0.35 0.0291667 0.155556 0.602313
0 0.461458 0.35 0.0291667 0.151852 0.60289
0 0.461979 0.351852 0.028125 0.144444 0.603625
0 0.301042 0.32963 0.03125 0.0925926 0.604569
0 0.639583 0.357407 0.0270833 0.140741 0.609077
0 0.329167 0.317593 0.0229167 0.0685185 0.609905
0 0.640104 0.358333 0.0260417 0.135185 0.613461
0 0.461979 0.350926 0.028125 0.142593 0.61416
0 0.328646 0.315741 0.0197917 0.0722222 0.620088
0 0.300521 0.330556 0.0322917 0.0907407 0.623807
0 0.639583 0.357407 0.0270833 0.140741 0.625037
0 0.640625 0.358333 0.0270833 0.135185 0.632791
0 0.300521 0.32963 0.0322917 0.0925926 0.634883
0 0.300521 0.330556 0.0322917 0.0907407 0.64064
0 0.639583 0.357407 0.0270833 0.140741 0.642006
0 0.300521 0.330556 0.0322917 0.0944444 0.642042
0 0.300521 0.32963 0.0322917 0.0925926 0.649391
0 0.301562 0.330556 0.0302083 0.0907407 0.656655
0 0.640625 0.358333 0.0270833 0.142593 0.669468
0 0.640625 0.358333 0.0270833 0.142593 0.679518
0 0.639583 0.357407 0.0270833 0.140741 0.68084
0 0.301562 0.330556 0.0302083 0.0907407 0.684428
0 0.301562 0.330556 0.0302083 0.0907407 0.698461
0 0.505208 0.352778 0.03125 0.135185 0.706931
0 0.505208 0.353704 0.03125 0.137037 0.709364
0 0.505208 0.351852 0.03125 0.137037 0.714102
0 0.21875 0.375 0.0541667 0.287037 0.716757
0 0.505208 0.351852 0.0333333 0.144444 0.720737
0 0.505208 0.351852 0.03125 0.137037 0.725228
0 0.505208 0.350926 0.0333333 0.142593 0.72717
0 0.505208 0.351852 0.03125 0.137037 0.73058
0 0.641146 0.358333 0.0260417 0.135185 0.733647
0 0.505208 0.352778 0.03125 0.135185 0.736037
0 0.21875 0.375 0.0541667 0.287037 0.740881
0 0.21875 0.374074 0.0541667 0.285185 0.748807
0 0.123438 0.443519 0.0802083 0.52037 0.749213
0 0.122917 0.444444 0.0833333 0.522222 0.749832
0 0.21875 0.375 0.0541667 0.283333 0.751072
0 0.122396 0.44537 0.0802083 0.52037 0.752275
0 0.21875 0.375 0.0541667 0.283333 0.752944
0 0.613542 0.353704 0.03125 0.166667 0.753697
0 0.219271 0.374074 0.053125 0.285185 0.754624
0 0.219271 0.374074 0.053125 0.285185 0.761351
0 0.6125 0.352778 0.03125 0.161111 0.764112
0 0.613021 0.352778 0.0322917 0.161111 0.764148
0 0.21875 0.375926 0.0541667 0.285185 0.766508
0 0.6125 0.352778 0.03125 0.161111 0.772443
0 0.219792 0.374074 0.0520833 0.285185 0.773571
0 0.21875 0.375 0.0541667 0.287037 0.775972
0 0.613542 0.353704 0.03125 0.166667 0.776048
0 0.639583 0.357407 0.0270833 0.140741 0.777081
0 0.613542 0.355556 0.03125 0.162963 0.787578
0 0.123438 0.444444 0.0802083 0.514815 0.788116
0 0.613542 0.35463 0.03125 0.164815 0.788901
0 0.219271 0.373148 0.053125 0.283333 0.790083
0 0.122396 0.443519 0.0822917 0.524074 0.796503
0 0.640104 0.358333 0.0260417 0.138889 0.797371
0 0.640104 0.358333 0.0260417 0.138889 0.798188
0 0.122917 0.443519 0.08125 0.527778 0.798474
0 0.122396 0.444444 0.0802083 0.52963 0.800911
0 0.613542 0.353704 0.03125 0.166667 0.800941
0 0.219792 0.373148 0.0541667 0.290741 0.80244
0 0.613021 0.355556 0.0302083 0.162963 0.818022
0 0.121875 0.44537 0.08125 0.52037 0.818858
0 0.6125 0.355556 0.0291667 0.166667 0.825696
