0 0.691146 0.401852 0.0552083 0.248148 0.250677
0 0.382812 0.352778 0.015625 0.0611111 0.251502
0 0.526563 0.347222 0.015625 0.0685185 0.25222
0 0.6875 0.399074 0.0666667 0.272222 0.255135
0 0.383333 0.360185 0.0125 0.05 0.255427
0 0.6875 0.400926 0.0666667 0.268519 0.258216
0 0.382292 0.356481 0.0145833 0.0611111 0.26008
0 0.698958 0.387963 0.0458333 0.209259 0.261755
0 0.523958 0.352778 0.01875 0.0759259 0.26499
0 0.497917 0.372222 0.0229167 0.111111 0.268026
0 0.523438 0.353704 0.0197917 0.0814815 0.268607
24 0.705208 0.361111 0.03125 0.0925926 0.271043
0 0.208333 0.423148 0.0375 0.235185 0.273255
0 0.204167 0.418519 0.0395833 0.22963 0.276472
0 0.382292 0.357407 0.0145833 0.0592593 0.277292
0 0.497917 0.371296 0.0229167 0.112963 0.27995
0 0.523958 0.353704 0.01875 0.0777778 0.279984
0 0.610937 0.373148 0.0322917 0.131481 0.288726
0 0.352083 0.365741 0.0208333 0.0981481 0.290975
0 0.170833 0.505556 0.1375 0.474074 0.291146
0 0.352083 0.365741 0.0208333 0.0981481 0.29529
0 0.610417 0.373148 0.03125 0.131481 0.296403
0 0.204167 0.417593 0.0395833 0.235185 0.296956
0 0.526563 0.346296 0.015625 0.0666667 0.300224
0 0.203646 0.428704 0.040625 0.25 0.302163
0 0.523958 0.352778 0.01875 0.0759259 0.30957
0 0.697396 0.388889 0.046875 0.214815 0.314888
0 0.495313 0.378704 0.0302083 0.124074 0.322481
0 0.352083 0.362037 0.0208333 0.101852 0.325681
0 0.665625 0.4 0.0333333 0.240741 0.329128
0 0.351562 0.365741 0.0197917 0.0981481 0.331689
0 0.526563 0.348148 0.015625 0.0703704 0.335105
0 0.526563 0.346296 0.015625 0.0666667 0.341345
0 0.525521 0.350926 0.0177083 0.0722222 0.350997
0 0.441146 0.373148 0.028125 0.135185 0.351496
0 0.497917 0.378704 0.025 0.112963 0.357131
0 0.351562 0.368519 0.0177083 0.1 0.362677
0 0.170312 0.502778 0.136458 0.47963 0.372172
0 0.351562 0.365741 0.0177083 0.101852 0.376218
0 0.170312 0.503704 0.136458 0.481481 0.3768
0 0.202083 0.421296 0.0416667 0.231481 0.380143
0 0.351042 0.368519 0.01875 0.103704 0.382494
0 0.202604 0.421296 0.040625 0.227778 0.383896
0 0.497396 0.377778 0.0260417 0.114815 0.384796
0 0.696875 0.396296 0.05 0.251852 0.388016
0 0.497917 0.377778 0.025 0.114815 0.388613
0 0.495833 0.37963 0.0291667 0.122222 0.392618
0 0.351042 0.368519 0.01875 0.103704 0.400323
0 0.171354 0.50463 0.138542 0.487037 0.423896
0 0.171354 0.505556 0.138542 0.485185 0.430346
0 0.527083 0.347222 0.0145833 0.0685185 0.440916
0 0.496354 0.383333 0.0260417 0.12963 0.45643
0 0.496354 0.381481 0.0302083 0.125926 0.459407
0 0.667188 0.399074 0.034375 0.25 0.459662
0 0.442187 0.372222 0.028125 0.12963 0.462042
0 0.495313 0.378704 0.028125 0.12037 0.466251
0 0.527083 0.347222 0.0145833 0.0685185 0.466763
0 0.666667 0.4 0.0333333 0.248148 0.472551
0 0.496354 0.384259 0.0260417 0.131481 0.478397
0 0.667188 0.4 0.034375 0.248148 0.479303
0 0.496354 0.384259 0.0260417 0.131481 0.482825
0 0.352083 0.364815 0.01875 0.103704 0.487291
0 0.495833 0.381481 0.0291667 0.12963 0.488991
0 0.441667 0.373148 0.0270833 0.135185 0.502339
0 0.495833 0.381481 0.0291667 0.125926 0.51229
0 0.169792 0.497222 0.139583 0.472222 0.515698
0 0.495833 0.381481 0.0291667 0.125926 0.517649
0 0.170833 0.494444 0.1375 0.459259 0.518147
0 0.170833 0.496296 0.14375 0.459259 0.522317
0 0.205208 0.424074 0.0395833 0.237037 0.528379
0 0.171354 0.494444 0.138542 0.455556 0.532086
0 0.611458 0.375926 0.0291667 0.12963 0.532598
0 0.495313 0.381481 0.028125 0.12963 0.53379
0 0.685938 0.4 0.0635417 0.262963 0.535071
0 0.205208 0.425 0.0395833 0.238889 0.539534
0 0.169792 0.496296 0.139583 0.47037 0.540462
0 0.611458 0.375926 0.0291667 0.12963 0.54061
0 0.205208 0.424074 0.0395833 0.237037 0.550027
0 0.496354 0.37963 0.0260417 0.122222 0.553322
0 0.688542 0.4 0.0604167 0.266667 0.557757
0 0.668229 0.4 0.0364583 0.248148 0.563277
0 0.495833 0.382407 0.0270833 0.127778 0.568079
0 0.667708 0.4 0.0375 0.248148 0.572145
0 0.685938 0.400926 0.0635417 0.264815 0.575821
0 0.610937 0.375 0.028125 0.127778 0.579678
0 0.352083 0.366667 0.01875 0.103704 0.579889
0 0.496354 0.380556 0.0260417 0.124074 0.585682
0 0.496354 0.380556 0.0260417 0.124074 0.589072
0 0.442187 0.373148 0.028125 0.131481 0.592024
0 0.442187 0.372222 0.028125 0.12963 0.594802
0 0.667708 0.399074 0.0375 0.246296 0.596892
0 0.6875 0.401852 0.0604167 0.266667 0.60842
0 0.352083 0.366667 0.01875 0.103704 0.61067
0 0.442708 0.375 0.0291667 0.138889 0.611996
0 0.352083 0.366667 0.01875 0.103704 0.612481
0 0.170833 0.502778 0.139583 0.47963 0.614836
0 0.204167 0.425 0.0416667 0.242593 0.624792
0 0.204167 0.425926 0.0416667 0.244444 0.631653
0 0.685417 0.400926 0.0625 0.264815 0.632307
0 0.204167 0.425926 0.0416667 0.244444 0.632998
0 0.667188 0.398148 0.0322917 0.255556 0.636419
0 0.441667 0.374074 0.0270833 0.140741 0.650001
0 0.441667 0.374074 0.0270833 0.140741 0.650535
0 0.205729 0.421296 0.040625 0.235185 0.650777
0 0.6875 0.400926 0.0604167 0.264815 0.651768
0 0.442708 0.377778 0.0291667 0.144444 0.653773
0 0.442187 0.374074 0.028125 0.137037 0.660842
0 0.442187 0.378704 0.028125 0.146296 0.66777
0 0.442708 0.375926 0.0291667 0.140741 0.68456
0 0.203646 0.424074 0.040625 0.237037 0.685575
0 0.352083 0.366667 0.01875 0.103704 0.68785
0 0.203646 0.423148 0.040625 0.238889 0.687993
0 0.203646 0.424074 0.040625 0.237037 0.688279
0 0.442187 0.375926 0.028125 0.144444 0.691745
0 0.351562 0.365741 0.0177083 0.101852 0.69187
0 0.205208 0.421296 0.0416667 0.238889 0.699046
0 0.610937 0.375926 0.0302083 0.12963 0.700975
0 0.442187 0.376852 0.028125 0.142593 0.702152
0 0.351562 0.364815 0.0177083 0.103704 0.709202
0 0.689583 0.4 0.0583333 0.262963 0.70945
0 0.610937 0.373148 0.0302083 0.131481 0.710059
0 0.689062 0.4 0.059375 0.262963 0.710289
0 0.610937 0.375926 0.0302083 0.12963 0.711197
0 0.351562 0.364815 0.0177083 0.103704 0.724753
0 0.689583 0.4 0.0583333 0.262963 0.726907
0 0.611458 0.374074 0.0291667 0.133333 0.72955
0 0.170833 0.49537 0.139583 0.464815 0.73073
0 0.442187 0.375926 0.028125 0.144444 0.748616
0 0.611458 0.375926 0.0291667 0.12963 0.751477
0 0.611458 0.375926 0.0291667 0.12963 0.754487
0 0.170833 0.496296 0.139583 0.474074 0.757249
0 0.610937 0.375926 0.0302083 0.12963 0.758903
0 0.171875 0.496296 0.141667 0.474074 0.766611
0 0.611458 0.375926 0.0291667 0.133333 0.775254
0 0.683854 0.399074 0.0552083 0.272222 0.775635
0 0.442187 0.375926 0.028125 0.144444 0.787262
0 0.610937 0.374074 0.0302083 0.12963 0.794399
0 0.610937 0.373148 0.0302083 0.127778 0.79562
0 0.170833 0.500926 0.139583 0.487037 0.808524
0 0.170833 0.5 0.135417 0.47037 0.812888
0 0.441667 0.373148 0.0270833 0.138889 0.814701
0 0.170833 0.500926 0.141667 0.490741 0.820717
0 0.442187 0.372222 0.028125 0.137037 0.822663
0 0.611458 0.374074 0.0291667 0.12963 0.825029
0 0.611458 0.373148 0.0291667 0.131481 0.827949
0 0.691667 0.401852 0.05625 0.27037 0.829879
0 0.170833 0.5 0.135417 0.47037 0.857499
0 0.169792 0.499074 0.135417 0.475926 0.891813
0 0.169792 0.499074 0.135417 0.475926 0.893186
