0 0.208333 0.401852 0.0208333 0.1 0.254317
0 0.208333 0.401852 0.0229167 0.1 0.265557
0 0.213021 0.407407 0.028125 0.0888889 0.273629
0 0.215104 0.40463 0.0260417 0.0981481 0.274834
0 0.353646 0.396296 0.0177083 0.107407 0.278473
0 0.354167 0.390741 0.0208333 0.0925926 0.279429
0 0.503646 0.416667 0.0239583 0.133333 0.279467
0 0.503125 0.410185 0.0270833 0.127778 0.279544
0 0.214583 0.40463 0.0270833 0.0981481 0.280459
0 0.208333 0.401852 0.0208333 0.1 0.280655
0 0.503646 0.416667 0.0239583 0.133333 0.281004
0 0.353646 0.397222 0.0177083 0.105556 0.285669
0 0.354167 0.391667 0.0208333 0.0944444 0.288898
13 0.429688 0.653704 0.246875 0.2 0.28998
0 0.416667 0.407407 0.025 0.118519 0.291352
13 0.428646 0.65 0.251042 0.207407 0.293912
0 0.355729 0.39537 0.021875 0.101852 0.294432
0 0.214583 0.40463 0.0270833 0.0981481 0.29561
0 0.503646 0.411111 0.0260417 0.133333 0.297402
13 0.403646 0.6 0.215625 0.118519 0.298642
0 0.236979 0.390741 0.0197917 0.062963 0.298957
0 0.0234375 0.462037 0.034375 0.198148 0.299168
0 0.503646 0.411111 0.0260417 0.12963 0.301444
0 0.354688 0.39537 0.0239583 0.0981481 0.3052
0 0.0234375 0.462037 0.0322917 0.198148 0.306648
0 0.354167 0.391667 0.0208333 0.0944444 0.30775
0 0.236979 0.389815 0.0177083 0.0611111 0.308134
0 0.958333 0.578704 0.0833333 0.509259 0.313702
0 0.449479 0.400926 0.0197917 0.0907407 0.315347
0 0.239063 0.391667 0.0197917 0.0722222 0.315705
13 0.422917 0.65 0.247917 0.207407 0.320267
0 0.353646 0.396296 0.0177083 0.107407 0.322419
0 0.958333 0.580556 0.0833333 0.512963 0.322441
13 0.423438 0.648148 0.251042 0.211111 0.325329
0 0.960938 0.581481 0.078125 0.485185 0.329972
0 0.236979 0.389815 0.0177083 0.0611111 0.332033
0 0.240625 0.389815 0.01875 0.0648148 0.345765
0 0.240625 0.389815 0.01875 0.0648148 0.355083
0 0.491146 0.417593 0.0447917 0.146296 0.360777
13 0.426042 0.65 0.252083 0.211111 0.366193
0 0.491146 0.416667 0.046875 0.144444 0.366331
0 0.355729 0.39537 0.021875 0.0944444 0.373459
0 0.239583 0.390741 0.01875 0.062963 0.374569
13 0.426042 0.649074 0.252083 0.209259 0.381204
0 0.417188 0.408333 0.0260417 0.12037 0.38158
0 0.241146 0.388889 0.0177083 0.062963 0.382868
0 0.478646 0.435185 0.0260417 0.151852 0.394691
0 0.240104 0.390741 0.0177083 0.062963 0.397465
0 0.447917 0.393519 0.0208333 0.0759259 0.399154
0 0.478646 0.434259 0.0260417 0.153704 0.400048
0 0.491146 0.416667 0.0447917 0.148148 0.400196
0 0.447917 0.393519 0.0208333 0.0759259 0.41475
0 0.0161458 0.461111 0.0322917 0.196296 0.416732
13 0.423438 0.64537 0.251042 0.209259 0.421241
0 0.240104 0.390741 0.0177083 0.062963 0.425767
0 0.447917 0.393519 0.0208333 0.0759259 0.427816
0 0.0161458 0.461111 0.0322917 0.192593 0.430277
13 0.423438 0.644444 0.251042 0.207407 0.441469
0 0.354167 0.393519 0.01875 0.109259 0.445975
0 0.354167 0.394444 0.01875 0.107407 0.457787
0 0.354167 0.394444 0.01875 0.107407 0.467345
0 0.448438 0.396296 0.021875 0.0851852 0.4856
0 0.448438 0.396296 0.0197917 0.0777778 0.491047
0 0.414583 0.40463 0.0270833 0.124074 0.496573
0 0.0973958 0.426852 0.028125 0.12037 0.504305
0 0.448438 0.396296 0.0197917 0.0777778 0.516216
0 0.415104 0.405556 0.0260417 0.125926 0.51868
0 0.415104 0.405556 0.0260417 0.125926 0.523234
0 0.0135417 0.462963 0.0270833 0.192593 0.525552
0 0.478646 0.427778 0.028125 0.151852 0.533365
0 0.448438 0.396296 0.0197917 0.0777778 0.535628
0 0.447917 0.393519 0.0208333 0.0759259 0.537082
0 0.478646 0.427778 0.028125 0.151852 0.54089
0 0.0135417 0.462963 0.0270833 0.192593 0.541745
0 0.503646 0.408333 0.0260417 0.135185 0.544433
0 0.447917 0.394444 0.0208333 0.0777778 0.564237
0 0.0192708 0.463889 0.0364583 0.190741 0.56925
0 0.0166667 0.462037 0.0333333 0.187037 0.570645
0 0.503125 0.407407 0.0270833 0.137037 0.572132
0 0.0979167 0.426852 0.0270833 0.12037 0.575673
0 0.447917 0.394444 0.0208333 0.0777778 0.575737
0 0.960417 0.581481 0.0791667 0.481481 0.576526
0 0.096875 0.427778 0.0270833 0.122222 0.578199
0 0.01875 0.464815 0.0375 0.192593 0.582004
0 0.096875 0.427778 0.025 0.125926 0.589552
0 0.0171875 0.462963 0.034375 0.188889 0.593471
0 0.096875 0.427778 0.0270833 0.122222 0.596586
0 0.0192708 0.463889 0.0364583 0.190741 0.60822
0 0.0177083 0.463889 0.0354167 0.190741 0.61576
0 0.503646 0.408333 0.0260417 0.138889 0.616348
0 0.0171875 0.463889 0.034375 0.190741 0.616716
0 0.096875 0.427778 0.025 0.125926 0.617676
0 0.096875 0.427778 0.025 0.125926 0.621845
0 0.0171875 0.462963 0.034375 0.188889 0.631048
0 0.0166667 0.464815 0.0333333 0.192593 0.641512
0 0.502604 0.406481 0.0260417 0.135185 0.648428
0 0.502604 0.406481 0.0260417 0.131481 0.648769
0 0.0182292 0.464815 0.0364583 0.192593 0.649076
0 0.0166667 0.464815 0.0333333 0.192593 0.65132
0 0.096875 0.426852 0.0270833 0.124074 0.65153
0 0.096875 0.427778 0.0270833 0.122222 0.669769
0 0.503125 0.409259 0.025 0.12963 0.669972
0 0.0973958 0.427778 0.0260417 0.118519 0.700213
0 0.479167 0.428704 0.03125 0.153704 0.700998
0 0.417188 0.407407 0.021875 0.118519 0.701879
0 0.478646 0.428704 0.0302083 0.153704 0.702463
0 0.416667 0.40463 0.0229167 0.12037 0.703505
0 0.478125 0.430556 0.0291667 0.153704 0.708905
0 0.417708 0.407407 0.0208333 0.118519 0.709187
0 0.417708 0.407407 0.0229167 0.118519 0.714126
0 0.0973958 0.425 0.0260417 0.12037 0.714827
0 0.0973958 0.424074 0.0260417 0.118519 0.715278
0 0.478125 0.42963 0.0291667 0.155556 0.715944
0 0.417188 0.408333 0.021875 0.116667 0.722895
0 0.416667 0.40463 0.0229167 0.12037 0.723701
0 0.0973958 0.424074 0.0260417 0.118519 0.727648
0 0.503125 0.408333 0.025 0.135185 0.729286
0 0.502604 0.406481 0.0260417 0.131481 0.730174
0 0.416667 0.40463 0.0229167 0.12037 0.731473
0 0.503125 0.409259 0.025 0.133333 0.734658
0 0.478125 0.430556 0.0291667 0.153704 0.736379
0 0.0973958 0.427778 0.0260417 0.122222 0.736548
0 0.502604 0.406481 0.0260417 0.131481 0.739193
0 0.478646 0.42963 0.0302083 0.151852 0.74205
0 0.478125 0.432407 0.0291667 0.153704 0.743871
0 0.477604 0.433333 0.0302083 0.151852 0.7449
0 0.503125 0.406481 0.025 0.135185 0.756034
0 0.478125 0.432407 0.0291667 0.15 0.757578
0 0.0973958 0.427778 0.0260417 0.122222 0.759665
0 0.478125 0.432407 0.0291667 0.15 0.761007
0 0.504167 0.408333 0.025 0.135185 0.761694
0 0.960417 0.580556 0.0791667 0.490741 0.763878
0 0.417188 0.408333 0.021875 0.116667 0.764703
0 0.960417 0.580556 0.0791667 0.494444 0.765312
0 0.961458 0.577778 0.0770833 0.485185 0.77257
0 0.096875 0.425926 0.025 0.122222 0.774377
0 0.961458 0.577778 0.0770833 0.485185 0.774412
0 0.096875 0.425926 0.025 0.122222 0.780455
0 0.096875 0.426852 0.025 0.12037 0.792078
0 0.960417 0.576852 0.0791667 0.487037 0.805393
0 0.960938 0.584259 0.078125 0.501852 0.815906
0 0.959896 0.577778 0.0802083 0.485185 0.837684
0 0.960938 0.584259 0.078125 0.498148 0.842461
0 0.959896 0.581481 0.0802083 0.485185 0.857969
0 0.959896 0.580556 0.0802083 0.487037 0.861169
