26 0.809896 0.505556 0.0427083 0.17037 0.250161
26 0.809896 0.505556 0.0427083 0.17037 0.251856
26 0.809896 0.52037 0.0385417 0.140741 0.253969
0 0.419792 0.375 0.0333333 0.131481 0.255912
26 0.811458 0.523148 0.0375 0.109259 0.257709
13 0.280729 0.509259 0.119792 0.107407 0.258804
13 0.213542 0.748148 0.210417 0.259259 0.259896
13 0.279687 0.508333 0.119792 0.109259 0.260283
13 0.214062 0.746296 0.211458 0.259259 0.260929
24 0.908854 0.582407 0.123958 0.561111 0.262768
26 0.811458 0.525926 0.0375 0.111111 0.263128
24 0.932813 0.512963 0.0760417 0.244444 0.272449
13 0.242188 0.440741 0.071875 0.103704 0.273546
26 0.811458 0.525926 0.0375 0.111111 0.273709
0 0.776563 0.588889 0.101042 0.603704 0.2764
13 0.244271 0.441667 0.071875 0.105556 0.277589
13 0.239063 0.787963 0.263542 0.338889 0.281855
0 0.424479 0.376852 0.0260417 0.127778 0.282571
0 0.286979 0.388889 0.0239583 0.125926 0.283561
0 0.421354 0.362037 0.0197917 0.101852 0.283719
0 0.422396 0.375 0.0239583 0.12037 0.284067
0 0.421875 0.375926 0.0229167 0.118519 0.284359
24 0.909375 0.580556 0.122917 0.568519 0.285092
0 0.289062 0.393519 0.028125 0.127778 0.285834
26 0.810938 0.523148 0.0385417 0.116667 0.288357
13 0.3 0.480556 0.160417 0.112963 0.28873
13 0.256771 0.807407 0.296875 0.385185 0.290259
13 0.239063 0.789815 0.263542 0.342593 0.293161
26 0.810938 0.523148 0.0364583 0.116667 0.294165
0 0.422396 0.375 0.021875 0.12037 0.296148
0 0.421354 0.361111 0.0197917 0.1 0.297761
0 0.386458 0.361111 0.0270833 0.12963 0.299298
13 0.281771 0.506481 0.123958 0.109259 0.300574
0 0.477604 0.394444 0.0260417 0.140741 0.301048
13 0.216667 0.752778 0.220833 0.272222 0.30339
13 0.244271 0.446296 0.0739583 0.118519 0.30807
0 0.477604 0.39537 0.0260417 0.138889 0.308537
13 0.256771 0.807407 0.292708 0.377778 0.308689
0 0.386458 0.360185 0.0270833 0.127778 0.309084
0 0.288542 0.392593 0.0270833 0.125926 0.313654
0 0.421354 0.374074 0.0239583 0.125926 0.314372
13 0.292708 0.487037 0.145833 0.103704 0.318026
0 0.777083 0.593518 0.102083 0.609259 0.321084
13 0.244271 0.446296 0.0739583 0.114815 0.322956
24 0.923437 0.496296 0.090625 0.248148 0.324048
13 0.242708 0.443519 0.0708333 0.109259 0.325909
0 0.389062 0.375 0.028125 0.142593 0.326254
13 0.216146 0.752778 0.219792 0.272222 0.326369
13 0.263021 0.457407 0.107292 0.122222 0.326699
13 0.292188 0.487037 0.146875 0.107407 0.327235
13 0.24375 0.446296 0.0729167 0.114815 0.328178
24 0.923437 0.496296 0.0885417 0.244444 0.329168
0 0.286979 0.388889 0.0239583 0.122222 0.330915
0 0.289583 0.392593 0.0270833 0.125926 0.331801
0 0.286979 0.388889 0.0239583 0.122222 0.333613
13 0.255729 0.8 0.303125 0.362963 0.334007
24 0.933333 0.512963 0.0729167 0.244444 0.341305
0 0.140104 0.381481 0.0239583 0.114815 0.345265
13 0.244271 0.438889 0.0697917 0.1 0.348666
0 0.453646 0.362963 0.0177083 0.1 0.34904
13 0.244792 0.438889 0.0708333 0.1 0.351202
24 0.923958 0.49537 0.0895833 0.242593 0.352688
13 0.25625 0.801852 0.3 0.362963 0.353623
0 0.453125 0.363889 0.01875 0.101852 0.360617
0 0.453646 0.369444 0.0197917 0.0944444 0.363904
13 0.242708 0.434259 0.0666667 0.0759259 0.365057
0 0.389062 0.374074 0.028125 0.140741 0.368573
13 0.242708 0.435185 0.06875 0.0925926 0.371835
0 0.140104 0.381481 0.0239583 0.111111 0.374144
13 0.242708 0.434259 0.0666667 0.0759259 0.37556
0 0.453646 0.362963 0.0177083 0.1 0.376787
26 0.811458 0.522222 0.0395833 0.133333 0.37843
0 0.899479 0.587037 0.117708 0.6 0.378541
0 0.288021 0.392593 0.0260417 0.125926 0.382074
0 0.140104 0.381481 0.0239583 0.111111 0.382452
0 0.475521 0.397222 0.028125 0.131481 0.388656
0 0.140625 0.372222 0.025 0.0925926 0.391529
0 0.453646 0.365741 0.0177083 0.101852 0.392008
13 0.242188 0.436111 0.0697917 0.0907407 0.393211
0 0.453646 0.369444 0.0197917 0.0981481 0.395477
0 0.898958 0.587963 0.116667 0.598148 0.397615
26 0.810938 0.522222 0.0385417 0.12963 0.398048
24 0.930208 0.500926 0.08125 0.242593 0.40336
0 0.502083 0.364815 0.01875 0.0814815 0.40649
0 0.388542 0.375 0.0270833 0.138889 0.407621
24 0.930208 0.501852 0.0833333 0.244444 0.408092
0 0.140625 0.372222 0.025 0.0925926 0.409735
0 0.390625 0.367593 0.025 0.124074 0.41008
0 0.2875 0.396296 0.0208333 0.122222 0.410086
0 0.588542 0.405556 0.0375 0.218519 0.414011
0 0.453646 0.37037 0.0197917 0.0962963 0.41572
13 0.24375 0.441667 0.0729167 0.105556 0.416913
0 0.477083 0.397222 0.0270833 0.135185 0.417994
0 0.140625 0.372222 0.025 0.0925926 0.419192
26 0.811458 0.521296 0.0395833 0.131481 0.419752
13 0.220833 0.768519 0.229167 0.3 0.421097
24 0.930208 0.500926 0.08125 0.242593 0.421557
0 0.140104 0.380556 0.0260417 0.109259 0.428512
0 0.588542 0.40463 0.0375 0.22037 0.429288
13 0.242708 0.438889 0.06875 0.0962963 0.43618
0 0.778646 0.597222 0.103125 0.598148 0.43812
0 0.421875 0.373148 0.0208333 0.12037 0.438686
0 0.388542 0.375 0.0270833 0.142593 0.44181
13 0.21875 0.760185 0.225 0.287037 0.442514
0 0.140104 0.37963 0.0260417 0.107407 0.442546
0 0.502604 0.363889 0.0177083 0.087037 0.44591
0 0.288542 0.391667 0.0229167 0.124074 0.448484
13 0.242708 0.438889 0.06875 0.0962963 0.450359
0 0.389062 0.375 0.0239583 0.127778 0.450819
0 0.903646 0.582407 0.121875 0.587037 0.45203
13 0.219271 0.759259 0.226042 0.281481 0.456988
0 0.289583 0.393519 0.025 0.127778 0.458521
0 0.421875 0.374074 0.0208333 0.122222 0.46092
0 0.139583 0.380556 0.0270833 0.109259 0.464308
0 0.475521 0.398148 0.0302083 0.144444 0.466238
0 0.390104 0.367593 0.0260417 0.124074 0.4668
0 0.502083 0.363889 0.01875 0.0833333 0.469492
0 0.390625 0.368519 0.025 0.125926 0.474772
0 0.501042 0.365741 0.01875 0.0907407 0.477547
0 0.421875 0.373148 0.0208333 0.12037 0.482104
0 0.502083 0.363889 0.01875 0.0833333 0.485962
0 0.502083 0.363889 0.01875 0.087037 0.486913
0 0.502083 0.363889 0.01875 0.087037 0.488309
24 0.926042 0.505556 0.0916667 0.255556 0.492807
0 0.288542 0.391667 0.0229167 0.12037 0.493473
0 0.288542 0.390741 0.0229167 0.122222 0.497278
0 0.502604 0.363889 0.0177083 0.087037 0.498604
0 0.389062 0.375926 0.0239583 0.12963 0.504817
0 0.779167 0.596296 0.102083 0.603704 0.504915
24 0.929688 0.507407 0.0802083 0.248148 0.514306
24 0.929688 0.508333 0.0822917 0.25 0.515162
0 0.389062 0.375926 0.0239583 0.12963 0.515613
24 0.926042 0.505556 0.0895833 0.255556 0.517475
0 0.139583 0.380556 0.025 0.109259 0.517821
0 0.477604 0.398148 0.028125 0.144444 0.518715
0 0.478125 0.398148 0.03125 0.144444 0.520058
24 0.930208 0.507407 0.08125 0.248148 0.526692
24 0.926042 0.50463 0.0916667 0.253704 0.530386
0 0.139583 0.37963 0.025 0.107407 0.534644
0 0.477604 0.397222 0.028125 0.146296 0.540035
0 0.288021 0.394444 0.021875 0.118519 0.545897
13 0.250521 0.803704 0.284375 0.374074 0.546309
0 0.477604 0.399074 0.0302083 0.142593 0.547178
0 0.288021 0.39537 0.021875 0.116667 0.548047
0 0.898438 0.591667 0.113542 0.590741 0.549303
0 0.389583 0.374074 0.025 0.140741 0.550106
0 0.288021 0.39537 0.021875 0.116667 0.551498
0 0.288021 0.392593 0.0239583 0.118519 0.56083
0 0.2875 0.394444 0.0229167 0.118519 0.561323
13 0.251042 0.802778 0.283333 0.375926 0.563075
0 0.898438 0.589815 0.111458 0.587037 0.564096
0 0.2875 0.394444 0.0229167 0.118519 0.564439
0 0.478125 0.398148 0.03125 0.144444 0.564551
0 0.389583 0.374074 0.0229167 0.12963 0.564834
13 0.250521 0.803704 0.284375 0.374074 0.56548
0 0.904167 0.582407 0.122917 0.587037 0.570828
0 0.139062 0.37963 0.0260417 0.111111 0.571185
0 0.478125 0.397222 0.03125 0.142593 0.575075
0 0.90625 0.580556 0.122917 0.624074 0.57775
0 0.903646 0.588889 0.119792 0.592593 0.579574
0 0.477083 0.397222 0.03125 0.142593 0.581171
0 0.903125 0.590741 0.120833 0.588889 0.582498
0 0.475521 0.399074 0.028125 0.138889 0.590223
0 0.900521 0.582407 0.115625 0.612963 0.591216
0 0.475521 0.399074 0.028125 0.138889 0.596791
0 0.389583 0.374074 0.025 0.140741 0.603105
0 0.288021 0.391667 0.0239583 0.124074 0.613274
0 0.389583 0.374074 0.0229167 0.12963 0.61426
0 0.905729 0.583333 0.123958 0.607407 0.616433
0 0.9 0.585185 0.116667 0.603704 0.618743
0 0.140104 0.378704 0.0260417 0.109259 0.624594
0 0.389583 0.374074 0.0229167 0.12963 0.625047
24 0.928646 0.509259 0.0864583 0.251852 0.63026
0 0.476562 0.398148 0.028125 0.140741 0.631986
0 0.477083 0.397222 0.03125 0.142593 0.634342
24 0.929167 0.510185 0.0854167 0.246296 0.636104
0 0.476562 0.398148 0.028125 0.140741 0.646094
0 0.90625 0.584259 0.127083 0.601852 0.64811
0 0.589063 0.403704 0.040625 0.222222 0.649773
0 0.139583 0.37963 0.025 0.107407 0.659862
0 0.589063 0.40463 0.040625 0.22037 0.660759
0 0.589063 0.403704 0.040625 0.222222 0.665067
0 0.905729 0.583333 0.123958 0.607407 0.672016
13 0.249479 0.801852 0.284375 0.366667 0.674457
0 0.140104 0.380556 0.0239583 0.105556 0.674685
0 0.140104 0.37963 0.0260417 0.107407 0.67723
13 0.248958 0.800926 0.283333 0.368519 0.685275
13 0.248958 0.801852 0.285417 0.37037 0.689776
0 0.139583 0.380556 0.025 0.109259 0.691307
0 0.778646 0.591667 0.103125 0.590741 0.697295
0 0.140104 0.37963 0.0260417 0.107407 0.702798
0 0.139583 0.380556 0.025 0.109259 0.717369
0 0.778646 0.593518 0.103125 0.594444 0.719522
0 0.139583 0.380556 0.025 0.109259 0.732118
0 0.777604 0.598148 0.101042 0.614815 0.736459
0 0.777604 0.597222 0.101042 0.609259 0.750557
0 0.139583 0.380556 0.025 0.109259 0.756739
0 0.778646 0.59537 0.103125 0.594444 0.761375
0 0.589583 0.40463 0.0395833 0.224074 0.777038
0 0.589583 0.403704 0.0395833 0.222222 0.777932
0 0.588542 0.405556 0.0395833 0.218519 0.791326
0 0.777604 0.592593 0.103125 0.614815 0.803731
0 0.778125 0.593518 0.104167 0.612963 0.814669
0 0.588021 0.405556 0.0385417 0.218519 0.814678
0 0.588021 0.405556 0.0385417 0.222222 0.818973
0 0.778646 0.591667 0.103125 0.590741 0.821
0 0.588542 0.402778 0.0395833 0.224074 0.830504
0 0.589063 0.403704 0.0385417 0.218519 0.831348
0 0.588542 0.402778 0.0375 0.224074 0.835361
0 0.589063 0.402778 0.0385417 0.22037 0.854531
0 0.778646 0.594444 0.103125 0.6 0.85983
0 0.589063 0.402778 0.0385417 0.22037 0.86932
0 0.778646 0.594444 0.103125 0.6 0.873127
