0 0.0328125 0.328704 0.015625 0.0796296 0.251222
24 0.960417 0.4 0.0666667 0.174074 0.252003
0 0.602604 0.34537 0.028125 0.12037 0.25509
24 0.956771 0.398148 0.0739583 0.196296 0.256638
0 0.602604 0.34537 0.028125 0.124074 0.257152
0 0.401042 0.349074 0.03125 0.146296 0.259444
24 0.960417 0.4 0.0666667 0.174074 0.260238
0 0.602083 0.362037 0.0270833 0.116667 0.265224
0 0.538542 0.326852 0.01875 0.0759259 0.267761
0 0.5375 0.32963 0.0166667 0.0703704 0.269588
0 0.538021 0.326852 0.0177083 0.0685185 0.272241
0 0.602083 0.362037 0.025 0.116667 0.274196
0 0.538542 0.326852 0.0166667 0.0685185 0.274562
0 0.402083 0.348148 0.0291667 0.148148 0.276385
24 0.957292 0.392593 0.0708333 0.192593 0.27912
24 0.957292 0.392593 0.0729167 0.188889 0.281997
0 0.904688 0.474074 0.0864583 0.611111 0.284446
0 0.399479 0.34537 0.0322917 0.127778 0.288275
0 0.905208 0.474074 0.0854167 0.611111 0.288367
0 0.665104 0.344444 0.0260417 0.137037 0.301184
0 0.399479 0.342593 0.0364583 0.12963 0.301613
0 0.666146 0.339815 0.021875 0.124074 0.303182
0 0.538542 0.326852 0.0166667 0.0685185 0.305719
0 0.666146 0.339815 0.021875 0.124074 0.314561
0 0.901563 0.462037 0.105208 0.616667 0.316129
0 0.446875 0.359259 0.0270833 0.125926 0.325252
0 0.665104 0.343519 0.0260417 0.127778 0.325618
0 0.397917 0.341667 0.0354167 0.124074 0.358943
24 0.958333 0.399074 0.0708333 0.17963 0.36016
24 0.957812 0.399074 0.071875 0.175926 0.362543
0 0.665625 0.343519 0.025 0.127778 0.362761
0 0.901563 0.462963 0.105208 0.6 0.369969
0 0.602083 0.357407 0.0270833 0.118519 0.372348
0 0.665625 0.343519 0.025 0.131481 0.378743
0 0.446875 0.361111 0.0270833 0.133333 0.390509
24 0.95625 0.398148 0.075 0.196296 0.397457
24 0.95625 0.398148 0.075 0.196296 0.397765
0 0.446875 0.360185 0.0270833 0.124074 0.402125
24 0.95625 0.399074 0.075 0.198148 0.402671
0 0.398958 0.346296 0.0333333 0.12963 0.405164
0 0.666146 0.343519 0.0239583 0.127778 0.409391
0 0.397396 0.341667 0.0364583 0.127778 0.411332
0 0.398958 0.346296 0.0333333 0.12963 0.413052
0 0.891146 0.459259 0.0989583 0.6 0.420435
0 0.446875 0.361111 0.0270833 0.133333 0.424661
0 0.602083 0.358333 0.0270833 0.124074 0.426087
0 0.602083 0.358333 0.0270833 0.116667 0.428901
0 0.397396 0.342593 0.0364583 0.125926 0.432121
24 0.956771 0.396296 0.0760417 0.2 0.435065
0 0.602604 0.358333 0.0260417 0.12037 0.437032
0 0.666146 0.343519 0.0239583 0.127778 0.437321
0 0.665625 0.338889 0.0229167 0.122222 0.439942
0 0.873958 0.466667 0.135417 0.588889 0.444057
24 0.955729 0.393519 0.078125 0.209259 0.459603
0 0.873958 0.465741 0.135417 0.583333 0.463827
0 0.445833 0.362963 0.025 0.133333 0.473017
24 0.955729 0.394444 0.078125 0.207407 0.473828
24 0.95625 0.396296 0.075 0.2 0.474058
0 0.845312 0.44537 0.090625 0.531482 0.474366
0 0.399479 0.342593 0.0364583 0.137037 0.479626
0 0.602083 0.356481 0.0270833 0.12037 0.480364
0 0.665104 0.342593 0.0239583 0.125926 0.482624
0 0.602083 0.357407 0.0270833 0.125926 0.485837
0 0.446354 0.359259 0.0239583 0.118519 0.486272
0 0.399479 0.342593 0.0364583 0.137037 0.489979
0 0.602083 0.357407 0.0270833 0.125926 0.490242
0 0.446354 0.359259 0.0239583 0.118519 0.495316
0 0.446354 0.358333 0.0239583 0.12037 0.495742
0 0.447396 0.360185 0.0260417 0.124074 0.497638
0 0.891146 0.460185 0.0989583 0.587037 0.497794
0 0.447396 0.361111 0.0260417 0.133333 0.504491
0 0.602604 0.355556 0.028125 0.125926 0.508916
0 0.446354 0.361111 0.0260417 0.133333 0.514706
0 0.602604 0.357407 0.028125 0.118519 0.518616
0 0.602083 0.356481 0.0291667 0.124074 0.519374
0 0.897396 0.47037 0.096875 0.603704 0.528704
24 0.954167 0.397222 0.0791667 0.201852 0.528936
0 0.4 0.344444 0.0333333 0.140741 0.532221
24 0.954687 0.397222 0.0802083 0.201852 0.534382
0 0.602604 0.355556 0.028125 0.125926 0.53448
0 0.400521 0.34537 0.034375 0.138889 0.538282
0 0.602604 0.355556 0.028125 0.125926 0.540225
0 0.602083 0.357407 0.0270833 0.118519 0.54035
24 0.954167 0.396296 0.0791667 0.203704 0.54202
0 0.445833 0.362037 0.025 0.138889 0.545905
0 0.665104 0.343519 0.0239583 0.131481 0.551846
0 0.844792 0.44537 0.0895833 0.538889 0.552919
0 0.665104 0.343519 0.0239583 0.127778 0.554991
0 0.665104 0.344444 0.0239583 0.133333 0.559673
0 0.602083 0.356481 0.0270833 0.124074 0.560026
0 0.445833 0.362037 0.025 0.138889 0.560166
0 0.665625 0.343519 0.0229167 0.127778 0.568449
0 0.601562 0.356481 0.028125 0.124074 0.572931
0 0.446875 0.359259 0.025 0.125926 0.575127
0 0.839583 0.444444 0.08125 0.496296 0.589797
0 0.4 0.342593 0.0333333 0.137037 0.590833
0 0.895833 0.468519 0.0916667 0.614815 0.600111
0 0.399479 0.343519 0.034375 0.138889 0.608747
0 0.895833 0.467593 0.0916667 0.612963 0.609608
0 0.897396 0.47037 0.096875 0.603704 0.613355
0 0.399479 0.342593 0.034375 0.137037 0.6246
0 0.446875 0.359259 0.025 0.125926 0.629605
0 0.446875 0.359259 0.025 0.125926 0.630756
0 0.399479 0.34537 0.034375 0.142593 0.660732
0 0.399479 0.34537 0.034375 0.142593 0.663973
0 0.839583 0.444444 0.08125 0.496296 0.666567
0 0.898438 0.466667 0.0947917 0.6 0.681766
0 0.898958 0.468519 0.0916667 0.603704 0.682171
0 0.398958 0.34537 0.0333333 0.142593 0.693587
0 0.446354 0.361111 0.0239583 0.133333 0.696374
0 0.446875 0.361111 0.025 0.12963 0.70397
0 0.892708 0.468519 0.102083 0.596296 0.77101
0 0.892708 0.469444 0.1 0.612963 0.772778
0 0.843229 0.448148 0.0864583 0.518519 0.778737
0 0.842188 0.44537 0.084375 0.505556 0.786495
0 0.842188 0.44537 0.084375 0.516667 0.78791
0 0.842188 0.448148 0.084375 0.511111 0.809865
0 0.841146 0.446296 0.0822917 0.507407 0.831893
0 0.841667 0.446296 0.08125 0.507407 0.835669
