0 0.501042 0.362037 0.025 0.124074 0.25029
1 0.975521 0.396296 0.046875 0.133333 0.251787
0 0.502604 0.34537 0.0239583 0.12037 0.254636
0 0.719792 0.387963 0.0666667 0.298148 0.255951
0 0.452083 0.35 0.025 0.137037 0.256371
1 0.975521 0.396296 0.046875 0.133333 0.261026
24 0.749479 0.340741 0.0385417 0.148148 0.262336
1 0.976562 0.396296 0.0447917 0.133333 0.266755
0 0.546875 0.323148 0.0145833 0.0648148 0.268484
0 0.547396 0.323148 0.015625 0.0685185 0.269156
0 0.525521 0.344444 0.0239583 0.1 0.27086
0 0.501042 0.355556 0.0291667 0.133333 0.27117
0 0.519792 0.349074 0.0229167 0.101852 0.273068
0 0.501042 0.362037 0.025 0.127778 0.279304
0 0.501042 0.362037 0.025 0.127778 0.280105
0 0.398958 0.317593 0.01875 0.0796296 0.280512
0 0.545313 0.324074 0.015625 0.0666667 0.280627
0 0.502604 0.355556 0.0302083 0.12963 0.290206
0 0.707292 0.384259 0.0458333 0.290741 0.291002
0 0.502604 0.346296 0.0239583 0.122222 0.292138
0 0.626042 0.35 0.0291667 0.133333 0.292289
0 0.185417 0.401852 0.0479167 0.251852 0.294333
0 0.502604 0.346296 0.0239583 0.122222 0.29703
0 0.497917 0.360185 0.0270833 0.135185 0.30075
0 0.1875 0.415741 0.0458333 0.275926 0.301328
26 0.173958 0.373148 0.025 0.0833333 0.302536
0 0.626042 0.35 0.0291667 0.12963 0.302881
24 0.752604 0.34537 0.0322917 0.101852 0.304204
0 0.707292 0.384259 0.04375 0.287037 0.304696
0 0.398958 0.317593 0.01875 0.0796296 0.305617
0 0.624479 0.349074 0.0302083 0.127778 0.308939
0 0.498437 0.359259 0.028125 0.133333 0.31119
24 0.752604 0.344444 0.0322917 0.103704 0.312983
0 0.55 0.324074 0.0125 0.0592593 0.313114
26 0.173438 0.37037 0.0239583 0.0888889 0.313566
24 0.753125 0.349074 0.03125 0.0944444 0.316225
0 0.400521 0.325 0.015625 0.0685185 0.317184
24 0.752604 0.348148 0.0322917 0.0962963 0.317202
0 0.549479 0.324074 0.0135417 0.0592593 0.317874
0 0.624479 0.348148 0.0302083 0.125926 0.320926
0 0.626042 0.351852 0.0291667 0.12963 0.321249
24 0.752604 0.344444 0.0322917 0.103704 0.325317
24 0.753125 0.348148 0.03125 0.0962963 0.326776
0 0.519792 0.349074 0.0229167 0.105556 0.32927
0 0.185417 0.403704 0.05 0.251852 0.329337
26 0.172917 0.369444 0.025 0.087037 0.330099
0 0.707292 0.383333 0.04375 0.285185 0.330603
0 0.398958 0.317593 0.01875 0.0796296 0.331149
0 0.188021 0.410185 0.053125 0.27963 0.333129
0 0.401042 0.318519 0.0166667 0.0814815 0.334247
0 0.519271 0.348148 0.021875 0.103704 0.334768
0 0.546354 0.323148 0.0135417 0.0648148 0.33614
0 0.501042 0.355556 0.0270833 0.133333 0.343724
0 0.626042 0.351852 0.0291667 0.12963 0.345405
0 0.186979 0.415741 0.046875 0.275926 0.347045
0 0.626562 0.351852 0.028125 0.12963 0.349458
26 0.172917 0.37037 0.025 0.0888889 0.353137
0 0.189063 0.412037 0.053125 0.27963 0.35384
0 0.624479 0.350926 0.028125 0.131481 0.363099
0 0.546354 0.323148 0.0135417 0.0648148 0.365801
0 0.452604 0.348148 0.0260417 0.137037 0.3665
0 0.705208 0.384259 0.0395833 0.290741 0.371699
0 0.400521 0.325926 0.0177083 0.0703704 0.374226
0 0.402083 0.316667 0.01875 0.0814815 0.37874
0 0.705208 0.384259 0.0395833 0.287037 0.380607
0 0.504167 0.355556 0.0270833 0.12963 0.382585
0 0.705208 0.385185 0.0395833 0.281481 0.383211
0 0.547396 0.323148 0.0135417 0.0648148 0.383561
0 0.0947917 0.523148 0.179167 0.609259 0.387241
0 0.1875 0.410185 0.05 0.257407 0.388424
0 0.4 0.325926 0.0166667 0.0703704 0.391934
0 0.402083 0.316667 0.01875 0.0814815 0.394546
24 0.750521 0.341667 0.0364583 0.112963 0.401766
0 0.624479 0.350926 0.028125 0.131481 0.406424
0 0.402083 0.316667 0.01875 0.0814815 0.410215
0 0.547396 0.323148 0.0135417 0.0648148 0.414853
0 0.729167 0.384259 0.0729167 0.305556 0.419622
0 0.500521 0.356481 0.028125 0.135185 0.420316
0 0.184896 0.407407 0.0489583 0.27037 0.421359
0 0.402604 0.317593 0.0177083 0.0759259 0.422607
24 0.750521 0.341667 0.0364583 0.109259 0.425714
0 0.501042 0.355556 0.025 0.125926 0.433781
0 0.401042 0.324074 0.0166667 0.0703704 0.434696
0 0.501562 0.355556 0.0260417 0.133333 0.438456
0 0.624479 0.350926 0.028125 0.131481 0.438506
0 0.401563 0.324074 0.015625 0.0666667 0.441513
0 0.501042 0.357407 0.025 0.125926 0.457695
0 0.378125 0.335185 0.0229167 0.111111 0.461545
0 0.090625 0.513889 0.177083 0.627778 0.472382
24 0.751042 0.341667 0.0354167 0.109259 0.47401
0 0.730729 0.384259 0.0697917 0.305556 0.474799
0 0.718229 0.386111 0.0635417 0.312963 0.488114
0 0.707292 0.383333 0.0416667 0.307407 0.49724
0 0.401563 0.324074 0.015625 0.0666667 0.501207
0 0.501562 0.355556 0.0260417 0.12963 0.515398
0 0.501562 0.355556 0.0260417 0.12963 0.517298
0 0.1875 0.412963 0.05 0.277778 0.518541
0 0.1875 0.412963 0.05 0.277778 0.525113
0 0.0916667 0.515741 0.18125 0.62037 0.525703
0 0.1875 0.412963 0.05 0.277778 0.526749
0 0.500521 0.356481 0.0260417 0.135185 0.534222
0 0.729688 0.389815 0.0739583 0.309259 0.566127
0 0.453125 0.348148 0.0270833 0.155556 0.58072
0 0.501042 0.357407 0.025 0.133333 0.584722
0 0.501042 0.357407 0.025 0.133333 0.585108
0 0.500521 0.357407 0.0260417 0.133333 0.585368
0 0.727604 0.387037 0.0739583 0.303704 0.592146
0 0.717708 0.389815 0.0666667 0.305556 0.599004
0 0.730729 0.388889 0.0697917 0.318519 0.604765
0 0.724479 0.385185 0.071875 0.3 0.610912
0 0.0911458 0.514815 0.178125 0.622222 0.616335
0 0.453125 0.348148 0.0270833 0.151852 0.621207
0 0.377604 0.338889 0.0197917 0.103704 0.628096
0 0.724479 0.385185 0.071875 0.3 0.632088
0 0.377083 0.337963 0.0208333 0.105556 0.634147
0 0.727083 0.387037 0.0729167 0.307407 0.636559
0 0.625521 0.350926 0.028125 0.127778 0.651628
0 0.724479 0.385185 0.071875 0.3 0.654454
0 0.377604 0.337963 0.0197917 0.105556 0.660448
0 0.453125 0.350926 0.0270833 0.153704 0.661272
0 0.730208 0.385185 0.06875 0.303704 0.668105
0 0.0947917 0.523148 0.1875 0.612963 0.670621
0 0.377604 0.337963 0.021875 0.109259 0.672071
0 0.377604 0.337963 0.0197917 0.105556 0.672739
0 0.453125 0.349074 0.0270833 0.153704 0.673733
0 0.453125 0.350926 0.025 0.146296 0.676196
0 0.453125 0.35 0.025 0.148148 0.677008
0 0.625 0.35 0.0291667 0.12963 0.679636
0 0.377083 0.337963 0.0208333 0.105556 0.684613
0 0.377083 0.337963 0.0208333 0.105556 0.684739
0 0.727083 0.386111 0.0708333 0.301852 0.690626
0 0.730208 0.385185 0.06875 0.303704 0.693079
0 0.453125 0.348148 0.025 0.155556 0.69954
0 0.453125 0.349074 0.0270833 0.153704 0.713332
0 0.376563 0.336111 0.021875 0.109259 0.713554
0 0.730208 0.386111 0.06875 0.305556 0.715854
0 0.377083 0.337963 0.0208333 0.105556 0.716636
0 0.625 0.350926 0.0270833 0.127778 0.720171
0 0.625 0.351852 0.0291667 0.125926 0.724502
0 0.453125 0.350926 0.0270833 0.153704 0.731525
0 0.453125 0.35 0.0270833 0.155556 0.734362
0 0.625 0.350926 0.0270833 0.127778 0.735155
0 0.377083 0.337963 0.0208333 0.105556 0.737521
0 0.09375 0.519444 0.185417 0.594444 0.740534
0 0.625 0.351852 0.0291667 0.125926 0.743255
0 0.625521 0.350926 0.028125 0.131481 0.74375
0 0.377083 0.337963 0.0208333 0.105556 0.746853
0 0.625521 0.350926 0.028125 0.131481 0.750493
0 0.727083 0.387037 0.0708333 0.307407 0.753827
0 0.452604 0.349074 0.0260417 0.142593 0.765366
0 0.452604 0.349074 0.0260417 0.142593 0.766901
0 0.625 0.351852 0.0291667 0.125926 0.768041
0 0.625 0.350926 0.0291667 0.127778 0.787474
0 0.625 0.350926 0.0291667 0.127778 0.789706
0 0.453125 0.350926 0.0270833 0.153704 0.790643
0 0.09375 0.52037 0.185417 0.596296 0.81379
0 0.625 0.351852 0.0291667 0.12963 0.817894
0 0.452604 0.349074 0.0260417 0.15 0.837809
0 0.0932292 0.52037 0.186458 0.6 0.842036
0 0.452604 0.349074 0.0260417 0.146296 0.84436
0 0.0921875 0.52037 0.184375 0.603704 0.897071
0 0.0927083 0.52037 0.185417 0.603704 0.900035
0 0.09375 0.516667 0.185417 0.625926 0.900269
0 0.0927083 0.519444 0.185417 0.605556 0.903952
0 0.0921875 0.52037 0.184375 0.603704 0.911951
0 0.0921875 0.519444 0.184375 0.601852 0.915345
0 0.0921875 0.519444 0.184375 0.601852 0.923306
