13 0.240625 0.819444 0.435417 0.346296 0.251267
0 0.49375 0.322222 0.0229167 0.107407 0.252634
0 0.0364583 0.341667 0.0604167 0.17963 0.254852
0 0.789583 0.389815 0.0833333 0.424074 0.255367
0 0.493229 0.326852 0.021875 0.0981481 0.256341
0 0.49375 0.327778 0.0229167 0.1 0.257867
0 0.476562 0.328704 0.0260417 0.0944444 0.258091
0 0.790104 0.375 0.0739583 0.405556 0.258968
13 0.240625 0.819444 0.435417 0.35 0.260114
0 0.789583 0.388889 0.0854167 0.42963 0.26111
0 0.479688 0.330556 0.0322917 0.0944444 0.264494
0 0.789583 0.388889 0.0833333 0.433333 0.26521
0 0.382812 0.30463 0.0135417 0.0796296 0.26606
0 0.485938 0.324074 0.0302083 0.103704 0.266933
0 0.0921875 0.311111 0.021875 0.0814815 0.267202
13 0.240104 0.819444 0.436458 0.35 0.269321
0 0.0927083 0.312037 0.0208333 0.0833333 0.270108
0 0.49375 0.323148 0.0229167 0.105556 0.272686
24 0.813542 0.327778 0.0458333 0.137037 0.276904
0 0.472917 0.327778 0.025 0.1 0.278751
13 0.238542 0.819444 0.435417 0.346296 0.281434
13 0.239063 0.819444 0.436458 0.346296 0.281469
0 0.49375 0.324074 0.0229167 0.103704 0.282582
13 0.238542 0.818519 0.435417 0.344444 0.284395
0 0.480729 0.322222 0.021875 0.107407 0.286317
0 0.480208 0.323148 0.0229167 0.105556 0.291146
0 0.476562 0.328704 0.0260417 0.0981481 0.291652
0 0.476562 0.328704 0.0260417 0.0981481 0.294478
0 0.446354 0.330556 0.0260417 0.138889 0.295958
0 0.0927083 0.312037 0.0208333 0.0833333 0.299353
0 0.526563 0.293519 0.015625 0.0722222 0.300212
0 0.480729 0.323148 0.021875 0.105556 0.30239
0 0.0598958 0.315741 0.021875 0.105556 0.303318
0 0.523438 0.29537 0.0197917 0.0759259 0.314707
0 0.397396 0.322222 0.0302083 0.155556 0.316477
0 0.790625 0.389815 0.0833333 0.412963 0.316686
0 0.525521 0.293519 0.015625 0.0685185 0.319636
0 0.0598958 0.316667 0.021875 0.111111 0.320422
0 0.397396 0.322222 0.0302083 0.155556 0.322967
0 0.400521 0.328704 0.028125 0.157407 0.323101
0 0.0598958 0.315741 0.021875 0.109259 0.325299
24 0.814062 0.327778 0.046875 0.133333 0.329345
0 0.783333 0.392593 0.075 0.414815 0.338743
0 0.473437 0.327778 0.0239583 0.1 0.34195
0 0.783854 0.391667 0.0739583 0.412963 0.344295
0 0.473437 0.328704 0.0239583 0.101852 0.345151
0 0.783333 0.392593 0.075 0.414815 0.346546
0 0.0609375 0.311111 0.021875 0.103704 0.357916
0 0.0619792 0.312963 0.021875 0.103704 0.367656
0 0.523958 0.29537 0.0166667 0.0722222 0.372571
24 0.813021 0.321296 0.0489583 0.153704 0.372686
0 0.0619792 0.312963 0.021875 0.103704 0.375298
0 0.525 0.294444 0.01875 0.0703704 0.377051
0 0.525 0.294444 0.01875 0.0703704 0.377448
0 0.591146 0.317593 0.0260417 0.127778 0.379819
0 0.0619792 0.312963 0.021875 0.103704 0.380972
24 0.813021 0.321296 0.0489583 0.153704 0.385069
0 0.775521 0.387037 0.0927083 0.411111 0.390471
0 0.400521 0.328704 0.028125 0.153704 0.393588
0 0.524479 0.29537 0.0177083 0.0722222 0.395916
0 0.401042 0.327778 0.0270833 0.155556 0.397491
0 0.623958 0.314815 0.0229167 0.107407 0.404756
0 0.0932292 0.309259 0.021875 0.0814815 0.405299
0 0.525 0.294444 0.01875 0.0666667 0.408323
0 0.445833 0.332407 0.025 0.127778 0.408765
0 0.523958 0.29537 0.0166667 0.0722222 0.413087
24 0.813542 0.322222 0.0479167 0.144444 0.42328
0 0.0927083 0.311111 0.0208333 0.0814815 0.431976
24 0.813542 0.323148 0.0479167 0.142593 0.435948
0 0.786979 0.389815 0.0885417 0.42037 0.440355
0 0.0927083 0.308333 0.0229167 0.0796296 0.446728
0 0.591667 0.322222 0.0270833 0.125926 0.454131
0 0.525521 0.294444 0.0177083 0.0703704 0.458202
0 0.0932292 0.308333 0.021875 0.0796296 0.458575
0 0.0932292 0.309259 0.021875 0.0814815 0.466045
0 0.445833 0.32963 0.025 0.144444 0.473349
0 0.0932292 0.308333 0.021875 0.0796296 0.473964
0 0.446354 0.333333 0.028125 0.151852 0.474115
0 0.591667 0.318519 0.025 0.133333 0.477706
0 0.591667 0.318519 0.025 0.133333 0.480941
0 0.445833 0.328704 0.025 0.142593 0.481422
0 0.446354 0.334259 0.028125 0.153704 0.481974
0 0.591667 0.321296 0.0270833 0.127778 0.502846
0 0.400521 0.324074 0.028125 0.155556 0.508574
24 0.8125 0.326852 0.05 0.138889 0.511038
0 0.400521 0.325 0.028125 0.153704 0.511655
0 0.446354 0.330556 0.028125 0.153704 0.523112
0 0.445833 0.332407 0.0270833 0.153704 0.527873
0 0.034375 0.338889 0.0645833 0.181481 0.536978
0 0.780208 0.387963 0.0875 0.416667 0.540225
24 0.814062 0.327778 0.046875 0.151852 0.543144
0 0.445312 0.332407 0.0239583 0.135185 0.544092
0 0.445833 0.332407 0.025 0.135185 0.545422
0 0.0338542 0.339815 0.0635417 0.187037 0.553581
0 0.399479 0.328704 0.0302083 0.157407 0.553723
24 0.814062 0.327778 0.046875 0.144444 0.563914
24 0.814062 0.326852 0.046875 0.15 0.564928
0 0.034375 0.340741 0.0645833 0.188889 0.568921
0 0.0354167 0.337963 0.0645833 0.183333 0.57241
0 0.034375 0.337963 0.0645833 0.183333 0.575107
24 0.814583 0.324074 0.0479167 0.144444 0.57667
24 0.814062 0.328704 0.046875 0.142593 0.577933
24 0.814062 0.324074 0.046875 0.140741 0.588232
0 0.592188 0.321296 0.0260417 0.124074 0.596449
0 0.4 0.328704 0.0291667 0.157407 0.596638
0 0.592188 0.321296 0.0260417 0.127778 0.602842
0 0.591667 0.32037 0.025 0.125926 0.604468
24 0.814583 0.324074 0.0479167 0.140741 0.607586
0 0.446354 0.331481 0.0260417 0.151852 0.609262
0 0.445833 0.331481 0.0270833 0.155556 0.610014
0 0.624479 0.309259 0.021875 0.0962963 0.611475
0 0.751562 0.382407 0.0614583 0.394444 0.619112
0 0.0359375 0.337963 0.0635417 0.17963 0.623585
0 0.4 0.32963 0.0291667 0.155556 0.627388
0 0.401042 0.32963 0.0291667 0.159259 0.63092
0 0.750521 0.380556 0.0614583 0.394444 0.631028
0 0.74375 0.375926 0.0520833 0.37037 0.634314
0 0.446354 0.330556 0.0260417 0.15 0.634507
0 0.0359375 0.337963 0.0635417 0.175926 0.63729
24 0.814062 0.326852 0.046875 0.142593 0.638912
0 0.750521 0.380556 0.0614583 0.398148 0.63902
0 0.591146 0.321296 0.0239583 0.127778 0.641195
0 0.624479 0.309259 0.021875 0.0962963 0.646728
0 0.0354167 0.337963 0.0645833 0.17963 0.647704
24 0.814062 0.326852 0.046875 0.142593 0.648114
0 0.624479 0.309259 0.021875 0.0962963 0.650036
0 0.0359375 0.337037 0.0635417 0.177778 0.654806
24 0.814062 0.326852 0.046875 0.142593 0.658785
0 0.0354167 0.337963 0.0645833 0.17963 0.659279
0 0.400521 0.328704 0.028125 0.161111 0.666658
0 0.784375 0.388889 0.075 0.422222 0.675906
0 0.623958 0.310185 0.0208333 0.0981481 0.678358
0 0.401042 0.328704 0.0291667 0.161111 0.679265
0 0.591146 0.321296 0.0239583 0.127778 0.679591
0 0.445833 0.331481 0.0270833 0.151852 0.681408
0 0.591146 0.32037 0.0239583 0.125926 0.682782
0 0.401042 0.326852 0.0270833 0.153704 0.690579
0 0.034375 0.338889 0.0625 0.181481 0.692142
0 0.401042 0.326852 0.0270833 0.15 0.694281
0 0.623958 0.311111 0.0208333 0.1 0.695361
0 0.366667 0.314815 0.0208333 0.111111 0.69876
0 0.034375 0.337963 0.0625 0.183333 0.702963
0 0.744792 0.376852 0.0520833 0.372222 0.703162
0 0.591667 0.32037 0.025 0.133333 0.705757
0 0.034375 0.337963 0.0625 0.183333 0.708506
0 0.591667 0.321296 0.025 0.131481 0.718146
0 0.366667 0.315741 0.0208333 0.109259 0.718588
0 0.744271 0.376852 0.0489583 0.361111 0.721911
0 0.366667 0.315741 0.0208333 0.109259 0.722165
0 0.624479 0.311111 0.021875 0.1 0.723405
0 0.366146 0.315741 0.0197917 0.105556 0.72687
0 0.624479 0.311111 0.021875 0.1 0.72798
0 0.366146 0.317593 0.0197917 0.105556 0.729111
0 0.744792 0.376852 0.0479167 0.357407 0.736366
0 0.366667 0.316667 0.0208333 0.107407 0.740557
0 0.744792 0.377778 0.0479167 0.359259 0.745041
0 0.366146 0.316667 0.0197917 0.107407 0.746585
0 0.445833 0.331481 0.025 0.155556 0.747941
0 0.366146 0.316667 0.0197917 0.107407 0.751433
0 0.591667 0.321296 0.025 0.124074 0.752898
0 0.446354 0.32963 0.0260417 0.148148 0.760264
0 0.366146 0.314815 0.0197917 0.111111 0.767179
0 0.591667 0.321296 0.025 0.127778 0.768852
0 0.366146 0.314815 0.0197917 0.111111 0.768995
0 0.0354167 0.338889 0.0645833 0.185185 0.773425
0 0.446354 0.32963 0.0260417 0.144444 0.776432
0 0.0359375 0.339815 0.065625 0.183333 0.780065
0 0.400521 0.327778 0.0260417 0.159259 0.790154
0 0.034375 0.338889 0.0625 0.181481 0.795228
0 0.400521 0.327778 0.0260417 0.155556 0.797361
0 0.0348958 0.337037 0.0614583 0.181481 0.798814
0 0.784375 0.389815 0.0708333 0.42037 0.79995
0 0.0348958 0.337037 0.0614583 0.181481 0.805595
0 0.0348958 0.337037 0.0614583 0.181481 0.815466
0 0.034375 0.337037 0.0625 0.181481 0.815824
0 0.366146 0.316667 0.0197917 0.103704 0.819858
0 0.745313 0.375926 0.0510417 0.362963 0.825146
0 0.783854 0.385185 0.0739583 0.422222 0.836757
0 0.745833 0.375 0.05 0.364815 0.838272
0 0.745833 0.375 0.05 0.361111 0.838553
0 0.783854 0.386111 0.0739583 0.427778 0.845039
0 0.034375 0.338889 0.0625 0.181481 0.847606
0 0.783854 0.386111 0.0739583 0.424074 0.848341
