0 0.142188 0.332407 0.015625 0.0944444 0.250294
0 0.157292 0.338889 0.0270833 0.111111 0.253346
0 0.571875 0.374074 0.03125 0.140741 0.255839
0 0.48125 0.362963 0.0291667 0.137037 0.259587
0 0.481771 0.362037 0.0302083 0.135185 0.259645
0 0.927604 0.626852 0.142708 0.638889 0.261314
0 0.623438 0.368519 0.0197917 0.1 0.26215
0 0.522917 0.366667 0.0291667 0.12963 0.263363
24 0.969271 0.512037 0.0614583 0.127778 0.264402
0 0.492708 0.365741 0.0270833 0.142593 0.264938
0 0.493229 0.364815 0.021875 0.133333 0.26628
0 0.142188 0.316667 0.015625 0.0555556 0.266391
0 0.770833 0.619444 0.122917 0.631481 0.267018
0 0.571875 0.375 0.03125 0.138889 0.268185
0 0.484896 0.368519 0.028125 0.137037 0.268325
0 0.623438 0.366667 0.0197917 0.0962963 0.269959
0 0.36875 0.368519 0.0354167 0.174074 0.270098
24 0.969271 0.511111 0.0614583 0.12963 0.270551
0 0.484896 0.368519 0.028125 0.137037 0.272028
0 0.573958 0.374074 0.0333333 0.133333 0.272185
0 0.142708 0.332407 0.0166667 0.0944444 0.273422
0 0.623958 0.367593 0.01875 0.0944444 0.275221
0 0.493229 0.365741 0.0260417 0.142593 0.277582
0 0.828125 0.448148 0.0645833 0.366667 0.27808
0 0.369271 0.368519 0.034375 0.174074 0.281148
0 0.290625 0.324074 0.03125 0.0888889 0.281529
0 0.828125 0.448148 0.0645833 0.366667 0.283744
0 0.142708 0.332407 0.0166667 0.0944444 0.285242
0 0.56875 0.369444 0.0270833 0.124074 0.288469
0 0.828125 0.440741 0.0666667 0.351852 0.291228
0 0.828125 0.447222 0.0645833 0.368519 0.29126
0 0.142708 0.315741 0.0145833 0.0574074 0.291495
0 0.570312 0.373148 0.0302083 0.135185 0.295386
0 0.921354 0.619444 0.138542 0.687037 0.296711
0 0.770312 0.62037 0.121875 0.648148 0.296914
0 0.290104 0.325926 0.034375 0.0888889 0.29806
0 0.369271 0.368519 0.034375 0.174074 0.298701
0 0.497396 0.361111 0.0239583 0.137037 0.298905
0 0.497396 0.360185 0.0239583 0.138889 0.299101
0 0.291146 0.323148 0.0260417 0.0907407 0.301377
0 0.495313 0.362037 0.021875 0.131481 0.30187
0 0.56875 0.37037 0.0270833 0.125926 0.304389
0 0.522917 0.366667 0.0291667 0.12963 0.30678
0 0.291146 0.324074 0.0260417 0.0925926 0.306962
0 0.922396 0.62037 0.138542 0.696296 0.311815
0 0.568229 0.371296 0.028125 0.127778 0.313939
0 0.291146 0.324074 0.0260417 0.0925926 0.314451
0 0.292188 0.323148 0.0260417 0.087037 0.317819
0 0.922396 0.623148 0.134375 0.646296 0.328439
0 0.523958 0.365741 0.0291667 0.127778 0.328956
0 0.829167 0.416667 0.0625 0.3 0.329204
24 0.969271 0.522222 0.0614583 0.17037 0.332758
0 0.780729 0.621296 0.134375 0.672222 0.343499
0 0.829167 0.417593 0.0625 0.301852 0.344803
0 0.523438 0.366667 0.028125 0.12963 0.34549
0 0.292188 0.324074 0.0260417 0.0888889 0.34646
0 0.492188 0.365741 0.0260417 0.142593 0.3471
0 0.829167 0.416667 0.0625 0.3 0.350311
0 0.292188 0.324074 0.0260417 0.0888889 0.350908
0 0.523958 0.365741 0.0270833 0.127778 0.353364
0 0.523438 0.365741 0.028125 0.135185 0.355373
0 0.523958 0.365741 0.0270833 0.127778 0.360062
0 0.523438 0.365741 0.028125 0.127778 0.361117
0 0.927604 0.624074 0.142708 0.659259 0.365612
0 0.523958 0.365741 0.0270833 0.127778 0.366578
0 0.828125 0.433333 0.0666667 0.337037 0.380818
0 0.368229 0.362963 0.034375 0.17037 0.399192
0 0.523438 0.364815 0.028125 0.133333 0.399785
0 0.155729 0.340741 0.0260417 0.111111 0.407573
0 0.827083 0.439815 0.0666667 0.353704 0.412404
0 0.160417 0.339815 0.025 0.109259 0.414025
0 0.623958 0.361111 0.0208333 0.0851852 0.415009
0 0.521354 0.365741 0.028125 0.131481 0.419457
0 0.368229 0.362037 0.034375 0.172222 0.420115
0 0.0260417 0.377778 0.0375 0.181481 0.420609
0 0.523958 0.365741 0.0270833 0.127778 0.421208
0 0.929688 0.618519 0.136458 0.685185 0.427837
0 0.525 0.362963 0.0270833 0.122222 0.428521
0 0.493229 0.365741 0.0239583 0.138889 0.429605
0 0.493229 0.364815 0.021875 0.137037 0.433511
0 0.576042 0.383333 0.0354167 0.151852 0.43631
0 0.928646 0.614815 0.138542 0.67037 0.437199
0 0.159896 0.339815 0.0239583 0.109259 0.440254
0 0.780208 0.619444 0.133333 0.664815 0.440306
0 0.0229167 0.377778 0.0416667 0.181481 0.441168
0 0.577083 0.382407 0.0354167 0.15 0.442333
0 0.159896 0.338889 0.0239583 0.107407 0.445039
0 0.493229 0.364815 0.021875 0.137037 0.445462
0 0.0260417 0.377778 0.0375 0.181481 0.445978
0 0.525 0.362963 0.0270833 0.122222 0.447561
0 0.368229 0.362963 0.034375 0.17037 0.449991
0 0.524479 0.362963 0.0260417 0.122222 0.457758
0 0.929688 0.618519 0.138542 0.688889 0.458738
0 0.828646 0.440741 0.0635417 0.351852 0.461994
0 0.623958 0.360185 0.0208333 0.087037 0.462249
0 0.576042 0.382407 0.0354167 0.15 0.462436
0 0.522396 0.366667 0.028125 0.133333 0.463553
0 0.623958 0.360185 0.0208333 0.087037 0.464327
0 0.921875 0.623148 0.135417 0.668519 0.467875
0 0.623438 0.362037 0.0197917 0.0944444 0.469161
0 0.156771 0.338889 0.0260417 0.114815 0.470965
0 0.0223958 0.378704 0.040625 0.183333 0.471576
0 0.158333 0.340741 0.0229167 0.107407 0.483878
0 0.0229167 0.378704 0.0395833 0.183333 0.492236
0 0.0260417 0.377778 0.0375 0.181481 0.493067
0 0.158854 0.338889 0.0239583 0.111111 0.496974
0 0.827604 0.431481 0.0635417 0.337037 0.511541
0 0.156771 0.338889 0.0260417 0.114815 0.515631
0 0.522396 0.366667 0.028125 0.133333 0.516279
0 0.495313 0.363889 0.021875 0.146296 0.516333
0 0.827604 0.430556 0.0635417 0.331481 0.517649
0 0.495313 0.362963 0.021875 0.144444 0.517962
0 0.15625 0.338889 0.025 0.114815 0.519581
0 0.622917 0.361111 0.0208333 0.0851852 0.522927
0 0.492708 0.365741 0.0229167 0.142593 0.525237
0 0.925 0.619444 0.135417 0.65 0.525842
0 0.827604 0.431481 0.0635417 0.340741 0.529277
0 0.622917 0.364815 0.0208333 0.0888889 0.540355
0 0.771354 0.624074 0.126042 0.648148 0.540386
0 0.025 0.378704 0.0395833 0.183333 0.553055
0 0.771875 0.625 0.125 0.65 0.553115
0 0.578125 0.384259 0.0333333 0.15 0.560487
0 0.827604 0.432407 0.0635417 0.331481 0.56184
0 0.522396 0.364815 0.0260417 0.12963 0.5621
0 0.622917 0.361111 0.0208333 0.0851852 0.563645
0 0.578125 0.384259 0.0333333 0.15 0.565693
0 0.928646 0.614815 0.136458 0.674074 0.566663
0 0.622917 0.362037 0.0208333 0.087037 0.566898
0 0.521875 0.363889 0.025 0.124074 0.571637
0 0.158854 0.340741 0.021875 0.107407 0.572477
0 0.521875 0.366667 0.0270833 0.133333 0.579522
0 0.828125 0.432407 0.0645833 0.335185 0.580496
0 0.573958 0.376852 0.0354167 0.142593 0.581102
0 0.622917 0.364815 0.0208333 0.0888889 0.58339
0 0.622917 0.364815 0.0208333 0.0888889 0.583917
0 0.573958 0.377778 0.0354167 0.144444 0.588747
0 0.158854 0.340741 0.021875 0.111111 0.590845
0 0.828125 0.431481 0.0645833 0.333333 0.592601
0 0.926562 0.617593 0.142708 0.65 0.593864
0 0.158854 0.341667 0.021875 0.109259 0.597503
0 0.828125 0.432407 0.0645833 0.338889 0.598586
0 0.622396 0.363889 0.0197917 0.0981481 0.600299
0 0.521875 0.364815 0.025 0.125926 0.605834
0 0.0255208 0.378704 0.0385417 0.187037 0.60861
0 0.774479 0.609259 0.126042 0.637037 0.614101
0 0.521875 0.365741 0.025 0.124074 0.618929
0 0.827604 0.440741 0.0635417 0.351852 0.620325
0 0.522396 0.363889 0.0260417 0.131481 0.621846
0 0.522396 0.363889 0.0260417 0.131481 0.628484
0 0.621875 0.364815 0.0208333 0.1 0.631581
0 0.577083 0.384259 0.0354167 0.146296 0.657343
0 0.576563 0.383333 0.0364583 0.148148 0.658534
0 0.36875 0.365741 0.0354167 0.168519 0.663038
0 0.575521 0.380556 0.0364583 0.15 0.67526
0 0.575521 0.37963 0.0364583 0.151852 0.697842
0 0.36875 0.365741 0.0354167 0.168519 0.704425
0 0.0255208 0.378704 0.0385417 0.183333 0.708441
0 0.576042 0.380556 0.0354167 0.15 0.714167
0 0.025 0.377778 0.0375 0.185185 0.714815
0 0.576042 0.382407 0.0354167 0.15 0.716744
0 0.776042 0.609259 0.127083 0.637037 0.717408
0 0.0255208 0.377778 0.0385417 0.185185 0.722518
0 0.368229 0.363889 0.0364583 0.172222 0.725176
0 0.576563 0.383333 0.034375 0.148148 0.728532
0 0.368229 0.365741 0.034375 0.172222 0.733215
0 0.367708 0.363889 0.0354167 0.172222 0.737338
0 0.367708 0.366667 0.0333333 0.17037 0.740859
0 0.368229 0.365741 0.034375 0.168519 0.741431
0 0.368229 0.364815 0.034375 0.17037 0.744532
0 0.0244792 0.378704 0.040625 0.17963 0.749189
0 0.576042 0.382407 0.0354167 0.15 0.754029
0 0.367708 0.366667 0.0333333 0.17037 0.754817
0 0.925 0.622222 0.135417 0.662963 0.75483
0 0.368229 0.365741 0.034375 0.172222 0.763671
0 0.775 0.611111 0.127083 0.648148 0.770172
0 0.775521 0.614815 0.128125 0.640741 0.770849
0 0.025 0.378704 0.0416667 0.183333 0.771099
0 0.025 0.377778 0.0395833 0.181481 0.783349
0 0.927604 0.62037 0.140625 0.685185 0.800618
0 0.775521 0.611111 0.128125 0.648148 0.803012
0 0.025 0.377778 0.0395833 0.185185 0.808848
0 0.927083 0.617593 0.141667 0.661111 0.817237
0 0.775521 0.614815 0.128125 0.640741 0.817515
0 0.025 0.378704 0.0395833 0.183333 0.826073
0 0.927083 0.62037 0.139583 0.685185 0.840221
0 0.774479 0.622222 0.128125 0.655556 0.848868
0 0.774479 0.622222 0.128125 0.655556 0.849279
