0 0.652083 0.362037 0.0208333 0.105556 0.253743
13 0.421875 0.458333 0.0395833 0.087037 0.254644
0 0.270833 0.34537 0.01875 0.0759259 0.255017
0 0.951042 0.62037 0.0958333 0.655556 0.257367
0 0.272396 0.34537 0.0197917 0.0759259 0.261257
0 0.652604 0.361111 0.0197917 0.103704 0.265638
13 0.421875 0.458333 0.0395833 0.0833333 0.271886
0 0.584896 0.375926 0.0677083 0.148148 0.27861
0 0.199479 0.333333 0.0635417 0.162963 0.279457
0 0.447396 0.360185 0.028125 0.109259 0.279735
13 0.421354 0.459259 0.0385417 0.0851852 0.279911
0 0.652604 0.362037 0.0197917 0.101852 0.283117
13 0.421875 0.458333 0.0395833 0.087037 0.29089
0 0.339063 0.406481 0.059375 0.287037 0.293881
13 0.422396 0.456481 0.0385417 0.0796296 0.294092
13 0.421354 0.459259 0.0385417 0.0851852 0.295166
0 0.196875 0.337037 0.05625 0.151852 0.298743
0 0.447396 0.362963 0.028125 0.114815 0.299779
0 0.447396 0.37037 0.0302083 0.137037 0.30157
13 0.422396 0.456481 0.0385417 0.0796296 0.302175
0 0.199479 0.334259 0.0635417 0.161111 0.303682
0 0.585938 0.375926 0.0635417 0.148148 0.305966
0 0.196875 0.337963 0.05625 0.153704 0.306576
0 0.00677083 0.363889 0.0135417 0.135185 0.316413
13 0.177083 0.491667 0.154167 0.164815 0.31852
13 0.176563 0.494444 0.151042 0.162963 0.320596
0 0.447917 0.37037 0.0291667 0.133333 0.321439
0 0.659375 0.356481 0.0208333 0.112963 0.321874
0 0.338542 0.412963 0.0645833 0.3 0.333615
0 0.658854 0.356481 0.0197917 0.112963 0.33392
0 0.291146 0.344444 0.0197917 0.0777778 0.336181
0 0.291146 0.344444 0.0197917 0.0777778 0.338791
13 0.372396 0.543519 0.0927083 0.105556 0.339836
0 0.0078125 0.361111 0.015625 0.144444 0.34468
0 0.338021 0.413889 0.0635417 0.301852 0.345417
0 0.658854 0.357407 0.0197917 0.111111 0.346941
0 0.585938 0.376852 0.0635417 0.146296 0.347744
0 0.291667 0.346296 0.01875 0.0814815 0.355212
0 0.447917 0.360185 0.0270833 0.109259 0.358876
0 0.291146 0.344444 0.0197917 0.0777778 0.360162
13 0.372917 0.55 0.0916667 0.103704 0.369414
13 0.176563 0.494444 0.151042 0.162963 0.372875
0 0.0078125 0.361111 0.015625 0.144444 0.379435
13 0.176563 0.493519 0.153125 0.161111 0.382503
0 0.482812 0.366667 0.0177083 0.114815 0.385661
0 0.291667 0.34537 0.01875 0.0796296 0.389012
0 0.448958 0.360185 0.0270833 0.105556 0.390268
0 0.291667 0.34537 0.01875 0.0796296 0.391986
13 0.422396 0.459259 0.0364583 0.0851852 0.398175
0 0.291667 0.34537 0.01875 0.0796296 0.40895
13 0.421875 0.459259 0.0375 0.0851852 0.412008
0 0.483333 0.366667 0.01875 0.118519 0.422151
13 0.422396 0.459259 0.0364583 0.0814815 0.423168
0 0.610937 0.383333 0.0302083 0.133333 0.423842
13 0.372917 0.55 0.09375 0.103704 0.428409
0 0.482812 0.366667 0.0177083 0.118519 0.431939
13 0.421875 0.460185 0.0395833 0.0833333 0.432375
0 0.447396 0.366667 0.0260417 0.133333 0.432976
0 0.448958 0.359259 0.0270833 0.111111 0.4357
13 0.370833 0.55 0.09375 0.1 0.437672
13 0.421875 0.460185 0.0395833 0.0833333 0.440185
0 0.654167 0.366667 0.0229167 0.1 0.444511
0 0.448958 0.360185 0.0270833 0.109259 0.447291
13 0.370833 0.544444 0.0958333 0.107407 0.448152
0 0.447396 0.367593 0.028125 0.127778 0.465137
0 0.482292 0.37037 0.01875 0.122222 0.467848
0 0.00729167 0.363889 0.0145833 0.142593 0.473409
0 0.00677083 0.362963 0.0135417 0.133333 0.48
0 0.482292 0.371296 0.01875 0.124074 0.485121
0 0.65625 0.361111 0.0208333 0.103704 0.487946
0 0.338542 0.407407 0.0604167 0.3 0.490925
0 0.654167 0.367593 0.0229167 0.101852 0.499873
0 0.654688 0.366667 0.021875 0.103704 0.503885
0 0.447396 0.369444 0.028125 0.135185 0.505112
0 0.654688 0.363889 0.021875 0.109259 0.507017
0 0.65625 0.361111 0.0208333 0.103704 0.512353
0 0.655729 0.362963 0.021875 0.111111 0.512436
0 0.482812 0.37037 0.0177083 0.122222 0.514157
0 0.65625 0.361111 0.0208333 0.103704 0.518108
0 0.00729167 0.363889 0.0145833 0.138889 0.521712
0 0.482812 0.368519 0.0177083 0.122222 0.5239
0 0.482812 0.369444 0.0177083 0.124074 0.526054
13 0.370313 0.55 0.0927083 0.107407 0.532115
13 0.421875 0.458333 0.0395833 0.0833333 0.533967
13 0.421875 0.458333 0.0395833 0.0833333 0.537296
0 0.566667 0.374074 0.03125 0.151852 0.537793
13 0.421875 0.459259 0.0395833 0.0814815 0.538318
0 0.654688 0.361111 0.0197917 0.114815 0.539068
13 0.370313 0.550926 0.0927083 0.105556 0.540377
0 0.447396 0.368519 0.028125 0.125926 0.541012
13 0.421875 0.459259 0.0395833 0.0814815 0.543334
0 0.610417 0.383333 0.0291667 0.133333 0.543679
0 0.610417 0.383333 0.03125 0.133333 0.544774
0 0.447396 0.362963 0.0260417 0.111111 0.556344
0 0.338021 0.410185 0.0572917 0.294444 0.557036
0 0.566667 0.374074 0.0291667 0.148148 0.560135
13 0.370313 0.55 0.0927083 0.107407 0.560987
0 0.339063 0.412037 0.0572917 0.298148 0.564697
0 0.447396 0.365741 0.0260417 0.138889 0.569983
0 0.446875 0.367593 0.0270833 0.124074 0.576214
0 0.447396 0.37037 0.028125 0.137037 0.578532
0 0.447396 0.366667 0.0260417 0.137037 0.580353
0 0.951563 0.623148 0.096875 0.712963 0.586624
0 0.447396 0.362963 0.0260417 0.111111 0.60011
0 0.198437 0.332407 0.0572917 0.153704 0.605644
13 0.369792 0.550926 0.0979167 0.101852 0.608666
0 0.447396 0.362963 0.0260417 0.111111 0.609751
13 0.370313 0.550926 0.0947917 0.105556 0.610211
0 0.447396 0.37037 0.0260417 0.133333 0.613688
0 0.198437 0.332407 0.0572917 0.153704 0.614515
0 0.00677083 0.363889 0.0135417 0.138889 0.620203
0 0.197917 0.335185 0.0583333 0.159259 0.623103
0 0.198437 0.333333 0.0572917 0.155556 0.625426
0 0.00729167 0.362963 0.0145833 0.144444 0.639029
0 0.198437 0.334259 0.059375 0.157407 0.640195
0 0.0078125 0.362963 0.015625 0.148148 0.64293
0 0.00677083 0.363889 0.0135417 0.138889 0.647615
0 0.198958 0.335185 0.0583333 0.159259 0.649021
0 0.339583 0.409259 0.0583333 0.303704 0.656816
13 0.369792 0.548148 0.0958333 0.103704 0.665244
0 0.566146 0.373148 0.028125 0.153704 0.686302
0 0.565625 0.373148 0.0291667 0.15 0.693492
0 0.952604 0.616667 0.0947917 0.692593 0.70192
0 0.611458 0.381481 0.03125 0.133333 0.704493
13 0.370313 0.547222 0.0947917 0.105556 0.71432
0 0.952604 0.616667 0.0947917 0.688889 0.71665
13 0.369792 0.549074 0.09375 0.105556 0.723642
0 0.610937 0.382407 0.0322917 0.135185 0.726303
13 0.369792 0.549074 0.09375 0.105556 0.729099
13 0.369792 0.546296 0.09375 0.107407 0.730169
0 0.198958 0.335185 0.0583333 0.159259 0.730174
0 0.566146 0.375 0.0302083 0.15 0.734986
13 0.369792 0.546296 0.09375 0.107407 0.736375
13 0.369792 0.549074 0.09375 0.105556 0.737944
13 0.370313 0.547222 0.0947917 0.105556 0.742963
0 0.198958 0.332407 0.0583333 0.157407 0.744085
0 0.198437 0.331481 0.059375 0.159259 0.74422
0 0.566146 0.375 0.0302083 0.15 0.74674
0 0.338021 0.413889 0.059375 0.294444 0.748467
0 0.566146 0.374074 0.0302083 0.148148 0.75176
0 0.198958 0.335185 0.0583333 0.159259 0.755211
0 0.338021 0.414815 0.059375 0.292593 0.766813
0 0.566667 0.374074 0.0291667 0.148148 0.767833
0 0.566146 0.375 0.0302083 0.15 0.770412
0 0.611458 0.381481 0.03125 0.137037 0.781059
0 0.198958 0.333333 0.0583333 0.159259 0.781402
0 0.611458 0.382407 0.03125 0.135185 0.783309
0 0.565625 0.373148 0.03125 0.15 0.786247
0 0.611458 0.382407 0.03125 0.135185 0.786548
0 0.198437 0.335185 0.0572917 0.159259 0.789572
0 0.566667 0.374074 0.0291667 0.148148 0.789688
0 0.565625 0.374074 0.03125 0.148148 0.795638
0 0.198958 0.335185 0.0583333 0.159259 0.797508
0 0.198958 0.334259 0.0583333 0.161111 0.798169
0 0.198958 0.334259 0.0583333 0.161111 0.799718
0 0.611458 0.381481 0.03125 0.137037 0.801224
0 0.611458 0.382407 0.03125 0.135185 0.801389
0 0.338021 0.413889 0.059375 0.290741 0.804003
0 0.338542 0.414815 0.05625 0.292593 0.808041
0 0.611458 0.381481 0.03125 0.137037 0.810885
0 0.338021 0.413889 0.059375 0.301852 0.813552
0 0.198958 0.334259 0.0583333 0.157407 0.817717
0 0.610937 0.381481 0.0322917 0.133333 0.817938
0 0.338542 0.413889 0.05625 0.294444 0.820127
0 0.611458 0.381481 0.03125 0.133333 0.821118
0 0.338021 0.413889 0.059375 0.298148 0.824352
0 0.338542 0.413889 0.05625 0.290741 0.831998
0 0.952604 0.62037 0.0947917 0.696296 0.834932
0 0.610937 0.382407 0.0322917 0.135185 0.854405
0 0.610417 0.382407 0.03125 0.135185 0.857978
0 0.951563 0.622222 0.096875 0.696296 0.883302
0 0.949479 0.622222 0.101042 0.7 0.907697
0 0.95 0.619444 0.1 0.698148 0.909949
0 0.949479 0.621296 0.101042 0.701852 0.910465
0 0.95 0.62037 0.0979167 0.7 0.910579
