13 0.175521 0.841667 0.346875 0.298148 0.251239
13 0.370833 0.584259 0.13125 0.138889 0.253013
13 0.171875 0.841667 0.34375 0.298148 0.25356
0 0.227083 0.325926 0.0354167 0.166667 0.257871
13 0.121875 0.840741 0.239583 0.288889 0.269182
13 0.205729 0.843518 0.382292 0.298148 0.269368
13 0.370833 0.584259 0.13125 0.138889 0.271541
13 0.122396 0.84537 0.240625 0.283333 0.271874
13 0.370833 0.584259 0.133333 0.138889 0.272342
0 0.484375 0.336111 0.0166667 0.087037 0.27432
13 0.203646 0.84537 0.367708 0.290741 0.282767
13 0.445312 0.456481 0.0427083 0.101852 0.282952
0 0.305729 0.32963 0.0260417 0.0851852 0.283162
0 0.490625 0.352778 0.05625 0.127778 0.28412
13 0.204688 0.84537 0.376042 0.290741 0.289945
0 0.305208 0.335185 0.0270833 0.0888889 0.298633
13 0.445312 0.457407 0.0427083 0.103704 0.298759
13 0.128125 0.837037 0.25625 0.285185 0.300002
0 0.305208 0.335185 0.025 0.0888889 0.301491
0 0.325521 0.334259 0.0197917 0.0685185 0.301998
0 0.305729 0.32963 0.0260417 0.0851852 0.303391
13 0.122396 0.84537 0.240625 0.283333 0.30438
0 0.305729 0.32963 0.0260417 0.0851852 0.305419
13 0.445312 0.456481 0.0427083 0.101852 0.306495
13 0.128646 0.837037 0.257292 0.285185 0.307537
13 0.122396 0.840741 0.240625 0.288889 0.308352
13 0.370313 0.593518 0.130208 0.153704 0.309266
13 0.370833 0.593518 0.129167 0.153704 0.310147
0 0.491146 0.352778 0.0552083 0.135185 0.31078
0 0.966667 0.871296 0.0666667 0.212963 0.31127
0 0.304688 0.335185 0.0260417 0.0888889 0.311779
13 0.445312 0.458333 0.0447917 0.0981481 0.312509
13 0.122396 0.846296 0.240625 0.281481 0.312737
13 0.370833 0.593518 0.129167 0.153704 0.314749
0 0.5 0.35 0.0291667 0.125926 0.314822
13 0.445312 0.458333 0.0447917 0.0981481 0.31527
13 0.369271 0.588889 0.130208 0.159259 0.315761
13 0.445312 0.458333 0.0447917 0.0981481 0.317133
13 0.121354 0.840741 0.240625 0.288889 0.317813
0 0.484375 0.336111 0.0166667 0.087037 0.320152
0 0.966667 0.859259 0.0666667 0.2 0.320232
13 0.445312 0.458333 0.0447917 0.0981481 0.325395
0 0.484375 0.336111 0.0166667 0.087037 0.325696
13 0.369792 0.598148 0.13125 0.174074 0.328495
13 0.445312 0.458333 0.0447917 0.0981481 0.334413
13 0.445312 0.458333 0.0447917 0.0981481 0.337228
0 0.225521 0.314815 0.0364583 0.144444 0.340746
0 0.966667 0.871296 0.0645833 0.209259 0.342695
0 0.225521 0.314815 0.0364583 0.144444 0.344171
0 0.226042 0.316667 0.0375 0.148148 0.346128
0 0.225521 0.315741 0.0364583 0.146296 0.347261
0 0.317187 0.332407 0.0322917 0.0796296 0.349035
0 0.6375 0.362037 0.03125 0.138889 0.350096
0 0.226562 0.316667 0.0385417 0.148148 0.351492
0 0.6375 0.362037 0.03125 0.138889 0.358965
0 0.966667 0.859259 0.0666667 0.203704 0.359449
13 0.120833 0.835185 0.241667 0.288889 0.360063
0 0.226562 0.316667 0.0364583 0.148148 0.363886
0 0.325521 0.330556 0.0177083 0.0611111 0.365916
0 0.226042 0.316667 0.0375 0.148148 0.367407
0 0.226562 0.316667 0.0364583 0.148148 0.367508
0 0.966667 0.867593 0.0666667 0.209259 0.374174
13 0.121354 0.836111 0.242708 0.287037 0.378761
0 0.966667 0.863889 0.0666667 0.209259 0.379415
0 0.317187 0.333333 0.0322917 0.0777778 0.384691
0 0.307292 0.335185 0.0291667 0.0888889 0.38516
0 0.325521 0.32963 0.0177083 0.062963 0.387754
0 0.316667 0.332407 0.0333333 0.0796296 0.391331
0 0.967188 0.866667 0.065625 0.203704 0.392775
0 0.967188 0.867593 0.065625 0.205556 0.393005
0 0.967188 0.866667 0.065625 0.203704 0.393668
0 0.967188 0.864815 0.065625 0.207407 0.396019
0 0.226562 0.324074 0.0364583 0.166667 0.400779
0 0.967188 0.864815 0.065625 0.207407 0.401633
0 0.226562 0.325 0.0364583 0.172222 0.402178
13 0.369792 0.592593 0.13125 0.159259 0.402612
0 0.325521 0.32963 0.0177083 0.062963 0.402957
0 0.967188 0.864815 0.065625 0.207407 0.403918
0 0.226042 0.314815 0.0375 0.159259 0.410472
13 0.369792 0.586111 0.129167 0.15 0.411887
0 0.226042 0.314815 0.0375 0.159259 0.412946
0 0.504167 0.351852 0.0270833 0.133333 0.416688
0 0.226042 0.324074 0.0354167 0.166667 0.428281
0 0.465104 0.350926 0.0260417 0.131481 0.438502
0 0.966667 0.862037 0.0666667 0.201852 0.444336
0 0.504687 0.350926 0.0260417 0.142593 0.444805
0 0.966667 0.861111 0.0666667 0.203704 0.445237
0 0.966667 0.861111 0.0666667 0.203704 0.449891
0 0.307292 0.334259 0.0291667 0.0907407 0.451148
0 0.306771 0.337037 0.028125 0.0925926 0.451479
0 0.966667 0.863889 0.0666667 0.209259 0.452343
0 0.967188 0.867593 0.065625 0.209259 0.453548
0 0.504687 0.350926 0.0260417 0.142593 0.459802
0 0.30625 0.337963 0.0291667 0.087037 0.463061
0 0.009375 0.362963 0.01875 0.148148 0.463968
0 0.966667 0.864815 0.0666667 0.192593 0.47044
0 0.502604 0.35 0.034375 0.137037 0.472861
0 0.638021 0.362963 0.0302083 0.12963 0.474401
0 0.307292 0.334259 0.0291667 0.087037 0.47768
0 0.502604 0.350926 0.0322917 0.135185 0.486782
0 0.009375 0.362963 0.01875 0.148148 0.487194
0 0.604167 0.359259 0.0333333 0.159259 0.489922
0 0.603646 0.359259 0.0322917 0.159259 0.492966
0 0.30625 0.337037 0.0291667 0.0851852 0.499671
0 0.30625 0.337037 0.0291667 0.0851852 0.500579
0 0.966667 0.864815 0.0666667 0.192593 0.502807
0 0.307292 0.334259 0.0291667 0.087037 0.523797
0 0.00989583 0.361111 0.0197917 0.151852 0.533006
0 0.00989583 0.361111 0.0197917 0.151852 0.538041
0 0.638021 0.362963 0.0302083 0.133333 0.539927
0 0.638542 0.361111 0.03125 0.133333 0.542131
0 0.638021 0.362963 0.0302083 0.133333 0.543068
0 0.638542 0.361111 0.03125 0.133333 0.547744
0 0.639063 0.361111 0.0302083 0.133333 0.553733
0 0.6375 0.362963 0.03125 0.133333 0.571987
0 0.255208 0.421296 0.0729167 0.394444 0.575951
0 0.466146 0.346296 0.028125 0.125926 0.578414
0 0.307292 0.334259 0.0291667 0.087037 0.579002
0 0.00989583 0.362037 0.0197917 0.15 0.579401
0 0.306771 0.337963 0.028125 0.087037 0.581578
0 0.009375 0.361111 0.01875 0.148148 0.588764
0 0.465104 0.350926 0.028125 0.142593 0.601197
0 0.307813 0.334259 0.028125 0.087037 0.604177
0 0.465625 0.35 0.0270833 0.137037 0.608652
0 0.465625 0.350926 0.0270833 0.131481 0.621253
0 0.465625 0.351852 0.0270833 0.137037 0.636709
0 0.504687 0.352778 0.028125 0.135185 0.638597
0 0.466146 0.347222 0.028125 0.127778 0.639148
0 0.465104 0.351852 0.0260417 0.137037 0.640059
0 0.009375 0.360185 0.01875 0.157407 0.640202
0 0.465104 0.350926 0.028125 0.142593 0.642669
0 0.306771 0.337963 0.028125 0.087037 0.643038
0 0.465625 0.347222 0.0270833 0.127778 0.652032
0 0.504687 0.353704 0.028125 0.137037 0.662374
0 0.605208 0.358333 0.0333333 0.161111 0.662406
0 0.009375 0.361111 0.01875 0.155556 0.668858
0 0.465625 0.350926 0.0270833 0.142593 0.673108
0 0.504167 0.352778 0.0270833 0.135185 0.676689
0 0.465625 0.349074 0.0270833 0.135185 0.676938
0 0.605208 0.358333 0.0333333 0.161111 0.687876
0 0.604167 0.357407 0.03125 0.159259 0.696791
0 0.306771 0.335185 0.028125 0.0888889 0.699528
0 0.604167 0.357407 0.0291667 0.162963 0.706914
0 0.638021 0.362963 0.0302083 0.12963 0.707693
0 0.465625 0.349074 0.0270833 0.135185 0.711807
0 0.255208 0.422222 0.0729167 0.396296 0.715427
0 0.605208 0.359259 0.0333333 0.162963 0.71601
0 0.504687 0.352778 0.028125 0.135185 0.717192
0 0.306771 0.335185 0.028125 0.0888889 0.717737
0 0.504687 0.352778 0.028125 0.135185 0.719985
0 0.504167 0.352778 0.0270833 0.135185 0.721401
0 0.306771 0.335185 0.028125 0.0888889 0.723711
0 0.504687 0.351852 0.028125 0.140741 0.737361
0 0.604688 0.358333 0.0322917 0.161111 0.739087
0 0.604688 0.358333 0.0322917 0.161111 0.740584
0 0.504687 0.352778 0.028125 0.138889 0.747484
0 0.254167 0.423148 0.0729167 0.394444 0.751586
0 0.6375 0.362037 0.03125 0.138889 0.754169
0 0.604688 0.358333 0.0322917 0.161111 0.756647
0 0.6375 0.362037 0.03125 0.138889 0.766617
0 0.465625 0.35 0.0270833 0.133333 0.76936
0 0.465625 0.35 0.0270833 0.133333 0.770332
0 0.605208 0.358333 0.0333333 0.161111 0.776507
0 0.638021 0.361111 0.0302083 0.137037 0.776726
0 0.638021 0.363889 0.0302083 0.131481 0.777171
0 0.638021 0.361111 0.0302083 0.137037 0.777762
0 0.605208 0.357407 0.0333333 0.162963 0.780633
0 0.254167 0.422222 0.0729167 0.392593 0.785303
0 0.638021 0.362963 0.0302083 0.12963 0.786784
0 0.605208 0.358333 0.0333333 0.164815 0.787908
0 0.254687 0.42037 0.0739583 0.392593 0.792327
0 0.254687 0.421296 0.0739583 0.390741 0.79339
0 0.254687 0.424074 0.071875 0.396296 0.793647
0 0.604688 0.359259 0.0322917 0.162963 0.795703
0 0.605208 0.359259 0.0333333 0.162963 0.796923
0 0.638021 0.361111 0.0302083 0.137037 0.801438
0 0.254687 0.424074 0.071875 0.396296 0.811103
0 0.254687 0.423148 0.071875 0.398148 0.811228
0 0.638021 0.361111 0.0302083 0.137037 0.826974
0 0.638021 0.362037 0.0302083 0.135185 0.827892
0 0.638021 0.361111 0.0302083 0.137037 0.841214
0 0.254687 0.423148 0.0739583 0.394444 0.8471
0 0.254167 0.424074 0.0729167 0.396296 0.85186
0 0.254687 0.423148 0.0739583 0.398148 0.857681
0 0.254687 0.422222 0.071875 0.392593 0.888343
0 0.255208 0.423148 0.0729167 0.394444 0.890303
0 0.255208 0.422222 0.0729167 0.392593 0.891025
