24 0.741667 0.356481 0.0354167 0.0907407 0.250729
0 0.394792 0.336111 0.0166667 0.0685185 0.252315
24 0.741146 0.357407 0.034375 0.0925926 0.253186
0 0.694271 0.394444 0.0364583 0.266667 0.256434
0 0.694792 0.394444 0.0354167 0.262963 0.260958
0 0.721354 0.391667 0.0677083 0.309259 0.261484
0 0.449479 0.363889 0.028125 0.153704 0.264288
0 0.449479 0.363889 0.028125 0.15 0.267191
0 0.621354 0.359259 0.028125 0.118519 0.267979
0 0.450521 0.366667 0.0302083 0.148148 0.273072
36 0.713542 0.532407 0.0520833 0.0314815 0.273906
0 0.694271 0.394444 0.0364583 0.259259 0.275083
0 0.702083 0.387037 0.0395833 0.288889 0.275125
0 0.394792 0.337037 0.0166667 0.0666667 0.275531
24 0.740625 0.351852 0.0375 0.107407 0.278139
0 0.536979 0.337963 0.0239583 0.0685185 0.278667
0 0.184896 0.4 0.053125 0.214815 0.279925
36 0.713021 0.533333 0.0489583 0.0296296 0.282114
0 0.516667 0.360185 0.0229167 0.0981481 0.2902
0 0.185937 0.42037 0.0489583 0.251852 0.294098
0 0.371875 0.349074 0.025 0.109259 0.296106
0 0.184896 0.402778 0.053125 0.22037 0.299468
0 0.450521 0.365741 0.0302083 0.15 0.307842
0 0.450521 0.365741 0.0302083 0.146296 0.313073
0 0.727604 0.383333 0.0614583 0.240741 0.316717
0 0.184375 0.436111 0.0541667 0.312963 0.319403
0 0.371354 0.350926 0.0260417 0.112963 0.328274
0 0.516146 0.360185 0.021875 0.0981481 0.333349
0 0.394792 0.337037 0.0166667 0.0666667 0.334667
0 0.621354 0.359259 0.028125 0.122222 0.335057
0 0.620833 0.359259 0.0291667 0.125926 0.335296
0 0.540625 0.334259 0.0145833 0.0611111 0.340785
24 0.739583 0.353704 0.0354167 0.0962963 0.342033
0 0.516146 0.360185 0.021875 0.0981481 0.34629
0 0.541146 0.335185 0.0177083 0.0666667 0.346851
0 0.692187 0.360185 0.034375 0.201852 0.350088
0 0.186458 0.42037 0.0520833 0.255556 0.351283
0 0.538021 0.336111 0.0197917 0.0685185 0.353562
0 0.498437 0.372222 0.028125 0.122222 0.354543
0 0.184375 0.405556 0.0541667 0.222222 0.356787
24 0.739062 0.353704 0.0364583 0.0962963 0.3568
24 0.740104 0.355556 0.0364583 0.1 0.35821
0 0.538021 0.336111 0.0197917 0.0685185 0.363104
0 0.692187 0.361111 0.034375 0.203704 0.372593
0 0.726042 0.385185 0.0625 0.251852 0.373422
0 0.496875 0.372222 0.0291667 0.137037 0.378287
24 0.740104 0.356481 0.0364583 0.0981481 0.380776
0 0.692187 0.360185 0.0364583 0.198148 0.384328
24 0.739062 0.353704 0.0364583 0.0962963 0.386782
0 0.497917 0.372222 0.0270833 0.125926 0.390339
0 0.538021 0.336111 0.0197917 0.0685185 0.39493
0 0.497917 0.372222 0.0270833 0.125926 0.398043
0 0.541146 0.335185 0.015625 0.0666667 0.399396
0 0.541667 0.335185 0.0166667 0.0666667 0.403451
0 0.539583 0.335185 0.0166667 0.062963 0.408717
0 0.183854 0.432407 0.0552083 0.283333 0.409951
0 0.183854 0.433333 0.0552083 0.285185 0.410934
0 0.184375 0.432407 0.0541667 0.287037 0.416523
0 0.693229 0.382407 0.0385417 0.257407 0.428153
0 0.448958 0.360185 0.0270833 0.135185 0.433423
0 0.724479 0.392593 0.0677083 0.285185 0.437661
0 0.496354 0.37037 0.028125 0.137037 0.438865
0 0.496354 0.372222 0.028125 0.137037 0.441946
0 0.105729 0.510185 0.176042 0.590741 0.443481
0 0.497396 0.372222 0.028125 0.137037 0.451128
0 0.496354 0.365741 0.0260417 0.127778 0.467728
0 0.720312 0.397222 0.0760417 0.294444 0.48354
0 0.695312 0.391667 0.034375 0.275926 0.49658
0 0.69375 0.386111 0.0375 0.253704 0.502442
0 0.448438 0.361111 0.028125 0.133333 0.507966
0 0.701563 0.392593 0.040625 0.303704 0.50983
0 0.694271 0.386111 0.0385417 0.253704 0.513824
0 0.496354 0.37037 0.028125 0.137037 0.523989
0 0.185417 0.427778 0.05625 0.285185 0.524528
0 0.496354 0.369444 0.028125 0.135185 0.528303
0 0.184896 0.432407 0.0572917 0.290741 0.530268
0 0.105729 0.510185 0.180208 0.572222 0.53215
0 0.694271 0.385185 0.0385417 0.251852 0.54586
0 0.448438 0.362037 0.028125 0.15 0.548136
0 0.720833 0.394444 0.0729167 0.296296 0.551664
0 0.448438 0.361111 0.028125 0.148148 0.552716
0 0.185417 0.431481 0.05625 0.285185 0.553359
0 0.71875 0.393519 0.075 0.290741 0.554606
0 0.496354 0.369444 0.0260417 0.135185 0.561633
0 0.71875 0.39537 0.0729167 0.290741 0.566486
0 0.724479 0.398148 0.0635417 0.307407 0.579357
0 0.71875 0.393519 0.075 0.290741 0.580859
0 0.495833 0.366667 0.025 0.12963 0.585922
0 0.371354 0.350926 0.021875 0.101852 0.589824
0 0.495833 0.365741 0.025 0.127778 0.594989
0 0.721354 0.394444 0.071875 0.3 0.595045
0 0.496354 0.372222 0.0260417 0.125926 0.595166
0 0.495833 0.371296 0.0270833 0.135185 0.597891
0 0.184896 0.432407 0.0552083 0.290741 0.604379
0 0.184896 0.432407 0.0552083 0.290741 0.607241
0 0.184896 0.432407 0.0552083 0.290741 0.607975
0 0.719271 0.394444 0.0739583 0.292593 0.613852
0 0.720833 0.396296 0.0666667 0.296296 0.617306
0 0.720833 0.396296 0.0666667 0.296296 0.617936
0 0.104687 0.513889 0.176042 0.572222 0.621234
0 0.495833 0.371296 0.0270833 0.138889 0.630401
0 0.720833 0.39537 0.0666667 0.294444 0.631941
0 0.619792 0.362963 0.0291667 0.122222 0.637671
0 0.371354 0.35 0.021875 0.107407 0.63827
0 0.372396 0.35 0.0239583 0.114815 0.644762
0 0.496354 0.371296 0.0260417 0.127778 0.64589
0 0.370833 0.350926 0.0208333 0.105556 0.648179
0 0.496354 0.371296 0.0260417 0.127778 0.650836
0 0.721875 0.39537 0.0708333 0.294444 0.650996
0 0.449479 0.363889 0.0302083 0.146296 0.655107
0 0.61875 0.362963 0.0291667 0.12963 0.658138
0 0.619792 0.362963 0.0291667 0.12963 0.65988
0 0.619792 0.362963 0.0291667 0.12963 0.660531
0 0.448958 0.363889 0.0291667 0.146296 0.665525
0 0.371354 0.352778 0.021875 0.109259 0.670137
0 0.619271 0.362963 0.0302083 0.12963 0.678237
0 0.448958 0.364815 0.0291667 0.144444 0.679208
0 0.371354 0.351852 0.021875 0.107407 0.6823
0 0.371354 0.352778 0.021875 0.109259 0.684304
0 0.448958 0.363889 0.0291667 0.146296 0.685055
0 0.619792 0.362963 0.0291667 0.125926 0.685366
0 0.371354 0.35 0.021875 0.107407 0.695943
0 0.619792 0.362963 0.0291667 0.125926 0.698092
0 0.448958 0.364815 0.0291667 0.144444 0.703821
0 0.448958 0.363889 0.0291667 0.146296 0.710648
0 0.448958 0.363889 0.0291667 0.15 0.713863
0 0.448958 0.363889 0.0291667 0.146296 0.715142
0 0.61875 0.362963 0.0291667 0.12963 0.718905
0 0.619271 0.362037 0.028125 0.131481 0.720019
0 0.619792 0.363889 0.0291667 0.127778 0.73455
0 0.721875 0.394444 0.06875 0.3 0.740232
0 0.371354 0.351852 0.021875 0.107407 0.744591
0 0.619792 0.363889 0.0291667 0.127778 0.745192
0 0.448958 0.364815 0.0291667 0.144444 0.753468
0 0.371354 0.351852 0.021875 0.111111 0.755667
0 0.721875 0.397222 0.0708333 0.305556 0.768298
0 0.105208 0.516667 0.177083 0.574074 0.769154
0 0.619271 0.363889 0.028125 0.127778 0.769376
0 0.371354 0.351852 0.021875 0.111111 0.770454
0 0.10625 0.52037 0.179167 0.588889 0.777275
0 0.448958 0.361111 0.0291667 0.144444 0.783393
0 0.448958 0.360185 0.0291667 0.142593 0.783685
0 0.619792 0.363889 0.0291667 0.127778 0.788407
0 0.619271 0.363889 0.028125 0.127778 0.792798
0 0.619271 0.362963 0.028125 0.12963 0.802994
0 0.448438 0.361111 0.028125 0.140741 0.80614
0 0.448438 0.362037 0.028125 0.142593 0.809343
0 0.106771 0.52037 0.180208 0.585185 0.816922
0 0.371354 0.35 0.021875 0.107407 0.819975
0 0.104687 0.512963 0.182292 0.574074 0.824205
0 0.106771 0.521296 0.178125 0.587037 0.838647
0 0.105208 0.515741 0.177083 0.583333 0.873424
0 0.105208 0.516667 0.177083 0.574074 0.875889
0 0.105208 0.515741 0.177083 0.583333 0.882627
0 0.105208 0.515741 0.177083 0.583333 0.883361
0 0.105729 0.517593 0.178125 0.583333 0.887578
0 0.104687 0.516667 0.180208 0.581481 0.896118
0 0.104167 0.516667 0.179167 0.581481 0.897089
