13 0.423438 0.464815 0.040625 0.0888889 0.254964
13 0.423958 0.463889 0.0395833 0.087037 0.256471
0 0.198958 0.337963 0.0645833 0.15 0.257348
0 0.453125 0.35463 0.0291667 0.101852 0.267024
0 0.4875 0.366667 0.025 0.12963 0.267099
0 0.488021 0.366667 0.0239583 0.12963 0.267191
0 0.261458 0.343519 0.0291667 0.0796296 0.268393
0 0.571875 0.372222 0.0333333 0.137037 0.278743
0 0.305729 0.411111 0.065625 0.318519 0.280174
0 0.453125 0.35463 0.0291667 0.0981481 0.284666
0 0.446354 0.363889 0.028125 0.127778 0.28822
0 0.258333 0.342593 0.0229167 0.0851852 0.294318
0 0.25625 0.341667 0.0270833 0.0833333 0.295023
0 0.258854 0.343519 0.0239583 0.0833333 0.297141
0 0.258333 0.343519 0.0229167 0.0833333 0.30311
0 0.198437 0.341667 0.0677083 0.153704 0.303572
0 0.245833 0.340741 0.01875 0.0925926 0.305313
0 0.256771 0.341667 0.028125 0.0796296 0.306876
0 0.198437 0.340741 0.0677083 0.155556 0.309272
0 0.244271 0.344444 0.021875 0.0925926 0.313174
0 0.25625 0.340741 0.0270833 0.0814815 0.31437
0 0.245833 0.341667 0.01875 0.0907407 0.323554
0 0.245833 0.340741 0.01875 0.0925926 0.323845
0 0.485417 0.37037 0.0270833 0.133333 0.33221
0 0.197917 0.340741 0.0666667 0.151852 0.332528
0 0.464583 0.351852 0.0166667 0.0851852 0.343767
13 0.367188 0.563889 0.107292 0.116667 0.361021
13 0.366146 0.571296 0.111458 0.127778 0.363503
13 0.366146 0.571296 0.111458 0.127778 0.368783
13 0.366146 0.571296 0.111458 0.127778 0.370288
0 0.486458 0.37037 0.0270833 0.133333 0.382626
0 0.464583 0.351852 0.0166667 0.0888889 0.383259
13 0.366667 0.568519 0.108333 0.122222 0.384418
0 0.202604 0.339815 0.0697917 0.153704 0.390934
0 0.202083 0.340741 0.0666667 0.148148 0.405191
0 0.202083 0.340741 0.06875 0.148148 0.406848
0 0.485938 0.367593 0.0260417 0.124074 0.407254
0 0.464583 0.350926 0.0166667 0.087037 0.40921
0 0.268229 0.344444 0.0197917 0.0777778 0.417453
0 0.26875 0.344444 0.01875 0.0777778 0.418597
0 0.269271 0.344444 0.0197917 0.0814815 0.424836
0 0.269271 0.343519 0.0197917 0.0796296 0.426878
0 0.485417 0.371296 0.0270833 0.131481 0.427603
0 0.26875 0.343519 0.01875 0.0759259 0.430721
0 0.445833 0.364815 0.025 0.137037 0.439289
0 0.269271 0.344444 0.0197917 0.0777778 0.44225
0 0.485938 0.37037 0.0260417 0.133333 0.451915
0 0.671354 0.360185 0.0177083 0.0907407 0.466675
0 0.671875 0.360185 0.0166667 0.087037 0.475489
0 0.967188 0.642593 0.0635417 0.544444 0.479936
0 0.202083 0.338889 0.0666667 0.151852 0.488723
0 0.269792 0.344444 0.01875 0.0814815 0.496417
0 0.202604 0.338889 0.0677083 0.151852 0.497503
13 0.367188 0.565741 0.107292 0.116667 0.505035
0 0.671354 0.360185 0.0177083 0.0907407 0.505175
0 0.445312 0.367593 0.028125 0.131481 0.508335
0 0.967188 0.649074 0.0635417 0.57963 0.509072
0 0.202604 0.338889 0.0677083 0.151852 0.510467
13 0.367188 0.565741 0.107292 0.116667 0.510762
13 0.367188 0.566667 0.107292 0.118519 0.511566
0 0.485417 0.368519 0.025 0.12963 0.51625
0 0.486458 0.368519 0.0229167 0.12963 0.516496
0 0.485417 0.368519 0.025 0.12963 0.518542
0 0.967188 0.649074 0.065625 0.583333 0.525851
0 0.484896 0.369444 0.0239583 0.131481 0.527722
0 0.967708 0.641667 0.0645833 0.564815 0.534907
0 0.305208 0.415741 0.0666667 0.324074 0.53915
0 0.670313 0.362037 0.0177083 0.101852 0.542254
0 0.670833 0.358333 0.0166667 0.101852 0.542628
0 0.202604 0.338889 0.0677083 0.151852 0.543036
0 0.670833 0.360185 0.0166667 0.0981481 0.543912
0 0.485938 0.367593 0.0239583 0.131481 0.544835
0 0.571875 0.373148 0.03125 0.146296 0.544931
0 0.571875 0.373148 0.03125 0.146296 0.546942
0 0.670833 0.359259 0.0166667 0.0925926 0.54909
0 0.485938 0.367593 0.0239583 0.131481 0.55101
0 0.671875 0.362037 0.0166667 0.0907407 0.555252
0 0.571875 0.372222 0.03125 0.148148 0.562381
0 0.671354 0.360185 0.0177083 0.0944444 0.568964
13 0.367188 0.566667 0.105208 0.118519 0.570836
0 0.671354 0.360185 0.0177083 0.0944444 0.570985
0 0.485938 0.37037 0.0260417 0.12963 0.570988
13 0.367188 0.568519 0.109375 0.118519 0.577176
0 0.671875 0.362037 0.0166667 0.0907407 0.58378
0 0.445312 0.367593 0.028125 0.131481 0.587424
0 0.613542 0.37963 0.03125 0.137037 0.589086
0 0.671875 0.362037 0.0166667 0.0907407 0.592839
13 0.366667 0.568519 0.108333 0.118519 0.593415
13 0.366667 0.568519 0.108333 0.118519 0.60013
0 0.445833 0.369444 0.0270833 0.138889 0.604928
0 0.572917 0.372222 0.0333333 0.148148 0.608201
13 0.366667 0.566667 0.110417 0.118519 0.619998
0 0.572396 0.372222 0.0322917 0.148148 0.620517
0 0.966667 0.662963 0.0666667 0.57037 0.623504
0 0.965625 0.65463 0.0666667 0.57963 0.626171
0 0.613542 0.37963 0.0291667 0.144444 0.631565
0 0.485417 0.368519 0.025 0.133333 0.631596
0 0.485417 0.368519 0.025 0.133333 0.632428
0 0.445833 0.363889 0.025 0.124074 0.636445
0 0.445312 0.367593 0.0260417 0.131481 0.639128
13 0.366667 0.566667 0.108333 0.118519 0.63958
0 0.613542 0.37963 0.0291667 0.144444 0.647647
0 0.486458 0.371296 0.025 0.131481 0.65136
0 0.613021 0.378704 0.0302083 0.135185 0.652258
0 0.613542 0.37963 0.0291667 0.144444 0.654607
0 0.445833 0.368519 0.0270833 0.140741 0.659922
0 0.445833 0.364815 0.025 0.125926 0.665308
0 0.571875 0.372222 0.0333333 0.148148 0.667518
0 0.571875 0.372222 0.0333333 0.148148 0.673069
0 0.445833 0.363889 0.025 0.124074 0.680721
0 0.202604 0.337963 0.0697917 0.153704 0.700195
0 0.200521 0.337963 0.0697917 0.153704 0.700229
0 0.202604 0.337963 0.0697917 0.153704 0.70469
0 0.200521 0.337963 0.0697917 0.153704 0.714198
0 0.446354 0.364815 0.0260417 0.140741 0.721033
0 0.200521 0.340741 0.0697917 0.155556 0.721501
0 0.966146 0.660185 0.0677083 0.572222 0.723969
0 0.445312 0.368519 0.0260417 0.137037 0.724763
0 0.200521 0.339815 0.0677083 0.153704 0.731462
0 0.967188 0.653704 0.065625 0.577778 0.731476
0 0.446354 0.363889 0.0260417 0.138889 0.732325
0 0.967188 0.663889 0.065625 0.568519 0.738538
0 0.572396 0.372222 0.0322917 0.148148 0.758589
0 0.200521 0.338889 0.065625 0.155556 0.76728
0 0.572396 0.372222 0.0322917 0.151852 0.772261
0 0.572396 0.372222 0.0322917 0.148148 0.775662
0 0.572396 0.373148 0.0322917 0.153704 0.776368
0 0.305729 0.424074 0.0677083 0.337037 0.779035
0 0.967188 0.647222 0.065625 0.590741 0.780321
0 0.200521 0.338889 0.065625 0.155556 0.781755
0 0.572396 0.373148 0.0322917 0.153704 0.782767
0 0.572396 0.371296 0.0322917 0.15 0.787875
0 0.2 0.339815 0.0666667 0.153704 0.793103
0 0.305729 0.422222 0.0677083 0.337037 0.794395
0 0.967188 0.648148 0.065625 0.585185 0.794597
0 0.572396 0.372222 0.0322917 0.148148 0.795249
0 0.200521 0.337963 0.065625 0.153704 0.795629
0 0.572396 0.373148 0.0322917 0.153704 0.795927
0 0.2 0.339815 0.0666667 0.153704 0.801115
0 0.200521 0.339815 0.0677083 0.153704 0.802672
0 0.613021 0.37963 0.0302083 0.137037 0.802912
0 0.613021 0.378704 0.0302083 0.138889 0.803082
0 0.30625 0.423148 0.06875 0.335185 0.807358
0 0.613021 0.378704 0.0302083 0.138889 0.810051
0 0.2 0.339815 0.0666667 0.153704 0.814552
0 0.613021 0.378704 0.0302083 0.138889 0.816063
0 0.306771 0.424074 0.065625 0.32963 0.817956
0 0.30625 0.424074 0.0645833 0.32963 0.826047
0 0.306771 0.424074 0.0677083 0.32963 0.826256
0 0.306771 0.424074 0.0677083 0.325926 0.826446
0 0.30625 0.424074 0.0645833 0.32963 0.8268
0 0.967188 0.660185 0.065625 0.572222 0.82917
0 0.200521 0.339815 0.0677083 0.153704 0.8303
0 0.613542 0.378704 0.03125 0.135185 0.831578
0 0.613021 0.378704 0.0302083 0.138889 0.832664
0 0.30625 0.424074 0.06875 0.325926 0.83608
0 0.613542 0.378704 0.03125 0.138889 0.838554
0 0.613021 0.37963 0.0302083 0.137037 0.841135
0 0.613542 0.37963 0.03125 0.140741 0.841742
0 0.613542 0.37963 0.03125 0.137037 0.845284
0 0.30625 0.425 0.0666667 0.335185 0.85194
0 0.306771 0.423148 0.065625 0.331481 0.876127
0 0.305729 0.422222 0.0677083 0.337037 0.880736
0 0.30625 0.423148 0.06875 0.335185 0.882743
0 0.306771 0.422222 0.065625 0.32963 0.882948
0 0.306771 0.423148 0.065625 0.331481 0.883059
