0 0.296875 0.308333 0.03125 0.0907407 0.250152
0 0.542188 0.342593 0.028125 0.137037 0.250412
0 0.175 0.328704 0.025 0.112963 0.252832
0 0.615625 0.358333 0.0270833 0.146296 0.255135
0 0.310417 0.307407 0.03125 0.0851852 0.264262
0 0.533854 0.340741 0.021875 0.133333 0.268511
0 0.660417 0.338889 0.0208333 0.0962963 0.268645
0 0.595833 0.335185 0.025 0.118519 0.269632
0 0.660417 0.337963 0.0208333 0.0944444 0.272816
0 0.950521 0.587037 0.0989583 0.7 0.272979
0 0.174479 0.326852 0.0260417 0.112963 0.275845
0 0.5125 0.342593 0.0270833 0.148148 0.279341
0 0.51875 0.344444 0.0229167 0.137037 0.29289
0 0.516146 0.347222 0.0239583 0.157407 0.293008
0 0.513021 0.342593 0.028125 0.148148 0.300389
26 0.851042 0.536111 0.0354167 0.138889 0.304479
26 0.850521 0.537037 0.034375 0.140741 0.312344
26 0.855729 0.537963 0.0427083 0.146296 0.32076
26 0.85625 0.538889 0.04375 0.148148 0.324119
0 0.542188 0.342593 0.0260417 0.137037 0.324553
0 0.317708 0.307407 0.01875 0.0851852 0.324758
26 0.85625 0.537963 0.04375 0.15 0.331114
0 0.310937 0.309259 0.0260417 0.0888889 0.331772
0 0.618229 0.35 0.0260417 0.140741 0.332263
0 0.618229 0.35 0.0260417 0.140741 0.334034
0 0.597396 0.339815 0.0260417 0.127778 0.335905
0 0.660417 0.328704 0.0208333 0.0944444 0.33946
0 0.540625 0.340741 0.0270833 0.12963 0.3427
0 0.0463542 0.358333 0.034375 0.175926 0.34369
0 0.526563 0.344444 0.040625 0.137037 0.349441
0 0.513021 0.34537 0.028125 0.153704 0.351534
0 0.533333 0.341667 0.0229167 0.138889 0.356088
0 0.311458 0.309259 0.025 0.0888889 0.356747
0 0.311458 0.309259 0.025 0.0888889 0.361282
0 0.541146 0.340741 0.0260417 0.133333 0.361419
0 0.532812 0.341667 0.021875 0.138889 0.361883
0 0.386458 0.343519 0.03125 0.175926 0.364122
0 0.513542 0.34537 0.0291667 0.15 0.364413
0 0.660417 0.328704 0.0208333 0.0944444 0.366448
0 0.0463542 0.359259 0.034375 0.177778 0.36916
0 0.660417 0.328704 0.0208333 0.0944444 0.369788
0 0.315104 0.308333 0.0197917 0.087037 0.373022
0 0.389062 0.343519 0.0322917 0.175926 0.373679
0 0.527604 0.344444 0.0447917 0.137037 0.373831
0 0.526563 0.342593 0.040625 0.137037 0.383054
0 0.316146 0.309259 0.0197917 0.0851852 0.386155
0 0.316146 0.309259 0.0197917 0.0851852 0.3866
0 0.952604 0.57963 0.0947917 0.677778 0.38895
0 0.388542 0.343519 0.0333333 0.175926 0.391469
0 0.386458 0.342593 0.03125 0.174074 0.39255
0 0.316667 0.309259 0.01875 0.0851852 0.399264
0 0.386458 0.342593 0.03125 0.174074 0.403031
0 0.596875 0.338889 0.025 0.125926 0.405701
0 0.388542 0.342593 0.03125 0.174074 0.411105
0 0.517708 0.34537 0.0270833 0.15 0.412498
0 0.817187 0.562037 0.130208 0.631481 0.412748
0 0.517708 0.340741 0.025 0.144444 0.414841
0 0.3875 0.340741 0.0333333 0.17037 0.417154
0 0.540104 0.342593 0.0260417 0.12963 0.42356
0 0.539583 0.340741 0.0270833 0.133333 0.434451
0 0.617708 0.355556 0.0270833 0.151852 0.434806
0 0.540104 0.341667 0.0260417 0.131481 0.443814
0 0.816667 0.575926 0.120833 0.637037 0.444618
0 0.0078125 0.360185 0.015625 0.183333 0.445524
0 0.3875 0.340741 0.0333333 0.17037 0.44976
0 0.540104 0.342593 0.0260417 0.12963 0.450704
0 0.615625 0.351852 0.0375 0.155556 0.454321
0 0.596875 0.337963 0.0229167 0.12037 0.458006
0 0.540104 0.342593 0.0260417 0.12963 0.458775
0 0.614583 0.35463 0.03125 0.146296 0.467135
0 0.615625 0.352778 0.0375 0.153704 0.469481
0 0.0078125 0.360185 0.015625 0.183333 0.470615
0 0.613542 0.353704 0.0333333 0.148148 0.473877
0 0.952604 0.571296 0.0947917 0.712963 0.475406
0 0.00989583 0.357407 0.0197917 0.181481 0.484012
0 0.659896 0.331481 0.021875 0.0888889 0.48839
0 0.542708 0.343519 0.025 0.135185 0.488803
0 0.596875 0.339815 0.0229167 0.124074 0.49165
0 0.00989583 0.358333 0.0197917 0.183333 0.502213
0 0.617708 0.355556 0.0270833 0.144444 0.502279
0 0.517708 0.343519 0.0270833 0.15 0.50274
0 0.596875 0.339815 0.0229167 0.124074 0.505489
0 0.618229 0.356481 0.0260417 0.15 0.506748
0 0.3875 0.340741 0.0333333 0.17037 0.512442
0 0.660417 0.332407 0.0208333 0.0944444 0.529548
0 0.175521 0.326852 0.021875 0.112963 0.529616
0 0.615104 0.352778 0.0302083 0.146296 0.529906
0 0.177083 0.325 0.0208333 0.109259 0.530954
0 0.596354 0.337037 0.021875 0.122222 0.540222
0 0.177083 0.325 0.0208333 0.109259 0.542882
0 0.176042 0.327778 0.0229167 0.111111 0.546752
0 0.952604 0.572222 0.0947917 0.711111 0.548179
0 0.177083 0.325 0.0208333 0.109259 0.550711
0 0.950521 0.575926 0.0989583 0.703704 0.551027
0 0.596354 0.337037 0.0239583 0.122222 0.552815
0 0.952083 0.572222 0.0958333 0.692593 0.552926
0 0.176042 0.326852 0.0229167 0.109259 0.554306
0 0.388021 0.343519 0.0322917 0.175926 0.555325
0 0.175 0.326852 0.0229167 0.112963 0.557592
0 0.816667 0.577778 0.120833 0.640741 0.560843
0 0.659896 0.331481 0.021875 0.0888889 0.565338
0 0.659896 0.331481 0.021875 0.0888889 0.566085
0 0.3875 0.344444 0.03125 0.177778 0.566537
0 0.596875 0.337037 0.0229167 0.122222 0.568739
0 0.660417 0.332407 0.0208333 0.0944444 0.587837
0 0.595312 0.335185 0.021875 0.118519 0.588503
0 0.660417 0.332407 0.0208333 0.0981481 0.596608
0 0.951563 0.569444 0.096875 0.709259 0.597339
0 0.3875 0.344444 0.03125 0.174074 0.602417
0 0.817187 0.566667 0.121875 0.662963 0.606527
0 0.818229 0.575 0.117708 0.635185 0.609959
0 0.0078125 0.35463 0.015625 0.187037 0.613243
0 0.517708 0.342593 0.025 0.148148 0.618383
0 0.595833 0.338889 0.0229167 0.125926 0.621294
0 0.659896 0.330556 0.021875 0.0981481 0.62569
0 0.3875 0.343519 0.03125 0.175926 0.628249
0 0.517708 0.344444 0.025 0.148148 0.628813
0 0.952083 0.576852 0.0958333 0.698148 0.630135
0 0.176563 0.325 0.021875 0.112963 0.633803
0 0.517708 0.342593 0.025 0.148148 0.634634
0 0.177083 0.325926 0.0208333 0.107407 0.643839
0 0.659896 0.331481 0.021875 0.1 0.649273
0 0.0458333 0.361111 0.0354167 0.174074 0.662475
0 0.617708 0.35463 0.0291667 0.15 0.663398
0 0.175521 0.327778 0.021875 0.111111 0.664562
0 0.176563 0.325926 0.0197917 0.107407 0.670325
0 0.177083 0.325926 0.0208333 0.111111 0.671675
0 0.952604 0.575926 0.0947917 0.696296 0.67489
0 0.0458333 0.361111 0.0354167 0.174074 0.67954
0 0.386979 0.341667 0.0322917 0.175926 0.682066
0 0.00833333 0.359259 0.0166667 0.188889 0.684716
0 0.0078125 0.356481 0.015625 0.187037 0.685742
0 0.519271 0.344444 0.0239583 0.144444 0.687678
0 0.519271 0.344444 0.0239583 0.144444 0.687745
0 0.388021 0.339815 0.0322917 0.175926 0.689152
0 0.388021 0.339815 0.0322917 0.175926 0.690847
0 0.951563 0.569444 0.096875 0.712963 0.695098
0 0.0458333 0.361111 0.0354167 0.174074 0.69826
0 0.386979 0.342593 0.0322917 0.177778 0.702653
0 0.617708 0.35463 0.0291667 0.15 0.703976
0 0.0447917 0.361111 0.0354167 0.181481 0.705739
0 0.0453125 0.361111 0.034375 0.181481 0.716928
0 0.0453125 0.362963 0.034375 0.177778 0.729151
0 0.00833333 0.358333 0.0166667 0.190741 0.735551
0 0.3875 0.343519 0.0333333 0.172222 0.738329
0 0.0442708 0.361111 0.034375 0.181481 0.747734
0 0.617188 0.35463 0.028125 0.15 0.751812
0 0.617188 0.35463 0.028125 0.153704 0.752325
0 0.0453125 0.363889 0.034375 0.17963 0.753713
0 0.817708 0.575 0.11875 0.635185 0.754084
0 0.617188 0.35463 0.028125 0.15 0.755147
0 0.3875 0.344444 0.0333333 0.174074 0.757702
0 0.0442708 0.361111 0.034375 0.181481 0.760534
0 0.0453125 0.363889 0.034375 0.17963 0.764519
0 0.0447917 0.363889 0.0354167 0.17963 0.781152
0 0.386979 0.343519 0.0322917 0.172222 0.78684
0 0.817708 0.575 0.11875 0.65 0.787845
0 0.817187 0.568519 0.121875 0.637037 0.789633
0 0.0442708 0.363889 0.034375 0.17963 0.794192
0 0.817708 0.575 0.11875 0.65 0.801099
0 0.0447917 0.362963 0.0354167 0.181481 0.80501
0 0.817708 0.575926 0.11875 0.655556 0.851691
0 0.817187 0.571296 0.121875 0.638889 0.858131
0 0.817708 0.575926 0.11875 0.651852 0.875803
