0 0.664583 0.362963 0.01875 0.0962963 0.250079
0 0.458333 0.353704 0.0166667 0.0814815 0.253114
0 0.959896 0.639815 0.0802083 0.657407 0.254496
13 0.41875 0.460185 0.0416667 0.0907407 0.254981
0 0.279167 0.347222 0.0208333 0.0796296 0.257357
0 0.439583 0.369444 0.03125 0.135185 0.25845
0 0.252604 0.341667 0.0302083 0.0833333 0.261791
0 0.439583 0.369444 0.03125 0.135185 0.264083
36 0.976042 0.95463 0.0479167 0.0907407 0.275425
36 0.976042 0.95463 0.0479167 0.087037 0.277181
0 0.458854 0.35463 0.015625 0.0796296 0.277356
0 0.460417 0.35463 0.0166667 0.0796296 0.280744
0 0.460938 0.35463 0.0177083 0.0833333 0.285456
0 0.257812 0.342593 0.0260417 0.0814815 0.285598
0 0.664062 0.362963 0.0197917 0.1 0.285653
36 0.976042 0.953704 0.0479167 0.0888889 0.285898
36 0.975521 0.956481 0.0489583 0.0833333 0.286092
13 0.159375 0.506481 0.160417 0.153704 0.286748
0 0.258854 0.339815 0.021875 0.0833333 0.287016
28 0.419271 0.451852 0.040625 0.0666667 0.287144
0 0.376563 0.337037 0.0114583 0.0592593 0.288221
0 0.660937 0.35463 0.0197917 0.109259 0.288849
36 0.975 0.957407 0.05 0.0851852 0.291198
13 0.366667 0.558333 0.1 0.112963 0.291612
0 0.195833 0.337963 0.0666667 0.161111 0.293947
0 0.664583 0.362963 0.01875 0.1 0.298449
13 0.366667 0.557407 0.1 0.111111 0.299942
13 0.366667 0.557407 0.1 0.111111 0.302434
13 0.41875 0.461111 0.0416667 0.0814815 0.30426
13 0.41875 0.461111 0.0416667 0.0814815 0.304359
28 0.419271 0.451852 0.040625 0.0666667 0.305099
28 0.419271 0.451852 0.040625 0.0666667 0.305713
0 0.195833 0.337037 0.0666667 0.159259 0.307124
13 0.159375 0.502778 0.160417 0.161111 0.307262
0 0.377083 0.337037 0.0125 0.0592593 0.310901
0 0.958854 0.625926 0.0802083 0.662963 0.31112
0 0.460938 0.353704 0.0177083 0.0851852 0.312002
0 0.443229 0.369444 0.0322917 0.131481 0.312465
0 0.442187 0.369444 0.0302083 0.135185 0.314133
13 0.159375 0.505556 0.160417 0.155556 0.319975
13 0.159896 0.506481 0.161458 0.157407 0.320852
0 0.664062 0.355556 0.0197917 0.111111 0.322015
0 0.259375 0.341667 0.0229167 0.0796296 0.328293
13 0.159896 0.506481 0.161458 0.157407 0.329449
13 0.157813 0.506481 0.161458 0.157407 0.329857
0 0.258854 0.341667 0.021875 0.0796296 0.332676
13 0.159375 0.501852 0.1625 0.162963 0.333078
13 0.158333 0.505556 0.160417 0.155556 0.334221
13 0.158333 0.506481 0.160417 0.157407 0.335343
13 0.365104 0.558333 0.101042 0.116667 0.338671
0 0.259375 0.340741 0.0229167 0.0777778 0.342596
36 0.975521 0.955556 0.046875 0.0888889 0.343167
13 0.419271 0.460185 0.0385417 0.0833333 0.344414
13 0.365104 0.558333 0.101042 0.116667 0.346525
13 0.365104 0.558333 0.101042 0.116667 0.349724
36 0.975521 0.955556 0.046875 0.0888889 0.349953
0 0.607292 0.381481 0.03125 0.133333 0.358704
36 0.976042 0.956481 0.0479167 0.087037 0.358816
13 0.41875 0.460185 0.0395833 0.0833333 0.362841
13 0.41875 0.459259 0.0395833 0.0814815 0.372703
13 0.364062 0.556481 0.103125 0.112963 0.380164
13 0.159375 0.503704 0.160417 0.159259 0.380318
13 0.41875 0.460185 0.0416667 0.0833333 0.384873
36 0.976042 0.957407 0.0479167 0.0851852 0.386809
13 0.41875 0.460185 0.0416667 0.0833333 0.388615
13 0.159375 0.502778 0.1625 0.157407 0.38933
36 0.976042 0.957407 0.0479167 0.0851852 0.395653
0 0.480208 0.367593 0.0270833 0.135185 0.396279
0 0.258333 0.341667 0.0229167 0.0833333 0.401971
36 0.976042 0.958333 0.0479167 0.0833333 0.410616
36 0.976042 0.957407 0.0479167 0.0851852 0.411272
0 0.258333 0.341667 0.0229167 0.0833333 0.415555
13 0.41875 0.458333 0.0416667 0.0833333 0.425293
13 0.41875 0.458333 0.0416667 0.0833333 0.427808
0 0.258333 0.341667 0.0229167 0.0833333 0.428737
0 0.663021 0.359259 0.0197917 0.114815 0.43504
0 0.191667 0.336111 0.0625 0.157407 0.437687
13 0.364583 0.559259 0.10625 0.111111 0.438873
0 0.480208 0.366667 0.0270833 0.137037 0.451471
13 0.365104 0.559259 0.103125 0.114815 0.458097
0 0.192188 0.337037 0.0635417 0.159259 0.460444
0 0.607292 0.381481 0.0291667 0.137037 0.467895
13 0.364583 0.559259 0.102083 0.114815 0.473708
13 0.364583 0.559259 0.102083 0.114815 0.475102
0 0.607813 0.380556 0.0302083 0.138889 0.475367
0 0.663542 0.35463 0.0208333 0.105556 0.485834
13 0.363542 0.557407 0.104167 0.114815 0.488378
0 0.479688 0.367593 0.0260417 0.135185 0.493722
0 0.663021 0.356481 0.0197917 0.109259 0.493757
0 0.442187 0.366667 0.0260417 0.133333 0.496462
0 0.605729 0.377778 0.040625 0.140741 0.499996
0 0.663021 0.353704 0.0197917 0.107407 0.504169
0 0.6625 0.35463 0.0208333 0.105556 0.505465
0 0.480729 0.364815 0.0239583 0.133333 0.509397
0 0.192708 0.338889 0.0645833 0.155556 0.513403
0 0.663021 0.35463 0.0197917 0.105556 0.51926
0 0.441667 0.37037 0.0291667 0.12963 0.523237
0 0.480729 0.366667 0.0260417 0.137037 0.525558
0 0.193229 0.338889 0.0635417 0.155556 0.525588
0 0.442708 0.365741 0.0270833 0.116667 0.533466
0 0.6625 0.355556 0.0208333 0.107407 0.53566
0 0.6625 0.355556 0.0208333 0.107407 0.546227
0 0.606771 0.377778 0.0364583 0.140741 0.548006
0 0.608333 0.378704 0.0333333 0.135185 0.548367
0 0.959375 0.603704 0.08125 0.792593 0.568818
0 0.480729 0.363889 0.0260417 0.124074 0.57126
0 0.442708 0.364815 0.0270833 0.118519 0.580723
0 0.307813 0.421296 0.0677083 0.324074 0.585257
0 0.442708 0.364815 0.0270833 0.118519 0.585597
0 0.566146 0.373148 0.0322917 0.153704 0.587394
0 0.607292 0.377778 0.0375 0.137037 0.596593
0 0.959375 0.60463 0.08125 0.787037 0.598784
0 0.441667 0.371296 0.0291667 0.127778 0.604245
0 0.959896 0.64537 0.0802083 0.683333 0.604438
0 0.566146 0.373148 0.0322917 0.15 0.607424
0 0.442187 0.37037 0.028125 0.125926 0.60822
0 0.442187 0.369444 0.028125 0.131481 0.60846
0 0.19375 0.337037 0.0645833 0.159259 0.616377
0 0.191667 0.338889 0.06875 0.155556 0.62777
0 0.960417 0.646296 0.0791667 0.685185 0.635072
0 0.480208 0.364815 0.025 0.125926 0.639116
0 0.19375 0.337037 0.0645833 0.159259 0.640232
0 0.480729 0.363889 0.0260417 0.127778 0.642542
0 0.480208 0.367593 0.025 0.135185 0.64454
0 0.480208 0.366667 0.025 0.137037 0.653274
0 0.565625 0.371296 0.03125 0.153704 0.655411
0 0.19375 0.337037 0.0645833 0.159259 0.658872
0 0.565625 0.371296 0.03125 0.15 0.660067
0 0.192188 0.337037 0.0677083 0.155556 0.669293
0 0.192188 0.337963 0.0677083 0.157407 0.671188
0 0.308854 0.426852 0.0677083 0.338889 0.673974
0 0.442187 0.37037 0.028125 0.133333 0.674988
0 0.608333 0.378704 0.03125 0.135185 0.678816
0 0.442708 0.369444 0.0270833 0.131481 0.679133
0 0.309375 0.428704 0.0666667 0.331481 0.691561
0 0.480729 0.363889 0.0239583 0.135185 0.691576
0 0.480729 0.364815 0.0239583 0.133333 0.70144
0 0.309375 0.427778 0.0666667 0.340741 0.702555
0 0.309375 0.427778 0.0666667 0.32963 0.710667
0 0.309375 0.427778 0.0666667 0.32963 0.711735
0 0.442187 0.366667 0.0260417 0.137037 0.716792
0 0.308854 0.428704 0.0677083 0.338889 0.718212
0 0.192188 0.337037 0.065625 0.155556 0.719471
0 0.566146 0.372222 0.0322917 0.148148 0.724778
0 0.442708 0.366667 0.0270833 0.137037 0.724968
0 0.192188 0.337963 0.065625 0.153704 0.734156
0 0.565625 0.373148 0.03125 0.15 0.734854
0 0.566146 0.372222 0.0322917 0.148148 0.737846
0 0.565625 0.373148 0.03125 0.15 0.740256
0 0.192188 0.337963 0.065625 0.153704 0.746034
0 0.310417 0.427778 0.0645833 0.337037 0.755403
0 0.608333 0.378704 0.0333333 0.135185 0.755636
0 0.608333 0.378704 0.03125 0.135185 0.759309
0 0.565625 0.374074 0.03125 0.151852 0.768188
0 0.309896 0.427778 0.0635417 0.337037 0.770657
0 0.191667 0.337963 0.0666667 0.153704 0.771227
0 0.566146 0.372222 0.0322917 0.148148 0.772585
0 0.309896 0.426852 0.0635417 0.335185 0.773886
0 0.19375 0.337037 0.0645833 0.155556 0.776442
0 0.19375 0.336111 0.0645833 0.157407 0.777939
0 0.192708 0.337037 0.0645833 0.155556 0.781708
0 0.608333 0.377778 0.03125 0.137037 0.78296
0 0.565104 0.37037 0.0322917 0.151852 0.785376
0 0.192708 0.337963 0.0666667 0.157407 0.785486
0 0.192708 0.337037 0.0645833 0.155556 0.786178
0 0.608333 0.378704 0.03125 0.138889 0.786819
0 0.565104 0.371296 0.0322917 0.15 0.791919
0 0.608333 0.378704 0.03125 0.138889 0.792011
0 0.608333 0.378704 0.03125 0.138889 0.795664
0 0.192708 0.337037 0.0645833 0.155556 0.797885
0 0.608333 0.377778 0.03125 0.137037 0.809882
0 0.192188 0.337037 0.065625 0.155556 0.81011
0 0.608333 0.37963 0.03125 0.137037 0.814952
0 0.608333 0.378704 0.03125 0.138889 0.835197
0 0.959896 0.634259 0.0802083 0.67963 0.835694
0 0.960417 0.62037 0.0791667 0.733333 0.837928
0 0.608333 0.37963 0.03125 0.137037 0.838096
0 0.308854 0.428704 0.065625 0.338889 0.850725
0 0.959896 0.637963 0.0802083 0.694444 0.851823
0 0.308854 0.426852 0.065625 0.338889 0.860661
0 0.960938 0.621296 0.078125 0.731481 0.861735
0 0.959896 0.625 0.0802083 0.731481 0.871291
0 0.309375 0.428704 0.0645833 0.338889 0.871314
0 0.309896 0.426852 0.0635417 0.335185 0.873562
0 0.309896 0.426852 0.0635417 0.335185 0.882434
0 0.309896 0.426852 0.0635417 0.335185 0.882948
0 0.959896 0.625 0.0802083 0.727778 0.883986
