0 0.53125 0.390741 0.03125 0.114815 0.251762
0 0.53125 0.390741 0.03125 0.114815 0.25391
0 0.418229 0.346296 0.015625 0.0814815 0.256953
0 0.41875 0.344444 0.01875 0.0777778 0.258356
0 0.530208 0.400926 0.03125 0.109259 0.258707
0 0.559896 0.399074 0.0302083 0.12037 0.260836
0 0.540625 0.397222 0.0479167 0.116667 0.264221
0 0.559896 0.392593 0.0239583 0.118519 0.269817
0 0.559375 0.398148 0.0291667 0.118519 0.280382
0 0.559896 0.392593 0.0239583 0.118519 0.286119
0 0.459375 0.393519 0.06875 0.138889 0.295336
0 0.3625 0.353704 0.0145833 0.0592593 0.296381
0 0.363021 0.352778 0.015625 0.0574074 0.296611
0 0.588021 0.353704 0.0177083 0.0703704 0.296895
0 0.639063 0.382407 0.028125 0.127778 0.298916
0 0.361979 0.353704 0.015625 0.0592593 0.302065
0 0.639063 0.382407 0.028125 0.127778 0.30289
0 0.639063 0.382407 0.028125 0.127778 0.305577
0 0.589583 0.351852 0.0145833 0.0666667 0.306924
0 0.53125 0.400926 0.0291667 0.109259 0.315073
0 0.363021 0.352778 0.015625 0.0574074 0.315217
0 0.559375 0.398148 0.0291667 0.118519 0.319457
0 0.530729 0.399074 0.0302083 0.112963 0.325259
0 0.418229 0.346296 0.015625 0.0814815 0.325399
0 0.530729 0.396296 0.028125 0.114815 0.325706
0 0.478125 0.393519 0.025 0.135185 0.328161
0 0.459896 0.393519 0.065625 0.138889 0.332131
0 0.558854 0.398148 0.028125 0.118519 0.333453
0 0.589583 0.351852 0.0145833 0.0666667 0.333911
0 0.560417 0.39537 0.0270833 0.124074 0.337937
0 0.530729 0.396296 0.028125 0.111111 0.340287
0 0.530208 0.397222 0.0291667 0.112963 0.340526
0 0.361979 0.353704 0.015625 0.0592593 0.341552
0 0.530729 0.39537 0.0302083 0.116667 0.342712
0 0.589063 0.353704 0.015625 0.0740741 0.350721
0 0.41875 0.346296 0.0145833 0.0814815 0.36184
0 0.459896 0.393519 0.065625 0.138889 0.364512
0 0.588542 0.35463 0.0145833 0.0722222 0.373733
0 0.588542 0.353704 0.0166667 0.0703704 0.383235
0 0.560417 0.396296 0.0270833 0.122222 0.386659
0 0.560417 0.396296 0.0270833 0.122222 0.390939
0 0.559896 0.399074 0.028125 0.116667 0.391002
0 0.441146 0.390741 0.028125 0.155556 0.394133
0 0.0161458 0.37963 0.0260417 0.122222 0.396543
0 0.588021 0.353704 0.015625 0.0703704 0.406041
0 0.477604 0.394444 0.028125 0.137037 0.406968
0 0.441146 0.390741 0.028125 0.155556 0.41017
0 0.441146 0.383333 0.0322917 0.162963 0.411194
0 0.441146 0.390741 0.028125 0.155556 0.411295
0 0.559375 0.398148 0.0270833 0.118519 0.416488
0 0.558854 0.396296 0.0260417 0.118519 0.425418
0 0.441667 0.382407 0.0333333 0.161111 0.426304
0 0.589583 0.355556 0.0145833 0.0703704 0.432598
0 0.0166667 0.380556 0.025 0.127778 0.44133
0 0.588021 0.353704 0.015625 0.0703704 0.441569
0 0.0161458 0.378704 0.0260417 0.127778 0.441694
0 0.0171875 0.384259 0.0260417 0.12037 0.441967
0 0.0166667 0.380556 0.025 0.127778 0.444491
0 0.558854 0.397222 0.0260417 0.116667 0.453559
0 0.558854 0.397222 0.0260417 0.116667 0.453589
0 0.441667 0.383333 0.03125 0.159259 0.454203
0 0.589583 0.352778 0.0145833 0.0722222 0.455053
0 0.589583 0.352778 0.0145833 0.0722222 0.46148
0 0.0166667 0.383333 0.0270833 0.122222 0.46716
0 0.0166667 0.383333 0.0270833 0.122222 0.484805
0 0.0171875 0.383333 0.0260417 0.118519 0.490148
0 0.0166667 0.383333 0.025 0.122222 0.496578
0 0.0171875 0.382407 0.0260417 0.124074 0.50427
0 0.0161458 0.378704 0.0260417 0.127778 0.50751
0 0.0166667 0.383333 0.0270833 0.122222 0.539876
0 0.0161458 0.37963 0.0260417 0.125926 0.541327
0 0.781771 0.391667 0.0385417 0.183333 0.557266
0 0.0171875 0.383333 0.0260417 0.118519 0.566293
0 0.0171875 0.381481 0.0260417 0.122222 0.576434
0 0.781771 0.392593 0.0385417 0.188889 0.578093
0 0.441146 0.382407 0.0302083 0.157407 0.594062
0 0.441146 0.382407 0.0302083 0.157407 0.601636
0 0.781771 0.393519 0.0385417 0.187037 0.604361
0 0.0161458 0.383333 0.0260417 0.122222 0.607072
0 0.0171875 0.382407 0.0260417 0.124074 0.611622
0 0.0171875 0.382407 0.0260417 0.124074 0.627907
0 0.639063 0.380556 0.0302083 0.135185 0.636126
0 0.781771 0.392593 0.0385417 0.181481 0.638053
0 0.478125 0.39537 0.0270833 0.142593 0.653342
0 0.639063 0.378704 0.0302083 0.131481 0.655877
0 0.639063 0.380556 0.028125 0.135185 0.658301
0 0.478125 0.39537 0.0270833 0.142593 0.662432
0 0.781771 0.393519 0.0385417 0.17963 0.662759
0 0.478646 0.394444 0.0260417 0.144444 0.662864
0 0.639583 0.380556 0.0291667 0.135185 0.669145
0 0.478646 0.394444 0.0260417 0.144444 0.671624
0 0.781771 0.393519 0.0385417 0.17963 0.676429
0 0.639063 0.380556 0.0302083 0.131481 0.679227
0 0.478125 0.39537 0.0270833 0.142593 0.679768
0 0.782292 0.392593 0.0375 0.185185 0.683754
0 0.781771 0.393519 0.0385417 0.17963 0.687235
0 0.478125 0.39537 0.0270833 0.138889 0.71022
0 0.781771 0.391667 0.0385417 0.183333 0.719697
0 0.477604 0.39537 0.028125 0.142593 0.722584
0 0.781771 0.392593 0.0364583 0.185185 0.725772
0 0.638542 0.380556 0.0291667 0.127778 0.733645
0 0.781771 0.393519 0.0364583 0.187037 0.746892
0 0.478125 0.39537 0.0270833 0.142593 0.749485
0 0.782292 0.390741 0.0395833 0.181481 0.755225
0 0.478125 0.39537 0.0270833 0.142593 0.759244
0 0.639063 0.378704 0.0302083 0.131481 0.760893
0 0.478125 0.39537 0.0270833 0.142593 0.765623
0 0.441667 0.389815 0.0291667 0.157407 0.766789
0 0.638542 0.380556 0.0291667 0.127778 0.769018
0 0.441667 0.388889 0.0291667 0.159259 0.770979
0 0.639063 0.37963 0.0302083 0.12963 0.773399
0 0.781771 0.389815 0.0385417 0.183333 0.774495
0 0.638542 0.380556 0.0291667 0.127778 0.776807
0 0.638542 0.380556 0.0291667 0.131481 0.778295
0 0.639063 0.378704 0.0302083 0.131481 0.778868
0 0.639063 0.37963 0.0302083 0.133333 0.779385
0 0.639063 0.37963 0.0302083 0.12963 0.779576
0 0.477604 0.394444 0.028125 0.144444 0.786718
0 0.441667 0.388889 0.0291667 0.159259 0.793044
0 0.639063 0.37963 0.0302083 0.133333 0.796651
0 0.477604 0.394444 0.028125 0.144444 0.797576
0 0.441146 0.386111 0.0322917 0.157407 0.799766
0 0.441146 0.386111 0.0322917 0.161111 0.801501
0 0.441146 0.386111 0.0302083 0.157407 0.813599
0 0.441146 0.386111 0.0302083 0.153704 0.816706
