0 0.213542 0.362037 0.0291667 0.112963 0.251569
0 0.490104 0.372222 0.0260417 0.133333 0.257095
0 0.490104 0.372222 0.0260417 0.133333 0.257252
26 0.678646 0.368519 0.0260417 0.0777778 0.257845
0 0.1875 0.482407 0.13125 0.442593 0.258924
0 0.491146 0.383333 0.0302083 0.137037 0.259264
0 0.491146 0.383333 0.0302083 0.137037 0.262609
0 0.1875 0.482407 0.13125 0.442593 0.264604
0 0.599479 0.383333 0.028125 0.125926 0.265213
0 0.599479 0.383333 0.028125 0.125926 0.269917
0 0.46875 0.368519 0.025 0.0962963 0.277173
0 0.213021 0.362037 0.028125 0.112963 0.283895
0 0.596875 0.37963 0.0333333 0.125926 0.294798
0 0.213542 0.362963 0.0291667 0.114815 0.296515
0 0.429167 0.377778 0.0291667 0.137037 0.299336
0 0.510938 0.351852 0.0177083 0.0777778 0.302926
0 0.600521 0.378704 0.0302083 0.127778 0.3254
0 0.601562 0.37963 0.0302083 0.12963 0.327597
0 0.510938 0.351852 0.0177083 0.0814815 0.327846
0 0.429167 0.375 0.0291667 0.124074 0.333717
0 0.209375 0.364815 0.0208333 0.118519 0.334149
0 0.209375 0.364815 0.0208333 0.118519 0.337171
0 0.428646 0.380556 0.0302083 0.157407 0.34055
0 0.428646 0.380556 0.0302083 0.153704 0.343267
0 0.209375 0.363889 0.0208333 0.116667 0.346563
0 0.429167 0.374074 0.0291667 0.133333 0.350043
0 0.429167 0.375 0.0291667 0.135185 0.35405
0 0.510938 0.351852 0.0177083 0.0814815 0.355491
0 0.601042 0.376852 0.0291667 0.127778 0.381593
0 0.489583 0.378704 0.03125 0.138889 0.389268
0 0.489062 0.378704 0.0260417 0.127778 0.401472
0 0.601042 0.377778 0.0291667 0.125926 0.4047
0 0.600521 0.376852 0.0302083 0.127778 0.410303
0 0.185417 0.471296 0.129167 0.453704 0.426051
0 0.185417 0.471296 0.129167 0.453704 0.4354
0 0.209896 0.362037 0.021875 0.109259 0.446098
0 0.185417 0.47037 0.13125 0.451852 0.453719
0 0.209896 0.362037 0.021875 0.109259 0.454726
0 0.489583 0.37963 0.0291667 0.137037 0.45632
0 0.209896 0.362037 0.021875 0.109259 0.456555
0 0.2125 0.362037 0.0291667 0.109259 0.463583
0 0.2125 0.362037 0.0291667 0.109259 0.479243
0 0.213021 0.361111 0.028125 0.111111 0.485077
0 0.211979 0.362037 0.0260417 0.109259 0.493466
0 0.490625 0.378704 0.0291667 0.135185 0.49377
0 0.211979 0.362037 0.0260417 0.112963 0.494225
0 0.188021 0.472222 0.128125 0.440741 0.504384
0 0.491146 0.378704 0.0302083 0.146296 0.504944
0 0.188542 0.473148 0.129167 0.45 0.505977
0 0.429167 0.375926 0.0270833 0.140741 0.506125
0 0.331771 0.372222 0.021875 0.1 0.506472
0 0.491146 0.378704 0.0302083 0.146296 0.508673
0 0.429167 0.375926 0.0270833 0.140741 0.509292
0 0.188542 0.472222 0.129167 0.448148 0.520992
0 0.489062 0.37963 0.0260417 0.137037 0.524376
0 0.489062 0.37963 0.0260417 0.12963 0.52468
0 0.189583 0.475926 0.13125 0.448148 0.525297
0 0.657812 0.400926 0.0572917 0.242593 0.525645
0 0.489062 0.37963 0.0260417 0.137037 0.531157
0 0.490625 0.377778 0.03125 0.144444 0.531159
0 0.189583 0.475 0.13125 0.45 0.536163
0 0.490104 0.378704 0.028125 0.135185 0.538421
0 0.189063 0.475926 0.130208 0.448148 0.538449
0 0.658333 0.400926 0.0583333 0.242593 0.550132
0 0.490104 0.378704 0.028125 0.135185 0.5564
0 0.658854 0.4 0.0572917 0.244444 0.566755
0 0.490104 0.378704 0.028125 0.135185 0.567418
0 0.331771 0.368519 0.0197917 0.103704 0.581324
0 0.661979 0.399074 0.0552083 0.242593 0.586616
0 0.661979 0.400926 0.053125 0.242593 0.595405
0 0.332292 0.368519 0.0208333 0.0962963 0.599711
0 0.660417 0.4 0.05625 0.244444 0.602606
0 0.430208 0.378704 0.0291667 0.138889 0.648034
0 0.660417 0.4 0.05625 0.244444 0.648084
0 0.489062 0.378704 0.0260417 0.135185 0.650649
0 0.332292 0.369444 0.0208333 0.0981481 0.65365
0 0.331771 0.369444 0.0197917 0.0981481 0.654623
0 0.430208 0.378704 0.0291667 0.138889 0.659198
0 0.489062 0.37963 0.0260417 0.133333 0.664787
0 0.599479 0.37963 0.0302083 0.125926 0.677858
0 0.6 0.380556 0.0291667 0.127778 0.682111
0 0.331771 0.366667 0.0197917 0.103704 0.690345
0 0.6 0.37963 0.0291667 0.12963 0.695158
0 0.331771 0.366667 0.0197917 0.103704 0.710792
0 0.660417 0.4 0.05625 0.244444 0.712641
0 0.6 0.37963 0.0291667 0.125926 0.712645
0 0.430208 0.378704 0.0291667 0.138889 0.715177
0 0.331771 0.366667 0.0197917 0.103704 0.716505
0 0.6 0.380556 0.0291667 0.127778 0.719545
0 0.331771 0.37037 0.0197917 0.1 0.722934
0 0.430208 0.380556 0.0291667 0.15 0.724754
0 0.599479 0.37963 0.0302083 0.125926 0.728104
0 0.430208 0.381481 0.0291667 0.148148 0.732882
0 0.659896 0.400926 0.0572917 0.246296 0.739227
0 0.599479 0.37963 0.0302083 0.12963 0.740237
0 0.599479 0.37963 0.0302083 0.12963 0.741505
0 0.430208 0.381481 0.0291667 0.148148 0.743906
0 0.599479 0.37963 0.0302083 0.125926 0.743998
0 0.430208 0.37963 0.0291667 0.144444 0.748917
0 0.430208 0.378704 0.0291667 0.146296 0.753268
0 0.6 0.37963 0.0291667 0.125926 0.753451
0 0.6 0.37963 0.0291667 0.125926 0.759198
0 0.660417 0.401852 0.05625 0.248148 0.759728
0 0.599479 0.378704 0.0302083 0.131481 0.763102
0 0.661458 0.400926 0.0541667 0.253704 0.765409
0 0.660417 0.401852 0.05625 0.244444 0.775335
0 0.430208 0.378704 0.0291667 0.146296 0.782922
0 0.660417 0.401852 0.05625 0.244444 0.784154
0 0.660417 0.401852 0.05625 0.244444 0.790223
0 0.659896 0.4 0.0572917 0.248148 0.802252
0 0.429167 0.377778 0.0291667 0.148148 0.818469
0 0.429167 0.377778 0.0291667 0.144444 0.826582
0 0.661458 0.399074 0.05625 0.253704 0.832329
0 0.1875 0.471296 0.127083 0.457407 0.874738
0 0.1875 0.474074 0.129167 0.444444 0.881179
0 0.188021 0.471296 0.128125 0.457407 0.892236
0 0.1875 0.473148 0.129167 0.442593 0.895409
0 0.1875 0.471296 0.129167 0.457407 0.89601
0 0.188021 0.474074 0.128125 0.444444 0.897863
0 0.1875 0.474074 0.129167 0.444444 0.89853
0 0.188021 0.473148 0.130208 0.446296 0.902069
0 0.188021 0.474074 0.130208 0.444444 0.90745
