13 0.328125 0.775926 0.28125 0.4 0.252859
0 0.790104 0.382407 0.0239583 0.146296 0.25443
0 0.126042 0.374074 0.0270833 0.118519 0.255323
0 0.472396 0.383333 0.0260417 0.133333 0.256247
0 0.452604 0.353704 0.015625 0.0888889 0.256631
0 0.953125 0.514815 0.0916667 0.433333 0.257655
36 0.827083 0.793519 0.0625 0.087037 0.262896
0 0.452083 0.352778 0.0145833 0.087037 0.266447
0 0.378125 0.359259 0.025 0.118519 0.268216
0 0.791667 0.374074 0.025 0.140741 0.271456
0 0.949479 0.532407 0.101042 0.553704 0.272875
0 0.474479 0.377778 0.0302083 0.137037 0.276898
36 0.827604 0.79537 0.0614583 0.0833333 0.279327
0 0.288021 0.364815 0.0302083 0.133333 0.281578
36 0.827604 0.79537 0.0614583 0.0833333 0.28178
36 0.827083 0.792593 0.0604167 0.0777778 0.285641
36 0.827083 0.792593 0.0625 0.0851852 0.287262
0 0.790104 0.381481 0.0239583 0.151852 0.291213
0 0.415625 0.357407 0.0229167 0.122222 0.293548
0 0.415625 0.357407 0.0229167 0.125926 0.295144
0 0.839583 0.537963 0.09375 0.531482 0.297161
36 0.827083 0.792593 0.0604167 0.0777778 0.298961
0 0.834375 0.551852 0.0916667 0.548148 0.29917
0 0.790625 0.37963 0.025 0.148148 0.301213
0 0.419271 0.360185 0.0260417 0.116667 0.30578
24 0.965625 0.482407 0.0666667 0.212963 0.307887
0 0.416146 0.357407 0.021875 0.125926 0.308571
0 0.443229 0.353704 0.0197917 0.103704 0.308892
24 0.968229 0.478704 0.0635417 0.216667 0.308972
0 0.834375 0.55 0.0916667 0.544444 0.312839
0 0.441667 0.351852 0.01875 0.0925926 0.314026
0 0.420312 0.360185 0.0260417 0.116667 0.317448
0 0.441667 0.350926 0.01875 0.0981481 0.319113
13 0.357292 0.783333 0.327083 0.414815 0.319422
36 0.826563 0.792593 0.0635417 0.0851852 0.322926
0 0.473437 0.37963 0.028125 0.137037 0.325797
0 0.949479 0.515741 0.101042 0.464815 0.326565
0 0.425521 0.359259 0.0385417 0.107407 0.327467
0 0.125521 0.377778 0.0260417 0.118519 0.333337
13 0.357292 0.783333 0.327083 0.411111 0.334105
0 0.441667 0.351852 0.01875 0.0962963 0.334786
13 0.356771 0.783333 0.328125 0.414815 0.338418
24 0.96875 0.47963 0.0625 0.218519 0.342485
36 0.826563 0.792593 0.0614583 0.0851852 0.345441
24 0.96875 0.47963 0.0625 0.218519 0.351713
13 0.341667 0.782407 0.302083 0.412963 0.354958
0 0.428646 0.355556 0.0322917 0.107407 0.356585
0 0.472396 0.384259 0.0260417 0.138889 0.367843
0 0.474479 0.377778 0.0302083 0.151852 0.368231
13 0.341667 0.783333 0.302083 0.411111 0.36878
0 0.471875 0.377778 0.0333333 0.148148 0.371053
0 0.472396 0.384259 0.0260417 0.138889 0.371758
13 0.342708 0.783333 0.302083 0.411111 0.37361
0 0.474479 0.377778 0.0302083 0.148148 0.380713
36 0.827604 0.793519 0.0614583 0.0833333 0.382685
0 0.428646 0.355556 0.0322917 0.111111 0.385409
0 0.428646 0.35463 0.0302083 0.109259 0.394475
0 0.946354 0.533333 0.103125 0.574074 0.404989
0 0.441667 0.351852 0.0208333 0.0925926 0.418125
0 0.441667 0.351852 0.0208333 0.0962963 0.421476
0 0.286458 0.362037 0.03125 0.135185 0.424911
36 0.827083 0.794444 0.0604167 0.0814815 0.434613
0 0.441667 0.351852 0.0208333 0.0962963 0.438038
0 0.125521 0.377778 0.0260417 0.114815 0.440349
36 0.827604 0.793519 0.0614583 0.0833333 0.446804
0 0.948958 0.534259 0.1 0.542593 0.456295
0 0.2875 0.362963 0.0291667 0.133333 0.469269
0 0.838542 0.55 0.0958333 0.548148 0.47232
0 0.0546875 0.375 0.021875 0.101852 0.472658
0 0.288021 0.363889 0.0302083 0.138889 0.473193
0 0.838542 0.549074 0.0979167 0.553704 0.478059
0 0.288021 0.363889 0.0302083 0.138889 0.478273
36 0.827604 0.79537 0.0614583 0.0833333 0.485625
0 0.126042 0.376852 0.0270833 0.12037 0.487145
36 0.827083 0.79537 0.0604167 0.0833333 0.491994
0 0.0541667 0.375 0.0208333 0.101852 0.497113
36 0.827083 0.794444 0.0625 0.0814815 0.497994
0 0.0541667 0.374074 0.0208333 0.103704 0.501352
0 0.125521 0.375926 0.0260417 0.118519 0.505084
36 0.827604 0.794444 0.0614583 0.0851852 0.50611
0 0.377083 0.360185 0.0229167 0.116667 0.507414
0 0.286979 0.365741 0.0302083 0.142593 0.519514
0 0.560417 0.373148 0.0354167 0.190741 0.520112
0 0.286979 0.365741 0.0302083 0.142593 0.522129
0 0.560417 0.373148 0.0354167 0.190741 0.523303
0 0.378646 0.359259 0.021875 0.111111 0.548069
0 0.0541667 0.373148 0.0208333 0.0981481 0.549568
0 0.378646 0.359259 0.021875 0.114815 0.556499
0 0.946354 0.530556 0.103125 0.575926 0.559948
0 0.419271 0.358333 0.0239583 0.12037 0.570717
0 0.378646 0.359259 0.021875 0.111111 0.576399
0 0.126042 0.375926 0.025 0.118519 0.592234
0 0.125521 0.376852 0.0260417 0.12037 0.592423
0 0.419792 0.358333 0.0229167 0.12037 0.593392
0 0.419271 0.358333 0.0239583 0.124074 0.601572
0 0.125521 0.378704 0.0239583 0.116667 0.604065
0 0.378646 0.360185 0.021875 0.116667 0.615399
0 0.419792 0.359259 0.0229167 0.114815 0.623876
0 0.378646 0.360185 0.021875 0.116667 0.630366
0 0.2875 0.362963 0.03125 0.137037 0.634483
0 0.2875 0.362963 0.03125 0.137037 0.637849
0 0.378646 0.360185 0.021875 0.116667 0.648777
0 0.0546875 0.373148 0.0197917 0.0981481 0.649658
0 0.379167 0.361111 0.0229167 0.114815 0.656442
0 0.0546875 0.37037 0.021875 0.1 0.667995
0 0.0552083 0.372222 0.0208333 0.0962963 0.669744
0 0.286458 0.362037 0.03125 0.138889 0.675578
0 0.420312 0.360185 0.021875 0.116667 0.676964
0 0.286979 0.364815 0.0322917 0.137037 0.677172
0 0.420312 0.361111 0.021875 0.114815 0.681942
0 0.0546875 0.373148 0.0197917 0.0944444 0.683138
0 0.378646 0.362037 0.021875 0.116667 0.683169
0 0.286458 0.362037 0.03125 0.138889 0.683196
0 0.0552083 0.371296 0.0208333 0.101852 0.687305
0 0.0552083 0.373148 0.0208333 0.0944444 0.688079
0 0.286979 0.364815 0.0322917 0.137037 0.690424
0 0.378646 0.361111 0.021875 0.114815 0.690885
0 0.473437 0.378704 0.0302083 0.146296 0.69115
0 0.0552083 0.371296 0.0208333 0.101852 0.694884
0 0.286458 0.365741 0.03125 0.138889 0.695274
0 0.474479 0.378704 0.0302083 0.146296 0.697659
0 0.379167 0.361111 0.0208333 0.118519 0.700193
0 0.378646 0.361111 0.021875 0.114815 0.701289
0 0.2875 0.366667 0.03125 0.137037 0.701552
0 0.560417 0.374074 0.0354167 0.192593 0.703513
0 0.420312 0.361111 0.021875 0.114815 0.70482
0 0.474479 0.377778 0.0302083 0.148148 0.705996
0 0.473437 0.378704 0.0302083 0.146296 0.709514
0 0.560417 0.374074 0.0354167 0.192593 0.711598
0 0.474479 0.377778 0.0302083 0.144444 0.711738
0 0.560938 0.374074 0.034375 0.192593 0.714412
0 0.475 0.37963 0.03125 0.148148 0.716129
0 0.473437 0.378704 0.0302083 0.146296 0.718168
0 0.0552083 0.373148 0.01875 0.0981481 0.720843
0 0.286979 0.364815 0.0322917 0.137037 0.720955
0 0.474479 0.37963 0.0302083 0.148148 0.724213
0 0.838542 0.540741 0.0958333 0.533333 0.725367
0 0.2875 0.366667 0.03125 0.140741 0.729941
0 0.126042 0.376852 0.025 0.116667 0.737761
0 0.473437 0.37963 0.028125 0.148148 0.73924
0 0.473437 0.378704 0.028125 0.146296 0.746678
0 0.126042 0.377778 0.025 0.118519 0.754183
0 0.419271 0.360185 0.021875 0.116667 0.755088
0 0.943229 0.537963 0.101042 0.55 0.757001
0 0.125521 0.375926 0.0260417 0.118519 0.760366
0 0.125521 0.375926 0.0260417 0.118519 0.762628
0 0.126042 0.376852 0.025 0.116667 0.763588
0 0.943229 0.537963 0.101042 0.546296 0.766431
0 0.125521 0.376852 0.0260417 0.116667 0.775017
0 0.945312 0.534259 0.103125 0.564815 0.780604
0 0.838542 0.541667 0.0979167 0.542593 0.786157
0 0.838542 0.54537 0.0958333 0.542593 0.786884
0 0.126042 0.377778 0.025 0.118519 0.787081
0 0.94375 0.533333 0.102083 0.551852 0.78796
0 0.839063 0.541667 0.0947917 0.538889 0.793964
0 0.126042 0.376852 0.025 0.116667 0.797509
0 0.838021 0.539815 0.096875 0.55 0.808944
0 0.94375 0.532407 0.102083 0.553704 0.817909
0 0.838021 0.540741 0.096875 0.544444 0.822832
0 0.560417 0.374074 0.0354167 0.192593 0.827996
0 0.559375 0.374074 0.0354167 0.192593 0.828797
0 0.559375 0.374074 0.0333333 0.192593 0.834301
0 0.945833 0.534259 0.104167 0.564815 0.83642
0 0.838021 0.542593 0.096875 0.544444 0.836684
0 0.560417 0.374074 0.0354167 0.192593 0.839083
0 0.560417 0.374074 0.0354167 0.192593 0.845893
0 0.560417 0.375 0.0354167 0.194444 0.846081
0 0.838542 0.54537 0.0958333 0.542593 0.847702
0 0.560417 0.374074 0.0354167 0.192593 0.85819
0 0.560417 0.374074 0.0354167 0.192593 0.86571
0 0.560417 0.373148 0.0354167 0.194444 0.873912
0 0.560417 0.373148 0.0354167 0.194444 0.875403
