0 0.834375 0.389815 0.025 0.15 0.25152
0 0.341146 0.358333 0.021875 0.0685185 0.252261
0 0.41875 0.347222 0.0166667 0.0759259 0.256915
0 0.279167 0.375 0.0125 0.0759259 0.258102
0 0.402604 0.35 0.0177083 0.0740741 0.26217
0 0.545833 0.393519 0.03125 0.135185 0.262191
0 0.341146 0.358333 0.021875 0.0685185 0.262302
13 0.397396 0.44537 0.103125 0.0796296 0.264354
0 0.403125 0.347222 0.01875 0.0796296 0.267246
0 0.834375 0.390741 0.025 0.148148 0.270244
0 0.402604 0.346296 0.0177083 0.0777778 0.271676
0 0.402604 0.347222 0.0177083 0.0796296 0.272424
0 0.834375 0.388889 0.0270833 0.144444 0.27626
0 0.545313 0.391667 0.0302083 0.135185 0.279039
0 0.41875 0.347222 0.0166667 0.0759259 0.284418
0 0.498958 0.369444 0.0208333 0.0981481 0.285954
0 0.279167 0.375926 0.0125 0.0777778 0.286039
0 0.498958 0.369444 0.0208333 0.101852 0.286419
13 0.389062 0.447222 0.117708 0.0833333 0.28843
0 0.834375 0.388889 0.0270833 0.140741 0.29362
0 0.0140625 0.42963 0.028125 0.188889 0.296423
13 0.394271 0.448148 0.0989583 0.0814815 0.299733
0 0.289583 0.377778 0.025 0.1 0.300591
13 0.394271 0.447222 0.0989583 0.0796296 0.301505
0 0.402604 0.347222 0.0177083 0.0796296 0.3025
0 0.498958 0.369444 0.0208333 0.101852 0.302657
0 0.288542 0.375926 0.0229167 0.103704 0.304657
0 0.0135417 0.428704 0.0270833 0.187037 0.311812
0 0.835417 0.388889 0.0270833 0.144444 0.314758
0 0.970312 0.538889 0.059375 0.577778 0.316055
0 0.441146 0.361111 0.0239583 0.111111 0.324095
0 0.5 0.366667 0.01875 0.0851852 0.325199
36 0.977083 0.812037 0.0458333 0.0611111 0.329122
0 0.0140625 0.42963 0.028125 0.185185 0.330171
0 0.970312 0.540741 0.059375 0.559259 0.331913
0 0.5 0.366667 0.01875 0.0888889 0.33229
36 0.975521 0.816667 0.0489583 0.0555556 0.333244
36 0.976042 0.816667 0.0458333 0.0555556 0.33375
36 0.977604 0.811111 0.0447917 0.062963 0.33383
36 0.976562 0.817593 0.046875 0.0537037 0.334576
36 0.977604 0.812037 0.0447917 0.0611111 0.335269
36 0.976562 0.817593 0.046875 0.0537037 0.338778
0 0.441146 0.363889 0.0260417 0.109259 0.338834
0 0.5 0.365741 0.01875 0.087037 0.340204
0 0.835417 0.387963 0.0270833 0.142593 0.343808
36 0.976562 0.817593 0.046875 0.0537037 0.343887
36 0.976042 0.815741 0.0479167 0.0574074 0.345132
0 0.441146 0.365741 0.0260417 0.112963 0.345178
0 0.439583 0.362037 0.025 0.116667 0.346135
0 0.440104 0.362037 0.0239583 0.116667 0.349343
0 0.480208 0.368519 0.0291667 0.114815 0.354776
36 0.976042 0.815741 0.0479167 0.0574074 0.355388
0 0.834896 0.388889 0.0260417 0.144444 0.360592
36 0.977604 0.814815 0.0447917 0.0592593 0.3619
36 0.976562 0.817593 0.046875 0.0537037 0.362951
0 0.440625 0.368519 0.0229167 0.107407 0.364491
0 0.440104 0.362037 0.0239583 0.116667 0.369872
0 0.341146 0.355556 0.021875 0.0666667 0.372452
0 0.495313 0.371296 0.0260417 0.0981481 0.375778
0 0.441146 0.369444 0.021875 0.109259 0.375821
0 0.500521 0.367593 0.0177083 0.0944444 0.377711
36 0.977083 0.815741 0.0458333 0.0574074 0.380074
0 0.290104 0.378704 0.021875 0.105556 0.384016
0 0.290104 0.378704 0.021875 0.105556 0.385041
0 0.340625 0.356481 0.0229167 0.0685185 0.386324
36 0.977083 0.814815 0.0458333 0.0592593 0.389043
0 0.290104 0.378704 0.021875 0.105556 0.39007
0 0.441146 0.369444 0.021875 0.109259 0.393502
0 0.834896 0.388889 0.0260417 0.144444 0.396479
0 0.280729 0.378704 0.015625 0.0981481 0.39648
0 0.495833 0.371296 0.0270833 0.101852 0.398337
0 0.280729 0.378704 0.015625 0.0944444 0.402091
0 0.0135417 0.433333 0.0270833 0.2 0.405612
0 0.495833 0.37037 0.0270833 0.1 0.408603
0 0.0135417 0.432407 0.0270833 0.194444 0.410345
0 0.340625 0.355556 0.0229167 0.0666667 0.410664
36 0.977083 0.815741 0.0458333 0.0574074 0.413139
0 0.280729 0.37963 0.015625 0.0962963 0.418241
0 0.499479 0.366667 0.0177083 0.0925926 0.441406
0 0.341667 0.358333 0.0208333 0.0722222 0.45311
0 0.339583 0.356481 0.0229167 0.0685185 0.464411
0 0.340625 0.355556 0.0229167 0.0703704 0.46624
0 0.0140625 0.438889 0.028125 0.188889 0.468255
0 0.340625 0.355556 0.0229167 0.0703704 0.471064
0 0.0140625 0.438889 0.028125 0.188889 0.475341
0 0.968229 0.556481 0.0635417 0.553704 0.485848
0 0.340625 0.355556 0.0229167 0.0703704 0.489633
0 0.499479 0.368519 0.0177083 0.0888889 0.490527
0 0.340104 0.356481 0.021875 0.0685185 0.492822
0 0.0140625 0.438889 0.028125 0.188889 0.496511
0 0.499479 0.368519 0.0177083 0.0888889 0.507274
0 0.0145833 0.430556 0.0291667 0.209259 0.507373
0 0.0145833 0.431481 0.0291667 0.211111 0.51252
0 0.499479 0.368519 0.0177083 0.0888889 0.520175
0 0.968229 0.556481 0.0635417 0.557407 0.525015
0 0.483854 0.371296 0.021875 0.109259 0.525339
0 0.546354 0.394444 0.0302083 0.148148 0.527904
0 0.545833 0.394444 0.03125 0.148148 0.531447
0 0.968229 0.557407 0.0635417 0.551852 0.53228
0 0.0145833 0.435185 0.0291667 0.196296 0.546466
0 0.0145833 0.434259 0.0291667 0.194444 0.554159
0 0.0552083 0.427778 0.0541667 0.218519 0.554734
0 0.0130208 0.436111 0.0260417 0.198148 0.559923
0 0.053125 0.427778 0.05625 0.22963 0.563479
0 0.0130208 0.436111 0.0260417 0.198148 0.57075
0 0.053125 0.426852 0.0583333 0.231481 0.57975
0 0.482812 0.372222 0.0197917 0.114815 0.591148
0 0.601562 0.381481 0.0322917 0.174074 0.592361
0 0.483854 0.373148 0.021875 0.112963 0.593494
0 0.0552083 0.427778 0.0541667 0.218519 0.59949
0 0.601042 0.382407 0.03125 0.172222 0.602222
0 0.545313 0.393519 0.0302083 0.153704 0.604203
0 0.194792 0.394444 0.0291667 0.118519 0.61054
0 0.482812 0.372222 0.0197917 0.118519 0.612556
0 0.441146 0.364815 0.0239583 0.107407 0.614384
0 0.482812 0.372222 0.0197917 0.118519 0.615212
0 0.545313 0.393519 0.0302083 0.153704 0.61732
0 0.545313 0.393519 0.0302083 0.153704 0.617868
0 0.194792 0.394444 0.0291667 0.118519 0.62978
0 0.194271 0.39537 0.028125 0.116667 0.637927
0 0.441146 0.365741 0.0239583 0.112963 0.64275
0 0.0536458 0.431481 0.0572917 0.225926 0.642995
0 0.05625 0.42963 0.0541667 0.222222 0.643019
0 0.0567708 0.430556 0.053125 0.224074 0.648495
0 0.482812 0.373148 0.0197917 0.112963 0.650001
0 0.482292 0.372222 0.0208333 0.111111 0.650651
0 0.482292 0.372222 0.0208333 0.111111 0.652038
0 0.969271 0.556481 0.0614583 0.564815 0.660525
0 0.969271 0.556481 0.0614583 0.564815 0.66139
0 0.441146 0.367593 0.0239583 0.109259 0.662188
0 0.0546875 0.427778 0.0552083 0.218519 0.666599
0 0.0541667 0.431481 0.05625 0.225926 0.672158
0 0.441146 0.367593 0.0239583 0.109259 0.676159
0 0.0140625 0.435185 0.028125 0.192593 0.680048
0 0.0140625 0.435185 0.028125 0.192593 0.680731
0 0.441146 0.366667 0.0239583 0.107407 0.682878
0 0.441146 0.367593 0.0239583 0.105556 0.684364
0 0.195312 0.394444 0.028125 0.114815 0.686868
0 0.545313 0.392593 0.0302083 0.148148 0.687343
0 0.545313 0.392593 0.0302083 0.148148 0.691204
0 0.0541667 0.431481 0.05625 0.225926 0.694743
0 0.440625 0.365741 0.0229167 0.109259 0.700982
0 0.968229 0.548148 0.0635417 0.555556 0.705782
0 0.441146 0.365741 0.0239583 0.109259 0.708911
0 0.96875 0.548148 0.0625 0.559259 0.71828
0 0.195833 0.397222 0.0270833 0.12037 0.723685
0 0.195312 0.397222 0.028125 0.12037 0.728977
0 0.545833 0.392593 0.03125 0.151852 0.731405
0 0.195312 0.394444 0.028125 0.118519 0.735286
0 0.195312 0.394444 0.028125 0.114815 0.740162
0 0.545313 0.392593 0.0322917 0.151852 0.741275
0 0.0140625 0.435185 0.028125 0.196296 0.742956
0 0.545313 0.391667 0.0302083 0.153704 0.749336
0 0.195833 0.397222 0.0270833 0.12037 0.749846
0 0.545313 0.392593 0.0302083 0.148148 0.75801
0 0.0541667 0.431481 0.0541667 0.225926 0.759601
0 0.545313 0.392593 0.0302083 0.148148 0.761017
0 0.0541667 0.430556 0.05625 0.224074 0.762359
0 0.601562 0.380556 0.0302083 0.164815 0.762875
0 0.544792 0.392593 0.03125 0.151852 0.763273
0 0.195312 0.39537 0.028125 0.116667 0.765368
0 0.969271 0.555556 0.0614583 0.551852 0.766571
0 0.545313 0.392593 0.0302083 0.151852 0.766582
0 0.195312 0.394444 0.028125 0.114815 0.769918
0 0.601562 0.380556 0.0302083 0.164815 0.774363
0 0.545313 0.392593 0.0302083 0.148148 0.775396
0 0.601562 0.380556 0.0302083 0.164815 0.77875
0 0.195312 0.394444 0.028125 0.114815 0.781206
0 0.195312 0.39537 0.028125 0.116667 0.781774
0 0.0546875 0.42963 0.0552083 0.22963 0.782107
0 0.0541667 0.430556 0.05625 0.224074 0.785908
0 0.195312 0.39537 0.028125 0.116667 0.788849
0 0.602083 0.37963 0.03125 0.162963 0.793041
0 0.602083 0.37963 0.03125 0.166667 0.79951
0 0.0536458 0.430556 0.0552083 0.224074 0.807108
0 0.0546875 0.42963 0.0552083 0.233333 0.809523
0 0.0546875 0.430556 0.0552083 0.22037 0.811059
0 0.195833 0.394444 0.0270833 0.118519 0.818771
0 0.602083 0.380556 0.03125 0.164815 0.819978
0 0.0541667 0.42963 0.05625 0.222222 0.820066
0 0.194792 0.39537 0.0270833 0.12037 0.826918
0 0.194792 0.39537 0.0270833 0.124074 0.827403
0 0.601562 0.380556 0.0302083 0.164815 0.83001
0 0.969271 0.550926 0.0614583 0.568519 0.836228
0 0.601562 0.380556 0.0302083 0.164815 0.841489
0 0.969271 0.556481 0.0614583 0.553704 0.841493
0 0.194792 0.39537 0.0270833 0.12037 0.846186
0 0.602083 0.381481 0.03125 0.166667 0.846464
0 0.969271 0.550926 0.0614583 0.568519 0.848292
0 0.601562 0.381481 0.0322917 0.166667 0.851761
0 0.602083 0.381481 0.03125 0.166667 0.859369
0 0.601042 0.381481 0.03125 0.166667 0.868875
0 0.601042 0.381481 0.03125 0.162963 0.868894
0 0.969271 0.557407 0.0614583 0.551852 0.874327
