0 0.478646 0.35463 0.046875 0.146296 0.253899
0 0.369271 0.316667 0.0177083 0.0777778 0.254139
0 0.467187 0.358333 0.0260417 0.153704 0.255192
0 0.507292 0.350926 0.025 0.131481 0.256543
0 0.526042 0.322222 0.0145833 0.062963 0.257399
0 0.467187 0.358333 0.0260417 0.153704 0.260725
0 0.507292 0.351852 0.025 0.12963 0.261812
0 0.143229 0.347222 0.0322917 0.131481 0.265907
0 0.364062 0.312037 0.015625 0.0685185 0.266437
0 0.488021 0.337037 0.0177083 0.0851852 0.266686
0 0.305729 0.34537 0.0177083 0.0907407 0.27102
0 0.306771 0.34537 0.015625 0.0907407 0.272512
0 0.526042 0.322222 0.0145833 0.062963 0.280807
0 0.486979 0.335185 0.0197917 0.0888889 0.283119
0 0.466667 0.355556 0.025 0.137037 0.289902
0 0.306771 0.34537 0.015625 0.0907407 0.290763
0 0.641667 0.359259 0.0354167 0.162963 0.300179
0 0.636458 0.363889 0.0291667 0.17963 0.313292
0 0.486979 0.335185 0.0197917 0.0888889 0.314074
0 0.488021 0.337037 0.0177083 0.0851852 0.314258
0 0.636979 0.364815 0.028125 0.177778 0.316988
0 0.488021 0.337963 0.0197917 0.087037 0.320231
0 0.486979 0.335185 0.0197917 0.0888889 0.325947
0 0.307292 0.343519 0.0166667 0.0944444 0.328027
0 0.369792 0.316667 0.0166667 0.0777778 0.335856
0 0.30625 0.344444 0.01875 0.0962963 0.341379
0 0.64375 0.358333 0.0291667 0.153704 0.344843
0 0.642187 0.362037 0.034375 0.164815 0.348574
0 0.369792 0.316667 0.0166667 0.0777778 0.355373
0 0.307292 0.343519 0.0166667 0.0944444 0.3622
0 0.369792 0.32037 0.0166667 0.0740741 0.381518
0 0.369792 0.321296 0.0166667 0.0722222 0.402271
0 0.200521 0.386111 0.090625 0.32037 0.412065
0 0.290625 0.339815 0.03125 0.105556 0.422224
0 0.369792 0.32037 0.0166667 0.0703704 0.443743
0 0.140625 0.349074 0.0333333 0.142593 0.451802
0 0.290625 0.338889 0.03125 0.103704 0.456323
0 0.140625 0.349074 0.0333333 0.142593 0.467215
0 0.338542 0.324074 0.0208333 0.0777778 0.473312
0 0.291146 0.339815 0.0302083 0.105556 0.478983
0 0.292188 0.340741 0.0322917 0.107407 0.486138
0 0.202604 0.387963 0.090625 0.32037 0.491372
0 0.466667 0.350926 0.0270833 0.138889 0.492501
0 0.466667 0.350926 0.0270833 0.138889 0.494998
0 0.292708 0.340741 0.03125 0.107407 0.496942
0 0.339063 0.324074 0.021875 0.0777778 0.50013
0 0.638021 0.360185 0.0322917 0.183333 0.500807
0 0.291146 0.338889 0.0322917 0.103704 0.502453
0 0.638542 0.362963 0.0354167 0.177778 0.507955
0 0.339063 0.324074 0.021875 0.0777778 0.5132
0 0.291146 0.338889 0.0322917 0.103704 0.516975
0 0.292188 0.339815 0.0322917 0.105556 0.520762
0 0.507812 0.355556 0.028125 0.12963 0.522933
0 0.638021 0.361111 0.0322917 0.181481 0.529611
0 0.143229 0.349074 0.0322917 0.146296 0.531696
0 0.641667 0.363889 0.0354167 0.17963 0.538078
0 0.143229 0.35 0.0322917 0.144444 0.540049
0 0.291146 0.339815 0.0322917 0.101852 0.547453
0 0.641667 0.364815 0.0354167 0.177778 0.550628
0 0.507812 0.357407 0.028125 0.12963 0.554654
0 0.639063 0.363889 0.034375 0.175926 0.564571
0 0.291146 0.342593 0.0302083 0.1 0.57988
0 0.466667 0.35463 0.0270833 0.161111 0.58279
0 0.467187 0.35463 0.028125 0.157407 0.587236
0 0.640625 0.362963 0.0333333 0.174074 0.590137
0 0.142188 0.350926 0.0364583 0.146296 0.590455
0 0.509375 0.355556 0.0270833 0.12963 0.591502
0 0.507812 0.35463 0.028125 0.127778 0.591749
0 0.291146 0.340741 0.0302083 0.103704 0.601907
0 0.640104 0.362963 0.0322917 0.174074 0.602661
0 0.203125 0.396296 0.0916667 0.337037 0.606734
0 0.291667 0.339815 0.03125 0.101852 0.608061
0 0.291146 0.342593 0.0302083 0.103704 0.608785
0 0.291146 0.342593 0.0302083 0.103704 0.613442
0 0.142188 0.350926 0.0364583 0.146296 0.61435
0 0.203125 0.396296 0.0895833 0.337037 0.614639
0 0.203125 0.396296 0.0916667 0.337037 0.621811
0 0.291146 0.340741 0.0302083 0.107407 0.622132
0 0.638542 0.362963 0.0354167 0.177778 0.629232
0 0.291146 0.340741 0.0302083 0.103704 0.629949
0 0.142188 0.353704 0.034375 0.144444 0.63026
0 0.508333 0.356481 0.0270833 0.131481 0.631801
0 0.142188 0.353704 0.034375 0.144444 0.632878
0 0.291146 0.339815 0.0302083 0.101852 0.63737
0 0.142188 0.352778 0.034375 0.146296 0.638649
0 0.142188 0.350926 0.0364583 0.146296 0.639387
0 0.291146 0.341667 0.0302083 0.105556 0.642563
0 0.467187 0.355556 0.028125 0.155556 0.643412
0 0.340104 0.325926 0.0197917 0.0814815 0.646687
0 0.507812 0.355556 0.028125 0.12963 0.656306
0 0.340104 0.324074 0.0197917 0.0777778 0.663034
0 0.339583 0.324074 0.01875 0.0777778 0.665152
0 0.467187 0.356481 0.028125 0.153704 0.666282
0 0.639063 0.364815 0.034375 0.177778 0.666301
0 0.142188 0.35 0.0364583 0.144444 0.668
0 0.142188 0.35 0.0364583 0.144444 0.669319
0 0.340104 0.325 0.0197917 0.0796296 0.67052
0 0.340104 0.325 0.0197917 0.0796296 0.674528
0 0.639063 0.364815 0.034375 0.177778 0.675008
0 0.202604 0.394444 0.090625 0.32963 0.675378
0 0.339583 0.325 0.01875 0.0796296 0.675652
0 0.202604 0.394444 0.090625 0.32963 0.677888
0 0.142188 0.351852 0.0364583 0.144444 0.680865
0 0.507812 0.355556 0.0260417 0.12963 0.683416
0 0.467187 0.355556 0.028125 0.155556 0.685232
0 0.340104 0.324074 0.0197917 0.0777778 0.686091
0 0.509375 0.356481 0.0270833 0.127778 0.686278
0 0.639063 0.365741 0.034375 0.17963 0.687018
0 0.509375 0.355556 0.0270833 0.12963 0.687854
0 0.340104 0.324074 0.0197917 0.0777778 0.692363
0 0.142188 0.351852 0.0364583 0.144444 0.710817
0 0.467187 0.355556 0.028125 0.151852 0.726057
0 0.142188 0.350926 0.0364583 0.142593 0.735611
0 0.466667 0.355556 0.0270833 0.155556 0.755469
0 0.507812 0.356481 0.0260417 0.131481 0.761547
0 0.507812 0.356481 0.0260417 0.131481 0.762967
0 0.467187 0.355556 0.028125 0.151852 0.763648
0 0.507812 0.357407 0.0260417 0.12963 0.791896
0 0.466667 0.35463 0.0270833 0.153704 0.814541
0 0.466667 0.35463 0.0270833 0.15 0.825902
0 0.201562 0.393519 0.090625 0.327778 0.849723
0 0.202083 0.39537 0.0895833 0.331481 0.858633
0 0.202083 0.396296 0.0895833 0.333333 0.859994
0 0.202083 0.39537 0.0895833 0.331481 0.862327
0 0.202083 0.394444 0.0916667 0.32963 0.880652
0 0.202083 0.394444 0.0895833 0.32963 0.880923
0 0.202083 0.394444 0.0895833 0.333333 0.881366
0 0.202083 0.39537 0.0895833 0.335185 0.883395
0 0.202083 0.39537 0.0895833 0.335185 0.884273
0 0.202083 0.394444 0.0895833 0.32963 0.88579
