0 0.941667 0.297222 0.0375 0.135185 0.258684
0 0.942187 0.27963 0.034375 0.0962963 0.260459
0 0.411979 0.340741 0.0302083 0.148148 0.262256
1 0.982813 0.391667 0.034375 0.12037 0.262415
0 0.508854 0.352778 0.0364583 0.0944444 0.263059
0 0.941667 0.296296 0.0375 0.133333 0.265378
0 0.546354 0.318519 0.015625 0.0740741 0.267983
24 0.915104 0.384259 0.0614583 0.168519 0.268075
1 0.982813 0.390741 0.0322917 0.118519 0.269451
0 0.942187 0.296296 0.0364583 0.133333 0.269802
0 0.942187 0.27963 0.034375 0.0925926 0.270647
24 0.914583 0.368519 0.0645833 0.185185 0.271373
0 0.545833 0.318519 0.0166667 0.0703704 0.271711
1 0.982813 0.391667 0.034375 0.12037 0.271789
0 0.492188 0.349074 0.0260417 0.0907407 0.272237
0 0.607813 0.346296 0.0260417 0.133333 0.277868
0 0.942187 0.287963 0.034375 0.109259 0.279956
1 0.982813 0.391667 0.0322917 0.116667 0.280048
0 0.454167 0.351852 0.025 0.133333 0.282175
0 0.510417 0.35463 0.0270833 0.0944444 0.282439
0 0.491667 0.352778 0.0270833 0.0944444 0.282589
1 0.982813 0.391667 0.0322917 0.116667 0.28628
0 0.492188 0.349074 0.0260417 0.0907407 0.287287
24 0.914583 0.368519 0.0625 0.188889 0.287501
0 0.660937 0.333333 0.0260417 0.118519 0.289686
0 0.54375 0.32037 0.0166667 0.0703704 0.290042
24 0.915625 0.384259 0.0604167 0.168519 0.290305
0 0.491667 0.352778 0.0270833 0.0944444 0.290769
0 0.942187 0.287963 0.034375 0.109259 0.292317
0 0.392188 0.336111 0.0177083 0.101852 0.295178
0 0.545833 0.318519 0.0145833 0.0703704 0.297654
0 0.491667 0.352778 0.0270833 0.0944444 0.297771
0 0.491146 0.352778 0.028125 0.0907407 0.299
0 0.028125 0.32963 0.0270833 0.12963 0.302134
0 0.492188 0.349074 0.0260417 0.0907407 0.303098
0 0.510417 0.35463 0.0270833 0.0944444 0.306719
0 0.510417 0.35463 0.0270833 0.0944444 0.307022
0 0.454167 0.350926 0.0270833 0.138889 0.311172
0 0.492188 0.351852 0.028125 0.0962963 0.311359
0 0.513542 0.35463 0.025 0.0944444 0.319119
0 0.514583 0.35463 0.025 0.0944444 0.319547
0 0.392708 0.337037 0.01875 0.107407 0.324986
0 0.410937 0.342593 0.0302083 0.12963 0.326852
0 0.877604 0.45463 0.103125 0.557407 0.327565
0 0.545833 0.318519 0.0145833 0.0703704 0.329436
0 0.878125 0.453704 0.1 0.548148 0.331337
0 0.663542 0.334259 0.0270833 0.12037 0.333564
0 0.608854 0.341667 0.028125 0.131481 0.334803
0 0.608854 0.341667 0.028125 0.131481 0.337921
0 0.514583 0.355556 0.025 0.0962963 0.340003
0 0.514583 0.35463 0.025 0.0944444 0.346552
0 0.392188 0.337037 0.0177083 0.107407 0.352016
0 0.545833 0.318519 0.0145833 0.0740741 0.364645
0 0.0828125 0.326852 0.015625 0.0944444 0.368875
24 0.913021 0.375 0.0677083 0.187037 0.374688
0 0.0828125 0.325926 0.015625 0.0925926 0.378323
0 0.941667 0.288889 0.0354167 0.118519 0.381363
0 0.0828125 0.326852 0.015625 0.0944444 0.388563
0 0.545833 0.317593 0.0145833 0.0722222 0.38985
0 0.607813 0.341667 0.028125 0.127778 0.390782
0 0.941667 0.287037 0.0354167 0.114815 0.394686
0 0.941667 0.287037 0.0354167 0.114815 0.398721
0 0.607813 0.341667 0.028125 0.127778 0.423152
0 0.028125 0.330556 0.025 0.131481 0.424474
0 0.028125 0.330556 0.025 0.131481 0.432553
24 0.914062 0.371296 0.0635417 0.187037 0.447559
0 0.607813 0.341667 0.028125 0.127778 0.448138
0 0.664062 0.334259 0.0260417 0.12037 0.449947
24 0.914062 0.372222 0.0635417 0.188889 0.452951
24 0.914062 0.371296 0.0635417 0.187037 0.46497
24 0.913021 0.375926 0.065625 0.177778 0.476426
0 0.4125 0.348148 0.0291667 0.155556 0.486085
24 0.913542 0.375 0.0645833 0.17963 0.48916
24 0.913542 0.374074 0.0645833 0.185185 0.489784
0 0.394792 0.338889 0.025 0.114815 0.490547
24 0.913542 0.372222 0.0645833 0.185185 0.495743
24 0.913542 0.373148 0.0645833 0.187037 0.502757
0 0.817187 0.422222 0.0677083 0.459259 0.506306
0 0.4125 0.348148 0.0291667 0.155556 0.506586
0 0.822396 0.427778 0.071875 0.451852 0.513247
0 0.0583333 0.330556 0.01875 0.0944444 0.514213
0 0.661979 0.334259 0.028125 0.116667 0.515156
0 0.818229 0.425 0.0697917 0.461111 0.517538
0 0.838021 0.42963 0.090625 0.47037 0.518055
24 0.913542 0.375 0.0666667 0.183333 0.52337
24 0.914583 0.378704 0.0625 0.175926 0.530702
0 0.453646 0.348148 0.028125 0.148148 0.536921
0 0.868229 0.443519 0.0885417 0.538889 0.537121
0 0.4125 0.341667 0.0291667 0.157407 0.537812
0 0.661979 0.336111 0.028125 0.116667 0.539283
0 0.411979 0.340741 0.0302083 0.155556 0.542879
0 0.411979 0.348148 0.028125 0.155556 0.543384
0 0.391146 0.335185 0.0197917 0.1 0.546837
0 0.661979 0.334259 0.028125 0.12037 0.550055
0 0.867708 0.44537 0.0875 0.55 0.550952
0 0.819271 0.424074 0.071875 0.462963 0.554995
0 0.818229 0.423148 0.065625 0.442593 0.555587
24 0.914583 0.378704 0.0604167 0.175926 0.557348
0 0.0828125 0.326852 0.0177083 0.0944444 0.558572
0 0.0578125 0.328704 0.0177083 0.0907407 0.56196
0 0.663021 0.331481 0.0260417 0.118519 0.562878
0 0.0583333 0.330556 0.01875 0.0944444 0.563899
0 0.0583333 0.330556 0.01875 0.0981481 0.564466
0 0.0578125 0.328704 0.0177083 0.0907407 0.568499
0 0.607292 0.342593 0.0270833 0.133333 0.568793
0 0.0578125 0.328704 0.0177083 0.0907407 0.568866
0 0.391667 0.335185 0.01875 0.1 0.571256
0 0.818229 0.423148 0.065625 0.446296 0.572188
0 0.410937 0.342593 0.0302083 0.144444 0.5722
0 0.817187 0.423148 0.071875 0.446296 0.576821
0 0.453646 0.348148 0.028125 0.144444 0.577313
0 0.410937 0.347222 0.0302083 0.15 0.577747
0 0.0583333 0.330556 0.01875 0.0944444 0.579622
0 0.0828125 0.325 0.0177083 0.0944444 0.580272
0 0.410937 0.342593 0.0302083 0.144444 0.586047
0 0.391667 0.335185 0.01875 0.1 0.587357
0 0.661979 0.334259 0.028125 0.116667 0.588399
0 0.410937 0.347222 0.0302083 0.15 0.595461
0 0.819271 0.425 0.071875 0.472222 0.597012
0 0.453646 0.349074 0.028125 0.146296 0.597528
0 0.0828125 0.326852 0.0177083 0.0944444 0.598004
0 0.410937 0.346296 0.0302083 0.159259 0.598203
0 0.0828125 0.327778 0.0177083 0.0962963 0.600621
0 0.6625 0.336111 0.0270833 0.116667 0.607966
0 0.0817708 0.327778 0.0177083 0.0925926 0.608126
0 0.4125 0.346296 0.0291667 0.166667 0.60849
0 0.4125 0.346296 0.0291667 0.162963 0.610268
0 0.818229 0.423148 0.065625 0.446296 0.611329
0 0.663021 0.331481 0.0260417 0.114815 0.611928
0 0.663021 0.331481 0.0260417 0.114815 0.613731
0 0.661979 0.336111 0.028125 0.116667 0.614077
0 0.410937 0.346296 0.0302083 0.162963 0.614686
0 0.391667 0.337963 0.0208333 0.101852 0.616875
0 0.0822917 0.325926 0.01875 0.0962963 0.620657
0 0.410937 0.346296 0.0302083 0.148148 0.621032
0 0.661458 0.334259 0.0270833 0.12037 0.621827
0 0.819271 0.425 0.071875 0.472222 0.622026
0 0.0822917 0.325926 0.01875 0.0962963 0.622736
0 0.6625 0.334259 0.0270833 0.116667 0.626304
0 0.608333 0.343519 0.0270833 0.127778 0.626561
0 0.0588542 0.330556 0.0177083 0.0944444 0.628164
0 0.454167 0.350926 0.0270833 0.142593 0.629215
0 0.454167 0.351852 0.0270833 0.140741 0.630131
0 0.607813 0.342593 0.028125 0.133333 0.630327
0 0.607813 0.343519 0.028125 0.131481 0.633012
0 0.661458 0.334259 0.0270833 0.12037 0.634659
0 0.0822917 0.326852 0.0166667 0.0944444 0.634691
0 0.454688 0.352778 0.0239583 0.15 0.635127
0 0.391146 0.335185 0.0177083 0.103704 0.638948
0 0.0291667 0.331481 0.0291667 0.125926 0.643093
0 0.0302083 0.32963 0.03125 0.12963 0.645089
0 0.607292 0.342593 0.0270833 0.137037 0.647274
0 0.607813 0.342593 0.0260417 0.137037 0.647391
0 0.454688 0.352778 0.0239583 0.15 0.650543
0 0.391667 0.337037 0.0208333 0.103704 0.651222
0 0.0291667 0.330556 0.0291667 0.131481 0.655293
0 0.0302083 0.32963 0.03125 0.12963 0.657372
0 0.0583333 0.330556 0.01875 0.0907407 0.657734
0 0.391146 0.337037 0.0197917 0.103704 0.665422
0 0.454688 0.348148 0.028125 0.144444 0.66846
0 0.0291667 0.330556 0.0291667 0.127778 0.672716
0 0.607813 0.342593 0.028125 0.12963 0.678532
0 0.0291667 0.330556 0.0291667 0.127778 0.679947
0 0.0302083 0.32963 0.03125 0.12963 0.68296
0 0.455208 0.349074 0.0270833 0.146296 0.685258
0 0.607813 0.344444 0.028125 0.12963 0.690006
0 0.607813 0.343519 0.0260417 0.131481 0.69122
0 0.86875 0.446296 0.102083 0.548148 0.697507
0 0.816146 0.423148 0.0697917 0.442593 0.698201
0 0.0583333 0.32963 0.01875 0.0925926 0.698366
0 0.607813 0.344444 0.0260417 0.12963 0.698453
0 0.0583333 0.32963 0.01875 0.0925926 0.699039
0 0.455208 0.348148 0.0270833 0.144444 0.699471
0 0.869271 0.446296 0.101042 0.555556 0.704588
0 0.0291667 0.330556 0.0291667 0.124074 0.705048
0 0.607292 0.343519 0.0270833 0.131481 0.706726
0 0.607813 0.343519 0.028125 0.131481 0.715429
0 0.0291667 0.330556 0.0291667 0.124074 0.728331
0 0.0302083 0.32963 0.03125 0.12963 0.731656
0 0.455208 0.348148 0.0270833 0.144444 0.732907
0 0.0302083 0.32963 0.03125 0.12963 0.733887
0 0.0286458 0.32963 0.0302083 0.125926 0.738169
0 0.455208 0.348148 0.0270833 0.144444 0.739468
0 0.0302083 0.32963 0.03125 0.12963 0.739797
0 0.455208 0.348148 0.0270833 0.144444 0.742528
0 0.867188 0.442593 0.090625 0.540741 0.748235
0 0.867188 0.442593 0.090625 0.540741 0.761655
0 0.86875 0.443519 0.0979167 0.538889 0.772678
0 0.0286458 0.330556 0.0302083 0.131481 0.783258
0 0.0286458 0.331481 0.0302083 0.133333 0.793456
0 0.86875 0.443519 0.1 0.538889 0.794569
0 0.818229 0.422222 0.0697917 0.451852 0.801199
0 0.454167 0.350926 0.0270833 0.15 0.805262
0 0.818229 0.423148 0.0697917 0.45 0.805551
0 0.818229 0.423148 0.0697917 0.453704 0.820253
0 0.454167 0.350926 0.0270833 0.146296 0.820399
