26 0.821875 0.534259 0.0395833 0.146296 0.250794
0 0.483333 0.372222 0.0270833 0.148148 0.252026
0 0.782292 0.310185 0.0416667 0.0981481 0.253608
28 0.0567708 0.411111 0.0364583 0.0592593 0.25374
0 0.483854 0.371296 0.028125 0.142593 0.255745
28 0.0567708 0.411111 0.0364583 0.0592593 0.256344
0 0.153646 0.350926 0.0260417 0.109259 0.258321
28 0.0567708 0.411111 0.0364583 0.0555556 0.258676
0 0.0161458 0.392593 0.0322917 0.181481 0.259097
0 0.991667 0.399074 0.0166667 0.0833333 0.261008
26 0.821875 0.535185 0.0395833 0.144444 0.265391
0 0.0166667 0.391667 0.0333333 0.183333 0.267419
0 0.991667 0.402778 0.0166667 0.0759259 0.267982
0 0.992188 0.401852 0.015625 0.0777778 0.268274
0 0.992188 0.4 0.015625 0.0814815 0.271477
0 0.992188 0.4 0.015625 0.0814815 0.272766
0 0.516667 0.362963 0.025 0.114815 0.274458
0 0.154687 0.352778 0.0260417 0.112963 0.274676
24 0.939062 0.533333 0.111458 0.296296 0.275149
0 0.779167 0.587037 0.1125 0.592593 0.275931
0 0.153646 0.351852 0.0260417 0.111111 0.27648
0 0.781771 0.308333 0.040625 0.0981481 0.277198
0 0.991667 0.400926 0.0166667 0.0796296 0.278131
24 0.939062 0.534259 0.111458 0.298148 0.281573
0 0.516146 0.372222 0.0260417 0.125926 0.283295
0 0.489062 0.365741 0.0239583 0.142593 0.283512
0 0.515104 0.372222 0.028125 0.125926 0.284092
0 0.489583 0.365741 0.0229167 0.142593 0.28722
24 0.953646 0.543519 0.090625 0.294444 0.292745
0 0.924479 0.601852 0.148958 0.633333 0.295774
0 0.782812 0.319444 0.0427083 0.12037 0.296245
0 0.508854 0.363889 0.0177083 0.109259 0.298037
0 0.513542 0.371296 0.0270833 0.135185 0.2997
24 0.940104 0.533333 0.111458 0.292593 0.299747
0 0.992188 0.400926 0.015625 0.0759259 0.299855
0 0.992188 0.400926 0.015625 0.0796296 0.307309
0 0.778646 0.590741 0.113542 0.596296 0.308064
0 0.485417 0.373148 0.0229167 0.138889 0.308728
0 0.482812 0.368519 0.0239583 0.148148 0.309932
0 0.515625 0.362963 0.0270833 0.118519 0.3114
0 0.155208 0.351852 0.025 0.111111 0.31141
0 0.483333 0.368519 0.0229167 0.144444 0.311782
24 0.954167 0.543519 0.0895833 0.298148 0.314113
0 0.509896 0.368519 0.021875 0.122222 0.32037
0 0.508854 0.365741 0.0197917 0.116667 0.321557
0 0.516146 0.362963 0.0260417 0.114815 0.321699
0 0.923437 0.607407 0.138542 0.637037 0.324462
0 0.782812 0.318519 0.040625 0.118519 0.3247
0 0.485417 0.373148 0.0229167 0.138889 0.325944
0 0.782812 0.314815 0.0427083 0.111111 0.330591
0 0.782812 0.317593 0.040625 0.112963 0.339075
0 0.782812 0.314815 0.0427083 0.111111 0.340287
0 0.508854 0.365741 0.0177083 0.116667 0.340736
0 0.0192708 0.384259 0.0364583 0.175926 0.342011
0 0.782812 0.317593 0.040625 0.112963 0.346193
0 0.509896 0.369444 0.021875 0.127778 0.353453
0 0.01875 0.385185 0.0375 0.177778 0.357752
0 0.509896 0.37037 0.021875 0.125926 0.363491
0 0.513542 0.37037 0.0291667 0.12963 0.363591
0 0.01875 0.384259 0.0375 0.175926 0.363651
0 0.563021 0.390741 0.0364583 0.151852 0.369429
0 0.6125 0.366667 0.0208333 0.0888889 0.377597
0 0.561979 0.391667 0.0364583 0.15 0.381884
0 0.152604 0.351852 0.0260417 0.111111 0.382567
0 0.484375 0.371296 0.025 0.146296 0.386394
0 0.919792 0.602778 0.154167 0.668519 0.386801
0 0.919792 0.602778 0.154167 0.672222 0.413725
0 0.6125 0.365741 0.0208333 0.0907407 0.420708
0 0.152083 0.35463 0.0208333 0.101852 0.421675
0 0.152083 0.353704 0.0208333 0.103704 0.422557
0 0.559375 0.387963 0.0333333 0.15 0.426496
0 0.6125 0.365741 0.0208333 0.0907407 0.427615
0 0.356771 0.373148 0.0302083 0.157407 0.428156
0 0.152083 0.353704 0.0208333 0.103704 0.434424
0 0.154687 0.349074 0.0239583 0.105556 0.435149
0 0.356771 0.374074 0.0302083 0.155556 0.435386
0 0.482812 0.373148 0.021875 0.142593 0.442832
0 0.482812 0.373148 0.021875 0.142593 0.462387
0 0.154687 0.35 0.0239583 0.107407 0.463194
0 0.560417 0.387963 0.0333333 0.15 0.463806
0 0.483333 0.371296 0.025 0.142593 0.464333
0 0.611458 0.366667 0.0208333 0.0888889 0.466779
0 0.154687 0.35 0.0239583 0.107407 0.471897
0 0.153646 0.35 0.0239583 0.107407 0.482906
0 0.560417 0.388889 0.0333333 0.148148 0.490451
0 0.154687 0.351852 0.0239583 0.107407 0.493227
0 0.561458 0.392593 0.0354167 0.148148 0.494253
0 0.611979 0.37037 0.0197917 0.0925926 0.499673
0 0.611458 0.367593 0.0208333 0.0907407 0.503852
0 0.611458 0.366667 0.0208333 0.0925926 0.504858
0 0.560938 0.392593 0.0364583 0.148148 0.505202
0 0.611979 0.37037 0.0197917 0.0925926 0.509222
0 0.560938 0.392593 0.0364583 0.148148 0.513559
0 0.153646 0.351852 0.0239583 0.107407 0.513576
0 0.0203125 0.387037 0.0385417 0.188889 0.520651
0 0.153646 0.351852 0.0239583 0.107407 0.535553
0 0.153646 0.351852 0.0239583 0.107407 0.536277
0 0.918229 0.608333 0.159375 0.67963 0.55093
0 0.611979 0.37037 0.0197917 0.0962963 0.551442
0 0.611979 0.37037 0.0197917 0.0962963 0.552181
0 0.559375 0.388889 0.0354167 0.148148 0.552637
0 0.91875 0.608333 0.158333 0.675926 0.555934
0 0.611979 0.37037 0.0197917 0.0962963 0.55969
0 0.920833 0.609259 0.15625 0.681481 0.560423
0 0.0182292 0.393519 0.0364583 0.183333 0.562171
0 0.559375 0.389815 0.0354167 0.15 0.565697
0 0.358854 0.375 0.034375 0.157407 0.566957
0 0.924479 0.600926 0.144792 0.664815 0.567325
0 0.611979 0.37037 0.0197917 0.0962963 0.57087
0 0.922917 0.602778 0.1375 0.65 0.574637
0 0.920313 0.608333 0.159375 0.683333 0.574833
0 0.0182292 0.393519 0.0364583 0.183333 0.576584
0 0.0203125 0.387037 0.0385417 0.188889 0.577494
0 0.358854 0.375 0.034375 0.157407 0.578357
0 0.0182292 0.393519 0.0364583 0.183333 0.57868
0 0.358333 0.377778 0.0333333 0.162963 0.582826
0 0.359375 0.378704 0.0291667 0.153704 0.587093
0 0.358333 0.378704 0.0333333 0.161111 0.592554
0 0.357812 0.378704 0.034375 0.161111 0.593127
0 0.359375 0.377778 0.0291667 0.155556 0.598571
0 0.5625 0.392593 0.0333333 0.151852 0.602787
0 0.5625 0.392593 0.0333333 0.151852 0.608466
0 0.358333 0.375926 0.0333333 0.159259 0.623627
0 0.358854 0.375 0.034375 0.157407 0.624722
0 0.780729 0.605556 0.115625 0.62963 0.631133
0 0.560938 0.389815 0.0364583 0.146296 0.64046
0 0.559896 0.390741 0.034375 0.148148 0.646182
0 0.358333 0.375 0.0333333 0.161111 0.648128
0 0.358333 0.375926 0.0333333 0.162963 0.651305
0 0.559896 0.390741 0.034375 0.151852 0.657523
0 0.780729 0.60463 0.115625 0.627778 0.657675
0 0.0192708 0.387037 0.0385417 0.192593 0.667665
0 0.611979 0.37037 0.0197917 0.1 0.669204
0 0.781771 0.587963 0.111458 0.575926 0.672808
0 0.611979 0.372222 0.0197917 0.1 0.67826
0 0.561458 0.390741 0.0354167 0.148148 0.68318
0 0.920313 0.608333 0.155208 0.67963 0.691894
0 0.918229 0.609259 0.153125 0.677778 0.697914
0 0.0182292 0.391667 0.0364583 0.17963 0.712138
0 0.358854 0.376852 0.034375 0.161111 0.712778
0 0.782292 0.589815 0.1125 0.57963 0.714392
0 0.358854 0.375926 0.034375 0.162963 0.716553
0 0.561458 0.389815 0.0354167 0.146296 0.720787
0 0.918229 0.607407 0.153125 0.677778 0.722191
0 0.01875 0.390741 0.0375 0.185185 0.724711
0 0.0177083 0.392593 0.0354167 0.181481 0.726504
0 0.0177083 0.388889 0.0354167 0.181481 0.727881
0 0.778125 0.603704 0.108333 0.625926 0.737141
0 0.0177083 0.388889 0.0354167 0.181481 0.740727
0 0.778125 0.605556 0.108333 0.633333 0.740781
0 0.01875 0.390741 0.0375 0.185185 0.759461
0 0.780208 0.601852 0.114583 0.611111 0.770452
0 0.779688 0.601852 0.107292 0.622222 0.777004
0 0.01875 0.390741 0.0375 0.185185 0.793042
0 0.779167 0.603704 0.108333 0.614815 0.80641
0 0.780729 0.601852 0.113542 0.611111 0.832053
0 0.780208 0.607407 0.114583 0.625926 0.886864
0 0.779688 0.606481 0.113542 0.624074 0.887864
