0 0.433333 0.376852 0.0270833 0.116667 0.252842
0 0.286458 0.381481 0.0208333 0.1 0.256063
0 0.48125 0.382407 0.025 0.116667 0.258112
0 0.290625 0.383333 0.0208333 0.103704 0.259641
0 0.823958 0.39537 0.0291667 0.142593 0.259813
0 0.0604167 0.435185 0.05 0.218519 0.266417
0 0.432813 0.375926 0.0260417 0.118519 0.26972
0 0.278646 0.376852 0.0135417 0.0759259 0.269744
13 0.390104 0.461111 0.084375 0.0703704 0.270637
0 0.39375 0.353704 0.0145833 0.0851852 0.271832
0 0.823958 0.39537 0.0291667 0.142593 0.275214
0 0.824479 0.397222 0.0302083 0.142593 0.280366
0 0.411979 0.351852 0.0177083 0.0814815 0.282533
13 0.392708 0.45463 0.09375 0.0796296 0.28289
0 0.494792 0.375926 0.0145833 0.0851852 0.287552
0 0.291146 0.382407 0.0197917 0.101852 0.288998
0 0.0604167 0.434259 0.0479167 0.22037 0.289473
0 0.403125 0.356481 0.025 0.0833333 0.290525
0 0.291146 0.382407 0.0197917 0.101852 0.290604
0 0.824479 0.397222 0.0302083 0.142593 0.290758
13 0.392708 0.455556 0.0916667 0.0814815 0.291271
0 0.434375 0.377778 0.0270833 0.111111 0.292
13 0.442187 0.599074 0.178125 0.116667 0.292032
0 0.824479 0.397222 0.028125 0.142593 0.2931
0 0.407292 0.352778 0.0208333 0.087037 0.295313
13 0.442187 0.599074 0.178125 0.116667 0.295566
0 0.481771 0.383333 0.0260417 0.111111 0.297371
13 0.390625 0.461111 0.0854167 0.0703704 0.297783
0 0.191146 0.40463 0.0260417 0.116667 0.298337
0 0.407813 0.352778 0.0197917 0.0833333 0.299085
0 0.824479 0.397222 0.028125 0.142593 0.299628
0 0.411979 0.351852 0.0177083 0.0851852 0.301984
0 0.481771 0.383333 0.0260417 0.114815 0.306897
13 0.438542 0.598148 0.175 0.107407 0.307873
0 0.396875 0.355556 0.01875 0.0851852 0.308987
0 0.190625 0.40463 0.0270833 0.116667 0.310064
0 0.278646 0.383333 0.015625 0.0962963 0.31027
0 0.824479 0.397222 0.0302083 0.142593 0.310791
0 0.278646 0.377778 0.0114583 0.0740741 0.311393
13 0.442187 0.598148 0.176042 0.103704 0.312583
0 0.494792 0.375926 0.0145833 0.0814815 0.316985
0 0.279687 0.383333 0.0135417 0.0851852 0.317575
0 0.407813 0.352778 0.0197917 0.0833333 0.319111
0 0.411979 0.351852 0.0177083 0.0814815 0.319134
0 0.279687 0.383333 0.0135417 0.0962963 0.327026
0 0.823958 0.397222 0.0270833 0.142593 0.334865
0 0.0645833 0.437963 0.0479167 0.216667 0.336352
0 0.0369792 0.443519 0.0739583 0.216667 0.336744
0 0.0651042 0.437963 0.053125 0.216667 0.336863
0 0.479688 0.381481 0.0239583 0.114815 0.338101
13 0.389583 0.459259 0.0875 0.0740741 0.341262
0 0.327604 0.366667 0.0197917 0.0666667 0.342585
0 0.328646 0.365741 0.0197917 0.0648148 0.34456
0 0.479688 0.381481 0.021875 0.114815 0.347004
13 0.389583 0.458333 0.0875 0.0722222 0.347323
0 0.278125 0.376852 0.0125 0.0759259 0.34873
0 0.328646 0.365741 0.0197917 0.0648148 0.351666
0 0.395312 0.35463 0.0177083 0.0833333 0.352326
0 0.592188 0.385185 0.0302083 0.155556 0.355582
13 0.389583 0.461111 0.0895833 0.0703704 0.357105
0 0.279687 0.382407 0.0135417 0.0981481 0.357851
13 0.438021 0.598148 0.178125 0.107407 0.35831
0 0.394792 0.35463 0.0166667 0.0833333 0.358709
0 0.494792 0.375926 0.0145833 0.0851852 0.35941
0 0.592188 0.385185 0.0302083 0.155556 0.365541
0 0.479688 0.381481 0.021875 0.114815 0.366517
0 0.328646 0.365741 0.0197917 0.0648148 0.367847
0 0.0364583 0.443519 0.0729167 0.216667 0.368383
13 0.438021 0.598148 0.178125 0.107407 0.369903
0 0.327604 0.365741 0.0197917 0.0685185 0.371205
0 0.191146 0.403704 0.0260417 0.118519 0.372078
0 0.327604 0.364815 0.0197917 0.0666667 0.373266
0 0.0645833 0.436111 0.0479167 0.216667 0.373371
0 0.433333 0.375926 0.025 0.114815 0.375351
0 0.0645833 0.437963 0.0520833 0.216667 0.375529
0 0.394792 0.353704 0.0166667 0.0814815 0.375616
13 0.389583 0.462037 0.0895833 0.0685185 0.379067
13 0.436458 0.6 0.177083 0.111111 0.384938
0 0.434375 0.374074 0.025 0.111111 0.388322
0 0.328646 0.366667 0.0197917 0.0666667 0.390296
0 0.327604 0.364815 0.0197917 0.0666667 0.39515
13 0.440104 0.600926 0.180208 0.116667 0.39787
0 0.434375 0.377778 0.025 0.111111 0.399279
0 0.433333 0.375 0.025 0.116667 0.403523
0 0.434896 0.374074 0.0239583 0.111111 0.404532
0 0.48125 0.382407 0.025 0.112963 0.407733
0 0.434896 0.374074 0.0239583 0.111111 0.409615
0 0.0364583 0.443519 0.0708333 0.22037 0.410309
0 0.966667 0.573148 0.0666667 0.505556 0.42359
0 0.4875 0.380556 0.025 0.105556 0.431892
13 0.438021 0.6 0.180208 0.114815 0.442113
0 0.966667 0.574074 0.0666667 0.511111 0.443483
0 0.278646 0.383333 0.0135417 0.0925926 0.444317
0 0.190625 0.40463 0.025 0.116667 0.444538
0 0.191146 0.403704 0.0260417 0.114815 0.448753
0 0.278646 0.383333 0.0135417 0.0925926 0.45184
0 0.0645833 0.437963 0.0520833 0.216667 0.453654
0 0.4875 0.37963 0.025 0.107407 0.456537
0 0.486458 0.37963 0.025 0.107407 0.462478
13 0.436979 0.600926 0.180208 0.112963 0.467913
0 0.190625 0.403704 0.025 0.114815 0.469698
0 0.015625 0.452778 0.03125 0.17963 0.470186
13 0.436979 0.6 0.180208 0.111111 0.47284
0 0.0151042 0.453704 0.0302083 0.177778 0.47518
13 0.436979 0.598148 0.184375 0.114815 0.491933
0 0.431771 0.376852 0.0260417 0.116667 0.496079
0 0.540104 0.403704 0.034375 0.159259 0.50044
0 0.539583 0.403704 0.0333333 0.159259 0.504753
0 0.191146 0.403704 0.0239583 0.122222 0.505405
0 0.481771 0.383333 0.021875 0.111111 0.517442
0 0.191146 0.402778 0.0239583 0.124074 0.544084
0 0.191146 0.402778 0.0239583 0.124074 0.552022
0 0.482292 0.382407 0.0208333 0.112963 0.565316
0 0.482292 0.383333 0.0208333 0.114815 0.56885
0 0.481771 0.382407 0.0239583 0.112963 0.582894
0 0.0630208 0.440741 0.0510417 0.218519 0.629429
0 0.593229 0.385185 0.0302083 0.155556 0.644233
0 0.540104 0.401852 0.034375 0.162963 0.648697
0 0.593229 0.385185 0.0302083 0.155556 0.655725
0 0.593229 0.385185 0.0302083 0.155556 0.655789
0 0.482292 0.383333 0.0229167 0.111111 0.656998
0 0.191146 0.403704 0.0239583 0.118519 0.670617
0 0.433854 0.375926 0.0239583 0.114815 0.671941
0 0.433854 0.376852 0.0239583 0.109259 0.673914
0 0.540625 0.401852 0.0333333 0.159259 0.674098
0 0.0140625 0.448148 0.028125 0.181481 0.674341
0 0.541667 0.401852 0.0354167 0.159259 0.675171
0 0.0140625 0.447222 0.028125 0.183333 0.675401
0 0.541667 0.4 0.0354167 0.155556 0.677996
0 0.0630208 0.441667 0.0510417 0.22037 0.685317
0 0.191146 0.401852 0.0260417 0.118519 0.69439
0 0.541667 0.4 0.0354167 0.155556 0.69578
0 0.015625 0.448148 0.03125 0.185185 0.699183
0 0.0619792 0.441667 0.053125 0.224074 0.704662
0 0.0625 0.441667 0.0520833 0.22037 0.710624
0 0.541667 0.4 0.0354167 0.155556 0.711812
0 0.541146 0.401852 0.034375 0.159259 0.713807
0 0.015625 0.448148 0.03125 0.185185 0.71386
0 0.480729 0.382407 0.021875 0.112963 0.714818
0 0.191146 0.401852 0.0239583 0.118519 0.714888
0 0.0145833 0.45 0.0291667 0.177778 0.716698
0 0.48125 0.381481 0.0229167 0.111111 0.717628
0 0.191146 0.401852 0.0239583 0.118519 0.718127
0 0.0145833 0.45 0.0291667 0.177778 0.719681
0 0.48125 0.382407 0.0229167 0.112963 0.721725
0 0.0630208 0.441667 0.0510417 0.22037 0.731632
0 0.0625 0.440741 0.05 0.218519 0.732671
0 0.48125 0.382407 0.0229167 0.112963 0.737071
0 0.541146 0.402778 0.034375 0.157407 0.74317
0 0.434896 0.378704 0.0239583 0.112963 0.743865
0 0.541667 0.401852 0.0354167 0.159259 0.744275
0 0.434375 0.377778 0.0229167 0.111111 0.745
0 0.434896 0.378704 0.0239583 0.109259 0.74523
0 0.541146 0.402778 0.034375 0.157407 0.746731
0 0.0625 0.440741 0.05 0.218519 0.748316
0 0.0145833 0.451852 0.0291667 0.177778 0.751671
0 0.541146 0.402778 0.034375 0.157407 0.752786
0 0.0630208 0.440741 0.0510417 0.218519 0.753694
0 0.434896 0.378704 0.0239583 0.109259 0.753955
0 0.434375 0.377778 0.0229167 0.111111 0.756221
0 0.0625 0.439815 0.05 0.22037 0.758095
0 0.966667 0.569444 0.0666667 0.505556 0.760642
0 0.966667 0.57037 0.0666667 0.507407 0.762895
0 0.966146 0.566667 0.0677083 0.507407 0.763159
0 0.541146 0.402778 0.034375 0.161111 0.763762
0 0.191146 0.403704 0.0239583 0.114815 0.766301
0 0.0145833 0.450926 0.0291667 0.17963 0.767958
0 0.0151042 0.45 0.0302083 0.177778 0.768955
0 0.0635417 0.438889 0.05 0.222222 0.770599
0 0.434375 0.377778 0.0229167 0.111111 0.77092
0 0.0145833 0.451852 0.0291667 0.177778 0.771822
0 0.541146 0.402778 0.034375 0.161111 0.77381
0 0.0635417 0.439815 0.05 0.216667 0.774239
0 0.0635417 0.439815 0.05 0.22037 0.775228
0 0.190625 0.405556 0.025 0.118519 0.777232
0 0.191146 0.40463 0.0239583 0.116667 0.778637
0 0.0635417 0.439815 0.05 0.22037 0.77988
0 0.966667 0.567593 0.0666667 0.509259 0.787336
0 0.191146 0.405556 0.0239583 0.114815 0.792333
0 0.593229 0.386111 0.0302083 0.157407 0.803391
0 0.965625 0.567593 0.06875 0.509259 0.803435
0 0.190625 0.40463 0.0229167 0.112963 0.804832
0 0.593229 0.387037 0.0302083 0.159259 0.811374
0 0.593229 0.386111 0.0302083 0.157407 0.830387
0 0.966667 0.566667 0.0666667 0.507407 0.8308
0 0.593229 0.386111 0.0302083 0.157407 0.831253
0 0.593229 0.386111 0.0302083 0.157407 0.839391
0 0.593229 0.387037 0.0302083 0.155556 0.840454
0 0.593229 0.386111 0.0302083 0.157407 0.84141
0 0.593229 0.386111 0.0302083 0.157407 0.843191
0 0.966667 0.567593 0.0666667 0.509259 0.84362
0 0.59375 0.385185 0.03125 0.162963 0.84438
0 0.593229 0.386111 0.0302083 0.164815 0.84567
0 0.966667 0.568519 0.0666667 0.518519 0.854132
0 0.966667 0.569444 0.0666667 0.509259 0.856914
0 0.966146 0.567593 0.0677083 0.509259 0.877101
