13 0.193229 0.918519 0.326042 0.155556 0.255755
24 0.921875 0.384259 0.06875 0.175926 0.263485
13 0.192188 0.916667 0.330208 0.159259 0.267011
1 0.984375 0.399074 0.03125 0.116667 0.268048
0 0.046875 0.32037 0.025 0.1 0.269434
24 0.921875 0.384259 0.06875 0.17963 0.269452
26 0.840625 0.371296 0.0416667 0.175926 0.270754
0 0.491667 0.349074 0.0208333 0.0944444 0.271497
0 0.820833 0.425926 0.06875 0.455556 0.273082
0 0.540104 0.313889 0.015625 0.0685185 0.276175
0 0.046875 0.32037 0.025 0.1 0.279754
0 0.495313 0.350926 0.0364583 0.0944444 0.279927
26 0.839583 0.363889 0.0458333 0.17963 0.279987
26 0.839063 0.363889 0.046875 0.17963 0.280561
0 0.821354 0.426852 0.0697917 0.461111 0.280844
26 0.840104 0.371296 0.0427083 0.187037 0.281859
13 0.192708 0.917593 0.329167 0.157407 0.282357
1 0.985417 0.402778 0.0291667 0.109259 0.282661
1 0.984375 0.398148 0.03125 0.118519 0.283024
1 0.985417 0.402778 0.0291667 0.109259 0.287008
26 0.839583 0.363889 0.0458333 0.183333 0.287231
0 0.539583 0.315741 0.0145833 0.0722222 0.291627
0 0.385938 0.327778 0.0177083 0.1 0.291892
0 0.385938 0.327778 0.0177083 0.103704 0.293883
26 0.840625 0.369444 0.0416667 0.183333 0.29581
0 0.491667 0.349074 0.0208333 0.0944444 0.299302
24 0.926042 0.363889 0.06875 0.212963 0.301733
24 0.926042 0.364815 0.06875 0.214815 0.304916
0 0.491667 0.349074 0.0208333 0.0944444 0.309505
24 0.926562 0.364815 0.0677083 0.214815 0.311896
1 0.984896 0.399074 0.0302083 0.109259 0.31281
0 0.385938 0.327778 0.0177083 0.103704 0.317314
1 0.985417 0.402778 0.0291667 0.109259 0.324582
0 0.490104 0.351852 0.0239583 0.0962963 0.325034
0 0.486458 0.350926 0.025 0.0981481 0.327948
1 0.984896 0.398148 0.0302083 0.111111 0.328266
1 0.984896 0.398148 0.0302083 0.111111 0.329528
0 0.904167 0.4 0.102083 0.351852 0.331685
0 0.489583 0.351852 0.025 0.0962963 0.339438
0 0.0713542 0.318519 0.0197917 0.103704 0.340311
0 0.489583 0.351852 0.025 0.0962963 0.345256
0 0.0713542 0.318519 0.0197917 0.103704 0.349014
0 0.540104 0.315741 0.015625 0.0685185 0.349128
0 0.0713542 0.318519 0.0197917 0.103704 0.349261
0 0.540625 0.316667 0.0166667 0.0703704 0.349838
0 0.821354 0.425926 0.0697917 0.462963 0.352193
0 0.660417 0.338889 0.025 0.125926 0.353402
0 0.486458 0.350926 0.025 0.0981481 0.359176
0 0.507812 0.353704 0.028125 0.0925926 0.361206
1 0.984896 0.4 0.0302083 0.114815 0.362724
1 0.984896 0.4 0.0302083 0.114815 0.36348
0 0.540104 0.316667 0.015625 0.0703704 0.36664
0 0.486458 0.35 0.025 0.1 0.368207
0 0.510417 0.353704 0.025 0.0925926 0.37049
0 0.540104 0.316667 0.015625 0.0703704 0.371083
0 0.447917 0.350926 0.0270833 0.138889 0.376882
1 0.984896 0.4 0.0302083 0.114815 0.378761
0 0.388542 0.334259 0.0166667 0.105556 0.382171
0 0.447917 0.350926 0.0270833 0.138889 0.3829
0 0.510417 0.35463 0.025 0.0944444 0.390225
0 0.0697917 0.32037 0.025 0.1 0.393174
0 0.660937 0.338889 0.0260417 0.133333 0.397814
0 0.510417 0.353704 0.025 0.0925926 0.400128
0 0.540104 0.316667 0.015625 0.0703704 0.402986
0 0.660417 0.338889 0.025 0.125926 0.404102
0 0.388021 0.333333 0.0177083 0.111111 0.405105
0 0.660417 0.338889 0.025 0.125926 0.406317
0 0.388542 0.333333 0.01875 0.111111 0.417181
24 0.920833 0.366667 0.0708333 0.203704 0.417934
0 0.877083 0.461111 0.0875 0.551852 0.41854
0 0.540104 0.315741 0.0135417 0.0722222 0.419505
0 0.539583 0.315741 0.0145833 0.0685185 0.420333
0 0.0703125 0.319444 0.0197917 0.101852 0.420411
0 0.507812 0.352778 0.0239583 0.0944444 0.425238
0 0.486458 0.351852 0.0229167 0.0925926 0.426813
0 0.508854 0.353704 0.0260417 0.0925926 0.427385
24 0.920833 0.365741 0.06875 0.209259 0.428541
0 0.539062 0.316667 0.015625 0.0666667 0.434082
0 0.447917 0.352778 0.025 0.135185 0.443001
0 0.539583 0.315741 0.0145833 0.0722222 0.443223
0 0.539583 0.315741 0.0145833 0.0685185 0.448101
0 0.507812 0.353704 0.0239583 0.0962963 0.453643
24 0.923958 0.374074 0.0708333 0.2 0.454586
0 0.447917 0.35463 0.025 0.135185 0.45858
0 0.660417 0.338889 0.0270833 0.12963 0.458728
0 0.507812 0.353704 0.0239583 0.0962963 0.460722
0 0.877083 0.461111 0.0854167 0.548148 0.461607
0 0.385417 0.328704 0.0166667 0.0981481 0.479791
24 0.925521 0.375926 0.065625 0.188889 0.481153
0 0.0692708 0.32037 0.021875 0.1 0.482764
0 0.0140625 0.323148 0.028125 0.146296 0.489177
0 0.405729 0.344444 0.028125 0.133333 0.490526
0 0.383854 0.330556 0.0177083 0.105556 0.492221
0 0.447917 0.350926 0.0270833 0.15 0.498395
0 0.0140625 0.323148 0.028125 0.142593 0.505057
0 0.660417 0.337963 0.0270833 0.127778 0.507812
24 0.926042 0.376852 0.0645833 0.194444 0.508272
0 0.660937 0.339815 0.0260417 0.131481 0.513219
0 0.0135417 0.321296 0.0270833 0.142593 0.526673
0 0.401042 0.348148 0.0375 0.144444 0.527968
0 0.602604 0.339815 0.0260417 0.131481 0.537205
24 0.924479 0.374074 0.0697917 0.2 0.53921
0 0.0458333 0.32037 0.0208333 0.1 0.53949
0 0.660937 0.334259 0.0260417 0.124074 0.539501
24 0.923437 0.37037 0.0677083 0.203704 0.541134
0 0.870833 0.447222 0.0875 0.55 0.550835
24 0.924479 0.376852 0.0697917 0.190741 0.552899
24 0.923437 0.369444 0.0677083 0.205556 0.552945
24 0.924479 0.376852 0.0677083 0.190741 0.554836
24 0.921875 0.373148 0.0708333 0.194444 0.55536
24 0.923437 0.369444 0.0697917 0.205556 0.55924
0 0.875 0.45463 0.0833333 0.538889 0.559252
24 0.921875 0.373148 0.06875 0.198148 0.560636
0 0.660417 0.337963 0.0270833 0.127778 0.561023
24 0.925 0.375926 0.06875 0.192593 0.563897
0 0.602083 0.340741 0.0270833 0.12963 0.571519
0 0.602604 0.338889 0.0260417 0.12963 0.572421
0 0.874479 0.455556 0.084375 0.544444 0.574327
0 0.0119792 0.32037 0.0239583 0.148148 0.576134
0 0.447917 0.35 0.0270833 0.148148 0.578966
0 0.0453125 0.322222 0.021875 0.1 0.581087
0 0.0119792 0.32037 0.0239583 0.148148 0.585517
0 0.660937 0.336111 0.0239583 0.124074 0.587717
0 0.871354 0.448148 0.0864583 0.548148 0.588834
0 0.386458 0.331481 0.0166667 0.0962963 0.589882
0 0.602604 0.339815 0.0260417 0.135185 0.597748
0 0.602604 0.339815 0.0260417 0.135185 0.598939
0 0.447917 0.350926 0.0270833 0.142593 0.599885
0 0.660417 0.335185 0.025 0.125926 0.602033
0 0.0119792 0.32037 0.0239583 0.148148 0.602099
0 0.0119792 0.319444 0.0239583 0.15 0.603227
0 0.447917 0.352778 0.0270833 0.142593 0.603573
0 0.821354 0.430556 0.071875 0.464815 0.606099
0 0.660937 0.335185 0.0260417 0.125926 0.606563
0 0.660417 0.337963 0.0270833 0.127778 0.606751
0 0.602083 0.340741 0.0270833 0.12963 0.608033
0 0.386979 0.331481 0.0177083 0.1 0.610918
0 0.0458333 0.323148 0.0208333 0.0944444 0.611594
0 0.386979 0.331481 0.0177083 0.1 0.613654
0 0.0703125 0.321296 0.0197917 0.101852 0.615549
0 0.821875 0.432407 0.0729167 0.468519 0.616056
0 0.0447917 0.319444 0.0208333 0.0944444 0.616215
0 0.404687 0.347222 0.0322917 0.146296 0.622516
0 0.821354 0.431481 0.071875 0.466667 0.630074
0 0.0135417 0.321296 0.0270833 0.142593 0.630654
0 0.405729 0.347222 0.0322917 0.146296 0.636068
0 0.0697917 0.318519 0.0208333 0.0962963 0.640469
0 0.821354 0.425926 0.071875 0.477778 0.64102
0 0.0703125 0.32037 0.0197917 0.103704 0.642777
0 0.602604 0.341667 0.0260417 0.131481 0.645881
0 0.602604 0.338889 0.0260417 0.12963 0.647531
0 0.447917 0.352778 0.0270833 0.142593 0.65088
24 0.923958 0.375 0.0708333 0.198148 0.655871
0 0.602604 0.340741 0.0260417 0.12963 0.656224
0 0.603125 0.338889 0.025 0.12963 0.65703
0 0.0447917 0.319444 0.0208333 0.0944444 0.657921
0 0.660937 0.336111 0.0239583 0.124074 0.658561
0 0.0447917 0.32037 0.0208333 0.0962963 0.658674
24 0.923437 0.375 0.0697917 0.198148 0.658741
0 0.0703125 0.32037 0.0197917 0.103704 0.65903
0 0.447917 0.352778 0.0270833 0.142593 0.65912
0 0.0140625 0.321296 0.028125 0.138889 0.661203
0 0.0458333 0.323148 0.0208333 0.0981481 0.661309
0 0.405729 0.347222 0.028125 0.153704 0.664359
0 0.660937 0.336111 0.0239583 0.124074 0.664774
0 0.602083 0.341667 0.0270833 0.131481 0.664821
0 0.660937 0.337963 0.0260417 0.127778 0.665538
0 0.660937 0.339815 0.0239583 0.131481 0.665773
24 0.923437 0.374074 0.0697917 0.196296 0.666421
0 0.873958 0.45463 0.0875 0.557407 0.668948
0 0.0140625 0.324074 0.028125 0.144444 0.669716
0 0.660417 0.337963 0.025 0.127778 0.670983
0 0.0458333 0.323148 0.0208333 0.0981481 0.671397
0 0.0140625 0.324074 0.028125 0.144444 0.672246
0 0.874479 0.455556 0.0864583 0.544444 0.673799
0 0.448438 0.351852 0.0260417 0.144444 0.676072
0 0.405729 0.348148 0.028125 0.151852 0.680674
0 0.820312 0.430556 0.0739583 0.461111 0.680885
0 0.0697917 0.318519 0.0208333 0.1 0.684707
0 0.0697917 0.318519 0.0208333 0.1 0.685035
0 0.602604 0.340741 0.0260417 0.12963 0.686399
0 0.602604 0.340741 0.0260417 0.12963 0.693028
0 0.447396 0.353704 0.0260417 0.140741 0.696376
0 0.821875 0.431481 0.0729167 0.466667 0.697942
0 0.447396 0.352778 0.0260417 0.138889 0.70069
0 0.405729 0.349074 0.028125 0.15 0.702501
0 0.0135417 0.321296 0.025 0.142593 0.71302
0 0.405208 0.347222 0.0270833 0.153704 0.713677
0 0.0140625 0.32037 0.028125 0.140741 0.714335
0 0.877604 0.461111 0.090625 0.551852 0.714418
0 0.821354 0.425926 0.0739583 0.485185 0.723784
0 0.873438 0.450926 0.090625 0.55 0.723964
0 0.602083 0.341667 0.0270833 0.131481 0.724796
0 0.873958 0.451852 0.0916667 0.551852 0.72835
0 0.878125 0.462037 0.0875 0.55 0.72894
0 0.819792 0.430556 0.0729167 0.461111 0.730697
0 0.447917 0.350926 0.025 0.15 0.737525
0 0.405729 0.348148 0.028125 0.148148 0.74874
0 0.0135417 0.321296 0.0270833 0.138889 0.754473
0 0.602604 0.340741 0.0260417 0.12963 0.761535
0 0.602604 0.340741 0.0260417 0.133333 0.761784
0 0.448438 0.353704 0.0260417 0.144444 0.761889
0 0.448438 0.350926 0.0260417 0.142593 0.763299
0 0.822396 0.42963 0.0760417 0.466667 0.767077
0 0.602604 0.340741 0.0260417 0.12963 0.768025
0 0.447917 0.35463 0.0270833 0.142593 0.768828
0 0.821875 0.425926 0.0729167 0.481481 0.77094
0 0.405729 0.349074 0.028125 0.15 0.772283
0 0.405729 0.34537 0.028125 0.142593 0.777032
0 0.405729 0.34537 0.028125 0.142593 0.779758
0 0.602604 0.340741 0.0260417 0.12963 0.788482
0 0.822396 0.42963 0.0760417 0.466667 0.805422
0 0.822396 0.428704 0.0760417 0.472222 0.831299
0 0.40625 0.344444 0.0270833 0.159259 0.860636
0 0.405729 0.344444 0.028125 0.155556 0.866598
