0 0.661458 0.339815 0.0229167 0.127778 0.252196
13 0.0890625 0.706481 0.176042 0.553704 0.253024
0 0.446354 0.350926 0.0260417 0.127778 0.253159
13 0.0890625 0.703704 0.178125 0.559259 0.254989
0 0.829687 0.439815 0.0864583 0.47963 0.25652
0 0.601562 0.346296 0.028125 0.125926 0.258207
0 0.490104 0.353704 0.0260417 0.0962963 0.25845
24 0.933333 0.37037 0.075 0.203704 0.262687
0 0.490104 0.353704 0.0260417 0.0962963 0.262918
24 0.933854 0.369444 0.071875 0.209259 0.26587
0 0.0651042 0.321296 0.0239583 0.105556 0.274108
0 0.876042 0.452778 0.0916667 0.546296 0.275083
0 0.484375 0.35 0.0270833 0.1 0.275365
0 0.00677083 0.324074 0.0135417 0.12963 0.282905
0 0.384375 0.337037 0.0166667 0.0962963 0.284182
0 0.0645833 0.323148 0.025 0.105556 0.284905
0 0.484896 0.350926 0.0260417 0.101852 0.287495
0 0.539062 0.316667 0.015625 0.0740741 0.288673
0 0.384375 0.337037 0.0166667 0.1 0.288874
0 0.509375 0.35463 0.025 0.0944444 0.291571
0 0.509375 0.35463 0.025 0.0944444 0.301315
0 0.539062 0.317593 0.015625 0.0685185 0.30262
13 0.090625 0.712037 0.18125 0.553704 0.303214
0 0.446875 0.350926 0.025 0.131481 0.304853
0 0.875521 0.453704 0.090625 0.544444 0.305262
24 0.934375 0.386111 0.0708333 0.183333 0.306816
0 0.065625 0.321296 0.0229167 0.105556 0.306992
0 0.402083 0.341667 0.0291667 0.135185 0.307726
0 0.446875 0.351852 0.025 0.12963 0.308989
0 0.539062 0.317593 0.015625 0.0722222 0.310712
0 0.602083 0.342593 0.0291667 0.12963 0.310859
24 0.934375 0.385185 0.06875 0.185185 0.311696
0 0.382292 0.332407 0.01875 0.112963 0.312164
13 0.0895833 0.711111 0.179167 0.551852 0.316312
0 0.661979 0.338889 0.0260417 0.125926 0.316433
0 0.661979 0.338889 0.0260417 0.122222 0.318114
0 0.509375 0.35463 0.025 0.0944444 0.318234
13 0.0895833 0.711111 0.179167 0.551852 0.319913
0 0.539062 0.317593 0.015625 0.0722222 0.324251
0 0.065625 0.321296 0.0229167 0.105556 0.324729
0 0.601562 0.341667 0.0302083 0.127778 0.327185
0 0.445833 0.359259 0.025 0.148148 0.333923
0 0.384375 0.337037 0.0166667 0.1 0.336187
0 0.00677083 0.326852 0.0135417 0.124074 0.337118
0 0.403125 0.347222 0.0291667 0.157407 0.341484
0 0.445833 0.359259 0.025 0.148148 0.343434
0 0.484896 0.352778 0.0260417 0.0944444 0.346326
0 0.602083 0.341667 0.0291667 0.127778 0.351811
0 0.403125 0.348148 0.0291667 0.155556 0.352114
0 0.506771 0.35463 0.0260417 0.0944444 0.353804
0 0.539062 0.317593 0.015625 0.0722222 0.353883
0 0.890625 0.457407 0.108333 0.574074 0.356568
0 0.663542 0.338889 0.0229167 0.125926 0.356638
0 0.403646 0.347222 0.028125 0.157407 0.359366
0 0.539062 0.318519 0.015625 0.0666667 0.362345
0 0.877604 0.458333 0.0885417 0.57963 0.377368
0 0.540104 0.318519 0.015625 0.0703704 0.377688
0 0.00625 0.326852 0.0125 0.12037 0.377987
0 0.878125 0.459259 0.0875 0.548148 0.381726
0 0.402604 0.339815 0.0302083 0.157407 0.384247
0 0.829167 0.439815 0.0875 0.498148 0.389772
0 0.507292 0.35463 0.025 0.0944444 0.390596
0 0.539583 0.317593 0.0145833 0.0685185 0.392856
0 0.507292 0.35463 0.025 0.0907407 0.395917
0 0.402604 0.340741 0.0302083 0.159259 0.399591
0 0.0645833 0.325 0.0229167 0.0981481 0.406533
0 0.829687 0.439815 0.0864583 0.498148 0.4066
0 0.539583 0.317593 0.0145833 0.0685185 0.413936
0 0.507292 0.35463 0.025 0.0981481 0.417148
0 0.507292 0.35463 0.025 0.0981481 0.421984
0 0.661979 0.339815 0.0260417 0.124074 0.425784
0 0.0645833 0.325 0.0229167 0.101852 0.439138
0 0.383854 0.330556 0.015625 0.0981481 0.44033
0 0.0375 0.323148 0.01875 0.0981481 0.443181
0 0.397396 0.337963 0.0322917 0.116667 0.443907
0 0.00625 0.324074 0.0125 0.122222 0.444633
0 0.402604 0.340741 0.0302083 0.155556 0.447743
0 0.0645833 0.325 0.0229167 0.101852 0.450184
0 0.661458 0.338889 0.025 0.122222 0.453014
0 0.883854 0.461111 0.0927083 0.585185 0.456144
0 0.661458 0.339815 0.0229167 0.127778 0.456752
24 0.935938 0.376852 0.071875 0.194444 0.465834
24 0.935938 0.376852 0.0697917 0.198148 0.467664
0 0.0380208 0.322222 0.0197917 0.1 0.467782
0 0.6 0.34537 0.0270833 0.124074 0.473274
0 0.6 0.342593 0.0291667 0.125926 0.474098
0 0.539583 0.316667 0.0145833 0.0740741 0.474552
0 0.398438 0.338889 0.034375 0.122222 0.475177
0 0.0380208 0.322222 0.0197917 0.1 0.478384
0 0.00625 0.324074 0.0125 0.125926 0.478476
0 0.600521 0.34537 0.028125 0.124074 0.484246
0 0.539583 0.316667 0.0145833 0.0703704 0.487527
0 0.883854 0.462037 0.090625 0.583333 0.489874
0 0.0380208 0.321296 0.0197917 0.101852 0.491118
0 0.398958 0.338889 0.0333333 0.118519 0.515829
0 0.876042 0.455556 0.1 0.57037 0.515883
0 0.00625 0.324074 0.0125 0.12963 0.516394
24 0.933854 0.37037 0.0739583 0.222222 0.517957
0 0.875521 0.455556 0.0989583 0.574074 0.518859
0 0.6 0.346296 0.0270833 0.122222 0.521698
0 0.0380208 0.32037 0.0197917 0.103704 0.522259
0 0.6 0.342593 0.0291667 0.125926 0.522962
0 0.445833 0.35463 0.025 0.131481 0.525856
0 0.385417 0.335185 0.0166667 0.0962963 0.527605
0 0.446875 0.356481 0.025 0.135185 0.528148
0 0.0380208 0.321296 0.0197917 0.105556 0.531802
24 0.933854 0.375926 0.0760417 0.211111 0.538386
0 0.385417 0.335185 0.0166667 0.1 0.540978
0 0.385417 0.335185 0.0166667 0.1 0.542165
0 0.400521 0.34537 0.0322917 0.153704 0.542471
0 0.661979 0.335185 0.0239583 0.122222 0.544646
0 0.446875 0.355556 0.0270833 0.148148 0.544772
0 0.6625 0.334259 0.025 0.12037 0.545377
0 0.6 0.343519 0.0291667 0.124074 0.547127
0 0.446875 0.35463 0.0270833 0.138889 0.549129
24 0.934375 0.37037 0.0729167 0.214815 0.556556
24 0.934375 0.375 0.0708333 0.201852 0.558652
24 0.934375 0.375 0.0729167 0.198148 0.562097
0 0.830208 0.437037 0.08125 0.485185 0.56452
0 0.00625 0.325926 0.0125 0.122222 0.568372
24 0.934375 0.368519 0.0729167 0.214815 0.571212
24 0.933854 0.369444 0.071875 0.22037 0.571434
0 0.0385417 0.322222 0.0208333 0.0962963 0.571525
24 0.934375 0.37037 0.0729167 0.214815 0.573845
0 0.0390625 0.322222 0.0197917 0.1 0.58002
24 0.934375 0.375926 0.075 0.214815 0.585279
0 0.661979 0.335185 0.0239583 0.118519 0.587151
24 0.932292 0.378704 0.0770833 0.205556 0.588262
0 0.00625 0.326852 0.0125 0.124074 0.589242
0 0.661979 0.335185 0.0239583 0.118519 0.591839
24 0.932813 0.37963 0.078125 0.203704 0.593302
0 0.446875 0.353704 0.0270833 0.137037 0.595765
24 0.932813 0.378704 0.0760417 0.205556 0.596832
0 0.601042 0.34537 0.0291667 0.127778 0.597585
0 0.446875 0.356481 0.0270833 0.142593 0.599684
0 0.0385417 0.322222 0.0208333 0.1 0.601906
0 0.0385417 0.322222 0.0208333 0.1 0.60225
0 0.6625 0.336111 0.0229167 0.12037 0.603434
0 0.0390625 0.322222 0.0197917 0.103704 0.60549
0 0.6625 0.336111 0.0229167 0.12037 0.605741
0 0.601042 0.34537 0.0291667 0.131481 0.606461
0 0.0385417 0.322222 0.0208333 0.103704 0.61746
0 0.446875 0.355556 0.0270833 0.148148 0.621441
0 0.601562 0.344444 0.0302083 0.125926 0.621983
0 0.446875 0.35463 0.0270833 0.138889 0.622267
0 0.661979 0.338889 0.0239583 0.122222 0.62742
0 0.601042 0.344444 0.0291667 0.12963 0.627938
0 0.661979 0.338889 0.0239583 0.122222 0.635395
0 0.404167 0.34537 0.0291667 0.153704 0.639363
24 0.935417 0.371296 0.0708333 0.212963 0.641565
24 0.934896 0.371296 0.071875 0.212963 0.644639
0 0.404167 0.34537 0.0291667 0.153704 0.64507
0 0.0651042 0.321296 0.021875 0.101852 0.646978
24 0.935417 0.37037 0.0708333 0.214815 0.65358
0 0.0645833 0.322222 0.0229167 0.103704 0.659405
0 0.830729 0.438889 0.0802083 0.481481 0.660106
0 0.445833 0.35463 0.025 0.135185 0.660741
0 0.445833 0.35463 0.025 0.135185 0.661819
0 0.0385417 0.322222 0.01875 0.103704 0.664374
0 0.065625 0.324074 0.0208333 0.103704 0.667589
0 0.446875 0.355556 0.0270833 0.140741 0.667955
0 0.065625 0.321296 0.0208333 0.0981481 0.67075
0 0.885417 0.460185 0.0979167 0.557407 0.679185
0 0.601562 0.344444 0.0302083 0.125926 0.681313
0 0.0385417 0.323148 0.0208333 0.101852 0.687798
0 0.884375 0.460185 0.0979167 0.557407 0.692867
0 0.065625 0.324074 0.0208333 0.107407 0.695792
0 0.601042 0.344444 0.0291667 0.125926 0.698037
0 0.065625 0.324074 0.0208333 0.107407 0.698767
0 0.065625 0.322222 0.0208333 0.1 0.709006
0 0.065625 0.322222 0.0208333 0.1 0.714865
0 0.402604 0.347222 0.028125 0.157407 0.719305
0 0.600521 0.344444 0.028125 0.125926 0.722691
0 0.600521 0.344444 0.028125 0.125926 0.732485
0 0.600521 0.344444 0.028125 0.125926 0.750439
0 0.447396 0.355556 0.0260417 0.140741 0.757143
0 0.402604 0.346296 0.028125 0.159259 0.758468
0 0.446354 0.355556 0.0260417 0.148148 0.764906
0 0.601042 0.344444 0.0291667 0.125926 0.76604
0 0.402083 0.341667 0.03125 0.15 0.766755
0 0.402083 0.342593 0.03125 0.148148 0.769666
0 0.446875 0.356481 0.025 0.142593 0.775182
0 0.403125 0.346296 0.0270833 0.159259 0.776187
0 0.882292 0.458333 0.0958333 0.572222 0.786884
0 0.446875 0.357407 0.025 0.140741 0.787153
0 0.883333 0.458333 0.09375 0.57963 0.792045
0 0.601042 0.343519 0.0291667 0.124074 0.79635
0 0.830208 0.436111 0.0791667 0.47963 0.797662
0 0.601042 0.34537 0.0291667 0.124074 0.800388
0 0.402604 0.340741 0.028125 0.162963 0.822766
0 0.830208 0.437037 0.0791667 0.477778 0.826377
0 0.403125 0.340741 0.0291667 0.159259 0.831356
0 0.830208 0.437037 0.08125 0.492593 0.833554
0 0.830208 0.436111 0.08125 0.490741 0.834098
0 0.830729 0.439815 0.0802083 0.490741 0.835289
0 0.830729 0.439815 0.0802083 0.494444 0.846401
0 0.829687 0.437963 0.0822917 0.494444 0.875412
0 0.829687 0.437963 0.0822917 0.490741 0.890125
