0 0.525521 0.392593 0.021875 0.1 0.251055
0 0.307813 0.4 0.0302083 0.144444 0.252111
0 0.478125 0.386111 0.01875 0.116667 0.252945
13 0.319271 0.509259 0.148958 0.137037 0.259261
13 0.31875 0.509259 0.15 0.137037 0.260277
0 0.448958 0.393519 0.0375 0.131481 0.262122
0 0.478125 0.391667 0.0208333 0.12037 0.265709
0 0.413021 0.391667 0.028125 0.142593 0.265978
0 0.439583 0.391667 0.0375 0.131481 0.269936
0 0.478125 0.387037 0.01875 0.118519 0.274618
0 0.444792 0.385185 0.0229167 0.133333 0.276931
0 0.442187 0.390741 0.0322917 0.12963 0.277021
0 0.227083 0.386111 0.0166667 0.0907407 0.279143
24 0.944792 0.544444 0.0895833 0.248148 0.284792
0 0.78125 0.637963 0.108333 0.612963 0.285098
0 0.227604 0.386111 0.0177083 0.0944444 0.285416
0 0.227083 0.390741 0.0166667 0.0962963 0.288798
13 0.210417 0.816667 0.202083 0.32963 0.288859
13 0.210938 0.815741 0.203125 0.331481 0.289439
13 0.317187 0.497222 0.151042 0.146296 0.291013
13 0.210417 0.815741 0.202083 0.331481 0.291369
0 0.411979 0.389815 0.0260417 0.135185 0.292011
0 0.4125 0.390741 0.0270833 0.140741 0.293969
13 0.209896 0.805556 0.203125 0.318519 0.294259
13 0.209896 0.80463 0.203125 0.32037 0.295388
13 0.209375 0.805556 0.202083 0.322222 0.296987
26 0.819271 0.549074 0.046875 0.153704 0.297375
24 0.944271 0.544444 0.0885417 0.244444 0.297386
0 0.227083 0.390741 0.0166667 0.1 0.298522
26 0.821354 0.562963 0.0447917 0.125926 0.302685
26 0.819792 0.55 0.0458333 0.148148 0.303097
13 0.316667 0.496296 0.152083 0.144444 0.303366
13 0.317187 0.496296 0.153125 0.144444 0.305422
26 0.819792 0.55 0.0458333 0.148148 0.306121
0 0.307813 0.400926 0.0302083 0.142593 0.306543
0 0.227083 0.385185 0.0166667 0.0925926 0.307357
24 0.936458 0.582407 0.10625 0.353704 0.308374
0 0.922917 0.605556 0.133333 0.588889 0.308388
0 0.503646 0.408333 0.034375 0.138889 0.310158
0 0.526042 0.382407 0.0208333 0.0833333 0.310881
0 0.780729 0.638889 0.107292 0.614815 0.311602
0 0.450521 0.392593 0.0385417 0.12963 0.313616
24 0.944792 0.543519 0.0875 0.246296 0.314091
24 0.935417 0.577778 0.108333 0.340741 0.319963
26 0.821875 0.562037 0.04375 0.124074 0.320503
0 0.445833 0.393519 0.0229167 0.124074 0.320511
26 0.821354 0.561111 0.0447917 0.125926 0.321312
0 0.227083 0.390741 0.0166667 0.1 0.322745
0 0.504167 0.408333 0.0354167 0.135185 0.324104
0 0.445833 0.394444 0.0229167 0.125926 0.327573
0 0.415104 0.385185 0.0260417 0.140741 0.332102
0 0.446354 0.393519 0.0239583 0.124074 0.334213
0 0.503646 0.409259 0.034375 0.137037 0.336556
0 0.227604 0.387963 0.0177083 0.0981481 0.338103
0 0.49375 0.406481 0.0375 0.138889 0.339091
0 0.526042 0.382407 0.0208333 0.0833333 0.341366
0 0.617188 0.426852 0.0447917 0.227778 0.342725
0 0.526042 0.382407 0.0208333 0.0833333 0.344952
0 0.785417 0.625926 0.108333 0.596296 0.351433
0 0.617188 0.426852 0.046875 0.231481 0.352788
0 0.499479 0.413889 0.028125 0.135185 0.363901
0 0.309896 0.396296 0.0239583 0.144444 0.367706
0 0.527083 0.384259 0.0208333 0.087037 0.369921
0 0.309896 0.396296 0.0239583 0.144444 0.374725
0 0.498958 0.413889 0.0270833 0.135185 0.375858
26 0.820312 0.560185 0.0427083 0.131481 0.378326
0 0.304167 0.39537 0.0354167 0.153704 0.379656
0 0.304167 0.39537 0.0354167 0.153704 0.381406
0 0.618229 0.427778 0.046875 0.22963 0.382508
0 0.227604 0.388889 0.0177083 0.1 0.383175
0 0.617708 0.427778 0.0479167 0.22963 0.383616
26 0.820833 0.559259 0.0416667 0.125926 0.38468
0 0.414062 0.387963 0.0239583 0.135185 0.392931
13 0.319271 0.496296 0.157292 0.148148 0.395357
0 0.304167 0.39537 0.0354167 0.153704 0.398598
0 0.413542 0.388889 0.0270833 0.140741 0.400824
0 0.498437 0.406481 0.0322917 0.138889 0.403243
0 0.500521 0.409259 0.028125 0.12963 0.405846
13 0.319271 0.501852 0.153125 0.144444 0.40585
24 0.951042 0.565741 0.0791667 0.224074 0.406546
0 0.30625 0.396296 0.0333333 0.148148 0.407574
0 0.306771 0.391667 0.0302083 0.15 0.409547
0 0.498958 0.407407 0.0333333 0.140741 0.410493
26 0.820312 0.560185 0.0427083 0.127778 0.412019
0 0.413542 0.390741 0.025 0.140741 0.412109
0 0.923437 0.611111 0.136458 0.592593 0.412145
24 0.951042 0.563889 0.0791667 0.224074 0.412505
0 0.415104 0.389815 0.0239583 0.135185 0.413305
0 0.61875 0.428704 0.0458333 0.227778 0.414041
0 0.308333 0.4 0.0270833 0.144444 0.414752
0 0.920313 0.627778 0.126042 0.62963 0.418161
24 0.951042 0.563889 0.0791667 0.224074 0.418366
0 0.499479 0.406481 0.028125 0.127778 0.422885
0 0.306771 0.391667 0.0302083 0.15 0.422943
13 0.209896 0.812963 0.203125 0.32963 0.433321
0 0.478646 0.388889 0.0197917 0.111111 0.433707
0 0.169792 0.393519 0.0270833 0.116667 0.444986
0 0.478646 0.388889 0.0197917 0.111111 0.447362
0 0.30625 0.39537 0.03125 0.15 0.448646
0 0.526563 0.387963 0.0197917 0.0944444 0.44964
13 0.210417 0.812037 0.204167 0.331481 0.450268
0 0.784896 0.626852 0.109375 0.594444 0.458314
0 0.413021 0.386111 0.0260417 0.142593 0.467643
0 0.170312 0.394444 0.0260417 0.114815 0.469623
0 0.478646 0.387963 0.0197917 0.109259 0.470499
0 0.305729 0.396296 0.0322917 0.148148 0.471636
0 0.413021 0.386111 0.0260417 0.142593 0.475548
0 0.478646 0.389815 0.0197917 0.109259 0.477606
0 0.526563 0.383333 0.0197917 0.0851852 0.477996
13 0.210417 0.812963 0.204167 0.325926 0.478554
0 0.170312 0.39537 0.0260417 0.112963 0.479255
0 0.413542 0.388889 0.0270833 0.140741 0.482574
0 0.170833 0.39537 0.025 0.112963 0.488186
0 0.784375 0.638889 0.108333 0.62963 0.489777
13 0.210417 0.812963 0.204167 0.325926 0.49372
0 0.500521 0.409259 0.028125 0.137037 0.495355
0 0.478125 0.389815 0.0208333 0.112963 0.498461
0 0.784375 0.639815 0.108333 0.627778 0.499882
0 0.500521 0.409259 0.028125 0.137037 0.500459
0 0.478125 0.389815 0.0208333 0.112963 0.501783
0 0.526563 0.388889 0.0197917 0.0962963 0.503846
0 0.411979 0.391667 0.0260417 0.138889 0.505079
0 0.498958 0.406481 0.0291667 0.135185 0.507661
0 0.411979 0.390741 0.0260417 0.137037 0.508175
24 0.947917 0.556481 0.0875 0.238889 0.510756
0 0.920313 0.627778 0.126042 0.625926 0.51322
0 0.499479 0.406481 0.028125 0.135185 0.518095
0 0.526563 0.388889 0.0197917 0.0962963 0.51896
0 0.526563 0.383333 0.0197917 0.0888889 0.519414
0 0.526563 0.383333 0.0197917 0.0851852 0.520938
0 0.309896 0.394444 0.0260417 0.148148 0.526437
24 0.947917 0.557407 0.0854167 0.244444 0.528738
24 0.949479 0.557407 0.0822917 0.237037 0.529811
0 0.309896 0.394444 0.0260417 0.148148 0.530193
0 0.169792 0.393519 0.0270833 0.112963 0.534754
13 0.209375 0.812037 0.202083 0.327778 0.535303
13 0.210417 0.812037 0.202083 0.327778 0.535517
13 0.209375 0.812037 0.202083 0.327778 0.536684
13 0.210417 0.812037 0.202083 0.327778 0.537611
13 0.209375 0.812037 0.202083 0.324074 0.538472
13 0.210938 0.812037 0.203125 0.327778 0.540656
24 0.947917 0.555556 0.0854167 0.244444 0.543008
0 0.444271 0.391667 0.0239583 0.127778 0.544102
24 0.949479 0.558333 0.0822917 0.238889 0.549614
0 0.444792 0.392593 0.0229167 0.133333 0.550794
0 0.169792 0.392593 0.0270833 0.114815 0.556951
0 0.782812 0.625926 0.105208 0.588889 0.576435
0 0.5 0.415741 0.0291667 0.142593 0.585873
0 0.498958 0.412963 0.0291667 0.144444 0.592976
0 0.782812 0.62963 0.105208 0.6 0.594248
0 0.444271 0.390741 0.021875 0.12963 0.595978
0 0.498437 0.412963 0.028125 0.144444 0.597258
0 0.170312 0.393519 0.0260417 0.112963 0.601391
0 0.414062 0.387963 0.0239583 0.142593 0.601545
0 0.169792 0.390741 0.0270833 0.111111 0.603746
0 0.526563 0.387963 0.0197917 0.0944444 0.607324
0 0.169792 0.392593 0.0270833 0.111111 0.619161
0 0.498437 0.412963 0.028125 0.144444 0.621805
0 0.444271 0.392593 0.0239583 0.12963 0.622853
0 0.414062 0.387037 0.0239583 0.140741 0.622984
0 0.444271 0.392593 0.0239583 0.12963 0.623715
0 0.5 0.414815 0.0270833 0.140741 0.625167
0 0.499479 0.414815 0.028125 0.140741 0.628553
0 0.5 0.414815 0.0291667 0.144444 0.629456
0 0.5 0.414815 0.0291667 0.144444 0.629571
0 0.169792 0.391667 0.0270833 0.112963 0.632594
0 0.414583 0.388889 0.025 0.140741 0.638698
0 0.169792 0.392593 0.025 0.114815 0.641561
0 0.169792 0.391667 0.0270833 0.109259 0.643231
0 0.444792 0.391667 0.0229167 0.131481 0.64479
0 0.444792 0.391667 0.0229167 0.131481 0.646588
0 0.170312 0.392593 0.0260417 0.111111 0.650888
0 0.784375 0.632407 0.108333 0.609259 0.659892
0 0.499479 0.413889 0.028125 0.142593 0.669989
0 0.415104 0.389815 0.0239583 0.138889 0.673139
0 0.170312 0.393519 0.0260417 0.116667 0.673371
0 0.499479 0.413889 0.028125 0.142593 0.678752
0 0.415104 0.389815 0.0239583 0.138889 0.681055
0 0.9125 0.630556 0.1125 0.594444 0.683396
0 0.169792 0.393519 0.025 0.116667 0.687353
0 0.170312 0.393519 0.0260417 0.112963 0.691716
0 0.913542 0.630556 0.1125 0.601852 0.701506
0 0.169792 0.392593 0.025 0.114815 0.705087
0 0.170312 0.393519 0.0260417 0.112963 0.719388
0 0.916146 0.62963 0.119792 0.62963 0.722044
0 0.915625 0.628704 0.11875 0.627778 0.724029
0 0.917708 0.622222 0.120833 0.622222 0.751457
0 0.618229 0.425926 0.0447917 0.22963 0.761924
0 0.618229 0.425926 0.046875 0.233333 0.771364
0 0.784375 0.632407 0.108333 0.609259 0.771799
0 0.917188 0.625 0.121875 0.624074 0.775648
0 0.781771 0.625926 0.109375 0.625926 0.799201
0 0.781771 0.628704 0.109375 0.616667 0.812836
0 0.61875 0.425926 0.04375 0.22963 0.822567
0 0.782812 0.628704 0.107292 0.587037 0.834893
0 0.61875 0.425926 0.04375 0.22963 0.84283
0 0.61875 0.426852 0.04375 0.231481 0.842883
0 0.782812 0.62963 0.107292 0.592593 0.846403
0 0.618229 0.425 0.0447917 0.227778 0.853419
0 0.784375 0.637963 0.10625 0.616667 0.857612
0 0.618229 0.426852 0.0427083 0.227778 0.865389
0 0.618229 0.425926 0.0427083 0.22963 0.865622
0 0.618229 0.425 0.0447917 0.227778 0.866143
0 0.784375 0.637963 0.10625 0.616667 0.867611
0 0.618229 0.425926 0.0427083 0.22963 0.871079
0 0.618229 0.425 0.0447917 0.227778 0.873357
0 0.618229 0.425926 0.0447917 0.22963 0.885597
0 0.618229 0.425926 0.0447917 0.233333 0.890331
