0 0.921875 0.619444 0.127083 0.67963 0.25597
0 0.493229 0.364815 0.0197917 0.12963 0.257673
0 0.493229 0.363889 0.0260417 0.142593 0.26123
0 0.155729 0.337037 0.0260417 0.111111 0.262501
0 0.928646 0.622222 0.138542 0.67037 0.2691
0 0.294271 0.325 0.0302083 0.087037 0.272637
0 0.625 0.364815 0.0208333 0.0962963 0.274823
0 0.496354 0.358333 0.021875 0.131481 0.278254
0 0.159896 0.338889 0.0239583 0.107407 0.281519
0 0.497917 0.358333 0.025 0.142593 0.310657
0 0.294271 0.323148 0.0322917 0.0907407 0.312145
0 0.498437 0.358333 0.0239583 0.142593 0.316778
0 0.294271 0.325 0.0302083 0.087037 0.317201
0 0.625 0.364815 0.0208333 0.1 0.319979
0 0.625 0.363889 0.0208333 0.101852 0.320858
0 0.493229 0.363889 0.0197917 0.135185 0.321423
0 0.493229 0.363889 0.0197917 0.135185 0.329595
0 0.366146 0.361111 0.0302083 0.174074 0.337966
0 0.834896 0.42963 0.0677083 0.340741 0.347379
0 0.161458 0.339815 0.025 0.109259 0.349128
0 0.294271 0.322222 0.0322917 0.0925926 0.356472
0 0.160417 0.337037 0.025 0.111111 0.358136
0 0.366667 0.362037 0.0291667 0.172222 0.360098
0 0.0286458 0.374074 0.0385417 0.188889 0.361318
0 0.780729 0.610185 0.134375 0.661111 0.363501
0 0.835417 0.427778 0.06875 0.337037 0.364031
0 0.834896 0.428704 0.0677083 0.342593 0.364305
0 0.160938 0.339815 0.0239583 0.109259 0.370827
0 0.160938 0.339815 0.0239583 0.109259 0.374438
0 0.0286458 0.374074 0.0385417 0.181481 0.384346
0 0.523958 0.363889 0.0291667 0.135185 0.39025
0 0.494271 0.363889 0.0239583 0.138889 0.402421
0 0.294271 0.323148 0.0322917 0.087037 0.407941
0 0.522396 0.363889 0.028125 0.135185 0.41498
0 0.160417 0.338889 0.0208333 0.107407 0.423712
0 0.29375 0.324074 0.03125 0.0888889 0.424643
0 0.624479 0.362963 0.0197917 0.103704 0.424739
0 0.925521 0.615741 0.134375 0.653704 0.430046
0 0.524479 0.363889 0.028125 0.135185 0.436416
0 0.294271 0.323148 0.0322917 0.087037 0.440641
0 0.160417 0.338889 0.0208333 0.111111 0.44181
0 0.160417 0.338889 0.0208333 0.111111 0.44195
0 0.522396 0.362963 0.028125 0.133333 0.442015
0 0.49375 0.364815 0.0229167 0.140741 0.452346
0 0.626042 0.363889 0.0208333 0.0981481 0.456056
0 0.930729 0.613889 0.134375 0.683333 0.45624
0 0.834896 0.418519 0.0697917 0.322222 0.462291
0 0.834896 0.437963 0.0697917 0.368519 0.463843
0 0.834896 0.418519 0.0697917 0.318519 0.464109
0 0.929167 0.613889 0.135417 0.675926 0.464953
0 0.522917 0.362963 0.0270833 0.137037 0.468367
0 0.293229 0.322222 0.0322917 0.0888889 0.468879
0 0.834896 0.418519 0.0697917 0.322222 0.472148
0 0.496354 0.360185 0.021875 0.142593 0.474181
0 0.496354 0.360185 0.021875 0.142593 0.474393
0 0.522396 0.361111 0.0260417 0.133333 0.483046
0 0.523958 0.363889 0.0291667 0.131481 0.490402
0 0.625521 0.361111 0.021875 0.1 0.494416
0 0.525 0.360185 0.0270833 0.127778 0.494937
0 0.29375 0.322222 0.0291667 0.0888889 0.496191
0 0.927083 0.614815 0.1375 0.651852 0.499564
0 0.771875 0.62037 0.120833 0.655556 0.50206
0 0.930729 0.612963 0.134375 0.685185 0.504519
0 0.29375 0.322222 0.0291667 0.0888889 0.508453
0 0.522396 0.361111 0.0260417 0.12963 0.509562
0 0.835417 0.439815 0.06875 0.368519 0.510908
0 0.771875 0.62037 0.120833 0.655556 0.513268
0 0.29375 0.322222 0.0291667 0.0888889 0.515183
0 0.626042 0.363889 0.0208333 0.101852 0.521983
0 0.626042 0.363889 0.0208333 0.109259 0.524567
0 0.626042 0.363889 0.0208333 0.101852 0.52513
0 0.523958 0.363889 0.0291667 0.131481 0.526336
0 0.29375 0.321296 0.0291667 0.087037 0.528127
0 0.626042 0.361111 0.0208333 0.1 0.529367
0 0.578646 0.383333 0.034375 0.148148 0.534101
0 0.579167 0.382407 0.0333333 0.146296 0.539948
0 0.834375 0.427778 0.0708333 0.344444 0.541945
0 0.625521 0.361111 0.021875 0.1 0.5451
0 0.625521 0.361111 0.021875 0.1 0.546806
0 0.367708 0.362037 0.03125 0.175926 0.548867
0 0.928646 0.613889 0.134375 0.675926 0.549493
0 0.576563 0.376852 0.0364583 0.146296 0.552145
0 0.578646 0.382407 0.0364583 0.15 0.558401
0 0.29375 0.321296 0.0291667 0.087037 0.559522
0 0.524479 0.363889 0.028125 0.131481 0.560068
0 0.294271 0.321296 0.028125 0.087037 0.563236
0 0.578125 0.381481 0.0375 0.151852 0.565468
0 0.576042 0.376852 0.0354167 0.15 0.565768
0 0.525 0.361111 0.0270833 0.12963 0.568999
0 0.521875 0.361111 0.0270833 0.137037 0.571139
0 0.522396 0.361111 0.0260417 0.137037 0.572394
0 0.367708 0.362037 0.03125 0.175926 0.573371
0 0.524479 0.361111 0.0260417 0.12963 0.573517
0 0.626042 0.360185 0.0208333 0.101852 0.576351
0 0.834375 0.435185 0.06875 0.362963 0.579687
0 0.522396 0.363889 0.0260417 0.135185 0.583402
0 0.834375 0.426852 0.06875 0.342593 0.585772
0 0.626042 0.360185 0.0208333 0.101852 0.591504
0 0.578125 0.382407 0.0375 0.15 0.601754
0 0.367188 0.361111 0.0322917 0.174074 0.607508
0 0.625521 0.361111 0.0197917 0.107407 0.607848
0 0.522396 0.361111 0.0260417 0.133333 0.62363
0 0.835417 0.427778 0.06875 0.337037 0.627419
0 0.835417 0.426852 0.06875 0.335185 0.628369
0 0.522396 0.361111 0.0260417 0.133333 0.631413
0 0.36875 0.363889 0.0333333 0.172222 0.633897
0 0.834375 0.436111 0.06875 0.361111 0.637428
0 0.835417 0.427778 0.06875 0.340741 0.639557
0 0.774479 0.606481 0.119792 0.642593 0.642541
0 0.626042 0.362037 0.0208333 0.105556 0.644907
0 0.028125 0.376852 0.0395833 0.183333 0.67585
0 0.925521 0.614815 0.134375 0.662963 0.679993
0 0.368229 0.363889 0.0322917 0.172222 0.68052
0 0.0276042 0.377778 0.0427083 0.185185 0.681255
0 0.578646 0.380556 0.0364583 0.146296 0.69756
0 0.775521 0.608333 0.119792 0.642593 0.698804
0 0.578646 0.381481 0.0364583 0.148148 0.700062
0 0.36875 0.362037 0.0333333 0.175926 0.703875
0 0.579167 0.381481 0.0354167 0.144444 0.704599
0 0.028125 0.377778 0.0416667 0.188889 0.704989
0 0.929167 0.618519 0.1375 0.681481 0.70743
0 0.578646 0.380556 0.0364583 0.146296 0.709982
0 0.36875 0.362037 0.0333333 0.175926 0.71418
0 0.578646 0.378704 0.0364583 0.15 0.71816
0 0.028125 0.377778 0.0395833 0.185185 0.719055
0 0.578646 0.378704 0.0364583 0.15 0.729723
0 0.578646 0.381481 0.0364583 0.148148 0.733162
0 0.368229 0.363889 0.0322917 0.172222 0.73466
0 0.578646 0.378704 0.0364583 0.15 0.738731
0 0.028125 0.377778 0.0395833 0.181481 0.745757
0 0.368229 0.362963 0.0322917 0.174074 0.747962
0 0.368229 0.362963 0.0322917 0.174074 0.753421
0 0.028125 0.377778 0.0395833 0.181481 0.767551
0 0.367188 0.362037 0.0302083 0.172222 0.770893
0 0.368229 0.363889 0.0322917 0.175926 0.773609
0 0.367188 0.362963 0.0302083 0.174074 0.779096
0 0.776042 0.612963 0.125 0.644444 0.786641
0 0.928646 0.617593 0.136458 0.67963 0.788121
0 0.028125 0.377778 0.0395833 0.185185 0.793132
0 0.028125 0.377778 0.0416667 0.185185 0.793865
0 0.028125 0.377778 0.0395833 0.181481 0.79503
0 0.927083 0.612963 0.1375 0.674074 0.797939
0 0.028125 0.376852 0.0416667 0.187037 0.807071
0 0.776042 0.612963 0.125 0.648148 0.833615
0 0.774479 0.60463 0.119792 0.661111 0.834949
0 0.775 0.616667 0.125 0.659259 0.835476
0 0.028125 0.377778 0.0395833 0.185185 0.837017
0 0.775521 0.608333 0.119792 0.661111 0.839879
0 0.775 0.616667 0.125 0.659259 0.851856
0 0.028125 0.377778 0.0395833 0.185185 0.853394
0 0.028125 0.377778 0.0395833 0.185185 0.86061
