13 0.395833 0.613889 0.229167 0.161111 0.250305
2 0.0546875 0.350926 0.0322917 0.05 0.250671
0 0.448958 0.436111 0.0333333 0.157407 0.251065
2 0.127604 0.362963 0.0364583 0.0296296 0.25197
0 0.402083 0.409259 0.0166667 0.0851852 0.25272
0 0.319792 0.391667 0.0125 0.0722222 0.252959
36 0.965625 0.799074 0.0583333 0.0537037 0.253781
0 0.217187 0.393519 0.015625 0.0611111 0.254453
2 0.0947917 0.339815 0.0479167 0.0574074 0.255163
0 0.216667 0.394444 0.0166667 0.062963 0.255669
2 0.0557292 0.348148 0.0322917 0.0518519 0.257598
2 0.0546875 0.348148 0.0302083 0.0518519 0.258056
36 0.967188 0.8 0.0552083 0.0592593 0.25819
13 0.284896 0.476852 0.0885417 0.0759259 0.258884
0 0.449479 0.437037 0.034375 0.159259 0.260705
0 0.966667 0.581481 0.0666667 0.485185 0.261749
0 0.966146 0.582407 0.0677083 0.483333 0.26216
0 0.319792 0.390741 0.0125 0.0703704 0.263766
2 0.0546875 0.349074 0.0302083 0.05 0.271143
0 0.654167 0.427778 0.0229167 0.118519 0.274769
13 0.284896 0.476852 0.090625 0.0759259 0.276934
0 0.449479 0.437037 0.034375 0.155556 0.284563
2 0.0947917 0.339815 0.0479167 0.0574074 0.286577
2 0.0546875 0.348148 0.0302083 0.0481481 0.288264
0 0.654167 0.428704 0.0229167 0.116667 0.288433
0 0.319792 0.394444 0.0125 0.0666667 0.289661
0 0.654167 0.428704 0.0229167 0.116667 0.290368
36 0.966667 0.800926 0.05625 0.0574074 0.291038
0 0.451562 0.437963 0.034375 0.161111 0.291281
0 0.451562 0.437963 0.034375 0.161111 0.291943
2 0.0557292 0.348148 0.0322917 0.0518519 0.292444
13 0.288542 0.475 0.0875 0.0759259 0.295479
0 0.320312 0.394444 0.0135417 0.0666667 0.302457
0 0.451042 0.437963 0.0354167 0.161111 0.305073
13 0.286458 0.469444 0.0916667 0.0796296 0.306046
2 0.0546875 0.35 0.0302083 0.0481481 0.313651
13 0.282292 0.469444 0.0875 0.0833333 0.314104
2 0.0541667 0.35 0.03125 0.0481481 0.318452
13 0.282292 0.469444 0.0875 0.0833333 0.321398
2 0.0546875 0.35 0.0302083 0.0481481 0.324388
13 0.372917 0.586111 0.1875 0.12037 0.325921
13 0.286458 0.469444 0.0895833 0.0796296 0.330355
0 0.964583 0.584259 0.0708333 0.468519 0.331661
0 0.654688 0.426852 0.0239583 0.116667 0.333496
36 0.965625 0.799074 0.0583333 0.05 0.34063
36 0.963021 0.797222 0.0510417 0.05 0.343018
36 0.964063 0.797222 0.0510417 0.05 0.344992
36 0.963542 0.797222 0.05 0.05 0.347862
36 0.963021 0.800926 0.0552083 0.0537037 0.349096
0 0.655208 0.427778 0.0229167 0.118519 0.35086
0 0.31875 0.390741 0.0145833 0.0777778 0.352198
13 0.283854 0.472222 0.0864583 0.0814815 0.357325
0 0.965104 0.584259 0.0697917 0.468519 0.359235
0 0.966146 0.593518 0.0677083 0.47963 0.361262
0 0.4 0.412963 0.0166667 0.0925926 0.362557
13 0.389062 0.607407 0.221875 0.151852 0.368724
13 0.284375 0.471296 0.09375 0.0833333 0.37731
36 0.965104 0.799074 0.0572917 0.0537037 0.380766
0 0.365625 0.419444 0.0166667 0.0981481 0.381093
13 0.400521 0.619444 0.221875 0.146296 0.382023
13 0.283854 0.471296 0.0885417 0.0833333 0.383308
0 0.393229 0.416667 0.0302083 0.107407 0.387509
36 0.9625 0.800926 0.0541667 0.0537037 0.390261
0 0.394271 0.416667 0.0302083 0.107407 0.392856
0 0.399479 0.412963 0.0177083 0.0962963 0.405108
0 0.399479 0.412963 0.0177083 0.0962963 0.40563
0 0.392708 0.415741 0.0291667 0.109259 0.408137
36 0.964583 0.799074 0.05625 0.0537037 0.410955
36 0.963021 0.800926 0.0552083 0.0537037 0.411027
0 0.365104 0.417593 0.0177083 0.0981481 0.413049
0 0.366146 0.419444 0.0177083 0.101852 0.422653
0 0.451042 0.436111 0.0354167 0.157407 0.427956
0 0.449479 0.431481 0.034375 0.148148 0.430679
13 0.286458 0.47037 0.0895833 0.0814815 0.434311
0 0.393229 0.416667 0.0302083 0.107407 0.434332
13 0.285417 0.471296 0.0916667 0.0796296 0.437354
0 0.449479 0.430556 0.034375 0.146296 0.440351
0 0.365625 0.419444 0.0166667 0.101852 0.440467
0 0.451042 0.436111 0.0354167 0.157407 0.44491
13 0.286458 0.47037 0.0895833 0.0814815 0.451766
13 0.285417 0.47037 0.0895833 0.0851852 0.452273
0 0.39375 0.415741 0.0291667 0.109259 0.452486
0 0.365104 0.417593 0.0177083 0.101852 0.454347
0 0.391667 0.416667 0.03125 0.107407 0.46183
0 0.365104 0.416667 0.0177083 0.1 0.46203
0 0.388021 0.415741 0.021875 0.101852 0.467808
0 0.966146 0.593518 0.0677083 0.487037 0.47026
0 0.392708 0.416667 0.0291667 0.107407 0.473988
0 0.365104 0.418519 0.0177083 0.1 0.481964
0 0.394792 0.416667 0.0270833 0.107407 0.487599
0 0.965104 0.592593 0.0697917 0.47037 0.492141
0 0.965625 0.592593 0.06875 0.488889 0.493638
0 0.388021 0.415741 0.021875 0.105556 0.499179
0 0.388021 0.415741 0.021875 0.105556 0.50814
0 0.39375 0.414815 0.03125 0.103704 0.516301
0 0.365104 0.418519 0.0177083 0.103704 0.519132
0 0.365104 0.418519 0.0177083 0.103704 0.521207
0 0.965625 0.593518 0.06875 0.468519 0.534985
0 0.39375 0.415741 0.03125 0.105556 0.564659
0 0.394271 0.415741 0.0302083 0.105556 0.569368
0 0.392708 0.416667 0.0291667 0.107407 0.572727
0 0.965625 0.590741 0.06875 0.47037 0.57362
0 0.365625 0.418519 0.0166667 0.103704 0.596922
0 0.392188 0.412963 0.0322917 0.107407 0.603259
0 0.366146 0.417593 0.0177083 0.105556 0.61149
0 0.392708 0.412963 0.0333333 0.107407 0.634037
0 0.392188 0.412963 0.0322917 0.107407 0.64478
0 0.965625 0.589815 0.06875 0.47963 0.645592
0 0.448958 0.437037 0.0333333 0.155556 0.648989
0 0.448958 0.437037 0.0333333 0.155556 0.665657
0 0.451042 0.437037 0.0354167 0.155556 0.669032
0 0.451042 0.437037 0.0354167 0.159259 0.679394
0 0.45 0.436111 0.0354167 0.157407 0.712725
0 0.965625 0.593518 0.06875 0.487037 0.73628
0 0.965104 0.593518 0.0697917 0.487037 0.745605
0 0.45 0.436111 0.0354167 0.161111 0.750683
0 0.45 0.437037 0.0354167 0.159259 0.751615
0 0.45 0.435185 0.0354167 0.159259 0.772149
0 0.450521 0.437037 0.034375 0.159259 0.781899
0 0.965104 0.588889 0.0697917 0.47037 0.795303
0 0.965625 0.587963 0.06875 0.487037 0.806869
0 0.965625 0.588889 0.06875 0.485185 0.806977
0 0.450521 0.437037 0.034375 0.159259 0.808511
0 0.965104 0.587037 0.0697917 0.47037 0.813546
0 0.965104 0.588889 0.0697917 0.474074 0.814158
0 0.965625 0.588889 0.06875 0.474074 0.838334
