0 0.290625 0.399074 0.0166667 0.0685185 0.250135
0 0.168229 0.405556 0.0260417 0.0851852 0.254707
0 0.196354 0.391667 0.015625 0.0759259 0.256009
13 0.2875 0.469444 0.0895833 0.0759259 0.257578
0 0.402604 0.410185 0.015625 0.0907407 0.2584
0 0.654688 0.428704 0.021875 0.116667 0.262086
2 0.0604167 0.35 0.025 0.0444444 0.263549
2 0.0604167 0.35 0.025 0.0444444 0.264767
13 0.280208 0.471296 0.0791667 0.0833333 0.265946
0 0.166146 0.405556 0.0239583 0.0814815 0.266615
0 0.320312 0.392593 0.0135417 0.0703704 0.267604
36 0.972396 0.801852 0.0510417 0.0592593 0.270415
2 0.0604167 0.35 0.025 0.0444444 0.271543
36 0.972396 0.801852 0.0510417 0.0592593 0.27219
13 0.280208 0.471296 0.0791667 0.0833333 0.273285
0 0.320312 0.392593 0.0135417 0.0703704 0.280788
2 0.127604 0.364815 0.034375 0.0296296 0.281156
13 0.449479 0.639815 0.121875 0.105556 0.281583
2 0.127604 0.364815 0.034375 0.0296296 0.282896
0 0.655208 0.425926 0.0229167 0.107407 0.283797
2 0.125 0.365741 0.0291667 0.0351852 0.28519
13 0.288542 0.473148 0.0875 0.0759259 0.285348
0 0.402083 0.410185 0.0166667 0.0907407 0.287286
2 0.127604 0.364815 0.034375 0.0296296 0.296468
2 0.125 0.365741 0.0291667 0.0314815 0.296674
2 0.0604167 0.349074 0.0270833 0.0462963 0.297068
0 0.402604 0.410185 0.015625 0.0907407 0.298839
2 0.125 0.366667 0.0291667 0.0333333 0.2998
13 0.366667 0.57963 0.166667 0.0962963 0.301522
0 0.320312 0.394444 0.0135417 0.0666667 0.30776
13 0.383854 0.596296 0.203125 0.122222 0.311513
36 0.969271 0.80463 0.0510417 0.05 0.312132
2 0.0604167 0.349074 0.0270833 0.0462963 0.315199
2 0.0604167 0.349074 0.0270833 0.0425926 0.319772
0 0.320312 0.394444 0.0135417 0.0666667 0.321213
36 0.969271 0.803704 0.0510417 0.0481481 0.326497
2 0.128646 0.366667 0.0364583 0.0333333 0.331047
36 0.969271 0.803704 0.0510417 0.0481481 0.331467
13 0.429167 0.62963 0.166667 0.122222 0.335109
0 0.451042 0.428704 0.0354167 0.142593 0.338567
0 0.96875 0.583333 0.0625 0.481481 0.33884
0 0.654167 0.428704 0.0229167 0.116667 0.33928
13 0.283854 0.47037 0.0822917 0.0814815 0.339819
0 0.319792 0.391667 0.0145833 0.0759259 0.34095
2 0.128646 0.365741 0.0364583 0.0314815 0.342347
0 0.968229 0.584259 0.0635417 0.47963 0.348943
2 0.128646 0.366667 0.0364583 0.0333333 0.350389
0 0.450521 0.42963 0.034375 0.144444 0.350398
0 0.654167 0.427778 0.0229167 0.114815 0.352075
0 0.654167 0.427778 0.0229167 0.114815 0.354935
0 0.366146 0.418519 0.0177083 0.0962963 0.358769
13 0.283854 0.47037 0.084375 0.0814815 0.36006
13 0.285937 0.47037 0.090625 0.0777778 0.37568
0 0.400521 0.412037 0.0177083 0.0944444 0.393976
36 0.970833 0.802778 0.0541667 0.0574074 0.403709
0 0.655208 0.426852 0.0229167 0.116667 0.407811
0 0.366146 0.419444 0.0177083 0.0981481 0.407954
13 0.2875 0.471296 0.0895833 0.0833333 0.421905
13 0.286979 0.471296 0.0927083 0.0796296 0.423278
0 0.366146 0.419444 0.0177083 0.0981481 0.424255
13 0.2875 0.471296 0.0895833 0.0796296 0.424787
0 0.394271 0.415741 0.0302083 0.109259 0.426062
0 0.655208 0.426852 0.0229167 0.116667 0.430964
36 0.972396 0.802778 0.053125 0.0574074 0.433208
13 0.2875 0.471296 0.0895833 0.0796296 0.437084
0 0.400521 0.411111 0.0177083 0.0962963 0.437873
0 0.4 0.411111 0.01875 0.0962963 0.437966
36 0.971875 0.802778 0.0541667 0.0574074 0.438066
0 0.365625 0.416667 0.01875 0.1 0.438142
36 0.971354 0.803704 0.0552083 0.0555556 0.443421
0 0.393229 0.416667 0.0302083 0.107407 0.454243
0 0.967708 0.59537 0.0645833 0.475926 0.459897
36 0.971875 0.802778 0.0541667 0.0574074 0.464868
0 0.365625 0.416667 0.01875 0.103704 0.474005
36 0.969271 0.801852 0.0510417 0.0555556 0.47546
0 0.365625 0.418519 0.01875 0.1 0.478549
36 0.972396 0.802778 0.053125 0.0574074 0.478764
0 0.365625 0.415741 0.01875 0.101852 0.479952
0 0.393229 0.415741 0.0302083 0.109259 0.480149
36 0.969792 0.800926 0.0520833 0.0574074 0.482534
0 0.39375 0.415741 0.03125 0.109259 0.489614
36 0.970312 0.800926 0.0510417 0.0574074 0.490599
0 0.389583 0.416667 0.0229167 0.103704 0.492489
0 0.393229 0.416667 0.0302083 0.107407 0.501634
0 0.394792 0.415741 0.0270833 0.109259 0.513919
0 0.392188 0.414815 0.0302083 0.107407 0.515709
0 0.452083 0.436111 0.0375 0.157407 0.516486
0 0.365625 0.417593 0.01875 0.101852 0.519118
0 0.365625 0.417593 0.01875 0.101852 0.519344
0 0.389583 0.416667 0.0229167 0.107407 0.522214
0 0.967188 0.592593 0.065625 0.47037 0.52696
0 0.452083 0.437037 0.0375 0.155556 0.527782
0 0.967708 0.59537 0.0645833 0.47963 0.530891
0 0.389583 0.416667 0.0229167 0.107407 0.535135
0 0.392708 0.415741 0.0291667 0.109259 0.543659
0 0.393229 0.415741 0.0322917 0.105556 0.549917
0 0.967708 0.594444 0.0645833 0.481481 0.561102
0 0.393229 0.415741 0.0322917 0.109259 0.594328
0 0.452083 0.437963 0.0354167 0.161111 0.598017
0 0.452083 0.438889 0.0354167 0.159259 0.598031
0 0.392708 0.415741 0.0291667 0.109259 0.601327
0 0.39375 0.415741 0.03125 0.109259 0.604309
0 0.452083 0.438889 0.0354167 0.159259 0.606972
0 0.366146 0.416667 0.0177083 0.103704 0.618748
0 0.366146 0.415741 0.0177083 0.109259 0.619712
0 0.451042 0.440741 0.0354167 0.159259 0.620396
0 0.967708 0.592593 0.0645833 0.466667 0.629814
0 0.967708 0.590741 0.0645833 0.47037 0.638367
0 0.451042 0.440741 0.0354167 0.159259 0.646509
0 0.392188 0.413889 0.0322917 0.109259 0.654822
0 0.392708 0.412963 0.0333333 0.111111 0.680029
0 0.967708 0.591667 0.0645833 0.47963 0.683708
0 0.392188 0.412963 0.0322917 0.111111 0.689771
0 0.452083 0.437963 0.0375 0.161111 0.725825
0 0.452083 0.437963 0.0375 0.157407 0.740131
0 0.966667 0.591667 0.0666667 0.472222 0.741912
0 0.452604 0.438889 0.0364583 0.159259 0.748765
0 0.452083 0.437037 0.0375 0.162963 0.754878
0 0.967708 0.593518 0.0645833 0.483333 0.758148
0 0.967708 0.593518 0.0645833 0.483333 0.759984
0 0.967188 0.591667 0.065625 0.472222 0.769273
0 0.452083 0.437963 0.0375 0.161111 0.772295
0 0.452083 0.437963 0.0375 0.161111 0.774362
0 0.452083 0.437963 0.0375 0.161111 0.792143
0 0.452083 0.437963 0.0375 0.161111 0.808861
0 0.967708 0.591667 0.0645833 0.483333 0.822608
0 0.967708 0.590741 0.0645833 0.485185 0.824644
0 0.967188 0.590741 0.065625 0.47037 0.844061
0 0.967188 0.590741 0.065625 0.47037 0.860519
