24 0.975521 0.414815 0.0489583 0.218519 0.252847
0 0.326562 0.324074 0.0135417 0.0555556 0.260389
0 0.510417 0.372222 0.03125 0.1 0.263377
24 0.975521 0.414815 0.0489583 0.218519 0.274273
24 0.975521 0.415741 0.0489583 0.22037 0.277546
0 0.509375 0.369444 0.025 0.105556 0.287093
0 0.602604 0.350926 0.0302083 0.127778 0.289657
0 0.492188 0.365741 0.0302083 0.105556 0.290824
0 0.401563 0.358333 0.0322917 0.161111 0.298765
0 0.509896 0.369444 0.0260417 0.101852 0.301269
24 0.976562 0.412037 0.046875 0.205556 0.302533
0 0.401042 0.358333 0.03125 0.161111 0.304871
0 0.932813 0.496296 0.096875 0.640741 0.30493
0 0.490625 0.364815 0.0270833 0.107407 0.313254
0 0.509375 0.369444 0.025 0.101852 0.313665
0 0.448958 0.364815 0.0270833 0.133333 0.314555
0 0.672396 0.349074 0.028125 0.127778 0.320159
0 0.493229 0.367593 0.0239583 0.0981481 0.325185
0 0.511979 0.373148 0.0260417 0.0944444 0.32572
24 0.977604 0.405556 0.0447917 0.203704 0.32674
24 0.977083 0.408333 0.0458333 0.22037 0.326853
0 0.510938 0.368519 0.028125 0.103704 0.32728
24 0.976562 0.412037 0.046875 0.212963 0.328009
0 0.858854 0.463889 0.0864583 0.553704 0.33037
0 0.541667 0.332407 0.0166667 0.0759259 0.336734
0 0.672396 0.35 0.028125 0.125926 0.33682
0 0.858854 0.462037 0.0864583 0.55 0.338181
0 0.509896 0.372222 0.0260417 0.0962963 0.34373
0 0.541146 0.332407 0.0177083 0.0759259 0.348665
24 0.977083 0.409259 0.0458333 0.218519 0.349542
24 0.977604 0.406481 0.0447917 0.209259 0.351325
0 0.447917 0.363889 0.0270833 0.135185 0.353826
0 0.543229 0.328704 0.015625 0.0722222 0.355804
24 0.977083 0.408333 0.0458333 0.22037 0.361165
0 0.493229 0.367593 0.0239583 0.101852 0.370839
0 0.491146 0.365741 0.0260417 0.105556 0.371879
0 0.543229 0.328704 0.015625 0.0722222 0.372105
0 0.511979 0.373148 0.0260417 0.0981481 0.376048
24 0.973437 0.408333 0.053125 0.212963 0.376176
0 0.492708 0.367593 0.025 0.101852 0.381698
0 0.541146 0.332407 0.0177083 0.0759259 0.384742
0 0.509896 0.372222 0.0260417 0.0962963 0.385161
0 0.0270833 0.338889 0.0229167 0.0962963 0.386342
0 0.0416667 0.337037 0.0458333 0.1 0.397521
0 0.511979 0.373148 0.0260417 0.0981481 0.398433
0 0.490625 0.364815 0.025 0.107407 0.399415
0 0.541146 0.330556 0.015625 0.0685185 0.402364
0 0.542708 0.332407 0.0166667 0.0759259 0.403765
0 0.510417 0.371296 0.0270833 0.0981481 0.406606
0 0.449479 0.365741 0.0302083 0.15 0.41721
0 0.510417 0.372222 0.0270833 0.0962963 0.419303
0 0.602604 0.351852 0.0302083 0.137037 0.422336
0 0.928125 0.496296 0.09375 0.62963 0.4224
0 0.866667 0.468519 0.1 0.555556 0.423028
0 0.543229 0.328704 0.015625 0.0722222 0.428885
0 0.449479 0.365741 0.0302083 0.146296 0.430151
0 0.602604 0.351852 0.0302083 0.133333 0.432537
0 0.492188 0.364815 0.0239583 0.103704 0.433975
0 0.866667 0.469444 0.1 0.564815 0.450228
24 0.976042 0.403704 0.0479167 0.218519 0.458446
0 0.543229 0.328704 0.015625 0.0722222 0.460282
24 0.976042 0.403704 0.0479167 0.222222 0.465024
24 0.976562 0.403704 0.046875 0.214815 0.466198
0 0.492188 0.363889 0.0239583 0.105556 0.469494
24 0.976042 0.402778 0.0479167 0.224074 0.470249
0 0.0546875 0.336111 0.0197917 0.0981481 0.471545
0 0.492188 0.364815 0.0239583 0.103704 0.475984
24 0.976562 0.402778 0.046875 0.216667 0.476449
24 0.976042 0.402778 0.0479167 0.224074 0.476492
0 0.541667 0.331481 0.0166667 0.0740741 0.477716
0 0.0265625 0.338889 0.021875 0.0962963 0.496916
0 0.449479 0.362963 0.0302083 0.140741 0.5161
0 0.449479 0.362963 0.0302083 0.140741 0.517755
0 0.0541667 0.336111 0.01875 0.101852 0.519223
0 0.671875 0.348148 0.0291667 0.125926 0.519822
0 0.0541667 0.336111 0.01875 0.101852 0.534603
0 0.925521 0.487963 0.103125 0.646296 0.547381
0 0.929167 0.493519 0.104167 0.642593 0.552227
0 0.54375 0.328704 0.0145833 0.0722222 0.553083
0 0.0265625 0.339815 0.021875 0.0981481 0.553343
0 0.448958 0.363889 0.0291667 0.142593 0.561639
0 0.0270833 0.339815 0.0229167 0.0981481 0.569112
0 0.448958 0.363889 0.0270833 0.142593 0.571471
0 0.448958 0.363889 0.0270833 0.142593 0.578973
0 0.672396 0.348148 0.028125 0.125926 0.581435
0 0.671875 0.348148 0.0291667 0.125926 0.581925
0 0.54375 0.32963 0.0145833 0.0703704 0.583019
0 0.671875 0.350926 0.0291667 0.127778 0.587737
0 0.928646 0.496296 0.103125 0.648148 0.591027
0 0.863542 0.462963 0.09375 0.540741 0.601183
0 0.864062 0.463889 0.0927083 0.542593 0.611328
0 0.926042 0.492593 0.104167 0.648148 0.612835
0 0.0270833 0.340741 0.0208333 0.0962963 0.627151
0 0.602604 0.35463 0.028125 0.127778 0.629455
0 0.671354 0.352778 0.028125 0.135185 0.645808
0 0.672396 0.353704 0.028125 0.133333 0.651557
0 0.672396 0.35463 0.028125 0.131481 0.655015
0 0.0270833 0.340741 0.0208333 0.0925926 0.655225
0 0.447917 0.364815 0.0291667 0.148148 0.664578
0 0.671875 0.350926 0.0291667 0.127778 0.670301
0 0.0270833 0.339815 0.0208333 0.0981481 0.673019
0 0.671354 0.353704 0.028125 0.137037 0.675901
0 0.863542 0.465741 0.09375 0.546296 0.677676
0 0.672396 0.350926 0.028125 0.127778 0.681475
0 0.671875 0.352778 0.0291667 0.135185 0.683855
0 0.401563 0.356481 0.0322917 0.153704 0.687439
0 0.447917 0.363889 0.0270833 0.142593 0.687916
0 0.447917 0.363889 0.0270833 0.146296 0.68818
0 0.672396 0.351852 0.028125 0.12963 0.689976
0 0.0270833 0.339815 0.0208333 0.0981481 0.696211
0 0.928646 0.496296 0.103125 0.651852 0.69626
0 0.671875 0.351852 0.0270833 0.12963 0.697617
0 0.447917 0.364815 0.0291667 0.144444 0.700335
0 0.447917 0.364815 0.0291667 0.144444 0.701142
0 0.401563 0.355556 0.0322917 0.155556 0.70161
0 0.0270833 0.340741 0.0208333 0.0925926 0.703665
0 0.447917 0.364815 0.0291667 0.148148 0.70454
0 0.864062 0.462963 0.0947917 0.540741 0.706284
0 0.602604 0.35463 0.028125 0.127778 0.707202
0 0.672396 0.353704 0.028125 0.12963 0.710707
0 0.0270833 0.340741 0.0208333 0.0925926 0.710941
0 0.402083 0.358333 0.0333333 0.161111 0.713412
0 0.602604 0.35463 0.0302083 0.131481 0.713635
0 0.932292 0.49537 0.0979167 0.653704 0.726056
0 0.602604 0.355556 0.028125 0.125926 0.726347
0 0.446875 0.363889 0.0270833 0.15 0.726765
0 0.447917 0.364815 0.0291667 0.148148 0.726875
0 0.671354 0.351852 0.028125 0.12963 0.727174
0 0.861458 0.463889 0.09375 0.542593 0.730261
0 0.447917 0.364815 0.0291667 0.144444 0.734656
0 0.861979 0.463889 0.0947917 0.538889 0.735955
0 0.0552083 0.337037 0.01875 0.103704 0.745167
0 0.446875 0.362963 0.0270833 0.148148 0.749045
0 0.0270833 0.337963 0.0208333 0.0981481 0.753691
0 0.602604 0.35463 0.0302083 0.131481 0.754871
0 0.402083 0.358333 0.0333333 0.161111 0.757489
0 0.928646 0.5 0.107292 0.648148 0.758183
0 0.0557292 0.337037 0.0177083 0.107407 0.761837
0 0.0557292 0.337037 0.0177083 0.107407 0.762493
0 0.602604 0.355556 0.0302083 0.133333 0.763102
0 0.402083 0.357407 0.0333333 0.162963 0.765829
0 0.402083 0.357407 0.0333333 0.162963 0.767777
0 0.602604 0.35463 0.0302083 0.131481 0.7718
0 0.602604 0.355556 0.0302083 0.133333 0.77556
0 0.402083 0.356481 0.0333333 0.161111 0.777367
0 0.602604 0.35463 0.0302083 0.131481 0.778531
0 0.602604 0.35463 0.0302083 0.131481 0.778734
0 0.402083 0.358333 0.0333333 0.161111 0.782067
0 0.0541667 0.335185 0.01875 0.103704 0.78482
0 0.402083 0.360185 0.0333333 0.161111 0.787191
0 0.602604 0.355556 0.0302083 0.12963 0.787528
0 0.0541667 0.335185 0.01875 0.103704 0.790404
0 0.0541667 0.333333 0.01875 0.103704 0.791103
0 0.602604 0.353704 0.0302083 0.133333 0.792439
0 0.602604 0.35463 0.0302083 0.131481 0.794185
0 0.602604 0.353704 0.0302083 0.133333 0.801103
0 0.0541667 0.334259 0.01875 0.105556 0.802229
0 0.402083 0.359259 0.0333333 0.162963 0.805544
0 0.602604 0.355556 0.0302083 0.12963 0.808075
0 0.0541667 0.334259 0.01875 0.105556 0.817714
0 0.401042 0.356481 0.0354167 0.157407 0.818612
0 0.401042 0.355556 0.0354167 0.162963 0.8199
0 0.863021 0.462963 0.0927083 0.52963 0.820918
0 0.402083 0.359259 0.0333333 0.162963 0.826968
0 0.863021 0.462037 0.0927083 0.527778 0.827038
0 0.93125 0.489815 0.102083 0.653704 0.842504
0 0.93125 0.489815 0.102083 0.653704 0.849184
0 0.864062 0.463889 0.0947917 0.561111 0.868919
0 0.863542 0.463889 0.09375 0.561111 0.873963
