1 0.989583 0.407407 0.0208333 0.0962963 0.250018
0 0.627083 0.346296 0.0270833 0.122222 0.250944
0 0.185937 0.337037 0.0489583 0.148148 0.252397
0 0.453646 0.341667 0.0260417 0.138889 0.252426
0 0.405208 0.32037 0.0166667 0.0592593 0.252866
24 0.763021 0.344444 0.034375 0.0962963 0.253912
24 0.7625 0.344444 0.0333333 0.0962963 0.254963
13 0.255729 0.475 0.153125 0.168519 0.255034
0 0.382812 0.328704 0.021875 0.0907407 0.258468
24 0.763021 0.343519 0.034375 0.0981481 0.259999
0 0.184375 0.403704 0.0520833 0.292593 0.261286
1 0.982292 0.391667 0.0354167 0.127778 0.266565
1 0.983333 0.394444 0.03125 0.122222 0.26731
0 0.626562 0.342593 0.0302083 0.12963 0.267858
0 0.715625 0.387037 0.0270833 0.296296 0.268064
0 0.184896 0.403704 0.053125 0.292593 0.27183
0 0.186458 0.334259 0.0479167 0.153704 0.273781
13 0.255729 0.474074 0.155208 0.166667 0.274182
0 0.382292 0.328704 0.0208333 0.0907407 0.276235
0 0.627604 0.346296 0.028125 0.133333 0.276375
0 0.185937 0.333333 0.046875 0.151852 0.278864
1 0.982292 0.391667 0.0354167 0.127778 0.279424
0 0.1875 0.334259 0.0458333 0.142593 0.280087
13 0.25625 0.474074 0.154167 0.166667 0.281106
0 0.185417 0.336111 0.0479167 0.146296 0.282034
0 0.751042 0.364815 0.0541667 0.22963 0.282556
1 0.983333 0.391667 0.0333333 0.127778 0.283684
13 0.255208 0.473148 0.154167 0.164815 0.283729
13 0.254687 0.474074 0.155208 0.162963 0.284754
0 0.627083 0.342593 0.0291667 0.12963 0.285926
0 0.405208 0.32037 0.0166667 0.0592593 0.286153
13 0.255208 0.473148 0.154167 0.164815 0.286719
0 0.383333 0.328704 0.0208333 0.0907407 0.287416
0 0.627604 0.347222 0.028125 0.131481 0.289613
1 0.983854 0.394444 0.0302083 0.122222 0.290521
0 0.1875 0.333333 0.0458333 0.144444 0.292269
0 0.627604 0.346296 0.028125 0.133333 0.295105
0 0.189063 0.330556 0.0427083 0.146296 0.295494
0 0.527604 0.338889 0.0197917 0.0962963 0.29563
0 0.189063 0.330556 0.0427083 0.146296 0.296321
0 0.551042 0.314815 0.0145833 0.0666667 0.29643
0 0.501562 0.353704 0.028125 0.12963 0.296583
0 0.751042 0.369444 0.0541667 0.235185 0.297137
0 0.740625 0.389815 0.0708333 0.312963 0.30303
0 0.184896 0.40463 0.053125 0.294444 0.304056
0 0.527083 0.338889 0.0208333 0.1 0.308765
0 0.493229 0.347222 0.0260417 0.124074 0.310125
0 0.501042 0.353704 0.0291667 0.12963 0.310442
0 0.552604 0.314815 0.015625 0.062963 0.312158
0 0.49375 0.346296 0.025 0.125926 0.31475
13 0.25625 0.474074 0.154167 0.166667 0.314949
13 0.255729 0.473148 0.155208 0.164815 0.315365
0 0.527604 0.338889 0.0197917 0.1 0.322456
24 0.761979 0.337037 0.0364583 0.111111 0.325296
24 0.761458 0.339815 0.0354167 0.105556 0.325955
0 0.454167 0.34537 0.025 0.153704 0.327725
24 0.761979 0.339815 0.034375 0.105556 0.328131
0 0.454167 0.34537 0.025 0.153704 0.328542
24 0.761458 0.339815 0.0354167 0.101852 0.328968
0 0.526563 0.341667 0.0239583 0.0944444 0.331417
0 0.1875 0.334259 0.0458333 0.142593 0.337177
0 0.627083 0.346296 0.0270833 0.125926 0.341204
0 0.0828125 0.525 0.165625 0.642593 0.345518
0 0.497917 0.35 0.0333333 0.140741 0.347022
0 0.494792 0.355556 0.0270833 0.12963 0.347596
0 0.627083 0.34537 0.0270833 0.124074 0.347621
0 0.546354 0.319444 0.0197917 0.0759259 0.353184
24 0.761979 0.337037 0.0364583 0.107407 0.355901
0 0.497396 0.35 0.0322917 0.140741 0.357084
0 0.185417 0.337037 0.0479167 0.148148 0.376672
0 0.627604 0.342593 0.0302083 0.12963 0.377548
0 0.627604 0.341667 0.0302083 0.127778 0.386202
1 0.988542 0.398148 0.0229167 0.111111 0.388992
0 0.627604 0.341667 0.0302083 0.127778 0.390648
1 0.989062 0.397222 0.021875 0.112963 0.392825
0 0.185417 0.364815 0.0541667 0.218519 0.401802
0 0.497396 0.35 0.0322917 0.140741 0.402108
1 0.989062 0.397222 0.021875 0.109259 0.40845
0 0.550521 0.314815 0.015625 0.0666667 0.411576
0 0.742708 0.383333 0.0708333 0.311111 0.412098
24 0.761979 0.337037 0.0364583 0.107407 0.415325
0 0.380208 0.332407 0.0229167 0.105556 0.421408
1 0.988542 0.400926 0.0229167 0.105556 0.426352
1 0.989062 0.399074 0.0197917 0.109259 0.428018
0 0.550521 0.314815 0.015625 0.062963 0.432546
1 0.989062 0.398148 0.021875 0.111111 0.433963
0 0.185937 0.35463 0.053125 0.190741 0.438987
1 0.988542 0.398148 0.0208333 0.111111 0.439582
1 0.9875 0.39537 0.0229167 0.12037 0.439654
24 0.761458 0.336111 0.0375 0.112963 0.442209
0 0.380208 0.332407 0.0208333 0.105556 0.444935
0 0.729688 0.381481 0.0572917 0.322222 0.447488
0 0.551562 0.314815 0.0135417 0.0666667 0.45153
0 0.743229 0.384259 0.0697917 0.309259 0.452114
0 0.495833 0.351852 0.0291667 0.140741 0.452727
0 0.380208 0.332407 0.0229167 0.105556 0.46758
24 0.761458 0.335185 0.0375 0.107407 0.471563
0 0.549479 0.315741 0.015625 0.0685185 0.475135
0 0.551562 0.315741 0.0135417 0.0648148 0.476293
0 0.55 0.315741 0.0166667 0.0685185 0.478345
0 0.496354 0.351852 0.0302083 0.140741 0.480746
0 0.550521 0.315741 0.015625 0.0648148 0.481683
0 0.0838542 0.535185 0.167708 0.633333 0.483157
0 0.742708 0.388889 0.0666667 0.322222 0.489647
24 0.761979 0.339815 0.0364583 0.0981481 0.491859
0 0.743229 0.384259 0.0697917 0.312963 0.49447
0 0.710938 0.378704 0.0322917 0.290741 0.498183
24 0.761458 0.335185 0.0375 0.107407 0.499007
0 0.550521 0.315741 0.015625 0.0648148 0.506683
24 0.761979 0.337963 0.0364583 0.101852 0.506782
24 0.761979 0.337963 0.0364583 0.101852 0.507788
0 0.495833 0.352778 0.0291667 0.138889 0.513071
0 0.454167 0.341667 0.0291667 0.15 0.52281
0 0.55 0.316667 0.0166667 0.0666667 0.52359
0 0.380208 0.328704 0.0208333 0.101852 0.525515
0 0.494792 0.355556 0.0270833 0.137037 0.532611
0 0.711458 0.378704 0.0333333 0.290741 0.53455
0 0.711458 0.378704 0.0333333 0.290741 0.538309
0 0.454167 0.340741 0.0291667 0.148148 0.539195
0 0.494792 0.355556 0.0270833 0.137037 0.539395
0 0.627604 0.346296 0.0302083 0.12963 0.541653
0 0.495833 0.351852 0.0291667 0.137037 0.543418
0 0.713021 0.378704 0.0322917 0.298148 0.553693
0 0.713021 0.377778 0.034375 0.296296 0.558428
0 0.496354 0.350926 0.0302083 0.138889 0.559126
24 0.7625 0.337963 0.0375 0.105556 0.562108
24 0.761979 0.337037 0.0364583 0.111111 0.572002
0 0.454167 0.340741 0.0291667 0.148148 0.574988
24 0.761979 0.337037 0.0385417 0.111111 0.577213
0 0.380208 0.32963 0.0208333 0.103704 0.581949
0 0.379687 0.328704 0.021875 0.105556 0.583059
0 0.713021 0.377778 0.034375 0.292593 0.58492
0 0.0833333 0.534259 0.166667 0.657407 0.591758
0 0.495833 0.352778 0.0270833 0.138889 0.592108
0 0.627604 0.343519 0.0302083 0.131481 0.596508
0 0.454167 0.337963 0.0270833 0.15 0.620314
0 0.454167 0.337963 0.0270833 0.15 0.62554
0 0.0848958 0.526852 0.169792 0.672222 0.62636
0 0.713021 0.374074 0.034375 0.307407 0.627765
0 0.627604 0.347222 0.0302083 0.131481 0.650471
0 0.380729 0.328704 0.0197917 0.105556 0.652353
0 0.741146 0.383333 0.071875 0.314815 0.662971
0 0.627604 0.346296 0.0302083 0.12963 0.674344
0 0.0864583 0.527778 0.172917 0.640741 0.675519
0 0.627604 0.343519 0.0302083 0.131481 0.681085
0 0.627604 0.343519 0.0302083 0.131481 0.684669
0 0.740625 0.383333 0.0729167 0.318519 0.688177
0 0.741146 0.384259 0.071875 0.312963 0.690976
0 0.716146 0.377778 0.0302083 0.311111 0.697003
0 0.741667 0.383333 0.06875 0.314815 0.697367
0 0.628125 0.343519 0.0291667 0.127778 0.699643
0 0.453646 0.343519 0.028125 0.157407 0.706656
0 0.380729 0.330556 0.021875 0.105556 0.709675
0 0.454688 0.343519 0.028125 0.157407 0.715007
0 0.739062 0.382407 0.0697917 0.316667 0.72359
0 0.628125 0.343519 0.0291667 0.127778 0.72828
0 0.740625 0.384259 0.0708333 0.312963 0.732176
0 0.453646 0.342593 0.028125 0.155556 0.733838
0 0.453646 0.343519 0.028125 0.157407 0.736619
0 0.380729 0.32963 0.021875 0.103704 0.7431
0 0.739062 0.382407 0.0697917 0.312963 0.744246
0 0.627604 0.344444 0.0302083 0.12963 0.750419
0 0.739062 0.382407 0.0697917 0.316667 0.757124
0 0.628125 0.343519 0.0291667 0.127778 0.758578
0 0.627604 0.343519 0.0302083 0.127778 0.762837
0 0.454167 0.343519 0.0270833 0.157407 0.765975
0 0.454167 0.343519 0.0270833 0.157407 0.778221
0 0.740625 0.383333 0.0708333 0.318519 0.781686
0 0.0838542 0.52963 0.167708 0.640741 0.783729
0 0.380208 0.333333 0.0208333 0.1 0.784121
0 0.627604 0.344444 0.0302083 0.12963 0.789551
0 0.380729 0.333333 0.0197917 0.103704 0.80084
0 0.380729 0.333333 0.0197917 0.103704 0.808577
0 0.0833333 0.52963 0.166667 0.640741 0.826701
0 0.453125 0.341667 0.0270833 0.153704 0.83451
0 0.453125 0.340741 0.0270833 0.151852 0.837579
0 0.454167 0.341667 0.0270833 0.15 0.83956
0 0.454167 0.341667 0.0270833 0.146296 0.843713
0 0.0833333 0.531482 0.166667 0.644444 0.847077
0 0.0828125 0.530556 0.165625 0.65 0.864617
0 0.0864583 0.525926 0.172917 0.651852 0.867957
0 0.0828125 0.52963 0.165625 0.644444 0.869158
0 0.0828125 0.52963 0.165625 0.644444 0.869415
0 0.0828125 0.528704 0.165625 0.646296 0.897096
0 0.0828125 0.527778 0.165625 0.644444 0.905733
0 0.0828125 0.527778 0.165625 0.644444 0.91356
