0 0.00729167 0.375 0.0145833 0.124074 0.25601
0 0.369792 0.340741 0.0166667 0.0666667 0.258502
0 0.576563 0.396296 0.028125 0.118519 0.258784
0 0.602604 0.342593 0.015625 0.0703704 0.259863
0 0.55625 0.390741 0.0229167 0.122222 0.260734
0 0.00625 0.37037 0.0125 0.12963 0.260784
0 0.566667 0.39537 0.0458333 0.116667 0.262129
0 0.369792 0.338889 0.0166667 0.0703704 0.263271
0 0.00677083 0.372222 0.0135417 0.133333 0.263484
0 0.602083 0.341667 0.0145833 0.0722222 0.264747
0 0.556771 0.389815 0.021875 0.12037 0.270383
0 0.838542 0.391667 0.0479167 0.22037 0.274568
0 0.546875 0.394444 0.0333333 0.118519 0.279065
0 0.650521 0.367593 0.028125 0.135185 0.285244
0 0.602604 0.342593 0.015625 0.0703704 0.291073
0 0.556771 0.396296 0.021875 0.114815 0.293341
0 0.566667 0.393519 0.0458333 0.116667 0.295552
0 0.490625 0.381481 0.0291667 0.133333 0.304298
0 0.556771 0.397222 0.021875 0.112963 0.307064
0 0.452083 0.373148 0.0354167 0.168519 0.309077
0 0.55625 0.396296 0.0229167 0.114815 0.311732
0 0.577083 0.388889 0.0270833 0.114815 0.315852
0 0.8375 0.391667 0.0479167 0.224074 0.31593
0 0.452083 0.373148 0.0354167 0.164815 0.31662
0 0.370833 0.339815 0.0166667 0.0648148 0.318085
0 0.370833 0.340741 0.0166667 0.0666667 0.325686
0 0.574479 0.396296 0.0302083 0.111111 0.32851
0 0.372396 0.339815 0.0177083 0.0685185 0.332122
0 0.603125 0.348148 0.0166667 0.0703704 0.333127
0 0.65 0.367593 0.0270833 0.135185 0.334112
0 0.603125 0.348148 0.0145833 0.0703704 0.334245
0 0.839063 0.387963 0.0447917 0.224074 0.334984
0 0.370313 0.340741 0.015625 0.0666667 0.335115
0 0.546875 0.393519 0.03125 0.116667 0.338133
0 0.546875 0.393519 0.0333333 0.116667 0.341133
0 0.65 0.366667 0.0270833 0.12963 0.341669
0 0.370833 0.340741 0.0166667 0.062963 0.347551
0 0.370833 0.341667 0.0166667 0.0685185 0.351869
0 0.576042 0.396296 0.0291667 0.114815 0.353064
0 0.370313 0.339815 0.015625 0.0648148 0.358971
0 0.839063 0.387037 0.0447917 0.222222 0.359045
0 0.574479 0.397222 0.0302083 0.109259 0.36606
0 0.00572917 0.373148 0.0114583 0.124074 0.366212
0 0.602604 0.348148 0.015625 0.0703704 0.374039
0 0.65 0.367593 0.0270833 0.135185 0.375098
0 0.574479 0.397222 0.0302083 0.109259 0.375523
0 0.577083 0.388889 0.0270833 0.114815 0.379106
0 0.577083 0.388889 0.0270833 0.114815 0.379953
0 0.602083 0.342593 0.01875 0.0777778 0.380684
0 0.649479 0.367593 0.028125 0.131481 0.383277
0 0.575 0.393519 0.0291667 0.12037 0.386588
0 0.576042 0.396296 0.0291667 0.111111 0.417953
0 0.00572917 0.374074 0.0114583 0.125926 0.425757
0 0.576042 0.396296 0.0291667 0.111111 0.426719
0 0.602604 0.344444 0.015625 0.0703704 0.44532
0 0.575 0.393519 0.0291667 0.12037 0.447495
0 0.838542 0.391667 0.04375 0.216667 0.459069
0 0.838542 0.390741 0.04375 0.222222 0.460343
0 0.649479 0.369444 0.0260417 0.135185 0.471957
0 0.649479 0.368519 0.0260417 0.133333 0.481291
0 0.648958 0.367593 0.0270833 0.138889 0.481851
0 0.65 0.368519 0.0270833 0.140741 0.486265
0 0.576042 0.393519 0.0270833 0.12037 0.487922
0 0.602604 0.344444 0.015625 0.0703704 0.490356
0 0.65 0.367593 0.0270833 0.138889 0.491036
0 0.838542 0.391667 0.04375 0.224074 0.529572
0 0.648958 0.367593 0.0270833 0.138889 0.533982
0 0.491146 0.384259 0.0302083 0.135185 0.540576
0 0.602083 0.34537 0.0145833 0.0722222 0.543227
0 0.838021 0.391667 0.0427083 0.224074 0.564137
0 0.491146 0.383333 0.0302083 0.137037 0.572067
0 0.602604 0.344444 0.015625 0.0703704 0.573085
0 0.838021 0.391667 0.0427083 0.224074 0.575171
0 0.490625 0.383333 0.0291667 0.133333 0.57615
0 0.65 0.37037 0.0270833 0.137037 0.587783
0 0.602604 0.343519 0.015625 0.0722222 0.587927
0 0.648958 0.371296 0.0270833 0.135185 0.590991
0 0.649479 0.368519 0.028125 0.140741 0.596479
0 0.649479 0.367593 0.0260417 0.138889 0.599609
0 0.451562 0.378704 0.0322917 0.161111 0.602942
0 0.649479 0.368519 0.028125 0.140741 0.606577
0 0.602604 0.344444 0.0135417 0.0703704 0.611873
0 0.490625 0.384259 0.0291667 0.135185 0.612086
0 0.451042 0.378704 0.0333333 0.161111 0.620565
0 0.602083 0.344444 0.0145833 0.0703704 0.632966
0 0.839583 0.391667 0.04375 0.22037 0.633022
0 0.648958 0.37037 0.0270833 0.137037 0.640493
0 0.65 0.371296 0.0270833 0.138889 0.644383
0 0.840104 0.391667 0.0427083 0.22037 0.64659
0 0.841146 0.390741 0.040625 0.225926 0.652248
0 0.840104 0.391667 0.0427083 0.22037 0.653776
0 0.451042 0.378704 0.0333333 0.161111 0.655641
0 0.840625 0.389815 0.0395833 0.224074 0.66389
0 0.490625 0.382407 0.0291667 0.142593 0.665551
0 0.491146 0.383333 0.0302083 0.133333 0.680354
0 0.491146 0.382407 0.028125 0.142593 0.683646
0 0.649479 0.368519 0.0260417 0.137037 0.686458
0 0.649479 0.368519 0.0260417 0.137037 0.688756
0 0.838542 0.390741 0.04375 0.218519 0.69169
0 0.490625 0.386111 0.0291667 0.138889 0.698754
0 0.65 0.37037 0.0270833 0.137037 0.7026
0 0.490625 0.386111 0.0291667 0.138889 0.707875
0 0.490625 0.386111 0.0291667 0.138889 0.727709
0 0.648958 0.369444 0.0270833 0.138889 0.730663
0 0.648958 0.368519 0.0270833 0.140741 0.735323
0 0.648958 0.371296 0.0270833 0.135185 0.737976
0 0.838021 0.390741 0.0427083 0.222222 0.741836
0 0.839583 0.387963 0.04375 0.216667 0.751535
0 0.839063 0.387963 0.0427083 0.22037 0.75179
0 0.490625 0.386111 0.0291667 0.138889 0.76802
0 0.490625 0.386111 0.0291667 0.138889 0.776213
0 0.451042 0.378704 0.03125 0.164815 0.783635
0 0.490625 0.384259 0.0291667 0.138889 0.784596
0 0.838021 0.389815 0.0427083 0.22037 0.785633
0 0.490625 0.384259 0.0291667 0.138889 0.789196
0 0.491146 0.383333 0.028125 0.137037 0.79056
0 0.450521 0.37963 0.0322917 0.162963 0.793171
0 0.491146 0.383333 0.028125 0.137037 0.794092
0 0.450521 0.37963 0.0322917 0.162963 0.796924
0 0.451042 0.378704 0.03125 0.164815 0.797381
0 0.490625 0.386111 0.0291667 0.138889 0.800368
0 0.451042 0.376852 0.03125 0.161111 0.80433
0 0.451042 0.376852 0.03125 0.164815 0.806969
0 0.451042 0.378704 0.03125 0.164815 0.809787
0 0.450521 0.380556 0.0322917 0.164815 0.819514
0 0.450521 0.376852 0.0322917 0.161111 0.847299
0 0.450521 0.376852 0.0322917 0.164815 0.850908
