0 0.480729 0.344444 0.0197917 0.0962963 0.251724
0 0.365625 0.327778 0.0229167 0.114815 0.252246
0 0.461458 0.352778 0.025 0.146296 0.254098
0 0.501042 0.343519 0.0208333 0.0981481 0.255076
0 0.365104 0.326852 0.0239583 0.112963 0.258402
0 0.484896 0.336111 0.021875 0.109259 0.260949
0 0.480729 0.344444 0.0177083 0.0962963 0.26905
0 0.527083 0.314815 0.0166667 0.0666667 0.272569
24 0.759896 0.337963 0.0385417 0.116667 0.272687
0 0.598437 0.340741 0.0260417 0.118519 0.278029
0 0.119271 0.337963 0.0552083 0.157407 0.278722
0 0.501042 0.343519 0.0208333 0.101852 0.279893
0 0.365625 0.327778 0.0229167 0.111111 0.280189
0 0.461458 0.353704 0.025 0.148148 0.28023
0 0.747917 0.378704 0.0625 0.272222 0.282842
0 0.522396 0.327778 0.0239583 0.0888889 0.284235
0 0.461979 0.350926 0.0239583 0.146296 0.289167
0 0.497917 0.338889 0.0208333 0.1 0.289876
0 0.461458 0.35 0.0229167 0.148148 0.291179
0 0.501042 0.343519 0.0208333 0.101852 0.292291
24 0.760417 0.338889 0.0375 0.111111 0.294636
0 0.498437 0.338889 0.021875 0.103704 0.301039
0 0.497917 0.337963 0.0208333 0.101852 0.308633
0 0.461979 0.35463 0.0239583 0.138889 0.309772
0 0.126563 0.336111 0.0489583 0.164815 0.3112
0 0.528125 0.313889 0.0166667 0.0648148 0.311265
0 0.461458 0.352778 0.025 0.131481 0.312863
0 0.126042 0.336111 0.0479167 0.161111 0.315939
0 0.480729 0.339815 0.0197917 0.101852 0.316149
0 0.121354 0.340741 0.0552083 0.166667 0.319677
0 0.602604 0.340741 0.028125 0.125926 0.323108
0 0.598437 0.346296 0.0239583 0.114815 0.32361
0 0.119792 0.337963 0.05625 0.161111 0.32582
24 0.759896 0.338889 0.0385417 0.111111 0.328183
0 0.528125 0.314815 0.0166667 0.062963 0.330681
0 0.3625 0.331481 0.025 0.111111 0.334813
0 0.361979 0.330556 0.0260417 0.112963 0.339274
24 0.761979 0.351852 0.0364583 0.0925926 0.343906
24 0.760938 0.342593 0.0364583 0.107407 0.34675
0 0.419792 0.352778 0.025 0.142593 0.348165
0 0.480729 0.339815 0.0197917 0.105556 0.348622
0 0.598437 0.346296 0.0239583 0.118519 0.350442
0 0.419271 0.34537 0.028125 0.138889 0.350601
0 0.6 0.342593 0.025 0.12963 0.351241
0 0.480729 0.339815 0.0197917 0.105556 0.353564
0 0.502083 0.339815 0.0208333 0.105556 0.353781
0 0.121354 0.342593 0.0510417 0.166667 0.356469
24 0.760938 0.341667 0.0364583 0.109259 0.357987
24 0.761979 0.351852 0.0364583 0.0962963 0.35802
24 0.761979 0.351852 0.0364583 0.0962963 0.359007
0 0.121354 0.341667 0.0510417 0.164815 0.359474
0 0.527083 0.315741 0.0166667 0.0685185 0.359739
0 0.605208 0.339815 0.0270833 0.131481 0.359819
24 0.760938 0.341667 0.0364583 0.109259 0.359844
0 0.419792 0.352778 0.025 0.142593 0.360126
0 0.598958 0.346296 0.0229167 0.118519 0.36322
0 0.381771 0.312037 0.0135417 0.0796296 0.366201
0 0.599479 0.340741 0.0260417 0.125926 0.371264
0 0.501562 0.339815 0.021875 0.109259 0.372363
0 0.527083 0.315741 0.0145833 0.0685185 0.373534
0 0.501562 0.339815 0.021875 0.109259 0.37568
0 0.527083 0.315741 0.0166667 0.0648148 0.379197
0 0.119792 0.337963 0.05625 0.157407 0.381014
0 0.526563 0.315741 0.015625 0.0685185 0.382965
0 0.361458 0.32963 0.0229167 0.111111 0.385999
0 0.501042 0.342593 0.0229167 0.103704 0.387618
0 0.6 0.340741 0.025 0.133333 0.389999
0 0.6 0.340741 0.025 0.133333 0.392892
0 0.527083 0.314815 0.0145833 0.0666667 0.394833
0 0.708333 0.393519 0.0395833 0.312963 0.402032
0 0.381771 0.312037 0.0135417 0.0796296 0.404577
0 0.121875 0.339815 0.0541667 0.161111 0.404648
24 0.760938 0.346296 0.0364583 0.1 0.412441
0 0.708333 0.393519 0.0395833 0.316667 0.412766
24 0.760938 0.346296 0.0364583 0.103704 0.420921
0 0.707292 0.390741 0.0354167 0.307407 0.421223
0 0.707812 0.394444 0.0385417 0.311111 0.423015
24 0.761458 0.346296 0.0354167 0.103704 0.42517
0 0.526563 0.315741 0.015625 0.0685185 0.432532
0 0.364583 0.326852 0.0208333 0.109259 0.438339
0 0.527604 0.315741 0.015625 0.0648148 0.440069
0 0.6 0.343519 0.0291667 0.131481 0.440259
0 0.709896 0.391667 0.0385417 0.32037 0.453592
0 0.120833 0.341667 0.05625 0.161111 0.455195
0 0.527604 0.315741 0.015625 0.0648148 0.461984
0 0.739583 0.392593 0.0645833 0.340741 0.463672
0 0.122396 0.341667 0.0510417 0.168519 0.46447
0 0.121354 0.340741 0.0552083 0.162963 0.464898
0 0.600521 0.341667 0.028125 0.131481 0.465434
0 0.739062 0.393519 0.065625 0.342593 0.465574
24 0.760938 0.342593 0.0385417 0.114815 0.466835
0 0.739062 0.393519 0.065625 0.338889 0.473841
0 0.121875 0.339815 0.0541667 0.161111 0.474991
0 0.602083 0.340741 0.0291667 0.137037 0.480049
0 0.601562 0.340741 0.0302083 0.137037 0.480688
0 0.121875 0.341667 0.0520833 0.164815 0.481959
0 0.121354 0.340741 0.0552083 0.162963 0.482792
0 0.419271 0.347222 0.028125 0.138889 0.486294
0 0.598958 0.340741 0.025 0.133333 0.488031
24 0.760938 0.343519 0.0364583 0.109259 0.492208
24 0.760417 0.341667 0.0375 0.109259 0.492498
0 0.598958 0.341667 0.025 0.131481 0.498806
24 0.760417 0.342593 0.0354167 0.111111 0.501013
24 0.760417 0.342593 0.0375 0.111111 0.508814
0 0.736979 0.391667 0.0760417 0.342593 0.510851
0 0.738021 0.390741 0.0739583 0.348148 0.51442
0 0.6 0.343519 0.0291667 0.131481 0.518147
24 0.760417 0.341667 0.0375 0.109259 0.523121
0 0.7375 0.390741 0.075 0.344444 0.529956
0 0.708333 0.388889 0.0354167 0.311111 0.533412
0 0.121875 0.340741 0.0541667 0.162963 0.533575
0 0.600521 0.341667 0.028125 0.131481 0.539246
0 0.419271 0.348148 0.028125 0.140741 0.541652
0 0.121875 0.339815 0.0541667 0.161111 0.544817
0 0.419271 0.347222 0.028125 0.138889 0.545703
0 0.461458 0.352778 0.025 0.142593 0.545855
0 0.461458 0.352778 0.025 0.142593 0.555686
0 0.708854 0.388889 0.040625 0.325926 0.55707
0 0.70625 0.390741 0.0375 0.311111 0.566702
0 0.70625 0.390741 0.0375 0.307407 0.568795
0 0.708854 0.388889 0.0427083 0.322222 0.569827
0 0.70625 0.390741 0.0375 0.311111 0.58439
0 0.419271 0.34537 0.028125 0.135185 0.594995
0 0.708333 0.387963 0.0416667 0.32037 0.598551
0 0.121875 0.339815 0.0541667 0.161111 0.605383
0 0.600521 0.343519 0.028125 0.131481 0.606957
0 0.363021 0.32963 0.0239583 0.111111 0.619276
0 0.736458 0.391667 0.0729167 0.338889 0.628037
0 0.738542 0.390741 0.06875 0.344444 0.635849
0 0.599479 0.342593 0.0260417 0.12963 0.641296
0 0.461979 0.352778 0.021875 0.146296 0.653361
0 0.461979 0.35463 0.0239583 0.146296 0.659883
0 0.461979 0.35463 0.0239583 0.146296 0.672323
0 0.419271 0.348148 0.028125 0.148148 0.677953
0 0.419271 0.347222 0.028125 0.146296 0.691224
0 0.3625 0.330556 0.0229167 0.109259 0.700847
0 0.3625 0.333333 0.025 0.103704 0.706499
0 0.419271 0.348148 0.028125 0.148148 0.708098
0 0.735937 0.391667 0.0697917 0.342593 0.708495
0 0.7375 0.389815 0.0625 0.342593 0.725353
0 0.363021 0.333333 0.0239583 0.103704 0.727924
0 0.363021 0.333333 0.0239583 0.103704 0.728049
0 0.460938 0.353704 0.021875 0.148148 0.73126
0 0.736979 0.388889 0.0635417 0.340741 0.740254
0 0.7375 0.389815 0.0625 0.342593 0.748554
0 0.41875 0.348148 0.0291667 0.144444 0.752286
0 0.419271 0.348148 0.0302083 0.144444 0.776213
0 0.41875 0.348148 0.0291667 0.144444 0.776383
0 0.363021 0.335185 0.0239583 0.107407 0.779029
0 0.363021 0.334259 0.0239583 0.105556 0.789254
0 0.363021 0.334259 0.0239583 0.105556 0.802841
0 0.419271 0.34537 0.028125 0.138889 0.812725
0 0.419792 0.346296 0.0291667 0.137037 0.818064
0 0.419271 0.34537 0.028125 0.15 0.83154
0 0.419271 0.344444 0.028125 0.148148 0.846145
