0 0.05 0.325926 0.0291667 0.118519 0.25032
0 0.803646 0.399074 0.065625 0.435185 0.250457
0 0.334375 0.302778 0.0166667 0.0648148 0.251532
24 0.890625 0.347222 0.05 0.168519 0.25207
0 0.49375 0.337037 0.0291667 0.107407 0.256278
0 0.459896 0.34537 0.0260417 0.138889 0.259104
24 0.891146 0.347222 0.0510417 0.172222 0.259233
0 0.853125 0.423148 0.09375 0.487037 0.259303
0 0.502083 0.340741 0.0270833 0.0962963 0.25952
0 0.335938 0.303704 0.015625 0.062963 0.259669
0 0.858854 0.424074 0.096875 0.5 0.259741
0 0.334896 0.302778 0.0177083 0.0648148 0.259932
0 0.334375 0.302778 0.0166667 0.0648148 0.260149
0 0.444271 0.341667 0.0614583 0.153704 0.26187
0 0.547396 0.305556 0.015625 0.0666667 0.262502
0 0.334896 0.302778 0.015625 0.0648148 0.264051
13 0.226042 0.872222 0.366667 0.251852 0.264999
0 0.442187 0.342593 0.0677083 0.155556 0.266089
0 0.459375 0.341667 0.0291667 0.146296 0.266305
0 0.546875 0.306481 0.0145833 0.0648148 0.266701
13 0.227604 0.871296 0.367708 0.246296 0.268232
13 0.226042 0.872222 0.366667 0.251852 0.269021
0 0.415104 0.337037 0.028125 0.137037 0.271133
0 0.334375 0.302778 0.0166667 0.0648148 0.274195
13 0.227083 0.871296 0.366667 0.246296 0.276554
0 0.392188 0.326852 0.021875 0.0981481 0.277624
0 0.505208 0.340741 0.04375 0.0962963 0.277751
0 0.334896 0.302778 0.015625 0.0648148 0.278618
0 0.333854 0.303704 0.015625 0.062963 0.279834
0 0.0536458 0.324074 0.0322917 0.114815 0.281792
0 0.936979 0.305556 0.034375 0.177778 0.283975
0 0.335938 0.303704 0.015625 0.062963 0.284148
0 0.502083 0.339815 0.0291667 0.0981481 0.284162
0 0.936979 0.30463 0.034375 0.175926 0.284405
0 0.939062 0.299074 0.034375 0.183333 0.286376
0 0.545833 0.305556 0.0166667 0.0666667 0.28702
0 0.502083 0.339815 0.0291667 0.0981481 0.289347
0 0.494271 0.337037 0.028125 0.107407 0.290065
0 0.658333 0.312963 0.0229167 0.0925926 0.290594
0 0.936979 0.30463 0.034375 0.172222 0.291647
24 0.885417 0.343519 0.0583333 0.187037 0.292328
0 0.547396 0.306481 0.015625 0.0685185 0.293958
0 0.392188 0.327778 0.0260417 0.107407 0.29671
0 0.334896 0.302778 0.015625 0.0648148 0.296833
0 0.939062 0.299074 0.034375 0.183333 0.29769
0 0.39375 0.325 0.025 0.101852 0.29806
0 0.392708 0.326852 0.0208333 0.101852 0.299483
0 0.494792 0.337037 0.0291667 0.107407 0.300458
24 0.885938 0.344444 0.059375 0.185185 0.30123
24 0.885417 0.344444 0.0583333 0.185185 0.305333
0 0.516146 0.337963 0.0239583 0.101852 0.306205
0 0.547396 0.306481 0.015625 0.0648148 0.308291
0 0.392188 0.326852 0.021875 0.101852 0.314365
0 0.0953125 0.323148 0.0239583 0.0907407 0.315868
0 0.517187 0.344444 0.0239583 0.0925926 0.318862
0 0.05 0.325926 0.0291667 0.118519 0.325665
24 0.889583 0.351852 0.0520833 0.166667 0.326209
0 0.494792 0.337037 0.0270833 0.107407 0.326708
0 0.657812 0.32963 0.0260417 0.122222 0.331799
0 0.494792 0.340741 0.025 0.0962963 0.33378
0 0.798958 0.400926 0.0604167 0.427778 0.334053
0 0.444271 0.342593 0.0614583 0.151852 0.334107
0 0.936979 0.3 0.034375 0.188889 0.33638
0 0.658333 0.325 0.0270833 0.12037 0.336937
0 0.516667 0.343519 0.0270833 0.105556 0.339869
24 0.888021 0.337037 0.053125 0.192593 0.341241
0 0.847917 0.42037 0.0854167 0.488889 0.342318
0 0.546354 0.305556 0.0135417 0.062963 0.343239
0 0.657812 0.325 0.028125 0.116667 0.34431
24 0.888021 0.337037 0.053125 0.192593 0.344862
24 0.889583 0.351852 0.0520833 0.166667 0.345997
24 0.889583 0.351852 0.0520833 0.166667 0.34817
24 0.888021 0.337963 0.053125 0.194444 0.348891
0 0.0411458 0.326852 0.040625 0.131481 0.348931
0 0.459375 0.34537 0.0270833 0.135185 0.35116
0 0.935938 0.294444 0.034375 0.177778 0.35161
0 0.39375 0.325 0.025 0.105556 0.353974
0 0.936979 0.3 0.034375 0.185185 0.356135
0 0.546354 0.305556 0.0135417 0.062963 0.356431
0 0.0359375 0.326852 0.046875 0.135185 0.357491
0 0.935938 0.29537 0.034375 0.17963 0.361678
0 0.517187 0.34537 0.0239583 0.0944444 0.369803
0 0.545833 0.308333 0.0166667 0.0685185 0.373239
0 0.494792 0.340741 0.025 0.0962963 0.373377
0 0.517187 0.34537 0.0239583 0.0944444 0.374297
0 0.658854 0.321296 0.0239583 0.112963 0.37717
0 0.935938 0.294444 0.034375 0.177778 0.378138
0 0.494792 0.340741 0.025 0.0962963 0.378666
0 0.0364583 0.326852 0.0458333 0.135185 0.382479
24 0.889063 0.342593 0.0552083 0.174074 0.390397
0 0.829167 0.40463 0.108333 0.468519 0.402553
0 0.546875 0.307407 0.0145833 0.0666667 0.41251
0 0.516667 0.341667 0.025 0.0944444 0.413678
24 0.888021 0.337037 0.0552083 0.185185 0.413763
24 0.888021 0.338889 0.0572917 0.185185 0.417106
0 0.934896 0.299074 0.034375 0.172222 0.418261
24 0.888542 0.349074 0.0520833 0.172222 0.422041
24 0.888021 0.337963 0.0552083 0.187037 0.423151
0 0.934896 0.300926 0.034375 0.175926 0.425815
0 0.658333 0.326852 0.0270833 0.12037 0.425823
24 0.888021 0.338889 0.0572917 0.188889 0.426435
0 0.934896 0.3 0.034375 0.174074 0.426458
0 0.841146 0.412037 0.0802083 0.490741 0.427638
0 0.85 0.410185 0.0875 0.494444 0.436189
0 0.546875 0.307407 0.0145833 0.0666667 0.436473
0 0.657812 0.325 0.0260417 0.116667 0.44061
24 0.888542 0.348148 0.0520833 0.174074 0.441777
0 0.0484375 0.324074 0.0260417 0.118519 0.441952
0 0.494792 0.337037 0.0270833 0.103704 0.442073
0 0.658854 0.322222 0.0239583 0.114815 0.446193
0 0.0484375 0.323148 0.0260417 0.12037 0.450561
0 0.658854 0.322222 0.0239583 0.114815 0.453325
0 0.516667 0.342593 0.025 0.0962963 0.454107
24 0.888542 0.35 0.0520833 0.166667 0.456408
0 0.516667 0.342593 0.025 0.0962963 0.456469
0 0.609375 0.327778 0.0270833 0.12963 0.4624
0 0.0484375 0.323148 0.0260417 0.116667 0.462953
0 0.49375 0.337037 0.025 0.1 0.463126
0 0.841146 0.411111 0.0822917 0.496296 0.465525
0 0.849479 0.409259 0.0864583 0.496296 0.465718
0 0.810417 0.401852 0.0729167 0.459259 0.46656
0 0.0713542 0.327778 0.015625 0.0888889 0.469028
0 0.0505208 0.325926 0.0260417 0.118519 0.473342
0 0.459896 0.347222 0.028125 0.15 0.475023
24 0.888021 0.35 0.0510417 0.166667 0.476898
0 0.015625 0.352778 0.03125 0.190741 0.480565
0 0.494271 0.337037 0.0239583 0.1 0.483562
0 0.494271 0.336111 0.0239583 0.101852 0.487083
0 0.415104 0.336111 0.0260417 0.127778 0.48969
0 0.460417 0.343519 0.0270833 0.142593 0.49524
0 0.804167 0.399074 0.0645833 0.435185 0.495865
0 0.804167 0.399074 0.0645833 0.435185 0.496563
0 0.804167 0.399074 0.0645833 0.435185 0.502348
0 0.0958333 0.323148 0.0208333 0.0944444 0.503871
0 0.657812 0.328704 0.0239583 0.124074 0.50597
0 0.460417 0.343519 0.0270833 0.142593 0.508957
0 0.49375 0.337037 0.025 0.103704 0.509561
0 0.0708333 0.325 0.0166667 0.0944444 0.518613
0 0.459896 0.347222 0.028125 0.146296 0.51868
0 0.0161458 0.346296 0.0322917 0.188889 0.522051
0 0.393229 0.327778 0.0239583 0.1 0.526485
0 0.0161458 0.347222 0.0322917 0.187037 0.527231
0 0.0713542 0.327778 0.015625 0.0888889 0.530701
0 0.015625 0.353704 0.03125 0.192593 0.536577
0 0.936458 0.299074 0.0354167 0.183333 0.539887
0 0.0713542 0.327778 0.015625 0.0888889 0.545731
0 0.936458 0.299074 0.0354167 0.183333 0.551031
0 0.609375 0.32963 0.0270833 0.133333 0.552288
0 0.0473958 0.323148 0.028125 0.127778 0.555251
0 0.0953125 0.321296 0.0197917 0.0907407 0.557085
0 0.0953125 0.325 0.0197917 0.0981481 0.563218
0 0.609896 0.32963 0.028125 0.12963 0.563626
0 0.658333 0.324074 0.025 0.118519 0.564203
0 0.935938 0.29537 0.034375 0.183333 0.574508
0 0.393229 0.327778 0.0239583 0.103704 0.574698
0 0.609375 0.328704 0.0270833 0.131481 0.576051
0 0.658854 0.323148 0.0260417 0.12037 0.576495
0 0.0713542 0.325 0.0177083 0.0944444 0.576824
0 0.460417 0.346296 0.0270833 0.144444 0.576989
0 0.0713542 0.325 0.0177083 0.0944444 0.579312
0 0.609896 0.328704 0.0260417 0.131481 0.579918
0 0.392708 0.327778 0.0229167 0.103704 0.580519
0 0.460417 0.346296 0.0270833 0.144444 0.5806
0 0.416146 0.336111 0.0260417 0.138889 0.58233
0 0.416146 0.336111 0.0260417 0.138889 0.585285
24 0.886979 0.341667 0.0572917 0.175926 0.586479
0 0.459896 0.348148 0.0260417 0.148148 0.587259
0 0.935938 0.297222 0.034375 0.183333 0.590216
0 0.0953125 0.321296 0.0197917 0.0944444 0.598843
0 0.0953125 0.325 0.0197917 0.101852 0.599584
0 0.0953125 0.324074 0.0197917 0.1 0.601604
0 0.609375 0.32963 0.0270833 0.12963 0.606566
0 0.0953125 0.321296 0.0197917 0.0944444 0.60689
0 0.0473958 0.324074 0.0260417 0.125926 0.608796
0 0.415625 0.337963 0.0291667 0.146296 0.612817
0 0.015625 0.35 0.03125 0.2 0.616402
0 0.015625 0.350926 0.03125 0.198148 0.616871
0 0.609375 0.330556 0.0270833 0.131481 0.619332
0 0.015625 0.352778 0.03125 0.190741 0.62027
0 0.39375 0.325926 0.0229167 0.1 0.620436
0 0.0479167 0.326852 0.025 0.116667 0.620574
0 0.393229 0.325926 0.0239583 0.1 0.620694
0 0.658333 0.324074 0.025 0.114815 0.620793
0 0.935938 0.299074 0.034375 0.168519 0.62164
0 0.935938 0.3 0.034375 0.17037 0.627531
0 0.0479167 0.326852 0.025 0.116667 0.63279
24 0.888542 0.344444 0.0541667 0.181481 0.634322
24 0.888021 0.343519 0.053125 0.17963 0.634403
0 0.392708 0.325926 0.0229167 0.103704 0.638367
0 0.658854 0.325 0.0260417 0.12037 0.639689
0 0.658854 0.325 0.0260417 0.12037 0.640581
0 0.844271 0.42037 0.0864583 0.507407 0.642599
24 0.888542 0.343519 0.0520833 0.17963 0.644329
0 0.936458 0.3 0.0354167 0.17037 0.6444
0 0.416146 0.337963 0.028125 0.146296 0.645215
0 0.0479167 0.327778 0.025 0.114815 0.647277
0 0.847917 0.419444 0.0875 0.498148 0.651677
0 0.415625 0.337037 0.0291667 0.144444 0.663067
0 0.415104 0.338889 0.028125 0.148148 0.664037
0 0.415625 0.338889 0.0270833 0.151852 0.664603
0 0.847917 0.418519 0.0875 0.5 0.665297
0 0.393229 0.325926 0.0239583 0.103704 0.673522
0 0.415625 0.338889 0.0270833 0.148148 0.67446
0 0.609375 0.32963 0.0270833 0.12963 0.675102
0 0.392708 0.325926 0.0229167 0.103704 0.677115
0 0.851042 0.422222 0.0854167 0.507407 0.67791
0 0.609375 0.330556 0.0270833 0.131481 0.680446
0 0.414583 0.337037 0.0270833 0.148148 0.681322
0 0.850521 0.421296 0.084375 0.509259 0.682018
0 0.853125 0.42037 0.09375 0.503704 0.685584
0 0.459896 0.34537 0.028125 0.142593 0.690409
0 0.415104 0.337037 0.028125 0.148148 0.695107
0 0.848437 0.419444 0.0822917 0.509259 0.700651
0 0.853125 0.421296 0.09375 0.501852 0.703872
0 0.609375 0.330556 0.0270833 0.135185 0.704204
0 0.0161458 0.349074 0.0322917 0.198148 0.711797
0 0.0161458 0.348148 0.0322917 0.196296 0.720087
0 0.0479167 0.324074 0.0270833 0.125926 0.721437
0 0.0473958 0.324074 0.0239583 0.122222 0.724014
0 0.0479167 0.324074 0.025 0.122222 0.731459
0 0.0473958 0.323148 0.0260417 0.12037 0.732762
0 0.801042 0.399074 0.0583333 0.431481 0.73319
0 0.459896 0.34537 0.028125 0.142593 0.735252
0 0.609375 0.32963 0.0270833 0.125926 0.735362
0 0.802083 0.4 0.0604167 0.433333 0.736489
0 0.459896 0.34537 0.028125 0.142593 0.740005
0 0.0161458 0.35 0.0322917 0.192593 0.740578
0 0.0479167 0.324074 0.025 0.122222 0.741767
0 0.0473958 0.324074 0.0260417 0.122222 0.742406
0 0.803125 0.4 0.0625 0.418519 0.750494
0 0.0161458 0.349074 0.0322917 0.194444 0.752639
0 0.0473958 0.324074 0.0260417 0.122222 0.755805
0 0.802083 0.400926 0.0604167 0.431481 0.757646
0 0.802083 0.4 0.0604167 0.433333 0.759985
0 0.609375 0.32963 0.0270833 0.125926 0.760866
0 0.803125 0.4 0.0625 0.422222 0.764407
0 0.803125 0.399074 0.0625 0.42037 0.768216
0 0.609896 0.32963 0.0260417 0.12963 0.77112
0 0.608854 0.330556 0.0260417 0.124074 0.771235
0 0.609375 0.32963 0.0270833 0.12963 0.776073
0 0.459896 0.344444 0.0260417 0.148148 0.780751
0 0.0161458 0.349074 0.0322917 0.194444 0.783521
0 0.459375 0.34537 0.0270833 0.142593 0.784003
0 0.459375 0.34537 0.0270833 0.142593 0.786716
0 0.609375 0.32963 0.025 0.12963 0.789398
0 0.460417 0.343519 0.0270833 0.146296 0.797367
0 0.609375 0.330556 0.025 0.127778 0.819586
0 0.609375 0.330556 0.025 0.127778 0.824974
0 0.415625 0.337963 0.0291667 0.153704 0.826915
0 0.415625 0.337963 0.0291667 0.15 0.833399
