0 0.963021 0.35463 0.0552083 0.15 0.250166
0 0.745833 0.562963 0.114583 0.477778 0.25121
13 0.311458 0.490741 0.0770833 0.0740741 0.255537
0 0.645833 0.417593 0.01875 0.05 0.255658
13 0.321875 0.490741 0.05625 0.0666667 0.256874
0 0.327604 0.416667 0.015625 0.0666667 0.265739
0 0.381771 0.437037 0.0177083 0.0925926 0.265743
0 0.0078125 0.501852 0.015625 0.185185 0.266637
0 0.44375 0.434259 0.025 0.109259 0.269615
13 0.321875 0.490741 0.0583333 0.0666667 0.271384
0 0.646354 0.423148 0.0177083 0.0648148 0.271905
0 0.9625 0.352778 0.0541667 0.15 0.273046
0 0.646354 0.423148 0.0177083 0.0648148 0.273072
0 0.279687 0.437963 0.0239583 0.0981481 0.274376
13 0.400521 0.573148 0.132292 0.0759259 0.274944
0 0.964583 0.432407 0.0604167 0.301852 0.277166
13 0.311458 0.490741 0.0791667 0.0703704 0.27857
0 0.9625 0.352778 0.0541667 0.15 0.278636
0 0.966667 0.427778 0.0583333 0.307407 0.283615
0 0.442708 0.437963 0.01875 0.101852 0.283629
0 0.750521 0.573148 0.113542 0.47963 0.287033
0 0.0171875 0.498148 0.034375 0.185185 0.287302
0 0.966667 0.427778 0.0583333 0.311111 0.288376
0 0.279687 0.437963 0.0239583 0.0981481 0.288631
0 0.280729 0.424074 0.021875 0.0777778 0.289652
0 0.442187 0.437037 0.0197917 0.1 0.292437
13 0.321875 0.490741 0.0583333 0.0666667 0.293205
13 0.405208 0.576852 0.129167 0.0722222 0.297003
0 0.280729 0.424074 0.021875 0.0814815 0.297211
0 0.279167 0.435185 0.0229167 0.1 0.298988
0 0.966667 0.427778 0.0583333 0.307407 0.301418
0 0.279687 0.437963 0.0239583 0.0981481 0.303678
13 0.313542 0.491667 0.075 0.0685185 0.304957
0 0.750521 0.574074 0.113542 0.481481 0.305061
0 0.442708 0.437963 0.01875 0.101852 0.30667
0 0.327604 0.42037 0.015625 0.062963 0.307036
13 0.402083 0.573148 0.1375 0.0759259 0.308123
0 0.327083 0.416667 0.0145833 0.0666667 0.310075
13 0.314063 0.491667 0.0739583 0.0685185 0.31112
13 0.400521 0.575926 0.144792 0.0814815 0.312506
0 0.328125 0.418519 0.0145833 0.0666667 0.312703
0 0.0395833 0.493519 0.0395833 0.194444 0.314064
0 0.276563 0.435185 0.0239583 0.1 0.31591
13 0.397917 0.575 0.1375 0.0759259 0.316477
13 0.397917 0.575926 0.139583 0.0740741 0.31844
0 0.280729 0.424074 0.021875 0.0814815 0.321744
0 0.328125 0.421296 0.0166667 0.0574074 0.323293
13 0.394792 0.575 0.141667 0.0796296 0.32341
0 0.327083 0.421296 0.0145833 0.0611111 0.323906
0 0.327083 0.417593 0.0145833 0.0648148 0.327691
0 0.0395833 0.493519 0.0395833 0.194444 0.32951
0 0.0734375 0.472222 0.028125 0.12963 0.331543
13 0.313542 0.490741 0.075 0.0703704 0.33161
0 0.0682292 0.484259 0.0302083 0.168519 0.331665
0 0.75 0.574074 0.1125 0.455556 0.334674
0 0.964583 0.401852 0.0583333 0.240741 0.339761
0 0.0671875 0.481481 0.0385417 0.162963 0.341938
0 0.034375 0.496296 0.0354167 0.192593 0.34628
0 0.749479 0.574074 0.113542 0.47037 0.346385
0 0.964583 0.401852 0.0583333 0.244444 0.35188
0 0.327604 0.421296 0.015625 0.0574074 0.353163
0 0.964583 0.400926 0.0583333 0.238889 0.35455
0 0.965625 0.42963 0.0583333 0.3 0.354756
0 0.0682292 0.485185 0.0302083 0.166667 0.356088
0 0.964583 0.428704 0.0583333 0.312963 0.35838
0 0.75 0.573148 0.1125 0.468519 0.358649
13 0.313542 0.490741 0.075 0.0666667 0.359212
0 0.964583 0.425926 0.0583333 0.314815 0.361605
0 0.034375 0.49537 0.0354167 0.190741 0.37129
0 0.964583 0.427778 0.0583333 0.311111 0.373763
0 0.965104 0.428704 0.0572917 0.312963 0.378051
0 0.0661458 0.482407 0.040625 0.164815 0.383327
0 0.327604 0.421296 0.015625 0.0574074 0.394842
0 0.0614583 0.485185 0.0291667 0.181481 0.403571
0 0.06875 0.485185 0.0291667 0.166667 0.405198
0 0.0614583 0.485185 0.0291667 0.181481 0.408633
0 0.38125 0.442593 0.0208333 0.103704 0.41051
0 0.327604 0.421296 0.0135417 0.0611111 0.412071
0 0.965625 0.421296 0.0583333 0.294444 0.413854
0 0.380729 0.442593 0.0197917 0.0962963 0.415207
0 0.00729167 0.500926 0.0145833 0.183333 0.41687
0 0.403125 0.439815 0.0291667 0.105556 0.433418
0 0.0666667 0.480556 0.0395833 0.164815 0.435436
0 0.327604 0.421296 0.0135417 0.0611111 0.438107
0 0.380729 0.442593 0.0197917 0.1 0.445715
0 0.380729 0.441667 0.0197917 0.0981481 0.445946
0 0.0390625 0.493519 0.040625 0.187037 0.455998
0 0.380208 0.440741 0.0208333 0.103704 0.484865
0 0.00729167 0.50463 0.0145833 0.172222 0.486822
0 0.494792 0.47037 0.0333333 0.151852 0.537623
0 0.00833333 0.502778 0.0166667 0.17963 0.546733
0 0.0390625 0.493519 0.040625 0.187037 0.546965
0 0.494792 0.471296 0.0333333 0.15 0.552242
0 0.0734375 0.473148 0.028125 0.146296 0.553442
0 0.0703125 0.476852 0.0322917 0.164815 0.556072
0 0.0734375 0.473148 0.028125 0.146296 0.556903
0 0.075 0.468519 0.0270833 0.122222 0.560207
0 0.0708333 0.476852 0.03125 0.164815 0.562649
0 0.748958 0.574074 0.114583 0.477778 0.572448
0 0.0375 0.493519 0.0395833 0.187037 0.578127
0 0.00729167 0.50463 0.0145833 0.172222 0.579221
0 0.408333 0.437037 0.01875 0.103704 0.581343
0 0.748438 0.573148 0.113542 0.475926 0.584494
0 0.408333 0.437037 0.01875 0.103704 0.58763
0 0.408333 0.437037 0.01875 0.103704 0.589903
0 0.495833 0.47037 0.0375 0.148148 0.591392
0 0.075 0.468519 0.0270833 0.125926 0.605053
0 0.075 0.468519 0.0270833 0.125926 0.606476
0 0.495313 0.47037 0.0364583 0.148148 0.615346
0 0.0375 0.494444 0.0395833 0.188889 0.616618
0 0.442708 0.436111 0.0208333 0.105556 0.637163
0 0.0734375 0.477778 0.0302083 0.148148 0.638605
0 0.0390625 0.493519 0.040625 0.187037 0.64653
0 0.408854 0.437963 0.0197917 0.101852 0.655702
0 0.0395833 0.490741 0.0395833 0.188889 0.664732
0 0.0729167 0.477778 0.0291667 0.148148 0.669189
0 0.0729167 0.476852 0.0291667 0.146296 0.675961
0 0.407813 0.438889 0.0197917 0.103704 0.681915
0 0.0401042 0.490741 0.040625 0.188889 0.691833
0 0.408854 0.437037 0.0197917 0.103704 0.700138
0 0.442708 0.434259 0.0208333 0.105556 0.702198
0 0.408854 0.437037 0.0197917 0.103704 0.707088
0 0.443229 0.435185 0.021875 0.107407 0.710645
0 0.0385417 0.493519 0.0416667 0.194444 0.719776
0 0.443229 0.434259 0.021875 0.109259 0.72477
0 0.443229 0.434259 0.021875 0.109259 0.729306
0 0.0385417 0.493519 0.0416667 0.194444 0.731736
0 0.443229 0.435185 0.021875 0.103704 0.735059
0 0.0385417 0.493519 0.0416667 0.194444 0.738819
0 0.408333 0.437037 0.01875 0.103704 0.748822
0 0.443229 0.434259 0.021875 0.105556 0.752332
0 0.443229 0.434259 0.021875 0.105556 0.752904
0 0.408854 0.437037 0.0197917 0.107407 0.765576
0 0.407813 0.437963 0.0197917 0.105556 0.770838
0 0.408333 0.436111 0.0208333 0.105556 0.776178
0 0.495313 0.469444 0.034375 0.15 0.803469
0 0.443229 0.435185 0.021875 0.107407 0.815264
0 0.495313 0.469444 0.034375 0.146296 0.815591
0 0.495313 0.468519 0.034375 0.151852 0.821352
0 0.495313 0.47037 0.034375 0.148148 0.822116
0 0.495833 0.47037 0.0333333 0.151852 0.826455
0 0.495833 0.47037 0.0333333 0.151852 0.839367
0 0.495313 0.469444 0.034375 0.15 0.840577
0 0.495833 0.469444 0.0333333 0.15 0.849618
0 0.495833 0.47037 0.0333333 0.148148 0.850876
0 0.750521 0.573148 0.117708 0.468519 0.856639
0 0.75 0.573148 0.120833 0.472222 0.857228
0 0.495833 0.47037 0.0333333 0.148148 0.862828
0 0.495833 0.47037 0.0333333 0.148148 0.870409
0 0.750521 0.571296 0.117708 0.472222 0.893016
0 0.750521 0.573148 0.119792 0.468519 0.895333
0 0.75 0.57037 0.114583 0.47037 0.899704
0 0.75 0.572222 0.120833 0.481481 0.913773
0 0.75 0.573148 0.11875 0.483333 0.914509
0 0.75 0.57037 0.114583 0.47037 0.920876
0 0.749479 0.571296 0.113542 0.472222 0.92197
0 0.749479 0.571296 0.113542 0.472222 0.930295
