13 0.441146 0.505556 0.059375 0.137037 0.255615
13 0.441667 0.506481 0.0583333 0.138889 0.256005
0 0.0927083 0.372222 0.0395833 0.151852 0.257176
13 0.441667 0.50463 0.0583333 0.138889 0.257889
13 0.441667 0.505556 0.0583333 0.137037 0.260079
0 0.363021 0.321296 0.015625 0.0833333 0.260409
13 0.441667 0.505556 0.0583333 0.137037 0.260536
0 0.0859375 0.37037 0.034375 0.144444 0.262018
0 0.0921875 0.372222 0.040625 0.151852 0.264426
0 0.381771 0.318519 0.0197917 0.0777778 0.268702
0 0.138542 0.362037 0.0333333 0.131481 0.270729
0 0.138542 0.363889 0.03125 0.127778 0.277501
0 0.0859375 0.371296 0.034375 0.142593 0.278416
0 0.467187 0.352778 0.0364583 0.142593 0.280133
0 0.528125 0.322222 0.0166667 0.0666667 0.280244
0 0.139062 0.362963 0.0302083 0.12963 0.280982
0 0.467708 0.351852 0.0375 0.140741 0.284332
0 0.382292 0.321296 0.0166667 0.0759259 0.285648
26 0.663021 0.336111 0.0260417 0.0462963 0.285916
0 0.0921875 0.372222 0.040625 0.151852 0.28827
0 0.528125 0.322222 0.0166667 0.0666667 0.289707
0 0.651042 0.362037 0.0479167 0.205556 0.290772
0 0.651042 0.362037 0.0479167 0.205556 0.292137
26 0.663021 0.336111 0.0260417 0.0462963 0.29408
26 0.664583 0.335185 0.0208333 0.0518519 0.294865
0 0.138542 0.362037 0.0333333 0.127778 0.299712
26 0.664583 0.336111 0.0208333 0.0537037 0.309492
0 0.582812 0.328704 0.015625 0.0648148 0.311996
0 0.581771 0.325 0.015625 0.0648148 0.313208
0 0.581771 0.325 0.0177083 0.0685185 0.31397
0 0.528125 0.322222 0.0166667 0.0666667 0.315104
26 0.664583 0.335185 0.0208333 0.0518519 0.31966
0 0.649479 0.361111 0.0447917 0.203704 0.322471
0 0.467187 0.351852 0.0364583 0.140741 0.323184
0 0.516146 0.353704 0.0322917 0.144444 0.323226
0 0.463542 0.35 0.0291667 0.12963 0.325801
26 0.663542 0.337037 0.0270833 0.0444444 0.328332
0 0.581771 0.325 0.015625 0.0648148 0.334784
0 0.649479 0.361111 0.0447917 0.203704 0.337424
0 0.651563 0.359259 0.0489583 0.203704 0.33861
0 0.581771 0.326852 0.015625 0.0648148 0.339672
0 0.582292 0.325926 0.0166667 0.0666667 0.340562
0 0.344792 0.32963 0.0229167 0.0851852 0.343076
0 0.649479 0.360185 0.0447917 0.205556 0.346966
0 0.650521 0.359259 0.0510417 0.203704 0.351677
0 0.582292 0.326852 0.0166667 0.0648148 0.358821
0 0.350521 0.325926 0.028125 0.0851852 0.359736
0 0.515625 0.353704 0.03125 0.140741 0.367045
0 0.345313 0.32963 0.021875 0.0888889 0.369794
0 0.528125 0.322222 0.0166667 0.0703704 0.371263
0 0.138542 0.364815 0.03125 0.125926 0.374333
0 0.136979 0.364815 0.0322917 0.12963 0.375508
0 0.345313 0.32963 0.021875 0.0888889 0.376796
0 0.463542 0.352778 0.0270833 0.138889 0.377202
0 0.364583 0.319444 0.0166667 0.0796296 0.378801
0 0.365104 0.321296 0.0177083 0.0833333 0.380959
0 0.513021 0.35463 0.028125 0.135185 0.38472
0 0.138021 0.364815 0.0322917 0.125926 0.388228
0 0.227604 0.416667 0.0947917 0.37037 0.390284
0 0.528125 0.322222 0.0166667 0.0703704 0.394457
0 0.350521 0.325926 0.028125 0.0814815 0.398192
0 0.349479 0.325 0.028125 0.0833333 0.400799
0 0.581771 0.327778 0.015625 0.0666667 0.421251
0 0.227604 0.417593 0.0947917 0.368519 0.422578
0 0.528125 0.322222 0.0166667 0.0703704 0.424605
0 0.582812 0.324074 0.015625 0.0740741 0.426932
0 0.284896 0.349074 0.0322917 0.116667 0.427549
0 0.345833 0.32963 0.025 0.0888889 0.430528
0 0.226042 0.417593 0.09375 0.372222 0.43429
0 0.365104 0.32037 0.015625 0.0814815 0.436502
0 0.517187 0.35463 0.028125 0.142593 0.439212
0 0.225521 0.417593 0.0947917 0.372222 0.446365
0 0.463542 0.35 0.0291667 0.133333 0.446822
0 0.463542 0.350926 0.0291667 0.131481 0.449316
0 0.223438 0.416667 0.0927083 0.377778 0.451235
0 0.222917 0.415741 0.0916667 0.375926 0.453817
0 0.225 0.417593 0.09375 0.368519 0.454357
0 0.364583 0.323148 0.0166667 0.0796296 0.455437
0 0.364583 0.319444 0.0166667 0.0796296 0.457876
0 0.284896 0.35 0.0322917 0.114815 0.458406
0 0.284896 0.35 0.0322917 0.114815 0.45998
0 0.364583 0.323148 0.0166667 0.0796296 0.462713
0 0.0911458 0.362963 0.040625 0.159259 0.46352
0 0.0911458 0.366667 0.0427083 0.159259 0.466453
0 0.511979 0.355556 0.028125 0.133333 0.468414
0 0.136458 0.364815 0.0333333 0.12963 0.472298
0 0.463542 0.350926 0.0270833 0.135185 0.473747
0 0.136458 0.364815 0.0333333 0.12963 0.487586
0 0.09375 0.363889 0.0354167 0.172222 0.491579
0 0.0916667 0.373148 0.0395833 0.142593 0.492825
0 0.136979 0.364815 0.0322917 0.12963 0.494162
0 0.652604 0.362963 0.0427083 0.2 0.497388
0 0.1375 0.362963 0.03125 0.125926 0.49959
0 0.364583 0.324074 0.0166667 0.0777778 0.503779
0 0.0916667 0.373148 0.0395833 0.142593 0.504433
0 0.223958 0.415741 0.0916667 0.372222 0.505907
0 0.223958 0.414815 0.0916667 0.366667 0.505927
0 0.0911458 0.363889 0.040625 0.157407 0.506074
0 0.652604 0.362037 0.0427083 0.201852 0.508039
0 0.0911458 0.366667 0.040625 0.159259 0.510148
0 0.223958 0.414815 0.0916667 0.366667 0.510959
0 0.652083 0.362037 0.0458333 0.201852 0.511735
0 0.0927083 0.363889 0.0354167 0.172222 0.519525
0 0.345833 0.330556 0.0208333 0.0833333 0.549851
0 0.0916667 0.366667 0.0416667 0.159259 0.556516
0 0.0911458 0.363889 0.040625 0.161111 0.564424
0 0.284896 0.35 0.034375 0.107407 0.566712
0 0.284896 0.35 0.034375 0.107407 0.573992
0 0.1375 0.362963 0.03125 0.12963 0.580167
0 0.5125 0.355556 0.03125 0.133333 0.582343
0 0.284896 0.35 0.034375 0.107407 0.5916
0 0.651042 0.361111 0.0458333 0.203704 0.591629
0 0.1375 0.362963 0.03125 0.12963 0.592266
0 0.651563 0.362037 0.0447917 0.201852 0.596796
0 0.653646 0.361111 0.0447917 0.207407 0.603254
0 0.5125 0.355556 0.03125 0.133333 0.604765
0 0.653646 0.361111 0.0447917 0.207407 0.605113
0 0.653125 0.361111 0.04375 0.203704 0.607133
0 0.136979 0.364815 0.0322917 0.133333 0.612719
0 0.136979 0.363889 0.0322917 0.131481 0.633243
0 0.513021 0.355556 0.0302083 0.133333 0.638618
0 0.513021 0.357407 0.0302083 0.137037 0.641185
0 0.651042 0.361111 0.0458333 0.203704 0.643922
0 0.285417 0.35 0.0333333 0.111111 0.654598
0 0.284896 0.35 0.0322917 0.111111 0.6564
0 0.345833 0.32963 0.0229167 0.0851852 0.656899
0 0.285417 0.35 0.0333333 0.111111 0.664219
0 0.284375 0.351852 0.03125 0.107407 0.664997
0 0.284375 0.350926 0.03125 0.105556 0.670401
0 0.1375 0.363889 0.0333333 0.135185 0.671843
0 0.513021 0.358333 0.028125 0.138889 0.673972
0 0.285417 0.350926 0.0333333 0.109259 0.674609
0 0.284896 0.35 0.0322917 0.111111 0.67678
0 0.651563 0.361111 0.0447917 0.203704 0.679144
0 0.285417 0.35 0.0333333 0.111111 0.6806
0 0.285417 0.35 0.0333333 0.111111 0.683003
0 0.345833 0.32963 0.0229167 0.0851852 0.68391
0 0.345833 0.32963 0.0229167 0.0851852 0.683987
0 0.653125 0.356481 0.04375 0.201852 0.688223
0 0.284896 0.35 0.0322917 0.111111 0.693835
0 0.344792 0.328704 0.0208333 0.087037 0.694843
0 0.513021 0.355556 0.028125 0.140741 0.695835
0 0.651563 0.362037 0.0447917 0.201852 0.698825
0 0.136979 0.363889 0.0322917 0.135185 0.700843
0 0.651563 0.358333 0.0447917 0.205556 0.70152
0 0.285417 0.349074 0.0333333 0.109259 0.701911
0 0.284375 0.350926 0.03125 0.105556 0.708522
0 0.653125 0.356481 0.04375 0.209259 0.708816
0 0.513021 0.355556 0.028125 0.137037 0.7103
0 0.511458 0.355556 0.0291667 0.137037 0.712539
0 0.136979 0.362963 0.0322917 0.133333 0.713063
0 0.511458 0.355556 0.0291667 0.137037 0.723369
0 0.651042 0.359259 0.04375 0.211111 0.725322
0 0.463542 0.35463 0.0291667 0.142593 0.728258
0 0.136979 0.362963 0.0322917 0.133333 0.734652
0 0.513021 0.357407 0.028125 0.137037 0.73557
0 0.1375 0.363889 0.0333333 0.135185 0.743136
0 0.464063 0.35463 0.028125 0.146296 0.746728
0 0.463542 0.35463 0.0291667 0.142593 0.758746
0 0.136979 0.362963 0.0322917 0.133333 0.759472
0 0.464063 0.353704 0.028125 0.148148 0.764899
0 0.463542 0.353704 0.0270833 0.144444 0.770522
0 0.463542 0.35463 0.0291667 0.142593 0.771495
0 0.225521 0.415741 0.0927083 0.383333 0.800303
0 0.463542 0.352778 0.0270833 0.146296 0.803321
0 0.463542 0.352778 0.0270833 0.142593 0.803824
0 0.225521 0.415741 0.0927083 0.383333 0.812695
0 0.225521 0.417593 0.0927083 0.375926 0.816712
0 0.463542 0.351852 0.0291667 0.140741 0.820537
0 0.225521 0.416667 0.0927083 0.374074 0.820757
0 0.225521 0.415741 0.0927083 0.383333 0.820823
0 0.225521 0.416667 0.0927083 0.374074 0.823716
0 0.463542 0.350926 0.0291667 0.138889 0.824194
0 0.225521 0.416667 0.0927083 0.374074 0.900921
0 0.225521 0.416667 0.0927083 0.374074 0.901925
0 0.225521 0.417593 0.0927083 0.372222 0.906352
0 0.225521 0.417593 0.0927083 0.372222 0.906433
