24 0.809375 0.318519 0.0479167 0.137037 0.250441
0 0.476562 0.326852 0.0260417 0.0944444 0.251626
0 0.522396 0.294444 0.021875 0.0777778 0.254122
0 0.494271 0.324074 0.021875 0.0962963 0.256297
0 0.403125 0.322222 0.0270833 0.137037 0.256495
0 0.0661458 0.307407 0.0239583 0.1 0.258256
0 0.473958 0.325926 0.025 0.103704 0.260852
0 0.494271 0.324074 0.021875 0.0962963 0.262898
0 0.473958 0.325 0.025 0.101852 0.26601
0 0.0963542 0.312037 0.021875 0.101852 0.266318
0 0.315625 0.287963 0.0145833 0.0611111 0.267374
0 0.478125 0.321296 0.0229167 0.101852 0.267832
0 0.0661458 0.307407 0.0239583 0.0962963 0.274403
0 0.383854 0.29537 0.015625 0.0648148 0.276257
0 0.795313 0.363889 0.071875 0.398148 0.277911
13 0.234896 0.813889 0.419792 0.357407 0.278102
0 0.494271 0.323148 0.021875 0.101852 0.278409
24 0.809896 0.322222 0.046875 0.137037 0.278436
0 0.315625 0.287963 0.0145833 0.0611111 0.279399
13 0.235938 0.812963 0.421875 0.355556 0.281063
13 0.234896 0.813889 0.419792 0.357407 0.281221
0 0.478646 0.322222 0.0239583 0.1 0.282297
0 0.366667 0.308333 0.0208333 0.0981481 0.288968
0 0.478125 0.322222 0.0229167 0.1 0.289941
0 0.61875 0.310185 0.0333333 0.112963 0.290248
24 0.811979 0.325 0.0489583 0.127778 0.297274
0 0.625 0.301852 0.0229167 0.0888889 0.298754
0 0.528646 0.292593 0.0177083 0.0666667 0.303678
0 0.494271 0.323148 0.021875 0.101852 0.305389
0 0.366667 0.309259 0.0208333 0.1 0.307423
0 0.494271 0.324074 0.021875 0.1 0.316585
24 0.810417 0.32037 0.0479167 0.159259 0.316974
0 0.366667 0.308333 0.0208333 0.101852 0.318414
0 0.526563 0.292593 0.015625 0.0740741 0.320737
24 0.809896 0.319444 0.046875 0.161111 0.321682
24 0.811458 0.316667 0.0479167 0.140741 0.322127
0 0.795313 0.368519 0.0760417 0.433333 0.323323
24 0.811458 0.316667 0.0479167 0.140741 0.326605
0 0.625 0.301852 0.0229167 0.0925926 0.33338
0 0.625 0.301852 0.0229167 0.0925926 0.336994
0 0.096875 0.305556 0.0229167 0.0888889 0.339323
0 0.791146 0.384259 0.0864583 0.412963 0.343093
24 0.810417 0.319444 0.0479167 0.157407 0.344206
0 0.403646 0.317593 0.0239583 0.146296 0.346053
0 0.526563 0.291667 0.015625 0.0722222 0.348088
0 0.789583 0.384259 0.0833333 0.424074 0.352388
0 0.0458333 0.337963 0.0625 0.17963 0.352965
0 0.789583 0.385185 0.08125 0.418519 0.356222
0 0.0463542 0.338889 0.0614583 0.177778 0.357405
0 0.403125 0.316667 0.025 0.148148 0.357562
0 0.446875 0.326852 0.025 0.131481 0.35772
0 0.795313 0.367593 0.0739583 0.398148 0.358672
0 0.789583 0.385185 0.08125 0.418519 0.361356
24 0.811979 0.325 0.046875 0.135185 0.369194
0 0.447917 0.328704 0.0270833 0.142593 0.369889
0 0.404167 0.325926 0.0270833 0.151852 0.371831
0 0.096875 0.307407 0.0229167 0.0814815 0.373903
0 0.096875 0.307407 0.0229167 0.0814815 0.377277
24 0.811979 0.324074 0.046875 0.133333 0.37802
0 0.403646 0.325 0.028125 0.15 0.378852
24 0.810417 0.32037 0.0479167 0.133333 0.379505
0 0.096875 0.307407 0.0229167 0.0814815 0.393104
0 0.367188 0.312963 0.0197917 0.103704 0.397373
0 0.527604 0.291667 0.0177083 0.0685185 0.401491
0 0.525521 0.293519 0.015625 0.0759259 0.401609
0 0.526042 0.291667 0.0166667 0.0722222 0.402442
0 0.0421875 0.337963 0.0614583 0.183333 0.402848
0 0.446354 0.32963 0.0239583 0.133333 0.406611
0 0.446354 0.327778 0.0239583 0.137037 0.407175
0 0.0421875 0.337037 0.0635417 0.181481 0.415905
0 0.623438 0.302778 0.021875 0.0907407 0.418477
0 0.526042 0.293519 0.0166667 0.0759259 0.418713
0 0.592188 0.316667 0.0260417 0.122222 0.420422
0 0.780208 0.382407 0.0916667 0.412963 0.427355
0 0.526042 0.291667 0.0166667 0.0722222 0.429808
0 0.0963542 0.305556 0.021875 0.0851852 0.430252
0 0.447396 0.32963 0.0260417 0.144444 0.431686
0 0.367188 0.312963 0.0197917 0.107407 0.436241
0 0.447396 0.326852 0.028125 0.146296 0.438057
0 0.367188 0.313889 0.0197917 0.109259 0.443024
0 0.525521 0.294444 0.015625 0.0740741 0.444679
0 0.0963542 0.30463 0.021875 0.0833333 0.447342
0 0.0963542 0.305556 0.021875 0.0851852 0.450997
0 0.526042 0.291667 0.0166667 0.0685185 0.45612
0 0.0963542 0.305556 0.021875 0.0851852 0.456124
0 0.592188 0.317593 0.0239583 0.12037 0.460253
0 0.0963542 0.303704 0.021875 0.0851852 0.461637
0 0.591667 0.317593 0.025 0.12037 0.461718
0 0.0963542 0.303704 0.021875 0.0851852 0.472805
0 0.623958 0.302778 0.0229167 0.0944444 0.472861
0 0.403125 0.325926 0.03125 0.155556 0.474534
0 0.623958 0.302778 0.0229167 0.0944444 0.480677
0 0.592708 0.32037 0.0270833 0.118519 0.481437
0 0.592708 0.32037 0.0270833 0.122222 0.483818
0 0.446875 0.327778 0.0270833 0.144444 0.487841
0 0.447917 0.32963 0.0270833 0.144444 0.501663
0 0.403646 0.325926 0.0302083 0.155556 0.505384
0 0.624479 0.30463 0.021875 0.0981481 0.505854
0 0.403646 0.325926 0.0302083 0.151852 0.505868
24 0.810417 0.319444 0.05 0.146296 0.51257
24 0.809375 0.316667 0.0479167 0.151852 0.522075
0 0.446354 0.328704 0.0239583 0.138889 0.528611
0 0.624479 0.303704 0.021875 0.1 0.528804
0 0.741667 0.372222 0.0520833 0.37037 0.530825
24 0.810417 0.319444 0.05 0.142593 0.532664
0 0.446354 0.327778 0.0239583 0.137037 0.534275
0 0.447396 0.327778 0.0260417 0.144444 0.536517
0 0.624479 0.303704 0.021875 0.1 0.537348
24 0.809375 0.316667 0.0479167 0.151852 0.539436
24 0.810417 0.32037 0.05 0.144444 0.545479
0 0.0963542 0.306481 0.021875 0.087037 0.551032
0 0.624479 0.302778 0.0197917 0.0944444 0.555386
0 0.7875 0.383333 0.0916667 0.422222 0.561282
24 0.809375 0.321296 0.0520833 0.138889 0.56168
24 0.809896 0.322222 0.046875 0.148148 0.566774
0 0.750521 0.377778 0.065625 0.392593 0.58512
0 0.592708 0.32037 0.0270833 0.122222 0.586504
24 0.809896 0.322222 0.046875 0.148148 0.58965
0 0.446875 0.327778 0.025 0.144444 0.593468
0 0.75 0.376852 0.0645833 0.394444 0.599163
0 0.623958 0.302778 0.0208333 0.0944444 0.603489
0 0.624479 0.302778 0.021875 0.0981481 0.605467
0 0.75 0.376852 0.0645833 0.394444 0.610337
0 0.446354 0.32963 0.0239583 0.137037 0.615661
0 0.446354 0.32963 0.0239583 0.137037 0.616512
0 0.592708 0.32037 0.0270833 0.118519 0.618277
0 0.04375 0.338889 0.0625 0.181481 0.620339
24 0.810938 0.32037 0.0489583 0.144444 0.621419
24 0.810417 0.32037 0.0479167 0.144444 0.632004
0 0.04375 0.338889 0.0625 0.185185 0.633726
24 0.810417 0.32037 0.0479167 0.144444 0.640117
0 0.446875 0.327778 0.025 0.144444 0.646834
0 0.403125 0.325926 0.0291667 0.155556 0.64684
0 0.782292 0.384259 0.0916667 0.416667 0.649533
0 0.743229 0.373148 0.0510417 0.364815 0.671233
0 0.592708 0.319444 0.025 0.12037 0.675588
0 0.0442708 0.335185 0.065625 0.181481 0.680273
0 0.04375 0.336111 0.0666667 0.17963 0.680565
0 0.592188 0.319444 0.0239583 0.12037 0.691724
0 0.04375 0.335185 0.0645833 0.181481 0.691753
0 0.403125 0.325 0.0270833 0.153704 0.696374
0 0.592708 0.319444 0.025 0.12037 0.696932
0 0.623958 0.305556 0.0208333 0.1 0.701019
0 0.592188 0.319444 0.0239583 0.12037 0.706568
0 0.403646 0.325 0.028125 0.153704 0.711893
0 0.592708 0.319444 0.025 0.12037 0.712488
0 0.592188 0.319444 0.0239583 0.12037 0.712966
0 0.366667 0.312037 0.0208333 0.105556 0.721884
0 0.04375 0.335185 0.0625 0.181481 0.72247
0 0.0442708 0.336111 0.0635417 0.175926 0.729807
0 0.366146 0.312037 0.0197917 0.105556 0.73553
0 0.04375 0.335185 0.0625 0.181481 0.73744
0 0.366667 0.312037 0.0208333 0.105556 0.742352
0 0.366667 0.312037 0.0208333 0.105556 0.7473
0 0.04375 0.336111 0.0625 0.183333 0.749888
0 0.592188 0.32037 0.0260417 0.118519 0.750759
0 0.446354 0.327778 0.0239583 0.144444 0.751658
0 0.0447917 0.335185 0.0625 0.177778 0.753788
0 0.366146 0.313889 0.0197917 0.101852 0.759217
0 0.404167 0.325 0.0291667 0.153704 0.759641
0 0.786458 0.385185 0.08125 0.418519 0.760529
0 0.446875 0.327778 0.025 0.144444 0.762163
0 0.0442708 0.337037 0.0635417 0.177778 0.765589
0 0.0442708 0.337963 0.0635417 0.183333 0.768105
0 0.403646 0.322222 0.028125 0.151852 0.768487
0 0.366667 0.313889 0.0208333 0.105556 0.768542
0 0.742188 0.372222 0.046875 0.359259 0.770715
0 0.446354 0.326852 0.0239583 0.142593 0.770936
0 0.0442708 0.337963 0.0635417 0.17963 0.772922
0 0.592708 0.32037 0.025 0.118519 0.773026
0 0.403646 0.322222 0.028125 0.148148 0.774406
0 0.366146 0.313889 0.0197917 0.105556 0.778953
0 0.403646 0.325 0.028125 0.153704 0.786774
0 0.742188 0.373148 0.046875 0.357407 0.789614
0 0.785937 0.385185 0.0802083 0.418519 0.79309
0 0.742188 0.373148 0.046875 0.357407 0.79591
0 0.404167 0.325 0.0291667 0.153704 0.795984
0 0.04375 0.334259 0.0625 0.17963 0.8034
0 0.742708 0.371296 0.0479167 0.361111 0.812379
0 0.04375 0.335185 0.0625 0.181481 0.815082
0 0.366146 0.312963 0.0197917 0.103704 0.819294
0 0.0442708 0.335185 0.0635417 0.181481 0.825248
0 0.742708 0.37037 0.0479167 0.359259 0.826791
0 0.742708 0.371296 0.0479167 0.361111 0.828795
0 0.04375 0.335185 0.0625 0.181481 0.830744
0 0.785417 0.381481 0.0791667 0.418519 0.833592
0 0.04375 0.336111 0.0645833 0.17963 0.835485
0 0.785417 0.381481 0.0791667 0.422222 0.842004
0 0.785417 0.381481 0.0791667 0.418519 0.844612
0 0.04375 0.335185 0.0645833 0.181481 0.847707
0 0.403125 0.322222 0.0270833 0.155556 0.860148
0 0.403646 0.322222 0.028125 0.151852 0.870008
