0 0.451562 0.333333 0.0260417 0.0888889 0.254248
0 0.494271 0.35463 0.0197917 0.138889 0.254626
13 0.197917 0.469444 0.139583 0.153704 0.25465
0 0.451562 0.333333 0.0260417 0.0888889 0.25468
13 0.3875 0.518519 0.0895833 0.1 0.259005
0 0.305208 0.325926 0.03125 0.0777778 0.264087
0 0.375521 0.380556 0.0572917 0.253704 0.266211
0 0.492188 0.350926 0.0239583 0.131481 0.267539
0 0.455208 0.348148 0.0229167 0.12963 0.268969
13 0.388542 0.518519 0.0895833 0.1 0.275239
0 0.530208 0.325 0.0166667 0.0537037 0.276341
0 0.620313 0.35 0.0302083 0.125926 0.280039
0 0.529688 0.323148 0.015625 0.0537037 0.283743
0 0.455729 0.337963 0.028125 0.101852 0.285724
0 0.492708 0.350926 0.0270833 0.135185 0.291054
0 0.492188 0.350926 0.0239583 0.131481 0.291136
13 0.388542 0.518519 0.0895833 0.1 0.292014
0 0.374479 0.372222 0.0552083 0.251852 0.293663
0 0.304167 0.327778 0.0291667 0.0777778 0.295305
0 0.304688 0.325926 0.0302083 0.0814815 0.301099
0 0.373437 0.394444 0.059375 0.277778 0.30474
0 0.375 0.383333 0.0625 0.251852 0.305256
0 0.302604 0.325926 0.0239583 0.0777778 0.308736
0 0.302604 0.326852 0.0239583 0.0759259 0.310484
0 0.0244792 0.353704 0.0322917 0.159259 0.315014
0 0.617708 0.357407 0.0291667 0.140741 0.316261
0 0.620313 0.35463 0.0302083 0.124074 0.317912
0 0.375521 0.380556 0.0572917 0.253704 0.318707
0 0.455729 0.337963 0.028125 0.105556 0.320241
0 0.653646 0.337963 0.0197917 0.0907407 0.320693
0 0.302604 0.326852 0.0239583 0.0759259 0.321892
0 0.617708 0.357407 0.0291667 0.140741 0.32202
0 0.028125 0.350926 0.0229167 0.142593 0.324444
0 0.0286458 0.35 0.0239583 0.144444 0.327986
0 0.492708 0.351852 0.025 0.133333 0.342413
0 0.571354 0.349074 0.0302083 0.135185 0.34382
0 0.492708 0.352778 0.025 0.138889 0.347043
0 0.619792 0.350926 0.0291667 0.131481 0.349328
0 0.620313 0.350926 0.028125 0.131481 0.351857
0 0.0244792 0.352778 0.0302083 0.157407 0.35332
0 0.0270833 0.352778 0.0291667 0.146296 0.355617
13 0.205208 0.465741 0.141667 0.153704 0.356496
13 0.205208 0.462963 0.14375 0.155556 0.360103
0 0.304167 0.327778 0.0291667 0.0777778 0.361722
0 0.572396 0.35 0.0302083 0.133333 0.361857
0 0.572396 0.349074 0.0302083 0.138889 0.362071
0 0.376563 0.382407 0.0572917 0.253704 0.364035
0 0.373958 0.375926 0.0583333 0.244444 0.365594
0 0.653646 0.341667 0.0197917 0.0981481 0.366643
13 0.204688 0.465741 0.142708 0.153704 0.370141
0 0.0239583 0.356481 0.03125 0.161111 0.371415
0 0.654167 0.337963 0.01875 0.0944444 0.372178
0 0.0234375 0.356481 0.0322917 0.161111 0.380822
13 0.204688 0.465741 0.144792 0.153704 0.383045
0 0.304167 0.325926 0.025 0.0740741 0.385076
0 0.654167 0.337037 0.01875 0.0925926 0.393401
0 0.304167 0.325926 0.025 0.0740741 0.394403
0 0.0130208 0.397222 0.0260417 0.253704 0.397789
0 0.021875 0.363889 0.0354167 0.17963 0.400862
0 0.202604 0.323148 0.046875 0.135185 0.40176
0 0.374479 0.380556 0.0572917 0.257407 0.403247
0 0.305208 0.325 0.0291667 0.0796296 0.404758
0 0.304167 0.325926 0.025 0.0740741 0.407019
0 0.0161458 0.4 0.0322917 0.255556 0.409036
13 0.205729 0.464815 0.144792 0.155556 0.410327
0 0.455729 0.344444 0.0260417 0.118519 0.412058
0 0.492708 0.352778 0.025 0.135185 0.414307
13 0.203125 0.466667 0.14375 0.151852 0.41639
13 0.203125 0.465741 0.14375 0.153704 0.416846
0 0.021875 0.363889 0.0354167 0.175926 0.417084
0 0.492708 0.351852 0.025 0.133333 0.417746
0 0.305729 0.325926 0.028125 0.0777778 0.41778
0 0.015625 0.4 0.03125 0.255556 0.419246
13 0.389062 0.514815 0.0885417 0.0962963 0.422414
0 0.0270833 0.352778 0.0270833 0.146296 0.422542
13 0.203125 0.466667 0.141667 0.151852 0.423377
0 0.653646 0.340741 0.0197917 0.1 0.423704
0 0.374479 0.381481 0.0572917 0.255556 0.426038
0 0.61875 0.359259 0.0291667 0.133333 0.427375
0 0.654688 0.332407 0.021875 0.116667 0.431069
0 0.373437 0.375 0.0572917 0.242593 0.431495
0 0.492708 0.349074 0.025 0.146296 0.432768
0 0.61875 0.359259 0.0291667 0.133333 0.435757
0 0.653646 0.341667 0.0197917 0.0981481 0.436145
13 0.3875 0.512963 0.0875 0.0962963 0.438835
0 0.304167 0.326852 0.0270833 0.0796296 0.439342
0 0.015625 0.399074 0.03125 0.253704 0.439866
13 0.388021 0.513889 0.090625 0.0981481 0.440595
13 0.389062 0.513889 0.0885417 0.0944444 0.441364
13 0.389583 0.513889 0.0875 0.0944444 0.444207
0 0.492708 0.35 0.025 0.144444 0.446379
13 0.204167 0.464815 0.14375 0.155556 0.448875
0 0.303646 0.326852 0.0260417 0.0796296 0.453611
0 0.0239583 0.364815 0.0333333 0.177778 0.45677
0 0.654167 0.334259 0.0208333 0.109259 0.456794
0 0.303646 0.325926 0.0260417 0.0777778 0.457436
0 0.0244792 0.35463 0.0302083 0.157407 0.458449
0 0.620313 0.356481 0.0302083 0.131481 0.46246
0 0.201042 0.32037 0.05 0.144444 0.464983
13 0.203646 0.466667 0.144792 0.155556 0.465622
0 0.373958 0.380556 0.0583333 0.253704 0.466043
13 0.203646 0.465741 0.144792 0.153704 0.467256
0 0.619792 0.356481 0.0291667 0.131481 0.471275
0 0.455729 0.337963 0.0260417 0.101852 0.472925
0 0.2 0.323148 0.0520833 0.142593 0.475727
0 0.455208 0.343519 0.0270833 0.116667 0.475866
13 0.203646 0.466667 0.146875 0.155556 0.476086
13 0.388021 0.513889 0.090625 0.0981481 0.476564
13 0.3875 0.513889 0.0895833 0.0944444 0.478341
0 0.201562 0.32037 0.0510417 0.144444 0.484932
0 0.2 0.323148 0.0520833 0.142593 0.487663
0 0.373437 0.37963 0.0572917 0.251852 0.488361
13 0.204167 0.464815 0.14375 0.155556 0.498839
0 0.0151042 0.4 0.0302083 0.255556 0.499659
0 0.455729 0.34537 0.0260417 0.12037 0.511629
0 0.198437 0.324074 0.0552083 0.144444 0.516044
0 0.571875 0.350926 0.03125 0.142593 0.516822
0 0.571875 0.350926 0.03125 0.142593 0.521417
0 0.654167 0.332407 0.0208333 0.112963 0.521752
0 0.654167 0.332407 0.0208333 0.112963 0.525745
0 0.028125 0.35463 0.025 0.15 0.526623
0 0.49375 0.352778 0.0229167 0.131481 0.527431
0 0.620833 0.35463 0.03125 0.138889 0.528653
0 0.201562 0.321296 0.053125 0.142593 0.533559
0 0.654688 0.337037 0.021875 0.107407 0.533794
13 0.389062 0.514815 0.0885417 0.0962963 0.533865
13 0.389062 0.513889 0.0885417 0.0944444 0.538486
0 0.620833 0.35463 0.03125 0.138889 0.542904
0 0.0276042 0.351852 0.0260417 0.144444 0.543398
13 0.389062 0.514815 0.0885417 0.0925926 0.544391
0 0.028125 0.353704 0.025 0.148148 0.544396
13 0.204167 0.465741 0.14375 0.153704 0.544567
0 0.0166667 0.394444 0.0333333 0.244444 0.547833
0 0.197917 0.322222 0.05625 0.140741 0.553664
0 0.455208 0.342593 0.0270833 0.114815 0.555656
0 0.0166667 0.39537 0.0333333 0.246296 0.560293
13 0.388542 0.515741 0.0875 0.0981481 0.563834
0 0.620313 0.355556 0.0322917 0.137037 0.563966
0 0.199479 0.323148 0.053125 0.142593 0.568674
0 0.454688 0.340741 0.0260417 0.107407 0.56971
0 0.2 0.323148 0.0541667 0.142593 0.572588
13 0.204167 0.463889 0.14375 0.153704 0.579747
0 0.2 0.32037 0.0541667 0.140741 0.587472
0 0.0166667 0.39537 0.0333333 0.246296 0.587701
0 0.2 0.322222 0.0541667 0.144444 0.594345
0 0.455208 0.343519 0.0270833 0.116667 0.595112
0 0.201562 0.322222 0.053125 0.140741 0.595243
0 0.2 0.32037 0.0541667 0.140741 0.605802
0 0.455729 0.344444 0.0260417 0.114815 0.610689
0 0.2 0.32037 0.0541667 0.140741 0.612645
0 0.454688 0.340741 0.0260417 0.111111 0.614206
13 0.388542 0.514815 0.0875 0.0962963 0.625254
0 0.455208 0.339815 0.025 0.109259 0.626194
13 0.388542 0.515741 0.0875 0.0944444 0.633854
0 0.202604 0.323148 0.0489583 0.138889 0.635076
0 0.455208 0.342593 0.025 0.125926 0.637203
0 0.202604 0.323148 0.0489583 0.138889 0.64495
0 0.493229 0.352778 0.0239583 0.135185 0.645141
13 0.389062 0.515741 0.0885417 0.0944444 0.645928
0 0.571354 0.35 0.0302083 0.140741 0.651975
0 0.571354 0.349074 0.0302083 0.15 0.654476
0 0.570833 0.35 0.0291667 0.140741 0.654634
13 0.389062 0.515741 0.0885417 0.0981481 0.657768
0 0.955729 0.601852 0.0864583 0.681481 0.661586
0 0.571354 0.349074 0.0302083 0.15 0.663031
0 0.455208 0.343519 0.025 0.124074 0.670857
0 0.455208 0.342593 0.025 0.125926 0.671535
0 0.619792 0.358333 0.03125 0.131481 0.674769
0 0.493229 0.351852 0.0239583 0.133333 0.676149
0 0.571354 0.349074 0.0302083 0.15 0.682907
0 0.49375 0.353704 0.0229167 0.133333 0.693886
0 0.203646 0.322222 0.0489583 0.144444 0.700023
0 0.203646 0.322222 0.0489583 0.144444 0.702509
0 0.49375 0.353704 0.0229167 0.133333 0.706747
0 0.202083 0.322222 0.0520833 0.140741 0.715553
0 0.202604 0.322222 0.0510417 0.140741 0.717157
0 0.572396 0.35 0.0302083 0.144444 0.718907
0 0.202604 0.321296 0.0510417 0.142593 0.723028
0 0.571875 0.35 0.03125 0.148148 0.724561
0 0.571354 0.35 0.0302083 0.148148 0.727636
0 0.572396 0.35 0.0302083 0.144444 0.728734
0 0.493229 0.351852 0.021875 0.133333 0.730909
0 0.202083 0.322222 0.05 0.140741 0.740624
0 0.572396 0.348148 0.0302083 0.148148 0.741667
0 0.202604 0.322222 0.0510417 0.140741 0.742907
0 0.571354 0.35 0.0302083 0.148148 0.749019
0 0.202083 0.322222 0.05 0.140741 0.751029
0 0.571354 0.35 0.0302083 0.144444 0.756871
0 0.572396 0.349074 0.0302083 0.146296 0.758107
0 0.619792 0.356481 0.03125 0.138889 0.783394
0 0.373437 0.375926 0.059375 0.251852 0.790441
0 0.619792 0.356481 0.03125 0.138889 0.790789
0 0.619792 0.355556 0.03125 0.140741 0.802102
0 0.956771 0.601852 0.0864583 0.718518 0.802934
0 0.61875 0.356481 0.03125 0.142593 0.803795
0 0.61875 0.356481 0.03125 0.142593 0.810875
0 0.375 0.37963 0.0583333 0.259259 0.815105
0 0.61875 0.356481 0.03125 0.142593 0.815428
0 0.955729 0.599074 0.0885417 0.731481 0.815609
0 0.619792 0.358333 0.03125 0.135185 0.815609
0 0.619792 0.358333 0.03125 0.135185 0.817349
0 0.373958 0.376852 0.0583333 0.257407 0.821232
0 0.956771 0.600926 0.0864583 0.72037 0.822932
0 0.375 0.37963 0.0583333 0.259259 0.82578
0 0.375 0.378704 0.0583333 0.257407 0.83198
0 0.375 0.382407 0.0583333 0.25 0.835557
0 0.375 0.381481 0.0583333 0.259259 0.841061
0 0.375 0.381481 0.0583333 0.259259 0.847955
0 0.375 0.380556 0.0583333 0.257407 0.848278
0 0.955208 0.593518 0.0895833 0.709259 0.878278
0 0.956771 0.596296 0.0864583 0.711111 0.878478
0 0.956771 0.600926 0.0864583 0.727778 0.887263
0 0.956771 0.597222 0.0864583 0.712963 0.889418
0 0.956771 0.6 0.0864583 0.725926 0.894752
