0 0.0208333 0.299074 0.01875 0.087037 0.251217
0 0.263542 0.306481 0.0229167 0.0833333 0.256376
0 0.021875 0.301852 0.0166667 0.0851852 0.257674
0 0.425 0.32963 0.0375 0.17037 0.260695
0 0.0208333 0.299074 0.01875 0.0833333 0.261279
0 0.304167 0.298148 0.025 0.0703704 0.263844
0 0.304167 0.297222 0.025 0.0685185 0.26516
0 0.021875 0.302778 0.0166667 0.0833333 0.267061
0 0.0208333 0.298148 0.01875 0.0851852 0.267819
0 0.263021 0.306481 0.021875 0.0833333 0.268558
0 0.263021 0.303704 0.021875 0.0814815 0.269275
0 0.425 0.32963 0.0375 0.17037 0.271554
0 0.304167 0.297222 0.025 0.0685185 0.273349
0 0.0510417 0.326852 0.0270833 0.131481 0.274382
0 0.0520833 0.318519 0.0229167 0.118519 0.284186
0 0.0520833 0.319444 0.0229167 0.116667 0.28849
0 0.109375 0.341667 0.03125 0.164815 0.290816
0 0.478125 0.324074 0.0270833 0.12963 0.294269
0 0.109375 0.341667 0.03125 0.164815 0.297524
0 0.425 0.32963 0.0375 0.17037 0.298799
0 0.263021 0.303704 0.021875 0.0777778 0.303785
0 0.305208 0.297222 0.0270833 0.0722222 0.304179
0 0.0520833 0.318519 0.0229167 0.118519 0.304496
0 0.0526042 0.324074 0.0260417 0.12963 0.304935
0 0.0520833 0.325926 0.0270833 0.12963 0.306083
0 0.613021 0.306481 0.0197917 0.0944444 0.312054
0 0.304167 0.297222 0.0270833 0.0722222 0.312759
0 0.140104 0.349074 0.0302083 0.190741 0.322987
0 0.140104 0.349074 0.0302083 0.194444 0.330679
0 0.30625 0.29537 0.0270833 0.0685185 0.330713
0 0.0526042 0.325926 0.0260417 0.12963 0.343808
0 0.424479 0.325926 0.0364583 0.17037 0.355109
0 0.589583 0.327778 0.0291667 0.125926 0.35555
0 0.140104 0.347222 0.0302083 0.187037 0.357598
0 0.610937 0.307407 0.021875 0.0962963 0.367448
0 0.108854 0.350926 0.0322917 0.175926 0.368269
0 0.424479 0.325926 0.0364583 0.17037 0.36892
0 0.108854 0.351852 0.0322917 0.177778 0.369122
0 0.113021 0.35 0.0385417 0.174074 0.369386
0 0.0515625 0.325926 0.0260417 0.133333 0.374078
0 0.233854 0.293519 0.0322917 0.116667 0.377751
0 0.546354 0.315741 0.0260417 0.12037 0.383429
0 0.542708 0.313889 0.025 0.131481 0.383831
0 0.108854 0.350926 0.0322917 0.175926 0.384769
0 0.0526042 0.325926 0.0260417 0.12963 0.387117
0 0.479167 0.324074 0.0270833 0.133333 0.390875
0 0.113021 0.350926 0.0385417 0.172222 0.395066
0 0.610937 0.306481 0.021875 0.0981481 0.397756
0 0.0526042 0.325926 0.0260417 0.12963 0.398372
0 0.610937 0.306481 0.021875 0.0981481 0.399018
0 0.594792 0.319444 0.0375 0.116667 0.399956
0 0.233854 0.293519 0.0322917 0.116667 0.400323
0 0.0510417 0.326852 0.025 0.131481 0.403897
0 0.233333 0.294444 0.03125 0.114815 0.405055
0 0.110417 0.35463 0.0333333 0.172222 0.406733
0 0.589583 0.328704 0.0291667 0.135185 0.408322
0 0.546354 0.315741 0.0260417 0.124074 0.41017
0 0.546354 0.315741 0.0260417 0.124074 0.412108
0 0.589583 0.327778 0.0291667 0.133333 0.415994
0 0.110417 0.35463 0.0333333 0.172222 0.417063
0 0.1125 0.352778 0.0354167 0.175926 0.424573
0 0.138021 0.353704 0.034375 0.177778 0.427799
0 0.138542 0.353704 0.03125 0.174074 0.428848
0 0.478125 0.325 0.0270833 0.135185 0.432634
0 0.140625 0.339815 0.0291667 0.164815 0.434073
0 0.1125 0.352778 0.0354167 0.175926 0.437872
0 0.138542 0.353704 0.03125 0.174074 0.438971
0 0.140625 0.340741 0.0291667 0.166667 0.439766
0 0.478125 0.325 0.0270833 0.135185 0.440545
0 0.138021 0.341667 0.0302083 0.172222 0.440877
0 0.595833 0.319444 0.0375 0.116667 0.441112
0 0.594792 0.319444 0.0375 0.12037 0.443685
0 0.138021 0.342593 0.0302083 0.174074 0.446451
0 0.136979 0.353704 0.034375 0.177778 0.447913
0 0.479167 0.323148 0.0270833 0.131481 0.449964
0 0.542708 0.313889 0.0229167 0.131481 0.454812
0 0.479167 0.324074 0.0270833 0.12963 0.454916
0 0.108854 0.351852 0.0322917 0.17037 0.455036
0 0.110417 0.35463 0.0333333 0.172222 0.457155
0 0.135937 0.35 0.0385417 0.177778 0.459149
0 0.111979 0.352778 0.0364583 0.175926 0.463219
0 0.108854 0.350926 0.0322917 0.168519 0.466526
0 0.542708 0.313889 0.0229167 0.131481 0.468472
0 0.136979 0.353704 0.034375 0.177778 0.480013
0 0.480208 0.324074 0.0270833 0.12963 0.482924
0 0.135937 0.35 0.0385417 0.177778 0.485796
0 0.423958 0.325926 0.0375 0.17037 0.486916
0 0.423958 0.326852 0.0375 0.168519 0.495021
0 0.053125 0.324074 0.0229167 0.122222 0.505479
0 0.053125 0.324074 0.0229167 0.125926 0.517624
0 0.053125 0.325 0.0229167 0.124074 0.517992
0 0.304167 0.297222 0.025 0.0722222 0.520917
0 0.479688 0.323148 0.0260417 0.131481 0.545926
0 0.136979 0.35 0.034375 0.181481 0.548165
0 0.053125 0.323148 0.025 0.127778 0.548558
0 0.589583 0.32963 0.0270833 0.137037 0.552444
0 0.136979 0.35 0.034375 0.181481 0.552479
0 0.955729 0.578704 0.0885417 0.738889 0.555679
0 0.231771 0.292593 0.034375 0.122222 0.560321
0 0.479167 0.323148 0.0270833 0.131481 0.561598
0 0.0520833 0.325926 0.025 0.12963 0.564409
0 0.232292 0.292593 0.0333333 0.122222 0.57143
0 0.136979 0.35 0.034375 0.181481 0.572993
0 0.232292 0.291667 0.0333333 0.12037 0.574763
0 0.304688 0.297222 0.0260417 0.0722222 0.577991
0 0.0526042 0.325 0.0239583 0.131481 0.578688
0 0.304688 0.296296 0.0239583 0.0703704 0.580638
0 0.232292 0.296296 0.03125 0.114815 0.580645
0 0.479688 0.325 0.0260417 0.131481 0.581519
0 0.053125 0.323148 0.025 0.127778 0.585493
0 0.479688 0.325 0.0260417 0.127778 0.587058
0 0.053125 0.323148 0.025 0.127778 0.58868
0 0.232812 0.29537 0.0322917 0.116667 0.591582
0 0.304167 0.297222 0.025 0.0722222 0.594002
0 0.304688 0.299074 0.0260417 0.0685185 0.595825
0 0.304688 0.297222 0.0260417 0.0722222 0.595916
0 0.590104 0.332407 0.028125 0.135185 0.598437
0 0.423438 0.328704 0.0364583 0.172222 0.599338
0 0.232812 0.296296 0.0322917 0.114815 0.600709
0 0.610937 0.306481 0.021875 0.0944444 0.601819
0 0.304688 0.298148 0.0260417 0.0666667 0.612805
0 0.304688 0.298148 0.0260417 0.0666667 0.61394
0 0.589063 0.32963 0.0260417 0.137037 0.629689
0 0.232812 0.291667 0.0322917 0.12037 0.630261
0 0.424479 0.331481 0.0364583 0.174074 0.633134
0 0.422917 0.328704 0.0354167 0.172222 0.636542
0 0.954687 0.569444 0.090625 0.757407 0.638228
0 0.423958 0.331481 0.0354167 0.174074 0.645841
0 0.845312 0.555556 0.113542 0.722222 0.651566
0 0.480208 0.325 0.025 0.127778 0.652422
0 0.424479 0.332407 0.0364583 0.175926 0.652897
0 0.611979 0.308333 0.0197917 0.0944444 0.654684
0 0.232812 0.292593 0.0322917 0.118519 0.654882
0 0.232292 0.292593 0.0333333 0.118519 0.655884
0 0.480208 0.325926 0.025 0.125926 0.656805
0 0.611458 0.306481 0.0208333 0.0907407 0.657104
0 0.544792 0.316667 0.0291667 0.12963 0.660596
0 0.232292 0.292593 0.0333333 0.118519 0.661199
0 0.232812 0.292593 0.0322917 0.118519 0.664303
0 0.422917 0.32963 0.0354167 0.17037 0.664528
0 0.479167 0.323148 0.025 0.131481 0.67133
0 0.544271 0.314815 0.028125 0.137037 0.671924
0 0.232292 0.292593 0.0333333 0.118519 0.673011
0 0.611458 0.306481 0.0208333 0.0907407 0.674338
0 0.589063 0.332407 0.028125 0.131481 0.676733
0 0.611458 0.306481 0.0208333 0.0907407 0.676871
0 0.423438 0.331481 0.0364583 0.177778 0.682591
0 0.479167 0.323148 0.025 0.131481 0.688343
0 0.589063 0.32963 0.0260417 0.137037 0.68922
0 0.611979 0.308333 0.0197917 0.0944444 0.689771
0 0.611979 0.308333 0.0197917 0.0944444 0.693467
0 0.544271 0.315741 0.028125 0.138889 0.693928
0 0.232812 0.292593 0.0322917 0.122222 0.696576
0 0.544271 0.316667 0.028125 0.12963 0.699573
0 0.544271 0.313889 0.028125 0.138889 0.700256
0 0.232812 0.292593 0.0322917 0.122222 0.701753
0 0.423958 0.331481 0.0354167 0.177778 0.704965
0 0.843229 0.558333 0.117708 0.724074 0.705091
0 0.232812 0.292593 0.0322917 0.122222 0.705198
0 0.544792 0.315741 0.0291667 0.131481 0.711922
0 0.544792 0.315741 0.0291667 0.131481 0.713029
0 0.589583 0.331481 0.0270833 0.137037 0.717303
0 0.544271 0.313889 0.028125 0.138889 0.720919
0 0.544271 0.313889 0.028125 0.138889 0.724364
0 0.423958 0.331481 0.0354167 0.177778 0.727361
0 0.544271 0.314815 0.028125 0.140741 0.728174
0 0.844271 0.557407 0.115625 0.714815 0.730353
0 0.544271 0.313889 0.028125 0.138889 0.736229
0 0.844271 0.556481 0.115625 0.712963 0.737501
0 0.544271 0.313889 0.028125 0.138889 0.737911
0 0.84375 0.55463 0.116667 0.75 0.751423
0 0.479688 0.323148 0.0239583 0.131481 0.755464
0 0.544271 0.315741 0.028125 0.138889 0.755849
0 0.544271 0.317593 0.028125 0.131481 0.757413
0 0.589583 0.331481 0.0270833 0.137037 0.759684
0 0.544271 0.317593 0.028125 0.131481 0.760131
0 0.423958 0.32963 0.0375 0.174074 0.760184
0 0.479688 0.323148 0.0239583 0.131481 0.761455
0 0.479688 0.324074 0.0239583 0.12963 0.762347
0 0.423958 0.32963 0.0375 0.177778 0.769857
0 0.589583 0.331481 0.0270833 0.137037 0.779052
0 0.954687 0.576852 0.090625 0.753704 0.779238
0 0.590104 0.333333 0.028125 0.137037 0.781529
0 0.954687 0.575926 0.090625 0.755556 0.783519
0 0.590625 0.332407 0.0270833 0.138889 0.789838
0 0.845312 0.55463 0.113542 0.724074 0.80048
0 0.589063 0.332407 0.028125 0.135185 0.809175
0 0.589583 0.332407 0.0270833 0.135185 0.809357
0 0.423958 0.330556 0.0354167 0.172222 0.811508
0 0.424479 0.32963 0.0364583 0.174074 0.817952
0 0.954167 0.572222 0.0916667 0.725926 0.847588
0 0.954687 0.568519 0.090625 0.762963 0.85395
0 0.954167 0.568519 0.0916667 0.755556 0.861116
0 0.954167 0.568519 0.0916667 0.759259 0.862325
0 0.954687 0.567593 0.090625 0.764815 0.863286
0 0.845312 0.555556 0.113542 0.711111 0.887296
0 0.845312 0.555556 0.115625 0.711111 0.891524
0 0.84375 0.559259 0.116667 0.740741 0.897381
