24 0.802083 0.319444 0.0479167 0.153704 0.250489
0 0.375521 0.307407 0.0239583 0.0962963 0.256997
0 0.0572917 0.337963 0.0625 0.183333 0.257069
0 0.45 0.325926 0.025 0.137037 0.257942
0 0.368229 0.307407 0.0197917 0.103704 0.259955
0 0.497917 0.324074 0.0229167 0.0962963 0.260778
0 0.790625 0.387037 0.0770833 0.403704 0.262174
0 0.499479 0.327778 0.021875 0.0888889 0.264627
0 0.5 0.327778 0.0229167 0.0925926 0.266509
0 0.601562 0.321296 0.0385417 0.124074 0.266518
0 0.477083 0.326852 0.0229167 0.105556 0.266649
0 0.45 0.325 0.025 0.138889 0.269291
0 0.318229 0.290741 0.015625 0.0592593 0.269805
0 0.486458 0.330556 0.0395833 0.0907407 0.269948
0 0.497396 0.328704 0.0239583 0.0907407 0.271061
0 0.477083 0.327778 0.0229167 0.103704 0.274494
0 0.497917 0.323148 0.0229167 0.0944444 0.277964
0 0.497396 0.327778 0.0239583 0.0925926 0.279816
0 0.368229 0.308333 0.0197917 0.101852 0.280274
0 0.368229 0.308333 0.0197917 0.105556 0.284551
0 0.318229 0.290741 0.015625 0.0592593 0.284984
0 0.375521 0.308333 0.0239583 0.0981481 0.292892
0 0.477604 0.328704 0.0239583 0.0907407 0.294575
0 0.375521 0.308333 0.0239583 0.0944444 0.295884
0 0.484375 0.327778 0.0333333 0.0962963 0.299957
0 0.104167 0.305556 0.0208333 0.0888889 0.304367
0 0.622396 0.308333 0.0239583 0.109259 0.307607
24 0.804167 0.328704 0.04375 0.135185 0.312552
0 0.104687 0.306481 0.021875 0.0833333 0.316854
0 0.478646 0.325 0.0239583 0.0981481 0.31688
0 0.104687 0.307407 0.0197917 0.0851852 0.317375
0 0.498437 0.328704 0.0239583 0.0907407 0.317581
0 0.622396 0.303704 0.0239583 0.0925926 0.318781
24 0.804688 0.327778 0.0447917 0.12963 0.321008
24 0.804167 0.328704 0.04375 0.135185 0.323238
0 0.775 0.380556 0.09375 0.405556 0.324413
0 0.477604 0.328704 0.0239583 0.0907407 0.343411
0 0.104167 0.307407 0.0208333 0.0851852 0.345581
0 0.478646 0.325 0.0239583 0.0981481 0.348581
0 0.478646 0.325 0.0239583 0.0981481 0.357324
0 0.477604 0.32963 0.0239583 0.0925926 0.358756
0 0.622396 0.311111 0.0239583 0.111111 0.360336
0 0.448438 0.325926 0.0260417 0.140741 0.362305
0 0.525521 0.293519 0.0197917 0.0759259 0.362941
0 0.622917 0.30463 0.0229167 0.0944444 0.36487
0 0.367188 0.312963 0.021875 0.111111 0.365186
0 0.622917 0.30463 0.0229167 0.0944444 0.36754
0 0.448438 0.326852 0.0260417 0.138889 0.369171
0 0.449479 0.32963 0.0260417 0.133333 0.380065
0 0.448438 0.332407 0.028125 0.146296 0.380269
0 0.367708 0.311111 0.0208333 0.111111 0.380522
0 0.368229 0.311111 0.0197917 0.107407 0.382727
24 0.803646 0.328704 0.0510417 0.116667 0.38836
0 0.782812 0.389815 0.0885417 0.431481 0.39531
0 0.448958 0.330556 0.025 0.135185 0.398545
0 0.368229 0.311111 0.0197917 0.107407 0.400782
0 0.527604 0.294444 0.0177083 0.0666667 0.401597
24 0.804167 0.326852 0.0458333 0.135185 0.424318
24 0.804167 0.32963 0.0458333 0.144444 0.431208
0 0.527083 0.29537 0.0166667 0.0722222 0.431917
24 0.803646 0.330556 0.0447917 0.142593 0.434481
0 0.527083 0.29537 0.0166667 0.0722222 0.439682
24 0.804688 0.326852 0.046875 0.131481 0.440794
24 0.804167 0.330556 0.0458333 0.142593 0.445012
0 0.448958 0.332407 0.0270833 0.146296 0.446805
0 0.450521 0.330556 0.028125 0.146296 0.449139
0 0.527083 0.293519 0.0166667 0.0722222 0.450463
0 0.0604167 0.337037 0.05625 0.177778 0.453543
0 0.0609375 0.337037 0.0552083 0.177778 0.458946
0 0.527083 0.29537 0.0166667 0.0722222 0.469934
0 0.369271 0.313889 0.021875 0.105556 0.472344
0 0.448438 0.332407 0.028125 0.142593 0.475352
24 0.805208 0.32963 0.0458333 0.12963 0.478067
0 0.408333 0.327778 0.0291667 0.162963 0.480875
0 0.408333 0.327778 0.03125 0.162963 0.484958
0 0.739062 0.375 0.053125 0.364815 0.485821
0 0.527083 0.294444 0.0166667 0.0703704 0.497405
0 0.527083 0.294444 0.0166667 0.0703704 0.503923
0 0.527083 0.294444 0.0145833 0.0740741 0.516074
0 0.369271 0.312963 0.0197917 0.111111 0.518085
0 0.369792 0.313889 0.0208333 0.112963 0.519961
0 0.450521 0.330556 0.028125 0.146296 0.527866
0 0.450521 0.330556 0.028125 0.146296 0.532738
0 0.527083 0.294444 0.0166667 0.0703704 0.537235
0 0.527083 0.294444 0.0166667 0.0703704 0.53781
0 0.0583333 0.338889 0.05625 0.185185 0.541351
0 0.594792 0.319444 0.0270833 0.12037 0.543602
0 0.526563 0.293519 0.015625 0.0722222 0.545845
0 0.0583333 0.338889 0.05625 0.185185 0.54672
0 0.776563 0.382407 0.0927083 0.412963 0.554188
24 0.804167 0.328704 0.0458333 0.131481 0.563259
24 0.803646 0.328704 0.046875 0.124074 0.566654
24 0.804167 0.327778 0.0458333 0.12963 0.573673
0 0.743229 0.377778 0.0552083 0.37037 0.57374
0 0.448958 0.330556 0.0270833 0.15 0.574292
24 0.804688 0.32963 0.046875 0.137037 0.575644
0 0.103646 0.301852 0.0197917 0.0851852 0.576135
0 0.594271 0.324074 0.0260417 0.118519 0.579239
24 0.804688 0.328704 0.046875 0.135185 0.579752
24 0.803646 0.327778 0.046875 0.125926 0.58281
0 0.104167 0.302778 0.0208333 0.0833333 0.583003
0 0.623438 0.307407 0.021875 0.103704 0.584
0 0.104167 0.302778 0.0208333 0.0833333 0.590711
24 0.804167 0.327778 0.0458333 0.12963 0.595653
0 0.104167 0.303704 0.0208333 0.0814815 0.59864
24 0.803646 0.328704 0.046875 0.124074 0.599723
0 0.623438 0.307407 0.021875 0.103704 0.603836
0 0.104167 0.302778 0.0208333 0.0833333 0.604064
0 0.103646 0.303704 0.0197917 0.0814815 0.605176
0 0.765625 0.382407 0.075 0.390741 0.606464
0 0.623438 0.307407 0.021875 0.103704 0.609949
0 0.103646 0.303704 0.0197917 0.0814815 0.612542
0 0.594271 0.321296 0.028125 0.124074 0.613007
0 0.594271 0.324074 0.0260417 0.118519 0.614008
0 0.103646 0.303704 0.0197917 0.0814815 0.615249
0 0.594792 0.32037 0.0270833 0.125926 0.617206
0 0.594271 0.322222 0.028125 0.122222 0.617564
0 0.765625 0.381481 0.0791667 0.392593 0.629655
0 0.594271 0.32037 0.0260417 0.125926 0.63274
0 0.765625 0.382407 0.08125 0.390741 0.634722
0 0.407292 0.327778 0.03125 0.159259 0.635301
0 0.407292 0.327778 0.03125 0.159259 0.635831
0 0.594271 0.324074 0.0260417 0.118519 0.639264
0 0.623438 0.306481 0.021875 0.0981481 0.645121
0 0.407292 0.327778 0.03125 0.155556 0.655566
0 0.780208 0.385185 0.08125 0.418519 0.665527
0 0.448958 0.330556 0.0270833 0.146296 0.675785
0 0.594271 0.321296 0.028125 0.124074 0.67965
0 0.623438 0.306481 0.021875 0.101852 0.687499
0 0.0588542 0.336111 0.0572917 0.17963 0.687591
0 0.623438 0.306481 0.021875 0.101852 0.688096
0 0.449479 0.32963 0.0260417 0.140741 0.6891
0 0.594271 0.321296 0.028125 0.12037 0.699362
0 0.449479 0.330556 0.0260417 0.138889 0.703874
0 0.0588542 0.337037 0.0572917 0.181481 0.706684
0 0.594271 0.322222 0.028125 0.122222 0.709165
0 0.407813 0.326852 0.0302083 0.157407 0.710851
0 0.622917 0.308333 0.0208333 0.105556 0.710913
0 0.7375 0.375926 0.0458333 0.355556 0.716344
0 0.0583333 0.337963 0.05625 0.183333 0.719162
0 0.0588542 0.337037 0.0572917 0.181481 0.721569
0 0.594271 0.321296 0.0260417 0.124074 0.722613
0 0.0583333 0.338889 0.05625 0.181481 0.723153
0 0.778125 0.385185 0.0708333 0.407407 0.725506
0 0.407813 0.326852 0.0302083 0.157407 0.72551
0 0.36875 0.311111 0.0208333 0.107407 0.730891
0 0.777083 0.385185 0.0708333 0.407407 0.732702
0 0.449479 0.330556 0.0260417 0.142593 0.735118
0 0.0572917 0.337037 0.0583333 0.181481 0.737561
0 0.449479 0.32963 0.0260417 0.140741 0.740772
0 0.0578125 0.336111 0.0572917 0.17963 0.74335
0 0.777083 0.385185 0.0708333 0.407407 0.74381
0 0.779167 0.385185 0.0770833 0.418519 0.74748
0 0.738021 0.376852 0.046875 0.353704 0.747843
0 0.738021 0.375926 0.046875 0.351852 0.749703
0 0.0578125 0.337037 0.0572917 0.181481 0.752923
0 0.0578125 0.336111 0.0572917 0.17963 0.755946
0 0.407292 0.326852 0.0291667 0.157407 0.758538
0 0.738542 0.375926 0.0479167 0.359259 0.765731
0 0.448958 0.331481 0.0270833 0.148148 0.76954
0 0.0578125 0.337963 0.0572917 0.183333 0.771069
0 0.0578125 0.337037 0.0572917 0.181481 0.775376
0 0.36875 0.312963 0.0208333 0.111111 0.781848
0 0.36875 0.312963 0.0208333 0.111111 0.782069
0 0.738542 0.375 0.0479167 0.357407 0.783571
0 0.407813 0.324074 0.028125 0.155556 0.785201
0 0.738542 0.375 0.0479167 0.357407 0.786608
0 0.407292 0.324074 0.0291667 0.155556 0.788126
0 0.36875 0.312963 0.0208333 0.111111 0.796243
0 0.368229 0.312037 0.0197917 0.109259 0.816311
0 0.407813 0.326852 0.0302083 0.157407 0.822876
0 0.0572917 0.337963 0.0583333 0.183333 0.827829
0 0.407813 0.326852 0.0302083 0.157407 0.835479
0 0.0572917 0.337037 0.0583333 0.181481 0.837649
0 0.407813 0.326852 0.0302083 0.157407 0.841402
0 0.0583333 0.337963 0.0583333 0.183333 0.8489
0 0.407813 0.324074 0.028125 0.162963 0.880801
0 0.407813 0.324074 0.028125 0.159259 0.8877
