26 0.655208 0.356481 0.0208333 0.0648148 0.250081
0 0.445312 0.361111 0.034375 0.133333 0.252461
0 0.0671875 0.37963 0.0322917 0.125926 0.252973
0 0.638542 0.37963 0.05 0.214815 0.258597
0 0.322396 0.346296 0.0197917 0.0851852 0.259012
0 0.465625 0.343519 0.0270833 0.101852 0.259422
0 0.460938 0.340741 0.0197917 0.0925926 0.262449
0 0.00833333 0.397222 0.0166667 0.135185 0.264072
0 0.0692708 0.375 0.028125 0.124074 0.265765
0 0.45 0.355556 0.04375 0.118519 0.267188
0 0.0692708 0.374074 0.028125 0.125926 0.269657
0 0.489583 0.362963 0.0270833 0.137037 0.270572
0 0.465625 0.344444 0.0270833 0.1 0.271183
0 0.489583 0.362963 0.0270833 0.137037 0.272084
0 0.00885417 0.398148 0.0177083 0.133333 0.2741
0 0.6125 0.366667 0.025 0.144444 0.27489
0 0.507812 0.333333 0.015625 0.062963 0.27509
13 0.410937 0.542593 0.0739583 0.166667 0.278967
0 0.322396 0.341667 0.0260417 0.0944444 0.279798
0 0.638542 0.380556 0.05 0.212963 0.280388
0 0.618229 0.367593 0.034375 0.146296 0.282307
0 0.501042 0.347222 0.025 0.0981481 0.284564
0 0.0078125 0.397222 0.015625 0.135185 0.290091
13 0.410937 0.542593 0.0760417 0.166667 0.290471
0 0.610937 0.367593 0.021875 0.127778 0.290848
0 0.466667 0.346296 0.025 0.103704 0.29209
0 0.508333 0.335185 0.0166667 0.0666667 0.292598
0 0.611979 0.362963 0.0239583 0.125926 0.295588
0 0.638542 0.378704 0.0520833 0.216667 0.300395
0 0.439063 0.363889 0.028125 0.138889 0.303616
0 0.507812 0.333333 0.015625 0.062963 0.304211
0 0.322396 0.342593 0.0260417 0.0925926 0.314401
0 0.617708 0.367593 0.03125 0.146296 0.321991
0 0.323438 0.344444 0.021875 0.0851852 0.323579
0 0.466146 0.347222 0.0260417 0.105556 0.325057
0 0.322917 0.344444 0.0229167 0.0851852 0.326909
0 0.323438 0.344444 0.021875 0.0851852 0.32702
0 0.363021 0.328704 0.0197917 0.087037 0.331295
0 0.466667 0.347222 0.025 0.105556 0.332455
13 0.409896 0.538889 0.071875 0.159259 0.3365
0 0.506771 0.337037 0.0177083 0.0703704 0.343784
0 0.491146 0.369444 0.028125 0.138889 0.345652
0 0.363542 0.32963 0.01875 0.0851852 0.35263
0 0.613021 0.37037 0.0239583 0.162963 0.353473
13 0.410417 0.537963 0.0708333 0.157407 0.354756
13 0.410417 0.537963 0.0708333 0.157407 0.359828
0 0.610937 0.366667 0.021875 0.133333 0.359953
0 0.613021 0.37037 0.0239583 0.162963 0.360297
0 0.322396 0.340741 0.0260417 0.1 0.360507
0 0.363021 0.331481 0.0177083 0.0814815 0.363023
0 0.610937 0.366667 0.021875 0.133333 0.365326
0 0.363542 0.331481 0.01875 0.0851852 0.367475
0 0.491146 0.369444 0.028125 0.138889 0.37106
0 0.0723958 0.380556 0.034375 0.12037 0.375116
0 0.611979 0.363889 0.0239583 0.135185 0.376155
0 0.611979 0.362963 0.0239583 0.133333 0.377328
0 0.0703125 0.382407 0.028125 0.127778 0.385759
13 0.410937 0.538889 0.0760417 0.162963 0.386737
0 0.506771 0.337963 0.0177083 0.0722222 0.38712
0 0.564062 0.341667 0.015625 0.0648148 0.390841
13 0.411458 0.539815 0.075 0.161111 0.397046
0 0.490625 0.364815 0.0270833 0.12963 0.404097
0 0.0703125 0.381481 0.028125 0.12963 0.405919
0 0.323958 0.341667 0.0229167 0.0907407 0.406741
0 0.0703125 0.381481 0.028125 0.133333 0.407454
0 0.363021 0.332407 0.0177083 0.0833333 0.407938
0 0.490625 0.369444 0.0270833 0.138889 0.411392
0 0.563021 0.340741 0.015625 0.0666667 0.415869
0 0.489583 0.371296 0.0270833 0.131481 0.415964
0 0.564062 0.339815 0.015625 0.0648148 0.418772
0 0.50625 0.337963 0.0166667 0.0685185 0.424095
0 0.323958 0.341667 0.0229167 0.0907407 0.433491
0 0.564583 0.341667 0.0145833 0.0648148 0.438741
0 0.323438 0.340741 0.0239583 0.0925926 0.443395
0 0.563542 0.339815 0.0166667 0.0648148 0.445065
0 0.641146 0.377778 0.046875 0.211111 0.446818
0 0.564062 0.341667 0.015625 0.0648148 0.456853
0 0.490104 0.368519 0.0302083 0.140741 0.457409
13 0.410937 0.539815 0.0739583 0.164815 0.459268
0 0.563542 0.341667 0.0145833 0.0648148 0.460183
0 0.507292 0.337963 0.0166667 0.0685185 0.460868
0 0.563542 0.339815 0.0166667 0.0648148 0.469131
0 0.564583 0.341667 0.0145833 0.0648148 0.471529
0 0.564062 0.341667 0.0135417 0.0648148 0.474653
0 0.365104 0.330556 0.015625 0.0796296 0.475937
0 0.0723958 0.381481 0.034375 0.125926 0.476523
13 0.411458 0.538889 0.075 0.162963 0.47786
0 0.6125 0.365741 0.025 0.138889 0.481314
0 0.439583 0.362963 0.0291667 0.133333 0.483999
13 0.4125 0.538889 0.0729167 0.155556 0.485449
0 0.365104 0.330556 0.015625 0.0796296 0.488608
0 0.0723958 0.381481 0.034375 0.125926 0.490141
0 0.640625 0.378704 0.0458333 0.212963 0.490532
0 0.490104 0.368519 0.0260417 0.133333 0.492051
0 0.507292 0.337037 0.0166667 0.0703704 0.497476
0 0.490625 0.368519 0.0291667 0.140741 0.498466
0 0.639063 0.377778 0.040625 0.207407 0.499731
0 0.439063 0.366667 0.028125 0.148148 0.503051
0 0.6125 0.367593 0.0229167 0.142593 0.503593
0 0.439063 0.367593 0.028125 0.15 0.506888
0 0.564062 0.342593 0.015625 0.062963 0.508862
0 0.507292 0.337963 0.0166667 0.0685185 0.523615
0 0.489583 0.371296 0.0270833 0.135185 0.524365
0 0.490104 0.37037 0.0302083 0.140741 0.526321
0 0.490104 0.371296 0.0260417 0.135185 0.528997
13 0.411979 0.538889 0.071875 0.155556 0.531342
0 0.640625 0.376852 0.0458333 0.209259 0.532584
0 0.365104 0.330556 0.015625 0.0796296 0.537443
13 0.411979 0.538889 0.071875 0.155556 0.547756
13 0.411979 0.539815 0.0739583 0.157407 0.581524
0 0.639063 0.377778 0.040625 0.211111 0.587234
0 0.0697917 0.37963 0.03125 0.125926 0.599057
0 0.439063 0.362963 0.028125 0.144444 0.603609
13 0.411979 0.539815 0.071875 0.161111 0.606036
0 0.490625 0.364815 0.0270833 0.137037 0.608091
13 0.411979 0.538889 0.071875 0.159259 0.613146
0 0.0697917 0.37963 0.03125 0.125926 0.618515
0 0.439063 0.362963 0.028125 0.144444 0.619992
13 0.411979 0.538889 0.071875 0.159259 0.620377
0 0.490104 0.364815 0.0260417 0.137037 0.621042
0 0.490625 0.367593 0.0291667 0.138889 0.623367
13 0.411979 0.538889 0.0739583 0.155556 0.625592
13 0.411979 0.538889 0.071875 0.155556 0.627054
13 0.411979 0.539815 0.0739583 0.153704 0.629979
13 0.411979 0.538889 0.0739583 0.155556 0.631274
13 0.411979 0.538889 0.0739583 0.155556 0.632872
0 0.0708333 0.380556 0.03125 0.131481 0.652392
0 0.0697917 0.37963 0.03125 0.125926 0.653494
0 0.0697917 0.381481 0.03125 0.122222 0.656707
0 0.0708333 0.37963 0.03125 0.12963 0.66175
0 0.638542 0.378704 0.0416667 0.212963 0.661784
0 0.490104 0.367593 0.028125 0.138889 0.666802
0 0.490104 0.368519 0.0260417 0.133333 0.669767
0 0.490104 0.369444 0.0260417 0.131481 0.675391
0 0.322917 0.341667 0.0229167 0.0907407 0.67968
0 0.0708333 0.37963 0.03125 0.12963 0.680457
0 0.0703125 0.37963 0.0322917 0.12963 0.682807
0 0.0703125 0.37963 0.0302083 0.12963 0.689839
0 0.0697917 0.381481 0.03125 0.125926 0.698633
0 0.439583 0.366667 0.0291667 0.144444 0.699469
0 0.638021 0.378704 0.0427083 0.209259 0.699671
0 0.0697917 0.380556 0.03125 0.124074 0.701711
0 0.0708333 0.37963 0.03125 0.12963 0.704234
0 0.490625 0.367593 0.0270833 0.138889 0.710026
0 0.639063 0.378704 0.0447917 0.205556 0.721813
0 0.638021 0.378704 0.0427083 0.209259 0.726219
0 0.439583 0.366667 0.0291667 0.144444 0.728642
0 0.321875 0.340741 0.0229167 0.0888889 0.734351
0 0.639063 0.378704 0.0447917 0.209259 0.737047
0 0.322396 0.344444 0.021875 0.0925926 0.740594
0 0.638021 0.378704 0.0427083 0.209259 0.749515
0 0.220313 0.424074 0.090625 0.388889 0.755865
0 0.439583 0.363889 0.0291667 0.138889 0.756429
0 0.439583 0.363889 0.0291667 0.138889 0.756632
0 0.322396 0.344444 0.021875 0.0925926 0.756768
0 0.439583 0.366667 0.0291667 0.144444 0.758873
0 0.322396 0.342593 0.021875 0.0888889 0.763006
0 0.322917 0.344444 0.0229167 0.0925926 0.767624
0 0.220313 0.423148 0.090625 0.390741 0.771132
0 0.220313 0.424074 0.0885417 0.388889 0.777901
0 0.322396 0.342593 0.021875 0.0888889 0.779928
0 0.322396 0.341667 0.021875 0.0907407 0.780253
0 0.641146 0.375 0.0427083 0.209259 0.781439
0 0.641146 0.375926 0.0427083 0.211111 0.783885
0 0.220313 0.425 0.0885417 0.387037 0.783896
0 0.220313 0.425 0.0885417 0.387037 0.785243
0 0.220833 0.421296 0.0895833 0.387037 0.798181
0 0.440104 0.367593 0.028125 0.146296 0.800414
0 0.220833 0.421296 0.0895833 0.387037 0.805525
0 0.220833 0.422222 0.0895833 0.385185 0.807047
0 0.440104 0.367593 0.028125 0.146296 0.817191
0 0.439583 0.362963 0.0291667 0.144444 0.822514
0 0.440104 0.368519 0.028125 0.148148 0.823111
0 0.439583 0.362963 0.0291667 0.140741 0.830374
0 0.220833 0.421296 0.0895833 0.37963 0.850462
0 0.220833 0.422222 0.0895833 0.381481 0.86051
0 0.220833 0.422222 0.0895833 0.381481 0.866912
0 0.220833 0.421296 0.0895833 0.37963 0.889909
0 0.220313 0.421296 0.0885417 0.387037 0.900208
0 0.220313 0.421296 0.0885417 0.387037 0.902536
0 0.220313 0.421296 0.0885417 0.387037 0.902857
