0 0.146875 0.325926 0.05 0.177778 0.252411
0 0.343229 0.274074 0.015625 0.062963 0.253629
0 0.128125 0.297222 0.0270833 0.112963 0.254057
0 0.546354 0.301852 0.028125 0.137037 0.254242
0 0.0302083 0.276852 0.0166667 0.0796296 0.254251
0 0.0302083 0.277778 0.0166667 0.0851852 0.25803
0 0.385417 0.308333 0.0270833 0.124074 0.258078
0 0.310417 0.27037 0.025 0.0777778 0.258229
0 0.308854 0.280556 0.0239583 0.0648148 0.260428
0 0.48125 0.306481 0.025 0.131481 0.263656
0 0.343229 0.275926 0.015625 0.0518519 0.264161
0 0.147396 0.325926 0.0510417 0.177778 0.268991
0 0.129688 0.292593 0.0239583 0.103704 0.269966
0 0.0307292 0.27963 0.015625 0.0851852 0.270136
0 0.248958 0.276852 0.03125 0.116667 0.27036
0 0.0302083 0.275926 0.0166667 0.0814815 0.270432
0 0.308854 0.280556 0.0239583 0.0648148 0.278508
0 0.954167 0.55 0.0916667 0.714815 0.278941
0 0.0598958 0.303704 0.0260417 0.137037 0.279828
26 0.871875 0.45463 0.0395833 0.157407 0.28307
0 0.249479 0.276852 0.0302083 0.116667 0.284178
0 0.384896 0.303704 0.0239583 0.125926 0.285514
0 0.308854 0.280556 0.0239583 0.0648148 0.28699
0 0.129167 0.325 0.0270833 0.164815 0.287203
0 0.547396 0.298148 0.028125 0.12963 0.288207
0 0.129688 0.310185 0.028125 0.142593 0.289717
0 0.34375 0.275926 0.0166667 0.0518519 0.291116
0 0.611979 0.29537 0.021875 0.0907407 0.291162
26 0.871875 0.45463 0.0395833 0.157407 0.293248
0 0.129167 0.325926 0.0270833 0.162963 0.293972
0 0.455208 0.299074 0.0229167 0.131481 0.295855
0 0.477604 0.30463 0.0322917 0.127778 0.296213
26 0.871875 0.455556 0.0395833 0.159259 0.296341
0 0.125 0.293519 0.025 0.0981481 0.297355
0 0.248958 0.278704 0.03125 0.109259 0.298315
0 0.546354 0.301852 0.0260417 0.133333 0.298407
0 0.248958 0.276852 0.03125 0.116667 0.298551
0 0.129688 0.315741 0.028125 0.146296 0.299287
0 0.481771 0.306481 0.0239583 0.127778 0.29966
0 0.0604167 0.302778 0.0270833 0.127778 0.311073
0 0.34375 0.275 0.0166667 0.0537037 0.314198
0 0.309375 0.275 0.0208333 0.0722222 0.31509
0 0.125521 0.293519 0.0260417 0.0981481 0.315139
0 0.125 0.293519 0.025 0.0981481 0.31537
0 0.308333 0.281481 0.0229167 0.0666667 0.319472
0 0.0604167 0.302778 0.025 0.135185 0.323664
0 0.385938 0.308333 0.0260417 0.127778 0.3323
0 0.248958 0.278704 0.03125 0.112963 0.332542
0 0.156771 0.321296 0.034375 0.187037 0.334094
0 0.248958 0.278704 0.03125 0.112963 0.339848
0 0.156771 0.321296 0.034375 0.187037 0.340941
0 0.128125 0.298148 0.025 0.111111 0.341996
0 0.611458 0.294444 0.0229167 0.0925926 0.342351
0 0.611458 0.294444 0.0229167 0.0888889 0.343854
0 0.547396 0.297222 0.0260417 0.127778 0.345506
0 0.0598958 0.303704 0.028125 0.12963 0.348442
0 0.385938 0.307407 0.0260417 0.122222 0.348837
0 0.436979 0.313889 0.040625 0.183333 0.350952
0 0.455729 0.3 0.021875 0.125926 0.359914
0 0.547396 0.297222 0.028125 0.124074 0.362761
0 0.546875 0.301852 0.0291667 0.125926 0.366705
0 0.127604 0.298148 0.0260417 0.111111 0.369841
0 0.385417 0.297222 0.0208333 0.101852 0.372085
0 0.546354 0.301852 0.0260417 0.137037 0.373658
0 0.436979 0.314815 0.040625 0.181481 0.377207
0 0.385938 0.308333 0.0239583 0.127778 0.381891
0 0.385417 0.298148 0.0208333 0.103704 0.382075
0 0.614062 0.294444 0.0197917 0.0888889 0.383707
0 0.547396 0.301852 0.028125 0.12963 0.384258
0 0.546875 0.299074 0.0270833 0.127778 0.385855
0 0.546354 0.301852 0.028125 0.12963 0.387413
0 0.546875 0.298148 0.0270833 0.125926 0.391737
0 0.0598958 0.30463 0.0260417 0.127778 0.395142
0 0.385417 0.298148 0.0208333 0.103704 0.396992
0 0.129167 0.303704 0.025 0.125926 0.399402
0 0.0598958 0.302778 0.0260417 0.127778 0.401265
0 0.547396 0.301852 0.028125 0.133333 0.412294
0 0.128125 0.300926 0.025 0.12037 0.41521
0 0.248958 0.274074 0.03125 0.114815 0.415244
0 0.128646 0.297222 0.0239583 0.105556 0.416607
0 0.248437 0.276852 0.0322917 0.112963 0.4174
0 0.614062 0.293519 0.0197917 0.0907407 0.419729
0 0.155208 0.325 0.0354167 0.190741 0.419746
0 0.248437 0.275 0.0322917 0.112963 0.425646
0 0.128125 0.3 0.025 0.118519 0.425995
0 0.128646 0.296296 0.0239583 0.107407 0.427682
0 0.0588542 0.30463 0.0260417 0.135185 0.428766
0 0.455729 0.300926 0.021875 0.131481 0.430266
0 0.128646 0.296296 0.0239583 0.107407 0.435542
0 0.455729 0.300926 0.021875 0.131481 0.435675
0 0.830729 0.517593 0.119792 0.672222 0.435718
0 0.248958 0.275 0.03125 0.112963 0.436878
0 0.248437 0.275 0.0322917 0.116667 0.439145
0 0.155208 0.325 0.0354167 0.190741 0.442502
0 0.614062 0.293519 0.0197917 0.0907407 0.444914
0 0.476042 0.306481 0.0333333 0.127778 0.447241
0 0.547396 0.301852 0.028125 0.133333 0.447949
0 0.0619792 0.299074 0.021875 0.12037 0.44801
0 0.0619792 0.3 0.021875 0.118519 0.448332
0 0.0619792 0.3 0.021875 0.118519 0.44895
0 0.248437 0.276852 0.0322917 0.112963 0.453137
0 0.248437 0.275 0.0322917 0.116667 0.456428
0 0.248437 0.276852 0.0322917 0.112963 0.460272
0 0.0609375 0.301852 0.021875 0.12963 0.463951
0 0.155729 0.325926 0.0364583 0.188889 0.466067
0 0.155729 0.325926 0.0364583 0.188889 0.46839
0 0.155208 0.325 0.0354167 0.187037 0.470449
0 0.248437 0.275926 0.0322917 0.114815 0.472098
0 0.0609375 0.301852 0.021875 0.12963 0.473324
0 0.0609375 0.301852 0.021875 0.125926 0.473518
0 0.155729 0.325926 0.0364583 0.188889 0.483426
0 0.547396 0.301852 0.0260417 0.12963 0.486765
0 0.155208 0.325926 0.0354167 0.196296 0.489678
0 0.455208 0.301852 0.0229167 0.148148 0.49042
0 0.482812 0.307407 0.021875 0.12963 0.494534
0 0.248437 0.274074 0.0322917 0.118519 0.497145
0 0.386458 0.306481 0.0229167 0.127778 0.498604
0 0.248958 0.275 0.0333333 0.116667 0.499232
0 0.547396 0.298148 0.0260417 0.125926 0.503839
0 0.155208 0.325926 0.0354167 0.196296 0.505138
0 0.308333 0.27963 0.0229167 0.0703704 0.506858
0 0.832292 0.521296 0.120833 0.646296 0.507427
0 0.454688 0.301852 0.0239583 0.148148 0.508059
0 0.386458 0.306481 0.0229167 0.127778 0.510918
0 0.248437 0.275 0.0322917 0.116667 0.511166
0 0.247917 0.275926 0.0333333 0.118519 0.512819
0 0.384375 0.299074 0.0208333 0.109259 0.512822
0 0.386458 0.306481 0.0229167 0.127778 0.514674
0 0.384375 0.3 0.0208333 0.111111 0.518548
0 0.247917 0.275926 0.0333333 0.118519 0.520253
0 0.384896 0.305556 0.021875 0.125926 0.524066
0 0.308333 0.277778 0.0229167 0.0703704 0.526141
0 0.308333 0.278704 0.0229167 0.0685185 0.530915
0 0.0598958 0.303704 0.0260417 0.12963 0.534796
0 0.247917 0.275926 0.0333333 0.118519 0.535706
0 0.482292 0.307407 0.0208333 0.12963 0.535973
0 0.308333 0.27963 0.0229167 0.0703704 0.536632
0 0.384375 0.3 0.0208333 0.111111 0.537084
0 0.83125 0.52037 0.120833 0.651852 0.541476
0 0.308854 0.277778 0.021875 0.0703704 0.547489
0 0.248437 0.275 0.0322917 0.116667 0.548592
0 0.248437 0.275 0.0322917 0.116667 0.548867
0 0.482812 0.307407 0.021875 0.12963 0.553437
0 0.248437 0.275 0.0322917 0.116667 0.55379
0 0.586458 0.317593 0.0291667 0.131481 0.557014
0 0.308333 0.27963 0.0229167 0.0666667 0.558975
0 0.308333 0.280556 0.0229167 0.0685185 0.560327
0 0.308854 0.276852 0.021875 0.0722222 0.561566
0 0.385417 0.308333 0.0229167 0.12037 0.562749
0 0.385417 0.303704 0.0229167 0.118519 0.564667
0 0.586458 0.317593 0.0291667 0.135185 0.566039
0 0.0614583 0.3 0.0208333 0.122222 0.569394
0 0.614062 0.291667 0.021875 0.0981481 0.57139
0 0.0614583 0.299074 0.0208333 0.124074 0.572631
0 0.0619792 0.3 0.021875 0.122222 0.578709
0 0.434375 0.319444 0.0354167 0.183333 0.58408
0 0.613021 0.292593 0.0197917 0.0925926 0.591273
0 0.955729 0.528704 0.0885417 0.705556 0.593735
0 0.385417 0.303704 0.0229167 0.122222 0.596508
0 0.385417 0.303704 0.0229167 0.122222 0.599247
0 0.432813 0.316667 0.034375 0.185185 0.611794
0 0.482292 0.30463 0.0229167 0.127778 0.613611
0 0.0604167 0.301852 0.025 0.12963 0.618057
0 0.434375 0.319444 0.0354167 0.183333 0.618743
0 0.433333 0.317593 0.0333333 0.187037 0.627616
0 0.433333 0.316667 0.0354167 0.185185 0.627977
0 0.6125 0.294444 0.0229167 0.1 0.628131
0 0.0609375 0.303704 0.0239583 0.125926 0.628811
0 0.0609375 0.301852 0.0239583 0.12963 0.62912
0 0.613542 0.291667 0.0208333 0.0944444 0.630648
0 0.0609375 0.301852 0.0260417 0.12963 0.633797
0 0.586458 0.315741 0.0291667 0.127778 0.634263
0 0.955729 0.528704 0.0885417 0.698148 0.646768
0 0.546354 0.3 0.028125 0.133333 0.647027
0 0.613542 0.291667 0.0208333 0.0944444 0.651734
0 0.585938 0.317593 0.0302083 0.135185 0.654172
0 0.434375 0.318519 0.0354167 0.185185 0.660242
0 0.586458 0.317593 0.0291667 0.135185 0.665441
0 0.954687 0.525 0.090625 0.687037 0.667272
0 0.482292 0.305556 0.0229167 0.125926 0.668403
0 0.482292 0.305556 0.0229167 0.125926 0.668841
0 0.613021 0.292593 0.021875 0.0962963 0.677666
0 0.613021 0.291667 0.021875 0.0944444 0.68635
0 0.83125 0.52037 0.120833 0.674074 0.693673
0 0.613021 0.290741 0.021875 0.0962963 0.708613
0 0.546875 0.3 0.0270833 0.133333 0.710722
0 0.955729 0.538889 0.0885417 0.707407 0.711882
0 0.586979 0.315741 0.0302083 0.131481 0.712007
0 0.613021 0.290741 0.021875 0.0962963 0.712239
0 0.586458 0.314815 0.0291667 0.137037 0.714896
0 0.433333 0.317593 0.0333333 0.190741 0.715666
0 0.481771 0.305556 0.021875 0.12963 0.716585
0 0.586458 0.315741 0.0291667 0.131481 0.723396
0 0.586458 0.315741 0.0291667 0.135185 0.728919
0 0.481771 0.305556 0.021875 0.12963 0.729825
0 0.482292 0.305556 0.0229167 0.125926 0.735382
0 0.433333 0.316667 0.0333333 0.188889 0.73621
0 0.586458 0.315741 0.0291667 0.135185 0.748148
0 0.481771 0.305556 0.021875 0.133333 0.752399
0 0.434375 0.319444 0.0333333 0.194444 0.752664
0 0.482292 0.306481 0.0229167 0.131481 0.754114
0 0.546875 0.299074 0.0270833 0.131481 0.759244
0 0.434375 0.318519 0.0333333 0.192593 0.760282
0 0.433333 0.317593 0.0333333 0.190741 0.760618
0 0.434375 0.318519 0.0333333 0.192593 0.761222
0 0.830729 0.519444 0.121875 0.675926 0.765078
0 0.546875 0.3 0.0270833 0.133333 0.771793
0 0.434375 0.318519 0.0333333 0.192593 0.772698
0 0.546354 0.300926 0.0260417 0.127778 0.773077
0 0.586458 0.317593 0.0291667 0.135185 0.781823
0 0.546354 0.299074 0.0260417 0.135185 0.791693
0 0.585938 0.318519 0.028125 0.137037 0.791861
0 0.586458 0.316667 0.0291667 0.137037 0.791968
0 0.546354 0.300926 0.0260417 0.131481 0.794006
0 0.546354 0.299074 0.0260417 0.135185 0.794282
0 0.546354 0.300926 0.0260417 0.131481 0.802043
0 0.83125 0.517593 0.122917 0.672222 0.812563
0 0.586458 0.316667 0.0291667 0.137037 0.816111
0 0.954687 0.530556 0.090625 0.705556 0.819082
0 0.586458 0.316667 0.0291667 0.137037 0.822685
0 0.83125 0.521296 0.11875 0.672222 0.826086
0 0.955208 0.532407 0.0895833 0.694444 0.843445
0 0.832292 0.521296 0.120833 0.668519 0.844737
0 0.954687 0.52963 0.090625 0.707407 0.847825
0 0.954167 0.525926 0.0916667 0.714815 0.862043
0 0.954167 0.525 0.0916667 0.716667 0.878839
0 0.83125 0.523148 0.120833 0.67963 0.90782
0 0.83125 0.523148 0.120833 0.675926 0.910078
0 0.831771 0.517593 0.121875 0.672222 0.930064
