13 0.394792 0.587037 0.145833 0.0925926 0.252548
0 0.0135417 0.499074 0.0270833 0.187037 0.255063
13 0.395312 0.587037 0.146875 0.0925926 0.257828
0 0.0640625 0.471296 0.028125 0.138889 0.259047
0 0.264062 0.457407 0.0197917 0.118519 0.259529
0 0.264583 0.456481 0.01875 0.12037 0.261832
13 0.316146 0.501852 0.0614583 0.0555556 0.264731
0 0.972917 0.455556 0.0541667 0.311111 0.265364
0 0.326042 0.427778 0.0125 0.062963 0.266537
13 0.399479 0.57963 0.153125 0.0851852 0.269818
0 0.0609375 0.484259 0.0322917 0.168519 0.270272
13 0.315625 0.502778 0.0625 0.0574074 0.272159
0 0.780729 0.593518 0.0989583 0.538889 0.273053
0 0.325521 0.426852 0.015625 0.0611111 0.273714
0 0.264583 0.456481 0.01875 0.12037 0.278659
0 0.0604167 0.483333 0.0333333 0.166667 0.279341
0 0.441146 0.439815 0.0239583 0.105556 0.284922
0 0.646354 0.424074 0.0177083 0.0481481 0.286327
0 0.0151042 0.497222 0.0302083 0.187037 0.288143
0 0.280729 0.437037 0.0177083 0.0888889 0.29187
0 0.646354 0.424074 0.0177083 0.0481481 0.293195
0 0.645833 0.426852 0.01875 0.0537037 0.295154
0 0.0151042 0.497222 0.0302083 0.187037 0.295932
0 0.0619792 0.483333 0.0322917 0.166667 0.296082
0 0.441146 0.441667 0.0239583 0.109259 0.298261
0 0.645833 0.426852 0.01875 0.0537037 0.30148
13 0.315625 0.501852 0.0625 0.0555556 0.303729
0 0.646354 0.424074 0.0177083 0.0481481 0.304395
13 0.394792 0.586111 0.15625 0.0944444 0.307101
13 0.392708 0.580556 0.14375 0.0833333 0.307839
13 0.392708 0.580556 0.14375 0.0833333 0.308659
0 0.325521 0.426852 0.015625 0.0648148 0.310694
0 0.280729 0.437963 0.0177083 0.0907407 0.311457
0 0.0645833 0.471296 0.0270833 0.138889 0.315844
0 0.0640625 0.472222 0.028125 0.140741 0.318823
0 0.645833 0.426852 0.01875 0.0537037 0.319531
0 0.325 0.426852 0.0145833 0.0611111 0.321173
13 0.391146 0.580556 0.146875 0.0833333 0.329383
13 0.422396 0.605556 0.201042 0.107407 0.330288
0 0.325521 0.425926 0.015625 0.062963 0.330881
0 0.280729 0.437963 0.0177083 0.0907407 0.333326
0 0.280208 0.440741 0.01875 0.0925926 0.338452
0 0.280729 0.439815 0.0177083 0.0907407 0.339422
0 0.0645833 0.474074 0.0270833 0.144444 0.34613
0 0.403646 0.442593 0.0239583 0.107407 0.346409
0 0.325 0.426852 0.0145833 0.0611111 0.347695
0 0.971875 0.44537 0.05625 0.312963 0.354275
0 0.270833 0.44537 0.025 0.105556 0.356685
0 0.0447917 0.481481 0.0333333 0.185185 0.358512
0 0.0447917 0.480556 0.0333333 0.183333 0.358661
0 0.0421875 0.488889 0.040625 0.185185 0.359049
0 0.646354 0.424074 0.0177083 0.0481481 0.359492
0 0.280729 0.440741 0.0177083 0.0925926 0.36199
0 0.645833 0.423148 0.01875 0.05 0.369864
13 0.401042 0.584259 0.166667 0.0907407 0.371931
0 0.0255208 0.488889 0.0447917 0.188889 0.373574
0 0.646354 0.423148 0.0177083 0.05 0.379765
0 0.404167 0.440741 0.025 0.107407 0.380865
0 0.972917 0.444444 0.0541667 0.314815 0.381043
0 0.405208 0.440741 0.0229167 0.103704 0.384309
0 0.0645833 0.472222 0.0270833 0.140741 0.385574
0 0.0635417 0.476852 0.03125 0.161111 0.392426
0 0.777083 0.587037 0.09375 0.533333 0.393728
0 0.0640625 0.475926 0.0302083 0.159259 0.395931
0 0.0635417 0.467593 0.0291667 0.127778 0.402286
0 0.970833 0.448148 0.05625 0.3 0.402948
0 0.325521 0.426852 0.0135417 0.0648148 0.403362
0 0.0260417 0.489815 0.04375 0.190741 0.406463
0 0.973437 0.444444 0.053125 0.318519 0.412053
0 0.970833 0.447222 0.05625 0.301852 0.413103
0 0.646354 0.425926 0.0177083 0.0555556 0.41535
0 0.777083 0.587037 0.09375 0.533333 0.415989
0 0.0427083 0.489815 0.0416667 0.187037 0.417755
0 0.973437 0.44537 0.053125 0.32037 0.419605
0 0.646875 0.425 0.01875 0.0537037 0.420431
0 0.325521 0.426852 0.0135417 0.0648148 0.424652
0 0.970833 0.447222 0.05625 0.301852 0.425771
0 0.0645833 0.474074 0.0270833 0.140741 0.432881
0 0.404687 0.441667 0.021875 0.105556 0.433204
0 0.973437 0.443519 0.053125 0.305556 0.433937
0 0.374479 0.443519 0.0197917 0.0981481 0.434791
0 0.973437 0.44537 0.053125 0.316667 0.434907
0 0.404687 0.440741 0.021875 0.107407 0.435253
0 0.0427083 0.489815 0.0375 0.187037 0.450303
0 0.778125 0.587037 0.09375 0.533333 0.451101
0 0.4 0.442593 0.0291667 0.107407 0.45424
0 0.0421875 0.490741 0.0364583 0.185185 0.456078
0 0.375 0.443519 0.0208333 0.0981481 0.457225
0 0.374479 0.444444 0.0197917 0.1 0.461058
0 0.374479 0.443519 0.0197917 0.0981481 0.469753
0 0.0421875 0.490741 0.0364583 0.185185 0.47348
0 0.0427083 0.489815 0.0416667 0.187037 0.473742
0 0.0635417 0.474074 0.0270833 0.162963 0.476114
0 0.778125 0.586111 0.09375 0.527778 0.478399
0 0.972917 0.444444 0.0520833 0.311111 0.478962
0 0.0552083 0.483333 0.0395833 0.174074 0.482553
0 0.972917 0.444444 0.0520833 0.311111 0.483763
0 0.0635417 0.474074 0.0270833 0.162963 0.487002
0 0.375 0.444444 0.01875 0.103704 0.492998
0 0.265625 0.45 0.0229167 0.111111 0.496278
0 0.0182292 0.498148 0.0364583 0.181481 0.498693
0 0.264062 0.448148 0.0197917 0.122222 0.499963
0 0.972917 0.44537 0.0520833 0.309259 0.500056
0 0.265625 0.446296 0.0229167 0.107407 0.513004
0 0.264583 0.45 0.0208333 0.122222 0.513468
0 0.0552083 0.483333 0.0395833 0.174074 0.514938
0 0.375521 0.444444 0.0197917 0.103704 0.515393
0 0.265625 0.45 0.0208333 0.111111 0.515594
0 0.0546875 0.482407 0.0447917 0.164815 0.516255
0 0.375521 0.444444 0.0197917 0.103704 0.521624
0 0.264583 0.45 0.0208333 0.122222 0.526901
0 0.265625 0.450926 0.0208333 0.112963 0.529241
0 0.265625 0.447222 0.0229167 0.109259 0.531767
0 0.0541667 0.483333 0.04375 0.166667 0.534238
0 0.265625 0.446296 0.0229167 0.107407 0.535559
0 0.265625 0.450926 0.0208333 0.112963 0.551257
0 0.0541667 0.483333 0.04375 0.166667 0.565724
0 0.0182292 0.498148 0.0364583 0.181481 0.579483
0 0.0640625 0.468519 0.0302083 0.133333 0.583145
0 0.0640625 0.468519 0.0302083 0.133333 0.583274
0 0.265625 0.451852 0.0208333 0.114815 0.585986
0 0.442187 0.439815 0.021875 0.101852 0.631865
0 0.0463542 0.485185 0.034375 0.185185 0.6373
0 0.01875 0.492593 0.0375 0.188889 0.646351
0 0.0171875 0.49537 0.034375 0.190741 0.647305
0 0.441667 0.440741 0.0208333 0.103704 0.649473
0 0.0171875 0.49537 0.034375 0.190741 0.65324
0 0.442187 0.440741 0.021875 0.103704 0.657653
0 0.046875 0.485185 0.0354167 0.185185 0.659177
0 0.01875 0.493519 0.0375 0.190741 0.673118
0 0.441667 0.440741 0.0208333 0.1 0.67435
0 0.0182292 0.498148 0.0364583 0.181481 0.676652
0 0.442187 0.440741 0.0197917 0.1 0.682772
0 0.442187 0.441667 0.0197917 0.101852 0.692962
0 0.404687 0.444444 0.021875 0.111111 0.696635
0 0.405208 0.44537 0.0208333 0.109259 0.710684
0 0.484896 0.471296 0.034375 0.153704 0.711586
0 0.405208 0.444444 0.0208333 0.111111 0.713193
0 0.404167 0.442593 0.0229167 0.107407 0.713887
0 0.484896 0.471296 0.034375 0.153704 0.719505
0 0.484375 0.472222 0.0354167 0.148148 0.737894
0 0.484896 0.472222 0.034375 0.151852 0.738932
0 0.0177083 0.498148 0.0354167 0.188889 0.745599
0 0.484375 0.471296 0.0333333 0.15 0.748185
0 0.0177083 0.498148 0.0354167 0.188889 0.750281
0 0.774479 0.587037 0.0947917 0.540741 0.752561
0 0.483854 0.474074 0.0322917 0.151852 0.753045
0 0.403646 0.442593 0.021875 0.111111 0.754541
0 0.483854 0.473148 0.0322917 0.15 0.75891
0 0.777083 0.585185 0.0958333 0.533333 0.759657
0 0.441146 0.439815 0.021875 0.105556 0.761705
0 0.0177083 0.498148 0.0354167 0.188889 0.76511
0 0.774479 0.587963 0.0947917 0.535185 0.770684
0 0.484375 0.472222 0.0333333 0.151852 0.773137
0 0.404167 0.443519 0.0208333 0.109259 0.773462
0 0.778125 0.584259 0.0958333 0.531482 0.774931
0 0.441667 0.440741 0.0208333 0.103704 0.784624
0 0.484375 0.472222 0.0333333 0.151852 0.791304
0 0.404167 0.440741 0.0229167 0.107407 0.791741
0 0.777083 0.587037 0.0958333 0.52963 0.794245
0 0.403646 0.443519 0.021875 0.109259 0.794311
0 0.441146 0.441667 0.021875 0.109259 0.795984
0 0.778646 0.584259 0.0947917 0.535185 0.79629
0 0.441667 0.440741 0.0208333 0.103704 0.799417
0 0.441667 0.440741 0.0208333 0.103704 0.800294
0 0.484375 0.472222 0.0333333 0.151852 0.803085
0 0.441146 0.439815 0.021875 0.105556 0.809423
0 0.484375 0.471296 0.0333333 0.153704 0.833825
0 0.484375 0.471296 0.0333333 0.153704 0.837396
0 0.484375 0.472222 0.0333333 0.151852 0.837414
0 0.484375 0.471296 0.0333333 0.142593 0.842622
0 0.484375 0.471296 0.0333333 0.146296 0.84659
0 0.778125 0.588889 0.0958333 0.537037 0.846786
0 0.778646 0.587037 0.096875 0.533333 0.847926
0 0.778125 0.588889 0.0958333 0.537037 0.871503
0 0.778646 0.587963 0.096875 0.535185 0.892356
