0 0.265625 0.383333 0.01875 0.107407 0.252363
0 0.189583 0.397222 0.01875 0.105556 0.2527
0 0.190104 0.397222 0.0177083 0.105556 0.253189
0 0.251563 0.378704 0.0135417 0.0759259 0.258702
0 0.381771 0.347222 0.0177083 0.0833333 0.261452
0 0.381771 0.347222 0.0177083 0.0833333 0.264346
0 0.266146 0.382407 0.0177083 0.105556 0.270366
0 0.265104 0.382407 0.0197917 0.105556 0.273439
0 0.255208 0.385185 0.0208333 0.0962963 0.278366
0 0.326042 0.375 0.0270833 0.124074 0.280722
0 0.264583 0.384259 0.0229167 0.0981481 0.287725
0 0.254167 0.385185 0.01875 0.0925926 0.292385
0 0.266146 0.383333 0.0177083 0.103704 0.292623
0 0.190104 0.398148 0.0177083 0.103704 0.293543
0 0.326042 0.378704 0.0270833 0.124074 0.307438
0 0.108333 0.389815 0.0208333 0.0944444 0.309114
0 0.254687 0.384259 0.0197917 0.0944444 0.310371
0 0.326562 0.377778 0.028125 0.125926 0.312716
0 0.326562 0.367593 0.0260417 0.101852 0.321265
0 0.475 0.372222 0.025 0.1 0.322509
0 0.107813 0.390741 0.0197917 0.1 0.325488
0 0.326042 0.376852 0.0270833 0.12037 0.327017
0 0.267188 0.380556 0.0197917 0.0944444 0.332945
0 0.475 0.371296 0.025 0.101852 0.340464
0 0.326042 0.368519 0.025 0.103704 0.343561
0 0.415625 0.368519 0.025 0.122222 0.345031
0 0.415104 0.368519 0.0260417 0.122222 0.345034
0 0.475 0.371296 0.025 0.101852 0.347987
0 0.415104 0.368519 0.0260417 0.122222 0.352507
0 0.326562 0.368519 0.0260417 0.103704 0.352869
0 0.584896 0.388889 0.034375 0.174074 0.357485
0 0.107813 0.390741 0.0197917 0.0962963 0.357539
0 0.265625 0.385185 0.0208333 0.103704 0.36041
0 0.108854 0.390741 0.0177083 0.1 0.362475
0 0.107813 0.390741 0.0197917 0.0962963 0.370326
0 0.266146 0.385185 0.0197917 0.103704 0.370669
0 0.266146 0.385185 0.0197917 0.103704 0.371131
0 0.584375 0.387963 0.0333333 0.175926 0.37406
0 0.108854 0.391667 0.0177083 0.101852 0.3789
0 0.107813 0.390741 0.0197917 0.0962963 0.383885
0 0.326562 0.377778 0.0260417 0.125926 0.385261
0 0.108854 0.391667 0.0177083 0.101852 0.393334
0 0.326562 0.378704 0.0260417 0.124074 0.407219
0 0.463542 0.372222 0.0291667 0.114815 0.410288
0 0.325 0.37963 0.025 0.122222 0.422231
0 0.416667 0.368519 0.0291667 0.122222 0.424331
0 0.326562 0.375 0.0260417 0.12037 0.435644
0 0.458333 0.37037 0.0208333 0.118519 0.449938
0 0.417188 0.367593 0.028125 0.127778 0.452526
0 0.326042 0.37963 0.025 0.118519 0.458828
0 0.325 0.37963 0.025 0.118519 0.461089
0 0.458333 0.368519 0.0208333 0.12963 0.464101
0 0.326562 0.378704 0.0260417 0.124074 0.474186
0 0.457812 0.369444 0.021875 0.124074 0.50479
0 0.417188 0.367593 0.028125 0.12037 0.507231
0 0.417708 0.367593 0.0270833 0.127778 0.510233
0 0.169271 0.39537 0.028125 0.116667 0.514397
0 0.457812 0.369444 0.021875 0.124074 0.515528
0 0.478125 0.371296 0.0208333 0.087037 0.524113
0 0.457812 0.369444 0.021875 0.124074 0.529221
0 0.458333 0.369444 0.0208333 0.127778 0.532766
0 0.326562 0.378704 0.0239583 0.124074 0.534611
0 0.477604 0.371296 0.0197917 0.087037 0.53927
0 0.458333 0.368519 0.0208333 0.12963 0.539674
0 0.169271 0.396296 0.028125 0.118519 0.540739
0 0.169792 0.39537 0.0270833 0.116667 0.543009
0 0.477604 0.372222 0.0197917 0.0962963 0.544837
0 0.478125 0.371296 0.0208333 0.087037 0.550974
0 0.516146 0.394444 0.0322917 0.159259 0.557309
0 0.417708 0.367593 0.0270833 0.127778 0.570214
0 0.417188 0.367593 0.028125 0.12037 0.573538
0 0.516146 0.394444 0.0322917 0.159259 0.576723
0 0.0161458 0.449074 0.0322917 0.209259 0.580918
0 0.417708 0.366667 0.0270833 0.118519 0.581537
0 0.326042 0.376852 0.025 0.12037 0.605437
0 0.326042 0.376852 0.025 0.12037 0.605884
0 0.326042 0.376852 0.025 0.12037 0.606846
0 0.417708 0.367593 0.0270833 0.116667 0.607353
0 0.169271 0.396296 0.028125 0.118519 0.611301
0 0.417708 0.367593 0.0270833 0.116667 0.613489
0 0.477604 0.371296 0.0197917 0.0907407 0.615991
0 0.015625 0.453704 0.03125 0.207407 0.616854
0 0.015625 0.451852 0.03125 0.203704 0.618437
0 0.0161458 0.45 0.0322917 0.211111 0.623184
0 0.478646 0.374074 0.0197917 0.0962963 0.626224
0 0.170833 0.399074 0.025 0.116667 0.627221
0 0.477604 0.371296 0.0197917 0.0907407 0.62961
0 0.170312 0.399074 0.0239583 0.116667 0.630754
0 0.170833 0.399074 0.025 0.116667 0.640767
0 0.477604 0.371296 0.0197917 0.0907407 0.642154
0 0.169271 0.397222 0.028125 0.116667 0.64357
0 0.0161458 0.45 0.0322917 0.207407 0.647825
0 0.417188 0.367593 0.0260417 0.124074 0.653339
0 0.015625 0.450926 0.03125 0.198148 0.654029
0 0.169271 0.397222 0.028125 0.12037 0.656379
0 0.015625 0.451852 0.03125 0.196296 0.66225
0 0.417188 0.367593 0.0260417 0.124074 0.663339
0 0.417188 0.366667 0.0260417 0.122222 0.663969
0 0.584896 0.384259 0.034375 0.172222 0.678404
0 0.584896 0.384259 0.034375 0.168519 0.680013
0 0.169271 0.397222 0.028125 0.12037 0.685097
0 0.516667 0.392593 0.0333333 0.162963 0.688949
0 0.930208 0.584259 0.122917 0.572222 0.689742
0 0.584896 0.384259 0.034375 0.168519 0.692019
0 0.930729 0.575 0.128125 0.564815 0.693771
0 0.584896 0.385185 0.034375 0.174074 0.694508
0 0.517187 0.392593 0.0322917 0.162963 0.695811
0 0.169792 0.396296 0.0270833 0.118519 0.701007
0 0.516667 0.394444 0.03125 0.155556 0.707903
0 0.930729 0.576852 0.126042 0.572222 0.709702
0 0.169271 0.397222 0.028125 0.116667 0.711486
0 0.584896 0.384259 0.034375 0.168519 0.712483
0 0.516667 0.394444 0.03125 0.155556 0.712821
0 0.929688 0.583333 0.123958 0.574074 0.714058
0 0.516667 0.393519 0.03125 0.157407 0.717531
0 0.169271 0.397222 0.028125 0.12037 0.725299
0 0.516667 0.393519 0.0333333 0.157407 0.764508
0 0.169792 0.397222 0.0270833 0.116667 0.769209
0 0.517187 0.393519 0.0322917 0.157407 0.776839
0 0.516667 0.393519 0.0333333 0.157407 0.780815
0 0.584896 0.386111 0.034375 0.172222 0.783955
0 0.015625 0.451852 0.03125 0.203704 0.786306
0 0.516667 0.393519 0.0333333 0.157407 0.788628
0 0.584896 0.385185 0.034375 0.174074 0.791755
0 0.516667 0.394444 0.03125 0.159259 0.792629
0 0.015625 0.452778 0.03125 0.205556 0.792797
0 0.0161458 0.450926 0.0322917 0.201852 0.794631
0 0.517187 0.393519 0.0322917 0.157407 0.794861
0 0.516146 0.393519 0.0302083 0.161111 0.800759
0 0.169792 0.396296 0.0270833 0.118519 0.806253
0 0.0161458 0.450926 0.0322917 0.201852 0.809002
0 0.584896 0.386111 0.034375 0.172222 0.81142
0 0.584896 0.385185 0.034375 0.17037 0.813315
0 0.169792 0.396296 0.0270833 0.122222 0.814661
0 0.584896 0.385185 0.034375 0.17037 0.814839
0 0.584896 0.385185 0.034375 0.17037 0.815796
0 0.170312 0.396296 0.0260417 0.122222 0.815873
0 0.0161458 0.451852 0.0322917 0.2 0.817934
0 0.516667 0.392593 0.03125 0.155556 0.818915
0 0.0161458 0.451852 0.0322917 0.2 0.824129
0 0.584896 0.386111 0.034375 0.172222 0.826373
0 0.0161458 0.451852 0.0322917 0.2 0.827679
0 0.170312 0.396296 0.0260417 0.122222 0.828458
0 0.0161458 0.450926 0.0322917 0.201852 0.829901
0 0.584896 0.386111 0.034375 0.168519 0.833468
0 0.584896 0.385185 0.034375 0.17037 0.839438
0 0.584896 0.386111 0.034375 0.172222 0.841829
0 0.928646 0.57963 0.128125 0.566667 0.882717
0 0.928646 0.57963 0.128125 0.562963 0.88452
0 0.929688 0.581481 0.126042 0.574074 0.889151
0 0.929167 0.581481 0.127083 0.574074 0.905661
0 0.928646 0.57963 0.123958 0.566667 0.912511
0 0.928646 0.581481 0.123958 0.57037 0.918177
0 0.93125 0.583333 0.129167 0.574074 0.918427
0 0.930729 0.583333 0.128125 0.574074 0.921967
