28 0.534896 0.60463 0.0822917 0.0685185 0.251055
26 0.107813 0.603704 0.034375 0.0703704 0.25173
28 0.534375 0.60463 0.08125 0.0685185 0.256071
0 0.660417 0.521296 0.0458333 0.27963 0.256195
28 0.107292 0.60463 0.0333333 0.0722222 0.256414
28 0.10625 0.603704 0.0333333 0.0703704 0.257561
0 0.458854 0.463889 0.021875 0.087037 0.2601
0 0.108333 0.528704 0.0583333 0.22037 0.260154
0 0.0427083 0.509259 0.0416667 0.185185 0.262045
28 0.10625 0.605556 0.0333333 0.0703704 0.267021
28 0.10625 0.60463 0.0333333 0.0685185 0.267277
0 0.664583 0.536111 0.05625 0.287037 0.268321
0 0.233333 0.453704 0.0166667 0.062963 0.274111
0 0.109375 0.527778 0.0583333 0.218519 0.277708
0 0.464063 0.463889 0.0260417 0.0944444 0.278299
0 0.466667 0.461111 0.0166667 0.0888889 0.281746
0 0.489062 0.460185 0.015625 0.0944444 0.283517
0 0.458854 0.464815 0.021875 0.0888889 0.284892
26 0.107813 0.603704 0.034375 0.0703704 0.286164
28 0.106771 0.60463 0.0364583 0.0722222 0.286581
0 0.467187 0.461111 0.0177083 0.0925926 0.293137
0 0.134375 0.541667 0.0520833 0.242593 0.293428
0 0.233333 0.453704 0.0166667 0.062963 0.297416
0 0.458854 0.464815 0.021875 0.0888889 0.298858
0 0.232812 0.452778 0.015625 0.0611111 0.300552
0 0.488542 0.460185 0.0166667 0.0981481 0.300922
0 0.431771 0.457407 0.0177083 0.0814815 0.301682
28 0.106771 0.603704 0.0364583 0.0703704 0.30684
0 0.431771 0.452778 0.015625 0.0759259 0.306956
28 0.106771 0.60463 0.0364583 0.0722222 0.309866
0 0.232812 0.453704 0.015625 0.062963 0.313536
0 0.466667 0.460185 0.0166667 0.0907407 0.315513
0 0.232812 0.452778 0.015625 0.0611111 0.32031
0 0.488542 0.460185 0.0166667 0.0981481 0.323819
0 0.171354 0.503704 0.0239583 0.155556 0.337512
0 0.232812 0.453704 0.015625 0.062963 0.339506
0 0.163542 0.502778 0.03125 0.168519 0.343454
0 0.171354 0.503704 0.0239583 0.155556 0.343565
0 0.233333 0.452778 0.0166667 0.0611111 0.348282
0 0.163542 0.502778 0.03125 0.168519 0.352893
0 0.46875 0.462963 0.01875 0.0888889 0.353683
0 0.468229 0.463889 0.0197917 0.0907407 0.373476
0 0.04375 0.506481 0.04375 0.194444 0.373917
0 0.04375 0.506481 0.04375 0.194444 0.375638
0 0.0901042 0.516667 0.028125 0.162963 0.380788
0 0.478646 0.462963 0.0239583 0.0962963 0.381604
0 0.46875 0.463889 0.01875 0.0907407 0.384326
0 0.0901042 0.516667 0.028125 0.166667 0.384809
0 0.5875 0.497222 0.0333333 0.153704 0.392399
0 0.5875 0.498148 0.0333333 0.155556 0.395525
0 0.479688 0.459259 0.021875 0.0962963 0.398072
0 0.481771 0.461111 0.021875 0.1 0.399155
0 0.0453125 0.511111 0.040625 0.181481 0.411784
0 0.431771 0.45463 0.015625 0.0796296 0.416964
0 0.479688 0.460185 0.021875 0.101852 0.419991
0 0.431771 0.45463 0.015625 0.0796296 0.429885
0 0.479688 0.459259 0.021875 0.1 0.431926
0 0.0453125 0.511111 0.040625 0.181481 0.432439
0 0.43125 0.455556 0.0166667 0.0814815 0.433724
0 0.0442708 0.513889 0.0364583 0.190741 0.435779
0 0.479688 0.460185 0.0239583 0.0944444 0.436126
0 0.431771 0.45463 0.015625 0.0796296 0.44377
0 0.04375 0.513889 0.0354167 0.187037 0.449337
0 0.479167 0.460185 0.0229167 0.0981481 0.455385
0 0.431771 0.453704 0.015625 0.0777778 0.460316
0 0.136458 0.534259 0.0541667 0.261111 0.468925
0 0.479688 0.460185 0.0239583 0.0981481 0.471228
0 0.431771 0.45463 0.015625 0.0796296 0.479967
0 0.16875 0.503704 0.0291667 0.166667 0.482863
0 0.134375 0.537963 0.0541667 0.268519 0.486668
0 0.588542 0.494444 0.0333333 0.151852 0.48746
0 0.588542 0.494444 0.0333333 0.151852 0.493358
0 0.588542 0.49537 0.0333333 0.15 0.501931
0 0.431771 0.453704 0.015625 0.0777778 0.508732
0 0.660417 0.533333 0.0520833 0.292593 0.518055
0 0.16875 0.50463 0.0291667 0.168519 0.519101
0 0.16875 0.503704 0.0291667 0.166667 0.523594
0 0.588542 0.497222 0.03125 0.15 0.527435
0 0.588542 0.497222 0.03125 0.153704 0.531234
0 0.166667 0.505556 0.0291667 0.17037 0.531507
0 0.660417 0.533333 0.0520833 0.292593 0.534766
0 0.166667 0.505556 0.0291667 0.17037 0.547417
0 0.168229 0.502778 0.028125 0.168519 0.549509
0 0.167187 0.505556 0.028125 0.17037 0.549936
0 0.660417 0.532407 0.0520833 0.294444 0.550914
0 0.167708 0.502778 0.0291667 0.168519 0.555627
0 0.0895833 0.513889 0.0291667 0.157407 0.594253
0 0.133854 0.541667 0.053125 0.253704 0.611289
0 0.167708 0.502778 0.0291667 0.168519 0.615553
0 0.0890625 0.515741 0.028125 0.153704 0.618128
0 0.0890625 0.513889 0.028125 0.157407 0.618193
0 0.168229 0.502778 0.0260417 0.161111 0.621109
0 0.0885417 0.512963 0.0291667 0.159259 0.62445
0 0.168229 0.501852 0.0260417 0.159259 0.626687
0 0.168229 0.501852 0.0260417 0.159259 0.63111
0 0.135937 0.537963 0.0552083 0.264815 0.632663
0 0.168229 0.502778 0.0260417 0.161111 0.634896
0 0.0890625 0.514815 0.028125 0.155556 0.635952
0 0.0895833 0.516667 0.0291667 0.151852 0.637617
0 0.661979 0.533333 0.0510417 0.292593 0.638505
0 0.0890625 0.515741 0.028125 0.153704 0.642884
0 0.0895833 0.512963 0.0291667 0.159259 0.642954
0 0.135937 0.538889 0.0510417 0.262963 0.651765
0 0.661458 0.534259 0.0541667 0.290741 0.655563
0 0.0885417 0.512037 0.0291667 0.157407 0.667401
0 0.6625 0.533333 0.0520833 0.292593 0.679038
0 0.0885417 0.512963 0.0291667 0.155556 0.683223
0 0.0447917 0.510185 0.0395833 0.17963 0.685292
0 0.135937 0.539815 0.0510417 0.264815 0.685718
0 0.0447917 0.512963 0.0395833 0.185185 0.695882
0 0.135417 0.539815 0.0541667 0.264815 0.703838
0 0.0447917 0.513889 0.0395833 0.187037 0.704346
0 0.661458 0.533333 0.0541667 0.288889 0.706062
0 0.0447917 0.512963 0.0395833 0.188889 0.706607
0 0.135937 0.540741 0.053125 0.262963 0.707571
0 0.661458 0.534259 0.0541667 0.290741 0.713195
0 0.0442708 0.510185 0.040625 0.17963 0.716023
0 0.135937 0.539815 0.0510417 0.264815 0.721448
0 0.135937 0.540741 0.053125 0.262963 0.730492
0 0.661458 0.535185 0.05 0.296296 0.734483
0 0.6625 0.533333 0.0520833 0.292593 0.735665
0 0.0447917 0.510185 0.0395833 0.17963 0.747402
0 0.588021 0.494444 0.034375 0.155556 0.749851
0 0.135417 0.540741 0.0520833 0.262963 0.756465
0 0.5875 0.49537 0.0333333 0.157407 0.757409
0 0.660937 0.535185 0.0510417 0.296296 0.758376
0 0.133854 0.540741 0.053125 0.266667 0.762847
0 0.588542 0.49537 0.0333333 0.153704 0.767688
0 0.588542 0.49537 0.0333333 0.157407 0.767773
0 0.660937 0.534259 0.0510417 0.294444 0.770564
0 0.0442708 0.512963 0.0385417 0.185185 0.777945
0 0.661979 0.530556 0.046875 0.309259 0.785162
0 0.588021 0.496296 0.0322917 0.151852 0.787208
0 0.0442708 0.512037 0.0385417 0.187037 0.795719
0 0.661979 0.535185 0.0489583 0.314815 0.797819
0 0.588021 0.496296 0.0322917 0.151852 0.80307
0 0.588021 0.496296 0.0322917 0.151852 0.806196
0 0.0442708 0.510185 0.040625 0.183333 0.807314
0 0.0442708 0.512037 0.0385417 0.187037 0.812964
0 0.588021 0.496296 0.0322917 0.151852 0.81638
0 0.0442708 0.510185 0.040625 0.183333 0.816468
0 0.588021 0.496296 0.0322917 0.151852 0.819346
0 0.588021 0.496296 0.0322917 0.151852 0.82901
