0 0.284375 0.375926 0.0125 0.0592593 0.254975
0 0.488021 0.387963 0.0177083 0.087037 0.255251
0 0.242708 0.390741 0.0145833 0.0962963 0.258512
0 0.448438 0.397222 0.0260417 0.116667 0.25905
0 0.283854 0.375926 0.0135417 0.0592593 0.259725
0 0.353646 0.375 0.0260417 0.0685185 0.260065
0 0.448438 0.390741 0.021875 0.103704 0.265169
0 0.253646 0.392593 0.0177083 0.103704 0.265876
0 0.247917 0.390741 0.0229167 0.1 0.266873
0 0.366667 0.374074 0.0166667 0.0740741 0.267895
0 0.254167 0.393519 0.01875 0.105556 0.271305
0 0.447917 0.397222 0.025 0.116667 0.273488
0 0.247917 0.390741 0.0229167 0.1 0.274455
13 0.4125 0.586111 0.170833 0.0981481 0.274709
0 0.448958 0.397222 0.025 0.116667 0.275326
13 0.457812 0.647222 0.261458 0.231481 0.275359
0 0.252604 0.391667 0.021875 0.0981481 0.275697
0 0.404687 0.37037 0.015625 0.0703704 0.279167
13 0.460938 0.639815 0.271875 0.216667 0.279768
0 0.090625 0.405556 0.0208333 0.1 0.280224
0 0.760938 0.410185 0.021875 0.131481 0.280347
0 0.405729 0.37037 0.0135417 0.062963 0.28159
0 0.090625 0.40463 0.0208333 0.0981481 0.282232
0 0.448438 0.389815 0.021875 0.101852 0.282769
0 0.243229 0.390741 0.015625 0.1 0.283771
13 0.457812 0.646296 0.261458 0.22963 0.285313
0 0.761979 0.409259 0.0260417 0.12963 0.286222
0 0.0921875 0.402778 0.0197917 0.0981481 0.286818
0 0.955729 0.55463 0.0885417 0.501852 0.288516
0 0.488542 0.387037 0.01875 0.0888889 0.290282
0 0.488542 0.387037 0.01875 0.0888889 0.291874
0 0.254167 0.393519 0.01875 0.105556 0.293555
0 0.348437 0.375 0.0177083 0.0685185 0.295626
0 0.760938 0.411111 0.021875 0.12963 0.295694
0 0.247917 0.390741 0.0229167 0.1 0.295973
0 0.090625 0.40463 0.0208333 0.0981481 0.298538
0 0.954687 0.55463 0.090625 0.505556 0.301678
13 0.413542 0.587037 0.177083 0.103704 0.301935
0 0.761979 0.411111 0.0260417 0.133333 0.306595
0 0.40625 0.37037 0.0145833 0.062963 0.306824
0 0.760938 0.411111 0.021875 0.12963 0.30727
13 0.355729 0.456481 0.0927083 0.087037 0.308473
0 0.348437 0.375 0.0177083 0.0685185 0.308971
0 0.05 0.443519 0.0458333 0.216667 0.311164
0 0.272917 0.375926 0.01875 0.0666667 0.315931
0 0.0916667 0.400926 0.01875 0.0944444 0.316007
0 0.955729 0.571296 0.0885417 0.483333 0.316346
13 0.413542 0.585185 0.16875 0.103704 0.320962
13 0.359375 0.456481 0.0875 0.0833333 0.321535
0 0.404687 0.37037 0.0135417 0.0666667 0.322799
13 0.358333 0.458333 0.0916667 0.0833333 0.323211
13 0.413542 0.586111 0.177083 0.101852 0.323468
0 0.366146 0.374074 0.015625 0.0740741 0.32484
0 0.348437 0.375 0.0177083 0.0685185 0.325476
0 0.272917 0.375926 0.01875 0.0666667 0.328894
0 0.277604 0.375926 0.0177083 0.0592593 0.330053
13 0.413542 0.586111 0.172917 0.105556 0.330585
0 0.390625 0.383333 0.01875 0.103704 0.331279
0 0.7625 0.407407 0.025 0.125926 0.334014
0 0.390625 0.382407 0.01875 0.101852 0.334253
13 0.358854 0.455556 0.0864583 0.0814815 0.335625
0 0.760938 0.408333 0.0239583 0.127778 0.33756
0 0.280208 0.376852 0.01875 0.0648148 0.338208
0 0.405208 0.37037 0.0145833 0.0666667 0.338788
13 0.359896 0.460185 0.090625 0.0796296 0.339081
0 0.05 0.442593 0.0479167 0.214815 0.339228
0 0.277083 0.376852 0.0208333 0.0648148 0.342541
0 0.366146 0.374074 0.015625 0.0740741 0.347017
13 0.414062 0.585185 0.171875 0.103704 0.350061
13 0.359896 0.460185 0.090625 0.0796296 0.350547
0 0.272917 0.375926 0.01875 0.0666667 0.351974
0 0.760938 0.411111 0.021875 0.133333 0.354538
0 0.0416667 0.438889 0.0479167 0.211111 0.357459
0 0.761458 0.409259 0.025 0.12963 0.35939
0 0.249479 0.392593 0.021875 0.1 0.3661
0 0.390625 0.382407 0.01875 0.101852 0.368052
0 0.760938 0.410185 0.021875 0.131481 0.373799
0 0.277604 0.376852 0.0197917 0.0648148 0.376547
0 0.0416667 0.437963 0.0479167 0.212963 0.377244
0 0.448958 0.396296 0.025 0.114815 0.379352
13 0.413542 0.585185 0.170833 0.103704 0.37971
0 0.761979 0.407407 0.0239583 0.12963 0.384656
0 0.7625 0.407407 0.025 0.12963 0.385859
0 0.0921875 0.401852 0.0197917 0.0925926 0.386378
13 0.429688 0.593518 0.203125 0.12037 0.386999
0 0.392708 0.382407 0.0208333 0.101852 0.388623
0 0.277604 0.376852 0.0197917 0.0648148 0.3893
0 0.541667 0.403704 0.0270833 0.133333 0.398881
0 0.0921875 0.401852 0.0197917 0.0962963 0.404066
0 0.760938 0.407407 0.0239583 0.12963 0.407831
0 0.760938 0.407407 0.0239583 0.12963 0.411455
0 0.0921875 0.401852 0.0197917 0.0962963 0.414372
0 0.252604 0.393519 0.0197917 0.0981481 0.416965
0 0.510417 0.417593 0.03125 0.146296 0.42346
0 0.541667 0.397222 0.0270833 0.135185 0.428773
0 0.0932292 0.402778 0.0197917 0.0907407 0.430334
0 0.252604 0.393519 0.0197917 0.101852 0.430454
0 0.510938 0.416667 0.0302083 0.144444 0.43087
0 0.489583 0.389815 0.0166667 0.087037 0.431755
0 0.541667 0.396296 0.0270833 0.137037 0.434789
0 0.488021 0.387963 0.015625 0.0944444 0.437578
0 0.252604 0.393519 0.0197917 0.101852 0.448041
0 0.4875 0.384259 0.0166667 0.087037 0.448717
0 0.392188 0.387037 0.0197917 0.1 0.448773
0 0.488542 0.383333 0.0166667 0.0851852 0.448791
0 0.447917 0.396296 0.0229167 0.114815 0.46897
0 0.489062 0.388889 0.0177083 0.0888889 0.470041
0 0.488542 0.383333 0.0166667 0.0851852 0.481088
0 0.488542 0.384259 0.0166667 0.087037 0.483571
0 0.489583 0.389815 0.0166667 0.087037 0.484577
0 0.39375 0.383333 0.0208333 0.1 0.491702
0 0.488021 0.383333 0.015625 0.0851852 0.494621
0 0.392188 0.384259 0.0197917 0.0981481 0.495724
0 0.392188 0.385185 0.0197917 0.1 0.497265
0 0.392188 0.385185 0.0197917 0.1 0.510708
0 0.391667 0.386111 0.01875 0.101852 0.512837
0 0.141667 0.417593 0.0270833 0.124074 0.526324
0 0.955208 0.57037 0.0895833 0.481481 0.526336
0 0.391667 0.385185 0.01875 0.103704 0.536772
0 0.488542 0.382407 0.0166667 0.087037 0.543832
0 0.488542 0.382407 0.0166667 0.087037 0.547914
0 0.955208 0.571296 0.0895833 0.490741 0.54998
0 0.955208 0.571296 0.0895833 0.490741 0.550608
0 0.391667 0.385185 0.01875 0.103704 0.562244
0 0.541667 0.400926 0.0270833 0.135185 0.572324
0 0.0401042 0.441667 0.046875 0.209259 0.575507
0 0.0395833 0.441667 0.0458333 0.212963 0.583025
0 0.0442708 0.44537 0.0552083 0.205556 0.584905
0 0.761458 0.410185 0.0229167 0.127778 0.585117
0 0.509896 0.419444 0.0322917 0.15 0.585503
0 0.761458 0.410185 0.0229167 0.127778 0.592071
0 0.141667 0.417593 0.0270833 0.124074 0.601961
0 0.510417 0.42037 0.03125 0.151852 0.603863
0 0.141146 0.418519 0.0260417 0.122222 0.604155
0 0.04375 0.442593 0.0541667 0.214815 0.606098
0 0.448958 0.397222 0.0229167 0.116667 0.610718
0 0.0442708 0.443519 0.053125 0.209259 0.612139
0 0.541667 0.402778 0.0270833 0.146296 0.620143
0 0.542188 0.402778 0.0260417 0.146296 0.625711
0 0.0427083 0.441667 0.05 0.205556 0.633069
0 0.0442708 0.44537 0.0552083 0.205556 0.633139
0 0.510417 0.42037 0.03125 0.148148 0.640705
0 0.141146 0.418519 0.028125 0.122222 0.641555
0 0.541667 0.398148 0.0270833 0.148148 0.652125
0 0.04375 0.442593 0.0520833 0.211111 0.652658
0 0.510417 0.417593 0.03125 0.15 0.655298
0 0.510417 0.417593 0.03125 0.15 0.661042
0 0.541146 0.399074 0.028125 0.146296 0.67035
0 0.141667 0.419444 0.0291667 0.124074 0.671208
0 0.0442708 0.44537 0.0552083 0.205556 0.672678
0 0.141667 0.418519 0.0270833 0.125926 0.678515
0 0.448958 0.396296 0.0229167 0.107407 0.683888
0 0.448958 0.396296 0.0229167 0.114815 0.683938
0 0.0427083 0.441667 0.0520833 0.205556 0.68731
0 0.541667 0.397222 0.0270833 0.146296 0.688778
0 0.142188 0.418519 0.028125 0.125926 0.689093
0 0.141146 0.417593 0.028125 0.124074 0.699869
0 0.448958 0.397222 0.0229167 0.109259 0.701024
0 0.141667 0.417593 0.0291667 0.124074 0.701119
0 0.448958 0.397222 0.0208333 0.109259 0.701924
0 0.510417 0.417593 0.03125 0.15 0.708878
0 0.141667 0.418519 0.0270833 0.125926 0.709173
0 0.448958 0.397222 0.0208333 0.109259 0.71119
0 0.448958 0.397222 0.0229167 0.109259 0.711281
0 0.541667 0.397222 0.0270833 0.142593 0.717615
0 0.956771 0.580556 0.0864583 0.446296 0.718088
0 0.448958 0.397222 0.0208333 0.109259 0.719895
0 0.141146 0.418519 0.0260417 0.125926 0.720029
0 0.141146 0.418519 0.028125 0.122222 0.723321
0 0.541667 0.399074 0.0270833 0.142593 0.727986
0 0.0421875 0.441667 0.0489583 0.209259 0.733125
0 0.956771 0.580556 0.0864583 0.453704 0.73382
0 0.0427083 0.441667 0.0520833 0.205556 0.736462
0 0.956771 0.580556 0.0864583 0.45 0.738521
0 0.541667 0.398148 0.0270833 0.148148 0.740621
0 0.510417 0.416667 0.03125 0.151852 0.741748
0 0.509896 0.416667 0.0302083 0.151852 0.74196
0 0.541667 0.398148 0.0270833 0.140741 0.744906
0 0.0421875 0.441667 0.0489583 0.209259 0.747853
0 0.141146 0.417593 0.028125 0.124074 0.749581
0 0.0421875 0.442593 0.0489583 0.211111 0.752993
0 0.95625 0.566667 0.0875 0.485185 0.760154
0 0.510938 0.419444 0.0302083 0.15 0.764936
0 0.510938 0.418519 0.0302083 0.148148 0.77085
0 0.141146 0.416667 0.028125 0.125926 0.775855
0 0.95625 0.566667 0.0875 0.485185 0.776108
0 0.955208 0.569444 0.0895833 0.487037 0.778803
0 0.955208 0.57037 0.0895833 0.485185 0.780608
0 0.541667 0.4 0.0270833 0.144444 0.782294
0 0.541667 0.397222 0.0270833 0.142593 0.782784
0 0.141146 0.418519 0.028125 0.122222 0.78556
0 0.141667 0.419444 0.0270833 0.12037 0.790627
0 0.510938 0.419444 0.0302083 0.15 0.792821
0 0.0421875 0.444444 0.0489583 0.207407 0.801991
0 0.0416667 0.444444 0.0479167 0.211111 0.809411
0 0.541667 0.400926 0.0270833 0.142593 0.810883
0 0.955729 0.563889 0.0885417 0.494444 0.813775
0 0.141146 0.416667 0.028125 0.125926 0.814348
0 0.541667 0.400926 0.0270833 0.138889 0.821405
0 0.141146 0.416667 0.028125 0.125926 0.822572
0 0.955208 0.563889 0.0895833 0.494444 0.826812
0 0.955729 0.564815 0.0885417 0.485185 0.83209
0 0.955208 0.565741 0.0875 0.487037 0.833505
0 0.510417 0.419444 0.0291667 0.153704 0.847629
0 0.510417 0.419444 0.0291667 0.15 0.849321
