0 0.203125 0.422222 0.0333333 0.233333 0.251148
24 0.703646 0.358333 0.0302083 0.0907407 0.251277
0 0.382812 0.34537 0.015625 0.0759259 0.251535
0 0.698438 0.375926 0.040625 0.155556 0.252131
24 0.704687 0.358333 0.0302083 0.0907407 0.254297
13 0.381771 0.618519 0.126042 0.188889 0.254611
0 0.524479 0.352778 0.0177083 0.0759259 0.255665
0 0.609896 0.372222 0.0322917 0.125926 0.256244
0 0.683854 0.397222 0.053125 0.246296 0.259663
24 0.704167 0.358333 0.0291667 0.0907407 0.263852
0 0.670833 0.389815 0.0416667 0.257407 0.264519
0 0.524479 0.349074 0.0177083 0.0722222 0.265809
0 0.441667 0.375 0.0270833 0.138889 0.267543
0 0.527083 0.34537 0.0166667 0.0648148 0.269702
13 0.38125 0.622222 0.125 0.2 0.271803
26 0.704687 0.362037 0.028125 0.0796296 0.276656
0 0.202604 0.421296 0.034375 0.242593 0.279822
0 0.350521 0.365741 0.0177083 0.0981481 0.28173
0 0.382812 0.34537 0.015625 0.0759259 0.284401
0 0.172396 0.50463 0.138542 0.475926 0.286201
0 0.524479 0.351852 0.0177083 0.0740741 0.289264
0 0.441667 0.372222 0.0270833 0.133333 0.293079
0 0.526563 0.346296 0.015625 0.0666667 0.294228
0 0.383333 0.350926 0.0145833 0.0611111 0.301601
0 0.350521 0.365741 0.0197917 0.101852 0.30258
0 0.35 0.365741 0.01875 0.101852 0.304979
0 0.609375 0.372222 0.03125 0.12963 0.305961
0 0.609375 0.373148 0.03125 0.127778 0.306104
0 0.695312 0.391667 0.0489583 0.235185 0.31053
13 0.38125 0.616667 0.125 0.192593 0.312394
0 0.496354 0.373148 0.0260417 0.105556 0.321135
0 0.690625 0.400926 0.0520833 0.246296 0.321231
0 0.383333 0.348148 0.0166667 0.0740741 0.326602
24 0.703646 0.358333 0.0302083 0.087037 0.329917
13 0.382812 0.615741 0.123958 0.187037 0.33412
13 0.382812 0.616667 0.123958 0.188889 0.337783
0 0.383333 0.350926 0.0145833 0.0611111 0.342037
13 0.382292 0.616667 0.125 0.188889 0.343054
0 0.667188 0.399074 0.0322917 0.242593 0.344076
0 0.665625 0.398148 0.03125 0.237037 0.345817
0 0.171354 0.502778 0.136458 0.483333 0.353394
0 0.496354 0.373148 0.0260417 0.109259 0.354893
0 0.349479 0.363889 0.0197917 0.0981481 0.355896
0 0.171354 0.50463 0.136458 0.483333 0.35621
0 0.527083 0.346296 0.0145833 0.062963 0.356593
0 0.205729 0.428704 0.0364583 0.25 0.356915
0 0.496354 0.373148 0.0260417 0.109259 0.357329
0 0.527083 0.346296 0.0145833 0.062963 0.391963
0 0.383333 0.351852 0.0166667 0.0703704 0.394967
0 0.350521 0.362037 0.0197917 0.105556 0.401224
0 0.526042 0.348148 0.0166667 0.0666667 0.401753
0 0.382812 0.350926 0.015625 0.0685185 0.424326
0 0.527083 0.346296 0.0145833 0.062963 0.4367
0 0.665625 0.398148 0.0333333 0.244444 0.440656
0 0.172917 0.502778 0.139583 0.487037 0.443412
0 0.172917 0.503704 0.139583 0.485185 0.449248
0 0.527083 0.346296 0.0145833 0.062963 0.458054
0 0.382812 0.350926 0.015625 0.0685185 0.467419
0 0.382292 0.35 0.0145833 0.0666667 0.469925
0 0.686458 0.397222 0.0604167 0.264815 0.472865
0 0.495313 0.380556 0.0302083 0.12037 0.473797
0 0.35 0.363889 0.01875 0.0981481 0.475102
0 0.350521 0.364815 0.0197917 0.1 0.507399
0 0.208854 0.424074 0.0364583 0.233333 0.517724
0 0.351042 0.361111 0.01875 0.103704 0.518389
0 0.684375 0.398148 0.0583333 0.262963 0.51856
0 0.171354 0.497222 0.140625 0.475926 0.522222
0 0.682813 0.398148 0.0614583 0.259259 0.524665
0 0.350521 0.363889 0.0197917 0.0981481 0.529184
0 0.496875 0.378704 0.0270833 0.116667 0.530207
0 0.666146 0.397222 0.034375 0.246296 0.535921
0 0.171354 0.496296 0.140625 0.474074 0.537721
0 0.665625 0.397222 0.0333333 0.246296 0.543701
0 0.610937 0.374074 0.0302083 0.12963 0.551027
0 0.495833 0.381481 0.0291667 0.122222 0.553997
0 0.666146 0.397222 0.034375 0.242593 0.555742
0 0.496875 0.37963 0.0270833 0.118519 0.557802
0 0.208333 0.423148 0.0375 0.238889 0.558572
0 0.496354 0.37963 0.0260417 0.118519 0.562462
0 0.171354 0.494444 0.136458 0.462963 0.563833
0 0.495833 0.383333 0.025 0.12963 0.566452
0 0.684375 0.397222 0.0583333 0.264815 0.566643
0 0.682292 0.397222 0.0604167 0.261111 0.56957
0 0.441667 0.373148 0.0270833 0.135185 0.576523
0 0.495833 0.383333 0.025 0.12963 0.577144
0 0.441667 0.373148 0.0270833 0.138889 0.577755
0 0.610937 0.375 0.0302083 0.131481 0.579829
0 0.495313 0.37963 0.028125 0.118519 0.580673
0 0.495833 0.382407 0.0291667 0.124074 0.583889
0 0.495833 0.383333 0.025 0.12963 0.585202
0 0.207292 0.425 0.0354167 0.238889 0.586956
0 0.171875 0.497222 0.1375 0.464815 0.589485
0 0.495313 0.382407 0.028125 0.127778 0.592293
0 0.171354 0.49537 0.136458 0.461111 0.594013
0 0.610417 0.373148 0.0291667 0.127778 0.597682
0 0.351562 0.363889 0.0197917 0.105556 0.606661
0 0.207292 0.425 0.0354167 0.238889 0.607456
0 0.171354 0.500926 0.138542 0.47963 0.61161
0 0.207813 0.426852 0.0364583 0.246296 0.615605
0 0.207292 0.425 0.0354167 0.238889 0.617372
0 0.495833 0.382407 0.0291667 0.124074 0.620428
0 0.351042 0.363889 0.01875 0.101852 0.623249
0 0.351042 0.364815 0.01875 0.103704 0.625095
0 0.667188 0.396296 0.0364583 0.248148 0.625333
0 0.207292 0.426852 0.0375 0.25 0.625589
0 0.682292 0.397222 0.0604167 0.261111 0.625766
0 0.351562 0.363889 0.0197917 0.105556 0.627843
0 0.351042 0.363889 0.0208333 0.105556 0.62807
0 0.442708 0.375926 0.0291667 0.148148 0.629545
0 0.207813 0.427778 0.0364583 0.248148 0.629716
0 0.667188 0.397222 0.0364583 0.25 0.640835
0 0.495313 0.381481 0.028125 0.125926 0.644338
0 0.351042 0.362963 0.01875 0.103704 0.646995
0 0.495833 0.381481 0.0291667 0.122222 0.649732
0 0.688542 0.399074 0.05625 0.257407 0.653256
0 0.688542 0.398148 0.0541667 0.255556 0.658133
0 0.207813 0.423148 0.0364583 0.235185 0.659153
0 0.351042 0.362963 0.01875 0.103704 0.66148
0 0.667188 0.396296 0.0364583 0.248148 0.665333
0 0.688021 0.398148 0.0552083 0.255556 0.6713
0 0.495833 0.380556 0.0270833 0.124074 0.672002
0 0.610937 0.375 0.0302083 0.131481 0.672321
0 0.495833 0.383333 0.0270833 0.125926 0.672571
0 0.442187 0.37963 0.028125 0.148148 0.672622
0 0.442187 0.378704 0.028125 0.15 0.677694
0 0.610937 0.375 0.0302083 0.131481 0.695891
0 0.495833 0.381481 0.0270833 0.125926 0.696737
0 0.442187 0.376852 0.028125 0.146296 0.700494
0 0.442187 0.376852 0.028125 0.15 0.704886
0 0.667188 0.399074 0.0322917 0.253704 0.707297
0 0.495833 0.381481 0.0270833 0.125926 0.710134
0 0.442187 0.377778 0.028125 0.148148 0.719747
0 0.611458 0.375 0.0291667 0.131481 0.720106
0 0.442187 0.377778 0.028125 0.151852 0.720307
0 0.441667 0.374074 0.0270833 0.151852 0.721647
0 0.610417 0.373148 0.0291667 0.131481 0.722839
0 0.208333 0.423148 0.0375 0.242593 0.723516
0 0.441667 0.375 0.0270833 0.15 0.724223
0 0.206771 0.425 0.0364583 0.242593 0.729335
0 0.206771 0.425926 0.0364583 0.240741 0.731434
0 0.206771 0.425 0.0364583 0.242593 0.731485
0 0.610417 0.375 0.03125 0.131481 0.731925
0 0.171875 0.49537 0.1375 0.468519 0.739266
0 0.611458 0.375 0.0291667 0.131481 0.752017
0 0.610937 0.375 0.028125 0.131481 0.754269
0 0.610937 0.372222 0.028125 0.133333 0.764114
0 0.442187 0.377778 0.028125 0.151852 0.773893
0 0.683854 0.398148 0.0552083 0.266667 0.784078
0 0.171875 0.497222 0.1375 0.47963 0.786037
0 0.690104 0.400926 0.053125 0.264815 0.787911
0 0.171875 0.498148 0.139583 0.477778 0.797239
0 0.610417 0.373148 0.0291667 0.127778 0.800431
0 0.610417 0.373148 0.0291667 0.127778 0.80067
0 0.171354 0.5 0.138542 0.488889 0.803627
0 0.441667 0.377778 0.0270833 0.151852 0.818029
0 0.171354 0.5 0.140625 0.492593 0.818282
0 0.610937 0.372222 0.028125 0.12963 0.836147
0 0.610937 0.373148 0.028125 0.131481 0.837487
0 0.441667 0.375 0.0270833 0.15 0.863243
0 0.441667 0.375 0.0270833 0.146296 0.871488
0 0.171354 0.499074 0.136458 0.472222 0.875618
0 0.171354 0.499074 0.136458 0.472222 0.896846
0 0.170833 0.499074 0.135417 0.475926 0.912395
0 0.170312 0.499074 0.136458 0.475926 0.913815
