0 0.472917 0.327778 0.0145833 0.0777778 0.25135
0 0.648958 0.339815 0.01875 0.0907407 0.257349
0 0.463542 0.331481 0.0208333 0.0851852 0.258711
0 0.385417 0.37037 0.0520833 0.225926 0.261396
0 0.385417 0.375 0.05625 0.242593 0.263321
0 0.290104 0.325926 0.0302083 0.0777778 0.265074
0 0.619792 0.350926 0.03125 0.135185 0.266077
0 0.385417 0.37037 0.0520833 0.225926 0.268502
0 0.289583 0.325926 0.03125 0.0777778 0.268641
0 0.648958 0.340741 0.01875 0.0888889 0.270344
0 0.619792 0.350926 0.03125 0.131481 0.270386
0 0.385938 0.37037 0.053125 0.225926 0.272821
0 0.0302083 0.384259 0.0604167 0.264815 0.274062
0 0.289583 0.325926 0.03125 0.0777778 0.274543
0 0.572917 0.349074 0.0291667 0.131481 0.280528
0 0.620833 0.35463 0.0291667 0.135185 0.285815
0 0.651563 0.334259 0.0197917 0.0944444 0.290578
0 0.620833 0.35463 0.0291667 0.135185 0.291426
0 0.201562 0.32037 0.0447917 0.140741 0.29407
0 0.198958 0.318519 0.0520833 0.140741 0.300431
0 0.201562 0.32037 0.046875 0.137037 0.301956
0 0.386458 0.363889 0.0520833 0.216667 0.302121
0 0.948958 0.610185 0.102083 0.735185 0.309052
0 0.201562 0.321296 0.046875 0.138889 0.31525
0 0.45625 0.339815 0.0229167 0.116667 0.315819
0 0.202083 0.318519 0.05 0.140741 0.317908
0 0.571354 0.346296 0.0302083 0.137037 0.322874
0 0.288021 0.325926 0.0302083 0.0740741 0.334628
0 0.289062 0.325926 0.0302083 0.0777778 0.336699
0 0.948958 0.609259 0.102083 0.733333 0.338897
0 0.45625 0.340741 0.0229167 0.114815 0.339413
0 0.647917 0.330556 0.01875 0.0907407 0.341395
0 0.570833 0.347222 0.03125 0.135185 0.34377
0 0.289583 0.325926 0.03125 0.0740741 0.345428
0 0.496354 0.349074 0.0260417 0.135185 0.34698
0 0.290625 0.325926 0.0333333 0.0777778 0.348002
0 0.617188 0.357407 0.034375 0.133333 0.348399
0 0.289062 0.325926 0.0302083 0.0777778 0.352154
0 0.289062 0.325926 0.0302083 0.0777778 0.353524
0 0.45625 0.340741 0.0229167 0.114815 0.356466
0 0.202083 0.323148 0.04375 0.138889 0.357819
0 0.2875 0.326852 0.03125 0.0722222 0.359532
0 0.202604 0.323148 0.0427083 0.138889 0.362287
0 0.2875 0.325926 0.03125 0.0740741 0.362787
0 0.495833 0.350926 0.0270833 0.135185 0.366602
0 0.0348958 0.381481 0.065625 0.27037 0.370705
0 0.571875 0.35 0.03125 0.140741 0.373291
0 0.571875 0.35 0.03125 0.140741 0.376246
0 0.203646 0.32037 0.0447917 0.133333 0.389103
0 0.457812 0.335185 0.0239583 0.0888889 0.395778
0 0.455208 0.337963 0.025 0.0981481 0.401071
0 0.457812 0.334259 0.0239583 0.087037 0.40562
0 0.457292 0.337963 0.0229167 0.0981481 0.410144
0 0.203125 0.321296 0.0416667 0.131481 0.410672
0 0.288542 0.325926 0.03125 0.0703704 0.410693
0 0.307813 0.321296 0.0239583 0.0796296 0.411997
0 0.290104 0.325926 0.0322917 0.0740741 0.419203
0 0.457292 0.337963 0.0229167 0.0981481 0.442863
0 0.495833 0.347222 0.025 0.127778 0.443545
0 0.496354 0.35 0.0260417 0.133333 0.444409
0 0.495833 0.350926 0.025 0.135185 0.446942
0 0.306771 0.322222 0.0260417 0.0814815 0.448434
0 0.457292 0.337963 0.0229167 0.0981481 0.450479
0 0.495833 0.348148 0.025 0.133333 0.451063
0 0.201562 0.318519 0.046875 0.144444 0.462044
0 0.308333 0.325 0.0229167 0.0833333 0.462549
0 0.308333 0.324074 0.0229167 0.0814815 0.468971
0 0.308333 0.324074 0.0229167 0.0814815 0.475222
0 0.308333 0.325 0.0229167 0.0833333 0.483304
0 0.202083 0.318519 0.0458333 0.144444 0.485349
0 0.495833 0.351852 0.0229167 0.133333 0.488472
0 0.308333 0.324074 0.0229167 0.0814815 0.496032
0 0.308333 0.325 0.0229167 0.0796296 0.498032
0 0.495833 0.350926 0.025 0.135185 0.50901
0 0.65 0.335185 0.01875 0.0925926 0.518685
0 0.388021 0.363889 0.0510417 0.224074 0.519811
0 0.388542 0.363889 0.0520833 0.22037 0.520054
0 0.201042 0.316667 0.0458333 0.140741 0.520772
0 0.495833 0.349074 0.0229167 0.135185 0.537336
0 0.495833 0.348148 0.0229167 0.133333 0.540943
0 0.649479 0.334259 0.0177083 0.0944444 0.543831
0 0.0328125 0.382407 0.065625 0.272222 0.549235
0 0.203125 0.321296 0.04375 0.135185 0.549646
0 0.570833 0.347222 0.03125 0.15 0.551164
0 0.203125 0.321296 0.04375 0.135185 0.551724
0 0.65 0.335185 0.01875 0.0962963 0.553459
0 0.202083 0.316667 0.0458333 0.140741 0.555263
0 0.570833 0.347222 0.03125 0.15 0.55555
0 0.65 0.335185 0.01875 0.0962963 0.555832
0 0.617708 0.360185 0.03125 0.138889 0.557739
0 0.0322917 0.380556 0.0645833 0.261111 0.558163
0 0.495833 0.35 0.0229167 0.133333 0.558586
0 0.202604 0.317593 0.0447917 0.138889 0.559641
0 0.617188 0.357407 0.034375 0.140741 0.561104
0 0.619271 0.355556 0.0322917 0.144444 0.567885
0 0.570833 0.347222 0.03125 0.15 0.571641
0 0.617708 0.359259 0.03125 0.137037 0.572847
0 0.618229 0.359259 0.0322917 0.133333 0.576423
0 0.952604 0.609259 0.0947917 0.722222 0.577572
0 0.617188 0.357407 0.034375 0.140741 0.578228
0 0.65 0.335185 0.01875 0.0962963 0.581033
0 0.65 0.335185 0.01875 0.0962963 0.584388
0 0.386979 0.364815 0.0510417 0.222222 0.587977
0 0.386458 0.365741 0.05 0.224074 0.588765
0 0.619271 0.35463 0.0322917 0.142593 0.591495
0 0.65 0.336111 0.01875 0.0944444 0.602495
0 0.0322917 0.380556 0.0645833 0.261111 0.606216
0 0.952604 0.610185 0.0947917 0.724074 0.608508
0 0.619792 0.35463 0.03125 0.142593 0.617824
0 0.496354 0.349074 0.0239583 0.131481 0.647389
0 0.386979 0.367593 0.0510417 0.224074 0.652168
0 0.203646 0.321296 0.0447917 0.138889 0.660528
0 0.203646 0.321296 0.0447917 0.138889 0.661355
0 0.495833 0.352778 0.0229167 0.135185 0.662237
0 0.495313 0.35 0.0239583 0.133333 0.66274
0 0.203646 0.32037 0.0447917 0.137037 0.669295
0 0.495833 0.352778 0.0229167 0.135185 0.670748
0 0.203646 0.32037 0.0447917 0.137037 0.674667
0 0.3875 0.368519 0.0520833 0.225926 0.679105
0 0.0322917 0.380556 0.0645833 0.261111 0.679685
0 0.203646 0.319444 0.0447917 0.138889 0.681441
0 0.203646 0.32037 0.0447917 0.137037 0.686842
0 0.203646 0.32037 0.0447917 0.137037 0.691271
0 0.203646 0.32037 0.0447917 0.137037 0.700957
0 0.571354 0.347222 0.0322917 0.142593 0.70801
0 0.570833 0.348148 0.03125 0.140741 0.709169
0 0.571354 0.347222 0.0322917 0.15 0.711033
0 0.571354 0.348148 0.0302083 0.140741 0.711371
0 0.495833 0.35 0.025 0.133333 0.712451
0 0.496354 0.350926 0.0239583 0.135185 0.712661
0 0.386979 0.368519 0.0510417 0.225926 0.713289
0 0.571354 0.347222 0.0322917 0.146296 0.717773
0 0.570833 0.347222 0.03125 0.15 0.719639
0 0.496354 0.35 0.0239583 0.137037 0.721033
0 0.3875 0.366667 0.0520833 0.222222 0.730556
0 0.3875 0.369444 0.0520833 0.227778 0.733996
0 0.570833 0.347222 0.03125 0.15 0.739852
0 0.571875 0.346296 0.03125 0.148148 0.740611
0 0.570833 0.347222 0.03125 0.142593 0.741613
0 0.3875 0.367593 0.0520833 0.224074 0.752455
0 0.3875 0.366667 0.0520833 0.222222 0.753336
0 0.3875 0.368519 0.0520833 0.225926 0.755644
0 0.571875 0.34537 0.03125 0.146296 0.756078
0 0.0328125 0.37963 0.065625 0.27037 0.760355
0 0.0328125 0.382407 0.0635417 0.264815 0.784349
0 0.0328125 0.381481 0.065625 0.262963 0.787172
0 0.61875 0.356481 0.0333333 0.142593 0.790305
0 0.3875 0.366667 0.0520833 0.222222 0.793347
0 0.61875 0.356481 0.0333333 0.142593 0.80608
0 0.618229 0.358333 0.0322917 0.138889 0.806824
0 0.618229 0.358333 0.0322917 0.138889 0.811061
0 0.61875 0.356481 0.0333333 0.142593 0.815952
0 0.388021 0.367593 0.0510417 0.224074 0.820195
0 0.0322917 0.386111 0.0645833 0.275926 0.821465
0 0.0322917 0.380556 0.0645833 0.261111 0.824115
0 0.61875 0.357407 0.0333333 0.144444 0.825991
0 0.618229 0.357407 0.0322917 0.144444 0.827016
0 0.388021 0.367593 0.0510417 0.224074 0.828361
0 0.388021 0.368519 0.0510417 0.225926 0.830502
0 0.61875 0.357407 0.0333333 0.144444 0.831892
0 0.0322917 0.380556 0.0645833 0.261111 0.837594
0 0.0322917 0.381481 0.0645833 0.259259 0.838946
0 0.0322917 0.381481 0.0645833 0.262963 0.844728
0 0.0322917 0.381481 0.0645833 0.262963 0.851525
0 0.0322917 0.381481 0.0645833 0.262963 0.856722
0 0.0322917 0.37963 0.0645833 0.266667 0.860242
0 0.0322917 0.381481 0.0645833 0.262963 0.868217
0 0.0322917 0.381481 0.0645833 0.262963 0.873638
0 0.951563 0.616667 0.096875 0.737037 0.878026
0 0.951563 0.615741 0.096875 0.738889 0.884057
0 0.95 0.609259 0.0979167 0.72963 0.884591
0 0.952083 0.616667 0.0958333 0.737037 0.891469
0 0.950521 0.608333 0.096875 0.716667 0.895674
0 0.952083 0.614815 0.0958333 0.737037 0.897486
