0 0.273958 0.289815 0.0270833 0.0907407 0.252298
0 0.0630208 0.289815 0.0197917 0.0833333 0.255874
0 0.495833 0.303704 0.0270833 0.125926 0.259135
0 0.0630208 0.291667 0.0197917 0.087037 0.260503
0 0.0635417 0.291667 0.01875 0.087037 0.26079
0 0.496875 0.303704 0.025 0.125926 0.261221
0 0.273958 0.290741 0.0270833 0.0925926 0.261972
0 0.595312 0.312963 0.0302083 0.125926 0.263163
0 0.273438 0.289815 0.028125 0.0907407 0.265254
0 0.286979 0.281481 0.0322917 0.111111 0.265605
0 0.559375 0.300926 0.0291667 0.135185 0.269027
0 0.286979 0.280556 0.0322917 0.116667 0.270512
0 0.559375 0.300926 0.0291667 0.135185 0.272495
0 0.0630208 0.287963 0.0197917 0.0796296 0.273177
0 0.0927083 0.311111 0.025 0.118519 0.274536
0 0.197396 0.342593 0.040625 0.225926 0.275411
0 0.0932292 0.312963 0.0260417 0.125926 0.275915
0 0.197396 0.341667 0.0385417 0.224074 0.275974
0 0.0635417 0.291667 0.01875 0.087037 0.277828
0 0.286979 0.280556 0.0322917 0.109259 0.278763
0 0.622917 0.288889 0.025 0.0962963 0.287289
0 0.592708 0.312963 0.0270833 0.122222 0.289717
0 0.840625 0.509259 0.129167 0.648148 0.290345
0 0.278646 0.287037 0.0322917 0.0962963 0.300512
0 0.833854 0.512963 0.126042 0.688889 0.300619
0 0.321354 0.282407 0.046875 0.0722222 0.300655
0 0.329167 0.281481 0.0270833 0.0703704 0.303969
0 0.0927083 0.312963 0.025 0.122222 0.312498
26 0.891667 0.439815 0.0395833 0.157407 0.317737
26 0.891146 0.437963 0.0385417 0.153704 0.320308
26 0.891146 0.439815 0.0385417 0.153704 0.337506
0 0.595312 0.312963 0.0302083 0.133333 0.340796
0 0.0921875 0.313889 0.021875 0.12037 0.343912
0 0.595312 0.312963 0.0302083 0.133333 0.344475
0 0.604688 0.310185 0.0489583 0.135185 0.346097
0 0.592708 0.312963 0.0270833 0.12963 0.347652
0 0.592708 0.312963 0.0270833 0.12963 0.353322
0 0.559896 0.299074 0.028125 0.131481 0.353365
0 0.416146 0.300926 0.0239583 0.101852 0.356719
0 0.0921875 0.313889 0.0239583 0.12037 0.362446
0 0.603646 0.310185 0.046875 0.135185 0.363792
0 0.0921875 0.314815 0.021875 0.118519 0.372009
0 0.603646 0.310185 0.046875 0.135185 0.38577
0 0.19375 0.341667 0.0458333 0.231481 0.388772
0 0.455729 0.316667 0.0364583 0.166667 0.390744
0 0.622917 0.292593 0.0208333 0.0851852 0.396587
0 0.329167 0.283333 0.0229167 0.0703704 0.399946
0 0.329167 0.283333 0.025 0.0703704 0.401285
0 0.289062 0.281481 0.0302083 0.111111 0.402992
0 0.289062 0.282407 0.0302083 0.109259 0.405284
0 0.289062 0.282407 0.0302083 0.109259 0.40923
0 0.416667 0.298148 0.025 0.107407 0.413533
0 0.416146 0.298148 0.021875 0.1 0.415031
0 0.559375 0.3 0.0270833 0.133333 0.415334
0 0.19375 0.342593 0.0458333 0.237037 0.416292
0 0.559375 0.299074 0.0270833 0.131481 0.42127
0 0.416146 0.298148 0.021875 0.103704 0.42375
0 0.329167 0.283333 0.0229167 0.0703704 0.427107
0 0.4625 0.309259 0.0375 0.162963 0.430473
0 0.416146 0.298148 0.0239583 0.107407 0.433168
0 0.194792 0.337037 0.0416667 0.218519 0.436033
0 0.09375 0.316667 0.0208333 0.111111 0.436338
0 0.416146 0.298148 0.021875 0.103704 0.437394
0 0.461979 0.309259 0.0385417 0.162963 0.440138
0 0.592708 0.316667 0.03125 0.133333 0.443208
0 0.559375 0.297222 0.0270833 0.131481 0.454097
0 0.416146 0.298148 0.0239583 0.107407 0.45619
0 0.622917 0.292593 0.0208333 0.0888889 0.458713
0 0.329688 0.280556 0.0260417 0.0685185 0.465733
0 0.194792 0.336111 0.0416667 0.22037 0.465743
0 0.622917 0.292593 0.0208333 0.0851852 0.466755
0 0.0932292 0.315741 0.0197917 0.112963 0.473534
0 0.194792 0.337037 0.0416667 0.218519 0.473967
0 0.496354 0.30463 0.0239583 0.124074 0.48045
0 0.496354 0.30463 0.0239583 0.127778 0.481938
0 0.945312 0.539815 0.109375 0.757407 0.484278
0 0.329167 0.281481 0.025 0.0666667 0.486007
0 0.0932292 0.316667 0.0197917 0.114815 0.486473
0 0.457812 0.316667 0.0322917 0.166667 0.487324
0 0.329688 0.281481 0.0260417 0.0666667 0.487981
0 0.329167 0.281481 0.025 0.0703704 0.488969
0 0.457812 0.316667 0.0322917 0.166667 0.490043
0 0.559375 0.297222 0.0270833 0.135185 0.506707
0 0.840625 0.512037 0.13125 0.716667 0.508712
0 0.329167 0.282407 0.025 0.0685185 0.51051
0 0.496354 0.303704 0.021875 0.125926 0.514056
0 0.495313 0.30463 0.021875 0.127778 0.520458
0 0.285417 0.284259 0.0354167 0.105556 0.520507
0 0.496354 0.30463 0.0239583 0.124074 0.52255
0 0.496354 0.303704 0.0239583 0.125926 0.522824
0 0.495833 0.305556 0.0229167 0.125926 0.526422
0 0.496354 0.303704 0.021875 0.125926 0.527355
0 0.558854 0.296296 0.0260417 0.12963 0.533032
0 0.09375 0.312963 0.0229167 0.125926 0.533414
0 0.285937 0.283333 0.0364583 0.107407 0.53715
0 0.195833 0.340741 0.04375 0.225926 0.542877
0 0.496354 0.301852 0.021875 0.12963 0.545397
0 0.496354 0.301852 0.021875 0.12963 0.549928
0 0.195833 0.340741 0.04375 0.222222 0.553344
0 0.496354 0.301852 0.021875 0.125926 0.556242
0 0.0932292 0.312963 0.021875 0.118519 0.556328
0 0.329167 0.281481 0.025 0.0703704 0.557672
0 0.285937 0.283333 0.0364583 0.107407 0.558952
0 0.329167 0.281481 0.025 0.0703704 0.561059
0 0.288021 0.282407 0.0322917 0.109259 0.564076
0 0.329167 0.281481 0.025 0.0703704 0.568866
0 0.288021 0.282407 0.0322917 0.109259 0.574574
0 0.288021 0.282407 0.0322917 0.109259 0.582877
0 0.942187 0.525926 0.115625 0.740741 0.589099
0 0.288021 0.282407 0.0322917 0.109259 0.590823
0 0.558854 0.298148 0.0260417 0.133333 0.591536
0 0.288021 0.281481 0.0322917 0.111111 0.593713
0 0.288021 0.282407 0.0322917 0.109259 0.594234
0 0.558854 0.297222 0.0260417 0.131481 0.595908
0 0.623958 0.287963 0.0229167 0.0907407 0.603729
0 0.623438 0.288889 0.021875 0.0925926 0.604859
0 0.288021 0.281481 0.0322917 0.111111 0.605372
0 0.0932292 0.314815 0.021875 0.114815 0.605631
0 0.288021 0.282407 0.0322917 0.109259 0.608293
0 0.0932292 0.314815 0.021875 0.114815 0.612205
0 0.288021 0.282407 0.0322917 0.109259 0.616119
0 0.622917 0.288889 0.0229167 0.0925926 0.616247
0 0.0932292 0.314815 0.021875 0.114815 0.616503
0 0.947917 0.533333 0.104167 0.740741 0.617907
0 0.559375 0.299074 0.0270833 0.135185 0.621237
0 0.0932292 0.313889 0.021875 0.116667 0.633098
0 0.59375 0.315741 0.03125 0.131481 0.633702
0 0.623958 0.287963 0.0229167 0.0907407 0.637974
0 0.623958 0.287963 0.0229167 0.0907407 0.639849
0 0.623438 0.289815 0.021875 0.0944444 0.640232
0 0.941667 0.524074 0.116667 0.744444 0.644517
0 0.623438 0.288889 0.021875 0.0962963 0.653863
0 0.195312 0.341667 0.0427083 0.227778 0.657467
0 0.195312 0.343519 0.0427083 0.238889 0.662449
0 0.195312 0.343519 0.0427083 0.235185 0.666595
0 0.195312 0.342593 0.0427083 0.240741 0.667645
0 0.195312 0.341667 0.0427083 0.227778 0.669767
0 0.458333 0.318519 0.0354167 0.166667 0.672656
0 0.593229 0.316667 0.0302083 0.133333 0.677421
0 0.592708 0.316667 0.03125 0.133333 0.678194
0 0.559375 0.299074 0.0270833 0.135185 0.679793
0 0.195312 0.339815 0.0427083 0.227778 0.681501
0 0.558854 0.296296 0.0260417 0.133333 0.693009
0 0.496875 0.303704 0.0229167 0.122222 0.700891
0 0.458333 0.318519 0.0354167 0.166667 0.705635
0 0.559375 0.3 0.0270833 0.133333 0.717772
0 0.59375 0.313889 0.03125 0.135185 0.720103
0 0.623438 0.288889 0.021875 0.0925926 0.730426
0 0.59375 0.313889 0.03125 0.135185 0.736012
0 0.558854 0.296296 0.0260417 0.137037 0.738841
0 0.840104 0.512963 0.130208 0.7 0.739809
0 0.558854 0.296296 0.0260417 0.137037 0.740317
0 0.458333 0.318519 0.0354167 0.166667 0.743647
0 0.558854 0.298148 0.0260417 0.12963 0.743765
0 0.558854 0.297222 0.0260417 0.135185 0.754992
0 0.458333 0.318519 0.0333333 0.17037 0.756914
0 0.836979 0.513889 0.140625 0.709259 0.757895
0 0.59375 0.316667 0.03125 0.133333 0.75962
0 0.59375 0.313889 0.03125 0.135185 0.763684
0 0.59375 0.316667 0.03125 0.133333 0.767484
0 0.558333 0.297222 0.025 0.131481 0.76945
0 0.458333 0.317593 0.0333333 0.172222 0.773548
0 0.458333 0.318519 0.0333333 0.17037 0.776659
0 0.558333 0.298148 0.025 0.12963 0.77667
0 0.836979 0.512963 0.140625 0.703704 0.779028
0 0.458333 0.316667 0.0333333 0.174074 0.779542
0 0.457812 0.316667 0.0322917 0.17037 0.789334
0 0.457812 0.315741 0.0322917 0.172222 0.794829
0 0.458333 0.317593 0.0333333 0.172222 0.797096
0 0.59375 0.314815 0.03125 0.137037 0.806966
0 0.59375 0.314815 0.03125 0.137037 0.809148
0 0.943229 0.52963 0.113542 0.748148 0.819327
0 0.8375 0.512037 0.1375 0.687037 0.821773
0 0.59375 0.314815 0.03125 0.137037 0.825166
0 0.94375 0.531482 0.1125 0.744444 0.839199
0 0.943229 0.528704 0.113542 0.75 0.839898
0 0.838021 0.512037 0.136458 0.687037 0.855993
0 0.942187 0.52963 0.115625 0.751852 0.871279
0 0.942187 0.528704 0.115625 0.746296 0.889539
0 0.836979 0.511111 0.138542 0.692593 0.893676
0 0.8375 0.510185 0.1375 0.690741 0.895228
0 0.838542 0.509259 0.13125 0.718518 0.907171
