0 0.748438 0.381481 0.040625 0.177778 0.251496
0 0.548958 0.400926 0.0375 0.101852 0.255948
0 0.582812 0.348148 0.015625 0.0740741 0.262097
0 0.357292 0.353704 0.0145833 0.0592593 0.264433
0 0.356771 0.351852 0.0135417 0.0592593 0.266713
0 0.357292 0.351852 0.0145833 0.0555556 0.270118
0 0.549479 0.4 0.0364583 0.103704 0.280382
0 0.582292 0.35 0.0166667 0.0740741 0.281467
0 0.747917 0.382407 0.0395833 0.172222 0.284597
0 0.636979 0.37037 0.0239583 0.12963 0.289569
0 0.554688 0.392593 0.028125 0.111111 0.289898
0 0.581771 0.35 0.015625 0.0703704 0.29025
0 0.554688 0.392593 0.028125 0.111111 0.291405
0 0.636979 0.371296 0.0239583 0.131481 0.293345
0 0.53125 0.39537 0.025 0.105556 0.296454
0 0.531771 0.39537 0.0260417 0.105556 0.311637
0 0.530729 0.396296 0.0260417 0.107407 0.313408
0 0.433333 0.390741 0.0291667 0.162963 0.323351
0 0.357292 0.353704 0.0166667 0.0555556 0.323747
0 0.549479 0.399074 0.0322917 0.101852 0.324501
0 0.433854 0.390741 0.0302083 0.162963 0.327394
0 0.553646 0.4 0.0302083 0.107407 0.334526
0 0.751562 0.381481 0.0385417 0.181481 0.335836
0 0.530729 0.387037 0.0239583 0.114815 0.338798
0 0.357812 0.351852 0.015625 0.0555556 0.339706
0 0.356771 0.353704 0.015625 0.0555556 0.340609
0 0.526042 0.391667 0.025 0.109259 0.354331
0 0.751562 0.381481 0.0385417 0.177778 0.354834
0 0.530729 0.387963 0.0239583 0.116667 0.35967
0 0.53125 0.387963 0.0229167 0.116667 0.365967
0 0.549479 0.4 0.0322917 0.103704 0.367038
0 0.434375 0.391667 0.0291667 0.157407 0.374854
0 0.582812 0.349074 0.0135417 0.0722222 0.381103
0 0.0135417 0.386111 0.0229167 0.105556 0.381251
0 0.433854 0.385185 0.0302083 0.155556 0.383689
0 0.434375 0.390741 0.0291667 0.155556 0.38898
0 0.549479 0.399074 0.0322917 0.101852 0.391645
0 0.434375 0.390741 0.0291667 0.155556 0.395345
0 0.582812 0.35 0.0135417 0.0703704 0.401453
0 0.433854 0.385185 0.0302083 0.159259 0.402612
0 0.553125 0.4 0.0291667 0.107407 0.403662
0 0.553125 0.4 0.0291667 0.107407 0.404074
0 0.753646 0.381481 0.0385417 0.17037 0.406826
0 0.636458 0.375 0.0270833 0.135185 0.415865
0 0.0401042 0.383333 0.0260417 0.111111 0.419483
0 0.553646 0.4 0.028125 0.107407 0.419902
0 0.0135417 0.386111 0.0229167 0.105556 0.421681
0 0.0135417 0.387037 0.0229167 0.107407 0.42406
0 0.0125 0.389815 0.025 0.101852 0.426614
0 0.582812 0.348148 0.0135417 0.0740741 0.430241
0 0.582812 0.349074 0.0135417 0.0722222 0.439154
0 0.433854 0.385185 0.0302083 0.155556 0.446569
0 0.0125 0.389815 0.025 0.105556 0.446664
0 0.553125 0.4 0.0291667 0.107407 0.446841
0 0.0125 0.389815 0.025 0.105556 0.45854
0 0.752604 0.382407 0.0385417 0.172222 0.463195
0 0.0401042 0.383333 0.0239583 0.111111 0.472864
0 0.553646 0.4 0.028125 0.107407 0.474188
0 0.0395833 0.381481 0.0270833 0.111111 0.476494
0 0.475521 0.393519 0.028125 0.15 0.478011
0 0.040625 0.383333 0.025 0.111111 0.479197
0 0.553125 0.399074 0.0291667 0.101852 0.480342
0 0.475521 0.392593 0.028125 0.148148 0.486822
0 0.635938 0.375926 0.0260417 0.133333 0.49557
0 0.473437 0.391667 0.028125 0.153704 0.510996
0 0.553646 0.4 0.0302083 0.103704 0.516084
0 0.0109375 0.392593 0.021875 0.103704 0.519626
0 0.752604 0.381481 0.0385417 0.17037 0.524719
0 0.00989583 0.389815 0.0197917 0.0981481 0.529938
0 0.0104167 0.391667 0.0208333 0.0981481 0.532547
0 0.0395833 0.380556 0.0270833 0.112963 0.532906
0 0.553646 0.4 0.0302083 0.103704 0.53335
0 0.636458 0.376852 0.0270833 0.131481 0.538066
0 0.473437 0.391667 0.028125 0.153704 0.548577
0 0.0390625 0.381481 0.028125 0.114815 0.549376
0 0.473437 0.390741 0.028125 0.148148 0.562676
0 0.0395833 0.381481 0.0270833 0.114815 0.564423
0 0.0104167 0.390741 0.0208333 0.1 0.570876
0 0.433854 0.385185 0.0322917 0.162963 0.573669
0 0.0104167 0.391667 0.0208333 0.101852 0.573745
0 0.473437 0.391667 0.028125 0.153704 0.578147
0 0.0119792 0.389815 0.021875 0.105556 0.581205
0 0.433333 0.385185 0.03125 0.162963 0.582064
0 0.473437 0.390741 0.028125 0.148148 0.584455
0 0.00989583 0.390741 0.0197917 0.1 0.585402
0 0.636979 0.375926 0.0260417 0.133333 0.587526
0 0.0395833 0.380556 0.0270833 0.112963 0.58907
0 0.751042 0.378704 0.0416667 0.175926 0.590202
0 0.0390625 0.380556 0.028125 0.116667 0.592135
0 0.00989583 0.390741 0.0197917 0.1 0.597211
0 0.636458 0.375926 0.0270833 0.133333 0.603235
0 0.636458 0.375926 0.025 0.133333 0.616246
0 0.0390625 0.382407 0.028125 0.112963 0.618328
0 0.0390625 0.381481 0.0260417 0.114815 0.620228
0 0.751042 0.37963 0.0416667 0.174074 0.620346
0 0.0395833 0.382407 0.0270833 0.116667 0.620663
0 0.0395833 0.382407 0.0270833 0.116667 0.640712
0 0.0395833 0.381481 0.0270833 0.118519 0.645624
0 0.636458 0.376852 0.0270833 0.131481 0.656004
0 0.636979 0.374074 0.0260417 0.133333 0.658003
0 0.750521 0.382407 0.0385417 0.172222 0.658368
0 0.0390625 0.382407 0.028125 0.112963 0.666105
0 0.751042 0.381481 0.0375 0.174074 0.667848
0 0.751562 0.380556 0.040625 0.168519 0.668053
0 0.636458 0.375926 0.0270833 0.133333 0.676779
0 0.751562 0.380556 0.0385417 0.172222 0.68426
0 0.751042 0.383333 0.0375 0.174074 0.693887
0 0.0395833 0.382407 0.0270833 0.116667 0.695301
0 0.473437 0.390741 0.028125 0.148148 0.69628
0 0.750521 0.382407 0.0385417 0.172222 0.703358
0 0.474479 0.392593 0.028125 0.151852 0.705753
0 0.0385417 0.383333 0.0270833 0.111111 0.707237
0 0.473958 0.393519 0.0291667 0.15 0.717979
0 0.0401042 0.382407 0.0260417 0.116667 0.71901
0 0.473958 0.391667 0.0270833 0.146296 0.723699
0 0.750521 0.382407 0.0385417 0.172222 0.727799
0 0.750521 0.382407 0.0385417 0.175926 0.730433
0 0.473958 0.390741 0.0270833 0.148148 0.73237
0 0.474479 0.391667 0.028125 0.153704 0.733374
0 0.474479 0.391667 0.028125 0.15 0.736607
0 0.473958 0.392593 0.0291667 0.148148 0.740215
0 0.636979 0.375 0.0260417 0.131481 0.744133
0 0.636979 0.375 0.0260417 0.131481 0.749565
0 0.636979 0.375926 0.0260417 0.12963 0.751235
0 0.473958 0.392593 0.0291667 0.148148 0.756099
0 0.433854 0.389815 0.0302083 0.157407 0.764069
0 0.433854 0.389815 0.0302083 0.157407 0.772822
0 0.473958 0.392593 0.0291667 0.148148 0.775292
0 0.433854 0.389815 0.0302083 0.153704 0.776014
0 0.433854 0.390741 0.0302083 0.155556 0.78206
0 0.433854 0.387037 0.0302083 0.159259 0.783081
0 0.636458 0.375926 0.025 0.133333 0.785592
0 0.434375 0.389815 0.0291667 0.153704 0.785751
0 0.434375 0.386111 0.03125 0.157407 0.789934
0 0.433854 0.386111 0.028125 0.161111 0.800902
0 0.433854 0.389815 0.0302083 0.153704 0.803129
0 0.433854 0.386111 0.028125 0.157407 0.811235
0 0.636979 0.374074 0.0260417 0.133333 0.815705
0 0.636979 0.374074 0.0260417 0.133333 0.820191
