0 0.466667 0.328704 0.0291667 0.12037 0.250782
2 0.402083 0.292593 0.0354167 0.0666667 0.251746
2 0.403125 0.292593 0.03125 0.0592593 0.252205
2 0.441146 0.292593 0.0322917 0.0407407 0.258627
0 0.489062 0.336111 0.0635417 0.142593 0.26186
0 0.626042 0.346296 0.0291667 0.155556 0.265427
0 0.626562 0.347222 0.0302083 0.157407 0.275664
2 0.403125 0.292593 0.03125 0.0592593 0.284255
0 0.0317708 0.668519 0.0635417 0.218519 0.287091
2 0.401563 0.292593 0.0364583 0.0666667 0.288768
0 0.363542 0.30463 0.0166667 0.0722222 0.289203
2 0.403125 0.292593 0.03125 0.0592593 0.298925
0 0.644271 0.34537 0.028125 0.131481 0.302673
0 0.466146 0.328704 0.028125 0.124074 0.317405
0 0.509375 0.337963 0.0333333 0.138889 0.318755
0 0.466667 0.328704 0.0291667 0.124074 0.319719
0 0.624479 0.349074 0.0239583 0.164815 0.328551
0 0.509375 0.337963 0.0333333 0.138889 0.329727
0 0.3 0.319444 0.0333333 0.101852 0.341299
0 0.369792 0.306481 0.0166667 0.0685185 0.347148
0 0.299479 0.319444 0.0322917 0.101852 0.358294
0 0.3 0.319444 0.0333333 0.101852 0.360838
0 0.370313 0.307407 0.0177083 0.0703704 0.375025
0 0.466146 0.335185 0.028125 0.12963 0.376009
0 0.466146 0.337037 0.0260417 0.144444 0.378196
0 0.369792 0.306481 0.0166667 0.0685185 0.385028
0 0.466667 0.337037 0.0270833 0.144444 0.389954
0 0.299479 0.323148 0.0322917 0.101852 0.392745
0 0.369792 0.307407 0.0166667 0.0666667 0.40952
0 0.298958 0.323148 0.03125 0.101852 0.411396
0 0.640625 0.35 0.0333333 0.148148 0.415358
0 0.03125 0.560185 0.0625 0.424074 0.421583
0 0.299479 0.323148 0.0322917 0.101852 0.424886
0 0.466146 0.334259 0.0302083 0.131481 0.42684
0 0.640625 0.350926 0.0333333 0.146296 0.435722
0 0.64375 0.349074 0.0291667 0.138889 0.441434
0 0.644792 0.346296 0.0291667 0.140741 0.449844
0 0.645312 0.346296 0.028125 0.140741 0.452336
0 0.623958 0.347222 0.025 0.157407 0.455719
0 0.623958 0.347222 0.025 0.157407 0.456062
0 0.633854 0.347222 0.0427083 0.15 0.461846
0 0.508333 0.338889 0.03125 0.140741 0.465044
0 0.507292 0.339815 0.0291667 0.131481 0.465319
0 0.466667 0.334259 0.0291667 0.131481 0.466443
0 0.641667 0.35 0.03125 0.148148 0.475637
0 0.507292 0.338889 0.03125 0.140741 0.480429
0 0.3375 0.308333 0.01875 0.0685185 0.480999
0 0.633333 0.349074 0.0416667 0.15 0.484529
0 0.466146 0.335185 0.028125 0.133333 0.496847
0 0.643229 0.348148 0.028125 0.137037 0.501129
0 0.298958 0.324074 0.03125 0.1 0.505478
0 0.3 0.319444 0.03125 0.0981481 0.522963
0 0.298438 0.323148 0.0322917 0.101852 0.530417
0 0.507812 0.341667 0.028125 0.135185 0.531224
0 0.507292 0.338889 0.03125 0.140741 0.532264
0 0.633333 0.347222 0.0416667 0.15 0.536336
0 0.3 0.318519 0.03125 0.1 0.538768
0 0.298958 0.323148 0.03125 0.101852 0.546075
0 0.297396 0.321296 0.0322917 0.0981481 0.555251
0 0.3 0.318519 0.03125 0.1 0.559053
0 0.338021 0.309259 0.0197917 0.0703704 0.559561
0 0.635417 0.349074 0.0395833 0.157407 0.560507
0 0.625521 0.348148 0.028125 0.162963 0.563511
0 0.338021 0.309259 0.0197917 0.0703704 0.564606
0 0.466667 0.336111 0.0291667 0.135185 0.567584
0 0.296875 0.324074 0.03125 0.0962963 0.570986
0 0.297396 0.32037 0.0322917 0.1 0.574354
0 0.635417 0.35 0.0395833 0.159259 0.582158
0 0.466667 0.336111 0.0270833 0.142593 0.583843
0 0.466146 0.336111 0.028125 0.142593 0.584215
0 0.338021 0.309259 0.0197917 0.0703704 0.584462
0 0.3375 0.307407 0.01875 0.0666667 0.588809
0 0.644271 0.348148 0.0260417 0.137037 0.591699
0 0.336979 0.309259 0.0197917 0.0703704 0.59437
0 0.623958 0.348148 0.0229167 0.162963 0.595697
0 0.623958 0.348148 0.0229167 0.162963 0.598706
0 0.641667 0.346296 0.03125 0.148148 0.598941
0 0.297396 0.32037 0.0322917 0.1 0.59924
0 0.203646 0.373148 0.078125 0.312963 0.600782
0 0.3375 0.309259 0.0208333 0.0703704 0.603344
0 0.297396 0.322222 0.0322917 0.103704 0.605611
0 0.297396 0.323148 0.0322917 0.0981481 0.607758
0 0.641667 0.346296 0.03125 0.144444 0.611711
0 0.625 0.347222 0.0270833 0.164815 0.614245
0 0.297396 0.322222 0.0322917 0.103704 0.62403
0 0.336979 0.309259 0.0197917 0.0703704 0.624249
0 0.297917 0.319444 0.0333333 0.101852 0.627534
0 0.297396 0.323148 0.0322917 0.0981481 0.62788
0 0.203646 0.374074 0.078125 0.311111 0.628469
0 0.297917 0.319444 0.0333333 0.101852 0.63761
0 0.297396 0.319444 0.0322917 0.101852 0.64464
0 0.20625 0.368519 0.0791667 0.311111 0.644649
0 0.297396 0.322222 0.0322917 0.103704 0.644905
0 0.204167 0.374074 0.0791667 0.322222 0.64564
0 0.466146 0.333333 0.028125 0.137037 0.655877
0 0.507812 0.341667 0.0302083 0.135185 0.680605
0 0.204167 0.373148 0.0791667 0.32037 0.682853
0 0.507812 0.341667 0.0302083 0.135185 0.688702
0 0.507292 0.340741 0.0291667 0.137037 0.69118
0 0.507292 0.340741 0.0291667 0.137037 0.6925
0 0.507812 0.340741 0.028125 0.137037 0.692908
0 0.204167 0.374074 0.0791667 0.322222 0.694297
0 0.624479 0.348148 0.0260417 0.162963 0.697874
0 0.507812 0.340741 0.028125 0.137037 0.698033
0 0.466146 0.334259 0.028125 0.138889 0.698879
0 0.206771 0.369444 0.0760417 0.305556 0.712885
0 0.507812 0.341667 0.0302083 0.135185 0.718228
0 0.466146 0.333333 0.028125 0.137037 0.718816
0 0.204688 0.375 0.078125 0.312963 0.766818
0 0.466146 0.335185 0.028125 0.140741 0.770641
0 0.466146 0.336111 0.028125 0.138889 0.77511
0 0.204688 0.375926 0.0760417 0.314815 0.779661
0 0.204688 0.375926 0.0760417 0.311111 0.794661
0 0.203646 0.375926 0.078125 0.311111 0.842473
0 0.204167 0.375926 0.0770833 0.311111 0.849353
0 0.203646 0.375 0.078125 0.312963 0.851703
0 0.205208 0.374074 0.0791667 0.314815 0.854915
0 0.205208 0.374074 0.0791667 0.314815 0.855524
0 0.205208 0.374074 0.0791667 0.314815 0.856783
0 0.203646 0.375 0.078125 0.316667 0.858798
