0 0.819271 0.549074 0.0989583 0.564815 0.250987
0 0.429167 0.353704 0.04375 0.107407 0.255277
0 0.124479 0.369444 0.0260417 0.116667 0.255583
0 0.398438 0.334259 0.015625 0.0611111 0.255749
0 0.124479 0.369444 0.0260417 0.116667 0.255812
0 0.415625 0.350926 0.0208333 0.116667 0.256471
0 0.34375 0.339815 0.01875 0.0648148 0.257548
0 0.344271 0.339815 0.0177083 0.0648148 0.257783
0 0.463542 0.37037 0.025 0.125926 0.259907
0 0.344792 0.337963 0.0166667 0.0685185 0.261257
0 0.0515625 0.368519 0.0197917 0.0962963 0.261276
0 0.34375 0.339815 0.01875 0.0648148 0.262511
13 0.301042 0.442593 0.127083 0.0888889 0.270086
0 0.463542 0.371296 0.025 0.124074 0.270851
0 0.344271 0.339815 0.0177083 0.0648148 0.271823
13 0.301562 0.442593 0.126042 0.0888889 0.273207
13 0.282813 0.668519 0.219792 0.192593 0.28
13 0.289062 0.447222 0.148958 0.109259 0.281253
0 0.0520833 0.368519 0.0208333 0.1 0.284964
0 0.0515625 0.368519 0.0197917 0.1 0.28504
13 0.281771 0.671296 0.217708 0.190741 0.285646
0 0.34375 0.339815 0.01875 0.0648148 0.286606
13 0.282813 0.669444 0.217708 0.190741 0.287404
0 0.489062 0.353704 0.021875 0.103704 0.295233
0 0.490625 0.352778 0.0208333 0.105556 0.296403
24 0.951042 0.466667 0.0833333 0.225926 0.299116
24 0.951042 0.466667 0.0833333 0.22963 0.30454
0 0.940104 0.524074 0.115625 0.492593 0.306856
0 0.561458 0.371296 0.0354167 0.198148 0.307545
0 0.920833 0.535185 0.1125 0.596296 0.309411
0 0.285417 0.362037 0.0291667 0.135185 0.316728
13 0.282292 0.671296 0.21875 0.194444 0.317798
0 0.345833 0.340741 0.01875 0.0666667 0.317955
0 0.921354 0.534259 0.113542 0.601852 0.320775
0 0.488542 0.353704 0.0208333 0.111111 0.322036
0 0.561458 0.371296 0.0354167 0.201852 0.326216
0 0.561458 0.371296 0.0354167 0.198148 0.327047
0 0.46875 0.371296 0.025 0.127778 0.331182
0 0.0510417 0.367593 0.01875 0.0981481 0.333435
13 0.281771 0.669444 0.215625 0.194444 0.333575
13 0.292188 0.443519 0.142708 0.0981481 0.334889
24 0.951042 0.465741 0.0833333 0.227778 0.336803
13 0.281771 0.668519 0.215625 0.192593 0.339889
0 0.5625 0.368519 0.0375 0.192593 0.342815
0 0.489062 0.353704 0.021875 0.103704 0.344106
0 0.5625 0.369444 0.0375 0.194444 0.344839
0 0.489062 0.353704 0.021875 0.103704 0.349962
0 0.934375 0.530556 0.127083 0.57963 0.354519
24 0.961979 0.456481 0.071875 0.22037 0.355787
13 0.291667 0.443519 0.141667 0.0981481 0.358887
24 0.961979 0.456481 0.0739583 0.22037 0.359384
13 0.296875 0.443519 0.14375 0.105556 0.362806
24 0.961979 0.456481 0.071875 0.22037 0.373908
0 0.81875 0.538889 0.104167 0.566667 0.37538
0 0.440625 0.35 0.01875 0.1 0.388225
0 0.469792 0.382407 0.0270833 0.131481 0.388918
13 0.319792 0.785185 0.285417 0.422222 0.391844
0 0.440625 0.35 0.01875 0.103704 0.39224
13 0.333333 0.786111 0.291667 0.42037 0.3951
13 0.286458 0.440741 0.152083 0.111111 0.395441
13 0.336458 0.784259 0.320833 0.416667 0.397577
0 0.0515625 0.362963 0.0197917 0.103704 0.39771
13 0.335938 0.783333 0.319792 0.414815 0.410268
0 0.46875 0.372222 0.025 0.137037 0.410578
13 0.333333 0.785185 0.291667 0.414815 0.411822
0 0.46875 0.372222 0.025 0.137037 0.412471
0 0.440625 0.35 0.01875 0.103704 0.413183
13 0.335417 0.783333 0.320833 0.414815 0.415801
13 0.320833 0.787037 0.285417 0.414815 0.419432
0 0.441146 0.350926 0.021875 0.0944444 0.431643
0 0.441667 0.352778 0.01875 0.105556 0.43404
0 0.46875 0.375926 0.03125 0.148148 0.435191
0 0.284375 0.358333 0.0291667 0.135185 0.436332
0 0.441146 0.350926 0.021875 0.0981481 0.436338
24 0.959375 0.463889 0.0791667 0.22037 0.437955
0 0.126042 0.374074 0.0270833 0.122222 0.439182
0 0.934375 0.52963 0.129167 0.577778 0.443048
0 0.469792 0.382407 0.0270833 0.135185 0.450999
0 0.469792 0.382407 0.0270833 0.135185 0.451639
0 0.443229 0.350926 0.0197917 0.0981481 0.452678
0 0.441667 0.352778 0.01875 0.101852 0.453028
0 0.81875 0.537037 0.104167 0.562963 0.453571
13 0.328125 0.781482 0.314583 0.414815 0.455088
0 0.0510417 0.363889 0.0208333 0.101852 0.457111
0 0.817187 0.549074 0.105208 0.575926 0.457873
0 0.441146 0.351852 0.021875 0.0962963 0.458016
24 0.961979 0.464815 0.0760417 0.225926 0.458129
0 0.817187 0.549074 0.105208 0.575926 0.459685
13 0.326562 0.783333 0.311458 0.411111 0.462778
0 0.468229 0.375 0.034375 0.146296 0.465767
0 0.441667 0.352778 0.01875 0.105556 0.465889
13 0.327083 0.782407 0.3125 0.412963 0.468362
0 0.415104 0.35463 0.021875 0.12037 0.468497
0 0.46875 0.375926 0.03125 0.144444 0.469956
24 0.961979 0.463889 0.0739583 0.227778 0.473513
0 0.415625 0.35463 0.0208333 0.124074 0.475406
0 0.378646 0.359259 0.021875 0.118519 0.480202
0 0.0510417 0.363889 0.0208333 0.101852 0.482922
0 0.0515625 0.363889 0.021875 0.101852 0.48385
0 0.126042 0.372222 0.0270833 0.122222 0.487899
0 0.472396 0.375 0.028125 0.142593 0.490983
24 0.9625 0.462963 0.075 0.22963 0.493091
0 0.563542 0.372222 0.0354167 0.2 0.495793
0 0.415104 0.35463 0.021875 0.124074 0.496426
24 0.959375 0.463889 0.0770833 0.22037 0.499068
0 0.472917 0.375926 0.0291667 0.140741 0.499462
0 0.285417 0.361111 0.0291667 0.140741 0.501326
0 0.284375 0.357407 0.0291667 0.137037 0.502169
0 0.378125 0.359259 0.0208333 0.118519 0.502249
0 0.563542 0.372222 0.0354167 0.2 0.506308
0 0.285417 0.361111 0.0291667 0.140741 0.506374
0 0.126042 0.372222 0.0270833 0.122222 0.509058
0 0.126042 0.372222 0.0270833 0.122222 0.510236
0 0.469792 0.378704 0.0270833 0.135185 0.51454
0 0.563542 0.372222 0.0354167 0.2 0.516502
0 0.378125 0.358333 0.0208333 0.12037 0.52119
0 0.376042 0.358333 0.0229167 0.116667 0.532682
0 0.416146 0.355556 0.021875 0.118519 0.541369
0 0.125521 0.373148 0.0260417 0.12037 0.552888
0 0.0520833 0.366667 0.0208333 0.0962963 0.556322
0 0.0520833 0.366667 0.0208333 0.0962963 0.557716
0 0.0520833 0.366667 0.0208333 0.1 0.561756
0 0.926042 0.536111 0.108333 0.568519 0.565202
0 0.470833 0.376852 0.03125 0.15 0.567831
0 0.053125 0.366667 0.0208333 0.0962963 0.572784
13 0.330729 0.784259 0.311458 0.416667 0.574487
0 0.927604 0.537963 0.115625 0.575926 0.574989
0 0.0520833 0.365741 0.0208333 0.0981481 0.579267
0 0.0520833 0.365741 0.0208333 0.0981481 0.579613
0 0.927604 0.539815 0.115625 0.568519 0.580993
13 0.330729 0.784259 0.311458 0.416667 0.587477
13 0.330729 0.784259 0.311458 0.416667 0.587497
0 0.471354 0.376852 0.0302083 0.15 0.58773
0 0.416146 0.355556 0.021875 0.114815 0.596186
0 0.470313 0.377778 0.0302083 0.151852 0.597617
0 0.378646 0.358333 0.021875 0.112963 0.598119
0 0.416667 0.355556 0.0208333 0.114815 0.603788
0 0.0526042 0.365741 0.0197917 0.0981481 0.603825
0 0.378125 0.357407 0.0208333 0.114815 0.606712
0 0.053125 0.365741 0.0208333 0.0981481 0.610144
0 0.926042 0.536111 0.108333 0.564815 0.611044
0 0.416146 0.356481 0.021875 0.112963 0.613575
0 0.819271 0.533333 0.107292 0.548148 0.618815
0 0.284896 0.360185 0.028125 0.142593 0.620096
0 0.378646 0.358333 0.021875 0.112963 0.623735
0 0.563542 0.37037 0.0354167 0.2 0.629058
0 0.922396 0.541667 0.113542 0.572222 0.636086
0 0.563542 0.371296 0.0354167 0.198148 0.637281
0 0.469271 0.378704 0.0302083 0.142593 0.639553
0 0.923437 0.541667 0.113542 0.572222 0.640027
0 0.284896 0.360185 0.028125 0.142593 0.640928
0 0.284896 0.359259 0.028125 0.140741 0.641911
0 0.126042 0.374074 0.0270833 0.122222 0.653821
0 0.819271 0.534259 0.105208 0.55 0.655061
0 0.126042 0.374074 0.0270833 0.122222 0.656819
0 0.377604 0.358333 0.021875 0.116667 0.658282
0 0.126042 0.374074 0.025 0.122222 0.663805
0 0.416667 0.356481 0.0208333 0.116667 0.668336
0 0.378125 0.358333 0.0208333 0.116667 0.67163
0 0.284896 0.362037 0.0302083 0.142593 0.674691
0 0.469792 0.377778 0.0291667 0.144444 0.679732
0 0.284375 0.358333 0.0291667 0.138889 0.689499
0 0.284375 0.359259 0.0291667 0.140741 0.690759
0 0.284896 0.362037 0.0302083 0.142593 0.692836
0 0.469792 0.377778 0.0291667 0.144444 0.69347
0 0.284896 0.361111 0.0302083 0.144444 0.704022
0 0.377604 0.359259 0.021875 0.118519 0.70657
0 0.126042 0.373148 0.0270833 0.12037 0.711685
0 0.377604 0.360185 0.021875 0.116667 0.713042
0 0.126042 0.374074 0.0270833 0.125926 0.718066
0 0.377604 0.360185 0.021875 0.116667 0.719837
0 0.930729 0.536111 0.115625 0.598148 0.723197
0 0.469792 0.378704 0.0270833 0.142593 0.732371
0 0.469792 0.378704 0.0270833 0.142593 0.739161
0 0.284896 0.362037 0.0302083 0.138889 0.741141
0 0.284896 0.362037 0.0302083 0.138889 0.751047
0 0.930208 0.532407 0.127083 0.587037 0.753082
0 0.126042 0.374074 0.025 0.122222 0.763056
0 0.126042 0.374074 0.0270833 0.122222 0.763464
0 0.930208 0.536111 0.116667 0.583333 0.766875
0 0.126042 0.374074 0.0270833 0.122222 0.769662
0 0.284896 0.362037 0.0302083 0.138889 0.770336
0 0.126042 0.374074 0.025 0.122222 0.782901
0 0.284375 0.357407 0.0291667 0.144444 0.798149
0 0.126042 0.374074 0.025 0.122222 0.799919
0 0.563542 0.37037 0.0375 0.196296 0.802656
0 0.563542 0.37037 0.0375 0.196296 0.8038
0 0.284375 0.357407 0.0291667 0.140741 0.804997
0 0.126042 0.373148 0.0270833 0.12037 0.807203
0 0.126042 0.373148 0.0270833 0.12037 0.809017
0 0.929688 0.532407 0.126042 0.587037 0.812726
0 0.126042 0.373148 0.0270833 0.12037 0.827368
0 0.5625 0.37037 0.0354167 0.196296 0.830372
0 0.5625 0.37037 0.0354167 0.196296 0.835158
0 0.818229 0.537963 0.105208 0.568519 0.837753
0 0.817708 0.546296 0.104167 0.581481 0.844056
0 0.817708 0.547222 0.104167 0.57963 0.84407
0 0.563021 0.37037 0.0364583 0.2 0.845116
0 0.818229 0.538889 0.105208 0.581481 0.845464
0 0.818229 0.540741 0.105208 0.577778 0.846612
0 0.563021 0.37037 0.0364583 0.196296 0.846749
0 0.563021 0.37037 0.0364583 0.196296 0.859896
0 0.818229 0.538889 0.105208 0.566667 0.860911
0 0.563021 0.37037 0.0364583 0.2 0.861049
0 0.81875 0.544444 0.104167 0.577778 0.862391
0 0.563021 0.37037 0.0364583 0.2 0.864264
0 0.563021 0.371296 0.0364583 0.198148 0.865768
0 0.81875 0.544444 0.104167 0.577778 0.885214
