0 0.469271 0.340741 0.028125 0.144444 0.251291
0 0.469271 0.340741 0.028125 0.144444 0.25695
0 0.00729167 0.361111 0.0145833 0.122222 0.258064
26 0.849479 0.488889 0.040625 0.137037 0.26187
0 0.458333 0.325926 0.0229167 0.107407 0.262116
0 0.235417 0.349074 0.0395833 0.172222 0.263544
26 0.847396 0.485185 0.0385417 0.144444 0.264964
0 0.00677083 0.351852 0.0135417 0.0925926 0.265004
0 0.00625 0.347222 0.0125 0.0944444 0.26522
26 0.847396 0.487037 0.0385417 0.148148 0.267036
0 0.222396 0.322222 0.0197917 0.103704 0.273358
26 0.847396 0.485185 0.0385417 0.144444 0.273602
0 0.807292 0.553704 0.152083 0.648148 0.276511
0 0.481771 0.341667 0.028125 0.153704 0.284087
0 0.481771 0.341667 0.028125 0.153704 0.285246
0 0.222917 0.315741 0.01875 0.0944444 0.285306
0 0.594792 0.340741 0.0270833 0.12963 0.287229
0 0.222917 0.315741 0.01875 0.0981481 0.287968
0 0.221875 0.325926 0.0208333 0.114815 0.290803
0 0.222396 0.321296 0.0197917 0.101852 0.29082
0 0.458333 0.325926 0.0208333 0.107407 0.294472
0 0.222917 0.315741 0.01875 0.0981481 0.294882
0 0.458854 0.327778 0.021875 0.111111 0.301027
0 0.00677083 0.351852 0.0135417 0.0962963 0.303452
0 0.222396 0.321296 0.0197917 0.101852 0.304365
0 0.458854 0.326852 0.021875 0.109259 0.31115
0 0.48125 0.346296 0.0270833 0.137037 0.311152
0 0.05625 0.310185 0.0166667 0.0722222 0.312909
0 0.808333 0.552778 0.152083 0.646296 0.318281
0 0.341146 0.342593 0.0322917 0.188889 0.320067
0 0.341146 0.343519 0.0322917 0.190741 0.322578
0 0.127604 0.327778 0.021875 0.111111 0.325658
0 0.938021 0.562963 0.123958 0.659259 0.330403
0 0.221875 0.316667 0.01875 0.1 0.338928
0 0.127604 0.327778 0.021875 0.114815 0.34462
0 0.05625 0.310185 0.0166667 0.0722222 0.352333
0 0.127604 0.327778 0.021875 0.114815 0.360268
0 0.9375 0.574074 0.122917 0.685185 0.36827
0 0.8 0.547222 0.139583 0.624074 0.401059
0 0.806771 0.551852 0.142708 0.67037 0.401744
0 0.05625 0.310185 0.0166667 0.0722222 0.404682
0 0.48125 0.348148 0.0291667 0.155556 0.409202
0 0.798958 0.55 0.141667 0.625926 0.414342
0 0.59375 0.347222 0.0291667 0.142593 0.417199
0 0.05625 0.310185 0.0166667 0.0722222 0.419093
0 0.514063 0.334259 0.0197917 0.135185 0.420726
0 0.48125 0.348148 0.0291667 0.151852 0.448661
0 0.479688 0.346296 0.0302083 0.155556 0.45298
0 0.806771 0.550926 0.142708 0.664815 0.453574
0 0.341667 0.351852 0.0333333 0.185185 0.460108
0 0.125521 0.332407 0.021875 0.116667 0.460839
0 0.59375 0.347222 0.0291667 0.142593 0.461659
0 0.629167 0.326852 0.0208333 0.101852 0.469674
0 0.566667 0.32963 0.0270833 0.12963 0.470469
0 0.480729 0.347222 0.028125 0.153704 0.471446
0 0.59375 0.348148 0.0270833 0.137037 0.471727
0 0.592188 0.34537 0.0302083 0.138889 0.481734
0 0.341146 0.351852 0.0322917 0.185185 0.486892
0 0.592708 0.34537 0.0291667 0.138889 0.489074
0 0.48125 0.347222 0.0291667 0.157407 0.510779
0 0.594271 0.347222 0.028125 0.142593 0.5118
0 0.566667 0.32963 0.0270833 0.137037 0.513967
0 0.593229 0.347222 0.028125 0.142593 0.515767
0 0.511979 0.337037 0.021875 0.125926 0.520043
0 0.938542 0.553704 0.122917 0.703704 0.521552
0 0.594792 0.347222 0.0291667 0.142593 0.522051
0 0.567187 0.32963 0.0260417 0.133333 0.523024
0 0.594271 0.347222 0.028125 0.131481 0.527743
0 0.933333 0.561111 0.120833 0.692593 0.529694
0 0.629687 0.327778 0.0197917 0.103704 0.530484
0 0.592708 0.34537 0.0291667 0.135185 0.532722
0 0.629167 0.327778 0.0208333 0.103704 0.537548
0 0.511979 0.337963 0.021875 0.127778 0.541269
0 0.481771 0.346296 0.028125 0.155556 0.54335
0 0.511979 0.337963 0.021875 0.127778 0.550079
0 0.566146 0.327778 0.028125 0.12963 0.551812
0 0.594271 0.347222 0.028125 0.138889 0.562267
0 0.127083 0.332407 0.0208333 0.116667 0.563463
0 0.127083 0.332407 0.0208333 0.116667 0.564545
0 0.127083 0.332407 0.0208333 0.116667 0.567237
0 0.283854 0.314815 0.0197917 0.0888889 0.576227
0 0.341667 0.35 0.0333333 0.196296 0.576319
0 0.282813 0.313889 0.0197917 0.087037 0.579333
0 0.283333 0.313889 0.01875 0.087037 0.586826
0 0.125521 0.332407 0.021875 0.116667 0.587433
0 0.126563 0.330556 0.021875 0.116667 0.587561
0 0.341667 0.35 0.0333333 0.196296 0.592499
0 0.48125 0.346296 0.0291667 0.151852 0.59309
0 0.126563 0.32963 0.021875 0.114815 0.600131
0 0.48125 0.346296 0.0291667 0.151852 0.60578
0 0.341667 0.35 0.0333333 0.196296 0.608292
0 0.126563 0.32963 0.021875 0.114815 0.613029
0 0.5125 0.333333 0.01875 0.125926 0.615632
0 0.126563 0.32963 0.021875 0.114815 0.615936
0 0.513021 0.336111 0.0197917 0.131481 0.626171
0 0.566146 0.327778 0.0260417 0.125926 0.627067
0 0.566146 0.327778 0.0260417 0.125926 0.631456
0 0.938021 0.556481 0.123958 0.72037 0.633953
0 0.5125 0.335185 0.01875 0.125926 0.638084
0 0.48125 0.346296 0.0291667 0.151852 0.646272
0 0.567187 0.327778 0.028125 0.12963 0.64755
0 0.283854 0.315741 0.0177083 0.0833333 0.648007
0 0.5125 0.334259 0.01875 0.124074 0.648555
0 0.629167 0.325 0.0208333 0.0981481 0.648721
0 0.513021 0.336111 0.0197917 0.131481 0.669214
0 0.567187 0.32963 0.028125 0.12963 0.671533
0 0.805208 0.548148 0.147917 0.625926 0.672326
0 0.567187 0.32963 0.028125 0.12963 0.677838
0 0.594271 0.348148 0.028125 0.133333 0.68579
0 0.938021 0.55463 0.123958 0.716667 0.692881
0 0.629167 0.325 0.0208333 0.101852 0.695858
0 0.594792 0.348148 0.0270833 0.133333 0.697232
0 0.628646 0.326852 0.021875 0.105556 0.702177
0 0.283333 0.313889 0.0208333 0.087037 0.70268
0 0.805208 0.551852 0.145833 0.633333 0.709094
0 0.283333 0.316667 0.0208333 0.0851852 0.712638
0 0.628646 0.325 0.0197917 0.101852 0.714491
0 0.566667 0.327778 0.0270833 0.12963 0.715295
0 0.341667 0.34537 0.0333333 0.183333 0.722446
0 0.566667 0.327778 0.0270833 0.12963 0.723966
0 0.341667 0.344444 0.0333333 0.185185 0.727592
0 0.803646 0.553704 0.140625 0.648148 0.730077
0 0.341667 0.35 0.0333333 0.196296 0.732064
0 0.282813 0.313889 0.0197917 0.087037 0.732165
0 0.283333 0.316667 0.0208333 0.0851852 0.735881
0 0.628646 0.326852 0.021875 0.109259 0.737173
0 0.567187 0.32963 0.028125 0.125926 0.738589
0 0.567187 0.32963 0.028125 0.125926 0.73973
0 0.283333 0.315741 0.0208333 0.0833333 0.742698
0 0.341667 0.35 0.0333333 0.192593 0.746137
0 0.628646 0.325926 0.021875 0.107407 0.749505
0 0.341667 0.35 0.0333333 0.196296 0.750113
0 0.628646 0.325926 0.021875 0.107407 0.751042
0 0.341667 0.349074 0.0333333 0.194444 0.752833
0 0.629167 0.325926 0.0208333 0.107407 0.760467
0 0.566667 0.32963 0.0270833 0.12963 0.761826
0 0.481771 0.346296 0.028125 0.151852 0.765109
0 0.341667 0.350926 0.0333333 0.194444 0.766097
0 0.59375 0.348148 0.0270833 0.140741 0.770687
0 0.481771 0.346296 0.028125 0.148148 0.774837
0 0.59375 0.347222 0.0270833 0.138889 0.779637
0 0.283333 0.317593 0.0208333 0.0907407 0.779872
0 0.799479 0.557407 0.132292 0.633333 0.780588
0 0.48125 0.344444 0.0270833 0.155556 0.783244
0 0.938542 0.555556 0.122917 0.711111 0.786891
0 0.341146 0.347222 0.034375 0.190741 0.789902
0 0.48125 0.344444 0.0270833 0.151852 0.792448
0 0.341667 0.35 0.0333333 0.192593 0.794819
0 0.341146 0.348148 0.034375 0.192593 0.795654
0 0.566667 0.32963 0.0270833 0.12963 0.796272
0 0.803646 0.555556 0.140625 0.633333 0.79691
0 0.803646 0.55463 0.140625 0.646296 0.798293
0 0.283333 0.316667 0.0208333 0.0888889 0.798518
0 0.283333 0.316667 0.0208333 0.0888889 0.799535
0 0.8 0.556481 0.13125 0.627778 0.801035
0 0.803125 0.555556 0.141667 0.633333 0.814522
0 0.938542 0.55463 0.122917 0.709259 0.821097
0 0.9375 0.561111 0.125 0.703704 0.822975
0 0.9375 0.560185 0.125 0.701852 0.84394
0 0.9375 0.558333 0.125 0.694444 0.87327
0 0.803125 0.552778 0.139583 0.638889 0.886969
0 0.803125 0.553704 0.139583 0.640741 0.892237
