0 0.663542 0.341667 0.0270833 0.127778 0.252828
0 0.493229 0.355556 0.040625 0.107407 0.255565
0 0.484375 0.355556 0.0291667 0.111111 0.25955
0 0.507812 0.357407 0.028125 0.107407 0.25992
0 0.600521 0.352778 0.028125 0.127778 0.262851
0 0.401042 0.346296 0.03125 0.133333 0.264203
0 0.599479 0.346296 0.028125 0.122222 0.275073
0 0.00625 0.341667 0.0125 0.109259 0.278563
0 0.538021 0.327778 0.0177083 0.0777778 0.279706
0 0.664062 0.340741 0.0260417 0.12963 0.280714
0 0.384896 0.337963 0.015625 0.109259 0.282899
0 0.538021 0.327778 0.0177083 0.0740741 0.288562
0 0.663542 0.341667 0.0270833 0.127778 0.288689
0 0.508333 0.360185 0.025 0.0981481 0.29509
0 0.6625 0.339815 0.0270833 0.127778 0.298274
0 0.398438 0.343519 0.0322917 0.127778 0.301489
0 0.488542 0.355556 0.025 0.103704 0.303667
0 0.598958 0.347222 0.0291667 0.124074 0.306881
0 0.6 0.352778 0.0270833 0.127778 0.306934
0 0.00520833 0.347222 0.0104167 0.101852 0.309433
0 0.663542 0.341667 0.0270833 0.127778 0.309622
0 0.6625 0.340741 0.025 0.125926 0.312551
0 0.538021 0.327778 0.0177083 0.0740741 0.314758
0 0.599479 0.347222 0.028125 0.124074 0.320757
0 0.510938 0.352778 0.0260417 0.109259 0.325406
0 0.488542 0.355556 0.025 0.103704 0.325479
0 0.0619792 0.322222 0.0197917 0.103704 0.327434
0 0.488021 0.356481 0.0260417 0.105556 0.32804
0 0.510938 0.352778 0.0260417 0.109259 0.332931
0 0.0619792 0.322222 0.0197917 0.103704 0.333192
0 0.0619792 0.322222 0.0197917 0.103704 0.333933
0 0.00520833 0.347222 0.0104167 0.101852 0.337476
24 0.945833 0.384259 0.06875 0.201852 0.337802
0 0.483854 0.351852 0.0260417 0.114815 0.341702
0 0.510938 0.353704 0.0260417 0.107407 0.343278
24 0.951563 0.391667 0.071875 0.201852 0.344523
24 0.946354 0.385185 0.0697917 0.196296 0.344713
0 0.508333 0.360185 0.025 0.0981481 0.345128
0 0.540104 0.322222 0.015625 0.0666667 0.346296
0 0.842708 0.446296 0.0833333 0.525926 0.34652
24 0.951563 0.391667 0.071875 0.201852 0.347785
0 0.508333 0.360185 0.025 0.101852 0.348081
24 0.951042 0.392593 0.0729167 0.2 0.348124
0 0.00625 0.341667 0.0125 0.112963 0.351129
0 0.539062 0.324074 0.015625 0.0740741 0.361121
0 0.384896 0.337037 0.0135417 0.103704 0.362478
0 0.6625 0.339815 0.0270833 0.124074 0.363958
0 0.398438 0.343519 0.0322917 0.131481 0.36818
24 0.946875 0.393519 0.06875 0.183333 0.369974
24 0.946875 0.394444 0.0708333 0.181481 0.371725
0 0.483854 0.350926 0.0260417 0.112963 0.372999
0 0.8375 0.44537 0.08125 0.487037 0.375248
0 0.508333 0.356481 0.0270833 0.105556 0.376316
0 0.385417 0.337037 0.0145833 0.107407 0.380878
0 0.664062 0.340741 0.0260417 0.125926 0.381079
0 0.483854 0.350926 0.0260417 0.112963 0.384123
0 0.663021 0.341667 0.028125 0.127778 0.38429
0 0.539583 0.323148 0.0145833 0.0685185 0.384548
0 0.601042 0.350926 0.0291667 0.127778 0.38637
0 0.398438 0.343519 0.0322917 0.131481 0.386592
24 0.951563 0.388889 0.0739583 0.207407 0.387637
0 0.664062 0.339815 0.0239583 0.131481 0.389139
0 0.6 0.352778 0.0270833 0.124074 0.390827
0 0.484375 0.356481 0.0270833 0.105556 0.395019
0 0.895312 0.471296 0.101042 0.598148 0.39834
0 0.446354 0.359259 0.0260417 0.151852 0.404937
0 0.601042 0.350926 0.0291667 0.127778 0.407154
0 0.842708 0.44537 0.08125 0.527778 0.407159
0 0.6625 0.340741 0.025 0.12963 0.409346
0 0.540104 0.322222 0.015625 0.0666667 0.411682
0 0.6625 0.340741 0.025 0.12963 0.411742
0 0.601042 0.350926 0.0291667 0.127778 0.412047
0 0.446354 0.359259 0.0260417 0.151852 0.416715
0 0.834896 0.446296 0.0760417 0.503704 0.418536
0 0.834896 0.44537 0.078125 0.498148 0.421745
0 0.538542 0.325926 0.0166667 0.0703704 0.427602
0 0.663021 0.339815 0.0260417 0.124074 0.429161
24 0.951563 0.388889 0.071875 0.207407 0.436521
0 0.874479 0.468519 0.130208 0.592593 0.439485
0 0.539583 0.324074 0.0166667 0.0703704 0.440663
0 0.447396 0.357407 0.0260417 0.137037 0.442961
0 0.447396 0.356481 0.0260417 0.135185 0.44399
0 0.663021 0.341667 0.028125 0.127778 0.446583
24 0.950521 0.389815 0.0760417 0.205556 0.450068
0 0.508333 0.355556 0.025 0.107407 0.451953
0 0.0328125 0.331481 0.0239583 0.1 0.453151
0 0.663542 0.340741 0.0270833 0.12963 0.453672
0 0.664062 0.340741 0.0260417 0.12963 0.454022
0 0.871875 0.467593 0.13125 0.594444 0.462055
24 0.95 0.388889 0.075 0.207407 0.464316
0 0.601042 0.348148 0.0291667 0.125926 0.466235
0 0.508333 0.355556 0.025 0.107407 0.475784
0 0.508333 0.355556 0.025 0.107407 0.483574
0 0.0614583 0.325926 0.01875 0.103704 0.487854
0 0.507812 0.358333 0.0260417 0.105556 0.492244
0 0.889583 0.462963 0.0979167 0.6 0.492873
0 0.539583 0.324074 0.0145833 0.0703704 0.508381
0 0.0609375 0.325926 0.0197917 0.103704 0.508627
0 0.0614583 0.325926 0.01875 0.103704 0.514363
0 0.895312 0.472222 0.101042 0.596296 0.52036
0 0.539062 0.324074 0.015625 0.0703704 0.520407
0 0.663021 0.341667 0.0260417 0.127778 0.523513
0 0.399479 0.348148 0.0302083 0.151852 0.524814
24 0.950521 0.390741 0.0739583 0.203704 0.534659
24 0.950521 0.390741 0.0760417 0.203704 0.536341
0 0.399479 0.348148 0.0302083 0.151852 0.537849
0 0.889063 0.463889 0.0989583 0.590741 0.543515
24 0.950521 0.389815 0.0739583 0.201852 0.545236
0 0.601042 0.35 0.0291667 0.12963 0.54725
0 0.448438 0.357407 0.028125 0.140741 0.553422
0 0.601042 0.349074 0.0291667 0.127778 0.557828
0 0.401563 0.347222 0.0322917 0.142593 0.566871
0 0.401563 0.347222 0.0322917 0.142593 0.575566
0 0.0604167 0.325926 0.01875 0.103704 0.576782
0 0.836458 0.442593 0.08125 0.492593 0.588304
0 0.448438 0.357407 0.028125 0.140741 0.593467
0 0.401042 0.351852 0.03125 0.155556 0.596483
0 0.448438 0.357407 0.028125 0.140741 0.603812
0 0.0604167 0.325926 0.01875 0.107407 0.614632
0 0.0333333 0.32963 0.01875 0.1 0.615552
0 0.0333333 0.32963 0.01875 0.1 0.61669
0 0.0333333 0.328704 0.01875 0.0981481 0.617082
0 0.0338542 0.327778 0.0197917 0.1 0.621862
0 0.0609375 0.325926 0.0197917 0.107407 0.623562
0 0.446354 0.357407 0.028125 0.148148 0.63302
0 0.0338542 0.328704 0.0197917 0.101852 0.646399
0 0.402604 0.351852 0.0302083 0.159259 0.65569
0 0.0609375 0.324074 0.0197917 0.1 0.657222
0 0.403125 0.350926 0.0291667 0.157407 0.662138
0 0.0338542 0.328704 0.0197917 0.101852 0.666054
0 0.0338542 0.328704 0.0197917 0.101852 0.666673
0 0.447396 0.358333 0.028125 0.146296 0.670165
0 0.896875 0.474074 0.0916667 0.588889 0.675545
0 0.0604167 0.325926 0.01875 0.103704 0.679702
0 0.446354 0.356481 0.028125 0.15 0.681844
0 0.446875 0.356481 0.0270833 0.138889 0.682762
0 0.446875 0.356481 0.0270833 0.138889 0.682871
0 0.402604 0.35 0.0302083 0.159259 0.684485
0 0.0609375 0.324074 0.0197917 0.103704 0.687916
0 0.896354 0.472222 0.0947917 0.588889 0.688959
0 0.0609375 0.324074 0.0197917 0.103704 0.69398
0 0.034375 0.326852 0.01875 0.101852 0.695403
0 0.402083 0.35 0.0291667 0.159259 0.701786
0 0.0338542 0.32963 0.0197917 0.0962963 0.702001
0 0.402083 0.35 0.0291667 0.159259 0.702012
0 0.0604167 0.324074 0.01875 0.103704 0.705983
0 0.893229 0.467593 0.090625 0.609259 0.716819
0 0.447396 0.358333 0.028125 0.146296 0.718194
0 0.600521 0.350926 0.028125 0.124074 0.719917
0 0.836458 0.442593 0.08125 0.488889 0.721623
0 0.401563 0.352778 0.0302083 0.157407 0.721979
0 0.893229 0.467593 0.090625 0.605556 0.726608
0 0.0338542 0.32963 0.0197917 0.1 0.727542
0 0.600521 0.351852 0.028125 0.125926 0.727765
0 0.0338542 0.32963 0.0197917 0.1 0.72875
0 0.600521 0.351852 0.028125 0.125926 0.736013
0 0.599479 0.353704 0.028125 0.122222 0.73773
0 0.447396 0.358333 0.028125 0.146296 0.74317
0 0.402083 0.352778 0.0291667 0.157407 0.750726
0 0.447396 0.357407 0.0260417 0.144444 0.752601
0 0.600521 0.351852 0.028125 0.125926 0.75338
0 0.599479 0.353704 0.028125 0.122222 0.755936
0 0.446875 0.357407 0.0270833 0.148148 0.756427
0 0.600521 0.351852 0.028125 0.12963 0.759592
0 0.401563 0.352778 0.0302083 0.157407 0.759651
0 0.446875 0.357407 0.0270833 0.144444 0.766201
0 0.600521 0.351852 0.028125 0.125926 0.776321
0 0.599479 0.353704 0.028125 0.122222 0.781015
0 0.401563 0.347222 0.0302083 0.161111 0.782631
0 0.401563 0.347222 0.0302083 0.157407 0.784683
0 0.6 0.351852 0.0291667 0.125926 0.795757
0 0.892708 0.474074 0.0979167 0.603704 0.804368
0 0.8375 0.444444 0.08125 0.496296 0.804782
0 0.892708 0.473148 0.0979167 0.594444 0.806337
0 0.8375 0.444444 0.08125 0.503704 0.807636
0 0.6 0.351852 0.0291667 0.125926 0.81711
0 0.6 0.351852 0.0291667 0.125926 0.821976
0 0.839063 0.446296 0.0822917 0.511111 0.835576
0 0.838021 0.443519 0.0802083 0.505556 0.845072
0 0.838021 0.444444 0.0802083 0.503704 0.846499
0 0.838542 0.446296 0.08125 0.503704 0.858086
