0 0.295833 0.325 0.025 0.0981481 0.252194
26 0.829687 0.534259 0.040625 0.105556 0.252651
24 0.966667 0.471296 0.0666667 0.168519 0.253989
0 0.295833 0.325 0.025 0.0981481 0.256957
0 0.0963542 0.324074 0.015625 0.062963 0.261545
0 0.891667 0.468519 0.0729167 0.462963 0.262652
0 0.375521 0.362963 0.0322917 0.17037 0.263839
0 0.0963542 0.324074 0.015625 0.062963 0.26403
0 0.295312 0.325926 0.0260417 0.0962963 0.26438
0 0.0963542 0.323148 0.015625 0.0574074 0.265508
0 0.784375 0.60463 0.114583 0.687037 0.26703
0 0.891146 0.468519 0.0739583 0.455556 0.268625
0 0.296354 0.325926 0.0260417 0.0925926 0.270409
0 0.295312 0.325 0.0260417 0.0944444 0.270621
0 0.523438 0.359259 0.034375 0.133333 0.271529
0 0.295833 0.327778 0.0291667 0.0962963 0.273751
24 0.967188 0.471296 0.065625 0.168519 0.275123
0 0.0385417 0.385185 0.0395833 0.177778 0.277343
0 0.375 0.362963 0.03125 0.17037 0.278943
1 0.980208 0.711111 0.0375 0.122222 0.27917
0 0.0963542 0.324074 0.015625 0.062963 0.282039
0 0.581771 0.355556 0.0239583 0.125926 0.284392
0 0.499479 0.355556 0.021875 0.140741 0.284648
1 0.981771 0.714815 0.0364583 0.118519 0.285794
0 0.375 0.363889 0.03125 0.172222 0.287081
0 0.499479 0.355556 0.021875 0.140741 0.292634
24 0.965625 0.474074 0.06875 0.196296 0.292873
0 0.0380208 0.385185 0.040625 0.177778 0.294515
0 0.295833 0.32963 0.0270833 0.0962963 0.294523
24 0.967188 0.47037 0.065625 0.17037 0.294645
1 0.98125 0.713889 0.0375 0.116667 0.295725
0 0.639583 0.352778 0.025 0.109259 0.296627
1 0.981771 0.714815 0.0364583 0.118519 0.297601
26 0.828646 0.531482 0.040625 0.1 0.29812
1 0.98125 0.712963 0.0375 0.118519 0.298884
0 0.886979 0.458333 0.0739583 0.461111 0.302633
1 0.98125 0.714815 0.0375 0.118519 0.302678
0 0.505729 0.360185 0.028125 0.15 0.304731
1 0.981771 0.714815 0.0364583 0.118519 0.305126
0 0.096875 0.325 0.0145833 0.0611111 0.308292
1 0.980208 0.712963 0.0375 0.122222 0.309431
0 0.639583 0.353704 0.025 0.111111 0.310844
26 0.832812 0.536111 0.046875 0.116667 0.31144
0 0.640625 0.353704 0.025 0.111111 0.314358
0 0.596354 0.375926 0.028125 0.148148 0.314745
0 0.595833 0.375926 0.0270833 0.148148 0.316796
1 0.980729 0.712963 0.0385417 0.122222 0.317527
26 0.832292 0.535185 0.0458333 0.114815 0.317886
26 0.829687 0.531482 0.0427083 0.103704 0.319357
0 0.520833 0.361111 0.0479167 0.140741 0.322289
26 0.832812 0.536111 0.046875 0.112963 0.323822
0 0.888021 0.467593 0.0760417 0.472222 0.327836
26 0.830208 0.531482 0.0416667 0.103704 0.329335
1 0.980729 0.710185 0.0385417 0.124074 0.332489
0 0.163021 0.348148 0.0239583 0.111111 0.334057
0 0.533333 0.359259 0.0270833 0.133333 0.337143
0 0.096875 0.324074 0.0145833 0.062963 0.338005
0 0.504167 0.361111 0.0291667 0.148148 0.343374
0 0.163021 0.348148 0.0239583 0.111111 0.346864
0 0.163021 0.349074 0.0239583 0.109259 0.348571
1 0.980729 0.710185 0.0385417 0.12037 0.35301
0 0.50625 0.359259 0.0270833 0.148148 0.353786
0 0.939583 0.594444 0.120833 0.714815 0.354272
0 0.375 0.363889 0.03125 0.168519 0.354988
0 0.50625 0.362037 0.0291667 0.142593 0.36045
1 0.980729 0.710185 0.0385417 0.12037 0.361446
0 0.585938 0.368519 0.0302083 0.140741 0.362079
0 0.585938 0.369444 0.0302083 0.142593 0.370472
0 0.375521 0.363889 0.0302083 0.168519 0.375975
0 0.886979 0.449074 0.0739583 0.45 0.386574
0 0.886979 0.449074 0.0739583 0.446296 0.388567
0 0.165625 0.348148 0.0229167 0.107407 0.404187
0 0.522917 0.361111 0.04375 0.140741 0.40613
0 0.505729 0.362037 0.0239583 0.142593 0.406961
0 0.581771 0.362037 0.0239583 0.142593 0.40846
0 0.581771 0.362037 0.0239583 0.142593 0.418418
0 0.505729 0.362037 0.0239583 0.142593 0.419741
0 0.886979 0.457407 0.0739583 0.459259 0.424397
0 0.590104 0.368519 0.034375 0.144444 0.425464
0 0.591146 0.368519 0.034375 0.148148 0.425643
0 0.791146 0.59537 0.117708 0.705556 0.428366
0 0.50625 0.362037 0.0291667 0.142593 0.432883
0 0.522917 0.359259 0.04375 0.140741 0.433379
0 0.930208 0.6 0.120833 0.714815 0.43964
0 0.53125 0.358333 0.0270833 0.135185 0.46169
0 0.640625 0.349074 0.0229167 0.0944444 0.469335
0 0.0364583 0.385185 0.0354167 0.181481 0.472708
0 0.166667 0.346296 0.0229167 0.107407 0.474335
0 0.591146 0.37037 0.0364583 0.151852 0.479022
0 0.591146 0.371296 0.034375 0.153704 0.4803
0 0.524479 0.358333 0.0364583 0.142593 0.481654
0 0.525 0.358333 0.0354167 0.142593 0.484781
0 0.166146 0.34537 0.021875 0.109259 0.492258
0 0.0364583 0.384259 0.0354167 0.17963 0.496432
0 0.167187 0.347222 0.0239583 0.109259 0.506004
0 0.53125 0.360185 0.025 0.135185 0.507945
0 0.591146 0.37037 0.034375 0.151852 0.511637
0 0.166146 0.34537 0.021875 0.109259 0.512957
0 0.532812 0.360185 0.0260417 0.138889 0.516832
0 0.790104 0.598148 0.126042 0.637037 0.520558
0 0.50625 0.362037 0.0270833 0.142593 0.520919
0 0.166146 0.34537 0.021875 0.109259 0.5212
0 0.532812 0.360185 0.0260417 0.138889 0.522694
0 0.640625 0.349074 0.0229167 0.0944444 0.534148
0 0.594271 0.375926 0.0302083 0.148148 0.534519
0 0.888542 0.458333 0.075 0.453704 0.537885
0 0.640104 0.353704 0.0239583 0.0962963 0.541553
0 0.376042 0.362963 0.03125 0.17037 0.542736
0 0.0369792 0.382407 0.0385417 0.175926 0.545406
0 0.640625 0.349074 0.0229167 0.0944444 0.548831
0 0.167187 0.346296 0.0239583 0.107407 0.550476
0 0.0369792 0.383333 0.0385417 0.177778 0.554677
0 0.376042 0.362963 0.03125 0.17037 0.555961
0 0.0359375 0.385185 0.034375 0.185185 0.556724
0 0.640625 0.352778 0.0229167 0.0944444 0.557773
0 0.376042 0.363889 0.03125 0.168519 0.559756
0 0.592188 0.373148 0.034375 0.15 0.564407
0 0.594271 0.375926 0.0302083 0.148148 0.564765
0 0.376042 0.364815 0.03125 0.17037 0.566825
0 0.594271 0.375926 0.0302083 0.148148 0.568245
0 0.888021 0.460185 0.0739583 0.468519 0.568612
0 0.376042 0.362963 0.03125 0.17037 0.568828
0 0.167187 0.346296 0.0239583 0.107407 0.570208
0 0.592188 0.373148 0.034375 0.15 0.571986
0 0.888542 0.460185 0.075 0.468519 0.574368
0 0.530729 0.361111 0.028125 0.140741 0.575773
0 0.167187 0.346296 0.0239583 0.107407 0.577131
0 0.0359375 0.385185 0.034375 0.185185 0.579159
0 0.0359375 0.385185 0.034375 0.185185 0.580856
0 0.9375 0.601852 0.122917 0.707407 0.581283
0 0.507812 0.359259 0.0260417 0.148148 0.583699
0 0.530729 0.358333 0.0260417 0.138889 0.586135
0 0.507812 0.359259 0.0260417 0.148148 0.586302
0 0.53125 0.357407 0.0270833 0.140741 0.594236
0 0.376042 0.362963 0.03125 0.17037 0.606418
0 0.592188 0.373148 0.034375 0.15 0.606456
0 0.640625 0.353704 0.0229167 0.1 0.613677
0 0.592708 0.371296 0.03125 0.15 0.614188
0 0.640625 0.353704 0.0229167 0.1 0.614614
0 0.640104 0.351852 0.021875 0.0962963 0.618211
0 0.0375 0.383333 0.0375 0.177778 0.62336
0 0.531771 0.360185 0.028125 0.138889 0.62374
0 0.593229 0.371296 0.0302083 0.15 0.627844
0 0.9375 0.601852 0.122917 0.703704 0.628368
0 0.640104 0.351852 0.021875 0.0962963 0.62846
0 0.376042 0.362963 0.03125 0.17037 0.638604
0 0.376563 0.362963 0.0302083 0.17037 0.64491
0 0.938542 0.610185 0.122917 0.716667 0.645645
0 0.376042 0.362963 0.03125 0.17037 0.649572
0 0.889063 0.455556 0.0739583 0.448148 0.650378
0 0.53125 0.361111 0.0270833 0.140741 0.651743
0 0.0375 0.383333 0.0375 0.181481 0.652564
0 0.0380208 0.385185 0.0364583 0.181481 0.655087
0 0.0354167 0.385185 0.0375 0.181481 0.657658
0 0.376042 0.363889 0.03125 0.172222 0.660449
0 0.640625 0.35463 0.0229167 0.109259 0.667844
0 0.0359375 0.386111 0.0364583 0.183333 0.673917
0 0.0375 0.383333 0.0375 0.177778 0.675369
0 0.376042 0.361111 0.03125 0.17037 0.678746
0 0.889063 0.457407 0.0739583 0.448148 0.680668
0 0.53125 0.361111 0.0270833 0.140741 0.683161
0 0.889063 0.457407 0.0739583 0.451852 0.686322
0 0.640104 0.352778 0.021875 0.109259 0.68948
0 0.640104 0.352778 0.021875 0.109259 0.690258
0 0.376042 0.362963 0.03125 0.17037 0.692001
0 0.938021 0.610185 0.123958 0.712963 0.695806
0 0.376042 0.361111 0.03125 0.17037 0.698336
0 0.0375 0.385185 0.0375 0.181481 0.700672
0 0.790104 0.601852 0.126042 0.666667 0.705265
0 0.530729 0.361111 0.0260417 0.140741 0.722381
0 0.376042 0.360185 0.0291667 0.168519 0.72616
0 0.790104 0.602778 0.121875 0.664815 0.727945
0 0.376563 0.360185 0.0302083 0.168519 0.729541
0 0.0380208 0.385185 0.0364583 0.181481 0.744036
0 0.936979 0.598148 0.126042 0.688889 0.756088
0 0.938021 0.607407 0.123958 0.714815 0.759491
0 0.53125 0.360185 0.0270833 0.138889 0.766932
0 0.531771 0.361111 0.0260417 0.140741 0.767456
0 0.531771 0.361111 0.0260417 0.140741 0.771049
0 0.8875 0.452778 0.075 0.45 0.77169
0 0.790104 0.603704 0.121875 0.677778 0.783422
0 0.8875 0.452778 0.075 0.45 0.792999
0 0.938021 0.606481 0.123958 0.712963 0.802567
0 0.790104 0.601852 0.121875 0.677778 0.830298
0 0.790104 0.602778 0.121875 0.664815 0.832124
0 0.790104 0.60463 0.121875 0.672222 0.890269
0 0.790104 0.603704 0.121875 0.67037 0.894334
0 0.789062 0.601852 0.119792 0.696296 0.895406
