0 0.934896 0.531482 0.101042 0.562963 0.250897
0 0.491667 0.34537 0.01875 0.0907407 0.253108
0 0.205208 0.363889 0.0229167 0.112963 0.253821
0 0.0536458 0.364815 0.021875 0.0962963 0.254341
13 0.294792 0.664815 0.214583 0.177778 0.257071
13 0.348437 0.782407 0.326042 0.42037 0.259677
0 0.126042 0.373148 0.0270833 0.12037 0.261037
0 0.286979 0.364815 0.028125 0.133333 0.261803
0 0.214062 0.360185 0.021875 0.112963 0.265217
0 0.935417 0.532407 0.0979167 0.557407 0.26651
0 0.288021 0.364815 0.028125 0.133333 0.267898
0 0.214062 0.361111 0.021875 0.111111 0.274342
0 0.283333 0.361111 0.0375 0.12963 0.276021
13 0.347917 0.782407 0.325 0.42037 0.278289
13 0.347396 0.782407 0.326042 0.416667 0.279283
13 0.294271 0.662963 0.215625 0.177778 0.279633
0 0.416146 0.357407 0.021875 0.122222 0.279845
0 0.205208 0.363889 0.0229167 0.112963 0.283702
0 0.471875 0.371296 0.0270833 0.142593 0.284312
0 0.471875 0.372222 0.0270833 0.144444 0.286189
0 0.210938 0.364815 0.0239583 0.114815 0.286785
0 0.416146 0.356481 0.021875 0.12037 0.286799
0 0.126042 0.374074 0.0270833 0.122222 0.287489
0 0.377604 0.358333 0.0260417 0.116667 0.292726
0 0.416146 0.357407 0.021875 0.122222 0.292868
0 0.126042 0.374074 0.0270833 0.122222 0.294783
13 0.334375 0.776852 0.3 0.405556 0.295697
0 0.419792 0.358333 0.025 0.112963 0.303825
24 0.967708 0.457407 0.0604167 0.211111 0.304077
0 0.419271 0.358333 0.0260417 0.112963 0.307154
0 0.206771 0.365741 0.0197917 0.12037 0.307646
13 0.296875 0.660185 0.208333 0.172222 0.309933
13 0.330208 0.776852 0.291667 0.401852 0.310864
0 0.206771 0.364815 0.0197917 0.118519 0.310898
13 0.296354 0.660185 0.207292 0.172222 0.316801
0 0.124479 0.375 0.0239583 0.124074 0.318848
24 0.968229 0.458333 0.0614583 0.209259 0.319372
0 0.426042 0.357407 0.0395833 0.107407 0.321905
13 0.331771 0.775 0.292708 0.401852 0.32328
24 0.968229 0.457407 0.0614583 0.207407 0.326137
0 0.834896 0.537963 0.096875 0.542593 0.32637
13 0.29375 0.658333 0.2125 0.175926 0.329051
0 0.944271 0.528704 0.109375 0.564815 0.330059
13 0.294271 0.660185 0.213542 0.175926 0.330722
0 0.20625 0.365741 0.01875 0.116667 0.335129
0 0.443229 0.350926 0.0197917 0.101852 0.338432
13 0.293229 0.661111 0.213542 0.174074 0.340139
0 0.472917 0.376852 0.0291667 0.135185 0.342255
0 0.94375 0.522222 0.1125 0.551852 0.344269
13 0.293229 0.661111 0.213542 0.174074 0.350478
0 0.210417 0.365741 0.0229167 0.12037 0.351039
24 0.969271 0.466667 0.0614583 0.225926 0.353694
0 0.285417 0.360185 0.0333333 0.131481 0.354589
0 0.285417 0.361111 0.0333333 0.133333 0.355202
0 0.430729 0.35463 0.0322917 0.105556 0.356835
13 0.334375 0.781482 0.29375 0.418519 0.369272
0 0.288021 0.362963 0.0302083 0.137037 0.370171
0 0.2875 0.363889 0.0291667 0.138889 0.372432
0 0.441146 0.35 0.0197917 0.0925926 0.374472
0 0.125521 0.375926 0.0260417 0.122222 0.379265
0 0.441146 0.350926 0.0197917 0.0981481 0.380073
0 0.833333 0.548148 0.0979167 0.551852 0.383952
13 0.334375 0.782407 0.29375 0.416667 0.384068
0 0.430729 0.35463 0.0322917 0.109259 0.384742
13 0.294271 0.660185 0.211458 0.175926 0.384886
13 0.334896 0.782407 0.294792 0.416667 0.385067
24 0.969271 0.465741 0.0614583 0.216667 0.3873
0 0.833333 0.548148 0.0979167 0.551852 0.392798
13 0.294792 0.659259 0.2125 0.174074 0.392909
0 0.441146 0.35 0.0197917 0.0962963 0.396383
0 0.430208 0.35463 0.03125 0.105556 0.39689
0 0.830729 0.550926 0.096875 0.568519 0.40138
24 0.969271 0.466667 0.0614583 0.222222 0.411638
0 0.943229 0.523148 0.113542 0.546296 0.419643
0 0.834375 0.537963 0.0979167 0.538889 0.420034
0 0.830729 0.550926 0.096875 0.564815 0.422262
24 0.969271 0.466667 0.0614583 0.222222 0.429012
0 0.471354 0.383333 0.0260417 0.133333 0.439824
0 0.831771 0.537963 0.096875 0.55 0.441581
0 0.441667 0.35 0.0208333 0.0925926 0.443958
0 0.472396 0.37963 0.028125 0.137037 0.445468
0 0.441667 0.35 0.0208333 0.0962963 0.449412
0 0.471875 0.376852 0.03125 0.153704 0.461287
0 0.441667 0.35 0.0208333 0.0962963 0.467941
0 0.419271 0.358333 0.0239583 0.116667 0.467945
0 0.125521 0.376852 0.0260417 0.12037 0.478473
0 0.472396 0.376852 0.0302083 0.15 0.481756
0 0.471354 0.376852 0.0322917 0.15 0.483449
0 0.0541667 0.373148 0.0208333 0.101852 0.485035
0 0.831771 0.539815 0.096875 0.553704 0.489452
0 0.286458 0.362037 0.0291667 0.135185 0.491062
0 0.286458 0.362963 0.0291667 0.133333 0.496094
0 0.419271 0.357407 0.021875 0.118519 0.496292
0 0.286979 0.364815 0.028125 0.140741 0.500687
0 0.0541667 0.372222 0.0208333 0.103704 0.504091
0 0.419271 0.357407 0.0239583 0.118519 0.504891
0 0.0541667 0.372222 0.0208333 0.103704 0.505939
0 0.286979 0.364815 0.028125 0.140741 0.506558
0 0.944792 0.531482 0.108333 0.574074 0.526109
0 0.471354 0.383333 0.0260417 0.137037 0.53148
0 0.053125 0.372222 0.0208333 0.1 0.531712
0 0.471354 0.383333 0.0260417 0.137037 0.531956
0 0.376563 0.359259 0.0239583 0.114815 0.535127
0 0.944271 0.52963 0.107292 0.555556 0.574303
0 0.126042 0.375926 0.025 0.122222 0.577555
0 0.378646 0.360185 0.021875 0.116667 0.581852
0 0.378646 0.359259 0.021875 0.111111 0.600683
0 0.378646 0.359259 0.021875 0.118519 0.60311
0 0.126042 0.376852 0.0270833 0.124074 0.605042
0 0.378125 0.358333 0.0229167 0.112963 0.606569
0 0.125521 0.375 0.0260417 0.124074 0.608492
0 0.560417 0.374074 0.0354167 0.192593 0.612327
0 0.560417 0.372222 0.0354167 0.192593 0.613428
0 0.378646 0.359259 0.021875 0.118519 0.62108
0 0.378646 0.359259 0.021875 0.111111 0.623015
0 0.286979 0.362037 0.0302083 0.135185 0.629226
0 0.286979 0.362037 0.0302083 0.135185 0.633403
0 0.41875 0.358333 0.0229167 0.112963 0.643568
0 0.053125 0.372222 0.0208333 0.1 0.664498
0 0.0541667 0.37037 0.0208333 0.0962963 0.668423
0 0.378646 0.360185 0.021875 0.116667 0.672936
0 0.125521 0.374074 0.0260417 0.122222 0.674062
0 0.125521 0.375926 0.0260417 0.125926 0.68001
0 0.472396 0.377778 0.0302083 0.140741 0.682697
0 0.473437 0.378704 0.0302083 0.146296 0.684063
0 0.472396 0.377778 0.0302083 0.140741 0.68557
0 0.944271 0.52963 0.107292 0.574074 0.685659
0 0.0536458 0.369444 0.0197917 0.101852 0.685709
0 0.286458 0.364815 0.03125 0.137037 0.68761
0 0.471875 0.37963 0.0291667 0.144444 0.687983
0 0.0536458 0.37037 0.0197917 0.0962963 0.68896
0 0.0541667 0.37037 0.0208333 0.0962963 0.689873
0 0.419792 0.359259 0.0229167 0.114815 0.691069
0 0.560417 0.372222 0.0354167 0.192593 0.693038
0 0.286979 0.365741 0.0302083 0.138889 0.693384
0 0.0541667 0.371296 0.0208333 0.101852 0.694384
0 0.420312 0.359259 0.021875 0.114815 0.695171
0 0.286458 0.364815 0.0291667 0.137037 0.695739
0 0.560417 0.372222 0.0354167 0.192593 0.697285
0 0.286458 0.364815 0.03125 0.137037 0.697832
0 0.560417 0.372222 0.0354167 0.196296 0.702379
0 0.0536458 0.369444 0.0197917 0.101852 0.704667
0 0.378646 0.360185 0.021875 0.116667 0.707463
0 0.473437 0.378704 0.0302083 0.146296 0.707931
0 0.0541667 0.369444 0.0208333 0.101852 0.708985
0 0.472917 0.378704 0.0291667 0.146296 0.709963
0 0.378125 0.360185 0.0208333 0.116667 0.711479
0 0.471875 0.378704 0.0291667 0.146296 0.714254
0 0.420312 0.360185 0.021875 0.112963 0.718085
0 0.471875 0.378704 0.0291667 0.146296 0.719705
0 0.378125 0.361111 0.0208333 0.114815 0.719811
0 0.378125 0.360185 0.0208333 0.116667 0.726171
0 0.286979 0.364815 0.0302083 0.140741 0.729326
0 0.286458 0.361111 0.0291667 0.137037 0.733115
0 0.286458 0.364815 0.03125 0.137037 0.734671
0 0.286458 0.362037 0.0291667 0.138889 0.739426
0 0.472396 0.380556 0.028125 0.146296 0.748984
0 0.419271 0.358333 0.021875 0.112963 0.753984
0 0.941146 0.532407 0.103125 0.553704 0.754575
0 0.472396 0.37963 0.028125 0.144444 0.754803
0 0.941667 0.532407 0.104167 0.553704 0.763748
0 0.125521 0.375 0.0260417 0.124074 0.771091
0 0.125521 0.375926 0.0260417 0.122222 0.771206
0 0.833333 0.537037 0.0979167 0.533333 0.771525
0 0.832292 0.537037 0.0979167 0.566667 0.79817
0 0.833333 0.538889 0.1 0.544444 0.799783
0 0.125521 0.375926 0.028125 0.122222 0.800979
0 0.126042 0.375926 0.0270833 0.122222 0.80277
0 0.832292 0.537963 0.0979167 0.557407 0.807357
0 0.126042 0.375926 0.025 0.122222 0.808254
0 0.559375 0.373148 0.0354167 0.194444 0.814486
0 0.125521 0.375 0.0260417 0.12037 0.818375
0 0.558854 0.373148 0.034375 0.194444 0.819517
0 0.833333 0.536111 0.0979167 0.538889 0.820022
0 0.941146 0.531482 0.105208 0.555556 0.822851
0 0.126042 0.375926 0.025 0.122222 0.82739
0 0.943229 0.530556 0.107292 0.568519 0.830305
0 0.560417 0.373148 0.0354167 0.198148 0.831766
0 0.833333 0.538889 0.1 0.548148 0.832622
0 0.833333 0.543519 0.0979167 0.553704 0.833671
0 0.126042 0.375926 0.025 0.122222 0.838122
0 0.560417 0.374074 0.0354167 0.196296 0.842666
0 0.560417 0.373148 0.0354167 0.198148 0.847814
0 0.560417 0.373148 0.0354167 0.194444 0.848556
0 0.941146 0.52963 0.105208 0.555556 0.849912
0 0.560417 0.373148 0.0354167 0.194444 0.859219
0 0.560417 0.372222 0.0354167 0.196296 0.863898
0 0.943229 0.52963 0.107292 0.566667 0.864329
0 0.560417 0.373148 0.0354167 0.194444 0.865365
0 0.560417 0.372222 0.0354167 0.196296 0.865496
0 0.833333 0.543519 0.0979167 0.553704 0.871071
