0 0.383333 0.29537 0.0145833 0.0648148 0.250521
13 0.204688 0.781482 0.390625 0.418519 0.252053
13 0.205208 0.782407 0.391667 0.416667 0.25415
13 0.205208 0.782407 0.389583 0.416667 0.254556
0 0.497917 0.325 0.0229167 0.087037 0.255435
24 0.774479 0.319444 0.040625 0.131481 0.262687
0 0.455729 0.335185 0.028125 0.155556 0.269367
0 0.383333 0.29537 0.0145833 0.0648148 0.269428
0 0.523958 0.29537 0.025 0.0796296 0.269592
0 0.320312 0.291667 0.0135417 0.0574074 0.269871
24 0.774479 0.32037 0.0427083 0.133333 0.270087
0 0.498437 0.325 0.0239583 0.0907407 0.270182
13 0.210417 0.781482 0.397917 0.407407 0.272102
13 0.210417 0.780556 0.397917 0.409259 0.272243
0 0.477083 0.327778 0.0229167 0.0888889 0.273413
0 0.45625 0.336111 0.0291667 0.157407 0.273683
0 0.366146 0.308333 0.021875 0.0944444 0.273901
13 0.210417 0.781482 0.395833 0.407407 0.280634
0 0.498437 0.325 0.0239583 0.0907407 0.281755
0 0.320312 0.291667 0.0135417 0.0574074 0.284145
0 0.616667 0.315741 0.0208333 0.116667 0.288382
0 0.383854 0.296296 0.015625 0.0740741 0.296322
0 0.616667 0.315741 0.0208333 0.116667 0.297658
0 0.491146 0.325926 0.0322917 0.0888889 0.298044
0 0.49375 0.328704 0.0333333 0.0833333 0.298427
0 0.366667 0.312963 0.0208333 0.103704 0.299393
24 0.777083 0.326852 0.0416667 0.116667 0.299993
24 0.777083 0.326852 0.0416667 0.116667 0.305609
0 0.477604 0.324074 0.021875 0.1 0.30693
24 0.777083 0.326852 0.0416667 0.116667 0.307892
0 0.365625 0.308333 0.0208333 0.0944444 0.309526
0 0.0958333 0.32963 0.0541667 0.17037 0.312151
0 0.719271 0.37037 0.0510417 0.340741 0.313488
0 0.365625 0.308333 0.0208333 0.0944444 0.318026
0 0.611979 0.318519 0.0302083 0.118519 0.320511
0 0.497917 0.328704 0.025 0.087037 0.321204
0 0.5 0.328704 0.0229167 0.087037 0.32948
0 0.383333 0.296296 0.0166667 0.0777778 0.331551
0 0.366146 0.312963 0.0197917 0.107407 0.332729
0 0.477083 0.327778 0.0229167 0.0925926 0.333901
0 0.477083 0.327778 0.0229167 0.0925926 0.334993
0 0.610417 0.314815 0.03125 0.118519 0.338311
0 0.0963542 0.330556 0.0552083 0.168519 0.338909
0 0.477604 0.325 0.021875 0.101852 0.338991
0 0.366667 0.312963 0.0208333 0.107407 0.342024
0 0.6125 0.317593 0.0291667 0.12037 0.343
0 0.604167 0.322222 0.0354167 0.125926 0.344171
0 0.596875 0.323148 0.0229167 0.124074 0.345677
0 0.477604 0.324074 0.021875 0.1 0.34691
0 0.596875 0.323148 0.0229167 0.124074 0.34877
0 0.719271 0.37037 0.0447917 0.318519 0.349886
24 0.772917 0.328704 0.0479167 0.161111 0.353581
0 0.596875 0.323148 0.0229167 0.124074 0.35359
0 0.455208 0.32963 0.025 0.148148 0.357219
0 0.6125 0.317593 0.0291667 0.12037 0.357936
0 0.383333 0.296296 0.0166667 0.0740741 0.358007
13 0.209375 0.782407 0.395833 0.412963 0.360954
0 0.455208 0.32963 0.025 0.148148 0.364475
24 0.775 0.325926 0.0395833 0.114815 0.364864
0 0.473437 0.332407 0.0260417 0.142593 0.365245
24 0.773438 0.330556 0.046875 0.168519 0.365991
0 0.497917 0.328704 0.025 0.087037 0.366912
13 0.209896 0.782407 0.394792 0.412963 0.370092
13 0.209896 0.782407 0.396875 0.412963 0.371062
0 0.5 0.328704 0.0229167 0.087037 0.371398
0 0.528125 0.294444 0.0166667 0.0666667 0.372488
0 0.497917 0.32963 0.025 0.0888889 0.374862
24 0.772917 0.328704 0.0479167 0.164815 0.379055
0 0.473437 0.332407 0.0260417 0.142593 0.379173
0 0.5 0.328704 0.0229167 0.087037 0.381176
0 0.527604 0.293519 0.015625 0.0722222 0.381875
0 0.528125 0.294444 0.0166667 0.0703704 0.389703
0 0.721875 0.373148 0.0520833 0.35 0.390539
0 0.527604 0.293519 0.015625 0.0722222 0.392827
0 0.595833 0.323148 0.0270833 0.124074 0.395976
24 0.775 0.325 0.0395833 0.124074 0.396931
24 0.774479 0.325926 0.040625 0.125926 0.397557
0 0.596354 0.321296 0.028125 0.124074 0.409428
24 0.773958 0.32037 0.0416667 0.137037 0.411605
0 0.366667 0.311111 0.0229167 0.103704 0.422922
0 0.527083 0.294444 0.0166667 0.0703704 0.429521
24 0.776563 0.328704 0.0427083 0.112963 0.431602
0 0.717708 0.366667 0.04375 0.318519 0.43469
24 0.773438 0.323148 0.0427083 0.131481 0.435823
0 0.527604 0.294444 0.015625 0.0703704 0.437096
0 0.498958 0.328704 0.0229167 0.087037 0.440884
24 0.776563 0.325 0.0427083 0.116667 0.44402
0 0.0921875 0.332407 0.0510417 0.172222 0.44864
24 0.776042 0.328704 0.0416667 0.116667 0.458927
24 0.776042 0.32963 0.0416667 0.118519 0.460504
24 0.773438 0.324074 0.0427083 0.12963 0.462064
24 0.776042 0.325926 0.0416667 0.118519 0.464122
24 0.776563 0.325 0.0427083 0.116667 0.464883
0 0.527604 0.293519 0.015625 0.0722222 0.467423
0 0.616667 0.311111 0.0208333 0.111111 0.4732
0 0.528125 0.294444 0.0166667 0.0703704 0.474686
0 0.0921875 0.332407 0.0510417 0.172222 0.477089
0 0.527604 0.294444 0.015625 0.0703704 0.477348
24 0.776042 0.325926 0.0416667 0.114815 0.481531
0 0.596354 0.323148 0.0260417 0.124074 0.48311
24 0.776563 0.325 0.0427083 0.116667 0.487403
0 0.455729 0.333333 0.028125 0.155556 0.493573
0 0.527604 0.292593 0.015625 0.0703704 0.497372
0 0.595833 0.325 0.025 0.12037 0.49877
0 0.595833 0.321296 0.0270833 0.12037 0.502387
0 0.757292 0.375 0.075 0.372222 0.504963
0 0.0942708 0.327778 0.0489583 0.174074 0.506019
0 0.527083 0.293519 0.0166667 0.0685185 0.508531
24 0.776042 0.325 0.0416667 0.116667 0.509662
0 0.595833 0.32037 0.025 0.125926 0.514889
0 0.0942708 0.327778 0.0489583 0.17037 0.51856
0 0.757292 0.376852 0.0729167 0.375926 0.520868
0 0.616667 0.311111 0.0208333 0.111111 0.526725
0 0.616667 0.312037 0.0208333 0.112963 0.528902
0 0.595833 0.325 0.025 0.12037 0.532999
0 0.733333 0.374074 0.0666667 0.355556 0.540376
0 0.45625 0.333333 0.0270833 0.162963 0.545559
0 0.617188 0.311111 0.0197917 0.107407 0.54946
0 0.455208 0.332407 0.0229167 0.153704 0.557408
0 0.756771 0.375926 0.078125 0.374074 0.55899
0 0.595833 0.324074 0.025 0.118519 0.564375
0 0.734896 0.374074 0.071875 0.351852 0.568881
0 0.734375 0.374074 0.0708333 0.355556 0.573634
0 0.751042 0.374074 0.0791667 0.366667 0.57438
0 0.454688 0.333333 0.0239583 0.151852 0.575308
0 0.595833 0.32037 0.025 0.12963 0.580786
0 0.455729 0.332407 0.0260417 0.153704 0.58542
0 0.595833 0.32037 0.025 0.12963 0.589638
0 0.759375 0.374074 0.06875 0.37037 0.611535
0 0.456771 0.332407 0.028125 0.153704 0.619555
0 0.717708 0.372222 0.0416667 0.325926 0.621643
0 0.413021 0.322222 0.0260417 0.155556 0.625211
0 0.413021 0.32037 0.0260417 0.151852 0.630484
0 0.413021 0.322222 0.0260417 0.151852 0.63086
0 0.4125 0.318519 0.0270833 0.151852 0.633845
0 0.757292 0.376852 0.0708333 0.375926 0.636763
0 0.366667 0.312037 0.0208333 0.105556 0.637098
0 0.45625 0.333333 0.0270833 0.159259 0.638585
0 0.413542 0.319444 0.0270833 0.15 0.639251
0 0.595833 0.323148 0.025 0.124074 0.641107
0 0.09375 0.330556 0.0520833 0.172222 0.644734
0 0.4125 0.317593 0.0270833 0.153704 0.644854
0 0.366146 0.312963 0.021875 0.103704 0.646652
0 0.595833 0.322222 0.025 0.122222 0.651855
0 0.455729 0.332407 0.0260417 0.153704 0.661094
0 0.413021 0.324074 0.028125 0.151852 0.661599
0 0.717708 0.372222 0.0416667 0.325926 0.667897
0 0.366146 0.313889 0.021875 0.101852 0.670632
0 0.366667 0.312963 0.0208333 0.103704 0.673215
0 0.366667 0.312963 0.0208333 0.103704 0.675857
0 0.0932292 0.330556 0.0510417 0.168519 0.679484
0 0.365625 0.312037 0.0208333 0.101852 0.680024
0 0.757292 0.374074 0.0708333 0.37037 0.681473
0 0.717708 0.372222 0.0416667 0.322222 0.681508
0 0.456771 0.332407 0.028125 0.153704 0.683108
0 0.413542 0.322222 0.0270833 0.155556 0.684399
0 0.366146 0.313889 0.021875 0.101852 0.68505
0 0.09375 0.330556 0.0520833 0.172222 0.687679
0 0.0932292 0.32963 0.0510417 0.17037 0.689466
0 0.757292 0.373148 0.0708333 0.372222 0.692706
0 0.456771 0.332407 0.028125 0.153704 0.699037
0 0.413021 0.322222 0.028125 0.151852 0.699049
0 0.757292 0.374074 0.0708333 0.37037 0.70147
0 0.0932292 0.32963 0.0510417 0.17037 0.707818
0 0.45625 0.332407 0.0270833 0.161111 0.710563
0 0.0932292 0.330556 0.0510417 0.168519 0.71789
0 0.09375 0.330556 0.0520833 0.172222 0.724126
0 0.413021 0.323148 0.028125 0.15 0.72914
0 0.09375 0.32963 0.05 0.17037 0.735928
0 0.413021 0.324074 0.028125 0.151852 0.742586
0 0.09375 0.330556 0.0520833 0.168519 0.744259
0 0.09375 0.32963 0.05 0.17037 0.754647
0 0.71875 0.37037 0.04375 0.325926 0.757194
0 0.0932292 0.330556 0.0510417 0.168519 0.764407
0 0.413021 0.324074 0.028125 0.151852 0.771778
0 0.366146 0.312963 0.0197917 0.1 0.772102
0 0.0932292 0.32963 0.0510417 0.17037 0.773334
0 0.71875 0.369444 0.04375 0.324074 0.778235
0 0.71875 0.369444 0.04375 0.324074 0.778299
0 0.09375 0.330556 0.05 0.172222 0.781277
0 0.09375 0.330556 0.05 0.172222 0.786151
0 0.413021 0.325 0.028125 0.153704 0.798178
0 0.455729 0.333333 0.0260417 0.151852 0.804469
0 0.4125 0.325 0.0270833 0.15 0.813331
0 0.455729 0.333333 0.0260417 0.148148 0.814618
