0 0.631771 0.357407 0.028125 0.137037 0.252231
13 0.132812 0.741667 0.265625 0.261111 0.256318
0 0.458333 0.349074 0.0270833 0.146296 0.256668
0 0.632812 0.351852 0.028125 0.137037 0.257239
13 0.130729 0.698148 0.261458 0.237037 0.257457
0 0.630208 0.355556 0.0270833 0.140741 0.259472
0 0.696875 0.342593 0.0166667 0.0962963 0.262489
0 0.368229 0.318519 0.0135417 0.062963 0.262747
0 0.632812 0.352778 0.028125 0.135185 0.26521
0 0.0078125 0.363889 0.015625 0.135185 0.265426
0 0.368229 0.314815 0.015625 0.0703704 0.266504
0 0.4625 0.333333 0.0270833 0.107407 0.268983
0 0.630208 0.355556 0.0270833 0.140741 0.270989
0 0.36875 0.313889 0.0166667 0.0685185 0.271441
0 0.696875 0.334259 0.0166667 0.109259 0.271665
13 0.132812 0.755556 0.263542 0.344444 0.273754
0 0.463542 0.332407 0.0270833 0.105556 0.274849
0 0.696875 0.343519 0.0166667 0.0944444 0.275326
0 0.368229 0.318519 0.0135417 0.0592593 0.27976
0 0.610937 0.35463 0.0697917 0.142593 0.280691
0 0.35625 0.309259 0.0145833 0.0740741 0.281498
13 0.133854 0.794444 0.265625 0.311111 0.283559
13 0.371354 0.562963 0.119792 0.148148 0.290777
0 0.969271 0.559259 0.0614583 0.8 0.294454
0 0.697917 0.333333 0.0166667 0.107407 0.294458
0 0.35625 0.310185 0.0145833 0.0722222 0.302834
0 0.00729167 0.363889 0.0145833 0.127778 0.304602
0 0.697396 0.333333 0.015625 0.103704 0.304831
0 0.697396 0.334259 0.015625 0.101852 0.30787
13 0.158333 0.80463 0.316667 0.301852 0.310816
13 0.372396 0.571296 0.121875 0.157407 0.311921
0 0.225 0.324074 0.0645833 0.162963 0.312625
0 0.697917 0.335185 0.0166667 0.103704 0.312806
0 0.498958 0.351852 0.0270833 0.137037 0.315292
0 0.498437 0.349074 0.0260417 0.135185 0.318641
0 0.498437 0.348148 0.0260417 0.133333 0.319785
0 0.611458 0.355556 0.0666667 0.140741 0.320124
13 0.133333 0.796296 0.266667 0.3 0.320555
0 0.697396 0.335185 0.015625 0.103704 0.322888
13 0.133333 0.79537 0.266667 0.298148 0.328311
13 0.372396 0.569444 0.119792 0.161111 0.331643
13 0.132292 0.741667 0.2625 0.324074 0.332118
0 0.479167 0.331481 0.0166667 0.0814815 0.332353
0 0.697396 0.334259 0.015625 0.105556 0.333327
13 0.156771 0.803704 0.313542 0.296296 0.338141
13 0.157813 0.80463 0.315625 0.294444 0.339137
13 0.132292 0.731481 0.2625 0.3 0.340192
0 0.479167 0.330556 0.0166667 0.0833333 0.342323
0 0.458333 0.337963 0.0291667 0.116667 0.350772
0 0.498958 0.351852 0.0229167 0.137037 0.353665
0 0.610937 0.355556 0.0677083 0.148148 0.354158
0 0.498958 0.351852 0.0270833 0.137037 0.363156
0 0.00729167 0.363889 0.0145833 0.135185 0.367105
0 0.697917 0.337963 0.0166667 0.105556 0.37024
0 0.225521 0.321296 0.0635417 0.164815 0.378746
0 0.225521 0.32037 0.0635417 0.162963 0.382198
0 0.457812 0.343519 0.028125 0.131481 0.387152
0 0.00833333 0.360185 0.0145833 0.131481 0.398959
0 0.0078125 0.359259 0.015625 0.140741 0.402303
0 0.226042 0.324074 0.0604167 0.162963 0.404558
0 0.226042 0.324074 0.0625 0.162963 0.405036
0 0.479167 0.331481 0.0166667 0.0814815 0.406067
0 0.225 0.325 0.0645833 0.168519 0.407157
0 0.458333 0.337963 0.0291667 0.116667 0.409351
0 0.697396 0.336111 0.015625 0.109259 0.413185
0 0.227083 0.323148 0.0645833 0.157407 0.413394
0 0.498958 0.351852 0.0270833 0.137037 0.423576
0 0.498958 0.350926 0.025 0.135185 0.425705
0 0.0078125 0.359259 0.015625 0.140741 0.427996
0 0.632812 0.356481 0.0322917 0.135185 0.429109
0 0.226562 0.323148 0.0635417 0.157407 0.43953
0 0.223958 0.321296 0.0604167 0.161111 0.448427
0 0.284375 0.422222 0.08125 0.37037 0.448862
0 0.222917 0.323148 0.0583333 0.164815 0.450121
0 0.226562 0.323148 0.0635417 0.157407 0.4518
0 0.224479 0.321296 0.0614583 0.161111 0.452934
0 0.223438 0.323148 0.059375 0.164815 0.453773
0 0.458854 0.337037 0.028125 0.114815 0.459426
0 0.225 0.321296 0.0604167 0.157407 0.459873
13 0.373958 0.565741 0.122917 0.142593 0.464952
0 0.225 0.321296 0.0604167 0.157407 0.470914
13 0.373958 0.564815 0.116667 0.133333 0.471006
0 0.284896 0.422222 0.0822917 0.366667 0.472217
13 0.373958 0.566667 0.120833 0.140741 0.4733
13 0.373958 0.565741 0.116667 0.135185 0.475451
13 0.373958 0.565741 0.122917 0.142593 0.478751
0 0.284896 0.421296 0.0822917 0.372222 0.48357
13 0.373958 0.565741 0.116667 0.135185 0.483624
0 0.499479 0.351852 0.0260417 0.137037 0.486593
13 0.372917 0.565741 0.120833 0.138889 0.488038
0 0.498958 0.351852 0.025 0.137037 0.494507
0 0.458333 0.339815 0.0291667 0.124074 0.497151
0 0.225 0.322222 0.0604167 0.159259 0.502899
13 0.372917 0.562963 0.11875 0.140741 0.507832
0 0.0078125 0.358333 0.015625 0.15 0.510942
0 0.0078125 0.361111 0.015625 0.137037 0.513762
0 0.458854 0.343519 0.028125 0.131481 0.519161
0 0.0078125 0.358333 0.015625 0.146296 0.519983
0 0.224479 0.323148 0.059375 0.161111 0.527319
0 0.0078125 0.361111 0.015625 0.137037 0.531213
0 0.223438 0.321296 0.0572917 0.157407 0.534059
0 0.224479 0.323148 0.059375 0.161111 0.534934
0 0.458333 0.343519 0.0291667 0.135185 0.540521
0 0.498958 0.353704 0.0270833 0.137037 0.543983
0 0.224479 0.323148 0.059375 0.161111 0.552829
0 0.222917 0.322222 0.0583333 0.155556 0.552872
0 0.223438 0.321296 0.0572917 0.157407 0.55801
0 0.593229 0.350926 0.0322917 0.161111 0.564735
0 0.498958 0.351852 0.025 0.133333 0.569396
0 0.458854 0.343519 0.028125 0.131481 0.56977
0 0.458854 0.342593 0.028125 0.12963 0.582533
0 0.592708 0.351852 0.03125 0.159259 0.583707
0 0.458333 0.343519 0.0291667 0.131481 0.584863
0 0.457812 0.342593 0.028125 0.140741 0.597005
0 0.458333 0.343519 0.0291667 0.131481 0.59701
0 0.457812 0.340741 0.028125 0.12963 0.599348
0 0.457812 0.343519 0.028125 0.138889 0.601979
0 0.457812 0.339815 0.028125 0.127778 0.609105
0 0.498958 0.352778 0.0270833 0.138889 0.613337
0 0.632812 0.356481 0.0302083 0.142593 0.616467
0 0.632292 0.356481 0.0291667 0.138889 0.624895
0 0.591667 0.351852 0.03125 0.155556 0.631445
0 0.591667 0.351852 0.03125 0.159259 0.635944
0 0.223958 0.324074 0.0604167 0.159259 0.655614
0 0.632292 0.355556 0.0291667 0.133333 0.670029
0 0.498958 0.350926 0.025 0.138889 0.685196
0 0.499479 0.351852 0.0239583 0.144444 0.686094
0 0.498958 0.350926 0.025 0.135185 0.687272
0 0.224479 0.324074 0.0614583 0.162963 0.706195
0 0.499479 0.350926 0.0239583 0.142593 0.717599
0 0.285937 0.418519 0.084375 0.374074 0.727514
0 0.498958 0.352778 0.025 0.135185 0.729256
0 0.592708 0.350926 0.0333333 0.161111 0.742105
0 0.285937 0.419444 0.0822917 0.375926 0.762308
0 0.592188 0.351852 0.0322917 0.162963 0.769055
0 0.632292 0.355556 0.0291667 0.137037 0.769929
0 0.592188 0.350926 0.0322917 0.161111 0.772108
0 0.592188 0.351852 0.0322917 0.159259 0.77323
0 0.592188 0.350926 0.0322917 0.161111 0.774455
0 0.632292 0.355556 0.0291667 0.137037 0.780591
0 0.632292 0.356481 0.0291667 0.138889 0.784034
0 0.285417 0.422222 0.0875 0.374074 0.787237
0 0.285937 0.418519 0.0822917 0.377778 0.78987
0 0.632292 0.355556 0.0291667 0.137037 0.79335
0 0.285417 0.422222 0.0875 0.374074 0.796458
0 0.285417 0.422222 0.0875 0.374074 0.796851
0 0.592188 0.350926 0.0322917 0.161111 0.800332
0 0.632292 0.356481 0.0291667 0.138889 0.801009
0 0.632292 0.356481 0.0291667 0.138889 0.804052
0 0.632292 0.355556 0.0291667 0.137037 0.808818
0 0.592188 0.351852 0.0322917 0.155556 0.819927
0 0.592708 0.351852 0.03125 0.159259 0.820155
0 0.286458 0.418519 0.0833333 0.374074 0.821919
0 0.632292 0.356481 0.0291667 0.138889 0.823316
0 0.285417 0.418519 0.0833333 0.374074 0.830588
0 0.285417 0.422222 0.0833333 0.374074 0.847796
0 0.284896 0.421296 0.0822917 0.372222 0.849802
0 0.285417 0.422222 0.08125 0.374074 0.852942
0 0.285937 0.419444 0.0822917 0.372222 0.856255
