0 0.103646 0.337037 0.046875 0.162963 0.252373
0 0.753646 0.386111 0.071875 0.361111 0.266405
0 0.460938 0.340741 0.0260417 0.137037 0.266824
13 0.235938 0.782407 0.330208 0.42037 0.274131
0 0.103646 0.337037 0.046875 0.162963 0.278289
0 0.6 0.334259 0.0270833 0.124074 0.278645
0 0.383854 0.312963 0.0135417 0.0592593 0.287994
0 0.498437 0.334259 0.0239583 0.0944444 0.305124
0 0.519792 0.32037 0.0291667 0.0962963 0.306373
24 0.76875 0.338889 0.0395833 0.111111 0.306852
0 0.415625 0.332407 0.0270833 0.146296 0.316177
24 0.76875 0.338889 0.0395833 0.122222 0.316308
0 0.48125 0.334259 0.0208333 0.101852 0.325305
24 0.76875 0.337963 0.0395833 0.12037 0.326243
0 0.616667 0.322222 0.01875 0.103704 0.327972
0 0.498958 0.334259 0.025 0.0944444 0.32938
0 0.741146 0.383333 0.084375 0.351852 0.32939
0 0.498958 0.334259 0.025 0.0944444 0.337266
0 0.460417 0.340741 0.025 0.137037 0.346959
0 0.485417 0.333333 0.0208333 0.0962963 0.350233
0 0.753646 0.387037 0.0697917 0.359259 0.35439
0 0.527604 0.305556 0.015625 0.0703704 0.356023
0 0.48125 0.334259 0.0208333 0.101852 0.365179
0 0.48125 0.335185 0.0208333 0.103704 0.365583
0 0.415625 0.337037 0.0270833 0.144444 0.375323
0 0.529167 0.309259 0.0166667 0.0740741 0.375674
0 0.615625 0.32963 0.01875 0.118519 0.376376
0 0.106771 0.337037 0.0510417 0.17037 0.379259
0 0.528646 0.309259 0.015625 0.0740741 0.382136
0 0.415625 0.337037 0.0270833 0.144444 0.383223
0 0.106771 0.337963 0.0510417 0.168519 0.383389
0 0.597396 0.334259 0.021875 0.12037 0.386612
13 0.238542 0.783333 0.333333 0.407407 0.38746
13 0.238542 0.783333 0.335417 0.407407 0.389595
13 0.239063 0.783333 0.332292 0.407407 0.389826
0 0.415625 0.330556 0.0270833 0.138889 0.396792
0 0.616667 0.323148 0.01875 0.105556 0.397293
24 0.76875 0.335185 0.0416667 0.122222 0.397898
13 0.236979 0.778704 0.330208 0.401852 0.398638
13 0.236458 0.77963 0.33125 0.4 0.398703
0 0.415625 0.333333 0.0270833 0.144444 0.398745
0 0.616667 0.323148 0.01875 0.105556 0.400695
0 0.604167 0.333333 0.03125 0.122222 0.40222
0 0.415625 0.32963 0.0270833 0.140741 0.405383
13 0.236979 0.77963 0.330208 0.403704 0.406059
0 0.415625 0.332407 0.0270833 0.146296 0.414882
0 0.528646 0.303704 0.015625 0.0666667 0.418224
0 0.528125 0.305556 0.0145833 0.0703704 0.422068
0 0.500521 0.333333 0.021875 0.0962963 0.424741
0 0.601562 0.330556 0.0239583 0.12037 0.425078
0 0.501042 0.335185 0.0229167 0.0962963 0.426758
0 0.528646 0.309259 0.015625 0.0740741 0.428575
24 0.768229 0.334259 0.040625 0.12037 0.430671
0 0.415104 0.335185 0.028125 0.137037 0.435825
0 0.460417 0.338889 0.0270833 0.144444 0.437378
0 0.601042 0.331481 0.025 0.118519 0.43812
0 0.460417 0.339815 0.025 0.131481 0.439348
0 0.460938 0.338889 0.028125 0.144444 0.4413
0 0.601042 0.330556 0.025 0.116667 0.442787
24 0.765625 0.331481 0.0416667 0.125926 0.442873
24 0.765625 0.330556 0.04375 0.127778 0.443508
0 0.528125 0.30463 0.0166667 0.0722222 0.44965
0 0.366146 0.323148 0.0177083 0.0944444 0.453628
24 0.765104 0.331481 0.0427083 0.118519 0.454173
0 0.616146 0.323148 0.0197917 0.109259 0.455658
0 0.500521 0.334259 0.021875 0.0981481 0.457922
24 0.768229 0.334259 0.040625 0.12037 0.458366
0 0.500521 0.334259 0.021875 0.0981481 0.459812
0 0.598958 0.332407 0.0229167 0.112963 0.461615
0 0.528125 0.305556 0.0145833 0.0703704 0.462546
0 0.528125 0.30463 0.0166667 0.0685185 0.464364
13 0.239063 0.781482 0.330208 0.411111 0.466135
0 0.110417 0.334259 0.0458333 0.157407 0.472336
0 0.713021 0.381481 0.040625 0.318519 0.473082
13 0.239063 0.781482 0.330208 0.411111 0.482033
13 0.239583 0.781482 0.329167 0.411111 0.485385
0 0.415625 0.333333 0.0270833 0.133333 0.486717
0 0.110417 0.335185 0.0458333 0.159259 0.490028
0 0.751042 0.385185 0.075 0.359259 0.494943
0 0.748958 0.386111 0.0770833 0.364815 0.495089
0 0.598958 0.333333 0.0229167 0.111111 0.499999
24 0.76875 0.337963 0.0395833 0.105556 0.502306
0 0.734375 0.384259 0.0770833 0.346296 0.505862
0 0.749479 0.385185 0.0760417 0.362963 0.508514
0 0.598958 0.333333 0.0229167 0.111111 0.512998
24 0.768229 0.337963 0.040625 0.112963 0.517555
0 0.616146 0.324074 0.0197917 0.111111 0.523026
0 0.528125 0.30463 0.0145833 0.0722222 0.525228
0 0.616146 0.324074 0.0197917 0.107407 0.525725
0 0.460417 0.338889 0.0270833 0.144444 0.527977
24 0.768229 0.337037 0.040625 0.111111 0.529413
0 0.616667 0.328704 0.01875 0.12037 0.531879
0 0.748958 0.386111 0.075 0.361111 0.532159
24 0.767187 0.334259 0.0427083 0.127778 0.536653
0 0.460417 0.338889 0.0270833 0.144444 0.538275
24 0.768229 0.331481 0.0427083 0.12963 0.538631
24 0.768229 0.331481 0.0427083 0.122222 0.545235
0 0.528125 0.305556 0.0145833 0.0703704 0.549058
0 0.747396 0.384259 0.0760417 0.353704 0.55354
24 0.767187 0.335185 0.0427083 0.125926 0.556429
0 0.366667 0.325926 0.01875 0.1 0.567718
24 0.768229 0.331481 0.0427083 0.122222 0.570034
0 0.367708 0.325926 0.01875 0.1 0.570969
0 0.75 0.385185 0.0791667 0.362963 0.573902
0 0.7125 0.380556 0.0395833 0.32037 0.577022
0 0.598958 0.335185 0.0229167 0.118519 0.57875
0 0.367188 0.325926 0.0177083 0.1 0.583548
24 0.767187 0.334259 0.0427083 0.124074 0.584802
0 0.460417 0.338889 0.025 0.137037 0.584845
0 0.106771 0.335185 0.0510417 0.162963 0.587442
0 0.10625 0.334259 0.0520833 0.161111 0.589373
0 0.460417 0.338889 0.025 0.137037 0.58972
0 0.106771 0.335185 0.053125 0.166667 0.591724
0 0.106771 0.333333 0.0510417 0.159259 0.596321
0 0.105729 0.336111 0.0510417 0.164815 0.601465
0 0.727083 0.385185 0.0645833 0.351852 0.612
0 0.715104 0.381481 0.0427083 0.322222 0.612708
0 0.713021 0.380556 0.0385417 0.316667 0.615315
0 0.106771 0.335185 0.0510417 0.162963 0.61802
0 0.750521 0.385185 0.0760417 0.355556 0.620294
0 0.105729 0.336111 0.0510417 0.164815 0.62263
0 0.106771 0.336111 0.0510417 0.164815 0.625387
0 0.460417 0.340741 0.0270833 0.144444 0.626577
0 0.106771 0.334259 0.0510417 0.161111 0.628448
0 0.713021 0.381481 0.0385417 0.314815 0.630033
0 0.367188 0.325 0.0197917 0.0944444 0.635384
0 0.460417 0.340741 0.0270833 0.144444 0.641207
0 0.727083 0.385185 0.0666667 0.348148 0.643215
0 0.105729 0.335185 0.0510417 0.166667 0.648339
0 0.727083 0.384259 0.0666667 0.35 0.657631
0 0.106771 0.335185 0.0510417 0.159259 0.667254
0 0.106771 0.335185 0.0510417 0.162963 0.669643
0 0.366667 0.325 0.0208333 0.0981481 0.673257
0 0.366667 0.325 0.0208333 0.0981481 0.673613
0 0.460417 0.338889 0.025 0.144444 0.677044
0 0.460938 0.338889 0.0260417 0.144444 0.67966
0 0.714063 0.381481 0.0427083 0.325926 0.682652
0 0.106771 0.333333 0.0489583 0.162963 0.683333
0 0.106771 0.333333 0.0489583 0.162963 0.684303
0 0.366667 0.325 0.01875 0.101852 0.700335
0 0.714063 0.380556 0.0427083 0.324074 0.710287
0 0.415625 0.335185 0.0291667 0.144444 0.710853
0 0.460417 0.339815 0.025 0.146296 0.718547
0 0.366146 0.325 0.0177083 0.0981481 0.725157
0 0.714063 0.381481 0.0427083 0.322222 0.725537
0 0.460417 0.339815 0.025 0.142593 0.729675
0 0.415625 0.335185 0.0291667 0.148148 0.742736
0 0.416146 0.335185 0.028125 0.144444 0.759256
0 0.416146 0.332407 0.0260417 0.142593 0.766201
0 0.415625 0.333333 0.0270833 0.140741 0.769883
0 0.365625 0.322222 0.01875 0.1 0.772047
0 0.416146 0.335185 0.028125 0.144444 0.776853
0 0.415104 0.334259 0.028125 0.15 0.777771
0 0.365625 0.323148 0.01875 0.101852 0.796731
0 0.365625 0.323148 0.01875 0.101852 0.797237
0 0.415104 0.335185 0.028125 0.148148 0.8111
0 0.415104 0.335185 0.028125 0.148148 0.845935
0 0.415625 0.335185 0.0291667 0.144444 0.857713
