26 0.7 0.571296 0.0208333 0.0759259 0.250018
0 0.502604 0.452778 0.0197917 0.0907407 0.250161
0 0.730729 0.466667 0.0177083 0.1 0.250625
0 0.280729 0.442593 0.0177083 0.062963 0.250652
0 0.333333 0.45 0.0145833 0.0777778 0.251516
28 0.577083 0.591667 0.0854167 0.0685185 0.25376
0 0.279167 0.441667 0.0145833 0.0611111 0.253926
0 0.472917 0.449074 0.0166667 0.0759259 0.253983
28 0.191667 0.562963 0.0333333 0.0666667 0.254272
0 0.109375 0.498148 0.0375 0.181481 0.254443
28 0.191667 0.562037 0.0333333 0.0648148 0.255601
0 0.730729 0.466667 0.0177083 0.1 0.256677
0 0.731771 0.466667 0.0177083 0.1 0.25718
28 0.572917 0.589815 0.0708333 0.0648148 0.257279
0 0.1625 0.499074 0.0395833 0.175926 0.25796
28 0.190625 0.561111 0.03125 0.0666667 0.259128
28 0.58125 0.591667 0.0854167 0.0685185 0.259877
0 0.109375 0.498148 0.0375 0.181481 0.260007
28 0.572917 0.589815 0.0708333 0.0648148 0.261153
0 0.519792 0.45463 0.0333333 0.0981481 0.261573
28 0.190625 0.561111 0.03125 0.0666667 0.261661
0 0.331771 0.448148 0.015625 0.0740741 0.265121
0 0.730729 0.466667 0.0177083 0.1 0.266037
28 0.573438 0.589815 0.071875 0.0648148 0.266147
28 0.192188 0.562963 0.034375 0.0703704 0.267193
0 0.502604 0.452778 0.0197917 0.087037 0.267324
28 0.190625 0.561111 0.03125 0.0666667 0.267585
0 0.279167 0.442593 0.0145833 0.0592593 0.268868
0 0.221875 0.505556 0.0479167 0.233333 0.268886
0 0.160417 0.497222 0.04375 0.172222 0.269853
28 0.58125 0.592593 0.0854167 0.0666667 0.270203
28 0.192188 0.562963 0.034375 0.0703704 0.270986
0 0.331771 0.448148 0.015625 0.0740741 0.272169
0 0.472396 0.449074 0.015625 0.0759259 0.272336
28 0.192188 0.562963 0.034375 0.0703704 0.272539
28 0.572917 0.589815 0.0708333 0.0648148 0.273502
0 0.280208 0.442593 0.0166667 0.062963 0.274069
26 0.192188 0.557407 0.034375 0.0740741 0.278254
0 0.163021 0.499074 0.040625 0.172222 0.279147
0 0.213542 0.512963 0.0458333 0.22963 0.283541
0 0.519792 0.45463 0.03125 0.0944444 0.285427
0 0.0442708 0.437963 0.015625 0.0796296 0.290645
0 0.678125 0.516667 0.04375 0.240741 0.291361
0 0.160417 0.498148 0.04375 0.17037 0.292844
0 0.156771 0.501852 0.034375 0.174074 0.293404
0 0.280729 0.442593 0.015625 0.0592593 0.300843
0 0.523958 0.455556 0.0229167 0.0962963 0.306889
0 0.0447917 0.437963 0.0145833 0.0796296 0.308225
0 0.0447917 0.436111 0.0166667 0.0796296 0.312162
0 0.213542 0.512037 0.0479167 0.235185 0.312871
0 0.73125 0.465741 0.01875 0.101852 0.315761
0 0.15625 0.500926 0.0333333 0.172222 0.322114
0 0.0442708 0.437963 0.015625 0.0796296 0.323338
0 0.156771 0.501852 0.034375 0.17037 0.326791
0 0.472396 0.444444 0.015625 0.0777778 0.327339
0 0.524479 0.455556 0.021875 0.0925926 0.32925
0 0.732292 0.466667 0.01875 0.107407 0.330008
0 0.108854 0.498148 0.040625 0.177778 0.3332
0 0.0447917 0.435185 0.0166667 0.0814815 0.333353
0 0.280208 0.443519 0.0166667 0.0611111 0.335966
0 0.220833 0.514815 0.0520833 0.237037 0.336255
0 0.109375 0.498148 0.0395833 0.177778 0.348928
0 0.280208 0.442593 0.0166667 0.0592593 0.349003
0 0.524479 0.45463 0.021875 0.0944444 0.350484
0 0.677604 0.513889 0.0427083 0.242593 0.353555
0 0.524479 0.45463 0.021875 0.0944444 0.353569
0 0.280208 0.443519 0.0166667 0.0611111 0.361021
0 0.675 0.516667 0.05 0.248148 0.361166
0 0.0442708 0.436111 0.015625 0.0796296 0.368596
0 0.984896 0.462037 0.0302083 0.25 0.373416
0 0.517187 0.455556 0.0322917 0.0962963 0.373814
0 0.676562 0.515741 0.0489583 0.246296 0.381891
0 0.517708 0.453704 0.0333333 0.0962963 0.387232
0 0.0442708 0.436111 0.015625 0.0796296 0.38993
0 0.108854 0.500926 0.040625 0.17963 0.395986
0 0.472917 0.446296 0.0166667 0.0777778 0.39672
0 0.472917 0.446296 0.0166667 0.0777778 0.398255
0 0.472917 0.44537 0.0166667 0.0759259 0.399958
0 0.108854 0.500926 0.040625 0.17963 0.402731
0 0.503646 0.457407 0.021875 0.0925926 0.407644
0 0.472917 0.446296 0.0166667 0.0777778 0.422384
0 0.678125 0.513889 0.04375 0.242593 0.427429
0 0.473958 0.447222 0.0166667 0.0759259 0.429866
0 0.984896 0.462037 0.0302083 0.275926 0.434141
0 0.640104 0.492593 0.034375 0.177778 0.436529
0 0.522917 0.452778 0.0229167 0.0981481 0.439023
0 0.984896 0.461111 0.0302083 0.274074 0.439595
0 0.503646 0.456481 0.021875 0.0944444 0.440677
0 0.473958 0.447222 0.0166667 0.0759259 0.441362
0 0.523958 0.452778 0.0229167 0.0944444 0.446482
0 0.503646 0.456481 0.021875 0.0944444 0.449435
0 0.221354 0.512963 0.0510417 0.237037 0.452751
0 0.504167 0.45463 0.0208333 0.0944444 0.453065
0 0.984896 0.461111 0.0302083 0.277778 0.454099
0 0.640104 0.493519 0.034375 0.175926 0.455552
0 0.639583 0.492593 0.0333333 0.17037 0.457219
0 0.221354 0.514815 0.0510417 0.237037 0.459434
0 0.219271 0.516667 0.0489583 0.233333 0.462875
0 0.523438 0.452778 0.0239583 0.0981481 0.464198
0 0.473958 0.447222 0.0166667 0.0759259 0.475825
0 0.522917 0.452778 0.0229167 0.0981481 0.476754
0 0.677604 0.516667 0.0427083 0.240741 0.478745
0 0.219271 0.516667 0.0489583 0.237037 0.480799
0 0.677083 0.515741 0.0458333 0.238889 0.481952
0 0.504167 0.455556 0.0208333 0.0962963 0.482666
0 0.503646 0.45463 0.021875 0.0981481 0.482761
0 0.639583 0.492593 0.0333333 0.17037 0.492795
0 0.109375 0.502778 0.0375 0.17963 0.498319
0 0.222396 0.511111 0.046875 0.22963 0.50659
0 0.109375 0.503704 0.0375 0.177778 0.507514
0 0.109375 0.502778 0.0375 0.17963 0.511094
0 0.521354 0.45463 0.0260417 0.0944444 0.512169
0 0.678125 0.514815 0.04375 0.244444 0.516663
0 0.678125 0.518519 0.0458333 0.251852 0.518477
0 0.984896 0.457407 0.0302083 0.274074 0.525341
0 0.639583 0.491667 0.0333333 0.164815 0.528889
0 0.521354 0.453704 0.0260417 0.0962963 0.535825
0 0.222917 0.511111 0.0479167 0.233333 0.539713
0 0.521354 0.453704 0.0260417 0.0962963 0.546849
0 0.521354 0.453704 0.0260417 0.1 0.561128
0 0.157292 0.497222 0.0333333 0.168519 0.567374
0 0.157292 0.498148 0.0333333 0.166667 0.568433
0 0.157292 0.497222 0.0333333 0.168519 0.57843
0 0.984375 0.462037 0.03125 0.261111 0.582132
0 0.521354 0.453704 0.0260417 0.103704 0.585802
0 0.220833 0.512037 0.0479167 0.231481 0.588145
0 0.521354 0.453704 0.0260417 0.103704 0.604718
0 0.220833 0.512037 0.0479167 0.231481 0.623452
0 0.677083 0.513889 0.0479167 0.242593 0.625371
0 0.156771 0.497222 0.034375 0.172222 0.627432
0 0.677604 0.516667 0.046875 0.248148 0.636474
0 0.984375 0.458333 0.0291667 0.268519 0.637865
0 0.157813 0.498148 0.034375 0.166667 0.642781
0 0.156771 0.496296 0.034375 0.17037 0.64361
0 0.984896 0.459259 0.0302083 0.27037 0.65161
0 0.220833 0.512963 0.0479167 0.233333 0.652955
0 0.676562 0.513889 0.046875 0.246296 0.67126
0 0.984896 0.459259 0.0302083 0.266667 0.672104
0 0.157292 0.498148 0.0333333 0.166667 0.679826
0 0.157813 0.499074 0.034375 0.168519 0.68354
0 0.984375 0.458333 0.03125 0.264815 0.684248
0 0.984375 0.459259 0.03125 0.266667 0.68455
0 0.221354 0.512963 0.0489583 0.22963 0.687857
0 0.221354 0.513889 0.0489583 0.235185 0.701828
0 0.984375 0.458333 0.03125 0.264815 0.713092
0 0.157813 0.499074 0.034375 0.168519 0.71331
0 0.157292 0.499074 0.0333333 0.164815 0.723183
0 0.157292 0.498148 0.0333333 0.166667 0.724303
0 0.221354 0.514815 0.0489583 0.237037 0.724653
0 0.676562 0.513889 0.046875 0.246296 0.727113
0 0.221354 0.512963 0.0489583 0.233333 0.734557
0 0.157292 0.5 0.0333333 0.166667 0.737521
0 0.640625 0.490741 0.0333333 0.166667 0.742537
0 0.157813 0.5 0.034375 0.17037 0.743151
0 0.221354 0.512037 0.046875 0.235185 0.745973
0 0.677604 0.517593 0.0447917 0.25 0.752296
0 0.221875 0.514815 0.0479167 0.237037 0.754679
0 0.221354 0.512037 0.046875 0.235185 0.760178
0 0.640625 0.490741 0.0333333 0.166667 0.761472
0 0.677083 0.514815 0.0458333 0.244444 0.764162
0 0.221354 0.512037 0.046875 0.235185 0.767681
0 0.677083 0.513889 0.0458333 0.246296 0.776868
0 0.639583 0.490741 0.0333333 0.17037 0.781373
0 0.677083 0.513889 0.0458333 0.242593 0.781763
0 0.108854 0.501852 0.0385417 0.177778 0.785085
0 0.639583 0.491667 0.03125 0.161111 0.789147
0 0.640104 0.490741 0.0322917 0.17037 0.789767
0 0.108854 0.500926 0.0364583 0.175926 0.796896
0 0.640104 0.490741 0.0322917 0.162963 0.798232
0 0.640104 0.491667 0.0322917 0.161111 0.800174
0 0.108854 0.501852 0.0385417 0.177778 0.800774
0 0.108854 0.500926 0.0364583 0.175926 0.808922
0 0.640104 0.490741 0.0322917 0.162963 0.810312
0 0.108854 0.500926 0.0385417 0.17963 0.811964
0 0.640104 0.491667 0.0322917 0.161111 0.819506
0 0.108854 0.5 0.0385417 0.177778 0.820852
0 0.108854 0.500926 0.0385417 0.17963 0.829481
0 0.640104 0.491667 0.0322917 0.161111 0.832496
0 0.108854 0.500926 0.0385417 0.17963 0.833104
0 0.108854 0.499074 0.0385417 0.17963 0.833283
0 0.108854 0.498148 0.0385417 0.181481 0.839204
