26 0.826042 0.568519 0.05 0.140741 0.257305
0 0.355208 0.39537 0.03125 0.138889 0.257834
13 0.361458 0.466667 0.19375 0.17037 0.25896
26 0.826563 0.568519 0.0510417 0.140741 0.259745
0 0.253125 0.37037 0.01875 0.118519 0.261367
24 0.968229 0.568519 0.0635417 0.277778 0.262103
0 0.550521 0.37963 0.021875 0.122222 0.262232
0 0.152083 0.357407 0.0229167 0.103704 0.263544
0 0.550521 0.381481 0.021875 0.12963 0.263888
0 0.476562 0.384259 0.0197917 0.124074 0.264803
0 0.742708 0.372222 0.0458333 0.185185 0.266894
0 0.742708 0.372222 0.0458333 0.185185 0.269907
0 0.742708 0.372222 0.0458333 0.185185 0.272352
24 0.967708 0.568519 0.0645833 0.277778 0.273267
0 0.742188 0.386111 0.0489583 0.209259 0.273867
24 0.968229 0.567593 0.0635417 0.27963 0.274845
0 0.355208 0.39537 0.03125 0.135185 0.275056
0 0.128125 0.356481 0.0145833 0.105556 0.275208
0 0.476042 0.383333 0.01875 0.125926 0.277257
0 0.931771 0.611111 0.134375 0.625926 0.279287
0 0.354167 0.389815 0.0291667 0.135185 0.28164
0 0.550521 0.381481 0.021875 0.12963 0.284145
0 0.355729 0.39537 0.0302083 0.135185 0.287937
0 0.354167 0.380556 0.03125 0.164815 0.288956
0 0.452604 0.349074 0.0197917 0.0685185 0.289174
0 0.508333 0.382407 0.0291667 0.124074 0.296795
0 0.476562 0.383333 0.0197917 0.125926 0.300898
26 0.819792 0.559259 0.0604167 0.17037 0.302045
0 0.252604 0.369444 0.021875 0.116667 0.304572
0 0.508333 0.382407 0.0291667 0.124074 0.307833
0 0.776042 0.626852 0.116667 0.638889 0.308225
26 0.821875 0.568519 0.0583333 0.140741 0.310067
0 0.353125 0.384259 0.0291667 0.153704 0.313065
0 0.353125 0.384259 0.0291667 0.153704 0.31681
0 0.354688 0.381481 0.0302083 0.162963 0.31883
0 0.741667 0.406481 0.05 0.25 0.320109
0 0.741667 0.408333 0.0458333 0.242593 0.321279
0 0.509896 0.381481 0.0302083 0.118519 0.324623
24 0.966146 0.562037 0.0677083 0.294444 0.328916
0 0.741667 0.409259 0.0458333 0.248148 0.330938
0 0.78125 0.625926 0.129167 0.648148 0.331635
26 0.821354 0.567593 0.0572917 0.138889 0.333248
0 0.741667 0.409259 0.0458333 0.251852 0.334833
0 0.252083 0.362963 0.0208333 0.111111 0.336413
0 0.742188 0.393519 0.0489583 0.227778 0.33758
26 0.821875 0.568519 0.0583333 0.140741 0.337784
0 0.354167 0.381481 0.03125 0.159259 0.338708
0 0.252604 0.362963 0.0197917 0.111111 0.344797
0 0.773438 0.628704 0.115625 0.638889 0.344819
0 0.508854 0.384259 0.0302083 0.12037 0.352205
0 0.252083 0.364815 0.0208333 0.107407 0.355678
0 0.355208 0.390741 0.0291667 0.133333 0.360842
0 0.252604 0.362963 0.0197917 0.111111 0.361733
0 0.928646 0.611111 0.130208 0.640741 0.363791
0 0.151562 0.361111 0.0239583 0.103704 0.37159
0 0.771875 0.631481 0.114583 0.659259 0.378423
0 0.742188 0.387037 0.046875 0.211111 0.37969
0 0.772396 0.631481 0.115625 0.662963 0.381096
0 0.742188 0.386111 0.046875 0.209259 0.383767
0 0.742188 0.386111 0.046875 0.209259 0.386662
0 0.151562 0.360185 0.0239583 0.105556 0.391296
0 0.151562 0.359259 0.021875 0.107407 0.392559
0 0.477604 0.377778 0.021875 0.137037 0.396684
0 0.151562 0.360185 0.0239583 0.105556 0.398597
0 0.149479 0.360185 0.021875 0.109259 0.400112
0 0.558333 0.39537 0.0333333 0.153704 0.403495
0 0.509375 0.381481 0.0291667 0.118519 0.405979
0 0.149479 0.361111 0.021875 0.111111 0.409616
0 0.557813 0.39537 0.0322917 0.153704 0.413913
0 0.149479 0.360185 0.021875 0.109259 0.414582
0 0.928125 0.611111 0.129167 0.640741 0.415345
0 0.920833 0.613889 0.116667 0.661111 0.424365
0 0.508854 0.383333 0.0302083 0.118519 0.429865
0 0.920833 0.615741 0.11875 0.668519 0.435002
0 0.0151042 0.391667 0.0302083 0.183333 0.443377
0 0.778646 0.62037 0.123958 0.640741 0.447209
0 0.253646 0.365741 0.021875 0.116667 0.447428
0 0.509375 0.384259 0.0291667 0.116667 0.451727
0 0.604167 0.375 0.0208333 0.087037 0.454724
0 0.776042 0.625926 0.116667 0.651852 0.458139
0 0.0151042 0.392593 0.0302083 0.181481 0.459083
0 0.253125 0.364815 0.0208333 0.118519 0.460303
0 0.474479 0.378704 0.0239583 0.124074 0.462336
0 0.507292 0.381481 0.0291667 0.114815 0.462987
0 0.514063 0.37963 0.021875 0.111111 0.46304
0 0.502604 0.376852 0.021875 0.124074 0.464268
0 0.253125 0.365741 0.0208333 0.116667 0.46554
0 0.253125 0.365741 0.0208333 0.116667 0.466458
0 0.742708 0.387963 0.0458333 0.212963 0.469521
0 0.514063 0.380556 0.021875 0.109259 0.471558
0 0.253125 0.365741 0.0208333 0.116667 0.472478
0 0.253646 0.366667 0.021875 0.114815 0.474461
0 0.503125 0.377778 0.0208333 0.125926 0.47475
0 0.742708 0.387037 0.0458333 0.214815 0.475446
0 0.253646 0.364815 0.021875 0.111111 0.476556
0 0.514063 0.380556 0.021875 0.109259 0.478188
0 0.742708 0.387963 0.0458333 0.212963 0.479539
0 0.253125 0.364815 0.0208333 0.118519 0.480448
0 0.78125 0.625 0.129167 0.646296 0.482088
0 0.502604 0.377778 0.021875 0.125926 0.497665
0 0.507292 0.381481 0.0291667 0.114815 0.502512
0 0.474479 0.37963 0.0239583 0.125926 0.50394
0 0.474479 0.37963 0.0239583 0.125926 0.504182
0 0.927083 0.610185 0.133333 0.638889 0.50419
0 0.603646 0.37037 0.0197917 0.0888889 0.512276
0 0.507292 0.381481 0.0291667 0.114815 0.515767
0 0.476042 0.37963 0.0208333 0.137037 0.516129
0 0.604167 0.375926 0.0208333 0.0888889 0.517752
0 0.603125 0.375 0.0208333 0.0907407 0.521669
0 0.510417 0.382407 0.0270833 0.116667 0.532677
0 0.604167 0.375926 0.0208333 0.0888889 0.534143
0 0.773438 0.62963 0.115625 0.648148 0.536135
0 0.0151042 0.392593 0.0302083 0.177778 0.54423
0 0.922917 0.611111 0.120833 0.644444 0.553916
0 0.926562 0.615741 0.130208 0.657407 0.559944
0 0.603646 0.37037 0.0197917 0.0888889 0.565593
0 0.476562 0.376852 0.0197917 0.127778 0.56588
0 0.603646 0.375 0.0197917 0.0981481 0.568299
0 0.554688 0.393519 0.0322917 0.15 0.568415
0 0.603646 0.37037 0.0197917 0.0888889 0.571011
0 0.554688 0.393519 0.0322917 0.15 0.571812
0 0.354167 0.387963 0.03125 0.153704 0.579059
0 0.778646 0.62037 0.121875 0.640741 0.58188
0 0.603646 0.375926 0.0197917 0.0925926 0.585342
0 0.476562 0.375926 0.0197917 0.12963 0.587966
0 0.354167 0.387963 0.03125 0.153704 0.588836
0 0.776563 0.619444 0.121875 0.631481 0.591747
0 0.0151042 0.391667 0.0302083 0.17963 0.595913
0 0.355208 0.390741 0.0291667 0.140741 0.596323
0 0.354167 0.387963 0.03125 0.153704 0.596652
0 0.603646 0.375926 0.0197917 0.0925926 0.597215
0 0.476562 0.375926 0.0197917 0.12963 0.598489
0 0.603646 0.375 0.0197917 0.0981481 0.602796
0 0.354688 0.389815 0.0302083 0.146296 0.607412
0 0.355729 0.390741 0.0302083 0.140741 0.610972
0 0.354688 0.389815 0.0302083 0.146296 0.613056
0 0.604167 0.373148 0.0208333 0.0981481 0.617982
0 0.354688 0.386111 0.0302083 0.15 0.620667
0 0.354167 0.386111 0.0291667 0.15 0.633158
0 0.555208 0.394444 0.0333333 0.151852 0.647378
0 0.777604 0.613889 0.121875 0.612963 0.648729
0 0.354167 0.387037 0.0291667 0.151852 0.6517
0 0.926562 0.614815 0.130208 0.655556 0.658623
0 0.927083 0.611111 0.135417 0.640741 0.659727
0 0.0151042 0.391667 0.0302083 0.17963 0.66028
0 0.55625 0.393519 0.0333333 0.153704 0.663675
0 0.55625 0.393519 0.0333333 0.153704 0.679
0 0.555729 0.396296 0.0322917 0.155556 0.690078
0 0.922396 0.611111 0.123958 0.640741 0.694574
0 0.556771 0.394444 0.0322917 0.155556 0.704751
0 0.556771 0.394444 0.0322917 0.155556 0.704784
0 0.555729 0.396296 0.0322917 0.155556 0.716665
0 0.556771 0.394444 0.0322917 0.155556 0.722899
0 0.776563 0.625 0.121875 0.642593 0.727683
0 0.777604 0.619444 0.121875 0.631481 0.745987
0 0.0145833 0.396296 0.0291667 0.181481 0.746463
0 0.0145833 0.39537 0.0291667 0.183333 0.75071
0 0.555729 0.39537 0.0322917 0.153704 0.761595
0 0.555729 0.393519 0.0322917 0.157407 0.762183
0 0.555729 0.393519 0.0322917 0.153704 0.763748
0 0.0151042 0.394444 0.0302083 0.177778 0.767219
0 0.0151042 0.396296 0.0302083 0.181481 0.768132
0 0.0145833 0.39537 0.0291667 0.183333 0.780552
0 0.0151042 0.393519 0.0302083 0.17963 0.782158
0 0.0151042 0.396296 0.0302083 0.181481 0.78218
0 0.0145833 0.39537 0.0291667 0.183333 0.785508
0 0.0145833 0.39537 0.0291667 0.183333 0.795936
0 0.776563 0.628704 0.121875 0.653704 0.823962
0 0.0151042 0.39537 0.0302083 0.183333 0.828044
0 0.776563 0.628704 0.121875 0.653704 0.839986
