0 0.0104167 0.515741 0.01875 0.15 0.250815
0 0.945833 0.433333 0.05625 0.292593 0.251676
0 0.945833 0.434259 0.05625 0.290741 0.256009
26 0.720312 0.634259 0.028125 0.101852 0.258475
0 0.511458 0.475 0.0333333 0.135185 0.261303
26 0.71875 0.636111 0.0291667 0.0907407 0.266512
0 0.510417 0.474074 0.0333333 0.137037 0.266911
0 0.417188 0.447222 0.0239583 0.101852 0.267178
26 0.719271 0.636111 0.028125 0.0907407 0.267508
0 0.944792 0.428704 0.05625 0.290741 0.272533
0 0.0526042 0.510185 0.0385417 0.17963 0.272879
0 0.417708 0.447222 0.025 0.101852 0.273158
26 0.720312 0.628704 0.0260417 0.0981481 0.274818
0 0.380729 0.446296 0.021875 0.0888889 0.276751
0 0.444792 0.446296 0.0208333 0.1 0.277079
0 0.0635417 0.499074 0.04375 0.187037 0.278483
0 0.445312 0.447222 0.021875 0.0981481 0.278656
0 0.946354 0.432407 0.0552083 0.298148 0.280155
26 0.71875 0.636111 0.0291667 0.0907407 0.281832
0 0.685417 0.55463 0.0645833 0.37963 0.284963
0 0.945312 0.433333 0.0552083 0.288889 0.286027
0 0.434375 0.448148 0.0354167 0.1 0.286563
0 0.390625 0.44537 0.0166667 0.087037 0.287883
0 0.946354 0.431481 0.0552083 0.3 0.289986
0 0.444792 0.446296 0.0208333 0.1 0.291039
0 0.685417 0.55463 0.0645833 0.37963 0.293082
0 0.945312 0.434259 0.0552083 0.290741 0.296888
0 0.417708 0.447222 0.0229167 0.105556 0.29704
0 0.946354 0.432407 0.0552083 0.298148 0.298204
0 0.685417 0.552778 0.0645833 0.37963 0.298221
0 0.0630208 0.499074 0.0447917 0.187037 0.299358
0 0.0890625 0.485185 0.0239583 0.162963 0.303073
13 0.429688 0.584259 0.173958 0.0907407 0.303587
0 0.945312 0.433333 0.0552083 0.288889 0.305217
0 0.417188 0.447222 0.0239583 0.105556 0.305684
26 0.719271 0.635185 0.028125 0.1 0.311207
0 0.0869792 0.488889 0.028125 0.155556 0.311585
0 0.417188 0.447222 0.0239583 0.101852 0.313141
13 0.432292 0.587963 0.16875 0.0944444 0.320766
0 0.0244792 0.52037 0.040625 0.162963 0.322232
26 0.720833 0.634259 0.0270833 0.0981481 0.323077
0 0.0244792 0.52037 0.040625 0.162963 0.324853
0 0.390625 0.44537 0.0145833 0.087037 0.335913
0 0.510938 0.481481 0.0322917 0.151852 0.346855
0 0.0296875 0.516667 0.0572917 0.159259 0.348226
0 0.383854 0.447222 0.0177083 0.0907407 0.355705
0 0.510938 0.481481 0.0322917 0.151852 0.358057
0 0.0578125 0.5 0.040625 0.177778 0.358212
0 0.439063 0.447222 0.034375 0.0981481 0.360055
0 0.510938 0.480556 0.0322917 0.15 0.365805
0 0.390104 0.44537 0.015625 0.087037 0.366778
0 0.691146 0.55463 0.0739583 0.387037 0.376354
0 0.0578125 0.501852 0.040625 0.181481 0.379602
0 0.0869792 0.488889 0.028125 0.159259 0.381211
0 0.378125 0.444444 0.0166667 0.0851852 0.38285
0 0.691146 0.55463 0.071875 0.390741 0.388081
0 0.378646 0.444444 0.015625 0.0851852 0.396102
0 0.0291667 0.516667 0.0583333 0.159259 0.400783
0 0.378125 0.444444 0.0166667 0.0851852 0.409112
0 0.379167 0.443519 0.0166667 0.0833333 0.416395
0 0.0869792 0.488889 0.0260417 0.155556 0.416591
0 0.0213542 0.513889 0.040625 0.164815 0.417436
0 0.379167 0.443519 0.0166667 0.0833333 0.417599
0 0.0291667 0.516667 0.0583333 0.159259 0.423118
0 0.0869792 0.488889 0.0260417 0.159259 0.423274
0 0.378646 0.444444 0.015625 0.0888889 0.424051
0 0.691146 0.555556 0.071875 0.388889 0.43313
0 0.436979 0.448148 0.028125 0.1 0.438187
0 0.0213542 0.514815 0.040625 0.166667 0.438876
0 0.0588542 0.503704 0.040625 0.185185 0.450989
0 0.510938 0.474074 0.034375 0.144444 0.451702
0 0.510938 0.474074 0.034375 0.144444 0.455045
0 0.436979 0.448148 0.028125 0.103704 0.457737
0 0.379167 0.443519 0.0166667 0.0833333 0.459946
0 0.4375 0.447222 0.0270833 0.101852 0.471994
0 0.510938 0.474074 0.034375 0.144444 0.47492
0 0.0213542 0.514815 0.040625 0.166667 0.475612
0 0.0578125 0.503704 0.040625 0.185185 0.510591
0 0.0614583 0.501852 0.0416667 0.188889 0.51399
0 0.415625 0.447222 0.0208333 0.0981481 0.51778
0 0.0208333 0.521296 0.0416667 0.153704 0.519699
0 0.0244792 0.515741 0.040625 0.164815 0.520094
0 0.0208333 0.521296 0.0416667 0.153704 0.520114
0 0.0614583 0.501852 0.0416667 0.188889 0.52589
0 0.0880208 0.487037 0.0239583 0.155556 0.531013
0 0.0864583 0.489815 0.025 0.168519 0.5327
0 0.0244792 0.515741 0.040625 0.164815 0.535433
0 0.0864583 0.489815 0.025 0.168519 0.53805
0 0.0880208 0.487037 0.0239583 0.155556 0.544002
0 0.415625 0.447222 0.0208333 0.101852 0.544369
0 0.415625 0.447222 0.0208333 0.101852 0.545426
0 0.0875 0.488889 0.025 0.155556 0.555415
0 0.442708 0.449074 0.0208333 0.0944444 0.558441
0 0.0208333 0.517593 0.0395833 0.157407 0.572258
0 0.0875 0.487963 0.025 0.157407 0.575928
0 0.442708 0.448148 0.0208333 0.0962963 0.577008
0 0.0578125 0.50463 0.040625 0.187037 0.580483
0 0.510938 0.478704 0.0322917 0.146296 0.583184
0 0.0203125 0.517593 0.040625 0.161111 0.586108
0 0.021875 0.517593 0.0416667 0.161111 0.587935
0 0.442708 0.448148 0.0208333 0.0962963 0.588463
0 0.510938 0.478704 0.0322917 0.146296 0.595031
0 0.417188 0.448148 0.0239583 0.1 0.596825
0 0.511458 0.475926 0.0333333 0.144444 0.605267
0 0.021875 0.518519 0.0416667 0.162963 0.617401
0 0.511458 0.475926 0.0333333 0.144444 0.617867
0 0.021875 0.518519 0.0416667 0.162963 0.643765
0 0.0583333 0.50463 0.0416667 0.190741 0.656257
0 0.417708 0.448148 0.0229167 0.1 0.664907
0 0.690104 0.553704 0.0697917 0.392593 0.667324
0 0.0583333 0.50463 0.0416667 0.190741 0.670976
0 0.510417 0.477778 0.0333333 0.144444 0.675205
0 0.417188 0.446296 0.0239583 0.1 0.68154
0 0.510417 0.477778 0.0333333 0.144444 0.681593
0 0.510417 0.477778 0.0333333 0.148148 0.68833
0 0.510417 0.477778 0.0333333 0.148148 0.688703
0 0.510417 0.477778 0.0333333 0.148148 0.6904
0 0.0583333 0.50463 0.0416667 0.190741 0.698041
0 0.0583333 0.508333 0.0416667 0.187037 0.700175
0 0.417708 0.447222 0.0229167 0.101852 0.704324
0 0.0583333 0.507407 0.0416667 0.188889 0.709459
0 0.442708 0.449074 0.0208333 0.101852 0.711234
0 0.688542 0.551852 0.06875 0.392593 0.714268
0 0.417708 0.447222 0.0229167 0.101852 0.719928
0 0.443229 0.448148 0.021875 0.1 0.732053
0 0.442708 0.448148 0.0208333 0.0962963 0.733109
0 0.510417 0.477778 0.0333333 0.148148 0.735713
0 0.510417 0.478704 0.0333333 0.15 0.737559
0 0.442708 0.448148 0.0208333 0.1 0.742069
0 0.442708 0.448148 0.0208333 0.1 0.742184
0 0.689062 0.553704 0.0677083 0.392593 0.742403
0 0.510417 0.477778 0.0333333 0.148148 0.742998
0 0.689062 0.55463 0.0677083 0.394444 0.763011
0 0.688542 0.55 0.0645833 0.381481 0.764456
0 0.510417 0.477778 0.0333333 0.148148 0.770152
0 0.688542 0.550926 0.0645833 0.383333 0.77567
0 0.688542 0.550926 0.0645833 0.383333 0.777346
0 0.510417 0.477778 0.0333333 0.148148 0.786415
0 0.688542 0.551852 0.0666667 0.392593 0.818269
0 0.688021 0.553704 0.065625 0.388889 0.832881
0 0.688021 0.553704 0.065625 0.388889 0.837325
0 0.688021 0.553704 0.065625 0.392593 0.839537
0 0.688542 0.553704 0.0666667 0.396296 0.840888
