0 0.363542 0.346296 0.0145833 0.0592593 0.25074
0 0.542188 0.389815 0.0510417 0.112963 0.253112
0 0.638021 0.37037 0.0302083 0.133333 0.253835
0 0.0145833 0.380556 0.0229167 0.112963 0.255436
0 0.786458 0.383333 0.0479167 0.192593 0.255786
0 0.364583 0.344444 0.0145833 0.0592593 0.256045
0 0.789583 0.383333 0.04375 0.192593 0.258002
0 0.440625 0.374074 0.03125 0.17037 0.25858
0 0.560938 0.385185 0.0302083 0.114815 0.2597
0 0.418229 0.342593 0.015625 0.0814815 0.26209
0 0.560938 0.385185 0.0302083 0.114815 0.262358
0 0.638021 0.37037 0.0302083 0.133333 0.264262
0 0.0145833 0.380556 0.0229167 0.116667 0.265068
0 0.789583 0.382407 0.04375 0.194444 0.268089
0 0.417188 0.341667 0.0177083 0.0833333 0.27094
0 0.363542 0.346296 0.0145833 0.062963 0.271678
0 0.440625 0.373148 0.03125 0.168519 0.276066
0 0.0145833 0.380556 0.0229167 0.116667 0.280741
0 0.360938 0.346296 0.015625 0.062963 0.281683
0 0.789583 0.382407 0.04375 0.194444 0.284003
0 0.41875 0.336111 0.01875 0.087037 0.284341
0 0.530729 0.394444 0.0302083 0.111111 0.284415
0 0.541667 0.391667 0.05 0.112963 0.291764
0 0.530208 0.393519 0.03125 0.112963 0.296278
0 0.639063 0.37037 0.0302083 0.12963 0.297117
0 0.0145833 0.374074 0.025 0.114815 0.298384
0 0.418229 0.343519 0.015625 0.0833333 0.300141
0 0.786979 0.384259 0.0489583 0.190741 0.327882
0 0.542188 0.389815 0.0510417 0.112963 0.333645
0 0.786979 0.384259 0.0489583 0.190741 0.337397
0 0.0145833 0.374074 0.025 0.118519 0.33752
0 0.477083 0.388889 0.0270833 0.148148 0.339382
0 0.463021 0.384259 0.0614583 0.142593 0.342967
0 0.477083 0.388889 0.0270833 0.144444 0.345004
0 0.0140625 0.375 0.0239583 0.116667 0.34595
0 0.530729 0.388889 0.0302083 0.118519 0.34872
0 0.530208 0.388889 0.0291667 0.114815 0.352103
0 0.559896 0.391667 0.0302083 0.116667 0.352502
0 0.559375 0.393519 0.03125 0.116667 0.353207
0 0.0145833 0.378704 0.025 0.12037 0.363679
0 0.477604 0.386111 0.028125 0.138889 0.36523
0 0.589583 0.347222 0.0145833 0.0722222 0.365989
0 0.463542 0.385185 0.0583333 0.140741 0.370485
0 0.53125 0.389815 0.0291667 0.112963 0.373537
0 0.0140625 0.376852 0.0260417 0.12037 0.373994
0 0.559896 0.392593 0.0302083 0.114815 0.380766
0 0.0140625 0.377778 0.0260417 0.118519 0.381845
0 0.589583 0.347222 0.0145833 0.0759259 0.384699
0 0.559896 0.392593 0.0302083 0.114815 0.384991
0 0.559896 0.392593 0.0302083 0.114815 0.391081
0 0.530208 0.389815 0.0291667 0.112963 0.391533
0 0.478125 0.387963 0.0270833 0.135185 0.39349
0 0.559896 0.392593 0.0302083 0.114815 0.394228
0 0.530208 0.389815 0.0291667 0.112963 0.399773
0 0.589063 0.349074 0.015625 0.0722222 0.400241
0 0.784375 0.385185 0.0395833 0.192593 0.40086
0 0.463542 0.385185 0.0583333 0.140741 0.411165
0 0.588542 0.349074 0.0145833 0.0722222 0.412317
0 0.530729 0.385185 0.0302083 0.111111 0.420133
0 0.559375 0.390741 0.0270833 0.118519 0.431459
0 0.785417 0.382407 0.0375 0.194444 0.431531
0 0.786458 0.382407 0.04375 0.190741 0.443073
0 0.530729 0.386111 0.0302083 0.109259 0.444239
0 0.589063 0.35 0.015625 0.0703704 0.450366
0 0.530729 0.386111 0.0302083 0.109259 0.451918
0 0.559375 0.391667 0.03125 0.116667 0.458061
0 0.785417 0.382407 0.0375 0.194444 0.458985
0 0.0140625 0.376852 0.0260417 0.12037 0.459958
0 0.589063 0.350926 0.0135417 0.0722222 0.467602
0 0.559375 0.391667 0.0270833 0.116667 0.469376
0 0.477604 0.385185 0.028125 0.144444 0.471659
0 0.559375 0.391667 0.0270833 0.116667 0.471913
0 0.784896 0.384259 0.0385417 0.194444 0.472275
0 0.558333 0.392593 0.0291667 0.114815 0.473446
0 0.589063 0.348148 0.015625 0.0740741 0.473804
0 0.639063 0.371296 0.0302083 0.138889 0.489654
0 0.639063 0.371296 0.0302083 0.138889 0.496456
0 0.559896 0.391667 0.0302083 0.112963 0.498515
0 0.530729 0.388889 0.0302083 0.114815 0.499909
0 0.441146 0.381481 0.028125 0.159259 0.500068
0 0.559375 0.391667 0.03125 0.116667 0.501295
0 0.558333 0.392593 0.0291667 0.114815 0.502892
0 0.784896 0.384259 0.0385417 0.194444 0.506616
0 0.440625 0.381481 0.0291667 0.155556 0.510811
0 0.0135417 0.376852 0.025 0.12037 0.514108
0 0.558333 0.392593 0.0291667 0.114815 0.516006
0 0.478125 0.385185 0.0270833 0.144444 0.520385
0 0.786458 0.383333 0.04375 0.192593 0.524993
0 0.589583 0.347222 0.0125 0.0722222 0.525603
0 0.477604 0.385185 0.028125 0.140741 0.526829
0 0.638542 0.372222 0.0291667 0.137037 0.535774
0 0.0145833 0.377778 0.025 0.118519 0.548489
0 0.638542 0.372222 0.0291667 0.137037 0.551432
0 0.590104 0.348148 0.0135417 0.0703704 0.551467
0 0.589063 0.347222 0.0135417 0.0722222 0.573246
0 0.589063 0.347222 0.0135417 0.0722222 0.585072
0 0.639063 0.374074 0.028125 0.137037 0.587725
0 0.785937 0.381481 0.0427083 0.192593 0.59551
0 0.786458 0.383333 0.04375 0.188889 0.609534
0 0.639063 0.374074 0.028125 0.137037 0.609615
0 0.785937 0.383333 0.0427083 0.196296 0.614908
0 0.639063 0.373148 0.028125 0.135185 0.619573
0 0.786458 0.382407 0.04375 0.190741 0.624933
0 0.477604 0.384259 0.028125 0.146296 0.633363
0 0.478125 0.384259 0.0270833 0.146296 0.639726
0 0.785937 0.380556 0.0447917 0.194444 0.6457
0 0.785937 0.381481 0.0447917 0.196296 0.66477
0 0.786458 0.383333 0.04375 0.188889 0.6648
0 0.440625 0.37963 0.03125 0.159259 0.671544
0 0.440104 0.37963 0.0322917 0.159259 0.67458
0 0.0145833 0.377778 0.025 0.118519 0.683473
0 0.478646 0.387963 0.028125 0.146296 0.715796
0 0.440625 0.37963 0.03125 0.159259 0.720409
0 0.786458 0.384259 0.04375 0.190741 0.723144
0 0.0140625 0.375926 0.0239583 0.118519 0.753977
0 0.638542 0.374074 0.0291667 0.133333 0.758873
0 0.015625 0.375926 0.0229167 0.118519 0.761051
0 0.478125 0.387963 0.0270833 0.146296 0.762423
0 0.441146 0.377778 0.0302083 0.159259 0.762998
0 0.441146 0.377778 0.028125 0.159259 0.76467
0 0.0140625 0.377778 0.0239583 0.118519 0.765629
0 0.638021 0.372222 0.0302083 0.137037 0.771762
0 0.440625 0.380556 0.0291667 0.164815 0.772713
0 0.477604 0.385185 0.028125 0.148148 0.773938
0 0.0140625 0.375926 0.0239583 0.118519 0.775254
0 0.0161458 0.376852 0.0239583 0.116667 0.778192
0 0.638542 0.372222 0.0291667 0.137037 0.781263
0 0.478125 0.387963 0.0270833 0.146296 0.784132
0 0.440625 0.380556 0.0291667 0.164815 0.784934
0 0.477083 0.385185 0.0291667 0.144444 0.787327
0 0.639063 0.372222 0.0302083 0.137037 0.791264
0 0.639063 0.372222 0.0302083 0.137037 0.792253
0 0.638542 0.375 0.0291667 0.135185 0.795423
0 0.0140625 0.376852 0.0239583 0.12037 0.796691
0 0.440625 0.380556 0.0291667 0.164815 0.797435
0 0.0140625 0.376852 0.0239583 0.116667 0.797854
0 0.0161458 0.376852 0.0239583 0.116667 0.798579
0 0.638542 0.374074 0.0291667 0.133333 0.798722
0 0.638542 0.375 0.0291667 0.135185 0.801453
0 0.638542 0.373148 0.0291667 0.131481 0.804558
0 0.638542 0.374074 0.0291667 0.137037 0.810997
0 0.478646 0.387963 0.0260417 0.142593 0.814078
0 0.478125 0.387037 0.0270833 0.140741 0.815457
0 0.440625 0.37963 0.03125 0.162963 0.841475
0 0.440625 0.37963 0.03125 0.159259 0.841987
