13 0.309896 0.498148 0.0739583 0.062963 0.255324
0 0.76875 0.575926 0.09375 0.488889 0.256591
0 0.325 0.425 0.0145833 0.0574074 0.267056
13 0.309896 0.498148 0.0739583 0.062963 0.269833
0 0.407813 0.438889 0.021875 0.1 0.273806
0 0.377083 0.443519 0.0208333 0.101852 0.276231
0 0.646354 0.423148 0.0177083 0.0462963 0.276431
0 0.325521 0.424074 0.015625 0.0592593 0.281554
13 0.389062 0.578704 0.142708 0.0796296 0.28313
0 0.407813 0.438889 0.021875 0.1 0.283813
0 0.269271 0.443519 0.0302083 0.116667 0.284794
0 0.645833 0.423148 0.01875 0.0462963 0.285112
13 0.397396 0.580556 0.155208 0.0833333 0.288419
0 0.373437 0.442593 0.0197917 0.0962963 0.288769
0 0.269271 0.444444 0.0302083 0.118519 0.289677
0 0.325 0.425926 0.0145833 0.0592593 0.293622
0 0.407813 0.438889 0.021875 0.1 0.294565
0 0.646354 0.423148 0.0177083 0.0462963 0.296973
0 0.268229 0.45 0.0302083 0.125926 0.319939
0 0.267708 0.446296 0.0291667 0.118519 0.320366
0 0.395833 0.439815 0.0375 0.101852 0.324648
0 0.267188 0.450926 0.0260417 0.12037 0.326057
0 0.269792 0.443519 0.0291667 0.116667 0.329416
0 0.96875 0.455556 0.0520833 0.307407 0.331336
0 0.264062 0.448148 0.0239583 0.125926 0.332215
0 0.0645833 0.47037 0.0291667 0.144444 0.338245
0 0.0453125 0.47963 0.0322917 0.181481 0.345535
0 0.645312 0.422222 0.0177083 0.0481481 0.346721
0 0.0640625 0.469444 0.0302083 0.131481 0.35047
0 0.267708 0.447222 0.0291667 0.12037 0.351374
0 0.0447917 0.480556 0.0333333 0.183333 0.351481
0 0.267188 0.452778 0.0260417 0.127778 0.357559
0 0.645833 0.422222 0.01875 0.0481481 0.35785
0 0.325521 0.425 0.0135417 0.0611111 0.360561
0 0.645833 0.422222 0.01875 0.0481481 0.365507
0 0.0651042 0.471296 0.028125 0.142593 0.368717
0 0.26875 0.45 0.0291667 0.125926 0.369813
0 0.646354 0.424074 0.0177083 0.0555556 0.370409
0 0.267188 0.452778 0.0260417 0.127778 0.37283
0 0.325521 0.425 0.0135417 0.0611111 0.380754
0 0.264062 0.448148 0.0239583 0.125926 0.385607
0 0.645833 0.425 0.0166667 0.0574074 0.389106
0 0.040625 0.488889 0.0416667 0.181481 0.391226
0 0.0651042 0.471296 0.028125 0.142593 0.392451
0 0.264062 0.448148 0.0239583 0.125926 0.393879
0 0.0645833 0.474074 0.03125 0.155556 0.406964
0 0.0651042 0.473148 0.0302083 0.153704 0.408349
0 0.0395833 0.491667 0.0395833 0.187037 0.417795
0 0.0390625 0.491667 0.040625 0.187037 0.41781
0 0.0645833 0.47037 0.0291667 0.144444 0.420675
0 0.0385417 0.491667 0.0395833 0.187037 0.438927
0 0.267708 0.44537 0.0270833 0.116667 0.439269
0 0.040625 0.489815 0.0416667 0.183333 0.439486
0 0.0651042 0.47037 0.028125 0.140741 0.439988
0 0.267188 0.447222 0.028125 0.116667 0.44485
0 0.0541667 0.478704 0.0395833 0.172222 0.455079
0 0.405208 0.442593 0.01875 0.103704 0.457104
0 0.267708 0.45 0.0270833 0.125926 0.466592
0 0.0651042 0.472222 0.028125 0.140741 0.475343
0 0.267188 0.44537 0.0260417 0.116667 0.476967
0 0.405208 0.441667 0.01875 0.101852 0.477385
0 0.267708 0.44537 0.0270833 0.116667 0.48021
0 0.040625 0.488889 0.0416667 0.185185 0.486594
0 0.0541667 0.478704 0.0395833 0.172222 0.487198
0 0.405208 0.442593 0.01875 0.103704 0.492491
0 0.0255208 0.489815 0.0427083 0.190741 0.495253
0 0.374479 0.443519 0.0197917 0.0944444 0.513919
0 0.0567708 0.478704 0.040625 0.157407 0.518273
0 0.0255208 0.490741 0.0427083 0.192593 0.519566
0 0.0192708 0.499074 0.0385417 0.175926 0.524657
0 0.969792 0.451852 0.0541667 0.314815 0.526761
0 0.0567708 0.47963 0.040625 0.159259 0.528476
0 0.375 0.442593 0.0208333 0.0962963 0.537252
0 0.375 0.443519 0.0208333 0.0981481 0.540522
0 0.0640625 0.475 0.028125 0.168519 0.544607
0 0.374479 0.442593 0.0197917 0.0962963 0.548103
0 0.485417 0.472222 0.03125 0.151852 0.548611
0 0.485417 0.471296 0.03125 0.15 0.549268
0 0.0640625 0.474074 0.028125 0.166667 0.551986
0 0.969792 0.443519 0.0583333 0.309259 0.557553
0 0.0557292 0.478704 0.040625 0.157407 0.563
0 0.969792 0.442593 0.0583333 0.311111 0.572805
0 0.970312 0.440741 0.0572917 0.318519 0.583123
0 0.0192708 0.499074 0.0385417 0.175926 0.586592
0 0.969271 0.442593 0.0572917 0.311111 0.58665
0 0.40625 0.438889 0.0208333 0.1 0.594736
0 0.971875 0.439815 0.05625 0.324074 0.595668
0 0.0484375 0.484259 0.034375 0.183333 0.596195
0 0.971354 0.442593 0.0552083 0.322222 0.600517
0 0.375 0.444444 0.01875 0.1 0.601457
0 0.971354 0.440741 0.0572917 0.325926 0.611753
0 0.0177083 0.496296 0.0354167 0.188889 0.612256
0 0.375521 0.444444 0.0197917 0.1 0.617721
0 0.0479167 0.484259 0.0354167 0.183333 0.619001
0 0.375 0.444444 0.01875 0.1 0.620863
0 0.0177083 0.49537 0.0354167 0.187037 0.621753
0 0.0640625 0.47037 0.0302083 0.140741 0.624731
0 0.970833 0.440741 0.05625 0.311111 0.625839
0 0.0645833 0.469444 0.03125 0.138889 0.631
0 0.971875 0.440741 0.05625 0.314815 0.631225
0 0.971354 0.441667 0.0572917 0.324074 0.631358
0 0.970833 0.440741 0.05625 0.311111 0.638244
0 0.0192708 0.493519 0.0385417 0.187037 0.638561
0 0.405729 0.438889 0.0197917 0.1 0.639397
0 0.40625 0.438889 0.0208333 0.1 0.640585
0 0.442187 0.439815 0.0197917 0.0981481 0.644065
0 0.442708 0.439815 0.01875 0.0981481 0.64747
0 0.405208 0.438889 0.0208333 0.1 0.648074
0 0.970833 0.441667 0.05625 0.312963 0.664087
0 0.442187 0.439815 0.0197917 0.0981481 0.664161
0 0.0192708 0.493519 0.0385417 0.187037 0.664359
0 0.441667 0.439815 0.0208333 0.0981481 0.666883
0 0.0192708 0.499074 0.0385417 0.175926 0.668445
0 0.441667 0.439815 0.0208333 0.101852 0.69132
0 0.441667 0.439815 0.0208333 0.101852 0.696274
0 0.405729 0.437963 0.0197917 0.0981481 0.704772
0 0.770833 0.576852 0.0958333 0.524074 0.706063
0 0.769271 0.577778 0.0927083 0.511111 0.708558
0 0.771354 0.57963 0.096875 0.518519 0.716406
0 0.770833 0.576852 0.0958333 0.527778 0.720543
0 0.01875 0.5 0.0375 0.181481 0.722906
0 0.769271 0.577778 0.0927083 0.514815 0.723985
0 0.01875 0.499074 0.0375 0.17963 0.728975
0 0.405729 0.437037 0.0197917 0.1 0.73079
0 0.485417 0.469444 0.0333333 0.153704 0.734001
0 0.485417 0.469444 0.0333333 0.153704 0.736385
0 0.01875 0.499074 0.0375 0.183333 0.738795
0 0.405729 0.437963 0.0197917 0.0981481 0.740765
0 0.441146 0.438889 0.021875 0.103704 0.740899
0 0.485417 0.469444 0.0333333 0.15 0.744897
0 0.405208 0.437963 0.0208333 0.101852 0.747656
0 0.486458 0.471296 0.0333333 0.153704 0.74771
0 0.486458 0.471296 0.0333333 0.153704 0.756521
0 0.769271 0.577778 0.0947917 0.514815 0.758761
0 0.441667 0.439815 0.0208333 0.0981481 0.765596
0 0.486458 0.471296 0.0333333 0.15 0.774114
0 0.486458 0.471296 0.0333333 0.15 0.775472
0 0.440625 0.438889 0.0208333 0.103704 0.783101
0 0.441667 0.439815 0.0208333 0.101852 0.783192
0 0.441667 0.439815 0.0208333 0.101852 0.785214
0 0.76875 0.577778 0.09375 0.511111 0.794919
0 0.486458 0.472222 0.0333333 0.151852 0.796828
0 0.441667 0.439815 0.0208333 0.105556 0.80065
0 0.486458 0.471296 0.0333333 0.153704 0.809343
0 0.485938 0.47037 0.034375 0.144444 0.822821
0 0.771354 0.580556 0.096875 0.52037 0.825637
0 0.485938 0.47037 0.034375 0.148148 0.82827
0 0.772396 0.582407 0.0989583 0.52037 0.834235
0 0.772396 0.581481 0.0989583 0.518519 0.84719
0 0.485417 0.469444 0.0333333 0.142593 0.851709
0 0.485938 0.469444 0.0322917 0.146296 0.855174
0 0.76875 0.57963 0.09375 0.522222 0.89137
0 0.76875 0.580556 0.09375 0.516667 0.901594
