0 0.458333 0.389815 0.0291667 0.135185 0.251329
0 0.535937 0.381481 0.028125 0.107407 0.251699
0 0.432813 0.387037 0.065625 0.148148 0.255801
0 0.534375 0.393519 0.0291667 0.116667 0.264145
0 0.395312 0.347222 0.015625 0.0796296 0.264535
0 0.541667 0.376852 0.0229167 0.109259 0.265467
0 0.0364583 0.376852 0.0270833 0.112963 0.267258
0 0.969271 0.506481 0.0614583 0.646296 0.272651
0 0.565625 0.35463 0.0166667 0.0648148 0.273224
0 0.559896 0.350926 0.015625 0.0685185 0.273562
0 0.510417 0.386111 0.0270833 0.112963 0.280361
0 0.457812 0.388889 0.028125 0.140741 0.28092
0 0.516146 0.387037 0.046875 0.111111 0.282423
0 0.0385417 0.373148 0.025 0.109259 0.285861
0 0.506771 0.381481 0.0322917 0.122222 0.292794
0 0.0359375 0.377778 0.0260417 0.111111 0.296598
0 0.509896 0.386111 0.0260417 0.112963 0.297581
0 0.509896 0.386111 0.0260417 0.112963 0.299416
0 0.341146 0.349074 0.0177083 0.0685185 0.300427
0 0.433333 0.387037 0.0625 0.148148 0.30044
0 0.458333 0.385185 0.0291667 0.148148 0.302756
0 0.532292 0.393519 0.0291667 0.109259 0.303279
0 0.534375 0.393519 0.0291667 0.116667 0.304565
0 0.534375 0.393519 0.0291667 0.116667 0.306208
0 0.341146 0.348148 0.0177083 0.0666667 0.30785
0 0.559896 0.351852 0.015625 0.0666667 0.30929
0 0.515625 0.387963 0.0458333 0.112963 0.314303
0 0.341146 0.348148 0.0177083 0.0666667 0.315607
0 0.433333 0.387963 0.0625 0.146296 0.320022
0 0.968229 0.511111 0.0635417 0.692593 0.320701
0 0.507292 0.381481 0.03125 0.122222 0.32451
0 0.532292 0.392593 0.0270833 0.107407 0.335524
0 0.459375 0.387037 0.0291667 0.144444 0.336324
0 0.341146 0.348148 0.0177083 0.0666667 0.337366
0 0.506771 0.381481 0.0322917 0.122222 0.338387
0 0.339063 0.352778 0.0177083 0.0611111 0.349338
0 0.5625 0.35463 0.0166667 0.0685185 0.351125
0 0.459375 0.387037 0.0291667 0.144444 0.35142
0 0.61875 0.372222 0.025 0.111111 0.354538
0 0.0359375 0.376852 0.0260417 0.112963 0.357293
0 0.531771 0.390741 0.028125 0.111111 0.363791
0 0.339063 0.352778 0.015625 0.0611111 0.364842
0 0.394792 0.347222 0.0145833 0.0796296 0.369825
0 0.515625 0.387963 0.0458333 0.112963 0.373078
0 0.561458 0.35463 0.0166667 0.0648148 0.382587
0 0.619271 0.374074 0.0239583 0.114815 0.383977
0 0.340625 0.348148 0.0166667 0.0666667 0.391275
0 0.61875 0.373148 0.025 0.116667 0.391519
0 0.505729 0.387037 0.0302083 0.118519 0.398905
0 0.0192708 0.377778 0.0364583 0.111111 0.401043
0 0.340625 0.35 0.01875 0.0666667 0.401107
0 0.340625 0.35 0.01875 0.0666667 0.403543
0 0.394792 0.347222 0.0145833 0.0796296 0.40527
0 0.505729 0.386111 0.0302083 0.116667 0.416252
0 0.338542 0.352778 0.0166667 0.0611111 0.41638
0 0.620833 0.378704 0.025 0.12037 0.419532
0 0.340104 0.35 0.0177083 0.062963 0.423658
0 0.531771 0.390741 0.028125 0.111111 0.426164
0 0.458333 0.392593 0.0270833 0.148148 0.427286
0 0.457812 0.392593 0.028125 0.148148 0.428533
0 0.340625 0.35 0.01875 0.0666667 0.428634
0 0.561458 0.35463 0.0166667 0.0648148 0.42961
0 0.417188 0.380556 0.028125 0.161111 0.436715
0 0.416667 0.380556 0.0291667 0.161111 0.438621
0 0.620313 0.37963 0.0239583 0.122222 0.441479
0 0.715625 0.380556 0.0354167 0.164815 0.441877
0 0.619271 0.380556 0.028125 0.124074 0.442143
0 0.620313 0.37963 0.0239583 0.122222 0.443929
0 0.506771 0.388889 0.0302083 0.111111 0.449933
0 0.0359375 0.377778 0.0260417 0.111111 0.450941
0 0.967708 0.508333 0.0645833 0.675926 0.4603
0 0.506771 0.388889 0.0302083 0.111111 0.465463
0 0.532292 0.391667 0.0270833 0.109259 0.470367
0 0.506771 0.388889 0.0302083 0.111111 0.473323
0 0.715625 0.380556 0.0333333 0.164815 0.478723
0 0.560938 0.35463 0.015625 0.0685185 0.480311
0 0.618229 0.378704 0.0260417 0.124074 0.487029
0 0.5625 0.35463 0.0166667 0.0648148 0.488348
0 0.561458 0.35463 0.0166667 0.0685185 0.48839
0 0.617188 0.377778 0.0260417 0.122222 0.490986
0 0.532812 0.390741 0.0260417 0.114815 0.495557
0 0.970833 0.52037 0.0583333 0.633333 0.501094
0 0.417708 0.383333 0.0333333 0.162963 0.507848
0 0.53125 0.392593 0.0270833 0.111111 0.508854
0 0.417188 0.383333 0.034375 0.162963 0.510499
0 0.5625 0.35463 0.0166667 0.0648148 0.511042
0 0.560938 0.355556 0.015625 0.0666667 0.519304
0 0.617188 0.376852 0.0239583 0.12037 0.522771
0 0.617708 0.376852 0.025 0.12037 0.524074
0 0.532812 0.390741 0.0260417 0.114815 0.528673
0 0.505729 0.386111 0.0302083 0.116667 0.529239
0 0.506771 0.384259 0.028125 0.112963 0.529888
0 0.532812 0.390741 0.0260417 0.114815 0.531003
0 0.41875 0.382407 0.0333333 0.161111 0.545156
0 0.531771 0.393519 0.0260417 0.109259 0.549059
0 0.507292 0.385185 0.0270833 0.111111 0.553084
0 0.457812 0.392593 0.028125 0.148148 0.557905
0 0.00885417 0.376852 0.0177083 0.101852 0.559957
0 0.506771 0.385185 0.028125 0.111111 0.561094
0 0.531771 0.393519 0.0260417 0.109259 0.563975
0 0.619271 0.380556 0.0260417 0.12037 0.570315
0 0.457812 0.391667 0.028125 0.146296 0.57909
0 0.009375 0.37963 0.01875 0.107407 0.581816
0 0.009375 0.37963 0.01875 0.107407 0.583242
0 0.00989583 0.378704 0.0177083 0.109259 0.584341
0 0.009375 0.37963 0.01875 0.107407 0.584427
0 0.457812 0.391667 0.028125 0.15 0.590356
0 0.618229 0.378704 0.0260417 0.124074 0.590677
0 0.715625 0.383333 0.0354167 0.159259 0.599678
0 0.61875 0.380556 0.0270833 0.124074 0.600118
0 0.969271 0.507407 0.0614583 0.67037 0.603506
0 0.00885417 0.377778 0.0177083 0.103704 0.616352
0 0.618229 0.383333 0.0260417 0.122222 0.618713
0 0.00885417 0.377778 0.0177083 0.103704 0.620139
0 0.715625 0.381481 0.0291667 0.17037 0.626781
0 0.618229 0.383333 0.0260417 0.122222 0.62919
0 0.716146 0.381481 0.028125 0.17037 0.636207
0 0.617708 0.382407 0.025 0.12037 0.63625
0 0.618229 0.380556 0.0260417 0.124074 0.659965
0 0.970833 0.52037 0.0583333 0.648148 0.664159
0 0.715625 0.383333 0.0333333 0.159259 0.671192
0 0.0364583 0.376852 0.0229167 0.112963 0.673096
0 0.715104 0.383333 0.034375 0.159259 0.675475
0 0.969271 0.510185 0.0614583 0.683333 0.683182
0 0.0364583 0.375926 0.0229167 0.107407 0.696344
0 0.969792 0.523148 0.0604167 0.635185 0.70025
0 0.715625 0.383333 0.0333333 0.159259 0.701271
0 0.0364583 0.377778 0.0229167 0.107407 0.712268
0 0.970833 0.505556 0.05625 0.666667 0.713863
0 0.716146 0.382407 0.034375 0.161111 0.715122
0 0.0364583 0.375926 0.0229167 0.107407 0.717538
0 0.0364583 0.375926 0.0229167 0.107407 0.727921
0 0.715625 0.382407 0.0333333 0.161111 0.734701
0 0.715104 0.383333 0.034375 0.159259 0.73978
0 0.715625 0.381481 0.0333333 0.159259 0.742481
0 0.0364583 0.377778 0.0229167 0.111111 0.743527
0 0.715625 0.380556 0.0333333 0.157407 0.74624
0 0.715104 0.380556 0.034375 0.161111 0.751262
0 0.715625 0.383333 0.0333333 0.159259 0.752689
0 0.618229 0.381481 0.0260417 0.125926 0.757935
0 0.458333 0.390741 0.0291667 0.148148 0.759852
0 0.458333 0.390741 0.0291667 0.148148 0.759953
0 0.0369792 0.376852 0.0239583 0.109259 0.761599
0 0.618229 0.37963 0.0260417 0.125926 0.762131
0 0.0359375 0.377778 0.0239583 0.111111 0.762629
0 0.418229 0.387037 0.0302083 0.159259 0.767054
0 0.418229 0.386111 0.0302083 0.157407 0.773268
0 0.619271 0.380556 0.0239583 0.12037 0.776355
0 0.417708 0.385185 0.0291667 0.155556 0.77968
0 0.418229 0.386111 0.0302083 0.157407 0.786999
0 0.417708 0.385185 0.0291667 0.151852 0.788281
0 0.61875 0.380556 0.025 0.124074 0.790077
0 0.458333 0.390741 0.0291667 0.148148 0.790429
0 0.61875 0.380556 0.025 0.124074 0.79953
0 0.458333 0.389815 0.0291667 0.142593 0.805126
0 0.417188 0.383333 0.0322917 0.162963 0.805543
0 0.417708 0.383333 0.0333333 0.162963 0.805921
0 0.457812 0.389815 0.028125 0.146296 0.806677
0 0.969792 0.519444 0.0604167 0.653704 0.808461
0 0.61875 0.380556 0.025 0.124074 0.814321
0 0.969792 0.511111 0.0604167 0.674074 0.825681
0 0.457812 0.388889 0.028125 0.151852 0.833465
0 0.457812 0.387963 0.028125 0.15 0.845367
