0 0.526563 0.323148 0.0135417 0.0611111 0.257043
0 0.369271 0.314815 0.0177083 0.0777778 0.25852
0 0.4875 0.334259 0.0208333 0.087037 0.261978
0 0.475521 0.353704 0.0427083 0.144444 0.269942
0 0.488021 0.337037 0.0177083 0.0851852 0.280212
0 0.364062 0.311111 0.015625 0.0703704 0.283398
0 0.4875 0.334259 0.0208333 0.0907407 0.295165
0 0.338542 0.319444 0.0208333 0.0833333 0.301688
0 0.636458 0.364815 0.0291667 0.177778 0.306805
0 0.4875 0.335185 0.0208333 0.0888889 0.308552
0 0.636979 0.364815 0.028125 0.177778 0.309871
0 0.195833 0.394444 0.104167 0.337037 0.311329
0 0.195833 0.394444 0.102083 0.340741 0.311935
0 0.195833 0.393519 0.102083 0.335185 0.312428
0 0.144792 0.339815 0.03125 0.131481 0.315215
0 0.339063 0.319444 0.021875 0.0833333 0.315336
0 0.339063 0.319444 0.021875 0.0833333 0.316549
0 0.144792 0.339815 0.03125 0.131481 0.320962
0 0.467187 0.35 0.028125 0.133333 0.323239
0 0.642187 0.359259 0.034375 0.155556 0.324996
0 0.467187 0.353704 0.0260417 0.137037 0.32636
0 0.302604 0.337037 0.021875 0.103704 0.326936
0 0.488021 0.337037 0.0177083 0.0851852 0.330643
0 0.304167 0.337037 0.0208333 0.1 0.331474
0 0.488542 0.337037 0.01875 0.0851852 0.340076
0 0.304167 0.337037 0.0208333 0.1 0.340724
0 0.144792 0.341667 0.03125 0.131481 0.342231
0 0.144271 0.339815 0.0302083 0.131481 0.343442
0 0.369271 0.314815 0.015625 0.0740741 0.348718
0 0.642708 0.361111 0.0333333 0.155556 0.364087
0 0.370313 0.32037 0.015625 0.0666667 0.366416
0 0.369271 0.314815 0.015625 0.0740741 0.369321
0 0.339063 0.322222 0.0197917 0.0777778 0.383933
0 0.644271 0.359259 0.028125 0.151852 0.386682
0 0.145313 0.342593 0.0364583 0.144444 0.39861
0 0.144792 0.343519 0.0354167 0.146296 0.400903
0 0.339063 0.322222 0.021875 0.0777778 0.402337
0 0.370313 0.32037 0.015625 0.0666667 0.409387
0 0.339063 0.322222 0.021875 0.0777778 0.418891
0 0.639063 0.362037 0.034375 0.17963 0.451464
0 0.370313 0.32037 0.015625 0.0666667 0.451966
0 0.291667 0.336111 0.03125 0.105556 0.477979
0 0.638542 0.362963 0.0333333 0.177778 0.478669
0 0.145313 0.342593 0.0322917 0.144444 0.490439
0 0.145313 0.343519 0.0322917 0.146296 0.490468
0 0.466667 0.352778 0.0270833 0.157407 0.497736
0 0.467187 0.353704 0.028125 0.155556 0.502624
0 0.144792 0.343519 0.03125 0.138889 0.505107
0 0.144792 0.342593 0.03125 0.144444 0.506821
0 0.145313 0.344444 0.0322917 0.137037 0.507353
0 0.291667 0.336111 0.03125 0.105556 0.510276
0 0.144792 0.341667 0.03125 0.142593 0.516135
0 0.144792 0.341667 0.03125 0.142593 0.519254
0 0.145313 0.343519 0.0322917 0.138889 0.526291
0 0.507812 0.356481 0.028125 0.127778 0.5283
0 0.639063 0.363889 0.0364583 0.172222 0.533514
0 0.292188 0.336111 0.0302083 0.105556 0.533804
0 0.507812 0.357407 0.028125 0.12963 0.545746
0 0.642187 0.363889 0.034375 0.175926 0.561775
0 0.641667 0.364815 0.0354167 0.174074 0.571047
0 0.639063 0.364815 0.034375 0.174074 0.576973
0 0.29375 0.337963 0.03125 0.109259 0.583309
0 0.293229 0.337963 0.0322917 0.109259 0.583974
0 0.467187 0.35 0.028125 0.140741 0.599429
0 0.507292 0.355556 0.0270833 0.125926 0.601158
0 0.467187 0.35 0.028125 0.137037 0.602253
0 0.292188 0.339815 0.0302083 0.101852 0.604938
0 0.640625 0.363889 0.0333333 0.172222 0.606325
0 0.292188 0.337037 0.0322917 0.103704 0.616604
0 0.640625 0.363889 0.0333333 0.172222 0.618172
0 0.293229 0.337037 0.0322917 0.107407 0.6208
0 0.507292 0.357407 0.0270833 0.12963 0.627209
0 0.292188 0.337037 0.0322917 0.103704 0.627793
0 0.639063 0.364815 0.034375 0.174074 0.630962
0 0.508854 0.356481 0.0260417 0.127778 0.631081
0 0.292188 0.338889 0.0302083 0.103704 0.636681
0 0.292188 0.338889 0.0302083 0.103704 0.637579
0 0.292708 0.336111 0.03125 0.105556 0.64959
0 0.292188 0.337037 0.0322917 0.103704 0.652031
0 0.339583 0.322222 0.01875 0.0777778 0.659783
0 0.292188 0.337963 0.0302083 0.105556 0.664418
0 0.339583 0.324074 0.01875 0.0814815 0.664835
0 0.292708 0.336111 0.03125 0.105556 0.665071
0 0.292708 0.336111 0.03125 0.105556 0.673152
0 0.467187 0.353704 0.028125 0.155556 0.673288
0 0.639583 0.366667 0.0333333 0.174074 0.673395
0 0.507292 0.356481 0.0270833 0.127778 0.677273
0 0.639583 0.366667 0.0333333 0.174074 0.680291
0 0.339583 0.322222 0.01875 0.0777778 0.682717
0 0.339583 0.324074 0.01875 0.0814815 0.683873
0 0.508854 0.357407 0.0260417 0.125926 0.684747
0 0.339583 0.323148 0.01875 0.0796296 0.686092
0 0.292188 0.337037 0.0302083 0.107407 0.686902
0 0.508854 0.357407 0.0260417 0.125926 0.687657
0 0.339583 0.322222 0.01875 0.0777778 0.688374
0 0.339583 0.322222 0.01875 0.0777778 0.689719
0 0.467187 0.355556 0.028125 0.151852 0.69157
0 0.639063 0.366667 0.034375 0.174074 0.693767
0 0.467187 0.353704 0.028125 0.155556 0.704292
0 0.339583 0.321296 0.01875 0.0796296 0.708899
0 0.292188 0.337037 0.0302083 0.107407 0.710488
0 0.507812 0.356481 0.0260417 0.127778 0.718915
0 0.195312 0.390741 0.103125 0.32963 0.74013
0 0.467187 0.35463 0.028125 0.15 0.74072
0 0.195312 0.389815 0.103125 0.331481 0.744203
0 0.467187 0.353704 0.028125 0.155556 0.747352
0 0.467187 0.35463 0.028125 0.15 0.75875
0 0.507812 0.356481 0.0260417 0.127778 0.779632
0 0.507812 0.356481 0.0260417 0.127778 0.781214
0 0.507812 0.357407 0.0260417 0.12963 0.795551
0 0.467187 0.352778 0.028125 0.15 0.815088
0 0.467187 0.352778 0.028125 0.146296 0.826965
0 0.196875 0.390741 0.1 0.32963 0.830158
0 0.196875 0.392593 0.1 0.333333 0.847746
0 0.197396 0.390741 0.0989583 0.333333 0.847801
0 0.196875 0.391667 0.1 0.331481 0.850558
0 0.197396 0.390741 0.0989583 0.333333 0.850577
0 0.197396 0.390741 0.0989583 0.333333 0.852704
0 0.196875 0.391667 0.1 0.331481 0.852902
0 0.197396 0.390741 0.0989583 0.32963 0.858001
0 0.196875 0.390741 0.1 0.32963 0.863639
0 0.197396 0.390741 0.0989583 0.32963 0.87195
