0 0.647917 0.351852 0.0229167 0.140741 0.251142
0 0.486979 0.333333 0.0197917 0.0925926 0.252978
0 0.372396 0.32037 0.0135417 0.062963 0.257964
0 0.525521 0.319444 0.015625 0.0648148 0.26211
0 0.632812 0.361111 0.0302083 0.174074 0.263775
0 0.486979 0.332407 0.0197917 0.0907407 0.269724
0 0.372396 0.313889 0.015625 0.0722222 0.270609
0 0.471875 0.352778 0.0375 0.15 0.27567
0 0.198437 0.384259 0.0885417 0.32037 0.275673
0 0.198437 0.383333 0.0885417 0.318519 0.27958
0 0.339583 0.32037 0.0208333 0.0777778 0.280369
0 0.372396 0.313889 0.015625 0.0722222 0.280874
0 0.340104 0.32037 0.0197917 0.0777778 0.28389
0 0.372396 0.319444 0.0135417 0.0611111 0.284931
0 0.632292 0.362037 0.0291667 0.172222 0.292906
0 0.4875 0.333333 0.01875 0.0888889 0.295864
0 0.488021 0.333333 0.0177083 0.0888889 0.298605
0 0.339583 0.32037 0.0208333 0.0777778 0.299577
0 0.294792 0.337037 0.0291667 0.1 0.301058
0 0.467708 0.349074 0.0291667 0.131481 0.30154
0 0.380729 0.318519 0.015625 0.062963 0.302951
0 0.380208 0.314815 0.0145833 0.0703704 0.318878
0 0.380729 0.318519 0.015625 0.062963 0.326719
0 0.295312 0.336111 0.028125 0.101852 0.33083
0 0.295312 0.336111 0.028125 0.101852 0.333316
0 0.380208 0.313889 0.0145833 0.0685185 0.333472
0 0.639583 0.361111 0.0333333 0.166667 0.353059
0 0.642708 0.359259 0.03125 0.155556 0.354434
0 0.509896 0.352778 0.028125 0.135185 0.360705
0 0.633333 0.362037 0.0291667 0.172222 0.362079
0 0.632812 0.362037 0.028125 0.172222 0.363448
0 0.639063 0.361111 0.034375 0.166667 0.366648
0 0.203125 0.381481 0.0875 0.311111 0.38198
0 0.632292 0.362037 0.0270833 0.172222 0.38623
0 0.295833 0.327778 0.03125 0.0962963 0.39105
0 0.203125 0.381481 0.0875 0.307407 0.400485
0 0.202604 0.381481 0.0864583 0.307407 0.407361
0 0.643229 0.359259 0.0302083 0.151852 0.412244
0 0.295833 0.327778 0.03125 0.1 0.419789
0 0.295833 0.327778 0.03125 0.1 0.420322
0 0.466667 0.352778 0.0291667 0.161111 0.463906
0 0.466667 0.352778 0.0291667 0.161111 0.465885
0 0.508333 0.352778 0.0270833 0.135185 0.476951
0 0.202604 0.382407 0.0864583 0.309259 0.479742
0 0.339583 0.319444 0.0208333 0.0833333 0.492539
0 0.506771 0.350926 0.0260417 0.146296 0.496363
0 0.339583 0.319444 0.0208333 0.0796296 0.505014
0 0.506771 0.350926 0.0260417 0.142593 0.508477
0 0.339583 0.319444 0.0208333 0.0796296 0.509072
0 0.202083 0.383333 0.0875 0.311111 0.512316
0 0.644271 0.359259 0.0260417 0.151852 0.535156
0 0.638021 0.362037 0.0385417 0.168519 0.543746
0 0.508333 0.353704 0.0291667 0.137037 0.550655
0 0.508333 0.352778 0.0291667 0.135185 0.564366
0 0.638021 0.362037 0.0364583 0.168519 0.566664
0 0.2 0.385185 0.0875 0.318519 0.5794
0 0.507812 0.353704 0.028125 0.137037 0.601896
0 0.638021 0.362963 0.0364583 0.17037 0.607411
0 0.509896 0.352778 0.028125 0.138889 0.61192
0 0.297396 0.331481 0.0322917 0.103704 0.614523
0 0.508333 0.352778 0.0291667 0.135185 0.616721
0 0.508333 0.352778 0.0291667 0.135185 0.617406
0 0.467708 0.35 0.0291667 0.140741 0.618376
0 0.467187 0.35 0.028125 0.140741 0.618922
0 0.509896 0.353704 0.028125 0.137037 0.624894
0 0.636979 0.360185 0.0364583 0.172222 0.629892
0 0.638021 0.363889 0.0364583 0.168519 0.642167
0 0.642708 0.360185 0.0333333 0.168519 0.643314
0 0.296875 0.331481 0.03125 0.107407 0.643563
0 0.641667 0.360185 0.0333333 0.168519 0.646681
0 0.638021 0.363889 0.0364583 0.168519 0.647795
0 0.6375 0.361111 0.0354167 0.17037 0.649147
0 0.203125 0.384259 0.0895833 0.316667 0.653181
0 0.638021 0.363889 0.0364583 0.168519 0.657096
0 0.296875 0.331481 0.03125 0.103704 0.66429
0 0.296875 0.331481 0.03125 0.103704 0.665473
0 0.296875 0.331481 0.03125 0.103704 0.676156
0 0.296875 0.333333 0.03125 0.107407 0.680078
0 0.296875 0.333333 0.03125 0.107407 0.683951
0 0.340104 0.319444 0.0177083 0.0796296 0.686473
0 0.467708 0.352778 0.0291667 0.157407 0.691868
0 0.508333 0.352778 0.0270833 0.142593 0.69613
0 0.296875 0.331481 0.03125 0.103704 0.698716
0 0.339583 0.319444 0.01875 0.0759259 0.701952
0 0.508333 0.353704 0.0270833 0.137037 0.702927
0 0.296875 0.332407 0.03125 0.105556 0.70423
0 0.508333 0.352778 0.0270833 0.138889 0.707119
0 0.296875 0.332407 0.03125 0.105556 0.711962
0 0.339583 0.319444 0.01875 0.0759259 0.712455
0 0.296354 0.332407 0.0302083 0.105556 0.714011
0 0.467708 0.352778 0.0291667 0.157407 0.715271
0 0.467708 0.352778 0.0291667 0.157407 0.715441
0 0.296875 0.333333 0.03125 0.107407 0.715486
0 0.340104 0.322222 0.0177083 0.0814815 0.718737
0 0.339583 0.321296 0.01875 0.0796296 0.726804
0 0.296875 0.332407 0.03125 0.105556 0.729246
0 0.339583 0.321296 0.01875 0.0796296 0.731722
0 0.467187 0.35463 0.0302083 0.153704 0.737088
0 0.340104 0.32037 0.0177083 0.0777778 0.737535
0 0.296354 0.332407 0.0302083 0.109259 0.737558
0 0.467187 0.35463 0.028125 0.153704 0.753275
0 0.296354 0.333333 0.0302083 0.107407 0.763657
0 0.467708 0.35463 0.0291667 0.153704 0.767914
0 0.340104 0.319444 0.0177083 0.0796296 0.773797
0 0.467187 0.351852 0.028125 0.155556 0.809084
0 0.467187 0.351852 0.028125 0.151852 0.818988
0 0.200521 0.383333 0.0864583 0.318519 0.848822
0 0.201042 0.383333 0.0854167 0.318519 0.851337
0 0.201042 0.384259 0.0875 0.312963 0.852043
0 0.201042 0.383333 0.0875 0.314815 0.854779
0 0.201042 0.384259 0.0854167 0.316667 0.856429
0 0.201562 0.384259 0.0864583 0.312963 0.860173
0 0.201042 0.384259 0.0875 0.316667 0.864071
0 0.201562 0.383333 0.0864583 0.314815 0.876463
0 0.201562 0.383333 0.0864583 0.314815 0.876659
0 0.201562 0.383333 0.0864583 0.314815 0.87797
