0 0.310937 0.356481 0.0114583 0.0648148 0.256837
0 0.310937 0.356481 0.0114583 0.0648148 0.259213
0 0.360417 0.346296 0.0145833 0.0777778 0.260016
0 0.509896 0.351852 0.0135417 0.062963 0.263466
0 0.364583 0.34537 0.0166667 0.0796296 0.273386
0 0.510417 0.351852 0.0145833 0.0666667 0.279688
0 0.655729 0.394444 0.046875 0.240741 0.280457
0 0.509896 0.351852 0.0135417 0.0592593 0.285715
0 0.596875 0.373148 0.0270833 0.131481 0.288732
0 0.596354 0.373148 0.028125 0.131481 0.292411
0 0.427604 0.375 0.0260417 0.135185 0.295804
0 0.484896 0.382407 0.028125 0.146296 0.330323
0 0.484896 0.380556 0.0302083 0.135185 0.333312
0 0.655729 0.394444 0.046875 0.255556 0.334781
0 0.485417 0.383333 0.025 0.133333 0.340405
0 0.189063 0.469444 0.128125 0.446296 0.344986
0 0.427604 0.375 0.0260417 0.127778 0.347972
0 0.365625 0.344444 0.0145833 0.0777778 0.355
0 0.189063 0.468519 0.128125 0.444444 0.356419
0 0.189063 0.466667 0.128125 0.448148 0.356742
0 0.511458 0.352778 0.0145833 0.0611111 0.363792
0 0.365625 0.344444 0.0145833 0.0777778 0.374531
0 0.510938 0.352778 0.0135417 0.0648148 0.375897
0 0.485417 0.383333 0.0270833 0.144444 0.393874
0 0.427604 0.373148 0.0260417 0.138889 0.394535
0 0.486458 0.381481 0.025 0.133333 0.397702
0 0.649479 0.396296 0.0364583 0.248148 0.3991
0 0.428125 0.373148 0.0270833 0.138889 0.400308
0 0.365625 0.34537 0.0125 0.0796296 0.403159
0 0.365625 0.346296 0.0125 0.0777778 0.414293
0 0.484896 0.381481 0.0302083 0.133333 0.425086
0 0.485938 0.384259 0.028125 0.138889 0.426497
0 0.509896 0.351852 0.0135417 0.0666667 0.432293
0 0.327083 0.368519 0.01875 0.0925926 0.442165
0 0.327604 0.368519 0.0197917 0.0962963 0.446401
0 0.483854 0.380556 0.0302083 0.135185 0.460363
0 0.509896 0.351852 0.0135417 0.0666667 0.470416
0 0.485938 0.382407 0.0260417 0.146296 0.473302
0 0.327604 0.368519 0.0197917 0.0962963 0.476572
0 0.484896 0.384259 0.0260417 0.146296 0.486513
0 0.659375 0.39537 0.0479167 0.238889 0.48716
0 0.485417 0.384259 0.0270833 0.138889 0.504139
0 0.484896 0.384259 0.0260417 0.146296 0.504496
0 0.184375 0.464815 0.125 0.448148 0.507789
0 0.428646 0.377778 0.028125 0.140741 0.516164
0 0.184375 0.463889 0.125 0.446296 0.521792
0 0.184375 0.463889 0.127083 0.446296 0.535259
0 0.327604 0.367593 0.0197917 0.0981481 0.552915
0 0.327083 0.37037 0.01875 0.0925926 0.555968
0 0.428646 0.377778 0.028125 0.140741 0.563431
0 0.428125 0.375 0.025 0.142593 0.5645
0 0.428125 0.375 0.025 0.142593 0.56833
0 0.597396 0.380556 0.028125 0.135185 0.574369
0 0.659375 0.396296 0.05 0.248148 0.574864
0 0.428646 0.378704 0.028125 0.138889 0.577384
0 0.428646 0.378704 0.028125 0.15 0.59377
0 0.486458 0.381481 0.025 0.140741 0.600189
0 0.657812 0.396296 0.0489583 0.244444 0.604602
0 0.596875 0.380556 0.0291667 0.124074 0.607894
0 0.327604 0.368519 0.0197917 0.0962963 0.618581
0 0.486458 0.380556 0.025 0.138889 0.621514
0 0.485938 0.384259 0.0260417 0.138889 0.622352
0 0.597917 0.381481 0.0270833 0.133333 0.62354
0 0.596875 0.380556 0.0291667 0.124074 0.629623
0 0.428646 0.378704 0.028125 0.146296 0.6356
0 0.596875 0.381481 0.0291667 0.122222 0.635916
0 0.655208 0.399074 0.0541667 0.242593 0.64022
0 0.596875 0.384259 0.025 0.127778 0.641021
0 0.428646 0.37963 0.028125 0.148148 0.643131
0 0.656771 0.398148 0.053125 0.244444 0.651019
0 0.596875 0.384259 0.025 0.127778 0.652151
0 0.596354 0.381481 0.028125 0.133333 0.652926
0 0.596875 0.384259 0.025 0.127778 0.654927
0 0.327604 0.367593 0.0197917 0.0981481 0.655821
0 0.327604 0.368519 0.0197917 0.1 0.658359
0 0.596875 0.380556 0.0270833 0.131481 0.660824
0 0.656771 0.4 0.0552083 0.244444 0.674278
0 0.65625 0.397222 0.0541667 0.242593 0.680887
0 0.485417 0.382407 0.025 0.146296 0.680972
0 0.428646 0.37963 0.028125 0.148148 0.681214
0 0.65625 0.399074 0.0541667 0.242593 0.682512
0 0.485417 0.383333 0.025 0.144444 0.687997
0 0.656771 0.398148 0.053125 0.244444 0.691807
0 0.596875 0.380556 0.0270833 0.135185 0.696618
0 0.596875 0.378704 0.0270833 0.131481 0.696849
0 0.327083 0.366667 0.01875 0.0962963 0.697274
0 0.428646 0.377778 0.028125 0.148148 0.697658
0 0.65625 0.398148 0.0541667 0.244444 0.699704
0 0.429167 0.37963 0.0270833 0.148148 0.706692
0 0.65625 0.398148 0.0541667 0.248148 0.714402
0 0.596354 0.381481 0.028125 0.12963 0.716327
0 0.327083 0.366667 0.01875 0.0962963 0.728211
0 0.596354 0.378704 0.028125 0.131481 0.731756
0 0.327083 0.366667 0.01875 0.0962963 0.734234
0 0.656771 0.398148 0.053125 0.244444 0.738512
0 0.596875 0.381481 0.0270833 0.133333 0.73855
0 0.596875 0.378704 0.0270833 0.131481 0.739018
0 0.427604 0.374074 0.0260417 0.144444 0.739712
0 0.327604 0.369444 0.0197917 0.0981481 0.746262
0 0.657292 0.397222 0.0520833 0.246296 0.750734
0 0.596875 0.380556 0.0270833 0.131481 0.755467
0 0.657292 0.397222 0.0520833 0.246296 0.756414
0 0.427604 0.374074 0.0260417 0.140741 0.760678
0 0.656771 0.397222 0.0510417 0.246296 0.761231
0 0.596875 0.380556 0.0270833 0.131481 0.767499
0 0.186458 0.468519 0.127083 0.448148 0.787226
0 0.186458 0.469444 0.127083 0.438889 0.796685
0 0.186458 0.469444 0.129167 0.446296 0.802639
0 0.657812 0.397222 0.0489583 0.253704 0.856522
0 0.186458 0.467593 0.127083 0.442593 0.88957
0 0.186458 0.468519 0.127083 0.440741 0.889914
0 0.186458 0.462963 0.127083 0.451852 0.890914
0 0.186458 0.467593 0.129167 0.442593 0.894097
0 0.186458 0.462963 0.127083 0.455556 0.897576
0 0.186458 0.467593 0.129167 0.442593 0.902316
0 0.186458 0.462963 0.127083 0.455556 0.903209
0 0.185417 0.466667 0.129167 0.444444 0.909744
0 0.185417 0.466667 0.129167 0.444444 0.913855
