0 0.280729 0.339815 0.028125 0.0907407 0.250319
0 0.280729 0.338889 0.028125 0.0888889 0.250504
0 0.611458 0.364815 0.0229167 0.0851852 0.253793
13 0.31875 0.432407 0.102083 0.112963 0.254001
0 0.511458 0.37037 0.0291667 0.133333 0.257212
0 0.609896 0.372222 0.0239583 0.107407 0.258792
0 0.516146 0.372222 0.0260417 0.122222 0.260195
26 0.821875 0.527778 0.0458333 0.155556 0.260523
0 0.514583 0.372222 0.0270833 0.122222 0.261102
0 0.991146 0.398148 0.0177083 0.0851852 0.265502
0 0.991667 0.4 0.0166667 0.0814815 0.267155
0 0.991667 0.399074 0.0166667 0.0833333 0.26738
0 0.152604 0.350926 0.0260417 0.109259 0.268469
0 0.481771 0.371296 0.028125 0.142593 0.268747
26 0.821875 0.526852 0.0458333 0.157407 0.270109
0 0.283854 0.339815 0.0302083 0.087037 0.270236
0 0.991667 0.398148 0.0166667 0.0851852 0.271694
24 0.940104 0.528704 0.109375 0.294444 0.271794
0 0.991667 0.399074 0.0166667 0.0833333 0.272587
26 0.821875 0.526852 0.0458333 0.157407 0.27404
0 0.991667 0.398148 0.0166667 0.0851852 0.275761
24 0.940104 0.52963 0.109375 0.296296 0.277611
0 0.560417 0.386111 0.0354167 0.15 0.278578
0 0.354688 0.377778 0.0427083 0.159259 0.280572
0 0.511458 0.371296 0.0291667 0.131481 0.281633
0 0.778646 0.587963 0.111458 0.587037 0.281968
0 0.153646 0.352778 0.0260417 0.112963 0.282256
0 0.514583 0.363889 0.0270833 0.12037 0.284776
13 0.310937 0.425 0.0739583 0.0944444 0.287292
24 0.961979 0.534259 0.0760417 0.305556 0.289916
0 0.153646 0.351852 0.0260417 0.111111 0.289986
13 0.0203125 0.84537 0.040625 0.216667 0.291219
0 0.610937 0.364815 0.021875 0.0888889 0.293113
0 0.515104 0.363889 0.0260417 0.12037 0.293399
13 0.311458 0.427778 0.08125 0.1 0.29641
24 0.940625 0.528704 0.110417 0.290741 0.296958
0 0.354167 0.376852 0.04375 0.157407 0.29863
13 0.311458 0.427778 0.08125 0.1 0.29909
0 0.610937 0.363889 0.021875 0.087037 0.300648
13 0.310937 0.423148 0.078125 0.0907407 0.301409
13 0.0203125 0.84537 0.040625 0.216667 0.301569
0 0.560417 0.385185 0.0354167 0.151852 0.301662
0 0.929688 0.603704 0.140625 0.659259 0.305298
13 0.310417 0.425 0.075 0.0944444 0.305448
0 0.0171875 0.384259 0.034375 0.172222 0.306512
13 0.0203125 0.84537 0.040625 0.216667 0.309452
13 0.311458 0.423148 0.0791667 0.0907407 0.312738
0 0.154167 0.351852 0.025 0.111111 0.315104
0 0.0177083 0.384259 0.0354167 0.175926 0.315687
0 0.778125 0.591667 0.1125 0.594444 0.315933
0 0.511458 0.371296 0.0270833 0.131481 0.318378
24 0.966146 0.531482 0.0677083 0.288889 0.318702
24 0.966146 0.530556 0.0677083 0.290741 0.323531
0 0.0177083 0.384259 0.0354167 0.172222 0.324676
0 0.483333 0.367593 0.0229167 0.146296 0.329237
0 0.483333 0.366667 0.0229167 0.144444 0.329648
24 0.9625 0.535185 0.075 0.311111 0.330469
0 0.929167 0.605556 0.141667 0.662963 0.334424
24 0.966146 0.530556 0.0677083 0.290741 0.335586
0 0.559896 0.386111 0.0364583 0.15 0.336385
0 0.927604 0.603704 0.134375 0.666667 0.342215
0 0.015625 0.392593 0.03125 0.181481 0.351261
0 0.015625 0.391667 0.03125 0.183333 0.35362
0 0.482812 0.371296 0.0239583 0.146296 0.359548
0 0.922917 0.608333 0.125 0.642593 0.363905
0 0.508333 0.366667 0.0208333 0.114815 0.367109
0 0.561458 0.388889 0.0354167 0.151852 0.383344
0 0.154167 0.348148 0.025 0.103704 0.388323
0 0.152604 0.351852 0.0260417 0.111111 0.389386
0 0.510938 0.369444 0.028125 0.127778 0.389497
0 0.927604 0.603704 0.134375 0.666667 0.395021
0 0.560417 0.391667 0.0354167 0.15 0.396596
26 0.820833 0.528704 0.04375 0.161111 0.397895
0 0.560938 0.388889 0.0364583 0.151852 0.400127
26 0.820833 0.52963 0.04375 0.162963 0.400698
0 0.925521 0.605556 0.138542 0.644444 0.409315
0 0.560417 0.391667 0.0354167 0.15 0.410889
0 0.154167 0.349074 0.0229167 0.105556 0.412952
26 0.820833 0.528704 0.04375 0.161111 0.415823
0 0.560417 0.392593 0.0354167 0.148148 0.418779
0 0.610937 0.372222 0.021875 0.1 0.419192
0 0.508854 0.367593 0.0239583 0.124074 0.42214
0 0.508333 0.366667 0.0208333 0.122222 0.422163
0 0.154167 0.349074 0.0229167 0.105556 0.424316
0 0.48125 0.373148 0.0229167 0.142593 0.426438
0 0.920833 0.60463 0.1375 0.672222 0.428714
0 0.508333 0.366667 0.0208333 0.122222 0.429575
0 0.482292 0.37037 0.025 0.140741 0.430455
0 0.35625 0.373148 0.03125 0.157407 0.437605
0 0.151042 0.35463 0.0208333 0.101852 0.438084
0 0.482292 0.373148 0.0229167 0.142593 0.44016
0 0.152083 0.35463 0.0208333 0.101852 0.443558
0 0.355729 0.374074 0.0322917 0.155556 0.444656
0 0.921354 0.60463 0.136458 0.675926 0.447075
0 0.151562 0.35463 0.0197917 0.101852 0.452773
0 0.508333 0.368519 0.0229167 0.125926 0.455593
0 0.508333 0.368519 0.0229167 0.125926 0.462849
0 0.610937 0.372222 0.021875 0.1 0.470774
0 0.610937 0.372222 0.021875 0.1 0.472139
0 0.153125 0.35 0.0229167 0.107407 0.482694
0 0.153646 0.351852 0.0239583 0.111111 0.488952
0 0.358854 0.37963 0.0302083 0.151852 0.494901
0 0.358854 0.378704 0.0302083 0.153704 0.505514
0 0.0182292 0.387963 0.0364583 0.183333 0.515065
0 0.153125 0.352778 0.0229167 0.105556 0.517588
0 0.610417 0.367593 0.0208333 0.0944444 0.533003
0 0.153125 0.352778 0.0229167 0.105556 0.534367
0 0.153125 0.352778 0.0229167 0.105556 0.534771
0 0.560938 0.391667 0.034375 0.15 0.543568
0 0.560938 0.390741 0.034375 0.151852 0.550111
0 0.609896 0.373148 0.021875 0.0981481 0.554
0 0.558854 0.387963 0.034375 0.15 0.559332
0 0.78125 0.602778 0.116667 0.631481 0.562189
0 0.0171875 0.394444 0.034375 0.181481 0.563874
0 0.357292 0.374074 0.0354167 0.155556 0.571302
0 0.0182292 0.387963 0.0364583 0.183333 0.571462
0 0.610417 0.367593 0.0208333 0.0944444 0.576778
0 0.357292 0.374074 0.0354167 0.155556 0.576967
0 0.0171875 0.394444 0.034375 0.181481 0.577354
0 0.923437 0.60463 0.126042 0.646296 0.578326
0 0.610937 0.367593 0.021875 0.0944444 0.581575
0 0.926042 0.606481 0.141667 0.672222 0.584889
0 0.780729 0.601852 0.117708 0.62963 0.589702
0 0.0171875 0.394444 0.034375 0.181481 0.592212
0 0.559896 0.387963 0.034375 0.15 0.594526
0 0.609896 0.372222 0.021875 0.1 0.606624
0 0.356771 0.377778 0.0364583 0.162963 0.616518
0 0.609896 0.372222 0.021875 0.1 0.618766
0 0.357292 0.374074 0.0354167 0.155556 0.621386
0 0.559896 0.387963 0.034375 0.15 0.621877
0 0.357292 0.375926 0.0354167 0.159259 0.62204
0 0.35625 0.377778 0.0354167 0.159259 0.624612
0 0.559375 0.388889 0.0354167 0.148148 0.625266
0 0.35625 0.377778 0.0354167 0.162963 0.62592
0 0.356771 0.375926 0.034375 0.159259 0.627383
0 0.558854 0.388889 0.034375 0.148148 0.63233
0 0.0177083 0.391667 0.0354167 0.175926 0.644361
0 0.925521 0.602778 0.136458 0.661111 0.649372
0 0.356771 0.375926 0.034375 0.159259 0.651701
0 0.78125 0.585185 0.114583 0.577778 0.654152
0 0.0177083 0.389815 0.0354167 0.17963 0.655444
0 0.0177083 0.392593 0.0354167 0.177778 0.656311
0 0.560417 0.388889 0.0354167 0.148148 0.660117
0 0.609896 0.371296 0.021875 0.105556 0.662358
0 0.0182292 0.387037 0.0364583 0.185185 0.664053
0 0.0177083 0.389815 0.0354167 0.17963 0.664996
0 0.609896 0.371296 0.021875 0.105556 0.670256
0 0.0177083 0.391667 0.0354167 0.183333 0.676239
0 0.780729 0.600926 0.113542 0.616667 0.692224
0 0.782292 0.587963 0.114583 0.57963 0.701971
0 0.560417 0.388889 0.0354167 0.148148 0.705231
0 0.925521 0.60463 0.140625 0.668519 0.714464
0 0.0177083 0.391667 0.0354167 0.183333 0.715468
0 0.357292 0.376852 0.0375 0.161111 0.718085
0 0.558854 0.390741 0.034375 0.148148 0.718131
0 0.357292 0.377778 0.0375 0.159259 0.720363
0 0.558854 0.389815 0.034375 0.15 0.723991
0 0.777604 0.602778 0.107292 0.631481 0.729222
0 0.560417 0.388889 0.0354167 0.148148 0.742488
0 0.777083 0.60463 0.10625 0.638889 0.749772
0 0.0177083 0.391667 0.0354167 0.183333 0.765635
0 0.779688 0.6 0.107292 0.625926 0.765914
0 0.780729 0.600926 0.113542 0.616667 0.798962
0 0.779688 0.6 0.107292 0.618519 0.811719
0 0.779688 0.60463 0.113542 0.624074 0.875792
0 0.780208 0.60463 0.1125 0.624074 0.877188
