0 0.499479 0.386111 0.021875 0.131481 0.250503
0 0.783333 0.632407 0.13125 0.594444 0.252147
0 0.492188 0.386111 0.0447917 0.127778 0.25314
0 0.285417 0.351852 0.0229167 0.0777778 0.255649
0 0.2875 0.351852 0.0229167 0.0740741 0.25639
0 0.498958 0.387037 0.0208333 0.133333 0.257704
0 0.288021 0.351852 0.021875 0.0740741 0.262771
13 0.429688 0.462037 0.0427083 0.0574074 0.264881
26 0.825 0.569444 0.0583333 0.142593 0.265316
24 0.950521 0.568519 0.096875 0.292593 0.266132
0 0.734375 0.387963 0.0479167 0.198148 0.266855
0 0.285417 0.351852 0.0229167 0.0777778 0.268277
0 0.733854 0.42037 0.0510417 0.266667 0.268754
0 0.599479 0.372222 0.0197917 0.0851852 0.269444
24 0.95 0.568519 0.0958333 0.3 0.270956
13 0.428646 0.461111 0.0427083 0.0592593 0.271051
0 0.733854 0.387037 0.0489583 0.2 0.271278
0 0.734375 0.387963 0.0479167 0.198148 0.271303
0 0.268229 0.371296 0.0177083 0.12037 0.272595
0 0.145313 0.365741 0.0239583 0.101852 0.273731
0 0.148438 0.357407 0.021875 0.0925926 0.275181
26 0.825521 0.568519 0.0572917 0.144444 0.275241
13 0.429167 0.457407 0.04375 0.0555556 0.275569
0 0.599479 0.373148 0.0197917 0.087037 0.27702
26 0.822396 0.567593 0.0635417 0.153704 0.277148
26 0.825 0.569444 0.0583333 0.142593 0.278708
0 0.288021 0.352778 0.021875 0.0722222 0.278973
24 0.950521 0.567593 0.096875 0.298148 0.281206
0 0.285417 0.351852 0.0229167 0.0777778 0.282684
0 0.733333 0.443519 0.05 0.298148 0.283177
0 0.599479 0.373148 0.0197917 0.087037 0.288006
0 0.0130208 0.400926 0.0260417 0.183333 0.29096
0 0.353125 0.396296 0.0291667 0.140741 0.293772
13 0.429167 0.461111 0.0416667 0.0592593 0.296331
0 0.144792 0.367593 0.025 0.0981481 0.296982
0 0.552604 0.402778 0.0322917 0.153704 0.29739
0 0.552604 0.403704 0.0322917 0.151852 0.298827
13 0.428646 0.461111 0.0427083 0.0592593 0.304691
13 0.428646 0.460185 0.040625 0.0574074 0.311414
26 0.824479 0.566667 0.0635417 0.144444 0.315281
0 0.926042 0.638889 0.139583 0.640741 0.319197
0 0.352604 0.39537 0.028125 0.142593 0.320212
0 0.144792 0.366667 0.025 0.1 0.322062
0 0.775521 0.640741 0.126042 0.640741 0.322088
0 0.147396 0.363889 0.0239583 0.101852 0.322246
0 0.146875 0.366667 0.0229167 0.107407 0.322778
0 0.144792 0.366667 0.025 0.1 0.323344
13 0.428125 0.460185 0.0395833 0.0574074 0.325428
0 0.146875 0.366667 0.0229167 0.107407 0.326095
0 0.508854 0.381481 0.0322917 0.133333 0.327242
0 0.353125 0.396296 0.0291667 0.140741 0.327753
26 0.823958 0.566667 0.0625 0.140741 0.32838
26 0.824479 0.565741 0.0635417 0.142593 0.331396
0 0.146875 0.366667 0.0229167 0.107407 0.333473
13 0.428125 0.460185 0.0416667 0.0574074 0.334029
0 0.924479 0.641667 0.128125 0.67963 0.343327
0 0.733333 0.447222 0.0520833 0.309259 0.3436
0 0.473958 0.381481 0.0208333 0.12963 0.345071
24 0.9625 0.572222 0.075 0.3 0.348022
0 0.505729 0.384259 0.0322917 0.131481 0.349177
24 0.961979 0.572222 0.0760417 0.3 0.349335
0 0.0125 0.400926 0.025 0.187037 0.353994
24 0.9625 0.571296 0.075 0.301852 0.354181
24 0.952604 0.561111 0.0927083 0.318519 0.3576
0 0.508854 0.381481 0.0322917 0.133333 0.367414
0 0.734375 0.444444 0.0541667 0.307407 0.370467
24 0.951563 0.557407 0.0947917 0.277778 0.37373
0 0.0130208 0.400926 0.0260417 0.183333 0.374014
0 0.472917 0.381481 0.0208333 0.125926 0.374882
0 0.513021 0.37963 0.0260417 0.125926 0.376495
0 0.771875 0.640741 0.120833 0.644444 0.378423
0 0.505208 0.384259 0.0291667 0.127778 0.383545
0 0.734375 0.443519 0.0541667 0.305556 0.38755
0 0.352083 0.39537 0.0270833 0.131481 0.38773
0 0.509896 0.381481 0.0322917 0.133333 0.393289
0 0.927083 0.62037 0.145833 0.633333 0.40008
0 0.734375 0.443519 0.0541667 0.309259 0.403268
24 0.958854 0.567593 0.0822917 0.305556 0.404783
0 0.505208 0.384259 0.0291667 0.131481 0.409229
0 0.91875 0.636111 0.116667 0.675926 0.409671
0 0.505208 0.384259 0.0291667 0.131481 0.411237
0 0.505208 0.384259 0.03125 0.131481 0.413202
0 0.6 0.373148 0.0208333 0.0796296 0.418013
0 0.919271 0.637037 0.117708 0.677778 0.425342
0 0.471875 0.387963 0.0229167 0.131481 0.426197
0 0.734375 0.441667 0.05 0.290741 0.427707
0 0.925 0.637037 0.13125 0.67037 0.429231
0 0.472917 0.382407 0.0208333 0.127778 0.432222
24 0.959375 0.567593 0.08125 0.309259 0.432799
0 0.733854 0.441667 0.0489583 0.294444 0.433749
0 0.771875 0.626852 0.122917 0.631481 0.436209
0 0.472917 0.382407 0.0208333 0.127778 0.436426
0 0.733854 0.441667 0.0489583 0.294444 0.440793
0 0.474479 0.381481 0.021875 0.137037 0.442895
0 0.499479 0.383333 0.021875 0.125926 0.455692
0 0.514063 0.37963 0.0260417 0.12963 0.455909
0 0.513542 0.380556 0.0270833 0.127778 0.456141
0 0.473958 0.381481 0.0208333 0.137037 0.456958
0 0.598437 0.374074 0.0197917 0.0814815 0.466561
0 0.346875 0.388889 0.0375 0.159259 0.467033
0 0.921354 0.62963 0.123958 0.648148 0.468638
0 0.924479 0.640741 0.128125 0.666667 0.479159
0 0.505208 0.384259 0.03125 0.131481 0.489471
0 0.346875 0.388889 0.0375 0.159259 0.490997
0 0.924479 0.635185 0.130208 0.666667 0.491375
0 0.6 0.374074 0.0208333 0.0814815 0.491575
0 0.733854 0.439815 0.0510417 0.298148 0.491591
0 0.599479 0.374074 0.0197917 0.0814815 0.491698
0 0.6 0.374074 0.0208333 0.0814815 0.493684
0 0.926042 0.637963 0.139583 0.661111 0.493745
0 0.504687 0.381481 0.0302083 0.122222 0.495268
0 0.922917 0.640741 0.129167 0.648148 0.497205
0 0.734375 0.433333 0.05 0.288889 0.499898
0 0.777083 0.623148 0.125 0.616667 0.506495
0 0.352083 0.391667 0.0291667 0.146296 0.50874
0 0.352083 0.392593 0.0291667 0.151852 0.511159
0 0.351562 0.393519 0.028125 0.15 0.513305
0 0.246875 0.373148 0.0208333 0.101852 0.517188
0 0.352083 0.391667 0.0291667 0.146296 0.524212
0 0.733333 0.441667 0.05 0.298148 0.525307
0 0.733333 0.441667 0.05 0.301852 0.530367
0 0.733333 0.441667 0.05 0.301852 0.530799
0 0.350521 0.390741 0.0322917 0.151852 0.532214
0 0.352083 0.39537 0.0270833 0.138889 0.534038
0 0.6 0.374074 0.0208333 0.0814815 0.541022
0 0.352083 0.394444 0.0270833 0.140741 0.541802
0 0.248437 0.376852 0.021875 0.12037 0.542027
0 0.246875 0.372222 0.0208333 0.107407 0.542262
0 0.599479 0.374074 0.0197917 0.0814815 0.543452
0 0.504167 0.382407 0.0291667 0.124074 0.544127
0 0.499479 0.383333 0.021875 0.133333 0.546364
0 0.499479 0.383333 0.021875 0.133333 0.548369
0 0.246875 0.373148 0.0208333 0.109259 0.550653
0 0.771354 0.641667 0.121875 0.668519 0.55168
0 0.504687 0.383333 0.0302083 0.122222 0.553004
0 0.246354 0.375 0.0197917 0.12037 0.553678
0 0.35 0.390741 0.03125 0.151852 0.554288
0 0.770833 0.641667 0.122917 0.664815 0.555943
0 0.246354 0.375 0.0197917 0.12037 0.559938
0 0.775521 0.636111 0.126042 0.661111 0.566846
0 0.246354 0.374074 0.0197917 0.118519 0.571196
0 0.350521 0.389815 0.0322917 0.153704 0.574662
0 0.776563 0.625926 0.126042 0.633333 0.579748
0 0.0119792 0.400926 0.0239583 0.183333 0.589372
0 0.351042 0.390741 0.03125 0.148148 0.594109
0 0.769271 0.643519 0.119792 0.661111 0.602648
0 0.0130208 0.400926 0.0260417 0.17963 0.604666
0 0.599479 0.375 0.0197917 0.0833333 0.607752
0 0.769271 0.642593 0.119792 0.662963 0.60873
0 0.0130208 0.400926 0.0260417 0.17963 0.611761
0 0.921354 0.634259 0.128125 0.664815 0.624813
0 0.599479 0.375 0.0197917 0.0833333 0.626128
0 0.350521 0.391667 0.0302083 0.15 0.629495
0 0.351042 0.389815 0.0291667 0.15 0.633166
0 0.0125 0.401852 0.0229167 0.188889 0.634091
0 0.552083 0.4 0.0333333 0.148148 0.63755
0 0.0125 0.400926 0.0229167 0.187037 0.638399
0 0.246875 0.373148 0.0208333 0.112963 0.646061
0 0.552083 0.4 0.0333333 0.148148 0.651081
0 0.246875 0.373148 0.0208333 0.116667 0.660257
0 0.246875 0.374074 0.0208333 0.114815 0.661898
0 0.921875 0.638889 0.13125 0.655556 0.665117
0 0.552083 0.4 0.0333333 0.148148 0.665909
0 0.551562 0.398148 0.0322917 0.151852 0.66772
0 0.771875 0.634259 0.125 0.661111 0.670662
0 0.551042 0.398148 0.03125 0.155556 0.67207
0 0.247396 0.375926 0.0197917 0.107407 0.67275
0 0.0114583 0.4 0.0229167 0.185185 0.686433
0 0.246875 0.375926 0.0208333 0.114815 0.696676
0 0.553125 0.401852 0.0333333 0.151852 0.73652
0 0.552083 0.401852 0.0333333 0.151852 0.73996
0 0.553125 0.401852 0.0333333 0.151852 0.740252
0 0.552083 0.401852 0.0333333 0.151852 0.748733
0 0.552604 0.4 0.034375 0.159259 0.751183
0 0.553125 0.401852 0.0333333 0.151852 0.75218
0 0.552604 0.4 0.034375 0.155556 0.752594
0 0.771354 0.639815 0.121875 0.664815 0.778005
0 0.552083 0.400926 0.0333333 0.15 0.782593
0 0.771875 0.641667 0.122917 0.661111 0.790195
0 0.771875 0.642593 0.122917 0.659259 0.814368
