0 0.391667 0.313889 0.0229167 0.0685185 0.250954
0 0.601562 0.351852 0.0322917 0.155556 0.253584
0 0.0302083 0.297222 0.0333333 0.109259 0.25493
0 0.322396 0.316667 0.021875 0.0740741 0.255207
0 0.392188 0.313889 0.021875 0.0685185 0.256469
0 0.0317708 0.293519 0.0322917 0.105556 0.257952
0 0.0302083 0.297222 0.0333333 0.109259 0.258302
0 0.461458 0.337963 0.0270833 0.112963 0.259531
13 0.367188 0.575 0.134375 0.157407 0.260271
0 0.227604 0.321296 0.0572917 0.172222 0.263019
0 0.554688 0.323148 0.015625 0.05 0.263557
0 0.321354 0.325 0.021875 0.0796296 0.266278
0 0.600521 0.351852 0.0322917 0.155556 0.267226
13 0.444792 0.453704 0.0416667 0.0925926 0.269274
0 0.0322917 0.29537 0.0354167 0.109259 0.269889
0 0.0317708 0.294444 0.034375 0.111111 0.270719
13 0.44375 0.451852 0.0458333 0.0962963 0.27189
0 0.0302083 0.294444 0.0354167 0.107407 0.274306
0 0.322917 0.315741 0.0208333 0.0722222 0.274988
0 0.227604 0.321296 0.0572917 0.172222 0.275021
0 0.481771 0.332407 0.015625 0.0833333 0.275087
0 0.0322917 0.293519 0.0333333 0.105556 0.275949
13 0.444271 0.453704 0.0427083 0.0962963 0.278264
0 0.554688 0.323148 0.015625 0.05 0.278443
13 0.444271 0.451852 0.0447917 0.0962963 0.283035
0 0.392188 0.313889 0.021875 0.0685185 0.283064
13 0.444271 0.453704 0.0427083 0.0962963 0.284149
36 0.977604 0.956481 0.0447917 0.0722222 0.28518
36 0.977083 0.955556 0.0458333 0.0703704 0.286434
0 0.228646 0.321296 0.0572917 0.172222 0.288654
36 0.977604 0.955556 0.0447917 0.0740741 0.288994
0 0.0317708 0.294444 0.0322917 0.111111 0.29035
0 0.0317708 0.293519 0.0322917 0.109259 0.290451
13 0.444271 0.451852 0.0447917 0.0962963 0.290788
36 0.977083 0.955556 0.0458333 0.0740741 0.291324
0 0.00833333 0.362963 0.0166667 0.140741 0.293005
0 0.4625 0.347222 0.025 0.127778 0.294432
36 0.977083 0.955556 0.0458333 0.0740741 0.299145
0 0.228646 0.321296 0.0572917 0.172222 0.30201
0 0.227604 0.325926 0.0572917 0.174074 0.302535
0 0.708333 0.338889 0.0208333 0.12963 0.304254
0 0.227604 0.326852 0.0572917 0.172222 0.307113
0 0.708333 0.348148 0.01875 0.111111 0.30981
0 0.318229 0.326852 0.0260417 0.0796296 0.30984
0 0.00833333 0.362963 0.0166667 0.140741 0.311256
13 0.367188 0.567593 0.134375 0.138889 0.311279
0 0.228646 0.321296 0.0572917 0.172222 0.313895
0 0.708333 0.348148 0.01875 0.111111 0.315823
0 0.0317708 0.293519 0.0322917 0.109259 0.316414
13 0.444271 0.451852 0.0447917 0.0962963 0.316553
0 0.709375 0.337963 0.0166667 0.12037 0.3171
0 0.48125 0.332407 0.0166667 0.0833333 0.31839
0 0.0307292 0.294444 0.0302083 0.111111 0.320403
0 0.554688 0.324074 0.015625 0.0481481 0.321174
0 0.708333 0.348148 0.01875 0.111111 0.324693
0 0.227604 0.326852 0.0572917 0.172222 0.325345
13 0.444271 0.451852 0.0447917 0.0962963 0.330308
0 0.30625 0.32963 0.01875 0.0851852 0.330515
0 0.554688 0.324074 0.015625 0.0481481 0.331176
0 0.30625 0.330556 0.01875 0.0833333 0.332348
0 0.48125 0.333333 0.0166667 0.0814815 0.335648
0 0.709375 0.339815 0.01875 0.124074 0.337568
0 0.03125 0.294444 0.03125 0.111111 0.338919
0 0.709375 0.336111 0.0166667 0.124074 0.342549
13 0.444271 0.451852 0.0447917 0.0962963 0.343383
0 0.318229 0.325 0.0260417 0.0796296 0.34574
0 0.461979 0.346296 0.0260417 0.12963 0.346136
13 0.179167 0.80463 0.352083 0.331481 0.346436
0 0.30625 0.32963 0.01875 0.0814815 0.348455
0 0.461979 0.346296 0.0260417 0.12963 0.35281
0 0.709375 0.335185 0.0166667 0.125926 0.353366
36 0.977083 0.956481 0.0458333 0.0796296 0.354503
36 0.977083 0.956481 0.0458333 0.0796296 0.359018
0 0.03125 0.294444 0.03125 0.111111 0.360019
0 0.602083 0.35 0.03125 0.159259 0.362437
36 0.977083 0.956481 0.0458333 0.0796296 0.362457
13 0.370833 0.568519 0.129167 0.12963 0.365191
0 0.501042 0.35 0.0270833 0.137037 0.365334
13 0.178125 0.802778 0.35 0.335185 0.367476
0 0.463021 0.338889 0.028125 0.107407 0.370132
0 0.227083 0.324074 0.0541667 0.177778 0.371528
13 0.178125 0.805556 0.352083 0.32963 0.371935
13 0.370833 0.569444 0.135417 0.131481 0.372842
13 0.370313 0.568519 0.134375 0.133333 0.372912
13 0.370833 0.568519 0.129167 0.12963 0.374479
13 0.370833 0.568519 0.129167 0.12963 0.375535
13 0.370833 0.568519 0.133333 0.133333 0.376083
0 0.268229 0.415741 0.0677083 0.37963 0.376229
0 0.227083 0.323148 0.0541667 0.175926 0.381837
0 0.601562 0.350926 0.0322917 0.157407 0.382719
0 0.500521 0.350926 0.028125 0.135185 0.390331
0 0.321875 0.326852 0.0208333 0.0833333 0.391463
0 0.502604 0.350926 0.0260417 0.135185 0.393607
36 0.976562 0.956481 0.046875 0.0722222 0.396385
0 0.979167 0.789815 0.0416667 0.368519 0.399228
36 0.976562 0.956481 0.046875 0.0759259 0.400862
0 0.321354 0.326852 0.021875 0.0833333 0.405059
0 0.979167 0.790741 0.0416667 0.366667 0.405559
36 0.976562 0.956481 0.046875 0.0759259 0.406954
0 0.321875 0.326852 0.0208333 0.0833333 0.409463
0 0.463021 0.340741 0.0260417 0.122222 0.413706
36 0.976562 0.956481 0.046875 0.0722222 0.413727
0 0.599479 0.35 0.0322917 0.159259 0.413786
0 0.979167 0.789815 0.0416667 0.368519 0.414882
0 0.00885417 0.357407 0.0177083 0.151852 0.416324
13 0.369271 0.569444 0.132292 0.131481 0.418572
0 0.00885417 0.357407 0.0177083 0.151852 0.420035
0 0.501562 0.35 0.0260417 0.12963 0.424195
0 0.598437 0.35 0.0322917 0.162963 0.428369
0 0.598437 0.35 0.0322917 0.162963 0.431774
0 0.599479 0.35 0.0302083 0.159259 0.43415
13 0.368229 0.567593 0.132292 0.135185 0.435773
0 0.463021 0.341667 0.0260417 0.124074 0.435806
0 0.598437 0.35 0.0322917 0.162963 0.438692
0 0.463021 0.338889 0.028125 0.107407 0.438833
0 0.502604 0.350926 0.0260417 0.135185 0.439229
0 0.980208 0.791667 0.0395833 0.361111 0.451263
0 0.463021 0.341667 0.0260417 0.124074 0.451357
0 0.979688 0.792593 0.040625 0.362963 0.456187
0 0.322396 0.323148 0.0197917 0.0796296 0.457282
0 0.980729 0.791667 0.0385417 0.361111 0.457336
0 0.009375 0.360185 0.01875 0.146296 0.458822
0 0.322396 0.323148 0.0197917 0.0796296 0.462618
0 0.463021 0.340741 0.028125 0.114815 0.467948
0 0.463542 0.336111 0.0270833 0.105556 0.469144
0 0.00885417 0.360185 0.0177083 0.146296 0.474784
0 0.501562 0.351852 0.0260417 0.140741 0.4771
0 0.322396 0.322222 0.0197917 0.0777778 0.477245
0 0.602604 0.350926 0.0364583 0.161111 0.479444
0 0.463542 0.337963 0.0270833 0.105556 0.47986
0 0.463542 0.337037 0.0270833 0.107407 0.490933
0 0.00885417 0.358333 0.0177083 0.153704 0.498248
0 0.501562 0.35 0.0260417 0.140741 0.498325
0 0.602083 0.350926 0.0354167 0.161111 0.49896
0 0.00885417 0.358333 0.0177083 0.153704 0.501129
0 0.461979 0.337963 0.028125 0.112963 0.501472
0 0.463542 0.336111 0.0270833 0.105556 0.502877
0 0.501562 0.349074 0.0260417 0.138889 0.513846
0 0.501562 0.350926 0.0260417 0.138889 0.514372
0 0.228125 0.323148 0.05625 0.17963 0.517429
0 0.269271 0.416667 0.0697917 0.381481 0.520354
0 0.228125 0.323148 0.05625 0.17963 0.526015
0 0.269271 0.415741 0.0635417 0.37963 0.533546
0 0.463021 0.339815 0.028125 0.112963 0.536278
0 0.602083 0.350926 0.0354167 0.161111 0.537723
0 0.270312 0.415741 0.065625 0.375926 0.546397
0 0.461979 0.338889 0.028125 0.111111 0.548929
0 0.228125 0.323148 0.05625 0.175926 0.561799
0 0.229167 0.32037 0.0583333 0.177778 0.564604
0 0.228125 0.323148 0.05625 0.175926 0.571466
0 0.228125 0.323148 0.05625 0.172222 0.57199
0 0.461979 0.338889 0.028125 0.111111 0.572388
0 0.229167 0.32037 0.0583333 0.177778 0.57259
0 0.227083 0.324074 0.05625 0.177778 0.573944
0 0.228125 0.324074 0.05625 0.174074 0.57632
0 0.228125 0.322222 0.0583333 0.174074 0.576675
0 0.501562 0.352778 0.028125 0.138889 0.57895
0 0.501562 0.350926 0.0260417 0.135185 0.580486
0 0.501562 0.350926 0.0260417 0.135185 0.580568
0 0.501562 0.351852 0.0260417 0.140741 0.582471
0 0.228125 0.322222 0.0583333 0.174074 0.589474
0 0.463542 0.341667 0.0270833 0.112963 0.590134
0 0.228125 0.321296 0.0583333 0.175926 0.597217
0 0.270833 0.415741 0.0645833 0.37963 0.628411
0 0.501562 0.352778 0.0260417 0.138889 0.650346
0 0.271875 0.419444 0.0666667 0.375926 0.679201
0 0.501042 0.35 0.0270833 0.140741 0.692506
0 0.272396 0.419444 0.065625 0.37963 0.69882
0 0.272396 0.419444 0.065625 0.375926 0.70147
0 0.501562 0.351852 0.0260417 0.137037 0.71266
0 0.501562 0.350926 0.028125 0.138889 0.714424
0 0.636458 0.356481 0.0291667 0.131481 0.743591
0 0.636458 0.355556 0.0291667 0.133333 0.747426
0 0.270312 0.42037 0.0635417 0.377778 0.751227
0 0.269792 0.419444 0.0645833 0.37963 0.754102
0 0.599479 0.352778 0.0322917 0.157407 0.757754
0 0.270312 0.415741 0.0635417 0.375926 0.757786
0 0.270312 0.42037 0.0635417 0.381481 0.758996
0 0.599479 0.351852 0.0322917 0.159259 0.760712
0 0.599479 0.351852 0.0322917 0.155556 0.761338
0 0.599479 0.351852 0.0322917 0.155556 0.76145
0 0.636458 0.355556 0.0291667 0.137037 0.779591
0 0.6 0.350926 0.03125 0.161111 0.781774
0 0.636458 0.355556 0.0291667 0.137037 0.791747
0 0.636458 0.355556 0.0291667 0.137037 0.800955
0 0.6 0.350926 0.03125 0.161111 0.806059
0 0.6 0.35 0.03125 0.162963 0.817039
0 0.636458 0.356481 0.0291667 0.135185 0.820479
0 0.636458 0.356481 0.0291667 0.138889 0.821887
0 0.636458 0.356481 0.0291667 0.135185 0.822668
0 0.271354 0.418519 0.0635417 0.374074 0.824924
0 0.271354 0.419444 0.0635417 0.375926 0.831384
0 0.271354 0.417593 0.0635417 0.372222 0.833355
0 0.636458 0.356481 0.0291667 0.138889 0.834152
0 0.636458 0.356481 0.0291667 0.138889 0.8371
0 0.636458 0.355556 0.0291667 0.137037 0.870861
0 0.636458 0.356481 0.0291667 0.138889 0.872086
