0 0.413021 0.350926 0.0177083 0.0796296 0.251011
0 0.592188 0.385185 0.0302083 0.155556 0.252459
0 0.396354 0.35463 0.0177083 0.0833333 0.255363
0 0.407292 0.351852 0.01875 0.0814815 0.260229
13 0.390625 0.461111 0.0895833 0.0666667 0.262452
0 0.825 0.39537 0.03125 0.146296 0.266408
0 0.595312 0.384259 0.0322917 0.157407 0.26829
13 0.390625 0.461111 0.0895833 0.0666667 0.268737
13 0.391146 0.461111 0.090625 0.0666667 0.269282
0 0.481771 0.380556 0.0260417 0.116667 0.270343
0 0.825 0.396296 0.0291667 0.144444 0.273833
0 0.824479 0.39537 0.0302083 0.146296 0.274785
0 0.394792 0.353704 0.0166667 0.0814815 0.276023
13 0.4375 0.597222 0.179167 0.105556 0.27674
0 0.967188 0.558333 0.065625 0.52037 0.276818
0 0.191146 0.4 0.0260417 0.114815 0.278156
0 0.289062 0.382407 0.021875 0.101852 0.279138
0 0.825 0.396296 0.0291667 0.144444 0.280912
0 0.594792 0.384259 0.03125 0.157407 0.282392
13 0.4375 0.597222 0.177083 0.105556 0.286452
0 0.285937 0.380556 0.0197917 0.0981481 0.286764
13 0.391146 0.461111 0.090625 0.0666667 0.288826
0 0.191146 0.396296 0.0239583 0.114815 0.289476
0 0.290104 0.381481 0.0197917 0.1 0.292089
0 0.825521 0.39537 0.0302083 0.146296 0.292217
0 0.967188 0.558333 0.0635417 0.52037 0.294823
0 0.289583 0.381481 0.0208333 0.1 0.296104
0 0.479167 0.378704 0.0229167 0.112963 0.298067
0 0.278646 0.377778 0.0135417 0.0777778 0.298402
0 0.324479 0.362963 0.0260417 0.062963 0.301612
0 0.48125 0.382407 0.025 0.109259 0.30383
0 0.479688 0.378704 0.021875 0.112963 0.305021
0 0.191146 0.397222 0.0239583 0.112963 0.307248
0 0.191146 0.396296 0.0239583 0.114815 0.310149
0 0.279687 0.382407 0.0135417 0.0944444 0.313099
0 0.824479 0.396296 0.028125 0.144444 0.315338
0 0.0645833 0.432407 0.05 0.22037 0.316845
13 0.435937 0.599074 0.176042 0.109259 0.317144
0 0.495313 0.375926 0.015625 0.0851852 0.320679
0 0.481771 0.380556 0.0260417 0.112963 0.322471
0 0.394792 0.353704 0.0166667 0.0814815 0.323868
0 0.479688 0.378704 0.021875 0.112963 0.325076
13 0.439583 0.6 0.18125 0.114815 0.325448
0 0.433854 0.375926 0.0260417 0.118519 0.32764
0 0.494792 0.375 0.0145833 0.0833333 0.334067
0 0.395312 0.353704 0.015625 0.0814815 0.33898
0 0.279687 0.382407 0.0135417 0.0981481 0.339398
0 0.280208 0.381481 0.0145833 0.0888889 0.348332
0 0.190625 0.4 0.0270833 0.114815 0.349064
0 0.278646 0.376852 0.0114583 0.0759259 0.352551
0 0.434375 0.375 0.0270833 0.116667 0.362002
0 0.0473958 0.438889 0.0760417 0.218519 0.362965
0 0.482292 0.382407 0.0208333 0.112963 0.367444
0 0.279167 0.382407 0.0166667 0.0944444 0.372797
0 0.494792 0.375 0.0145833 0.0833333 0.376285
13 0.436458 0.599074 0.18125 0.112963 0.381289
13 0.435937 0.6 0.180208 0.111111 0.388278
0 0.540625 0.402778 0.0333333 0.157407 0.393077
13 0.435937 0.599074 0.180208 0.109259 0.39371
0 0.278646 0.377778 0.0135417 0.0777778 0.39603
0 0.540625 0.402778 0.0333333 0.157407 0.397799
0 0.435417 0.376852 0.0270833 0.112963 0.400371
0 0.191667 0.4 0.0270833 0.118519 0.401751
0 0.434896 0.373148 0.0260417 0.112963 0.407212
0 0.0630208 0.435185 0.0489583 0.214815 0.412508
0 0.046875 0.438889 0.0729167 0.218519 0.413945
0 0.482292 0.381481 0.0208333 0.114815 0.417814
0 0.482292 0.382407 0.0208333 0.116667 0.420562
0 0.190625 0.4 0.025 0.114815 0.422098
0 0.48125 0.380556 0.025 0.112963 0.422271
13 0.436458 0.599074 0.185417 0.112963 0.423827
0 0.4875 0.377778 0.025 0.103704 0.424575
0 0.966667 0.573148 0.0666667 0.512963 0.426131
0 0.0145833 0.452778 0.0291667 0.172222 0.431424
0 0.0151042 0.452778 0.0302083 0.172222 0.432467
0 0.434896 0.374074 0.0260417 0.111111 0.43292
0 0.433854 0.375 0.0260417 0.116667 0.434883
0 0.434896 0.374074 0.0260417 0.111111 0.437306
0 0.328646 0.363889 0.021875 0.0648148 0.442947
0 0.966667 0.574074 0.0666667 0.518519 0.445307
0 0.328646 0.362963 0.021875 0.0666667 0.44589
0 0.432813 0.375926 0.0260417 0.118519 0.445896
0 0.0630208 0.434259 0.0489583 0.212963 0.446628
0 0.328646 0.362963 0.0197917 0.0666667 0.447178
0 0.4875 0.378704 0.025 0.105556 0.450681
0 0.046875 0.439815 0.0729167 0.22037 0.451663
0 0.328646 0.362963 0.021875 0.062963 0.45189
0 0.0598958 0.434259 0.0489583 0.22037 0.453125
0 0.328646 0.362963 0.021875 0.0666667 0.454252
0 0.486458 0.378704 0.025 0.105556 0.457049
0 0.279167 0.382407 0.0145833 0.0907407 0.464475
0 0.279167 0.383333 0.0145833 0.0925926 0.46902
0 0.328646 0.362963 0.021875 0.062963 0.47111
0 0.328646 0.362963 0.021875 0.0666667 0.471608
0 0.434375 0.375 0.0270833 0.116667 0.473656
0 0.0598958 0.433333 0.0489583 0.218519 0.475199
0 0.329167 0.363889 0.0208333 0.0648148 0.484644
0 0.191667 0.4 0.025 0.114815 0.486291
0 0.190625 0.399074 0.025 0.112963 0.493029
0 0.434896 0.375926 0.0260417 0.114815 0.493045
0 0.482292 0.381481 0.025 0.111111 0.572733
0 0.541146 0.400926 0.034375 0.157407 0.624775
0 0.434896 0.375 0.0260417 0.116667 0.62805
0 0.0619792 0.437963 0.0510417 0.216667 0.639888
0 0.434896 0.375926 0.0260417 0.111111 0.648438
0 0.540625 0.400926 0.0333333 0.153704 0.650373
0 0.482292 0.382407 0.0229167 0.109259 0.656619
0 0.0609375 0.438889 0.053125 0.222222 0.670939
0 0.542188 0.401852 0.034375 0.155556 0.677544
0 0.0619792 0.438889 0.0489583 0.218519 0.680672
0 0.48125 0.380556 0.0229167 0.112963 0.687207
0 0.0619792 0.438889 0.0489583 0.218519 0.695885
0 0.0619792 0.437963 0.0510417 0.22037 0.696153
0 0.541667 0.4 0.0354167 0.151852 0.698788
0 0.0614583 0.438889 0.0520833 0.218519 0.699469
0 0.48125 0.378704 0.0229167 0.109259 0.705706
0 0.0619792 0.438889 0.0489583 0.218519 0.707109
0 0.434896 0.375926 0.0260417 0.114815 0.708813
0 0.0630208 0.437037 0.0510417 0.218519 0.710464
0 0.481771 0.378704 0.0239583 0.109259 0.711846
0 0.191146 0.399074 0.0239583 0.116667 0.713733
0 0.0625 0.437037 0.05 0.214815 0.71635
0 0.542188 0.401852 0.034375 0.155556 0.717557
0 0.434896 0.375926 0.0260417 0.114815 0.717981
0 0.0630208 0.437963 0.0510417 0.216667 0.719733
0 0.541667 0.4 0.0354167 0.151852 0.719833
0 0.59375 0.384259 0.03125 0.157407 0.72128
0 0.0625 0.438889 0.05 0.222222 0.721353
0 0.48125 0.378704 0.0229167 0.109259 0.726763
0 0.0145833 0.449074 0.0291667 0.172222 0.72689
0 0.0625 0.437963 0.05 0.216667 0.728333
0 0.435417 0.376852 0.025 0.112963 0.728672
0 0.59375 0.384259 0.03125 0.157407 0.728857
0 0.191667 0.400926 0.025 0.116667 0.728982
0 0.59375 0.384259 0.03125 0.157407 0.730939
0 0.191146 0.4 0.0239583 0.118519 0.733277
0 0.0140625 0.45 0.028125 0.174074 0.734354
0 0.435417 0.376852 0.025 0.116667 0.734395
0 0.434896 0.375 0.0260417 0.112963 0.735544
0 0.541667 0.4 0.0354167 0.151852 0.737029
0 0.191146 0.399074 0.0239583 0.116667 0.738189
0 0.435417 0.376852 0.025 0.112963 0.740676
0 0.0151042 0.447222 0.0302083 0.175926 0.745103
0 0.542188 0.401852 0.034375 0.155556 0.745149
0 0.542188 0.401852 0.034375 0.155556 0.746523
0 0.542188 0.401852 0.034375 0.155556 0.749848
0 0.0135417 0.447222 0.0270833 0.172222 0.753246
0 0.0135417 0.447222 0.0270833 0.175926 0.754962
0 0.542188 0.401852 0.034375 0.155556 0.755021
0 0.0151042 0.446296 0.0302083 0.177778 0.759698
0 0.0614583 0.437963 0.05 0.216667 0.76378
0 0.966146 0.565741 0.0677083 0.505556 0.766797
0 0.191146 0.4 0.0239583 0.114815 0.771231
0 0.0140625 0.450926 0.028125 0.172222 0.771851
0 0.541667 0.400926 0.0354167 0.157407 0.773506
0 0.0145833 0.45 0.0291667 0.174074 0.779428
0 0.541667 0.401852 0.0354167 0.159259 0.779998
0 0.0145833 0.450926 0.0291667 0.175926 0.785976
0 0.966667 0.566667 0.0666667 0.511111 0.787779
0 0.966667 0.567593 0.0666667 0.512963 0.789012
0 0.0140625 0.451852 0.028125 0.174074 0.79283
0 0.966667 0.565741 0.0666667 0.509259 0.793356
0 0.59375 0.385185 0.03125 0.159259 0.794007
0 0.191146 0.4 0.0239583 0.118519 0.796878
0 0.191146 0.4 0.0239583 0.118519 0.798308
0 0.59375 0.385185 0.03125 0.159259 0.804386
0 0.966146 0.566667 0.0677083 0.507407 0.804491
0 0.191146 0.400926 0.0239583 0.116667 0.814755
0 0.59375 0.384259 0.03125 0.164815 0.817613
0 0.191146 0.4 0.0239583 0.114815 0.817687
0 0.59375 0.384259 0.03125 0.164815 0.820627
0 0.59375 0.385185 0.03125 0.155556 0.824156
0 0.59375 0.385185 0.03125 0.159259 0.824376
0 0.594271 0.386111 0.0322917 0.157407 0.825813
0 0.59375 0.385185 0.03125 0.155556 0.826354
0 0.594271 0.385185 0.0322917 0.159259 0.836264
0 0.594271 0.385185 0.0322917 0.159259 0.842349
0 0.967188 0.564815 0.065625 0.503704 0.843511
0 0.966667 0.565741 0.0666667 0.509259 0.850995
0 0.967188 0.565741 0.065625 0.527778 0.865326
0 0.966667 0.565741 0.0666667 0.52037 0.869333
0 0.966667 0.566667 0.0666667 0.507407 0.881429
