0 0.177604 0.437963 0.015625 0.0648148 0.253964
0 0.0958333 0.481481 0.025 0.17037 0.255414
0 0.94375 0.430556 0.0541667 0.287037 0.256153
0 0.180208 0.437963 0.0166667 0.0648148 0.256816
0 0.413021 0.442593 0.0197917 0.0888889 0.259663
0 0.679167 0.546296 0.0770833 0.37037 0.26309
0 0.217708 0.435185 0.01875 0.0814815 0.264071
0 0.679167 0.546296 0.0770833 0.374074 0.265027
0 0.03125 0.517593 0.0333333 0.183333 0.267472
0 0.0958333 0.481481 0.025 0.17037 0.271114
0 0.19375 0.437963 0.0145833 0.0685185 0.272681
0 0.679167 0.54537 0.0770833 0.375926 0.273121
0 0.340625 0.427778 0.0125 0.062963 0.273584
0 0.084375 0.490741 0.0479167 0.177778 0.27508
0 0.517187 0.472222 0.0322917 0.144444 0.275693
0 0.942708 0.440741 0.0583333 0.288889 0.276382
0 0.413021 0.442593 0.0197917 0.0888889 0.277104
0 0.177083 0.438889 0.0166667 0.062963 0.278797
28 0.707292 0.62037 0.0291667 0.1 0.27903
0 0.180208 0.437037 0.01875 0.0666667 0.280367
0 0.180208 0.437963 0.0166667 0.0648148 0.281143
0 0.94375 0.440741 0.05625 0.292593 0.28173
0 0.386458 0.440741 0.0208333 0.0851852 0.28232
0 0.218229 0.435185 0.0177083 0.0814815 0.28625
0 0.382292 0.438889 0.0145833 0.0888889 0.286315
0 0.184375 0.437963 0.0208333 0.0648148 0.287228
0 0.517187 0.472222 0.0322917 0.144444 0.289984
0 0.384896 0.440741 0.0197917 0.0851852 0.290544
0 0.519271 0.473148 0.034375 0.135185 0.291377
0 0.19375 0.437963 0.0145833 0.0685185 0.292113
0 0.94375 0.440741 0.05625 0.292593 0.293226
0 0.428125 0.441667 0.01875 0.0981481 0.29604
0 0.178125 0.437037 0.0166667 0.0666667 0.300481
0 0.520833 0.469444 0.0354167 0.138889 0.301146
0 0.219792 0.435185 0.0166667 0.0814815 0.303982
0 0.340104 0.427778 0.0135417 0.062963 0.304011
0 0.218229 0.435185 0.0177083 0.0814815 0.304432
0 0.194271 0.436111 0.015625 0.0685185 0.304756
0 0.386458 0.439815 0.0208333 0.0833333 0.308487
0 0.179688 0.437963 0.0177083 0.0648148 0.309546
0 0.218229 0.434259 0.0177083 0.0833333 0.310374
0 0.177604 0.438889 0.015625 0.062963 0.310734
0 0.194271 0.436111 0.015625 0.0685185 0.315704
0 0.218229 0.435185 0.0177083 0.0851852 0.317676
0 0.520833 0.469444 0.0354167 0.138889 0.319038
0 0.386458 0.440741 0.0208333 0.0851852 0.319211
0 0.0807292 0.491667 0.053125 0.17963 0.321034
0 0.94375 0.440741 0.05625 0.292593 0.321161
0 0.0364583 0.506481 0.0333333 0.17963 0.321254
0 0.421354 0.443519 0.0239583 0.0981481 0.327837
0 0.179688 0.437963 0.0177083 0.0648148 0.329359
0 0.0973958 0.485185 0.028125 0.159259 0.329392
0 0.218229 0.434259 0.0177083 0.0833333 0.332251
0 0.440104 0.442593 0.034375 0.1 0.335763
26 0.707292 0.615741 0.0291667 0.0833333 0.339526
0 0.427604 0.440741 0.0177083 0.0962963 0.344677
0 0.68125 0.547222 0.075 0.383333 0.35333
0 0.427604 0.441667 0.0177083 0.0981481 0.359805
0 0.681771 0.548148 0.0739583 0.381481 0.363708
0 0.0755208 0.496296 0.0385417 0.188889 0.372719
0 0.025 0.535185 0.04375 0.233333 0.373435
26 0.708333 0.616667 0.0291667 0.0814815 0.375077
0 0.08125 0.491667 0.0520833 0.17963 0.381031
0 0.0213542 0.553704 0.0427083 0.296296 0.381646
0 0.0833333 0.49537 0.04375 0.183333 0.385537
0 0.0364583 0.507407 0.0333333 0.177778 0.385863
0 0.0755208 0.496296 0.0385417 0.188889 0.390652
0 0.419792 0.443519 0.01875 0.0944444 0.39538
0 0.382292 0.438889 0.0145833 0.0851852 0.397434
0 0.025 0.534259 0.04375 0.235185 0.400019
0 0.383854 0.440741 0.015625 0.0851852 0.40806
0 0.422396 0.443519 0.0239583 0.0944444 0.413443
0 0.025 0.535185 0.04375 0.233333 0.41414
0 0.0713542 0.499074 0.040625 0.183333 0.414503
0 0.0838542 0.496296 0.0427083 0.185185 0.419887
0 0.679688 0.540741 0.071875 0.381481 0.427532
0 0.944271 0.436111 0.0552083 0.290741 0.430193
0 0.381771 0.440741 0.015625 0.0851852 0.430825
0 0.0973958 0.485185 0.0260417 0.159259 0.430866
0 0.679167 0.540741 0.06875 0.381481 0.431174
0 0.0875 0.496296 0.0375 0.181481 0.431388
0 0.382292 0.438889 0.0145833 0.0851852 0.439589
0 0.422396 0.443519 0.0239583 0.0981481 0.44577
0 0.944271 0.436111 0.0552083 0.290741 0.44939
0 0.944271 0.435185 0.0552083 0.292593 0.451654
0 0.944271 0.436111 0.0552083 0.290741 0.452782
0 0.422396 0.443519 0.0239583 0.0981481 0.452805
0 0.944792 0.433333 0.05625 0.3 0.453051
0 0.0359375 0.507407 0.0322917 0.177778 0.457376
0 0.944792 0.434259 0.05625 0.301852 0.460917
0 0.944792 0.434259 0.05625 0.290741 0.461498
0 0.944792 0.434259 0.05625 0.298148 0.467671
0 0.381771 0.437963 0.015625 0.0833333 0.474133
0 0.944271 0.436111 0.0552083 0.290741 0.477218
0 0.0369792 0.50463 0.0322917 0.17963 0.487665
0 0.0359375 0.507407 0.034375 0.174074 0.489339
0 0.0369792 0.503704 0.0322917 0.177778 0.497297
0 0.0354167 0.508333 0.0354167 0.175926 0.499727
0 0.0708333 0.499074 0.0395833 0.183333 0.501257
0 0.096875 0.484259 0.0229167 0.157407 0.50523
0 0.382292 0.437963 0.0145833 0.0833333 0.516497
0 0.0354167 0.507407 0.0354167 0.174074 0.51931
0 0.44375 0.443519 0.025 0.0981481 0.519907
0 0.0973958 0.483333 0.0239583 0.155556 0.524414
0 0.447396 0.440741 0.0197917 0.1 0.530844
0 0.382292 0.438889 0.0145833 0.0814815 0.545586
0 0.0744792 0.492593 0.040625 0.188889 0.545905
0 0.0223958 0.558333 0.0447917 0.294444 0.547885
0 0.0333333 0.508333 0.0333333 0.168519 0.555226
0 0.447396 0.440741 0.0197917 0.103704 0.559315
0 0.678646 0.540741 0.071875 0.37037 0.559679
0 0.0208333 0.558333 0.0416667 0.283333 0.56253
0 0.0333333 0.508333 0.0333333 0.168519 0.562615
0 0.0223958 0.558333 0.0447917 0.294444 0.563943
0 0.0213542 0.558333 0.0427083 0.283333 0.566178
0 0.0223958 0.558333 0.0447917 0.294444 0.566536
0 0.0708333 0.497222 0.0375 0.187037 0.568359
0 0.446875 0.440741 0.0208333 0.103704 0.568603
0 0.0208333 0.559259 0.0416667 0.285185 0.568821
0 0.427604 0.442593 0.0197917 0.1 0.569345
0 0.0744792 0.492593 0.040625 0.188889 0.569625
0 0.447396 0.440741 0.021875 0.1 0.585421
0 0.0708333 0.496296 0.0375 0.185185 0.586192
0 0.427604 0.442593 0.0197917 0.1 0.586784
0 0.447396 0.440741 0.021875 0.1 0.591267
0 0.0708333 0.499074 0.0395833 0.183333 0.593217
0 0.427604 0.442593 0.0197917 0.1 0.598175
0 0.447396 0.440741 0.021875 0.1 0.598892
0 0.678646 0.540741 0.071875 0.37037 0.605251
0 0.678646 0.540741 0.071875 0.374074 0.60665
0 0.0713542 0.496296 0.0385417 0.185185 0.607381
0 0.0708333 0.5 0.0375 0.185185 0.611675
0 0.0708333 0.5 0.0375 0.185185 0.622622
0 0.096875 0.488889 0.0229167 0.17037 0.631335
0 0.096875 0.488889 0.0229167 0.17037 0.631873
0 0.0708333 0.499074 0.0375 0.187037 0.634398
0 0.0713542 0.497222 0.0385417 0.187037 0.63889
0 0.0973958 0.485185 0.0239583 0.159259 0.647826
0 0.447396 0.443519 0.0197917 0.101852 0.687753
0 0.447396 0.441667 0.0197917 0.101852 0.695965
0 0.447396 0.441667 0.0197917 0.105556 0.699657
0 0.447917 0.441667 0.0208333 0.105556 0.708763
0 0.678646 0.544444 0.071875 0.381481 0.717996
0 0.678646 0.544444 0.071875 0.381481 0.730135
0 0.678646 0.541667 0.078125 0.375926 0.734666
0 0.51875 0.474074 0.0333333 0.148148 0.735651
0 0.519271 0.472222 0.034375 0.144444 0.736126
0 0.519271 0.472222 0.034375 0.144444 0.738524
0 0.519271 0.472222 0.034375 0.144444 0.73929
0 0.680729 0.544444 0.0739583 0.381481 0.740234
0 0.679688 0.543519 0.071875 0.37963 0.742454
0 0.519271 0.472222 0.034375 0.144444 0.744947
0 0.51875 0.475 0.0333333 0.146296 0.747339
0 0.519271 0.472222 0.034375 0.144444 0.748266
0 0.680208 0.543519 0.075 0.37963 0.75576
0 0.678646 0.543519 0.071875 0.37963 0.758249
0 0.678646 0.540741 0.078125 0.377778 0.760837
0 0.51875 0.473148 0.0333333 0.142593 0.776028
0 0.678125 0.541667 0.0770833 0.375926 0.778699
0 0.51875 0.474074 0.0333333 0.144444 0.790512
0 0.51875 0.472222 0.0333333 0.144444 0.793631
0 0.51875 0.474074 0.0333333 0.144444 0.803417
0 0.51875 0.472222 0.0333333 0.144444 0.811404
0 0.51875 0.472222 0.0333333 0.144444 0.812472
0 0.680208 0.543519 0.0729167 0.37963 0.815445
