0 0.290104 0.386111 0.0322917 0.142593 0.252352
0 0.208854 0.387037 0.0114583 0.0777778 0.253238
9 0.396875 0.0453704 0.0354167 0.0907407 0.253833
0 0.289583 0.386111 0.03125 0.142593 0.255164
0 0.957812 0.541667 0.084375 0.498148 0.255972
0 0.0302083 0.376852 0.0166667 0.0722222 0.261456
0 0.0583333 0.397222 0.0208333 0.0981481 0.263631
0 0.208854 0.387963 0.0114583 0.0833333 0.26649
0 0.383333 0.375926 0.025 0.125926 0.267133
9 0.397917 0.0453704 0.0333333 0.0907407 0.270106
9 0.391667 0.0481481 0.0458333 0.0962963 0.271786
24 0.96875 0.498148 0.0625 0.218519 0.275096
0 0.242708 0.365741 0.0166667 0.0648148 0.275266
0 0.0583333 0.397222 0.0208333 0.0981481 0.277559
0 0.290104 0.388889 0.0302083 0.137037 0.277659
0 0.208854 0.387963 0.0114583 0.0833333 0.278102
0 0.0583333 0.398148 0.0208333 0.0962963 0.279998
9 0.391667 0.0481481 0.04375 0.0962963 0.281479
0 0.424479 0.37963 0.0260417 0.118519 0.285171
0 0.421875 0.37963 0.0229167 0.114815 0.288403
9 0.395833 0.0462963 0.0375 0.0925926 0.292891
0 0.242708 0.364815 0.0166667 0.062963 0.294787
9 0.395833 0.0462963 0.0375 0.0925926 0.295483
9 0.391146 0.0481481 0.0447917 0.0962963 0.299189
0 0.129688 0.40463 0.0239583 0.124074 0.300089
0 0.129167 0.40463 0.025 0.12037 0.303144
0 0.383333 0.374074 0.0270833 0.125926 0.308653
9 0.391667 0.0472222 0.04375 0.0944444 0.315882
9 0.391667 0.0481481 0.0458333 0.0962963 0.327035
0 0.129688 0.40463 0.0239583 0.116667 0.332943
0 0.383333 0.375926 0.0270833 0.122222 0.335533
9 0.391667 0.0472222 0.04375 0.0944444 0.340977
0 0.383333 0.375 0.025 0.124074 0.348089
0 0.863542 0.558333 0.10625 0.55 0.34886
24 0.975 0.487963 0.05 0.235185 0.352749
24 0.978125 0.485185 0.04375 0.222222 0.35699
0 0.290625 0.391667 0.03125 0.15 0.366042
24 0.977604 0.485185 0.0447917 0.225926 0.368465
0 0.290625 0.392593 0.03125 0.151852 0.370299
0 0.43125 0.381481 0.0333333 0.107407 0.372407
0 0.444792 0.374074 0.01875 0.0888889 0.3736
24 0.978125 0.484259 0.04375 0.22037 0.375104
24 0.975 0.487037 0.05 0.233333 0.377254
24 0.975 0.486111 0.05 0.231481 0.380541
0 0.290625 0.392593 0.03125 0.151852 0.38358
0 0.0572917 0.393519 0.0229167 0.101852 0.38837
0 0.425 0.376852 0.025 0.105556 0.390398
0 0.290104 0.391667 0.0302083 0.157407 0.396072
0 0.289062 0.387037 0.0322917 0.151852 0.396554
0 0.425 0.376852 0.025 0.105556 0.397264
0 0.382812 0.372222 0.0260417 0.122222 0.39755
0 0.444792 0.374074 0.01875 0.0925926 0.399382
0 0.383333 0.374074 0.0270833 0.125926 0.402887
0 0.425 0.376852 0.025 0.105556 0.404839
0 0.290104 0.391667 0.0302083 0.157407 0.405671
0 0.860417 0.572222 0.110417 0.596296 0.406667
0 0.445312 0.374074 0.0197917 0.0925926 0.408317
0 0.130208 0.403704 0.0229167 0.12963 0.41213
0 0.289062 0.387037 0.0322917 0.151852 0.412635
0 0.382292 0.373148 0.025 0.12037 0.420748
0 0.129688 0.402778 0.021875 0.131481 0.42135
0 0.445312 0.375926 0.021875 0.0925926 0.423755
0 0.859375 0.574074 0.108333 0.6 0.424887
0 0.0567708 0.394444 0.021875 0.103704 0.424978
0 0.130208 0.402778 0.0229167 0.131481 0.429955
0 0.383333 0.376852 0.0270833 0.124074 0.433755
0 0.559896 0.387963 0.0322917 0.190741 0.435063
0 0.382812 0.373148 0.0260417 0.12037 0.437072
0 0.559896 0.387963 0.0322917 0.190741 0.449451
0 0.382812 0.376852 0.0239583 0.124074 0.453952
0 0.478646 0.393519 0.028125 0.153704 0.457977
0 0.45 0.374074 0.0166667 0.0888889 0.470717
0 0.478646 0.394444 0.028125 0.151852 0.471402
0 0.45 0.374074 0.0166667 0.0851852 0.47936
0 0.45 0.374074 0.0166667 0.0851852 0.485468
0 0.0598958 0.394444 0.0197917 0.0962963 0.502393
0 0.0598958 0.393519 0.0197917 0.0981481 0.521867
0 0.0588542 0.394444 0.0197917 0.1 0.52302
0 0.478646 0.398148 0.028125 0.155556 0.529141
0 0.478646 0.398148 0.028125 0.155556 0.530561
0 0.0598958 0.393519 0.0197917 0.0981481 0.531322
0 0.477083 0.398148 0.03125 0.155556 0.532279
0 0.423438 0.37963 0.021875 0.114815 0.544872
0 0.384896 0.375 0.0260417 0.124074 0.553642
0 0.952083 0.564815 0.0958333 0.585185 0.555165
0 0.384896 0.375 0.0260417 0.124074 0.561786
0 0.290104 0.390741 0.0302083 0.151852 0.562598
0 0.424479 0.376852 0.021875 0.116667 0.564529
0 0.384896 0.375 0.0260417 0.124074 0.565513
0 0.0588542 0.392593 0.0197917 0.103704 0.567537
0 0.0588542 0.392593 0.0197917 0.107407 0.570728
0 0.290104 0.391667 0.0302083 0.15 0.571051
0 0.424479 0.377778 0.021875 0.114815 0.572291
0 0.424479 0.377778 0.021875 0.114815 0.573538
0 0.059375 0.392593 0.01875 0.107407 0.574246
0 0.446354 0.373148 0.0197917 0.0944444 0.578936
0 0.129688 0.400926 0.021875 0.116667 0.586259
0 0.129688 0.401852 0.0197917 0.118519 0.587956
0 0.290104 0.389815 0.0302083 0.15 0.591282
0 0.560417 0.385185 0.0354167 0.181481 0.596335
0 0.446354 0.373148 0.0197917 0.0944444 0.596614
0 0.383333 0.374074 0.025 0.125926 0.601247
0 0.560417 0.385185 0.0354167 0.181481 0.604366
0 0.446354 0.373148 0.0197917 0.0944444 0.604607
0 0.129167 0.401852 0.0208333 0.118519 0.611166
0 0.480208 0.397222 0.0270833 0.157407 0.61791
0 0.559896 0.385185 0.034375 0.181481 0.620702
0 0.860937 0.575926 0.107292 0.574074 0.62995
0 0.48125 0.397222 0.0270833 0.157407 0.630387
0 0.559896 0.387037 0.034375 0.188889 0.63445
0 0.383333 0.375926 0.025 0.122222 0.636064
0 0.560417 0.387037 0.0333333 0.188889 0.645198
0 0.291146 0.387963 0.0302083 0.15 0.650852
0 0.290104 0.390741 0.0302083 0.148148 0.657719
0 0.290625 0.387963 0.03125 0.15 0.65847
0 0.290104 0.390741 0.0302083 0.148148 0.659149
0 0.382812 0.374074 0.0239583 0.125926 0.662454
0 0.383333 0.374074 0.025 0.125926 0.666736
0 0.383333 0.374074 0.025 0.125926 0.667208
0 0.290104 0.388889 0.0302083 0.148148 0.667807
0 0.290104 0.388889 0.0302083 0.148148 0.674169
0 0.951563 0.568519 0.096875 0.6 0.683877
0 0.290104 0.390741 0.0302083 0.148148 0.685857
0 0.130208 0.402778 0.0229167 0.124074 0.691794
0 0.479167 0.397222 0.0291667 0.157407 0.696984
0 0.479167 0.396296 0.0291667 0.155556 0.698759
0 0.951563 0.569444 0.096875 0.598148 0.702831
0 0.479167 0.397222 0.0291667 0.157407 0.707117
0 0.129167 0.40463 0.0229167 0.116667 0.707555
0 0.130208 0.402778 0.0229167 0.124074 0.708143
0 0.952083 0.564815 0.0958333 0.585185 0.708398
0 0.858854 0.574074 0.101042 0.559259 0.713055
0 0.479167 0.396296 0.0291667 0.155556 0.713309
0 0.129688 0.40463 0.021875 0.12037 0.713583
0 0.858854 0.574074 0.101042 0.562963 0.714411
0 0.479167 0.396296 0.0291667 0.155556 0.716072
0 0.130208 0.403704 0.0229167 0.122222 0.72173
0 0.478646 0.396296 0.028125 0.155556 0.74079
0 0.478646 0.39537 0.028125 0.157407 0.744596
0 0.130208 0.40463 0.0229167 0.124074 0.750791
0 0.479167 0.397222 0.0291667 0.157407 0.753029
0 0.559896 0.385185 0.034375 0.192593 0.769589
0 0.560417 0.385185 0.0333333 0.192593 0.777109
0 0.860937 0.575 0.107292 0.572222 0.778323
0 0.559896 0.387037 0.034375 0.181481 0.784806
0 0.559896 0.387963 0.034375 0.183333 0.791565
0 0.559896 0.387037 0.034375 0.181481 0.793209
0 0.952083 0.558333 0.0958333 0.583333 0.804821
0 0.952083 0.569444 0.0958333 0.587037 0.811203
0 0.559896 0.387963 0.034375 0.187037 0.831995
0 0.559896 0.387963 0.034375 0.187037 0.837317
0 0.861979 0.574074 0.105208 0.57037 0.838979
0 0.559896 0.387963 0.034375 0.187037 0.841163
0 0.559896 0.388889 0.034375 0.188889 0.842151
0 0.952604 0.559259 0.0947917 0.596296 0.843299
0 0.952604 0.560185 0.0947917 0.590741 0.843808
0 0.952083 0.560185 0.0958333 0.587037 0.851064
0 0.861458 0.574074 0.108333 0.577778 0.855076
0 0.860937 0.574074 0.109375 0.577778 0.855118
0 0.559896 0.387963 0.034375 0.187037 0.856313
0 0.861979 0.574074 0.105208 0.57037 0.858829
0 0.952083 0.569444 0.0958333 0.590741 0.875821
0 0.860417 0.573148 0.108333 0.57963 0.902897
0 0.859896 0.572222 0.109375 0.581481 0.908493
