0 0.385938 0.341667 0.034375 0.164815 0.251706
0 0.513021 0.350926 0.0260417 0.15 0.253162
2 0.407292 0.286111 0.0291667 0.0425926 0.255467
0 0.517187 0.350926 0.034375 0.138889 0.257296
0 0.544271 0.342593 0.0197917 0.12963 0.257482
0 0.620833 0.359259 0.0270833 0.133333 0.25776
0 0.536979 0.34537 0.0302083 0.127778 0.258591
0 0.529688 0.346296 0.0322917 0.137037 0.260128
0 0.5375 0.346296 0.0291667 0.12963 0.260549
2 0.407292 0.286111 0.0291667 0.0425926 0.261333
0 0.949479 0.606481 0.101042 0.653704 0.263276
0 0.170312 0.334259 0.0239583 0.105556 0.266826
0 0.828125 0.572222 0.1375 0.648148 0.267969
0 0.170312 0.334259 0.0239583 0.105556 0.277929
2 0.406771 0.286111 0.0302083 0.0425926 0.279227
0 0.511458 0.351852 0.025 0.137037 0.279565
0 0.170312 0.335185 0.0239583 0.107407 0.281038
0 0.500521 0.35463 0.0322917 0.135185 0.287396
0 0.534896 0.340741 0.0239583 0.137037 0.297013
0 0.5375 0.341667 0.0270833 0.131481 0.300026
0 0.510938 0.348148 0.0239583 0.140741 0.303417
0 0.538542 0.342593 0.0270833 0.12963 0.303936
0 0.529688 0.346296 0.0322917 0.137037 0.307855
0 0.511458 0.348148 0.025 0.140741 0.312246
0 0.596354 0.336111 0.0260417 0.12037 0.312449
0 0.513021 0.351852 0.0260417 0.148148 0.315001
0 0.517187 0.350926 0.0322917 0.138889 0.316105
0 0.827604 0.572222 0.136458 0.655556 0.319553
0 0.169792 0.333333 0.0229167 0.111111 0.320883
0 0.534896 0.348148 0.0239583 0.137037 0.335164
0 0.514063 0.347222 0.021875 0.135185 0.349698
0 0.00625 0.371296 0.0125 0.153704 0.354087
0 0.514583 0.347222 0.0229167 0.135185 0.354974
0 0.00677083 0.373148 0.0135417 0.157407 0.35629
0 0.945833 0.593518 0.108333 0.724074 0.362723
0 0.516146 0.351852 0.0302083 0.137037 0.367818
0 0.949479 0.583333 0.101042 0.714815 0.37097
0 0.597917 0.340741 0.025 0.125926 0.383681
0 0.951042 0.599074 0.0979167 0.72037 0.384094
0 0.597917 0.341667 0.0229167 0.12037 0.40318
0 0.530729 0.347222 0.0302083 0.135185 0.4168
0 0.597917 0.340741 0.0229167 0.122222 0.418331
0 0.621354 0.358333 0.0302083 0.131481 0.418589
0 0.949479 0.585185 0.101042 0.718518 0.41909
0 0.659896 0.339815 0.0197917 0.0944444 0.423755
0 0.00677083 0.37963 0.0135417 0.151852 0.426956
0 0.0078125 0.376852 0.015625 0.157407 0.430063
0 0.597917 0.341667 0.0229167 0.12037 0.432888
0 0.620833 0.360185 0.0270833 0.138889 0.44151
0 0.597917 0.340741 0.025 0.122222 0.445268
0 0.620833 0.359259 0.0270833 0.137037 0.450135
0 0.826042 0.581481 0.127083 0.688889 0.46394
0 0.514583 0.35 0.025 0.144444 0.465109
0 0.822396 0.581481 0.132292 0.666667 0.466141
0 0.532812 0.34537 0.0239583 0.131481 0.467745
0 0.620313 0.356481 0.0322917 0.138889 0.469223
0 0.821875 0.581481 0.133333 0.67037 0.477631
0 0.514583 0.35 0.025 0.144444 0.479247
0 0.531771 0.346296 0.0239583 0.133333 0.480919
0 0.659896 0.338889 0.0197917 0.0962963 0.482142
0 0.659896 0.339815 0.0197917 0.0944444 0.485026
0 0.513542 0.351852 0.0229167 0.148148 0.486144
0 0.384896 0.341667 0.0322917 0.172222 0.487061
0 0.384375 0.35 0.0333333 0.181481 0.487069
0 0.597396 0.338889 0.0239583 0.122222 0.489844
0 0.384896 0.341667 0.0322917 0.175926 0.491533
0 0.316146 0.313889 0.021875 0.0944444 0.493669
0 0.384375 0.35 0.0333333 0.181481 0.494882
0 0.622917 0.357407 0.0291667 0.140741 0.495582
0 0.621875 0.357407 0.03125 0.140741 0.497825
0 0.597917 0.338889 0.025 0.122222 0.501797
0 0.316146 0.313889 0.021875 0.0944444 0.503416
0 0.316146 0.312963 0.021875 0.0925926 0.504764
0 0.597917 0.338889 0.025 0.122222 0.512524
0 0.596354 0.336111 0.0239583 0.12037 0.51379
0 0.621875 0.355556 0.0291667 0.133333 0.514484
0 0.315625 0.314815 0.0208333 0.0888889 0.517029
0 0.622917 0.357407 0.0291667 0.140741 0.521301
0 0.659896 0.333333 0.021875 0.0888889 0.527775
0 0.316146 0.313889 0.021875 0.0907407 0.535988
0 0.621875 0.356481 0.03125 0.138889 0.540893
0 0.532812 0.344444 0.0239583 0.137037 0.54108
0 0.384375 0.349074 0.0333333 0.187037 0.546933
0 0.622396 0.357407 0.0302083 0.140741 0.549732
0 0.532812 0.344444 0.0239583 0.137037 0.550276
0 0.384375 0.349074 0.0333333 0.187037 0.554589
0 0.660417 0.335185 0.0208333 0.1 0.555215
0 0.316667 0.316667 0.0208333 0.0851852 0.559268
0 0.384375 0.349074 0.0333333 0.187037 0.564716
0 0.0411458 0.373148 0.0447917 0.17963 0.580052
0 0.659896 0.333333 0.021875 0.0888889 0.589885
0 0.659896 0.333333 0.021875 0.0888889 0.592193
0 0.00625 0.378704 0.0125 0.15 0.597968
0 0.316667 0.315741 0.0208333 0.0833333 0.598586
0 0.511458 0.351852 0.025 0.144444 0.603767
0 0.316667 0.316667 0.0208333 0.0814815 0.605116
0 0.511979 0.351852 0.0260417 0.144444 0.607433
0 0.597396 0.340741 0.0239583 0.122222 0.607592
0 0.660417 0.335185 0.0208333 0.1 0.607889
0 0.315625 0.316667 0.0208333 0.0925926 0.610904
0 0.660417 0.335185 0.0208333 0.1 0.612356
0 0.659896 0.335185 0.021875 0.103704 0.614387
0 0.621875 0.359259 0.0291667 0.140741 0.616287
0 0.621875 0.358333 0.0291667 0.138889 0.617957
0 0.040625 0.372222 0.04375 0.181481 0.620617
0 0.315625 0.315741 0.0208333 0.0907407 0.623977
0 0.531771 0.346296 0.0239583 0.133333 0.63067
0 0.315625 0.315741 0.0208333 0.0907407 0.63299
0 0.531771 0.347222 0.0239583 0.135185 0.635637
0 0.822917 0.580556 0.129167 0.683333 0.637015
0 0.0411458 0.372222 0.0427083 0.188889 0.64216
0 0.315625 0.313889 0.0208333 0.0907407 0.642665
0 0.0411458 0.372222 0.0427083 0.185185 0.658648
0 0.659896 0.335185 0.021875 0.103704 0.666293
0 0.945833 0.597222 0.108333 0.724074 0.670233
0 0.824479 0.575926 0.134375 0.640741 0.671082
0 0.040625 0.372222 0.04375 0.181481 0.678696
0 0.944271 0.590741 0.111458 0.72963 0.678847
0 0.824479 0.575 0.134375 0.635185 0.679591
0 0.945833 0.597222 0.108333 0.72037 0.6906
0 0.040625 0.372222 0.0416667 0.181481 0.696903
0 0.384375 0.349074 0.0333333 0.175926 0.71534
0 0.040625 0.372222 0.0416667 0.181481 0.716445
0 0.383854 0.349074 0.0322917 0.175926 0.724569
0 0.944271 0.590741 0.111458 0.72963 0.725891
0 0.383854 0.348148 0.0322917 0.177778 0.726111
0 0.621354 0.356481 0.028125 0.138889 0.727617
0 0.621875 0.356481 0.0291667 0.138889 0.72912
0 0.622396 0.358333 0.0302083 0.142593 0.739044
0 0.040625 0.371296 0.0416667 0.17963 0.759403
0 0.622396 0.357407 0.0302083 0.144444 0.766204
0 0.384375 0.349074 0.0333333 0.17963 0.768023
0 0.622396 0.358333 0.0302083 0.142593 0.774894
0 0.384375 0.349074 0.0333333 0.17963 0.778454
0 0.384375 0.347222 0.0333333 0.183333 0.783528
0 0.040625 0.371296 0.0416667 0.17963 0.784254
0 0.824479 0.580556 0.134375 0.65 0.78516
0 0.384375 0.34537 0.0333333 0.17963 0.78936
0 0.384375 0.34537 0.0333333 0.17963 0.792683
0 0.95 0.599074 0.1 0.705556 0.794703
0 0.384375 0.347222 0.0333333 0.183333 0.795013
0 0.384375 0.347222 0.0333333 0.17963 0.799055
0 0.040625 0.371296 0.0416667 0.17963 0.809655
0 0.824479 0.581481 0.134375 0.655556 0.81078
0 0.949479 0.600926 0.101042 0.694444 0.819621
0 0.0411458 0.37037 0.0427083 0.181481 0.820512
0 0.040625 0.372222 0.0416667 0.181481 0.82317
0 0.0411458 0.369444 0.0427083 0.183333 0.826315
0 0.824479 0.582407 0.132292 0.672222 0.837083
0 0.945312 0.593518 0.109375 0.727778 0.837428
0 0.040625 0.373148 0.0416667 0.183333 0.844326
0 0.945312 0.591667 0.109375 0.727778 0.85037
0 0.0401042 0.372222 0.040625 0.181481 0.853323
0 0.824479 0.583333 0.132292 0.67037 0.85865
0 0.823958 0.586111 0.133333 0.690741 0.894187
0 0.824479 0.586111 0.132292 0.687037 0.896622
