0 0.654167 0.426852 0.025 0.116667 0.250405
13 0.283333 0.475 0.0854167 0.0759259 0.250503
13 0.209375 0.463889 0.0625 0.087037 0.250692
0 0.291146 0.405556 0.0197917 0.062963 0.25113
0 0.197917 0.387037 0.01875 0.0740741 0.252207
0 0.396875 0.412037 0.0208333 0.0981481 0.252862
0 0.363542 0.416667 0.025 0.114815 0.253394
0 0.265625 0.392593 0.0208333 0.0666667 0.254889
0 0.363542 0.416667 0.025 0.114815 0.255113
0 0.653646 0.426852 0.0260417 0.116667 0.255179
0 0.653646 0.427778 0.0239583 0.114815 0.256561
0 0.653646 0.427778 0.0239583 0.114815 0.258897
0 0.257812 0.393519 0.021875 0.0648148 0.264034
0 0.194271 0.387963 0.0197917 0.0722222 0.265929
0 0.361458 0.409259 0.0166667 0.122222 0.268199
0 0.201562 0.386111 0.015625 0.0722222 0.268917
0 0.290625 0.406481 0.01875 0.0611111 0.268934
13 0.278646 0.480556 0.090625 0.0648148 0.269189
0 0.197396 0.387037 0.0177083 0.0740741 0.270192
13 0.278646 0.475 0.0885417 0.0722222 0.273467
13 0.352604 0.581481 0.155208 0.0962963 0.278554
13 0.279167 0.483333 0.09375 0.0851852 0.280623
13 0.355208 0.580556 0.172917 0.0833333 0.281393
13 0.279687 0.481481 0.0927083 0.062963 0.289901
0 0.197396 0.387037 0.0177083 0.0740741 0.291872
13 0.279167 0.475 0.0895833 0.0722222 0.297523
0 0.366667 0.414815 0.0270833 0.114815 0.300085
0 0.939583 0.6 0.120833 0.481481 0.306278
13 0.209896 0.465741 0.065625 0.087037 0.310803
13 0.357812 0.586111 0.169792 0.0981481 0.311723
0 0.654167 0.426852 0.025 0.116667 0.312354
13 0.0427083 0.665741 0.0854167 0.605556 0.31414
13 0.0432292 0.668519 0.084375 0.614815 0.316688
13 0.208854 0.465741 0.065625 0.0907407 0.316757
0 0.3625 0.414815 0.01875 0.118519 0.317821
13 0.280729 0.476852 0.090625 0.0796296 0.322203
13 0.209375 0.464815 0.0645833 0.0888889 0.322948
0 0.442187 0.441667 0.0322917 0.157407 0.323152
0 0.361979 0.408333 0.0177083 0.127778 0.324111
13 0.353125 0.578704 0.158333 0.0944444 0.329436
13 0.208854 0.464815 0.0635417 0.0888889 0.33082
0 0.653646 0.42963 0.021875 0.114815 0.331134
13 0.392188 0.625926 0.230208 0.155556 0.331811
0 0.202083 0.387037 0.0166667 0.0740741 0.331974
13 0.353125 0.578704 0.160417 0.0944444 0.332039
0 0.442708 0.441667 0.03125 0.157407 0.332227
13 0.209375 0.465741 0.0666667 0.0907407 0.335779
0 0.290625 0.402778 0.0166667 0.0648148 0.339362
0 0.361458 0.415741 0.0166667 0.116667 0.342361
0 0.361458 0.409259 0.0166667 0.125926 0.342499
0 0.653646 0.42963 0.021875 0.114815 0.344793
13 0.279167 0.477778 0.0916667 0.0740741 0.345071
0 0.361458 0.415741 0.0166667 0.116667 0.348884
13 0.349479 0.577778 0.153125 0.0962963 0.350476
13 0.209896 0.465741 0.0635417 0.087037 0.350566
13 0.352083 0.57963 0.154167 0.0888889 0.351934
13 0.280729 0.475926 0.090625 0.0740741 0.352396
0 0.290625 0.402778 0.0166667 0.0648148 0.357106
13 0.209375 0.464815 0.0645833 0.0888889 0.360794
0 0.361458 0.414815 0.0166667 0.114815 0.361658
0 0.653646 0.42963 0.021875 0.114815 0.362275
13 0.278646 0.478704 0.090625 0.0722222 0.367418
13 0.352083 0.578704 0.154167 0.0907407 0.371142
0 0.653646 0.426852 0.0239583 0.109259 0.377432
0 0.398438 0.405556 0.0177083 0.0888889 0.37808
0 0.290625 0.403704 0.0166667 0.062963 0.38262
13 0.280729 0.475926 0.090625 0.0740741 0.383395
13 0.38125 0.606481 0.216667 0.138889 0.391511
0 0.201562 0.386111 0.015625 0.0722222 0.393172
0 0.201562 0.386111 0.015625 0.0722222 0.398802
0 0.201562 0.387963 0.0177083 0.0722222 0.401484
0 0.653646 0.427778 0.0239583 0.114815 0.403452
0 0.398438 0.401852 0.0177083 0.0777778 0.411755
0 0.202083 0.387963 0.0145833 0.0722222 0.412178
0 0.385938 0.413889 0.0302083 0.109259 0.41317
0 0.653646 0.428704 0.0239583 0.112963 0.41563
0 0.653125 0.428704 0.0229167 0.112963 0.422859
13 0.358854 0.582407 0.167708 0.101852 0.440065
0 0.202083 0.387963 0.0145833 0.0722222 0.444049
0 0.940104 0.6 0.119792 0.474074 0.447145
0 0.396875 0.412037 0.01875 0.0981481 0.452023
0 0.398438 0.401852 0.0177083 0.0740741 0.454374
0 0.397917 0.401852 0.01875 0.0777778 0.4547
0 0.939583 0.599074 0.120833 0.490741 0.454704
0 0.396875 0.412963 0.01875 0.1 0.45574
0 0.383854 0.415741 0.0260417 0.109259 0.459586
0 0.939583 0.6 0.120833 0.496296 0.469824
0 0.38125 0.413889 0.0208333 0.105556 0.481988
0 0.396354 0.412037 0.0197917 0.101852 0.482491
0 0.396875 0.411111 0.01875 0.1 0.484879
0 0.396875 0.412037 0.01875 0.101852 0.485311
0 0.396875 0.411111 0.01875 0.1 0.495978
0 0.653646 0.427778 0.0239583 0.114815 0.512951
0 0.381771 0.413889 0.0197917 0.109259 0.530913
0 0.654167 0.427778 0.0229167 0.114815 0.534111
0 0.381771 0.413889 0.0197917 0.109259 0.541202
0 0.444271 0.438889 0.034375 0.162963 0.562966
0 0.444792 0.439815 0.0333333 0.161111 0.580833
0 0.38125 0.412037 0.0208333 0.109259 0.590433
0 0.38125 0.412963 0.0208333 0.111111 0.633882
0 0.38125 0.412963 0.0208333 0.111111 0.634085
0 0.940104 0.600926 0.119792 0.47963 0.650076
0 0.939062 0.598148 0.121875 0.481481 0.657504
0 0.940104 0.600926 0.119792 0.483333 0.674311
0 0.44375 0.439815 0.0333333 0.161111 0.70859
0 0.938021 0.603704 0.123958 0.488889 0.709827
0 0.443229 0.439815 0.0322917 0.161111 0.710389
0 0.44375 0.439815 0.0333333 0.161111 0.718724
0 0.444271 0.437037 0.034375 0.166667 0.732183
0 0.444271 0.437963 0.034375 0.164815 0.753613
0 0.444271 0.437037 0.034375 0.166667 0.771561
0 0.44375 0.441667 0.0333333 0.157407 0.780096
0 0.444271 0.437963 0.034375 0.164815 0.78372
0 0.44375 0.441667 0.0333333 0.161111 0.786141
0 0.444271 0.437963 0.034375 0.164815 0.796902
0 0.44375 0.437963 0.0333333 0.164815 0.809942
0 0.938021 0.603704 0.123958 0.492593 0.845553
0 0.938542 0.607407 0.122917 0.488889 0.860343
0 0.938542 0.606481 0.122917 0.487037 0.870585
0 0.938542 0.606481 0.122917 0.483333 0.889891
0 0.939062 0.597222 0.121875 0.483333 0.895192
0 0.939062 0.598148 0.121875 0.488889 0.897299
0 0.938542 0.605556 0.122917 0.485185 0.904032
