1 0.424479 0.39537 0.0322917 0.087037 0.250486
0 0.229687 0.288889 0.0364583 0.125926 0.251393
0 0.0536458 0.315741 0.0239583 0.112963 0.252057
0 0.482812 0.317593 0.0239583 0.138889 0.252445
0 0.111458 0.343519 0.0354167 0.183333 0.253051
0 0.111979 0.342593 0.034375 0.181481 0.253854
0 0.425 0.327778 0.0375 0.174074 0.254209
0 0.482812 0.317593 0.0239583 0.138889 0.25505
0 0.30625 0.298148 0.0270833 0.0703704 0.255718
0 0.48125 0.322222 0.0270833 0.137037 0.262151
0 0.053125 0.325926 0.0270833 0.12963 0.262668
0 0.0536458 0.317593 0.021875 0.112963 0.268752
1 0.423958 0.390741 0.0333333 0.0962963 0.269553
0 0.229687 0.288889 0.0364583 0.125926 0.285598
0 0.14375 0.341667 0.0291667 0.161111 0.28665
0 0.965104 0.558333 0.0697917 0.72037 0.289896
26 0.890104 0.486111 0.0447917 0.138889 0.289963
0 0.142708 0.351852 0.03125 0.177778 0.290995
1 0.424479 0.389815 0.0322917 0.0944444 0.291391
0 0.961458 0.578704 0.0770833 0.738889 0.291493
26 0.890104 0.486111 0.0447917 0.135185 0.293146
0 0.0536458 0.328704 0.0260417 0.124074 0.293388
0 0.143229 0.341667 0.028125 0.164815 0.294771
0 0.142188 0.350926 0.0322917 0.17963 0.296726
0 0.0536458 0.325 0.0260417 0.131481 0.298436
0 0.229687 0.288889 0.0364583 0.125926 0.301099
26 0.889583 0.486111 0.04375 0.138889 0.304088
0 0.853125 0.557407 0.120833 0.722222 0.307345
0 0.482292 0.318519 0.0270833 0.148148 0.314231
0 0.307813 0.296296 0.0260417 0.0703704 0.319863
0 0.480208 0.322222 0.0270833 0.137037 0.327553
0 0.142188 0.35 0.0322917 0.174074 0.331659
0 0.053125 0.327778 0.025 0.12963 0.332299
0 0.958854 0.566667 0.0822917 0.72963 0.333298
0 0.853125 0.558333 0.120833 0.727778 0.337112
0 0.482292 0.317593 0.0270833 0.146296 0.337906
0 0.425521 0.327778 0.0364583 0.177778 0.338489
0 0.0526042 0.325926 0.0260417 0.12963 0.343222
0 0.425521 0.328704 0.0364583 0.175926 0.345698
0 0.0541667 0.330556 0.025 0.127778 0.345825
0 0.0541667 0.330556 0.025 0.127778 0.347923
0 0.423958 0.333333 0.0354167 0.181481 0.351394
0 0.266146 0.309259 0.0197917 0.0814815 0.363409
0 0.266146 0.309259 0.0197917 0.0814815 0.368035
0 0.136979 0.350926 0.0385417 0.17963 0.370708
0 0.265625 0.30463 0.01875 0.0759259 0.371987
0 0.266146 0.302778 0.0197917 0.0759259 0.373045
0 0.265104 0.302778 0.0197917 0.0759259 0.3755
0 0.423958 0.333333 0.0354167 0.181481 0.381082
0 0.108854 0.342593 0.0322917 0.177778 0.381361
0 0.48125 0.317593 0.0270833 0.146296 0.38245
0 0.108854 0.343519 0.0322917 0.17963 0.385098
0 0.140625 0.35463 0.03125 0.172222 0.38642
0 0.265104 0.30463 0.0197917 0.0759259 0.387747
0 0.138542 0.35463 0.0375 0.172222 0.388063
0 0.265625 0.302778 0.01875 0.0759259 0.396554
0 0.136458 0.350926 0.0395833 0.17963 0.39713
0 0.266146 0.309259 0.0197917 0.0814815 0.397427
0 0.140104 0.353704 0.0322917 0.17037 0.3976
0 0.423958 0.334259 0.0354167 0.17963 0.401767
0 0.265104 0.30463 0.0197917 0.0759259 0.403084
0 0.1125 0.350926 0.0416667 0.17963 0.412755
0 0.265104 0.305556 0.0197917 0.0814815 0.414099
0 0.138542 0.35463 0.0375 0.172222 0.416096
0 0.846875 0.557407 0.1125 0.722222 0.417479
0 0.852083 0.551852 0.116667 0.744444 0.418819
0 0.961458 0.553704 0.0770833 0.740741 0.419412
0 0.847396 0.557407 0.113542 0.718518 0.435143
0 0.265625 0.30463 0.0208333 0.0796296 0.438691
0 0.233333 0.293519 0.0333333 0.12037 0.438841
0 0.111979 0.350926 0.0427083 0.17963 0.440549
0 0.591146 0.326852 0.028125 0.127778 0.441209
0 0.138542 0.35463 0.0375 0.172222 0.450741
0 0.614583 0.303704 0.0208333 0.0888889 0.456368
0 0.591667 0.32963 0.0291667 0.133333 0.456839
0 0.233333 0.292593 0.0333333 0.118519 0.457349
0 0.136979 0.352778 0.0385417 0.175926 0.461031
0 0.594792 0.325 0.0333333 0.131481 0.462644
0 0.233333 0.293519 0.0333333 0.116667 0.463509
0 0.426042 0.334259 0.0354167 0.183333 0.466312
0 0.109375 0.351852 0.0354167 0.177778 0.470599
0 0.48125 0.32037 0.0270833 0.137037 0.471367
0 0.594792 0.325 0.0333333 0.131481 0.472293
0 0.136979 0.352778 0.0385417 0.175926 0.47422
0 0.425521 0.334259 0.0364583 0.183333 0.476202
0 0.614583 0.303704 0.0208333 0.0925926 0.486624
0 0.109375 0.351852 0.0354167 0.177778 0.488359
0 0.614583 0.303704 0.0208333 0.0925926 0.488458
0 0.108333 0.35 0.0333333 0.181481 0.491812
0 0.136979 0.353704 0.0385417 0.177778 0.500906
0 0.108333 0.35 0.0333333 0.185185 0.502754
0 0.425521 0.334259 0.0364583 0.183333 0.510159
0 0.594271 0.325 0.0322917 0.131481 0.511489
0 0.481771 0.32037 0.028125 0.137037 0.512724
0 0.108333 0.35 0.0333333 0.181481 0.514967
0 0.847396 0.555556 0.117708 0.718518 0.52049
0 0.109375 0.351852 0.0354167 0.177778 0.520751
0 0.0541667 0.325 0.0229167 0.124074 0.526548
0 0.108854 0.349074 0.034375 0.17963 0.528849
0 0.053125 0.325926 0.025 0.12963 0.530033
0 0.481771 0.32037 0.0239583 0.133333 0.532596
0 0.613542 0.309259 0.0208333 0.0925926 0.533488
0 0.591146 0.327778 0.028125 0.137037 0.536361
0 0.109896 0.351852 0.034375 0.181481 0.536868
0 0.0541667 0.325926 0.025 0.125926 0.539559
0 0.0541667 0.325926 0.0229167 0.125926 0.543729
0 0.0541667 0.325 0.0229167 0.127778 0.543866
0 0.108854 0.349074 0.034375 0.17963 0.545061
0 0.591146 0.327778 0.028125 0.133333 0.547809
0 0.109896 0.351852 0.034375 0.181481 0.549855
0 0.30625 0.298148 0.0229167 0.0703704 0.553184
0 0.481771 0.318519 0.0260417 0.12963 0.554508
0 0.0541667 0.325926 0.025 0.125926 0.563925
0 0.48125 0.32037 0.0270833 0.137037 0.567005
0 0.0541667 0.325926 0.025 0.125926 0.570459
0 0.613542 0.310185 0.0208333 0.0944444 0.578923
0 0.109896 0.350926 0.034375 0.183333 0.58043
0 0.613542 0.310185 0.0208333 0.0944444 0.582183
0 0.481771 0.321296 0.0260417 0.138889 0.585297
0 0.232292 0.294444 0.0333333 0.122222 0.591359
0 0.232812 0.294444 0.0322917 0.122222 0.599139
0 0.0536458 0.325926 0.0239583 0.12963 0.60167
0 0.590625 0.331481 0.0270833 0.133333 0.602664
0 0.30625 0.299074 0.025 0.0685185 0.605665
0 0.851042 0.559259 0.116667 0.714815 0.606027
0 0.232812 0.294444 0.0322917 0.122222 0.606793
0 0.613542 0.306481 0.0229167 0.0981481 0.607028
0 0.614583 0.306481 0.0208333 0.0981481 0.613316
0 0.30625 0.297222 0.025 0.0722222 0.615378
0 0.306771 0.298148 0.0239583 0.0703704 0.616938
0 0.30625 0.299074 0.025 0.0685185 0.62747
0 0.30625 0.299074 0.025 0.0685185 0.628569
0 0.30625 0.297222 0.025 0.0722222 0.630302
0 0.546875 0.314815 0.0270833 0.137037 0.630697
0 0.30625 0.298148 0.025 0.0703704 0.632956
0 0.547396 0.314815 0.028125 0.12963 0.637049
0 0.614583 0.306481 0.0208333 0.0907407 0.638938
0 0.546875 0.315741 0.0270833 0.131481 0.640426
0 0.591146 0.32963 0.028125 0.137037 0.654824
0 0.546875 0.314815 0.0270833 0.137037 0.655256
0 0.546875 0.313889 0.0270833 0.138889 0.658562
0 0.425521 0.335185 0.0364583 0.185185 0.66566
0 0.591667 0.32963 0.0270833 0.137037 0.666454
0 0.614583 0.307407 0.0208333 0.0925926 0.667936
0 0.23125 0.293519 0.0333333 0.124074 0.67001
0 0.614583 0.307407 0.0208333 0.0925926 0.670086
0 0.481771 0.32037 0.0260417 0.133333 0.676524
0 0.23125 0.293519 0.0333333 0.124074 0.676629
0 0.481771 0.32037 0.0260417 0.133333 0.677035
0 0.591146 0.328704 0.028125 0.138889 0.678718
0 0.425521 0.335185 0.0364583 0.185185 0.679541
0 0.23125 0.292593 0.0333333 0.122222 0.685346
0 0.481771 0.32037 0.0260417 0.137037 0.686983
0 0.546875 0.315741 0.0270833 0.131481 0.687609
0 0.425 0.334259 0.0354167 0.183333 0.694275
0 0.546875 0.314815 0.0270833 0.12963 0.695502
0 0.546875 0.314815 0.0270833 0.133333 0.696825
0 0.546875 0.314815 0.0270833 0.133333 0.697601
0 0.546875 0.314815 0.0270833 0.137037 0.702061
0 0.546875 0.313889 0.0270833 0.138889 0.704834
0 0.481771 0.32037 0.0239583 0.133333 0.705185
0 0.546875 0.313889 0.0270833 0.138889 0.706859
0 0.232292 0.291667 0.0333333 0.124074 0.715622
0 0.481771 0.32037 0.0239583 0.133333 0.717422
0 0.425 0.335185 0.0354167 0.185185 0.725541
0 0.425521 0.335185 0.0364583 0.185185 0.726189
0 0.481771 0.32037 0.0260417 0.137037 0.728263
0 0.546875 0.315741 0.025 0.131481 0.729647
0 0.591146 0.32963 0.028125 0.137037 0.734376
0 0.232812 0.292593 0.0322917 0.122222 0.737039
0 0.591146 0.328704 0.028125 0.135185 0.740416
0 0.591146 0.328704 0.028125 0.135185 0.741428
0 0.232812 0.292593 0.0322917 0.122222 0.742594
0 0.232292 0.292593 0.0333333 0.122222 0.751256
0 0.232292 0.292593 0.0333333 0.122222 0.75262
0 0.425 0.335185 0.0354167 0.185185 0.756885
0 0.232292 0.292593 0.0333333 0.122222 0.763501
0 0.849479 0.553704 0.115625 0.740741 0.764318
0 0.851042 0.558333 0.116667 0.712963 0.768191
0 0.591146 0.32963 0.028125 0.137037 0.773727
0 0.590625 0.331481 0.0270833 0.137037 0.77519
0 0.591146 0.32963 0.028125 0.137037 0.776042
0 0.232292 0.292593 0.0333333 0.125926 0.77636
0 0.232292 0.292593 0.0333333 0.125926 0.777216
0 0.590625 0.331481 0.0270833 0.137037 0.777864
0 0.232292 0.291667 0.0333333 0.124074 0.779456
0 0.960938 0.572222 0.078125 0.755556 0.781913
0 0.960938 0.561111 0.078125 0.711111 0.783147
0 0.546875 0.313889 0.0270833 0.138889 0.783782
0 0.960417 0.572222 0.0791667 0.759259 0.783811
0 0.547396 0.313889 0.0260417 0.135185 0.790997
0 0.547396 0.314815 0.0260417 0.137037 0.793305
0 0.546875 0.314815 0.025 0.133333 0.79456
0 0.546875 0.314815 0.025 0.133333 0.798713
0 0.425521 0.333333 0.0364583 0.181481 0.804605
0 0.425 0.334259 0.0375 0.183333 0.805608
0 0.425521 0.333333 0.0364583 0.181481 0.810829
0 0.425 0.333333 0.0375 0.185185 0.81133
0 0.961979 0.559259 0.0760417 0.744444 0.817109
0 0.961979 0.559259 0.0760417 0.748148 0.824861
0 0.961458 0.559259 0.0770833 0.744444 0.829981
0 0.961458 0.559259 0.0770833 0.740741 0.834357
0 0.850521 0.560185 0.115625 0.701852 0.845129
0 0.847917 0.557407 0.114583 0.737037 0.846146
0 0.850521 0.560185 0.115625 0.701852 0.867067
