0 0.466146 0.351852 0.028125 0.122222 0.25101
0 0.486979 0.340741 0.0197917 0.0888889 0.251599
0 0.466146 0.351852 0.028125 0.122222 0.25357
0 0.491146 0.342593 0.021875 0.0851852 0.262459
0 0.529688 0.333333 0.015625 0.0592593 0.267236
0 0.366146 0.325926 0.0177083 0.0814815 0.269141
0 0.491146 0.342593 0.0197917 0.0851852 0.270214
0 0.466146 0.359259 0.028125 0.137037 0.276886
0 0.148438 0.367593 0.028125 0.127778 0.277109
0 0.366146 0.325926 0.0177083 0.0851852 0.285531
0 0.150521 0.369444 0.0260417 0.127778 0.287967
0 0.516667 0.361111 0.0333333 0.137037 0.288308
0 0.491146 0.344444 0.021875 0.0888889 0.289189
0 0.107292 0.375926 0.0479167 0.155556 0.297479
0 0.652083 0.366667 0.04375 0.207407 0.297808
0 0.110417 0.373148 0.0541667 0.15 0.300497
0 0.108333 0.375926 0.0479167 0.155556 0.303914
0 0.490625 0.344444 0.0208333 0.0851852 0.305874
0 0.147396 0.37037 0.0302083 0.140741 0.307569
0 0.366146 0.325926 0.0177083 0.0814815 0.308489
0 0.516146 0.362963 0.0322917 0.137037 0.313764
0 0.514583 0.362037 0.0270833 0.135185 0.317243
0 0.108333 0.375926 0.0479167 0.155556 0.322046
0 0.109375 0.369444 0.04375 0.161111 0.32899
0 0.111458 0.372222 0.0541667 0.155556 0.332294
0 0.147396 0.37037 0.0302083 0.140741 0.333758
0 0.147917 0.37037 0.0291667 0.140741 0.338894
0 0.151042 0.37037 0.0291667 0.137037 0.344509
0 0.150521 0.369444 0.0260417 0.131481 0.346616
0 0.109375 0.37037 0.04375 0.159259 0.347827
0 0.653646 0.351852 0.0427083 0.188889 0.347913
0 0.653646 0.352778 0.0427083 0.198148 0.348116
0 0.530208 0.332407 0.0145833 0.0574074 0.349303
0 0.110937 0.373148 0.053125 0.157407 0.356683
0 0.150521 0.369444 0.0260417 0.131481 0.357011
0 0.651563 0.365741 0.0427083 0.205556 0.36151
0 0.513021 0.361111 0.028125 0.12963 0.391935
0 0.151562 0.37037 0.028125 0.137037 0.393926
0 0.148438 0.369444 0.028125 0.138889 0.395282
0 0.113542 0.376852 0.04375 0.15 0.396743
0 0.530208 0.332407 0.0145833 0.0574074 0.40163
0 0.517708 0.360185 0.0270833 0.131481 0.405757
0 0.148438 0.369444 0.028125 0.135185 0.408352
0 0.113021 0.376852 0.0427083 0.15 0.410322
0 0.150521 0.37037 0.028125 0.137037 0.41058
0 0.345833 0.335185 0.0208333 0.0851852 0.414251
0 0.345833 0.335185 0.0208333 0.0851852 0.418529
0 0.148958 0.373148 0.0270833 0.131481 0.42255
0 0.292188 0.361111 0.0322917 0.0962963 0.422671
0 0.345833 0.334259 0.0208333 0.0833333 0.437503
0 0.648438 0.364815 0.040625 0.2 0.440633
0 0.651563 0.366667 0.0427083 0.207407 0.448058
0 0.151042 0.373148 0.025 0.131481 0.453269
0 0.467708 0.356481 0.0291667 0.127778 0.453629
0 0.346354 0.337963 0.021875 0.0833333 0.45436
0 0.514583 0.360185 0.0270833 0.127778 0.455251
0 0.291667 0.360185 0.03125 0.0981481 0.458386
0 0.291667 0.360185 0.03125 0.0981481 0.464648
0 0.149479 0.372222 0.0302083 0.140741 0.464898
0 0.110417 0.376852 0.0479167 0.15 0.46927
0 0.467187 0.356481 0.0302083 0.127778 0.471331
0 0.110417 0.376852 0.0479167 0.15 0.473527
0 0.148958 0.372222 0.0291667 0.140741 0.474748
0 0.514583 0.361111 0.0270833 0.137037 0.475132
0 0.514583 0.361111 0.0270833 0.137037 0.48212
0 0.111458 0.372222 0.0479167 0.155556 0.486953
0 0.148958 0.371296 0.0291667 0.142593 0.497194
0 0.111458 0.372222 0.0479167 0.155556 0.505658
0 0.291146 0.352778 0.034375 0.112963 0.507505
0 0.648958 0.365741 0.0416667 0.201852 0.507519
0 0.110417 0.373148 0.0479167 0.153704 0.510292
0 0.513542 0.363889 0.03125 0.135185 0.514141
0 0.466667 0.355556 0.0291667 0.125926 0.514433
0 0.291146 0.353704 0.034375 0.111111 0.519454
0 0.110417 0.373148 0.0479167 0.153704 0.534609
0 0.111458 0.372222 0.0479167 0.155556 0.548007
0 0.15 0.371296 0.0291667 0.138889 0.548894
0 0.648958 0.364815 0.0395833 0.203704 0.55112
0 0.291146 0.353704 0.034375 0.111111 0.555449
0 0.648438 0.364815 0.040625 0.203704 0.559456
0 0.110417 0.374074 0.0479167 0.155556 0.562136
0 0.148958 0.373148 0.0270833 0.131481 0.564961
0 0.148958 0.374074 0.0270833 0.133333 0.566416
0 0.514063 0.360185 0.028125 0.131481 0.570565
0 0.151042 0.372222 0.025 0.133333 0.572023
0 0.151042 0.372222 0.025 0.133333 0.572137
0 0.150521 0.371296 0.028125 0.138889 0.575353
0 0.513021 0.365741 0.0302083 0.135185 0.575985
0 0.513542 0.364815 0.03125 0.133333 0.576702
0 0.649479 0.365741 0.040625 0.212963 0.577452
0 0.514063 0.360185 0.028125 0.131481 0.578434
0 0.648958 0.366667 0.04375 0.203704 0.587926
0 0.648438 0.367593 0.040625 0.201852 0.592259
0 0.15 0.372222 0.0291667 0.140741 0.595238
0 0.513021 0.361111 0.028125 0.140741 0.597483
0 0.649479 0.366667 0.0427083 0.203704 0.604984
0 0.513021 0.360185 0.028125 0.138889 0.606919
0 0.650521 0.367593 0.0427083 0.201852 0.610345
0 0.649479 0.368519 0.0385417 0.2 0.611616
0 0.65 0.367593 0.0416667 0.201852 0.61282
0 0.648438 0.367593 0.040625 0.201852 0.615332
0 0.466146 0.359259 0.028125 0.140741 0.615932
0 0.346354 0.335185 0.021875 0.0888889 0.616926
0 0.649479 0.367593 0.0385417 0.198148 0.618052
0 0.65 0.367593 0.0416667 0.201852 0.620027
0 0.291667 0.352778 0.0333333 0.116667 0.620416
0 0.291146 0.353704 0.034375 0.114815 0.621327
0 0.466667 0.359259 0.0291667 0.140741 0.621604
0 0.648438 0.367593 0.040625 0.201852 0.62347
0 0.466667 0.357407 0.0291667 0.12963 0.625682
0 0.345833 0.337963 0.0208333 0.0833333 0.62722
0 0.291667 0.355556 0.0333333 0.111111 0.628635
0 0.291667 0.355556 0.0333333 0.111111 0.632989
0 0.514063 0.363889 0.0302083 0.135185 0.635971
0 0.291146 0.353704 0.034375 0.114815 0.645505
0 0.291667 0.356481 0.0333333 0.112963 0.646357
0 0.291667 0.355556 0.0333333 0.111111 0.649109
0 0.291146 0.352778 0.0322917 0.112963 0.650371
0 0.345833 0.337037 0.0208333 0.0814815 0.65522
0 0.291146 0.353704 0.0322917 0.111111 0.65983
0 0.291667 0.355556 0.0333333 0.111111 0.659834
0 0.345833 0.337963 0.0208333 0.0796296 0.660871
0 0.513542 0.363889 0.0291667 0.138889 0.667475
0 0.291667 0.35463 0.0333333 0.112963 0.670151
0 0.291146 0.353704 0.0322917 0.111111 0.686385
0 0.465625 0.358333 0.0291667 0.131481 0.687046
0 0.345833 0.337037 0.0208333 0.0851852 0.706268
0 0.514063 0.363889 0.028125 0.135185 0.71396
0 0.346354 0.337963 0.0197917 0.0833333 0.714831
0 0.466667 0.357407 0.0291667 0.133333 0.723797
0 0.466146 0.357407 0.028125 0.133333 0.731087
0 0.346354 0.337963 0.0197917 0.0833333 0.740479
0 0.346354 0.337963 0.0197917 0.0833333 0.741422
0 0.467187 0.360185 0.0302083 0.138889 0.761947
0 0.466667 0.360185 0.0291667 0.138889 0.768056
0 0.466667 0.361111 0.0291667 0.140741 0.779676
0 0.219792 0.423148 0.09375 0.364815 0.788777
0 0.220313 0.422222 0.0927083 0.362963 0.788934
0 0.220313 0.422222 0.0927083 0.362963 0.79365
0 0.466667 0.361111 0.0291667 0.140741 0.794282
0 0.467187 0.360185 0.0302083 0.138889 0.7974
0 0.466667 0.360185 0.0291667 0.142593 0.802645
0 0.221354 0.42037 0.0927083 0.366667 0.830774
0 0.220833 0.421296 0.09375 0.361111 0.836514
0 0.220833 0.422222 0.09375 0.359259 0.838191
0 0.221354 0.421296 0.0927083 0.368519 0.846601
0 0.466146 0.358333 0.0302083 0.131481 0.848194
0 0.466146 0.358333 0.0302083 0.131481 0.848965
0 0.221354 0.42037 0.0927083 0.366667 0.855608
0 0.221875 0.42037 0.09375 0.359259 0.902686
0 0.220833 0.421296 0.09375 0.361111 0.903126
0 0.220833 0.42037 0.09375 0.359259 0.905246
0 0.220833 0.421296 0.09375 0.357407 0.907437
0 0.221354 0.42037 0.0927083 0.359259 0.908176
0 0.220833 0.421296 0.09375 0.361111 0.912951
0 0.220833 0.421296 0.09375 0.361111 0.913006
