0 0.04375 0.475926 0.0375 0.174074 0.251269
0 0.279687 0.435185 0.0177083 0.0888889 0.251285
28 0.463542 0.628704 0.116667 0.0907407 0.251384
0 0.644271 0.434259 0.0197917 0.0611111 0.25166
0 0.644792 0.434259 0.01875 0.0611111 0.25444
28 0.833854 0.698148 0.0385417 0.140741 0.255219
0 0.266667 0.447222 0.0333333 0.0981481 0.255655
0 0.645312 0.435185 0.0177083 0.062963 0.258946
0 0.978646 0.762963 0.0427083 0.114815 0.260266
0 0.975521 0.447222 0.0489583 0.316667 0.261557
13 0.392188 0.583333 0.159375 0.0851852 0.261944
13 0.389583 0.589815 0.15 0.0907407 0.26243
0 0.979167 0.762963 0.0416667 0.114815 0.26402
0 0.644792 0.434259 0.01875 0.0611111 0.264197
0 0.979167 0.761111 0.0416667 0.122222 0.266139
0 0.644792 0.453704 0.01875 0.103704 0.266175
0 0.975 0.451852 0.05 0.314815 0.267667
0 0.974479 0.451852 0.0510417 0.314815 0.268623
0 0.439063 0.442593 0.0239583 0.107407 0.269091
0 0.258854 0.440741 0.0197917 0.107407 0.269227
0 0.440104 0.447222 0.0197917 0.101852 0.272414
0 0.975521 0.448148 0.0489583 0.322222 0.272701
28 0.465625 0.628704 0.1125 0.087037 0.274432
0 0.971354 0.450926 0.0552083 0.309259 0.274489
0 0.0432292 0.475926 0.0385417 0.174074 0.275008
13 0.390104 0.588889 0.153125 0.0925926 0.275176
0 0.279687 0.436111 0.0177083 0.087037 0.276498
0 0.971875 0.451852 0.0541667 0.311111 0.278663
0 0.974479 0.451852 0.0510417 0.314815 0.279495
0 0.975521 0.449074 0.0489583 0.316667 0.284298
13 0.388021 0.584259 0.148958 0.0833333 0.285009
0 0.971875 0.451852 0.0541667 0.311111 0.287327
13 0.3875 0.584259 0.15 0.0833333 0.287537
13 0.463542 0.628704 0.116667 0.087037 0.288846
0 0.259896 0.45463 0.0197917 0.112963 0.2916
26 0.833854 0.698148 0.0385417 0.140741 0.292245
28 0.833854 0.697222 0.0364583 0.138889 0.293584
0 0.439063 0.442593 0.0239583 0.107407 0.297633
0 0.402083 0.444444 0.025 0.111111 0.298223
0 0.440104 0.447222 0.0197917 0.105556 0.298604
0 0.278646 0.441667 0.0197917 0.087037 0.302578
0 0.278646 0.442593 0.0177083 0.0851852 0.30467
0 0.402604 0.441667 0.0197917 0.105556 0.305377
0 0.973958 0.450926 0.0520833 0.312963 0.3119
0 0.439063 0.444444 0.0239583 0.114815 0.312749
0 0.259896 0.45463 0.0197917 0.112963 0.312924
0 0.440104 0.447222 0.0197917 0.105556 0.313518
13 0.4625 0.623148 0.1125 0.0907407 0.314449
0 0.973437 0.447222 0.0510417 0.316667 0.314518
28 0.466146 0.62963 0.111458 0.0851852 0.314996
0 0.261458 0.448148 0.025 0.107407 0.3153
0 0.973958 0.448148 0.0520833 0.318519 0.317098
26 0.833854 0.698148 0.0385417 0.140741 0.317282
28 0.833854 0.697222 0.0364583 0.135185 0.317451
0 0.0604167 0.472222 0.03125 0.133333 0.317954
0 0.259896 0.45463 0.0197917 0.112963 0.319362
13 0.386979 0.583333 0.151042 0.0851852 0.321342
0 0.974479 0.448148 0.0510417 0.314815 0.321682
13 0.388542 0.588889 0.154167 0.0925926 0.324213
0 0.402083 0.444444 0.025 0.111111 0.325295
0 0.278646 0.441667 0.0177083 0.087037 0.32583
28 0.466146 0.62963 0.111458 0.0851852 0.328498
0 0.402604 0.441667 0.0197917 0.109259 0.331988
0 0.0354167 0.478704 0.0333333 0.190741 0.335302
28 0.466146 0.62963 0.111458 0.0851852 0.337699
0 0.402604 0.441667 0.0197917 0.109259 0.341497
0 0.0354167 0.47963 0.0333333 0.192593 0.342408
28 0.466667 0.62963 0.1125 0.0851852 0.346586
26 0.834375 0.698148 0.0375 0.133333 0.353617
0 0.644792 0.443519 0.01875 0.0796296 0.354554
0 0.0427083 0.481481 0.04375 0.174074 0.385894
0 0.259375 0.450926 0.0208333 0.105556 0.388122
0 0.259896 0.447222 0.021875 0.112963 0.39851
0 0.0130208 0.497222 0.0260417 0.190741 0.407834
0 0.260417 0.447222 0.0208333 0.112963 0.409043
0 0.259896 0.447222 0.021875 0.112963 0.411942
0 0.0130208 0.498148 0.0260417 0.188889 0.415121
0 0.372396 0.446296 0.021875 0.1 0.429453
0 0.0427083 0.482407 0.04375 0.175926 0.433594
0 0.0380208 0.486111 0.0322917 0.187037 0.442743
0 0.372917 0.446296 0.0229167 0.1 0.454218
0 0.0427083 0.481481 0.04375 0.174074 0.456871
0 0.372396 0.446296 0.021875 0.1 0.461322
0 0.371875 0.448148 0.0208333 0.107407 0.468899
0 0.0140625 0.494444 0.028125 0.192593 0.469093
0 0.0598958 0.47037 0.0302083 0.151852 0.470009
0 0.0140625 0.494444 0.028125 0.192593 0.470757
0 0.0375 0.486111 0.03125 0.183333 0.474917
0 0.372396 0.448148 0.021875 0.107407 0.481929
0 0.0401042 0.47963 0.034375 0.181481 0.483472
0 0.440104 0.440741 0.021875 0.1 0.485915
0 0.0598958 0.47037 0.0322917 0.151852 0.490952
0 0.399479 0.44537 0.0260417 0.109259 0.49431
0 0.439583 0.440741 0.0208333 0.103704 0.496756
0 0.0380208 0.487037 0.0302083 0.185185 0.497763
0 0.0401042 0.47963 0.034375 0.181481 0.506
0 0.440104 0.440741 0.021875 0.103704 0.510958
0 0.374479 0.448148 0.0197917 0.111111 0.525194
0 0.374479 0.448148 0.0197917 0.111111 0.539698
0 0.0375 0.487037 0.0333333 0.188889 0.543943
0 0.478646 0.471296 0.034375 0.153704 0.544941
0 0.374479 0.449074 0.0197917 0.109259 0.548293
0 0.791146 0.599074 0.0885417 0.535185 0.555494
0 0.791146 0.599074 0.0885417 0.538889 0.5608
0 0.479167 0.471296 0.0333333 0.153704 0.571083
0 0.0604167 0.47037 0.03125 0.148148 0.576597
0 0.0375 0.487037 0.0333333 0.188889 0.577108
0 0.0145833 0.494444 0.0291667 0.188889 0.597096
0 0.0583333 0.474074 0.0333333 0.151852 0.60679
0 0.0583333 0.475 0.0333333 0.153704 0.61234
0 0.0140625 0.493519 0.028125 0.194444 0.612376
0 0.0140625 0.493519 0.028125 0.194444 0.618526
0 0.0604167 0.474074 0.0291667 0.159259 0.625866
0 0.0583333 0.475 0.0333333 0.153704 0.628372
0 0.0604167 0.473148 0.0291667 0.157407 0.628837
0 0.0151042 0.49537 0.0302083 0.187037 0.637788
0 0.0151042 0.488889 0.0302083 0.188889 0.643704
0 0.0604167 0.472222 0.03125 0.144444 0.648429
0 0.0604167 0.472222 0.03125 0.144444 0.650115
0 0.0151042 0.488889 0.0302083 0.188889 0.666485
0 0.480208 0.471296 0.0354167 0.153704 0.693345
0 0.790104 0.598148 0.0864583 0.52963 0.696765
0 0.791146 0.598148 0.0864583 0.548148 0.699343
0 0.0151042 0.494444 0.0302083 0.188889 0.707696
0 0.0598958 0.474074 0.0302083 0.162963 0.710982
0 0.0598958 0.474074 0.0302083 0.159259 0.712707
0 0.480208 0.472222 0.0354167 0.155556 0.713132
0 0.402083 0.444444 0.0229167 0.111111 0.719566
0 0.0145833 0.496296 0.0291667 0.192593 0.724454
0 0.439063 0.44537 0.0197917 0.112963 0.732939
0 0.480208 0.471296 0.0354167 0.153704 0.739602
0 0.480208 0.474074 0.0333333 0.155556 0.758586
0 0.403125 0.44537 0.0208333 0.112963 0.758727
0 0.439583 0.442593 0.0208333 0.1 0.759624
0 0.480208 0.473148 0.0333333 0.153704 0.759986
0 0.0145833 0.496296 0.0291667 0.196296 0.762551
0 0.790104 0.598148 0.0864583 0.540741 0.763583
0 0.790625 0.59537 0.0875 0.55 0.773171
0 0.791667 0.598148 0.0875 0.548148 0.775419
0 0.403125 0.446296 0.0208333 0.114815 0.775805
0 0.440104 0.442593 0.021875 0.103704 0.777667
0 0.0145833 0.497222 0.0291667 0.194444 0.780519
0 0.403125 0.44537 0.0208333 0.112963 0.781941
0 0.440104 0.442593 0.021875 0.103704 0.784956
0 0.439063 0.442593 0.021875 0.107407 0.790433
0 0.402083 0.444444 0.0208333 0.111111 0.799487
0 0.479688 0.471296 0.034375 0.146296 0.801366
0 0.402083 0.44537 0.0208333 0.112963 0.801982
0 0.439063 0.441667 0.021875 0.105556 0.803924
0 0.480208 0.472222 0.0354167 0.151852 0.805852
0 0.439583 0.443519 0.0208333 0.101852 0.807095
0 0.479688 0.471296 0.034375 0.15 0.808941
0 0.402083 0.444444 0.0229167 0.111111 0.810632
0 0.439583 0.443519 0.0208333 0.105556 0.816173
0 0.439583 0.443519 0.0208333 0.105556 0.817056
0 0.480208 0.472222 0.0354167 0.151852 0.817251
0 0.402083 0.444444 0.0208333 0.111111 0.820204
0 0.480208 0.472222 0.0354167 0.151852 0.832096
0 0.791667 0.597222 0.0875 0.553704 0.841617
0 0.480208 0.473148 0.0333333 0.15 0.847818
0 0.790104 0.599074 0.090625 0.55 0.851399
0 0.480208 0.472222 0.0333333 0.151852 0.858772
0 0.790104 0.597222 0.090625 0.557407 0.861963
0 0.790625 0.596296 0.0875 0.551852 0.862834
0 0.480208 0.472222 0.0333333 0.148148 0.865999
0 0.791667 0.597222 0.0875 0.55 0.873513
