0 0.454688 0.396296 0.0322917 0.125926 0.250347
0 0.927083 0.632407 0.13125 0.616667 0.250766
0 0.0880208 0.391667 0.0197917 0.0944444 0.250857
0 0.452083 0.396296 0.025 0.122222 0.253197
0 0.532292 0.37963 0.01875 0.0814815 0.253589
13 0.311458 0.477778 0.164583 0.155556 0.253873
0 0.291146 0.362963 0.0239583 0.0666667 0.254807
13 0.207813 0.807407 0.201042 0.32963 0.255891
13 0.207292 0.807407 0.2 0.325926 0.256189
0 0.291146 0.362037 0.0239583 0.0685185 0.257748
0 0.291146 0.362037 0.0239583 0.0648148 0.259038
0 0.291667 0.364815 0.025 0.0666667 0.260084
0 0.434375 0.394444 0.0541667 0.125926 0.261054
13 0.207292 0.807407 0.2 0.32963 0.261255
0 0.623438 0.430556 0.046875 0.242593 0.265025
0 0.419271 0.393519 0.028125 0.131481 0.265615
0 0.175521 0.394444 0.0239583 0.118519 0.265954
24 0.946875 0.546296 0.0916667 0.259259 0.266524
0 0.314583 0.397222 0.0270833 0.15 0.267318
0 0.291146 0.362037 0.0239583 0.0648148 0.27102
0 0.291667 0.364815 0.025 0.0666667 0.271093
0 0.173958 0.393519 0.025 0.12037 0.272247
0 0.447917 0.391667 0.0229167 0.124074 0.276862
0 0.434375 0.393519 0.05625 0.124074 0.277627
0 0.0916667 0.384259 0.01875 0.105556 0.282813
0 0.447917 0.391667 0.0229167 0.124074 0.283078
13 0.31875 0.49537 0.16875 0.164815 0.285092
0 0.305208 0.388889 0.0416667 0.140741 0.287853
0 0.7875 0.627778 0.110417 0.6 0.289699
13 0.325 0.488889 0.1625 0.133333 0.292064
26 0.820312 0.55 0.046875 0.151852 0.298192
0 0.304167 0.387037 0.0416667 0.137037 0.298252
0 0.420312 0.393519 0.0260417 0.131481 0.301091
13 0.320312 0.49537 0.163542 0.168519 0.303268
26 0.820312 0.55 0.046875 0.148148 0.303323
26 0.820312 0.550926 0.046875 0.146296 0.303969
26 0.822396 0.562963 0.0447917 0.12963 0.305607
0 0.305208 0.390741 0.0416667 0.148148 0.307107
13 0.325 0.486111 0.164583 0.124074 0.31175
0 0.0895833 0.384259 0.01875 0.105556 0.314244
0 0.0890625 0.384259 0.0197917 0.105556 0.314807
26 0.822396 0.562963 0.0447917 0.12963 0.317253
26 0.822396 0.562037 0.0447917 0.127778 0.318814
13 0.325521 0.487037 0.161458 0.125926 0.320055
0 0.928125 0.599074 0.135417 0.583333 0.325249
0 0.451562 0.39537 0.021875 0.124074 0.329611
0 0.503646 0.416667 0.028125 0.137037 0.331178
0 0.0890625 0.383333 0.0197917 0.103704 0.332182
24 0.942708 0.572222 0.104167 0.307407 0.332289
24 0.953646 0.566667 0.084375 0.237037 0.340448
0 0.451562 0.39537 0.021875 0.124074 0.340686
24 0.941667 0.57037 0.108333 0.296296 0.340969
0 0.622917 0.430556 0.0479167 0.235185 0.342721
24 0.953646 0.566667 0.084375 0.237037 0.343363
24 0.953646 0.565741 0.084375 0.238889 0.348333
0 0.419792 0.393519 0.0270833 0.127778 0.35061
0 0.173958 0.393519 0.025 0.116667 0.354103
13 0.31875 0.489815 0.160417 0.146296 0.356862
0 0.455208 0.396296 0.03125 0.125926 0.359005
13 0.31875 0.491667 0.158333 0.153704 0.360345
13 0.206771 0.815741 0.207292 0.335185 0.361526
0 0.420312 0.394444 0.0239583 0.12963 0.364853
13 0.206771 0.814815 0.207292 0.337037 0.365261
13 0.31875 0.489815 0.158333 0.146296 0.366476
0 0.783333 0.625926 0.104167 0.596296 0.370366
26 0.821354 0.561111 0.0427083 0.133333 0.370407
0 0.504687 0.413889 0.028125 0.146296 0.371987
0 0.504167 0.412037 0.0270833 0.131481 0.373076
26 0.821354 0.560185 0.0427083 0.131481 0.377422
0 0.090625 0.388889 0.01875 0.0925926 0.384051
0 0.48125 0.385185 0.01875 0.103704 0.38495
0 0.090625 0.387037 0.01875 0.0962963 0.38621
0 0.0916667 0.387037 0.01875 0.1 0.388906
0 0.307292 0.391667 0.0354167 0.15 0.389022
0 0.420312 0.393519 0.0260417 0.131481 0.391372
0 0.090625 0.388889 0.01875 0.0925926 0.393776
0 0.783333 0.630556 0.104167 0.601852 0.39564
26 0.821875 0.560185 0.04375 0.131481 0.401114
0 0.622917 0.42963 0.0479167 0.233333 0.405707
0 0.923958 0.627778 0.125 0.625926 0.40797
0 0.503646 0.414815 0.0260417 0.144444 0.408513
0 0.503125 0.414815 0.0270833 0.144444 0.409133
0 0.090625 0.388889 0.01875 0.0925926 0.40944
0 0.420833 0.39537 0.0229167 0.135185 0.413894
0 0.307292 0.392593 0.0375 0.148148 0.414419
0 0.623438 0.42963 0.0489583 0.233333 0.416592
13 0.319792 0.490741 0.16875 0.148148 0.423651
0 0.175 0.394444 0.025 0.114815 0.425283
0 0.782292 0.640741 0.10625 0.611111 0.427816
0 0.420833 0.39537 0.0229167 0.135185 0.429157
0 0.482812 0.391667 0.0239583 0.112963 0.429223
0 0.504687 0.415741 0.028125 0.146296 0.433647
0 0.311979 0.398148 0.0302083 0.148148 0.435387
13 0.320312 0.494444 0.161458 0.155556 0.439639
0 0.505208 0.413889 0.0291667 0.146296 0.443162
0 0.927604 0.603704 0.138542 0.6 0.447885
0 0.173958 0.393519 0.0270833 0.112963 0.449626
13 0.207292 0.815741 0.2 0.338889 0.455623
13 0.207813 0.815741 0.201042 0.338889 0.46049
0 0.782292 0.640741 0.10625 0.614815 0.46091
0 0.311979 0.398148 0.0302083 0.148148 0.466281
0 0.504167 0.415741 0.0291667 0.142593 0.466499
0 0.452083 0.396296 0.0229167 0.125926 0.468092
13 0.207813 0.816667 0.201042 0.337037 0.470808
0 0.502604 0.415741 0.0302083 0.142593 0.472798
0 0.530208 0.388889 0.01875 0.0925926 0.480035
0 0.173958 0.389815 0.025 0.109259 0.495038
0 0.173438 0.393519 0.0239583 0.116667 0.499515
0 0.504687 0.415741 0.028125 0.142593 0.500278
0 0.311979 0.397222 0.028125 0.146296 0.501937
24 0.95 0.559259 0.0916667 0.244444 0.502425
0 0.0911458 0.387037 0.0197917 0.0962963 0.505469
0 0.923437 0.626852 0.123958 0.624074 0.508209
0 0.173958 0.390741 0.025 0.111111 0.509041
24 0.953125 0.561111 0.0875 0.240741 0.51196
0 0.0911458 0.387037 0.0197917 0.1 0.51795
0 0.529688 0.382407 0.0197917 0.0907407 0.519669
24 0.95 0.560185 0.0916667 0.25 0.520446
0 0.0911458 0.387037 0.0197917 0.1 0.522525
24 0.952604 0.562037 0.0864583 0.242593 0.524984
0 0.530208 0.383333 0.0208333 0.0925926 0.527474
0 0.174479 0.393519 0.0239583 0.112963 0.529341
24 0.950521 0.559259 0.090625 0.248148 0.531045
0 0.173958 0.389815 0.025 0.109259 0.532116
0 0.530208 0.387963 0.01875 0.0944444 0.534185
0 0.530208 0.387963 0.01875 0.0907407 0.540466
0 0.45 0.39537 0.0208333 0.127778 0.54517
0 0.176042 0.391667 0.025 0.109259 0.547501
0 0.173958 0.393519 0.025 0.112963 0.55556
0 0.310937 0.39537 0.0322917 0.146296 0.559638
0 0.310937 0.39537 0.0322917 0.146296 0.561698
0 0.176042 0.392593 0.025 0.111111 0.565359
0 0.530208 0.383333 0.0208333 0.0925926 0.570312
0 0.916146 0.62963 0.111458 0.588889 0.571301
0 0.176042 0.392593 0.025 0.111111 0.573529
0 0.91875 0.62963 0.116667 0.62963 0.577389
0 0.530729 0.383333 0.0197917 0.0925926 0.579549
0 0.621875 0.427778 0.0458333 0.237037 0.580136
0 0.91875 0.62963 0.114583 0.625926 0.580975
0 0.916667 0.62963 0.110417 0.596296 0.584027
0 0.450521 0.39537 0.021875 0.127778 0.584623
0 0.420312 0.392593 0.021875 0.125926 0.588095
0 0.482292 0.386111 0.01875 0.109259 0.589762
0 0.419271 0.393519 0.0239583 0.127778 0.589914
0 0.45 0.39537 0.0208333 0.127778 0.592711
0 0.3125 0.396296 0.0270833 0.148148 0.595698
0 0.3125 0.396296 0.0270833 0.148148 0.597901
0 0.451042 0.39537 0.0229167 0.124074 0.601417
0 0.310937 0.39537 0.0322917 0.146296 0.601989
0 0.481771 0.387963 0.0177083 0.109259 0.602897
0 0.419792 0.391667 0.0229167 0.131481 0.604322
0 0.451042 0.396296 0.0229167 0.122222 0.606396
0 0.530208 0.384259 0.0208333 0.0944444 0.606757
0 0.482292 0.387037 0.01875 0.111111 0.612957
0 0.451042 0.396296 0.0229167 0.122222 0.61431
0 0.420312 0.393519 0.021875 0.127778 0.616666
0 0.482292 0.387037 0.01875 0.111111 0.617741
0 0.420312 0.392593 0.021875 0.12963 0.618071
0 0.482292 0.385185 0.01875 0.111111 0.621435
0 0.420312 0.393519 0.0239583 0.131481 0.623088
0 0.504167 0.412963 0.0270833 0.144444 0.62545
0 0.482292 0.386111 0.01875 0.109259 0.627015
0 0.621875 0.428704 0.0458333 0.246296 0.631796
0 0.504167 0.412037 0.0270833 0.142593 0.636106
0 0.311979 0.396296 0.028125 0.151852 0.639543
0 0.311979 0.396296 0.028125 0.151852 0.642481
0 0.920313 0.618519 0.119792 0.625926 0.653142
0 0.622396 0.427778 0.0447917 0.233333 0.658772
13 0.205729 0.813889 0.203125 0.338889 0.668695
0 0.785417 0.640741 0.108333 0.633333 0.669649
0 0.785937 0.638889 0.109375 0.622222 0.674568
0 0.785417 0.640741 0.108333 0.633333 0.675539
13 0.20625 0.813889 0.204167 0.338889 0.676835
0 0.420312 0.392593 0.0239583 0.133333 0.685148
0 0.622396 0.428704 0.0447917 0.231481 0.687994
0 0.420312 0.391667 0.0239583 0.135185 0.689374
0 0.622396 0.427778 0.0447917 0.233333 0.689912
0 0.919792 0.621296 0.120833 0.609259 0.693273
0 0.504167 0.415741 0.0291667 0.142593 0.698518
0 0.623438 0.42963 0.0427083 0.233333 0.708337
0 0.503646 0.417593 0.028125 0.142593 0.711849
0 0.503646 0.416667 0.028125 0.140741 0.71355
13 0.206771 0.813889 0.203125 0.335185 0.715601
13 0.207813 0.813889 0.198958 0.335185 0.71689
13 0.207292 0.813889 0.2 0.335185 0.722274
13 0.207292 0.813889 0.2 0.335185 0.726571
13 0.206771 0.813889 0.203125 0.335185 0.730545
0 0.175 0.393519 0.025 0.116667 0.730732
13 0.207292 0.813889 0.2 0.335185 0.733112
13 0.207292 0.813889 0.2 0.335185 0.73336
0 0.175 0.392593 0.025 0.114815 0.736184
0 0.623958 0.42963 0.04375 0.240741 0.738504
13 0.207292 0.813889 0.2 0.335185 0.739983
0 0.504167 0.415741 0.0291667 0.142593 0.74107
0 0.504167 0.415741 0.0291667 0.142593 0.746774
0 0.175 0.392593 0.0229167 0.114815 0.749588
0 0.175 0.392593 0.025 0.114815 0.753686
0 0.175 0.393519 0.0229167 0.116667 0.764825
0 0.174479 0.393519 0.0239583 0.112963 0.769577
0 0.622917 0.428704 0.0458333 0.235185 0.771628
0 0.173958 0.393519 0.025 0.112963 0.77819
0 0.175 0.392593 0.0229167 0.114815 0.78974
0 0.785937 0.637037 0.109375 0.622222 0.793908
0 0.784896 0.632407 0.109375 0.590741 0.817205
0 0.623438 0.427778 0.0447917 0.233333 0.828127
0 0.622917 0.42963 0.0458333 0.240741 0.831981
0 0.784896 0.634259 0.109375 0.594444 0.832074
0 0.623438 0.428704 0.0447917 0.235185 0.839497
0 0.782812 0.630556 0.107292 0.627778 0.846557
0 0.623438 0.427778 0.0447917 0.233333 0.847685
0 0.782812 0.633333 0.107292 0.618519 0.85005
0 0.623438 0.428704 0.0447917 0.235185 0.859895
0 0.785937 0.642593 0.107292 0.622222 0.862063
0 0.623438 0.428704 0.0447917 0.235185 0.864243
0 0.623438 0.428704 0.0447917 0.235185 0.865893
0 0.785937 0.641667 0.107292 0.624074 0.872745
