13 0.303125 0.466667 0.1 0.151852 0.250518
0 0.508854 0.359259 0.0239583 0.0888889 0.25219
13 0.300521 0.439815 0.0760417 0.0944444 0.25498
0 0.458333 0.392593 0.0270833 0.133333 0.25514
13 0.328125 0.474074 0.133333 0.144444 0.255511
0 0.233854 0.381481 0.0239583 0.114815 0.257696
0 0.545833 0.408333 0.04375 0.142593 0.257755
0 0.343229 0.400926 0.028125 0.142593 0.25974
13 0.298438 0.447222 0.078125 0.105556 0.261055
0 0.548958 0.408333 0.0395833 0.146296 0.261162
13 0.301042 0.440741 0.0770833 0.0962963 0.261745
13 0.305208 0.461111 0.0916667 0.140741 0.261786
13 0.298438 0.447222 0.078125 0.105556 0.26548
0 0.714583 0.405556 0.05 0.222222 0.268226
13 0.318229 0.474074 0.121875 0.166667 0.270632
0 0.234896 0.381481 0.0260417 0.118519 0.271825
0 0.715625 0.399074 0.05 0.209259 0.272049
24 0.932813 0.585185 0.123958 0.362963 0.273097
0 0.341667 0.399074 0.025 0.142593 0.274671
0 0.715104 0.399074 0.0489583 0.209259 0.284567
0 0.713021 0.415741 0.046875 0.25 0.286791
0 0.715625 0.399074 0.05 0.209259 0.287013
0 0.342187 0.399074 0.0239583 0.142593 0.287617
24 0.930208 0.581481 0.129167 0.333333 0.296389
24 0.957292 0.576852 0.0770833 0.268519 0.298942
13 0.313542 0.469444 0.114583 0.161111 0.298966
24 0.957292 0.577778 0.0770833 0.266667 0.302005
13 0.298438 0.464815 0.090625 0.144444 0.302435
0 0.342708 0.400926 0.0270833 0.142593 0.304064
24 0.957292 0.576852 0.0770833 0.268519 0.307105
13 0.304688 0.45463 0.0864583 0.124074 0.308366
13 0.304167 0.455556 0.0875 0.125926 0.308396
13 0.297917 0.464815 0.0895833 0.144444 0.308684
0 0.34375 0.407407 0.0291667 0.133333 0.311085
13 0.297917 0.464815 0.0895833 0.144444 0.312243
0 0.259896 0.376852 0.0197917 0.109259 0.319877
0 0.259896 0.37963 0.0197917 0.114815 0.323783
0 0.758333 0.624074 0.120833 0.662963 0.32627
0 0.924479 0.612037 0.146875 0.609259 0.338659
0 0.492188 0.392593 0.028125 0.125926 0.339241
0 0.464063 0.384259 0.0260417 0.142593 0.339462
0 0.259896 0.380556 0.0197917 0.116667 0.339681
0 0.461979 0.393519 0.0239583 0.138889 0.339747
24 0.949479 0.566667 0.0927083 0.277778 0.339913
0 0.344271 0.407407 0.028125 0.133333 0.341943
0 0.489062 0.393519 0.028125 0.131481 0.344215
0 0.921354 0.636111 0.134375 0.664815 0.344296
0 0.920833 0.641667 0.129167 0.687037 0.348877
13 0.318229 0.472222 0.119792 0.151852 0.349535
0 0.4625 0.389815 0.0291667 0.142593 0.350419
0 0.490104 0.39537 0.028125 0.131481 0.350709
0 0.714063 0.418519 0.046875 0.248148 0.351729
0 0.544271 0.412963 0.034375 0.148148 0.351887
0 0.544271 0.412963 0.034375 0.148148 0.354462
24 0.949479 0.567593 0.0927083 0.283333 0.355072
0 0.459896 0.391667 0.0260417 0.131481 0.355844
0 0.490625 0.390741 0.025 0.118519 0.356672
0 0.492188 0.391667 0.028125 0.127778 0.357643
0 0.259896 0.37963 0.0197917 0.114815 0.357779
24 0.949479 0.565741 0.0927083 0.27963 0.361932
0 0.4625 0.390741 0.0229167 0.133333 0.362314
0 0.544271 0.412037 0.034375 0.15 0.366036
0 0.768229 0.615741 0.128125 0.627778 0.371045
0 0.489062 0.393519 0.028125 0.131481 0.372837
24 0.955208 0.57037 0.0833333 0.281481 0.379085
0 0.492188 0.392593 0.028125 0.125926 0.384049
0 0.714583 0.440741 0.05 0.303704 0.384154
0 0.343229 0.4 0.0260417 0.140741 0.385581
0 0.714583 0.439815 0.05 0.309259 0.387257
0 0.460938 0.387963 0.0260417 0.142593 0.387283
0 0.460938 0.387963 0.0260417 0.142593 0.393861
0 0.490104 0.391667 0.0260417 0.12037 0.396922
24 0.955729 0.571296 0.0822917 0.283333 0.398442
0 0.490104 0.391667 0.0260417 0.12037 0.399354
0 0.489583 0.39537 0.0270833 0.131481 0.40265
0 0.714583 0.439815 0.05 0.305556 0.403269
0 0.540104 0.406481 0.0364583 0.157407 0.403901
0 0.4625 0.388889 0.0270833 0.144444 0.411542
0 0.920313 0.635185 0.134375 0.659259 0.411908
0 0.344271 0.402778 0.028125 0.135185 0.418517
0 0.917188 0.633333 0.126042 0.651852 0.420805
0 0.540625 0.406481 0.0354167 0.153704 0.421317
13 0.308333 0.465741 0.102083 0.15 0.422754
13 0.307813 0.465741 0.101042 0.15 0.424707
0 0.489583 0.393519 0.0270833 0.131481 0.427105
0 0.920833 0.641667 0.129167 0.67963 0.429804
13 0.308333 0.465741 0.102083 0.15 0.43219
0 0.459896 0.391667 0.0260417 0.135185 0.437018
0 0.488542 0.394444 0.025 0.125926 0.438891
0 0.459896 0.391667 0.0260417 0.135185 0.449916
13 0.301042 0.462037 0.0958333 0.142593 0.45014
0 0.713542 0.441667 0.0479167 0.301852 0.452134
0 0.585417 0.380556 0.0208333 0.0833333 0.453143
0 0.584896 0.387963 0.021875 0.0907407 0.454277
0 0.342708 0.402778 0.025 0.127778 0.459215
0 0.585417 0.378704 0.0208333 0.0796296 0.460436
0 0.768229 0.625 0.132292 0.642593 0.461913
0 0.4625 0.391667 0.0229167 0.138889 0.46976
13 0.311979 0.464815 0.111458 0.148148 0.472667
0 0.344271 0.401852 0.028125 0.133333 0.478581
0 0.488542 0.394444 0.025 0.12963 0.485143
0 0.711979 0.442593 0.0510417 0.3 0.486073
0 0.713021 0.440741 0.046875 0.307407 0.487641
0 0.919792 0.619444 0.13125 0.646296 0.489861
0 0.488542 0.394444 0.025 0.12963 0.490855
0 0.585417 0.37963 0.0208333 0.0777778 0.491168
0 0.768229 0.617593 0.130208 0.642593 0.492744
0 0.4625 0.391667 0.0229167 0.138889 0.493348
0 0.233854 0.380556 0.021875 0.116667 0.493378
0 0.344271 0.409259 0.0260417 0.122222 0.493485
0 0.464583 0.389815 0.025 0.142593 0.494816
0 0.463021 0.389815 0.0260417 0.142593 0.498004
0 0.584896 0.387037 0.021875 0.0888889 0.498961
0 0.585417 0.37963 0.0208333 0.0777778 0.500963
0 0.464583 0.388889 0.025 0.144444 0.501068
0 0.584375 0.387037 0.0208333 0.0888889 0.507928
0 0.585417 0.381481 0.0208333 0.0851852 0.508441
0 0.711979 0.442593 0.0510417 0.3 0.509573
0 0.233854 0.382407 0.021875 0.116667 0.510818
0 0.767187 0.624074 0.132292 0.640741 0.515855
0 0.344271 0.409259 0.0260417 0.125926 0.516033
0 0.344271 0.409259 0.0260417 0.125926 0.518591
0 0.490104 0.39537 0.0260417 0.131481 0.525211
0 0.233854 0.381481 0.021875 0.114815 0.52556
0 0.585417 0.382407 0.0208333 0.087037 0.52973
0 0.711979 0.441667 0.0510417 0.301852 0.532222
0 0.713542 0.439815 0.0520833 0.294444 0.541156
0 0.34375 0.406481 0.025 0.131481 0.541328
0 0.585417 0.381481 0.0208333 0.0851852 0.541965
0 0.343229 0.400926 0.0239583 0.135185 0.552703
0 0.34375 0.4 0.025 0.137037 0.554099
0 0.490104 0.392593 0.0239583 0.122222 0.559719
0 0.585417 0.382407 0.0208333 0.087037 0.564255
0 0.490104 0.392593 0.0239583 0.122222 0.564929
0 0.766146 0.624074 0.128125 0.648148 0.565901
0 0.918229 0.637037 0.128125 0.67037 0.566194
0 0.490104 0.392593 0.0239583 0.122222 0.566801
0 0.235417 0.37963 0.0229167 0.122222 0.575035
0 0.344271 0.402778 0.0260417 0.135185 0.580374
0 0.235417 0.380556 0.0229167 0.12037 0.584448
0 0.235417 0.380556 0.0229167 0.12037 0.584878
0 0.714063 0.438889 0.0510417 0.292593 0.597295
0 0.234375 0.380556 0.0208333 0.116667 0.60281
0 0.767708 0.625 0.13125 0.638889 0.605027
0 0.918229 0.636111 0.128125 0.668519 0.609597
0 0.714583 0.437037 0.0520833 0.292593 0.615745
0 0.234375 0.381481 0.0229167 0.114815 0.627562
0 0.234375 0.382407 0.0229167 0.112963 0.629981
0 0.543229 0.410185 0.0364583 0.15 0.643359
0 0.233854 0.382407 0.021875 0.112963 0.654539
0 0.233333 0.382407 0.0229167 0.112963 0.658996
0 0.917188 0.630556 0.128125 0.65 0.666874
0 0.233854 0.381481 0.021875 0.114815 0.673424
0 0.543229 0.410185 0.0364583 0.15 0.677514
0 0.919271 0.626852 0.134375 0.638889 0.681501
0 0.542708 0.411111 0.0375 0.151852 0.691511
0 0.542708 0.410185 0.0375 0.153704 0.696942
0 0.543229 0.410185 0.0364583 0.15 0.70355
0 0.713542 0.441667 0.05 0.298148 0.721728
0 0.543229 0.410185 0.0322917 0.15 0.722688
0 0.714063 0.440741 0.0510417 0.296296 0.725543
0 0.713542 0.440741 0.05 0.296296 0.726533
0 0.766667 0.626852 0.133333 0.653704 0.735624
0 0.543229 0.409259 0.0322917 0.148148 0.736276
0 0.543229 0.410185 0.0364583 0.15 0.74715
0 0.543229 0.410185 0.0364583 0.15 0.758424
0 0.543229 0.410185 0.0364583 0.15 0.76992
0 0.764063 0.632407 0.128125 0.642593 0.782862
0 0.763542 0.631481 0.129167 0.644444 0.785406
0 0.766667 0.631481 0.13125 0.648148 0.794887
0 0.766146 0.630556 0.130208 0.646296 0.828044
0 0.765625 0.627778 0.129167 0.662963 0.878917
