0 0.567708 0.428704 0.0166667 0.0722222 0.252559
0 0.302083 0.477778 0.025 0.159259 0.256507
0 0.407813 0.430556 0.0135417 0.0648148 0.264793
0 0.301562 0.477778 0.0260417 0.162963 0.267524
2 0.0765625 0.515741 0.153125 0.387037 0.268089
0 0.407292 0.430556 0.0125 0.0648148 0.273736
2 0.0770833 0.514815 0.152083 0.385185 0.27391
0 0.342187 0.482407 0.0572917 0.172222 0.274205
2 0.0739583 0.515741 0.147917 0.390741 0.279274
2 0.0739583 0.514815 0.147917 0.388889 0.280886
0 0.407292 0.42963 0.0125 0.062963 0.282407
0 0.407813 0.430556 0.0135417 0.0648148 0.282638
0 0.349479 0.478704 0.0322917 0.172222 0.287993
0 0.492708 0.427778 0.025 0.107407 0.290925
0 0.569792 0.431481 0.0145833 0.0740741 0.301887
0 0.35 0.47963 0.03125 0.17037 0.303064
0 0.56875 0.430556 0.0145833 0.0722222 0.306331
0 0.492708 0.428704 0.025 0.109259 0.310709
0 0.492708 0.428704 0.025 0.109259 0.319201
0 0.491146 0.431481 0.028125 0.114815 0.323889
0 0.491146 0.433333 0.0239583 0.118519 0.326316
0 0.569792 0.430556 0.0145833 0.0759259 0.327771
0 0.569792 0.430556 0.0145833 0.0722222 0.331139
0 0.491146 0.433333 0.0239583 0.118519 0.335506
0 0.602083 0.442593 0.01875 0.0851852 0.336693
0 0.602083 0.442593 0.01875 0.0851852 0.34226
0 0.258854 0.484259 0.0760417 0.157407 0.342645
0 0.494271 0.431481 0.0239583 0.118519 0.345015
0 0.491146 0.433333 0.0239583 0.118519 0.349005
0 0.569792 0.42963 0.0145833 0.0740741 0.352108
0 0.344792 0.483333 0.0520833 0.174074 0.357539
0 0.622396 0.442593 0.0302083 0.0962963 0.357777
0 0.359375 0.485185 0.0375 0.174074 0.359821
0 0.603125 0.443519 0.01875 0.087037 0.360329
0 0.603125 0.444444 0.01875 0.0888889 0.381339
0 0.257812 0.485185 0.0739583 0.155556 0.383371
0 0.345313 0.482407 0.053125 0.175926 0.385975
0 0.359375 0.485185 0.0375 0.174074 0.387299
0 0.603125 0.443519 0.01875 0.087037 0.390548
0 0.323958 0.476852 0.0270833 0.161111 0.392086
0 0.324479 0.476852 0.0260417 0.161111 0.393198
0 0.602083 0.442593 0.01875 0.0851852 0.399294
0 0.257812 0.486111 0.0739583 0.157407 0.403084
0 0.353646 0.480556 0.034375 0.17963 0.421747
0 0.353646 0.481481 0.034375 0.177778 0.439981
0 0.723437 0.475926 0.034375 0.207407 0.449232
0 0.326042 0.480556 0.03125 0.172222 0.451064
0 0.279167 0.484259 0.0229167 0.157407 0.452098
0 0.723958 0.476852 0.0354167 0.205556 0.452393
0 0.319792 0.476852 0.0375 0.161111 0.455209
2 0.0755208 0.497222 0.148958 0.390741 0.461681
0 0.279167 0.484259 0.0229167 0.157407 0.461843
0 0.326042 0.480556 0.03125 0.172222 0.462685
0 0.723437 0.478704 0.0364583 0.212963 0.467614
0 0.627604 0.439815 0.0197917 0.0944444 0.469595
0 0.723437 0.47963 0.0364583 0.211111 0.469837
0 0.320833 0.476852 0.0354167 0.161111 0.471102
0 0.299479 0.47963 0.028125 0.166667 0.472392
2 0.075 0.498148 0.15 0.388889 0.475034
0 0.299479 0.478704 0.028125 0.168519 0.480351
2 0.0755208 0.498148 0.151042 0.392593 0.48103
0 0.761979 0.477778 0.0364583 0.17037 0.484647
2 0.0760417 0.508333 0.152083 0.401852 0.493429
0 0.295833 0.481481 0.03125 0.162963 0.495304
0 0.627604 0.439815 0.0197917 0.0944444 0.498518
0 0.723437 0.482407 0.0364583 0.212963 0.500286
0 0.761979 0.478704 0.0364583 0.172222 0.50151
0 0.627604 0.439815 0.0197917 0.0944444 0.503694
0 0.626562 0.441667 0.021875 0.0944444 0.507746
0 0.626562 0.441667 0.021875 0.0944444 0.5095
0 0.295833 0.481481 0.03125 0.162963 0.513285
2 0.0760417 0.498148 0.15 0.381481 0.518536
0 0.320833 0.476852 0.0354167 0.161111 0.518825
0 0.626562 0.442593 0.021875 0.0962963 0.521419
0 0.28125 0.482407 0.0291667 0.157407 0.524608
0 0.282813 0.481481 0.0322917 0.159259 0.5347
0 0.282813 0.481481 0.0322917 0.159259 0.537846
0 0.723437 0.483333 0.0364583 0.214815 0.538345
2 0.0755208 0.512037 0.151042 0.394444 0.547473
0 0.723437 0.483333 0.0364583 0.214815 0.547939
2 0.0760417 0.498148 0.15 0.381481 0.557518
2 0.0755208 0.508333 0.151042 0.398148 0.558762
2 0.0760417 0.498148 0.15 0.385185 0.559313
0 0.627604 0.441667 0.0197917 0.0981481 0.559412
0 0.28125 0.482407 0.0291667 0.157407 0.562659
2 0.0760417 0.508333 0.152083 0.401852 0.573448
0 0.279687 0.483333 0.028125 0.162963 0.573902
0 0.354688 0.482407 0.040625 0.17963 0.575756
0 0.280208 0.483333 0.0270833 0.162963 0.587576
0 0.322917 0.477778 0.0270833 0.162963 0.588796
0 0.322917 0.477778 0.0270833 0.162963 0.592365
0 0.627604 0.438889 0.0197917 0.0962963 0.596074
0 0.323438 0.478704 0.028125 0.161111 0.601829
0 0.282292 0.481481 0.03125 0.159259 0.608974
0 0.323438 0.478704 0.028125 0.164815 0.615435
0 0.763542 0.47963 0.0354167 0.166667 0.616289
0 0.627604 0.439815 0.0197917 0.0981481 0.616355
0 0.627604 0.439815 0.0197917 0.0981481 0.619819
0 0.354167 0.482407 0.0395833 0.17963 0.621628
0 0.724479 0.478704 0.0364583 0.209259 0.621809
2 0.075 0.513889 0.15 0.398148 0.622671
2 0.075 0.512963 0.15 0.396296 0.625474
0 0.239063 0.483333 0.034375 0.166667 0.626651
0 0.239063 0.484259 0.034375 0.168519 0.62965
0 0.627083 0.442593 0.0208333 0.0962963 0.630922
2 0.075 0.512963 0.15 0.396296 0.632341
0 0.764063 0.47963 0.0364583 0.166667 0.633529
0 0.763542 0.480556 0.0354167 0.168519 0.634696
0 0.351562 0.484259 0.0364583 0.172222 0.637489
0 0.764063 0.478704 0.034375 0.164815 0.638351
0 0.764063 0.47963 0.034375 0.166667 0.638456
0 0.281771 0.482407 0.028125 0.157407 0.639703
2 0.0755208 0.512963 0.151042 0.392593 0.642895
2 0.075 0.511111 0.15 0.385185 0.646692
2 0.075 0.511111 0.15 0.388889 0.648544
0 0.724479 0.478704 0.0364583 0.209259 0.649051
0 0.351562 0.484259 0.034375 0.175926 0.655573
2 0.075 0.511111 0.15 0.388889 0.655852
2 0.0755208 0.512963 0.151042 0.392593 0.663736
0 0.724479 0.485185 0.0364583 0.211111 0.67032
0 0.354167 0.482407 0.0395833 0.17963 0.670821
0 0.723958 0.478704 0.0375 0.212963 0.672457
0 0.724479 0.484259 0.034375 0.212963 0.676347
0 0.355729 0.484259 0.040625 0.175926 0.67891
0 0.355729 0.484259 0.040625 0.175926 0.680552
0 0.355729 0.484259 0.040625 0.175926 0.684824
0 0.763021 0.481481 0.0364583 0.162963 0.689705
0 0.763021 0.481481 0.0364583 0.162963 0.698673
0 0.763021 0.481481 0.0364583 0.162963 0.702179
0 0.354167 0.484259 0.0395833 0.175926 0.717158
0 0.280208 0.485185 0.025 0.159259 0.730856
0 0.354167 0.484259 0.0395833 0.17963 0.731035
0 0.280208 0.484259 0.025 0.161111 0.734411
0 0.723437 0.483333 0.0364583 0.218519 0.758162
0 0.723958 0.480556 0.0375 0.216667 0.769858
0 0.763021 0.482407 0.0364583 0.172222 0.771452
0 0.723437 0.484259 0.0364583 0.22037 0.778395
0 0.763021 0.482407 0.0364583 0.175926 0.781101
0 0.723958 0.480556 0.0375 0.216667 0.794805
0 0.763542 0.47963 0.0354167 0.166667 0.805144
0 0.763542 0.482407 0.0354167 0.164815 0.805818
0 0.723958 0.480556 0.0375 0.216667 0.805832
0 0.239063 0.483333 0.034375 0.159259 0.807692
0 0.239063 0.483333 0.034375 0.159259 0.809828
0 0.239063 0.484259 0.034375 0.157407 0.810403
0 0.763021 0.482407 0.034375 0.168519 0.810534
0 0.239063 0.483333 0.034375 0.162963 0.815865
0 0.763542 0.480556 0.0354167 0.168519 0.823398
0 0.238542 0.485185 0.0354167 0.162963 0.830341
0 0.239063 0.483333 0.034375 0.162963 0.834358
0 0.763542 0.47963 0.0354167 0.166667 0.834707
0 0.238542 0.485185 0.0354167 0.166667 0.838156
0 0.239063 0.483333 0.034375 0.162963 0.851095
0 0.238542 0.484259 0.0354167 0.168519 0.889838
0 0.238542 0.484259 0.0354167 0.164815 0.890191
