24 0.976562 0.498148 0.046875 0.240741 0.251123
0 0.127604 0.400926 0.0260417 0.124074 0.252255
24 0.979688 0.472222 0.040625 0.185185 0.255281
0 0.0265625 0.375 0.0177083 0.0648148 0.256232
0 0.453125 0.371296 0.0125 0.0759259 0.258169
0 0.242188 0.362037 0.0177083 0.0648148 0.259018
0 0.206771 0.387037 0.0114583 0.0925926 0.26325
0 0.21875 0.385185 0.0208333 0.107407 0.266167
0 0.381771 0.376852 0.028125 0.12037 0.268809
0 0.0265625 0.375 0.0177083 0.0648148 0.277422
0 0.38125 0.377778 0.0270833 0.122222 0.282309
0 0.128125 0.4 0.025 0.122222 0.282791
0 0.219271 0.386111 0.0197917 0.105556 0.287622
0 0.477083 0.383333 0.0291667 0.125926 0.294311
0 0.219271 0.386111 0.0197917 0.105556 0.295758
0 0.429167 0.374074 0.0291667 0.103704 0.298031
0 0.859896 0.557407 0.105208 0.551852 0.303048
0 0.241146 0.366667 0.015625 0.0592593 0.304367
0 0.128125 0.400926 0.025 0.124074 0.305078
0 0.428646 0.374074 0.028125 0.103704 0.317259
0 0.420312 0.37963 0.0239583 0.114815 0.318188
0 0.432813 0.37963 0.0364583 0.103704 0.322953
0 0.207813 0.388889 0.0135417 0.0962963 0.324277
0 0.95 0.569444 0.1 0.594444 0.32434
0 0.428646 0.374074 0.028125 0.103704 0.32543
0 0.241146 0.366667 0.015625 0.0592593 0.326547
0 0.381771 0.376852 0.028125 0.12037 0.327099
0 0.128125 0.400926 0.025 0.12037 0.336746
24 0.971354 0.494444 0.0572917 0.218519 0.340793
0 0.207813 0.387963 0.0135417 0.0981481 0.341905
0 0.95 0.57037 0.1 0.596296 0.35288
0 0.128125 0.399074 0.025 0.12037 0.359487
0 0.381771 0.375926 0.0260417 0.118519 0.366356
0 0.477083 0.383333 0.0270833 0.137037 0.368204
0 0.559375 0.387963 0.0333333 0.190741 0.372523
0 0.477604 0.383333 0.028125 0.137037 0.372808
0 0.38125 0.372222 0.025 0.118519 0.385855
0 0.559375 0.387037 0.0333333 0.192593 0.387146
0 0.38125 0.376852 0.025 0.12037 0.390345
0 0.38125 0.373148 0.025 0.116667 0.391209
0 0.0578125 0.397222 0.0197917 0.0981481 0.402552
0 0.38125 0.373148 0.025 0.116667 0.404942
0 0.379167 0.377778 0.0208333 0.111111 0.406745
24 0.975521 0.485185 0.0489583 0.22963 0.408436
0 0.444271 0.373148 0.0197917 0.087037 0.411764
0 0.0578125 0.397222 0.0197917 0.0981481 0.414883
0 0.379167 0.376852 0.0208333 0.112963 0.415792
0 0.288021 0.387963 0.0322917 0.157407 0.417921
0 0.0578125 0.396296 0.0197917 0.0962963 0.420783
0 0.444271 0.373148 0.0197917 0.0944444 0.425065
24 0.975 0.483333 0.05 0.22963 0.432704
24 0.975521 0.483333 0.0489583 0.22963 0.433933
0 0.288021 0.388889 0.0322917 0.155556 0.434933
0 0.444271 0.373148 0.0197917 0.0907407 0.43708
24 0.977083 0.484259 0.0458333 0.216667 0.438228
24 0.977083 0.484259 0.0458333 0.22037 0.441044
0 0.381771 0.377778 0.0260417 0.118519 0.441215
0 0.379167 0.377778 0.0208333 0.111111 0.444581
0 0.85625 0.573148 0.108333 0.605556 0.447848
0 0.450521 0.372222 0.015625 0.0851852 0.449762
24 0.977083 0.483333 0.0458333 0.214815 0.450455
0 0.422396 0.376852 0.021875 0.112963 0.453304
0 0.422917 0.376852 0.0229167 0.112963 0.455577
0 0.290104 0.391667 0.0322917 0.15 0.458154
0 0.289583 0.391667 0.0333333 0.15 0.459451
0 0.422396 0.377778 0.021875 0.111111 0.461057
0 0.290104 0.391667 0.0322917 0.15 0.464504
0 0.451042 0.372222 0.0166667 0.0851852 0.468533
0 0.0578125 0.394444 0.0197917 0.107407 0.472116
0 0.855729 0.574074 0.107292 0.6 0.477386
0 0.451042 0.373148 0.0166667 0.0833333 0.478215
0 0.384896 0.376852 0.0260417 0.12037 0.489271
0 0.384375 0.377778 0.025 0.118519 0.489585
0 0.444792 0.374074 0.0208333 0.0925926 0.494357
0 0.949479 0.564815 0.101042 0.585185 0.49605
0 0.384375 0.377778 0.025 0.118519 0.497127
0 0.422396 0.37963 0.021875 0.114815 0.502418
0 0.0572917 0.393519 0.0229167 0.101852 0.512553
0 0.290104 0.392593 0.0302083 0.155556 0.527302
0 0.947917 0.569444 0.104167 0.590741 0.535406
0 0.477604 0.394444 0.028125 0.151852 0.536152
0 0.290104 0.392593 0.0302083 0.155556 0.537507
0 0.128125 0.398148 0.0229167 0.122222 0.539816
0 0.477604 0.394444 0.028125 0.151852 0.541238
0 0.128125 0.399074 0.0229167 0.12037 0.547126
0 0.38125 0.377778 0.025 0.122222 0.551422
0 0.128125 0.398148 0.0229167 0.118519 0.554684
0 0.445833 0.371296 0.0208333 0.0907407 0.558989
0 0.947917 0.569444 0.104167 0.594444 0.559719
0 0.445833 0.372222 0.0208333 0.0925926 0.568988
0 0.129167 0.398148 0.0208333 0.118519 0.569213
0 0.128125 0.401852 0.0229167 0.122222 0.570224
0 0.476562 0.393519 0.0322917 0.153704 0.574254
0 0.0583333 0.394444 0.0208333 0.1 0.575466
0 0.0588542 0.393519 0.0197917 0.0981481 0.579854
0 0.445833 0.371296 0.0208333 0.0907407 0.583171
0 0.128646 0.4 0.0197917 0.118519 0.587151
0 0.478125 0.393519 0.03125 0.153704 0.592973
0 0.478125 0.393519 0.03125 0.153704 0.594353
0 0.290104 0.391667 0.0322917 0.15 0.596038
0 0.128646 0.399074 0.0197917 0.116667 0.601439
0 0.478125 0.392593 0.03125 0.151852 0.603511
0 0.059375 0.394444 0.0208333 0.1 0.609454
0 0.059375 0.394444 0.0208333 0.1 0.612364
0 0.128125 0.4 0.0229167 0.122222 0.612936
0 0.290104 0.391667 0.0322917 0.15 0.614524
0 0.559896 0.387037 0.034375 0.188889 0.616141
0 0.857813 0.57963 0.107292 0.577778 0.620901
0 0.128125 0.400926 0.0229167 0.12037 0.623786
0 0.559896 0.385185 0.034375 0.181481 0.6238
0 0.290104 0.390741 0.0322917 0.148148 0.625383
0 0.559375 0.387963 0.0333333 0.190741 0.628249
0 0.381771 0.375926 0.0239583 0.118519 0.633297
0 0.559896 0.385185 0.034375 0.181481 0.637532
0 0.478646 0.392593 0.0302083 0.155556 0.643515
0 0.478125 0.391667 0.03125 0.157407 0.653726
0 0.559896 0.385185 0.034375 0.181481 0.657993
0 0.479167 0.392593 0.0291667 0.155556 0.659405
0 0.0588542 0.393519 0.0197917 0.105556 0.660362
0 0.478125 0.391667 0.03125 0.157407 0.664295
0 0.95 0.565741 0.1 0.583333 0.66646
0 0.381771 0.376852 0.0239583 0.116667 0.666574
0 0.0588542 0.392593 0.0197917 0.107407 0.668878
0 0.0588542 0.392593 0.0197917 0.107407 0.671363
0 0.289583 0.389815 0.03125 0.153704 0.673414
0 0.289062 0.389815 0.0322917 0.153704 0.676529
0 0.380729 0.375926 0.0239583 0.118519 0.699541
0 0.290104 0.388889 0.0322917 0.151852 0.700201
0 0.380729 0.375926 0.0239583 0.118519 0.703813
0 0.290104 0.388889 0.0322917 0.151852 0.704771
0 0.380729 0.375926 0.0239583 0.118519 0.705563
0 0.290104 0.391667 0.0322917 0.15 0.713803
0 0.477604 0.392593 0.0322917 0.151852 0.722266
0 0.290104 0.391667 0.0322917 0.15 0.725988
0 0.477604 0.392593 0.0322917 0.151852 0.730406
0 0.477604 0.391667 0.0302083 0.157407 0.732535
0 0.477604 0.391667 0.0302083 0.157407 0.738205
0 0.290104 0.390741 0.0322917 0.148148 0.745916
0 0.857813 0.577778 0.107292 0.577778 0.768495
0 0.477604 0.392593 0.0322917 0.151852 0.771709
0 0.95 0.558333 0.1 0.57963 0.78243
0 0.559896 0.385185 0.034375 0.192593 0.791451
0 0.858333 0.577778 0.10625 0.57037 0.794984
0 0.559896 0.385185 0.034375 0.192593 0.797496
0 0.559375 0.387037 0.0333333 0.181481 0.80785
0 0.559375 0.387963 0.0333333 0.183333 0.813423
0 0.559375 0.386111 0.0333333 0.183333 0.815174
0 0.949479 0.560185 0.101042 0.587037 0.81651
0 0.949479 0.57037 0.101042 0.581481 0.817036
0 0.857813 0.575926 0.107292 0.574074 0.819829
0 0.857813 0.575926 0.107292 0.574074 0.82385
0 0.85625 0.575926 0.104167 0.559259 0.824196
0 0.85625 0.576852 0.104167 0.561111 0.831322
0 0.559896 0.387963 0.034375 0.187037 0.833624
0 0.858333 0.577778 0.10625 0.574074 0.837135
0 0.559896 0.387963 0.034375 0.187037 0.842942
0 0.949479 0.560185 0.101042 0.587037 0.843776
0 0.559896 0.387963 0.034375 0.187037 0.849595
0 0.948958 0.561111 0.102083 0.585185 0.850151
0 0.559896 0.388889 0.034375 0.188889 0.853568
0 0.559896 0.387037 0.034375 0.188889 0.858167
0 0.949479 0.571296 0.101042 0.583333 0.88025
0 0.856771 0.575 0.109375 0.572222 0.887079
0 0.856771 0.575926 0.109375 0.577778 0.89472
