13 0.380729 0.458333 0.0947917 0.0759259 0.252727
0 0.513542 0.37037 0.0166667 0.0851852 0.257644
0 0.514063 0.371296 0.015625 0.087037 0.258594
0 0.379167 0.359259 0.01875 0.0814815 0.26047
0 0.268229 0.388889 0.0177083 0.0888889 0.260975
0 0.970833 0.571296 0.0583333 0.538889 0.261773
0 0.00885417 0.422222 0.0177083 0.0925926 0.261822
0 0.0557292 0.448148 0.0489583 0.203704 0.263514
0 0.973958 0.57963 0.0520833 0.555556 0.264561
0 0.423438 0.373148 0.021875 0.0981481 0.265065
0 0.973437 0.57963 0.053125 0.544444 0.265079
0 0.174479 0.407407 0.0239583 0.12963 0.268257
0 0.379687 0.360185 0.0197917 0.0796296 0.26829
0 0.513021 0.37037 0.015625 0.0814815 0.271732
0 0.422396 0.373148 0.021875 0.0981481 0.272395
0 0.175521 0.407407 0.0260417 0.12963 0.272906
0 0.174479 0.407407 0.0260417 0.125926 0.274255
0 0.264583 0.383333 0.0125 0.0814815 0.275231
0 0.009375 0.422222 0.01875 0.0962963 0.276632
0 0.376563 0.357407 0.0135417 0.0814815 0.276861
0 0.394271 0.35463 0.0197917 0.0907407 0.282292
0 0.00885417 0.425 0.0177083 0.0907407 0.282537
0 0.394792 0.355556 0.01875 0.0888889 0.282806
0 0.377083 0.357407 0.0125 0.0814815 0.283702
13 0.380208 0.460185 0.0958333 0.0759259 0.284255
0 0.977604 0.57963 0.0447917 0.562963 0.28676
0 0.009375 0.422222 0.01875 0.0962963 0.286808
0 0.422917 0.372222 0.0208333 0.0962963 0.286989
0 0.470313 0.387037 0.0260417 0.114815 0.288547
0 0.470313 0.388889 0.0260417 0.114815 0.290102
13 0.380208 0.460185 0.0958333 0.0759259 0.293928
0 0.513021 0.37037 0.015625 0.0814815 0.296566
36 0.977083 0.824074 0.0458333 0.0740741 0.300249
13 0.378125 0.45463 0.0979167 0.087037 0.300945
13 0.428125 0.594444 0.175 0.111111 0.301507
0 0.977604 0.578704 0.0447917 0.572222 0.302761
13 0.380729 0.452778 0.090625 0.0833333 0.303671
0 0.394792 0.35463 0.01875 0.0907407 0.306142
36 0.977083 0.825 0.0458333 0.0759259 0.30663
13 0.429688 0.594444 0.173958 0.107407 0.308546
0 0.174479 0.407407 0.0260417 0.12963 0.308608
13 0.380729 0.452778 0.090625 0.0833333 0.309051
0 0.513542 0.369444 0.0166667 0.0833333 0.309698
0 0.009375 0.424074 0.01875 0.0925926 0.312109
0 0.009375 0.424074 0.01875 0.0925926 0.313497
36 0.977604 0.825926 0.0447917 0.0777778 0.316744
36 0.978646 0.825926 0.0427083 0.0703704 0.316879
0 0.053125 0.443519 0.04375 0.209259 0.320732
36 0.978125 0.825926 0.04375 0.0703704 0.320826
0 0.527083 0.405556 0.0354167 0.159259 0.322272
0 0.174479 0.408333 0.0239583 0.135185 0.332068
0 0.053125 0.443519 0.0416667 0.209259 0.332253
0 0.533333 0.402778 0.03125 0.161111 0.334599
0 0.174479 0.406481 0.0260417 0.131481 0.339669
0 0.527083 0.406481 0.0354167 0.157407 0.342334
0 0.009375 0.424074 0.01875 0.0962963 0.343092
0 0.265625 0.387037 0.0145833 0.0888889 0.343948
0 0.174479 0.406481 0.0260417 0.131481 0.345528
0 0.174479 0.407407 0.0239583 0.133333 0.349388
0 0.059375 0.447222 0.05 0.212963 0.355921
36 0.978125 0.824074 0.04375 0.0703704 0.356337
36 0.977604 0.825 0.0447917 0.0685185 0.356588
36 0.978125 0.824074 0.04375 0.0703704 0.357151
0 0.533333 0.403704 0.03125 0.159259 0.361548
0 0.0598958 0.446296 0.0510417 0.211111 0.36184
0 0.265625 0.387963 0.0145833 0.0907407 0.369455
0 0.470313 0.386111 0.0260417 0.112963 0.380342
0 0.418229 0.371296 0.0239583 0.12037 0.380745
0 0.470313 0.387963 0.0260417 0.112963 0.383622
0 0.173958 0.407407 0.025 0.125926 0.398739
0 0.174479 0.406481 0.0260417 0.127778 0.400392
0 0.308854 0.369444 0.021875 0.0685185 0.400579
0 0.418229 0.372222 0.0239583 0.118519 0.403742
0 0.174479 0.406481 0.0260417 0.124074 0.406158
0 0.00989583 0.424074 0.0177083 0.1 0.409445
0 0.309375 0.369444 0.0208333 0.0685185 0.412387
0 0.308854 0.369444 0.021875 0.0685185 0.414152
0 0.308854 0.369444 0.0197917 0.0685185 0.416048
0 0.418229 0.372222 0.0239583 0.118519 0.420833
36 0.978125 0.825926 0.04375 0.0666667 0.424434
0 0.265625 0.387963 0.0145833 0.087037 0.425301
0 0.308854 0.369444 0.0197917 0.0685185 0.425944
0 0.265104 0.387037 0.0135417 0.0888889 0.43542
0 0.308854 0.369444 0.021875 0.0685185 0.436808
0 0.471875 0.385185 0.025 0.107407 0.43731
36 0.977604 0.826852 0.0447917 0.0648148 0.43738
36 0.978125 0.826852 0.04375 0.0685185 0.442567
0 0.417188 0.375926 0.0197917 0.114815 0.448637
0 0.416667 0.375 0.0208333 0.116667 0.452736
0 0.471354 0.384259 0.0239583 0.109259 0.456819
0 0.471875 0.384259 0.025 0.109259 0.458582
36 0.978125 0.827778 0.04375 0.0666667 0.461872
0 0.975521 0.573148 0.0489583 0.542593 0.472965
0 0.417188 0.375926 0.0197917 0.114815 0.474846
0 0.417188 0.371296 0.0239583 0.124074 0.482659
0 0.174479 0.405556 0.0260417 0.125926 0.484311
0 0.308854 0.369444 0.0197917 0.0685185 0.487209
0 0.309375 0.368519 0.0208333 0.0703704 0.490099
0 0.469792 0.386111 0.0229167 0.109259 0.496206
0 0.308854 0.369444 0.0197917 0.0685185 0.498235
0 0.308854 0.369444 0.0197917 0.0685185 0.499991
0 0.308854 0.369444 0.0197917 0.0685185 0.50889
0 0.0578125 0.444444 0.053125 0.211111 0.509016
0 0.575521 0.387037 0.0302083 0.151852 0.51065
0 0.529688 0.403704 0.034375 0.166667 0.511568
0 0.174479 0.405556 0.0260417 0.122222 0.515725
0 0.529688 0.403704 0.034375 0.166667 0.516378
0 0.575521 0.387037 0.0302083 0.151852 0.521713
0 0.975521 0.576852 0.0489583 0.553704 0.539261
0 0.527083 0.40463 0.0375 0.157407 0.555143
0 0.0567708 0.44537 0.0510417 0.209259 0.570236
0 0.0567708 0.443519 0.0510417 0.209259 0.572755
0 0.0541667 0.441667 0.0479167 0.216667 0.586893
0 0.575 0.392593 0.03125 0.151852 0.595112
0 0.470313 0.386111 0.0239583 0.112963 0.597748
0 0.470313 0.387037 0.0239583 0.114815 0.599846
0 0.470313 0.386111 0.0239583 0.109259 0.602354
0 0.575521 0.392593 0.0302083 0.155556 0.603118
0 0.470313 0.388889 0.0239583 0.114815 0.609984
0 0.417708 0.378704 0.0208333 0.116667 0.613892
0 0.470833 0.386111 0.0229167 0.112963 0.614442
0 0.0557292 0.443519 0.0489583 0.212963 0.61749
0 0.0541667 0.441667 0.0479167 0.216667 0.617696
0 0.470313 0.386111 0.0239583 0.112963 0.617817
0 0.174479 0.403704 0.0239583 0.125926 0.621808
0 0.470313 0.386111 0.0239583 0.112963 0.622489
0 0.470833 0.387037 0.0229167 0.111111 0.627798
0 0.530208 0.40463 0.0354167 0.157407 0.628158
0 0.174479 0.406481 0.0260417 0.127778 0.630964
0 0.417708 0.374074 0.0208333 0.122222 0.632045
0 0.530729 0.40463 0.034375 0.157407 0.63337
0 0.173958 0.408333 0.0229167 0.124074 0.637498
0 0.05625 0.447222 0.05 0.205556 0.640213
0 0.0541667 0.441667 0.0479167 0.216667 0.644401
0 0.05625 0.448148 0.05 0.203704 0.655717
0 0.575521 0.389815 0.0302083 0.153704 0.666666
0 0.0557292 0.443519 0.0489583 0.212963 0.667589
0 0.174479 0.403704 0.0239583 0.125926 0.669441
0 0.575521 0.388889 0.0302083 0.155556 0.673168
0 0.174479 0.40463 0.0239583 0.124074 0.676689
0 0.05625 0.447222 0.05 0.205556 0.677449
0 0.418229 0.376852 0.0197917 0.112963 0.682196
0 0.41875 0.376852 0.0208333 0.112963 0.68275
0 0.41875 0.376852 0.0208333 0.112963 0.684655
0 0.530729 0.40463 0.0322917 0.157407 0.684861
0 0.174479 0.403704 0.0239583 0.122222 0.694911
0 0.530729 0.40463 0.0322917 0.157407 0.697502
0 0.0567708 0.446296 0.0489583 0.203704 0.714554
0 0.530208 0.40463 0.03125 0.157407 0.723369
0 0.0557292 0.443519 0.0489583 0.212963 0.724517
0 0.174479 0.406481 0.0239583 0.124074 0.727713
0 0.53125 0.40463 0.03125 0.161111 0.730315
0 0.575 0.392593 0.03125 0.155556 0.732145
0 0.575521 0.392593 0.0302083 0.159259 0.733651
0 0.0567708 0.447222 0.0489583 0.209259 0.733834
0 0.53125 0.40463 0.03125 0.161111 0.737564
0 0.575 0.389815 0.03125 0.153704 0.746346
0 0.575 0.389815 0.03125 0.157407 0.747013
0 0.174479 0.40463 0.0239583 0.124074 0.749067
0 0.174479 0.40463 0.0239583 0.124074 0.760074
0 0.575521 0.389815 0.0302083 0.153704 0.766182
0 0.977604 0.573148 0.0447917 0.561111 0.783875
0 0.977604 0.573148 0.0447917 0.561111 0.785005
0 0.530729 0.40463 0.034375 0.157407 0.787177
0 0.530729 0.40463 0.034375 0.157407 0.790641
0 0.977083 0.573148 0.0458333 0.564815 0.793519
0 0.977083 0.572222 0.04375 0.559259 0.798438
0 0.530729 0.40463 0.034375 0.157407 0.801946
0 0.575521 0.389815 0.0302083 0.157407 0.812081
0 0.575521 0.389815 0.0302083 0.157407 0.819925
0 0.575521 0.389815 0.0302083 0.157407 0.834976
