0 0.0427083 0.767593 0.0833333 0.357407 0.250117
0 0.535417 0.316667 0.0166667 0.0666667 0.250732
13 0.217187 0.481481 0.169792 0.181481 0.251412
0 0.0421875 0.767593 0.084375 0.357407 0.252505
0 0.153125 0.337963 0.05 0.146296 0.252586
0 0.710938 0.392593 0.0322917 0.288889 0.252903
0 0.471875 0.35 0.0270833 0.148148 0.253894
13 0.218229 0.483333 0.173958 0.181481 0.257507
0 0.5375 0.314815 0.0166667 0.062963 0.258443
0 0.04375 0.774074 0.0854167 0.37037 0.259227
0 0.744792 0.371296 0.0708333 0.305556 0.262596
13 0.218229 0.484259 0.173958 0.17963 0.262612
0 0.330729 0.306481 0.015625 0.0648148 0.263411
0 0.513021 0.338889 0.0260417 0.103704 0.265044
0 0.709375 0.383333 0.0375 0.296296 0.266903
0 0.535937 0.316667 0.0177083 0.062963 0.267272
0 0.513542 0.338889 0.025 0.103704 0.268243
0 0.535937 0.316667 0.015625 0.0666667 0.270067
0 0.536979 0.314815 0.0177083 0.062963 0.272458
0 0.432292 0.348148 0.025 0.151852 0.272514
0 0.370833 0.330556 0.025 0.105556 0.273055
0 0.432813 0.346296 0.028125 0.151852 0.275182
0 0.390625 0.308333 0.0145833 0.0722222 0.275262
13 0.216667 0.482407 0.170833 0.187037 0.27779
0 0.432813 0.348148 0.0260417 0.151852 0.281674
0 0.745313 0.377778 0.0697917 0.281481 0.282994
0 0.611979 0.341667 0.028125 0.131481 0.283896
0 0.472917 0.35 0.0270833 0.137037 0.285499
0 0.7375 0.392593 0.075 0.333333 0.286064
0 0.7375 0.391667 0.075 0.331481 0.28699
24 0.763542 0.344444 0.0354167 0.114815 0.2884
13 0.216667 0.481481 0.170833 0.185185 0.289223
0 0.471875 0.35 0.0270833 0.137037 0.289607
0 0.7375 0.392593 0.075 0.32963 0.290427
0 0.432813 0.347222 0.028125 0.15 0.292182
0 0.535937 0.315741 0.015625 0.0648148 0.292842
0 0.370833 0.330556 0.025 0.105556 0.294077
0 0.510938 0.337963 0.0239583 0.105556 0.296185
0 0.151562 0.336111 0.0510417 0.161111 0.298221
0 0.151042 0.336111 0.05 0.157407 0.303018
0 0.390104 0.308333 0.015625 0.0722222 0.306173
0 0.432813 0.346296 0.028125 0.151852 0.307707
0 0.149479 0.339815 0.053125 0.153704 0.30789
24 0.763542 0.344444 0.0354167 0.111111 0.315331
24 0.763021 0.347222 0.0364583 0.0981481 0.323922
0 0.709896 0.387037 0.0385417 0.311111 0.32422
0 0.148438 0.339815 0.0552083 0.157407 0.325212
0 0.611979 0.341667 0.028125 0.131481 0.325814
0 0.611458 0.341667 0.0291667 0.127778 0.326998
24 0.763021 0.346296 0.0364583 0.1 0.332263
24 0.764063 0.344444 0.0364583 0.111111 0.333725
0 0.471354 0.349074 0.0260417 0.138889 0.336643
24 0.763021 0.346296 0.0364583 0.1 0.341204
0 0.506771 0.342593 0.021875 0.0925926 0.344579
0 0.508333 0.342593 0.0270833 0.0962963 0.347086
0 0.710938 0.387037 0.0322917 0.307407 0.347593
0 0.709896 0.387037 0.0385417 0.307407 0.349348
0 0.149479 0.339815 0.053125 0.153704 0.356948
0 0.709896 0.386111 0.0385417 0.301852 0.357145
0 0.146875 0.341667 0.0583333 0.161111 0.359619
0 0.472396 0.35 0.0260417 0.144444 0.365805
0 0.149479 0.339815 0.0552083 0.157407 0.380016
0 0.148438 0.338889 0.0552083 0.166667 0.381111
24 0.761979 0.342593 0.0364583 0.103704 0.38197
0 0.507292 0.341667 0.0208333 0.0944444 0.387078
0 0.148438 0.338889 0.0552083 0.166667 0.387662
24 0.7625 0.340741 0.0354167 0.107407 0.389319
24 0.761979 0.338889 0.0385417 0.114815 0.389924
24 0.761979 0.341667 0.0364583 0.109259 0.391081
0 0.609375 0.340741 0.0270833 0.12963 0.392044
0 0.471875 0.347222 0.0229167 0.124074 0.39597
0 0.715104 0.387963 0.0385417 0.309259 0.397438
0 0.0432292 0.646296 0.084375 0.581481 0.402992
0 0.506771 0.342593 0.021875 0.0925926 0.407829
0 0.472917 0.351852 0.0229167 0.122222 0.408554
0 0.506771 0.341667 0.021875 0.0944444 0.408915
0 0.0432292 0.647222 0.084375 0.590741 0.410648
24 0.761979 0.338889 0.0385417 0.111111 0.414184
0 0.711979 0.388889 0.034375 0.311111 0.415056
0 0.432292 0.342593 0.0270833 0.137037 0.420562
0 0.432292 0.341667 0.0291667 0.146296 0.420929
0 0.507292 0.341667 0.0208333 0.0981481 0.426541
0 0.507292 0.341667 0.0208333 0.0981481 0.428065
0 0.149479 0.341667 0.0572917 0.157407 0.429514
0 0.432813 0.341667 0.028125 0.146296 0.431373
0 0.0421875 0.703704 0.084375 0.5 0.431543
0 0.472917 0.35 0.025 0.133333 0.4332
0 0.0421875 0.633333 0.084375 0.603704 0.434487
0 0.472917 0.351852 0.0229167 0.125926 0.435113
0 0.471875 0.35 0.025 0.137037 0.436029
0 0.472917 0.351852 0.0229167 0.125926 0.438534
0 0.611979 0.339815 0.0302083 0.127778 0.438911
0 0.149479 0.339815 0.053125 0.153704 0.439723
0 0.0421875 0.711111 0.084375 0.492593 0.439745
0 0.0421875 0.633333 0.0822917 0.6 0.447187
0 0.714063 0.386111 0.0427083 0.324074 0.448561
0 0.149479 0.338889 0.0552083 0.155556 0.45478
0 0.432292 0.340741 0.0291667 0.144444 0.454873
0 0.433333 0.342593 0.0270833 0.148148 0.455318
0 0.433333 0.341667 0.0270833 0.15 0.458489
0 0.147917 0.341667 0.05625 0.157407 0.462054
0 0.609375 0.339815 0.0270833 0.131481 0.462076
24 0.761979 0.338889 0.0385417 0.111111 0.464923
0 0.609896 0.339815 0.0260417 0.131481 0.467005
0 0.471875 0.347222 0.0229167 0.131481 0.47657
0 0.715104 0.386111 0.046875 0.32037 0.490234
0 0.471875 0.348148 0.0229167 0.12963 0.491627
24 0.7625 0.341667 0.0375 0.105556 0.512912
0 0.0411458 0.638889 0.0822917 0.625926 0.517992
24 0.761979 0.340741 0.0385417 0.114815 0.518989
24 0.7625 0.340741 0.0375 0.107407 0.525612
0 0.610417 0.339815 0.0291667 0.131481 0.527631
0 0.715625 0.385185 0.0479167 0.318519 0.530705
24 0.7625 0.340741 0.0375 0.107407 0.532409
0 0.610417 0.339815 0.03125 0.131481 0.536492
0 0.370313 0.328704 0.021875 0.101852 0.537974
24 0.761979 0.339815 0.0385417 0.109259 0.543816
0 0.611979 0.339815 0.0302083 0.131481 0.546188
0 0.610937 0.339815 0.0302083 0.131481 0.546734
0 0.471875 0.352778 0.0229167 0.131481 0.549406
0 0.0411458 0.638889 0.0822917 0.625926 0.549634
24 0.761979 0.338889 0.0385417 0.111111 0.571112
0 0.371354 0.332407 0.0239583 0.0981481 0.577002
0 0.369792 0.328704 0.0208333 0.105556 0.578633
0 0.610417 0.340741 0.0291667 0.12963 0.581547
0 0.370313 0.32963 0.021875 0.107407 0.581729
24 0.7625 0.340741 0.0375 0.111111 0.590048
0 0.609896 0.340741 0.028125 0.12963 0.596956
24 0.7625 0.339815 0.0375 0.112963 0.600103
24 0.7625 0.340741 0.0375 0.114815 0.606173
0 0.0421875 0.640741 0.084375 0.625926 0.611901
0 0.371354 0.331481 0.021875 0.1 0.612742
0 0.610937 0.340741 0.0302083 0.125926 0.613743
0 0.0416667 0.639815 0.0833333 0.627778 0.614645
0 0.370833 0.331481 0.0229167 0.1 0.619378
0 0.610937 0.340741 0.0302083 0.12963 0.630457
0 0.610937 0.340741 0.0302083 0.125926 0.636586
0 0.610937 0.340741 0.0302083 0.12963 0.641342
0 0.609896 0.339815 0.028125 0.131481 0.656449
0 0.610937 0.340741 0.0302083 0.125926 0.657224
0 0.371354 0.330556 0.0239583 0.105556 0.660818
0 0.736458 0.388889 0.0791667 0.325926 0.667778
0 0.7375 0.387963 0.0791667 0.327778 0.668598
0 0.471875 0.353704 0.0229167 0.133333 0.669132
0 0.609896 0.339815 0.028125 0.131481 0.670094
0 0.7375 0.388889 0.0770833 0.333333 0.670446
0 0.738542 0.387963 0.075 0.331481 0.671027
0 0.471875 0.352778 0.0229167 0.135185 0.673039
0 0.471875 0.35 0.0229167 0.144444 0.675708
0 0.7375 0.389815 0.0791667 0.331481 0.678371
0 0.610937 0.340741 0.0302083 0.12963 0.683138
0 0.472396 0.350926 0.0239583 0.135185 0.711977
0 0.432292 0.343519 0.0291667 0.15 0.713351
0 0.432292 0.343519 0.0291667 0.15 0.719642
0 0.734896 0.387037 0.0739583 0.337037 0.720328
0 0.371354 0.32963 0.021875 0.103704 0.730595
0 0.432292 0.343519 0.0291667 0.15 0.730756
0 0.432813 0.34537 0.028125 0.15 0.737165
0 0.734375 0.387037 0.0729167 0.333333 0.740702
0 0.735937 0.388889 0.0760417 0.32963 0.754944
0 0.734375 0.386111 0.0729167 0.335185 0.755219
0 0.370833 0.32963 0.0229167 0.103704 0.759293
0 0.432813 0.34537 0.028125 0.15 0.767748
0 0.432813 0.344444 0.028125 0.148148 0.768145
0 0.370833 0.331481 0.0229167 0.1 0.78116
0 0.370833 0.330556 0.0229167 0.101852 0.7956
0 0.370833 0.330556 0.0229167 0.101852 0.802997
0 0.432292 0.342593 0.0270833 0.144444 0.810048
0 0.432813 0.342593 0.028125 0.144444 0.818362
0 0.432292 0.341667 0.0270833 0.15 0.825685
0 0.432292 0.341667 0.0270833 0.146296 0.839642
