0 0.0625 0.32037 0.0229167 0.125926 0.25402
0 0.225 0.29537 0.0375 0.131481 0.254482
29 0.980208 0.494444 0.0333333 0.0962963 0.255146
0 0.650521 0.299074 0.0197917 0.0944444 0.255926
0 0.100521 0.356481 0.0677083 0.227778 0.25785
0 0.225 0.29537 0.0375 0.131481 0.25976
0 0.635417 0.317593 0.0458333 0.127778 0.265459
0 0.0942708 0.359259 0.0572917 0.222222 0.266686
0 0.1 0.35463 0.0666667 0.227778 0.270008
0 0.651042 0.3 0.0208333 0.0962963 0.270452
0 0.504687 0.319444 0.0260417 0.135185 0.271028
0 0.297917 0.297222 0.0229167 0.0722222 0.271447
0 0.226562 0.293519 0.0385417 0.124074 0.277015
0 0.0942708 0.359259 0.0572917 0.222222 0.280239
0 0.651042 0.3 0.0208333 0.0962963 0.281768
0 0.634896 0.32037 0.0447917 0.12963 0.283079
0 0.929688 0.561111 0.128125 0.714815 0.283186
0 0.226562 0.293519 0.0385417 0.124074 0.284169
0 0.625521 0.324074 0.028125 0.140741 0.28498
0 0.226562 0.293519 0.0385417 0.124074 0.285155
0 0.575521 0.312963 0.028125 0.144444 0.288791
29 0.979167 0.492593 0.0333333 0.1 0.295219
0 0.308854 0.296296 0.0322917 0.0740741 0.296819
0 0.625521 0.324074 0.028125 0.140741 0.300313
0 0.09375 0.359259 0.05625 0.222222 0.303464
0 0.325521 0.29537 0.0260417 0.0722222 0.309572
29 0.979688 0.497222 0.034375 0.087037 0.309624
29 0.980208 0.497222 0.0333333 0.087037 0.309772
0 0.323438 0.299074 0.021875 0.0685185 0.3101
0 0.325521 0.29537 0.0260417 0.0722222 0.310775
0 0.103646 0.360185 0.053125 0.224074 0.314993
0 0.0661458 0.322222 0.028125 0.122222 0.316205
29 0.979167 0.493519 0.0333333 0.101852 0.321305
0 0.325521 0.29537 0.0260417 0.0722222 0.322768
0 0.635938 0.317593 0.0447917 0.124074 0.328927
0 0.323438 0.298148 0.021875 0.0703704 0.330719
0 0.503646 0.319444 0.0239583 0.135185 0.33321
0 0.223438 0.292593 0.0385417 0.12963 0.334032
0 0.103125 0.359259 0.0541667 0.225926 0.335219
0 0.223438 0.293519 0.0385417 0.127778 0.336252
0 0.323438 0.298148 0.021875 0.0703704 0.336461
0 0.00677083 0.301852 0.0135417 0.0777778 0.341481
0 0.0635417 0.325926 0.0291667 0.137037 0.341637
0 0.625 0.324074 0.0291667 0.137037 0.341972
0 0.0635417 0.325926 0.0291667 0.137037 0.343029
0 0.223958 0.293519 0.0395833 0.127778 0.343056
0 0.625 0.324074 0.0291667 0.137037 0.355058
0 0.575 0.313889 0.0270833 0.142593 0.355667
29 0.979167 0.497222 0.0333333 0.0907407 0.35945
0 0.0645833 0.328704 0.0291667 0.138889 0.360285
0 0.0661458 0.324074 0.028125 0.133333 0.363687
0 0.322917 0.297222 0.025 0.0685185 0.365674
0 0.0661458 0.325 0.028125 0.131481 0.365775
0 0.109375 0.355556 0.04375 0.22963 0.366419
0 0.625 0.324074 0.0291667 0.137037 0.367408
0 0.00677083 0.301852 0.0135417 0.0777778 0.367535
0 0.504167 0.319444 0.025 0.135185 0.371051
29 0.979167 0.497222 0.0333333 0.0944444 0.373545
0 0.0645833 0.328704 0.0291667 0.138889 0.374214
0 0.00677083 0.301852 0.0135417 0.0814815 0.374709
29 0.979167 0.497222 0.0333333 0.0944444 0.381503
0 0.109896 0.355556 0.0447917 0.233333 0.38221
0 0.322917 0.297222 0.025 0.0685185 0.385091
0 0.322917 0.297222 0.025 0.0685185 0.385349
0 0.653125 0.302778 0.0208333 0.0907407 0.396365
0 0.652083 0.303704 0.0229167 0.0925926 0.402304
0 0.0276042 0.303704 0.0197917 0.0925926 0.405453
0 0.304688 0.297222 0.0322917 0.0722222 0.406986
0 0.3 0.298148 0.0229167 0.0703704 0.408066
0 0.299479 0.298148 0.021875 0.0703704 0.408448
0 0.0276042 0.303704 0.0197917 0.0925926 0.408613
0 0.3 0.298148 0.0229167 0.0703704 0.411534
0 0.065625 0.326852 0.0291667 0.142593 0.415317
0 0.325521 0.296296 0.0239583 0.0703704 0.419006
0 0.065625 0.325926 0.0291667 0.140741 0.421223
0 0.00677083 0.301852 0.0135417 0.0814815 0.423128
0 0.0276042 0.303704 0.0197917 0.0925926 0.428459
0 0.0645833 0.324074 0.0291667 0.133333 0.428814
0 0.577083 0.313889 0.0291667 0.142593 0.431403
0 0.0645833 0.328704 0.0291667 0.138889 0.435447
0 0.652083 0.30463 0.0229167 0.0944444 0.444259
29 0.980208 0.496296 0.0333333 0.0888889 0.444296
0 0.652083 0.303704 0.0229167 0.0962963 0.444843
0 0.301042 0.298148 0.025 0.0740741 0.447097
29 0.980208 0.496296 0.0333333 0.0888889 0.447677
0 0.626042 0.325926 0.0270833 0.133333 0.449965
0 0.301042 0.297222 0.025 0.0722222 0.451358
0 0.224479 0.294444 0.0385417 0.12963 0.455442
0 0.301042 0.297222 0.025 0.0722222 0.456652
0 0.627083 0.325926 0.0291667 0.12963 0.465456
0 0.0645833 0.325 0.0291667 0.135185 0.468439
0 0.577083 0.313889 0.0291667 0.142593 0.47428
0 0.0645833 0.324074 0.0291667 0.133333 0.475962
0 0.577083 0.313889 0.0291667 0.142593 0.481465
0 0.421354 0.336111 0.040625 0.198148 0.485399
0 0.421354 0.335185 0.0385417 0.2 0.491387
0 0.104687 0.357407 0.0552083 0.22963 0.492017
0 0.301042 0.297222 0.0270833 0.0722222 0.494426
0 0.299479 0.299074 0.0239583 0.0759259 0.496241
0 0.469271 0.318519 0.0260417 0.133333 0.502749
0 0.299479 0.299074 0.0239583 0.0722222 0.504148
0 0.299479 0.299074 0.0239583 0.0722222 0.510637
0 0.301042 0.297222 0.0270833 0.0722222 0.513817
0 0.626562 0.326852 0.028125 0.135185 0.514149
0 0.301042 0.297222 0.0270833 0.0722222 0.514483
0 0.101562 0.356481 0.0614583 0.227778 0.516554
0 0.101042 0.356481 0.0625 0.231481 0.520165
0 0.101562 0.356481 0.0635417 0.231481 0.524168
0 0.225 0.294444 0.0395833 0.12963 0.52683
0 0.101042 0.356481 0.0625 0.231481 0.54538
0 0.469271 0.319444 0.028125 0.135185 0.546333
0 0.0276042 0.302778 0.0197917 0.0944444 0.55259
0 0.421354 0.337037 0.040625 0.211111 0.556907
0 0.0276042 0.302778 0.0197917 0.0981481 0.560679
0 0.225 0.294444 0.0395833 0.133333 0.56506
0 0.224479 0.294444 0.0385417 0.133333 0.565325
0 0.575 0.312037 0.0270833 0.135185 0.566974
0 0.0276042 0.301852 0.0197917 0.0962963 0.567092
0 0.421354 0.337037 0.040625 0.211111 0.568167
0 0.469271 0.319444 0.028125 0.138889 0.574286
0 0.0276042 0.3 0.0197917 0.0962963 0.578232
0 0.0265625 0.30463 0.0197917 0.0944444 0.58606
0 0.101042 0.357407 0.0625 0.233333 0.58763
0 0.0276042 0.30463 0.0197917 0.0944444 0.590447
0 0.505208 0.315741 0.0229167 0.127778 0.593358
0 0.469271 0.316667 0.028125 0.122222 0.594499
0 0.0276042 0.300926 0.0197917 0.0981481 0.594811
0 0.651563 0.3 0.0197917 0.0962963 0.600109
0 0.625521 0.326852 0.028125 0.138889 0.600395
0 0.46875 0.32037 0.0270833 0.133333 0.602936
0 0.627083 0.325926 0.0291667 0.140741 0.603112
0 0.420312 0.334259 0.040625 0.198148 0.60382
0 0.224479 0.294444 0.040625 0.12963 0.604493
0 0.0276042 0.300926 0.0197917 0.0981481 0.607307
0 0.626562 0.325926 0.028125 0.140741 0.611906
0 0.225 0.294444 0.0395833 0.12963 0.61448
0 0.576042 0.312037 0.0291667 0.135185 0.616673
0 0.504687 0.32037 0.021875 0.12963 0.617679
0 0.469271 0.32037 0.0260417 0.133333 0.621959
0 0.299479 0.298148 0.021875 0.0740741 0.623687
0 0.651563 0.3 0.0197917 0.1 0.62502
0 0.469792 0.318519 0.0270833 0.140741 0.630365
0 0.103125 0.35463 0.05625 0.227778 0.631058
0 0.651563 0.3 0.0197917 0.1 0.639079
0 0.469792 0.319444 0.0270833 0.138889 0.640348
0 0.104687 0.356481 0.053125 0.227778 0.641984
0 0.626042 0.326852 0.0291667 0.138889 0.643875
0 0.504687 0.32037 0.021875 0.12963 0.647291
0 0.625521 0.325926 0.028125 0.137037 0.648614
0 0.420312 0.334259 0.040625 0.198148 0.64971
0 0.105208 0.356481 0.0520833 0.227778 0.650207
0 0.504687 0.32037 0.021875 0.12963 0.652291
0 0.625521 0.326852 0.028125 0.138889 0.655242
0 0.104687 0.356481 0.053125 0.227778 0.661002
0 0.652083 0.298148 0.0208333 0.0962963 0.665659
0 0.505208 0.316667 0.0229167 0.12963 0.668906
0 0.469271 0.316667 0.028125 0.125926 0.670539
0 0.505208 0.316667 0.0229167 0.12963 0.671706
0 0.103125 0.35463 0.05625 0.227778 0.672835
0 0.46875 0.318519 0.0270833 0.137037 0.673946
0 0.626042 0.326852 0.0291667 0.138889 0.674287
0 0.46875 0.317593 0.0270833 0.138889 0.67436
0 0.469271 0.316667 0.028125 0.125926 0.680869
0 0.626042 0.326852 0.0270833 0.138889 0.682085
0 0.101562 0.357407 0.059375 0.225926 0.682718
0 0.420833 0.334259 0.0395833 0.198148 0.683681
0 0.626042 0.327778 0.0291667 0.140741 0.685862
0 0.626562 0.326852 0.028125 0.138889 0.68794
0 0.102604 0.356481 0.059375 0.227778 0.690295
0 0.652083 0.298148 0.0208333 0.0962963 0.691789
0 0.504167 0.318519 0.0229167 0.137037 0.69297
0 0.652083 0.298148 0.0208333 0.0962963 0.698331
0 0.225 0.293519 0.0395833 0.131481 0.700795
0 0.103125 0.355556 0.05625 0.22963 0.712101
0 0.504167 0.32037 0.0229167 0.133333 0.712434
0 0.105729 0.35463 0.053125 0.227778 0.717521
0 0.225 0.293519 0.0395833 0.131481 0.718281
0 0.575521 0.312963 0.028125 0.140741 0.719726
0 0.652083 0.299074 0.0208333 0.0944444 0.720801
0 0.225521 0.293519 0.0385417 0.131481 0.724174
0 0.575521 0.312963 0.028125 0.140741 0.728375
0 0.225 0.293519 0.0395833 0.131481 0.728409
0 0.105208 0.35463 0.0520833 0.231481 0.729693
0 0.225 0.293519 0.0395833 0.131481 0.735608
0 0.225521 0.292593 0.0385417 0.12963 0.738619
0 0.575521 0.313889 0.028125 0.142593 0.738667
0 0.575521 0.312963 0.028125 0.140741 0.74192
0 0.626562 0.326852 0.028125 0.138889 0.745402
0 0.627083 0.326852 0.0291667 0.138889 0.74568
0 0.420833 0.336111 0.0416667 0.198148 0.756777
0 0.576042 0.312037 0.0291667 0.138889 0.758776
0 0.928646 0.567593 0.134375 0.738889 0.75992
0 0.576042 0.312037 0.0291667 0.138889 0.761069
0 0.420833 0.335185 0.0416667 0.203704 0.766787
0 0.420833 0.336111 0.0416667 0.201852 0.767135
0 0.929167 0.566667 0.133333 0.737037 0.773416
0 0.420833 0.334259 0.0395833 0.198148 0.7748
0 0.420833 0.335185 0.0416667 0.207407 0.776544
0 0.420833 0.334259 0.0395833 0.198148 0.777703
0 0.575521 0.312963 0.028125 0.140741 0.779969
0 0.575521 0.312037 0.028125 0.138889 0.782234
0 0.420833 0.335185 0.0416667 0.2 0.784516
0 0.575521 0.312963 0.028125 0.140741 0.790888
0 0.575 0.312037 0.0270833 0.138889 0.790933
0 0.420833 0.334259 0.0395833 0.198148 0.794566
0 0.927604 0.571296 0.136458 0.735185 0.893586
0 0.928125 0.57037 0.135417 0.737037 0.89451
0 0.928125 0.564815 0.1375 0.737037 0.904764
0 0.927083 0.564815 0.135417 0.72963 0.911122
0 0.927083 0.565741 0.135417 0.731481 0.911689
0 0.927604 0.571296 0.132292 0.735185 0.91201
