2 0.0473958 0.342593 0.0427083 0.037037 0.253671
0 0.198958 0.391667 0.0166667 0.0648148 0.254077
0 0.265625 0.390741 0.0208333 0.0703704 0.254305
2 0.119271 0.360185 0.028125 0.0277778 0.255884
0 0.257812 0.387037 0.021875 0.0740741 0.256852
2 0.046875 0.342593 0.0416667 0.0407407 0.25971
2 0.119271 0.359259 0.028125 0.0296296 0.259712
0 0.266146 0.390741 0.0197917 0.0703704 0.259847
0 0.314063 0.396296 0.015625 0.0740741 0.260443
13 0.279687 0.481481 0.0927083 0.0666667 0.260809
13 0.208854 0.465741 0.0697917 0.0907407 0.261556
0 0.149479 0.399074 0.015625 0.0685185 0.261767
2 0.046875 0.346296 0.0458333 0.0444444 0.268669
13 0.207813 0.463889 0.065625 0.0907407 0.268872
2 0.119271 0.361111 0.028125 0.0259259 0.269015
13 0.277083 0.480556 0.09375 0.0685185 0.269026
2 0.046875 0.342593 0.0416667 0.0407407 0.269927
13 0.207292 0.463889 0.0645833 0.0907407 0.270507
0 0.257292 0.387037 0.0208333 0.0740741 0.27208
0 0.654688 0.422222 0.0239583 0.103704 0.272166
0 0.183333 0.393519 0.0145833 0.0685185 0.272392
0 0.191667 0.391667 0.0229167 0.0685185 0.274807
0 0.25625 0.387037 0.0208333 0.0740741 0.279826
0 0.183854 0.393519 0.0177083 0.0611111 0.28143
0 0.147917 0.399074 0.0166667 0.0685185 0.281774
0 0.266146 0.390741 0.0197917 0.0703704 0.283938
13 0.277604 0.480556 0.0927083 0.0685185 0.284704
2 0.0458333 0.347222 0.04375 0.0425926 0.285044
0 0.289583 0.399074 0.0208333 0.0722222 0.285119
0 0.3125 0.380556 0.0166667 0.0944444 0.285771
2 0.0458333 0.35 0.0416667 0.0444444 0.287971
13 0.383854 0.630556 0.238542 0.164815 0.290137
2 0.119271 0.360185 0.028125 0.0240741 0.29155
0 0.19375 0.390741 0.0208333 0.0703704 0.291933
0 0.183333 0.393519 0.0145833 0.0685185 0.292849
13 0.382812 0.628704 0.242708 0.164815 0.294898
0 0.314063 0.396296 0.015625 0.0740741 0.296191
0 0.183333 0.393519 0.0166667 0.0648148 0.2999
0 0.653646 0.427778 0.021875 0.114815 0.30036
2 0.0458333 0.35 0.0416667 0.0444444 0.307104
0 0.194271 0.390741 0.0197917 0.0703704 0.30728
13 0.381771 0.627778 0.242708 0.166667 0.315739
0 0.653646 0.426852 0.021875 0.112963 0.316813
2 0.0458333 0.35 0.0416667 0.0444444 0.318579
0 0.290625 0.400926 0.01875 0.0722222 0.319428
13 0.206771 0.465741 0.065625 0.087037 0.319721
0 0.653646 0.427778 0.021875 0.111111 0.319725
0 0.258333 0.389815 0.0208333 0.0722222 0.320044
13 0.206771 0.465741 0.065625 0.087037 0.323968
0 0.258333 0.389815 0.0208333 0.0722222 0.327539
0 0.314063 0.37963 0.015625 0.0962963 0.327872
0 0.182812 0.394444 0.015625 0.062963 0.329244
0 0.313542 0.37963 0.0166667 0.0925926 0.333285
0 0.194271 0.389815 0.0197917 0.0685185 0.333542
0 0.291146 0.406481 0.0177083 0.0648148 0.345805
0 0.258333 0.389815 0.0208333 0.0722222 0.349152
0 0.195833 0.389815 0.0166667 0.0685185 0.350311
13 0.380729 0.628704 0.238542 0.168519 0.350382
0 0.195833 0.389815 0.0166667 0.0685185 0.352149
0 0.183333 0.394444 0.0166667 0.062963 0.355333
0 0.941146 0.60463 0.117708 0.483333 0.35867
13 0.382812 0.628704 0.240625 0.164815 0.358824
13 0.378125 0.617593 0.235417 0.153704 0.359585
0 0.314063 0.378704 0.015625 0.0944444 0.359993
0 0.396875 0.400926 0.0166667 0.0759259 0.367583
0 0.290625 0.405556 0.01875 0.0666667 0.368124
0 0.363021 0.416667 0.0302083 0.111111 0.370506
0 0.195833 0.388889 0.0166667 0.0666667 0.371474
0 0.290104 0.403704 0.015625 0.0703704 0.373453
0 0.654688 0.427778 0.021875 0.118519 0.378259
0 0.291146 0.406481 0.0177083 0.0648148 0.385161
0 0.440625 0.434259 0.03125 0.164815 0.385612
0 0.314063 0.387037 0.0135417 0.0814815 0.386594
0 0.654167 0.425926 0.0229167 0.114815 0.388979
0 0.363021 0.416667 0.0302083 0.111111 0.39077
0 0.363021 0.416667 0.0302083 0.111111 0.401061
0 0.396354 0.400926 0.0177083 0.0759259 0.40305
0 0.440625 0.434259 0.03125 0.164815 0.40324
0 0.197396 0.390741 0.0177083 0.0666667 0.411213
0 0.396875 0.400926 0.0166667 0.0759259 0.420622
13 0.380729 0.625926 0.238542 0.162963 0.421954
0 0.397396 0.40463 0.0177083 0.0907407 0.435713
0 0.291146 0.402778 0.0177083 0.0685185 0.442598
0 0.440104 0.431481 0.0322917 0.162963 0.443054
0 0.314583 0.385185 0.0125 0.0814815 0.444845
0 0.358333 0.416667 0.0208333 0.107407 0.447882
0 0.384375 0.412963 0.03125 0.107407 0.448023
0 0.291146 0.402778 0.0177083 0.0685185 0.45132
0 0.396354 0.412037 0.0177083 0.101852 0.460206
0 0.941146 0.603704 0.117708 0.492593 0.467943
0 0.440625 0.432407 0.03125 0.164815 0.471395
0 0.314063 0.387963 0.0135417 0.0796296 0.472516
0 0.314583 0.386111 0.0125 0.0833333 0.473971
0 0.291146 0.402778 0.0177083 0.0685185 0.475311
0 0.358333 0.418519 0.0208333 0.107407 0.478588
0 0.358333 0.418519 0.0208333 0.107407 0.481866
0 0.378646 0.414815 0.021875 0.107407 0.483097
0 0.940625 0.603704 0.11875 0.496296 0.485603
0 0.314063 0.387963 0.0135417 0.0796296 0.494199
0 0.38125 0.414815 0.0270833 0.107407 0.494715
0 0.396354 0.412037 0.0177083 0.101852 0.513113
0 0.396875 0.412037 0.01875 0.101852 0.513284
0 0.441667 0.428704 0.0333333 0.164815 0.516563
0 0.378646 0.414815 0.021875 0.111111 0.52577
0 0.441146 0.428704 0.0322917 0.164815 0.529741
0 0.378646 0.413889 0.021875 0.109259 0.534728
0 0.395833 0.410185 0.0166667 0.0981481 0.536415
0 0.359375 0.416667 0.0208333 0.111111 0.543871
0 0.358333 0.418519 0.0208333 0.107407 0.544382
0 0.359896 0.416667 0.0239583 0.111111 0.546154
0 0.441667 0.428704 0.0333333 0.164815 0.55059
0 0.396354 0.410185 0.0177083 0.0981481 0.56592
0 0.358333 0.417593 0.0208333 0.109259 0.57587
0 0.395833 0.410185 0.0166667 0.0981481 0.576961
0 0.358333 0.417593 0.0208333 0.109259 0.59898
0 0.358333 0.417593 0.0208333 0.109259 0.600617
0 0.938021 0.59537 0.123958 0.472222 0.602843
0 0.379167 0.412037 0.0229167 0.109259 0.624262
0 0.379167 0.412037 0.0229167 0.109259 0.657611
0 0.379167 0.412037 0.0229167 0.109259 0.660936
0 0.938021 0.596296 0.123958 0.474074 0.737184
0 0.939062 0.597222 0.121875 0.47963 0.741779
0 0.9375 0.596296 0.125 0.481481 0.752435
0 0.440625 0.431481 0.0333333 0.166667 0.754963
0 0.441667 0.434259 0.0333333 0.168519 0.757392
0 0.441146 0.431481 0.0322917 0.162963 0.763105
0 0.441667 0.434259 0.0333333 0.168519 0.771546
0 0.440625 0.430556 0.0333333 0.168519 0.777372
0 0.938542 0.600926 0.122917 0.494444 0.778719
0 0.441146 0.42963 0.0322917 0.166667 0.785478
0 0.441146 0.432407 0.0322917 0.164815 0.788942
0 0.441146 0.431481 0.0322917 0.17037 0.799545
0 0.440625 0.431481 0.03125 0.17037 0.807982
0 0.441146 0.432407 0.0322917 0.164815 0.816142
0 0.939062 0.603704 0.121875 0.496296 0.837355
0 0.939062 0.602778 0.121875 0.494444 0.850016
0 0.938542 0.600926 0.122917 0.498148 0.859703
0 0.939062 0.602778 0.121875 0.490741 0.889662
0 0.939062 0.597222 0.121875 0.483333 0.896768
0 0.939062 0.596296 0.121875 0.481481 0.89699
0 0.939062 0.602778 0.121875 0.490741 0.90283
