0 0.513542 0.359259 0.0229167 0.103704 0.253564
0 0.533333 0.337037 0.0145833 0.062963 0.25389
24 0.721875 0.358333 0.0354167 0.101852 0.255026
0 0.383854 0.341667 0.0135417 0.0648148 0.259632
0 0.514583 0.359259 0.0229167 0.1 0.262593
26 0.728125 0.369444 0.0229167 0.0907407 0.265826
0 0.384896 0.339815 0.0177083 0.0685185 0.266859
24 0.721354 0.357407 0.0364583 0.114815 0.267765
0 0.498958 0.37037 0.03125 0.125926 0.267982
0 0.189063 0.375 0.0427083 0.12037 0.274353
0 0.19375 0.441667 0.0520833 0.268519 0.277214
24 0.721875 0.358333 0.0354167 0.0944444 0.277371
0 0.19375 0.442593 0.0520833 0.266667 0.278911
0 0.19375 0.441667 0.0520833 0.268519 0.282377
0 0.388542 0.338889 0.0145833 0.0740741 0.283032
24 0.721875 0.357407 0.0354167 0.0962963 0.284999
0 0.359896 0.353704 0.0239583 0.107407 0.287164
26 0.728125 0.369444 0.0229167 0.0907407 0.290274
0 0.358854 0.357407 0.021875 0.107407 0.296145
0 0.714583 0.401852 0.05 0.292593 0.296582
24 0.721875 0.357407 0.0354167 0.0962963 0.2974
0 0.189063 0.375 0.0427083 0.131481 0.303208
24 0.721354 0.361111 0.034375 0.0962963 0.305988
0 0.703125 0.399074 0.06875 0.283333 0.306624
0 0.495313 0.371296 0.028125 0.135185 0.306826
0 0.702604 0.399074 0.0697917 0.287037 0.308199
0 0.359375 0.356481 0.025 0.109259 0.308874
0 0.359375 0.353704 0.0229167 0.107407 0.309651
0 0.388542 0.337963 0.0166667 0.0722222 0.31047
0 0.389062 0.337963 0.015625 0.0722222 0.310514
0 0.358854 0.357407 0.021875 0.111111 0.31468
0 0.358854 0.357407 0.021875 0.111111 0.316508
0 0.136458 0.52963 0.166667 0.492593 0.31953
0 0.70625 0.39537 0.0666667 0.275926 0.322332
0 0.388542 0.338889 0.0145833 0.0740741 0.333609
0 0.493229 0.372222 0.0239583 0.12963 0.334287
0 0.193229 0.434259 0.0552083 0.268519 0.335097
0 0.611458 0.366667 0.0291667 0.12963 0.335519
0 0.136458 0.530556 0.164583 0.494444 0.340896
0 0.19375 0.437037 0.0520833 0.262963 0.34912
0 0.389062 0.337037 0.015625 0.0703704 0.34915
24 0.722396 0.361111 0.034375 0.0962963 0.354268
0 0.533854 0.338889 0.015625 0.0666667 0.358232
0 0.613021 0.366667 0.028125 0.12963 0.358257
0 0.506771 0.362037 0.021875 0.101852 0.359816
24 0.721354 0.364815 0.0364583 0.1 0.369476
0 0.611458 0.37037 0.0291667 0.133333 0.372561
0 0.444271 0.367593 0.0302083 0.135185 0.373414
0 0.493229 0.362037 0.021875 0.116667 0.380539
0 0.611979 0.37037 0.028125 0.133333 0.383651
0 0.506771 0.363889 0.021875 0.101852 0.384379
0 0.500521 0.371296 0.028125 0.124074 0.385284
0 0.705729 0.39537 0.065625 0.272222 0.386231
0 0.681771 0.397222 0.0364583 0.264815 0.39051
0 0.192708 0.427778 0.0541667 0.262963 0.391126
24 0.721354 0.364815 0.0364583 0.1 0.391368
0 0.492708 0.361111 0.0229167 0.114815 0.395422
0 0.532812 0.337037 0.0135417 0.062963 0.395592
0 0.192708 0.437963 0.05625 0.264815 0.399276
0 0.492708 0.361111 0.0229167 0.114815 0.399518
0 0.611458 0.37037 0.0291667 0.12963 0.399877
0 0.533854 0.339815 0.015625 0.0685185 0.400645
0 0.493229 0.368519 0.0260417 0.12963 0.401026
0 0.533854 0.337963 0.015625 0.0648148 0.402158
0 0.681771 0.396296 0.0364583 0.262963 0.403567
0 0.681771 0.397222 0.0364583 0.264815 0.407942
0 0.506771 0.362963 0.021875 0.1 0.408326
0 0.532812 0.339815 0.015625 0.0685185 0.415746
0 0.532812 0.337037 0.0135417 0.062963 0.41833
0 0.507292 0.365741 0.0229167 0.105556 0.427909
0 0.19375 0.432407 0.0520833 0.272222 0.437594
0 0.19375 0.432407 0.0520833 0.272222 0.438184
0 0.19375 0.432407 0.0520833 0.272222 0.440358
0 0.705729 0.396296 0.0614583 0.285185 0.44428
0 0.193229 0.433333 0.0510417 0.266667 0.459203
0 0.6125 0.366667 0.0291667 0.133333 0.460688
0 0.708333 0.397222 0.05625 0.283333 0.47024
0 0.193229 0.433333 0.0510417 0.266667 0.471772
0 0.193229 0.432407 0.0510417 0.268519 0.472228
0 0.613021 0.366667 0.028125 0.133333 0.473711
0 0.708333 0.397222 0.05625 0.283333 0.473766
0 0.445833 0.373148 0.0270833 0.15 0.478408
0 0.611979 0.367593 0.028125 0.135185 0.478867
0 0.533333 0.338889 0.0145833 0.0666667 0.479128
0 0.445833 0.374074 0.0270833 0.151852 0.479521
0 0.49375 0.371296 0.025 0.135185 0.479552
0 0.705729 0.396296 0.065625 0.274074 0.480772
0 0.507292 0.366667 0.0229167 0.107407 0.48254
0 0.507292 0.365741 0.0229167 0.105556 0.487634
0 0.708333 0.397222 0.05625 0.283333 0.48774
0 0.493229 0.373148 0.0239583 0.135185 0.493037
0 0.6125 0.367593 0.0270833 0.135185 0.493118
0 0.493229 0.373148 0.0239583 0.135185 0.498379
0 0.533854 0.338889 0.0135417 0.0666667 0.500854
0 0.533333 0.338889 0.0145833 0.0666667 0.522635
0 0.194271 0.433333 0.053125 0.259259 0.525078
0 0.611458 0.366667 0.0291667 0.133333 0.541667
0 0.533854 0.338889 0.0135417 0.0666667 0.543351
0 0.690625 0.397222 0.05 0.272222 0.543615
0 0.131771 0.506481 0.165625 0.509259 0.559491
0 0.703646 0.397222 0.0635417 0.283333 0.560449
0 0.611979 0.366667 0.028125 0.133333 0.563282
0 0.686458 0.396296 0.0375 0.262963 0.565613
0 0.691146 0.398148 0.0510417 0.27037 0.569246
0 0.686458 0.397222 0.0395833 0.272222 0.577904
0 0.686458 0.398148 0.0416667 0.274074 0.578644
0 0.685938 0.397222 0.040625 0.272222 0.583458
0 0.131771 0.506481 0.167708 0.509259 0.605601
0 0.702083 0.399074 0.0625 0.27963 0.607873
0 0.690625 0.398148 0.0520833 0.27037 0.608958
0 0.445312 0.371296 0.0302083 0.153704 0.637057
0 0.445312 0.373148 0.0302083 0.157407 0.644531
0 0.445312 0.373148 0.0302083 0.157407 0.64684
0 0.611979 0.367593 0.028125 0.135185 0.649157
0 0.611979 0.367593 0.028125 0.135185 0.650109
0 0.444792 0.371296 0.0291667 0.153704 0.660562
0 0.445312 0.373148 0.0302083 0.157407 0.672562
0 0.359375 0.35463 0.0208333 0.105556 0.688372
0 0.133333 0.510185 0.164583 0.524074 0.698482
0 0.444271 0.369444 0.0302083 0.146296 0.699676
0 0.444271 0.369444 0.0302083 0.146296 0.699785
0 0.133333 0.510185 0.1625 0.524074 0.707444
0 0.704167 0.397222 0.0604167 0.283333 0.711309
0 0.6125 0.367593 0.0270833 0.135185 0.725999
0 0.6125 0.367593 0.0270833 0.135185 0.730083
0 0.444792 0.371296 0.0291667 0.153704 0.730496
0 0.359375 0.35463 0.0229167 0.105556 0.741306
0 0.359896 0.356481 0.021875 0.109259 0.75004
0 0.359896 0.355556 0.021875 0.111111 0.752157
0 0.611458 0.369444 0.0291667 0.131481 0.753389
0 0.692187 0.398148 0.046875 0.274074 0.75465
0 0.611458 0.369444 0.0291667 0.131481 0.756266
0 0.359896 0.356481 0.021875 0.109259 0.757121
0 0.444792 0.371296 0.0291667 0.153704 0.760425
0 0.134375 0.514815 0.166667 0.511111 0.767734
0 0.133854 0.515741 0.167708 0.512963 0.772049
0 0.134375 0.515741 0.166667 0.512963 0.775129
0 0.6125 0.37037 0.0291667 0.12963 0.778166
0 0.611979 0.37037 0.028125 0.12963 0.778914
0 0.444792 0.372222 0.0291667 0.155556 0.793858
0 0.444792 0.371296 0.0291667 0.153704 0.798218
0 0.611458 0.369444 0.0291667 0.131481 0.799781
0 0.6125 0.37037 0.0291667 0.133333 0.809075
0 0.359375 0.356481 0.0229167 0.109259 0.812464
0 0.359375 0.357407 0.0229167 0.111111 0.826069
0 0.359375 0.356481 0.0229167 0.105556 0.83476
0 0.359375 0.357407 0.0229167 0.111111 0.840491
0 0.44375 0.368519 0.0291667 0.151852 0.847476
0 0.44375 0.368519 0.0291667 0.148148 0.855825
0 0.135417 0.512037 0.166667 0.512963 0.855968
0 0.133854 0.510185 0.167708 0.52037 0.858068
0 0.135417 0.512037 0.164583 0.505556 0.8688
0 0.133854 0.510185 0.167708 0.52037 0.882828
0 0.133854 0.510185 0.167708 0.52037 0.883116
0 0.133333 0.512037 0.166667 0.516667 0.893772
0 0.133333 0.511111 0.166667 0.518519 0.901835
0 0.133333 0.511111 0.166667 0.518519 0.907498
