0 0.384375 0.297222 0.0145833 0.0759259 0.253521
0 0.319792 0.292593 0.0145833 0.0592593 0.254998
0 0.478125 0.328704 0.0229167 0.0907407 0.262524
0 0.410937 0.325926 0.0302083 0.155556 0.267889
0 0.479167 0.325926 0.0229167 0.1 0.268505
0 0.524479 0.29537 0.0239583 0.0796296 0.269731
0 0.725 0.364815 0.0479167 0.314815 0.270318
0 0.765625 0.377778 0.075 0.385185 0.270951
0 0.492708 0.330556 0.0354167 0.0833333 0.271118
0 0.725 0.369444 0.04375 0.35 0.272094
0 0.76875 0.357407 0.0666667 0.344444 0.275059
0 0.0895833 0.327778 0.0583333 0.162963 0.275595
0 0.319271 0.292593 0.015625 0.0592593 0.276596
0 0.497917 0.32963 0.0270833 0.0888889 0.27795
0 0.617188 0.314815 0.021875 0.122222 0.281816
0 0.384375 0.297222 0.0166667 0.0759259 0.281937
0 0.411458 0.325926 0.0291667 0.155556 0.284086
0 0.500521 0.32963 0.0239583 0.0888889 0.286232
0 0.765625 0.378704 0.0729167 0.37963 0.289941
0 0.320312 0.288889 0.0135417 0.0592593 0.290008
0 0.765104 0.378704 0.0739583 0.383333 0.294799
0 0.479167 0.325926 0.0229167 0.103704 0.295126
0 0.490104 0.32963 0.0302083 0.0888889 0.295456
0 0.591667 0.314815 0.025 0.137037 0.295565
0 0.319792 0.292593 0.0145833 0.0592593 0.30116
0 0.320312 0.288889 0.0135417 0.0592593 0.302749
0 0.725521 0.369444 0.0427083 0.35 0.303304
0 0.725 0.369444 0.04375 0.35 0.305047
0 0.592188 0.314815 0.0260417 0.137037 0.305654
0 0.454688 0.336111 0.028125 0.153704 0.305688
0 0.453646 0.333333 0.0260417 0.137037 0.306004
0 0.479167 0.325926 0.0229167 0.103704 0.306233
0 0.383854 0.297222 0.015625 0.0759259 0.308821
0 0.454688 0.336111 0.028125 0.15 0.309562
0 0.768229 0.363889 0.0697917 0.353704 0.312876
0 0.478125 0.327778 0.0229167 0.0925926 0.31767
0 0.477604 0.328704 0.0239583 0.0944444 0.318544
0 0.605729 0.316667 0.0302083 0.122222 0.31869
0 0.411458 0.325926 0.0270833 0.155556 0.320899
0 0.618229 0.318519 0.0239583 0.12963 0.323206
0 0.497917 0.32963 0.0270833 0.0888889 0.324074
0 0.500521 0.32963 0.0239583 0.0888889 0.329319
0 0.616667 0.315741 0.0208333 0.124074 0.331633
0 0.498437 0.32963 0.0260417 0.0888889 0.3323
0 0.617188 0.315741 0.021875 0.124074 0.337733
0 0.500521 0.32963 0.0239583 0.0888889 0.338513
0 0.0859375 0.326852 0.0510417 0.161111 0.342736
0 0.454167 0.332407 0.025 0.131481 0.345173
0 0.601042 0.317593 0.0416667 0.131481 0.345918
0 0.605729 0.316667 0.028125 0.125926 0.346846
0 0.605208 0.316667 0.0270833 0.125926 0.346955
0 0.31875 0.287963 0.0145833 0.0611111 0.347197
0 0.454167 0.32963 0.025 0.144444 0.348506
0 0.0859375 0.326852 0.0510417 0.161111 0.351699
0 0.454167 0.330556 0.025 0.142593 0.354546
0 0.76875 0.365741 0.06875 0.353704 0.358022
0 0.527083 0.293519 0.0166667 0.0722222 0.358385
0 0.320312 0.291667 0.0135417 0.0574074 0.361317
0 0.476042 0.332407 0.025 0.135185 0.363497
0 0.476042 0.332407 0.025 0.135185 0.36503
0 0.600521 0.316667 0.040625 0.12963 0.370381
0 0.528125 0.294444 0.0166667 0.0703704 0.371381
0 0.527083 0.29537 0.0166667 0.0722222 0.376558
0 0.320312 0.291667 0.0135417 0.0574074 0.377967
0 0.528125 0.29537 0.0166667 0.0685185 0.37864
0 0.602083 0.316667 0.04375 0.12963 0.378697
0 0.498958 0.32963 0.025 0.0851852 0.400878
24 0.780729 0.319444 0.0427083 0.146296 0.413097
24 0.78125 0.318519 0.0416667 0.148148 0.41396
0 0.527083 0.294444 0.0166667 0.0703704 0.414629
0 0.527083 0.294444 0.0166667 0.0703704 0.43636
0 0.0890625 0.325 0.053125 0.157407 0.438275
0 0.367188 0.313889 0.021875 0.105556 0.438464
0 0.0890625 0.324074 0.053125 0.159259 0.443844
0 0.0848958 0.332407 0.053125 0.168519 0.454181
24 0.78125 0.318519 0.04375 0.144444 0.454295
0 0.527083 0.294444 0.0145833 0.0740741 0.457215
0 0.761458 0.375 0.075 0.372222 0.45991
0 0.366667 0.312963 0.0229167 0.103704 0.460597
0 0.733333 0.371296 0.0583333 0.361111 0.461832
0 0.733854 0.37037 0.059375 0.359259 0.473578
0 0.0854167 0.332407 0.0541667 0.168519 0.476354
0 0.527604 0.294444 0.015625 0.0703704 0.477087
0 0.528125 0.294444 0.0166667 0.0703704 0.477676
24 0.781771 0.321296 0.0427083 0.131481 0.485665
0 0.527083 0.293519 0.0145833 0.0722222 0.485751
0 0.733854 0.37037 0.059375 0.359259 0.491753
0 0.367188 0.313889 0.0197917 0.109259 0.497932
0 0.366667 0.313889 0.0208333 0.109259 0.50154
0 0.527604 0.294444 0.015625 0.0703704 0.508178
24 0.781771 0.324074 0.0427083 0.125926 0.509063
0 0.0854167 0.332407 0.0541667 0.168519 0.509165
0 0.721875 0.363889 0.0416667 0.316667 0.523369
0 0.454688 0.333333 0.028125 0.151852 0.528419
0 0.594271 0.315741 0.0260417 0.131481 0.532236
0 0.618229 0.313889 0.0197917 0.12037 0.532828
24 0.781771 0.321296 0.0427083 0.131481 0.539338
0 0.454167 0.334259 0.0270833 0.157407 0.553146
0 0.722396 0.368519 0.040625 0.325926 0.557083
24 0.781771 0.32037 0.0427083 0.12963 0.557625
0 0.4125 0.32037 0.0270833 0.151852 0.561784
24 0.781771 0.321296 0.0427083 0.131481 0.562874
0 0.594271 0.32037 0.0260417 0.125926 0.565702
24 0.782292 0.321296 0.04375 0.131481 0.567224
0 0.4125 0.321296 0.0291667 0.15 0.569919
0 0.760417 0.375 0.0770833 0.375926 0.575246
24 0.781771 0.32037 0.0427083 0.12963 0.577584
0 0.594271 0.32037 0.0260417 0.12963 0.58728
0 0.618229 0.314815 0.0197917 0.122222 0.58768
0 0.723958 0.366667 0.0416667 0.322222 0.59172
0 0.618229 0.313889 0.0197917 0.124074 0.593984
24 0.781771 0.323148 0.0427083 0.131481 0.594999
0 0.722917 0.369444 0.0395833 0.324074 0.595275
24 0.781771 0.323148 0.0427083 0.131481 0.595473
0 0.594271 0.318519 0.028125 0.12963 0.600825
0 0.367188 0.312963 0.021875 0.107407 0.603276
0 0.722917 0.368519 0.0395833 0.322222 0.605805
0 0.594271 0.32037 0.0260417 0.12963 0.608812
0 0.454167 0.333333 0.0270833 0.148148 0.60977
0 0.759896 0.375926 0.0739583 0.381481 0.611948
0 0.454688 0.333333 0.028125 0.148148 0.612242
0 0.723437 0.366667 0.040625 0.322222 0.623978
0 0.594271 0.318519 0.028125 0.133333 0.624203
0 0.618229 0.312963 0.0197917 0.114815 0.642817
0 0.723437 0.366667 0.040625 0.322222 0.643515
0 0.367188 0.313889 0.021875 0.105556 0.643902
0 0.411458 0.318519 0.0291667 0.151852 0.644257
0 0.367188 0.313889 0.021875 0.105556 0.644823
0 0.454167 0.334259 0.0270833 0.153704 0.652585
0 0.454688 0.333333 0.0260417 0.148148 0.657523
0 0.411458 0.319444 0.0291667 0.153704 0.658773
24 0.781771 0.321296 0.0427083 0.127778 0.660218
0 0.758333 0.374074 0.0729167 0.37037 0.664481
0 0.594271 0.318519 0.028125 0.12963 0.668199
0 0.760417 0.375 0.075 0.372222 0.668493
24 0.781771 0.321296 0.0427083 0.127778 0.668573
0 0.4125 0.322222 0.0291667 0.155556 0.671744
0 0.366667 0.314815 0.0229167 0.103704 0.674695
0 0.454688 0.333333 0.028125 0.148148 0.674979
0 0.454688 0.333333 0.028125 0.148148 0.675159
0 0.594271 0.317593 0.028125 0.135185 0.675371
0 0.0869792 0.328704 0.053125 0.164815 0.679105
24 0.781771 0.322222 0.0427083 0.125926 0.680076
0 0.594271 0.315741 0.0260417 0.138889 0.681571
0 0.4125 0.322222 0.0291667 0.151852 0.686157
0 0.594271 0.316667 0.0260417 0.137037 0.688571
0 0.0864583 0.32963 0.0520833 0.162963 0.693557
0 0.0864583 0.328704 0.0541667 0.168519 0.695813
0 0.366667 0.314815 0.0229167 0.103704 0.698733
0 0.4125 0.323148 0.0291667 0.157407 0.699645
0 0.0869792 0.327778 0.053125 0.162963 0.70251
0 0.4125 0.323148 0.0291667 0.153704 0.703458
0 0.0864583 0.32963 0.0520833 0.162963 0.704223
0 0.0864583 0.32963 0.0520833 0.162963 0.705571
0 0.0880208 0.328704 0.0510417 0.164815 0.706335
0 0.594792 0.318519 0.0270833 0.12963 0.706676
0 0.366667 0.312963 0.0208333 0.103704 0.708409
0 0.454688 0.333333 0.0239583 0.148148 0.710829
0 0.0880208 0.327778 0.0510417 0.162963 0.711962
0 0.760417 0.376852 0.0708333 0.383333 0.712619
0 0.594271 0.318519 0.028125 0.133333 0.71517
0 0.366667 0.314815 0.0229167 0.103704 0.7182
0 0.454167 0.333333 0.025 0.144444 0.723394
0 0.0869792 0.327778 0.053125 0.162963 0.724715
0 0.0864583 0.32963 0.05625 0.166667 0.725665
0 0.454167 0.334259 0.0270833 0.153704 0.727442
0 0.411979 0.325 0.0302083 0.153704 0.733179
0 0.0864583 0.328704 0.0520833 0.164815 0.740928
0 0.0869792 0.327778 0.053125 0.162963 0.743002
0 0.411979 0.325 0.0302083 0.153704 0.747013
0 0.760417 0.374074 0.0729167 0.381481 0.762343
0 0.0864583 0.32963 0.0541667 0.166667 0.770073
0 0.759896 0.374074 0.0739583 0.381481 0.772083
0 0.411979 0.325 0.0302083 0.153704 0.774364
0 0.760417 0.375 0.0729167 0.37963 0.775693
0 0.366667 0.314815 0.0208333 0.103704 0.791256
0 0.453646 0.333333 0.0260417 0.144444 0.791758
0 0.453646 0.333333 0.0260417 0.140741 0.805153
0 0.4125 0.325926 0.0291667 0.151852 0.814542
0 0.4125 0.325926 0.0291667 0.151852 0.825863
0 0.4125 0.325926 0.0291667 0.155556 0.831784
