0 0.788542 0.321296 0.0479167 0.131481 0.251357
0 0.788542 0.321296 0.0458333 0.131481 0.252595
13 0.416667 0.463889 0.0958333 0.101852 0.255822
13 0.416146 0.463889 0.0947917 0.101852 0.256716
0 0.021875 0.384259 0.04375 0.190741 0.257101
0 0.517187 0.367593 0.028125 0.109259 0.257278
13 0.431771 0.443519 0.0739583 0.0759259 0.258506
0 0.021875 0.385185 0.04375 0.192593 0.258705
0 0.484896 0.368519 0.0322917 0.148148 0.260338
0 0.270833 0.377778 0.04375 0.17037 0.261088
0 0.516146 0.374074 0.0302083 0.122222 0.261499
0 0.517187 0.368519 0.028125 0.111111 0.261822
13 0.43125 0.443519 0.075 0.0759259 0.263917
0 0.564583 0.387037 0.0333333 0.148148 0.265013
24 0.938542 0.539815 0.108333 0.272222 0.265058
0 0.7875 0.317593 0.04375 0.127778 0.267153
0 0.772396 0.610185 0.123958 0.642593 0.268329
0 0.482812 0.371296 0.028125 0.138889 0.268946
0 0.772396 0.610185 0.123958 0.638889 0.270372
0 0.916146 0.62037 0.148958 0.648148 0.272315
0 0.489583 0.371296 0.0291667 0.138889 0.272858
0 0.277083 0.371296 0.03125 0.161111 0.273682
0 0.516146 0.374074 0.0302083 0.118519 0.273688
0 0.482812 0.371296 0.028125 0.138889 0.274541
0 0.485938 0.369444 0.0322917 0.142593 0.27462
13 0.417188 0.45463 0.101042 0.0944444 0.277194
0 0.490104 0.371296 0.028125 0.138889 0.277698
0 0.279167 0.356481 0.03125 0.124074 0.278313
0 0.7875 0.317593 0.04375 0.127778 0.27843
13 0.422917 0.449074 0.0833333 0.0722222 0.279951
0 0.485417 0.366667 0.03125 0.144444 0.281035
0 0.277083 0.371296 0.03125 0.161111 0.281913
0 0.516146 0.373148 0.0302083 0.127778 0.282115
13 0.421354 0.449074 0.084375 0.0722222 0.282648
0 0.516146 0.374074 0.0302083 0.118519 0.28497
0 0.273438 0.360185 0.028125 0.142593 0.286458
0 0.273438 0.359259 0.028125 0.140741 0.288006
13 0.41875 0.45 0.09375 0.0740741 0.288668
0 0.483333 0.362963 0.0291667 0.151852 0.289768
24 0.948438 0.546296 0.0989583 0.259259 0.292787
0 0.482812 0.363889 0.028125 0.153704 0.293919
13 0.419271 0.449074 0.0927083 0.0759259 0.295641
0 0.490625 0.364815 0.025 0.151852 0.298263
0 0.361458 0.365741 0.0291667 0.161111 0.299265
0 0.276042 0.373148 0.0375 0.164815 0.299435
13 0.386458 0.462037 0.166667 0.101852 0.301009
0 0.490625 0.364815 0.025 0.151852 0.305163
0 0.276563 0.373148 0.0364583 0.164815 0.308086
0 0.615104 0.372222 0.021875 0.118519 0.308392
0 0.361458 0.365741 0.0291667 0.161111 0.309715
24 0.948438 0.547222 0.0989583 0.261111 0.309761
0 0.485938 0.368519 0.0302083 0.140741 0.312799
0 0.155208 0.349074 0.025 0.109259 0.316576
0 0.274479 0.366667 0.0385417 0.151852 0.319826
0 0.277604 0.361111 0.034375 0.140741 0.321662
0 0.274479 0.365741 0.0385417 0.15 0.325802
0 0.277604 0.364815 0.034375 0.148148 0.326552
0 0.276042 0.373148 0.0375 0.164815 0.330772
0 0.0208333 0.391667 0.0416667 0.187037 0.334336
0 0.273438 0.363889 0.0364583 0.146296 0.337067
0 0.359896 0.372222 0.028125 0.17037 0.340809
0 0.278125 0.361111 0.0333333 0.137037 0.343427
0 0.154687 0.349074 0.0260417 0.116667 0.356387
0 0.0203125 0.391667 0.040625 0.187037 0.357812
0 0.278646 0.358333 0.0302083 0.135185 0.363675
0 0.359896 0.372222 0.028125 0.17037 0.364337
0 0.278646 0.358333 0.0302083 0.135185 0.364799
0 0.614583 0.360185 0.0208333 0.0944444 0.365957
0 0.0203125 0.392593 0.040625 0.185185 0.368623
0 0.15625 0.348148 0.025 0.111111 0.399699
0 0.919271 0.607407 0.157292 0.67037 0.412154
0 0.359896 0.372222 0.028125 0.17037 0.412954
0 0.155208 0.35 0.025 0.107407 0.41922
0 0.918229 0.612037 0.153125 0.653704 0.420985
0 0.782292 0.590741 0.116667 0.592593 0.435033
0 0.155729 0.35 0.0239583 0.107407 0.439174
0 0.155729 0.35 0.0239583 0.107407 0.442731
0 0.919792 0.607407 0.15625 0.666667 0.445351
0 0.916146 0.618519 0.148958 0.674074 0.449035
0 0.157292 0.347222 0.0229167 0.112963 0.453884
0 0.157292 0.348148 0.0229167 0.114815 0.466599
0 0.157292 0.348148 0.0229167 0.114815 0.472488
0 0.782812 0.593518 0.117708 0.598148 0.498473
0 0.0208333 0.384259 0.0395833 0.183333 0.499517
0 0.614062 0.360185 0.0197917 0.0907407 0.50632
0 0.614583 0.368519 0.0208333 0.1 0.509978
0 0.0208333 0.384259 0.0395833 0.187037 0.521233
0 0.91875 0.607407 0.154167 0.659259 0.523043
0 0.0208333 0.384259 0.0395833 0.183333 0.526203
0 0.361458 0.372222 0.0270833 0.159259 0.536242
0 0.361458 0.372222 0.0270833 0.159259 0.538489
0 0.565104 0.383333 0.034375 0.148148 0.543754
0 0.359896 0.369444 0.0302083 0.161111 0.550434
0 0.614583 0.360185 0.0208333 0.0944444 0.551421
0 0.614583 0.360185 0.0208333 0.0944444 0.554514
0 0.359896 0.369444 0.0302083 0.161111 0.558436
0 0.919792 0.612963 0.158333 0.681481 0.560262
0 0.614583 0.367593 0.0208333 0.101852 0.563478
0 0.780208 0.607407 0.127083 0.648148 0.564661
0 0.565625 0.383333 0.0333333 0.148148 0.567565
0 0.614583 0.367593 0.0208333 0.101852 0.567671
0 0.614583 0.360185 0.0208333 0.0907407 0.584713
0 0.779688 0.607407 0.128125 0.644444 0.586026
0 0.566146 0.383333 0.0364583 0.148148 0.59845
0 0.359375 0.367593 0.0270833 0.161111 0.601714
0 0.91875 0.613889 0.160417 0.672222 0.607583
0 0.566146 0.383333 0.0364583 0.151852 0.608615
0 0.359375 0.367593 0.0270833 0.161111 0.609093
0 0.614583 0.359259 0.0208333 0.0925926 0.619805
0 0.360417 0.37037 0.0291667 0.162963 0.620056
0 0.614583 0.359259 0.0208333 0.0925926 0.620408
0 0.359896 0.37037 0.0302083 0.162963 0.626584
0 0.360417 0.371296 0.0270833 0.161111 0.629672
0 0.778125 0.607407 0.120833 0.640741 0.633917
0 0.360417 0.371296 0.0270833 0.161111 0.634149
0 0.566146 0.383333 0.0364583 0.148148 0.634193
0 0.0213542 0.387963 0.040625 0.190741 0.643666
0 0.776042 0.608333 0.120833 0.638889 0.656231
0 0.919271 0.612037 0.161458 0.687037 0.658521
0 0.615104 0.364815 0.021875 0.103704 0.660296
0 0.360417 0.37037 0.0291667 0.166667 0.663454
0 0.917188 0.612963 0.161458 0.677778 0.677496
0 0.614583 0.366667 0.0208333 0.107407 0.680117
0 0.0213542 0.387963 0.040625 0.190741 0.688113
0 0.566146 0.385185 0.034375 0.148148 0.696212
0 0.566667 0.387037 0.0354167 0.148148 0.696443
0 0.359896 0.37037 0.028125 0.162963 0.696742
0 0.919271 0.611111 0.157292 0.681481 0.70121
0 0.566667 0.386111 0.0354167 0.146296 0.703085
0 0.566146 0.386111 0.034375 0.15 0.705971
0 0.565625 0.386111 0.0333333 0.15 0.707238
0 0.566667 0.386111 0.0354167 0.15 0.707757
0 0.778646 0.606481 0.126042 0.631481 0.709017
0 0.566146 0.386111 0.034375 0.15 0.71306
0 0.566667 0.386111 0.0354167 0.15 0.716069
0 0.918229 0.611111 0.148958 0.651852 0.71933
0 0.566146 0.385185 0.034375 0.148148 0.726745
0 0.0208333 0.386111 0.0416667 0.187037 0.749503
0 0.566146 0.385185 0.034375 0.148148 0.753293
0 0.0208333 0.386111 0.0416667 0.187037 0.758616
0 0.0208333 0.387037 0.0416667 0.192593 0.759791
0 0.775521 0.609259 0.121875 0.651852 0.772535
0 0.916667 0.612963 0.158333 0.677778 0.7798
0 0.0213542 0.388889 0.040625 0.188889 0.782105
0 0.0208333 0.388889 0.0416667 0.185185 0.789781
0 0.778125 0.608333 0.122917 0.642593 0.789914
0 0.916667 0.612037 0.158333 0.675926 0.795886
0 0.0208333 0.390741 0.0416667 0.188889 0.797148
0 0.778646 0.606481 0.126042 0.631481 0.797303
0 0.0208333 0.387963 0.0416667 0.190741 0.804784
0 0.0208333 0.387963 0.0416667 0.190741 0.829029
0 0.778125 0.609259 0.127083 0.644444 0.868238
0 0.778125 0.609259 0.127083 0.644444 0.874569
