2 0.414583 0.315741 0.025 0.0462963 0.252741
2 0.414583 0.315741 0.025 0.0462963 0.253518
0 0.322917 0.342593 0.0229167 0.0925926 0.256427
0 0.360938 0.328704 0.021875 0.0833333 0.26206
0 0.505208 0.341667 0.01875 0.0722222 0.264699
13 0.410417 0.542593 0.0770833 0.166667 0.265877
0 0.321875 0.342593 0.025 0.0962963 0.266664
0 0.322917 0.342593 0.0229167 0.0962963 0.277656
13 0.409896 0.538889 0.0739583 0.159259 0.279591
0 0.438542 0.362963 0.0291667 0.137037 0.280388
0 0.322917 0.342593 0.0229167 0.0962963 0.28398
0 0.361979 0.330556 0.0197917 0.0833333 0.287252
0 0.321354 0.340741 0.0260417 0.103704 0.288967
0 0.321875 0.344444 0.025 0.0925926 0.293576
13 0.409375 0.538889 0.0729167 0.159259 0.294751
0 0.611458 0.367593 0.025 0.146296 0.29596
13 0.409375 0.539815 0.0729167 0.157407 0.298139
0 0.364062 0.331481 0.015625 0.0777778 0.300985
0 0.610937 0.362963 0.0239583 0.133333 0.302642
0 0.467187 0.349074 0.021875 0.0981481 0.302746
0 0.508333 0.335185 0.0166667 0.062963 0.303714
0 0.610937 0.366667 0.021875 0.133333 0.307373
0 0.4375 0.362963 0.0270833 0.137037 0.310979
0 0.609896 0.369444 0.021875 0.131481 0.312085
13 0.410417 0.539815 0.075 0.164815 0.316574
2 0.408854 0.312963 0.0322917 0.0481481 0.319066
2 0.408854 0.312037 0.0322917 0.0462963 0.323122
0 0.617708 0.366667 0.0354167 0.148148 0.325795
2 0.408333 0.312037 0.0333333 0.0462963 0.330139
0 0.361979 0.331481 0.0177083 0.0814815 0.332132
0 0.466667 0.35 0.0229167 0.1 0.342878
0 0.3625 0.332407 0.01875 0.0833333 0.343514
13 0.410417 0.539815 0.0770833 0.161111 0.343794
0 0.611458 0.368519 0.0229167 0.166667 0.345308
0 0.467187 0.35 0.021875 0.1 0.352315
0 0.505729 0.337037 0.015625 0.0703704 0.352815
0 0.611458 0.368519 0.0229167 0.166667 0.353015
0 0.505729 0.337037 0.015625 0.0703704 0.35412
13 0.411458 0.539815 0.0729167 0.157407 0.354864
0 0.489583 0.368519 0.0270833 0.125926 0.356296
0 0.618229 0.366667 0.034375 0.148148 0.360324
0 0.361979 0.331481 0.0177083 0.0814815 0.377049
0 0.564062 0.341667 0.015625 0.0648148 0.386143
0 0.364062 0.331481 0.0135417 0.0777778 0.39199
13 0.411458 0.538889 0.0729167 0.155556 0.395075
0 0.505729 0.337963 0.015625 0.0685185 0.409939
0 0.640104 0.378704 0.046875 0.209259 0.416635
0 0.321354 0.346296 0.0197917 0.0888889 0.421101
0 0.364062 0.331481 0.0135417 0.0777778 0.427078
0 0.50625 0.337037 0.0166667 0.0666667 0.431985
0 0.5625 0.340741 0.0145833 0.0666667 0.432364
0 0.322396 0.346296 0.021875 0.0814815 0.443107
0 0.610417 0.366667 0.0229167 0.140741 0.447975
0 0.322396 0.346296 0.021875 0.0814815 0.448167
0 0.322396 0.346296 0.021875 0.0814815 0.448222
0 0.639583 0.378704 0.0458333 0.212963 0.448525
0 0.0682292 0.383333 0.028125 0.125926 0.451285
0 0.563542 0.340741 0.0145833 0.0666667 0.453775
0 0.610417 0.367593 0.0229167 0.138889 0.455797
0 0.563021 0.338889 0.015625 0.062963 0.45881
13 0.411458 0.540741 0.0729167 0.159259 0.459837
0 0.438542 0.362963 0.0291667 0.133333 0.460906
0 0.489583 0.374074 0.0270833 0.137037 0.461217
0 0.489583 0.369444 0.0270833 0.131481 0.461234
0 0.488542 0.373148 0.0291667 0.138889 0.461835
0 0.0682292 0.383333 0.028125 0.125926 0.463654
0 0.06875 0.383333 0.0270833 0.125926 0.467385
0 0.489583 0.368519 0.0270833 0.12963 0.468297
0 0.563542 0.341667 0.0145833 0.0648148 0.468424
0 0.564062 0.341667 0.0135417 0.0648148 0.470293
13 0.410937 0.540741 0.0739583 0.159259 0.476846
0 0.563542 0.338889 0.0166667 0.0666667 0.477326
13 0.410937 0.540741 0.0739583 0.159259 0.478455
0 0.640104 0.377778 0.0447917 0.211111 0.478979
13 0.410937 0.540741 0.0739583 0.159259 0.479492
0 0.506771 0.336111 0.015625 0.0648148 0.488493
13 0.410937 0.539815 0.0739583 0.157407 0.489016
0 0.610937 0.362963 0.0239583 0.144444 0.489291
0 0.0661458 0.381481 0.028125 0.125926 0.491473
0 0.610937 0.362963 0.0239583 0.144444 0.495773
0 0.489583 0.374074 0.0270833 0.137037 0.500949
0 0.638021 0.378704 0.040625 0.209259 0.501314
0 0.563542 0.340741 0.0145833 0.062963 0.501833
0 0.6125 0.366667 0.0270833 0.144444 0.50672
0 0.563542 0.341667 0.0145833 0.0648148 0.508127
13 0.410937 0.540741 0.0739583 0.159259 0.508535
0 0.563021 0.338889 0.015625 0.062963 0.508537
13 0.410937 0.540741 0.0739583 0.159259 0.514524
13 0.410937 0.540741 0.0739583 0.159259 0.516023
0 0.4375 0.365741 0.0291667 0.146296 0.524018
0 0.4375 0.365741 0.0291667 0.146296 0.524072
13 0.410937 0.540741 0.0739583 0.155556 0.524209
13 0.411458 0.539815 0.0729167 0.157407 0.526483
0 0.50625 0.336111 0.0166667 0.0648148 0.535515
0 0.0661458 0.381481 0.028125 0.12963 0.537927
0 0.563542 0.340741 0.0145833 0.062963 0.54098
0 0.0666667 0.381481 0.0291667 0.12963 0.541988
0 0.611458 0.366667 0.0229167 0.144444 0.543573
0 0.488542 0.374074 0.0291667 0.137037 0.543641
0 0.0661458 0.381481 0.028125 0.12963 0.547886
0 0.489062 0.373148 0.028125 0.135185 0.554632
0 0.0666667 0.380556 0.0291667 0.127778 0.560564
0 0.489062 0.374074 0.0260417 0.137037 0.580255
0 0.0677083 0.381481 0.0291667 0.12963 0.582723
0 0.0677083 0.381481 0.0291667 0.12963 0.585969
0 0.0666667 0.380556 0.0291667 0.127778 0.593788
0 0.638021 0.37963 0.040625 0.211111 0.598967
0 0.489062 0.372222 0.028125 0.133333 0.613961
0 0.0677083 0.380556 0.0291667 0.127778 0.620389
0 0.0666667 0.381481 0.0270833 0.125926 0.625709
0 0.0677083 0.381481 0.0291667 0.12963 0.625966
0 0.219792 0.416667 0.0895833 0.366667 0.629476
0 0.219792 0.416667 0.0895833 0.366667 0.630888
0 0.220313 0.416667 0.090625 0.366667 0.634028
0 0.219271 0.416667 0.0885417 0.377778 0.640071
0 0.488542 0.374074 0.0270833 0.12963 0.646511
0 0.489062 0.372222 0.0260417 0.133333 0.649318
0 0.0671875 0.37963 0.028125 0.12963 0.652222
0 0.219271 0.416667 0.0885417 0.377778 0.655516
0 0.489062 0.372222 0.028125 0.133333 0.662205
0 0.0677083 0.37963 0.0291667 0.12963 0.666115
0 0.0666667 0.382407 0.0270833 0.127778 0.667406
0 0.321875 0.342593 0.0229167 0.0888889 0.669937
0 0.0666667 0.381481 0.0270833 0.125926 0.6768
0 0.638021 0.378704 0.040625 0.212963 0.686478
0 0.438542 0.365741 0.0291667 0.142593 0.68691
0 0.436979 0.362963 0.028125 0.140741 0.695872
0 0.438542 0.362963 0.0291667 0.140741 0.708338
0 0.4375 0.362963 0.0270833 0.140741 0.70933
0 0.488542 0.374074 0.0270833 0.12963 0.709579
0 0.438021 0.365741 0.028125 0.142593 0.710459
0 0.488542 0.374074 0.0270833 0.12963 0.719335
0 0.438542 0.362963 0.0291667 0.140741 0.720362
0 0.321875 0.341667 0.0229167 0.0907407 0.726066
0 0.636979 0.378704 0.0427083 0.209259 0.729515
0 0.439063 0.362963 0.0302083 0.137037 0.730288
0 0.439063 0.362963 0.0302083 0.140741 0.730895
0 0.489583 0.372222 0.0270833 0.133333 0.735741
0 0.438542 0.365741 0.0291667 0.142593 0.752285
0 0.322396 0.34537 0.021875 0.0944444 0.753476
0 0.636979 0.378704 0.0427083 0.209259 0.754206
0 0.489062 0.372222 0.0260417 0.12963 0.759512
0 0.489062 0.372222 0.0260417 0.12963 0.760514
0 0.638021 0.377778 0.0427083 0.203704 0.767969
0 0.322396 0.346296 0.021875 0.0962963 0.771143
0 0.636979 0.378704 0.0427083 0.209259 0.775759
0 0.321354 0.343519 0.021875 0.0907407 0.776732
0 0.322396 0.346296 0.021875 0.0962963 0.781267
0 0.639583 0.377778 0.0416667 0.211111 0.782287
0 0.639583 0.377778 0.0416667 0.214815 0.783198
0 0.638021 0.377778 0.0427083 0.207407 0.784958
0 0.321354 0.343519 0.021875 0.0907407 0.78845
0 0.321354 0.343519 0.021875 0.0907407 0.789021
0 0.438542 0.365741 0.0291667 0.142593 0.790551
0 0.438542 0.365741 0.0291667 0.142593 0.814403
0 0.438542 0.366667 0.0291667 0.144444 0.816673
0 0.219271 0.414815 0.0885417 0.366667 0.847623
0 0.219792 0.413889 0.0895833 0.364815 0.848432
0 0.219271 0.414815 0.0885417 0.37037 0.84901
0 0.219271 0.414815 0.0885417 0.366667 0.851353
0 0.219271 0.414815 0.0885417 0.366667 0.858445
0 0.219271 0.414815 0.0885417 0.366667 0.871677
0 0.219792 0.413889 0.0895833 0.364815 0.890018
0 0.219271 0.414815 0.0885417 0.37037 0.901348
0 0.219271 0.414815 0.0885417 0.37037 0.904683
0 0.219271 0.414815 0.0885417 0.37037 0.906723
