0 0.658333 0.344444 0.0291667 0.148148 0.253355
13 0.38125 0.585185 0.120833 0.140741 0.267498
0 0.659375 0.385185 0.03125 0.251852 0.267512
0 0.171354 0.491667 0.134375 0.461111 0.274398
13 0.38125 0.584259 0.120833 0.138889 0.276547
0 0.592708 0.34537 0.0145833 0.0759259 0.277059
13 0.38125 0.584259 0.120833 0.138889 0.279457
0 0.376563 0.337037 0.0177083 0.0814815 0.28768
0 0.439583 0.368519 0.0270833 0.137037 0.287783
0 0.171875 0.490741 0.135417 0.462963 0.288033
0 0.211458 0.414815 0.0375 0.222222 0.293366
0 0.664583 0.394444 0.0375 0.255556 0.293802
0 0.683854 0.394444 0.053125 0.262963 0.294326
0 0.376563 0.337963 0.0177083 0.0833333 0.296834
0 0.211458 0.413889 0.0375 0.224074 0.297243
0 0.664062 0.394444 0.0385417 0.251852 0.300118
0 0.593229 0.347222 0.0135417 0.0796296 0.301428
0 0.523958 0.339815 0.0145833 0.0611111 0.30756
0 0.680208 0.392593 0.0645833 0.262963 0.313566
0 0.210417 0.422222 0.0354167 0.240741 0.316923
0 0.658854 0.383333 0.0302083 0.248148 0.317387
0 0.659375 0.383333 0.03125 0.233333 0.318272
0 0.608854 0.373148 0.028125 0.135185 0.319006
0 0.663542 0.394444 0.0354167 0.255556 0.319416
0 0.680208 0.391667 0.0645833 0.264815 0.319768
0 0.175 0.493519 0.1375 0.472222 0.321878
0 0.376563 0.337037 0.0177083 0.0814815 0.322858
0 0.608854 0.372222 0.028125 0.133333 0.325578
0 0.210417 0.421296 0.0354167 0.242593 0.325602
0 0.210417 0.421296 0.0354167 0.235185 0.327637
0 0.593229 0.347222 0.0135417 0.0796296 0.329651
0 0.439063 0.364815 0.028125 0.144444 0.330065
0 0.523958 0.340741 0.0166667 0.062963 0.330078
0 0.525521 0.339815 0.0135417 0.0574074 0.341734
0 0.523958 0.339815 0.0145833 0.0611111 0.343777
0 0.439063 0.364815 0.028125 0.144444 0.345612
0 0.6625 0.392593 0.03125 0.251852 0.347232
0 0.525521 0.339815 0.0135417 0.0574074 0.348254
0 0.592708 0.344444 0.0125 0.0740741 0.34936
0 0.527604 0.339815 0.0114583 0.0611111 0.353277
0 0.527083 0.339815 0.0125 0.0611111 0.354893
0 0.672396 0.389815 0.0510417 0.264815 0.368046
0 0.679688 0.394444 0.065625 0.266667 0.375777
0 0.592708 0.34537 0.0125 0.0759259 0.383207
0 0.609375 0.374074 0.0270833 0.133333 0.387339
0 0.175 0.493519 0.1375 0.483333 0.396819
0 0.211979 0.417593 0.0364583 0.235185 0.400159
0 0.608333 0.373148 0.0270833 0.135185 0.400783
0 0.176563 0.492593 0.136458 0.474074 0.401959
0 0.495313 0.381481 0.028125 0.12963 0.403645
0 0.495313 0.381481 0.028125 0.133333 0.404096
0 0.379167 0.338889 0.0166667 0.0851852 0.405893
0 0.379687 0.337963 0.0177083 0.0796296 0.4105
0 0.494792 0.381481 0.0270833 0.12963 0.412302
0 0.175521 0.492593 0.138542 0.485185 0.417562
0 0.379167 0.339815 0.0166667 0.0833333 0.437936
0 0.345833 0.356481 0.0208333 0.109259 0.444599
0 0.211458 0.419444 0.0354167 0.231481 0.446506
0 0.608333 0.372222 0.0270833 0.133333 0.455075
0 0.379167 0.337963 0.0166667 0.0833333 0.465814
0 0.495313 0.373148 0.0302083 0.116667 0.473791
0 0.495833 0.378704 0.0291667 0.12037 0.480485
0 0.379167 0.337963 0.0166667 0.0833333 0.481261
0 0.211979 0.418519 0.0385417 0.240741 0.483341
0 0.440625 0.373148 0.0291667 0.15 0.488671
0 0.609896 0.37037 0.0239583 0.125926 0.490912
0 0.608854 0.374074 0.0260417 0.133333 0.491871
0 0.379167 0.337037 0.01875 0.0814815 0.492525
0 0.439583 0.367593 0.0291667 0.135185 0.492541
0 0.440625 0.373148 0.0291667 0.146296 0.501754
0 0.379167 0.338889 0.0166667 0.0814815 0.502798
0 0.495313 0.373148 0.0302083 0.116667 0.506433
0 0.379167 0.337963 0.0166667 0.0833333 0.506842
0 0.495833 0.373148 0.0291667 0.116667 0.511656
0 0.176563 0.491667 0.138542 0.483333 0.513332
0 0.210938 0.418519 0.0364583 0.237037 0.521657
0 0.176563 0.491667 0.136458 0.47963 0.524418
0 0.609896 0.371296 0.0239583 0.127778 0.529091
0 0.609375 0.371296 0.0229167 0.131481 0.53352
0 0.2125 0.415741 0.0375 0.224074 0.535638
0 0.495833 0.378704 0.0291667 0.124074 0.555359
0 0.609375 0.371296 0.0270833 0.131481 0.557221
0 0.496354 0.378704 0.028125 0.124074 0.56405
0 0.178125 0.491667 0.13125 0.45 0.56968
0 0.440625 0.372222 0.0291667 0.148148 0.57782
0 0.679167 0.393519 0.05625 0.272222 0.579604
0 0.177604 0.491667 0.134375 0.45 0.584564
0 0.2125 0.416667 0.0375 0.225926 0.592045
0 0.495313 0.376852 0.0302083 0.124074 0.598757
0 0.608854 0.373148 0.0260417 0.135185 0.600586
0 0.345313 0.359259 0.0197917 0.1 0.613388
0 0.2125 0.416667 0.0375 0.225926 0.615614
0 0.676562 0.393519 0.0635417 0.257407 0.61655
0 0.2125 0.414815 0.0395833 0.22963 0.617908
0 0.439583 0.369444 0.0270833 0.15 0.619463
0 0.495313 0.376852 0.0302083 0.124074 0.623393
0 0.439583 0.368519 0.0270833 0.148148 0.625994
0 0.211979 0.414815 0.0385417 0.233333 0.626413
0 0.211979 0.414815 0.0385417 0.22963 0.628961
0 0.677083 0.393519 0.0625 0.257407 0.63548
0 0.608854 0.371296 0.0239583 0.135185 0.64386
0 0.345313 0.359259 0.0197917 0.103704 0.648993
0 0.345313 0.359259 0.0197917 0.103704 0.650596
0 0.609375 0.372222 0.025 0.12963 0.6558
0 0.609375 0.372222 0.025 0.12963 0.656673
0 0.677083 0.393519 0.0625 0.257407 0.660175
0 0.494792 0.37963 0.0291667 0.12963 0.661014
0 0.494792 0.378704 0.03125 0.127778 0.668178
0 0.495313 0.378704 0.0302083 0.127778 0.668719
0 0.495313 0.376852 0.0302083 0.124074 0.670471
0 0.608854 0.372222 0.0260417 0.133333 0.672777
0 0.680729 0.392593 0.0614583 0.262963 0.679935
0 0.494271 0.37963 0.028125 0.12963 0.680543
0 0.439583 0.371296 0.0291667 0.146296 0.681654
0 0.345833 0.356481 0.01875 0.109259 0.684044
0 0.680208 0.394444 0.0625 0.259259 0.68659
0 0.495313 0.378704 0.028125 0.127778 0.693254
0 0.345313 0.356481 0.0177083 0.112963 0.694755
0 0.672917 0.394444 0.0479167 0.259259 0.695284
0 0.345313 0.356481 0.0177083 0.109259 0.697348
0 0.346354 0.355556 0.0197917 0.107407 0.700471
0 0.494271 0.378704 0.028125 0.127778 0.700697
0 0.440104 0.371296 0.028125 0.146296 0.709422
0 0.680729 0.394444 0.0614583 0.262963 0.711381
0 0.680729 0.394444 0.0614583 0.262963 0.715402
0 0.495313 0.377778 0.0302083 0.125926 0.715666
0 0.680208 0.393519 0.0625 0.261111 0.717868
0 0.345833 0.357407 0.0208333 0.107407 0.72576
0 0.680729 0.394444 0.0614583 0.262963 0.729323
0 0.439583 0.367593 0.0291667 0.138889 0.731028
0 0.439583 0.368519 0.0270833 0.137037 0.732451
0 0.439583 0.372222 0.0291667 0.148148 0.741962
0 0.177604 0.485185 0.136458 0.462963 0.745911
0 0.345833 0.357407 0.0208333 0.107407 0.746924
0 0.440104 0.371296 0.028125 0.146296 0.748221
0 0.177083 0.488889 0.135417 0.455556 0.751628
0 0.680208 0.393519 0.0625 0.261111 0.751754
0 0.177083 0.486111 0.135417 0.453704 0.753438
0 0.495313 0.378704 0.028125 0.127778 0.755288
0 0.177604 0.487037 0.136458 0.459259 0.755513
0 0.177083 0.488889 0.135417 0.451852 0.75681
0 0.177083 0.488889 0.135417 0.455556 0.757737
0 0.609375 0.374074 0.025 0.133333 0.761933
0 0.495313 0.378704 0.028125 0.127778 0.762342
0 0.345833 0.357407 0.0208333 0.107407 0.763791
0 0.680208 0.392593 0.0604167 0.262963 0.763937
0 0.608854 0.371296 0.0239583 0.135185 0.77159
0 0.346354 0.356481 0.0197917 0.105556 0.774128
0 0.608854 0.371296 0.0239583 0.135185 0.774985
0 0.440104 0.371296 0.028125 0.15 0.784009
0 0.679688 0.394444 0.0614583 0.262963 0.795847
0 0.440104 0.371296 0.028125 0.146296 0.801214
0 0.439063 0.368519 0.028125 0.144444 0.811039
0 0.439063 0.368519 0.028125 0.140741 0.820084
0 0.678646 0.393519 0.0614583 0.272222 0.825812
0 0.176563 0.492593 0.134375 0.459259 0.874618
0 0.175 0.491667 0.135417 0.464815 0.885392
0 0.175 0.491667 0.135417 0.464815 0.885734
0 0.176042 0.492593 0.135417 0.459259 0.893767
