0 0.497917 0.347222 0.0270833 0.131481 0.251774
0 0.500521 0.348148 0.0239583 0.140741 0.251943
13 0.377604 0.560185 0.117708 0.131481 0.252785
0 0.0078125 0.362963 0.015625 0.137037 0.255344
0 0.370833 0.317593 0.0125 0.0648148 0.25608
13 0.373958 0.569444 0.120833 0.153704 0.256896
0 0.228125 0.326852 0.0666667 0.168519 0.258669
0 0.7 0.334259 0.0166667 0.101852 0.258913
0 0.370833 0.317593 0.0125 0.0611111 0.261863
0 0.230208 0.403704 0.06875 0.333333 0.263708
13 0.373437 0.565741 0.117708 0.157407 0.273918
0 0.498958 0.351852 0.0270833 0.137037 0.278593
0 0.606771 0.353704 0.059375 0.151852 0.282452
0 0.7 0.336111 0.0166667 0.109259 0.28934
0 0.633333 0.352778 0.0270833 0.135185 0.289498
0 0.7 0.336111 0.0166667 0.105556 0.293223
0 0.633333 0.352778 0.0270833 0.135185 0.296155
0 0.499479 0.35 0.0239583 0.137037 0.304106
0 0.460417 0.334259 0.0291667 0.112963 0.306261
0 0.606771 0.353704 0.0572917 0.151852 0.307399
0 0.480208 0.331481 0.0166667 0.0814815 0.310721
0 0.7 0.335185 0.0166667 0.107407 0.314143
0 0.229167 0.321296 0.0666667 0.164815 0.322773
0 0.229687 0.40463 0.0677083 0.331481 0.323342
0 0.230208 0.401852 0.0666667 0.337037 0.323385
0 0.595312 0.349074 0.0322917 0.161111 0.324284
0 0.229167 0.322222 0.0666667 0.166667 0.324494
0 0.229687 0.401852 0.0677083 0.337037 0.326314
0 0.7 0.339815 0.0166667 0.109259 0.330318
0 0.00729167 0.362963 0.0145833 0.137037 0.332123
0 0.458854 0.342593 0.028125 0.133333 0.33284
0 0.594792 0.349074 0.03125 0.161111 0.334703
0 0.228125 0.325 0.06875 0.168519 0.341034
0 0.230208 0.400926 0.0666667 0.338889 0.342111
0 0.606771 0.352778 0.0572917 0.153704 0.346838
0 0.460417 0.335185 0.0291667 0.118519 0.348538
0 0.480208 0.331481 0.0166667 0.0851852 0.353266
0 0.00833333 0.360185 0.0145833 0.131481 0.354326
0 0.460417 0.334259 0.0291667 0.116667 0.355236
0 0.229167 0.324074 0.0645833 0.174074 0.356668
0 0.228646 0.323148 0.065625 0.172222 0.357728
0 0.700521 0.337963 0.0177083 0.109259 0.359283
0 0.480208 0.331481 0.0166667 0.0814815 0.386504
0 0.498958 0.35 0.025 0.133333 0.390804
0 0.498958 0.351852 0.025 0.137037 0.397
0 0.229687 0.4 0.0677083 0.325926 0.405146
0 0.229687 0.400926 0.0677083 0.331481 0.415861
0 0.592188 0.35 0.0302083 0.159259 0.416646
0 0.228646 0.322222 0.0677083 0.162963 0.417907
0 0.592188 0.35 0.0302083 0.159259 0.419316
0 0.229687 0.400926 0.0677083 0.331481 0.427697
0 0.228646 0.322222 0.0677083 0.162963 0.43063
0 0.229687 0.324074 0.0677083 0.166667 0.431919
0 0.229687 0.401852 0.0677083 0.32963 0.43424
0 0.284896 0.419444 0.0802083 0.368519 0.434507
0 0.5 0.351852 0.0270833 0.137037 0.435804
13 0.375 0.562963 0.122917 0.137037 0.436784
0 0.0078125 0.359259 0.015625 0.144444 0.436903
0 0.230208 0.401852 0.06875 0.32963 0.437156
0 0.230208 0.402778 0.06875 0.331481 0.437683
0 0.228646 0.325 0.0677083 0.164815 0.437822
13 0.375521 0.564815 0.121875 0.137037 0.450566
0 0.229167 0.323148 0.0666667 0.164815 0.451699
0 0.284896 0.419444 0.0802083 0.368519 0.452232
13 0.375 0.563889 0.122917 0.138889 0.453503
0 0.229167 0.323148 0.0666667 0.164815 0.455631
0 0.284896 0.418519 0.0802083 0.366667 0.457106
13 0.373958 0.563889 0.11875 0.135185 0.457383
0 0.0078125 0.358333 0.015625 0.142593 0.459575
0 0.633333 0.355556 0.03125 0.133333 0.464136
13 0.374479 0.563889 0.117708 0.131481 0.465998
0 0.229167 0.323148 0.0666667 0.164815 0.469155
13 0.374479 0.563889 0.117708 0.131481 0.470895
0 0.459375 0.337037 0.0291667 0.122222 0.47372
13 0.373958 0.561111 0.116667 0.137037 0.478973
13 0.374479 0.563889 0.117708 0.131481 0.479486
0 0.5 0.351852 0.0270833 0.137037 0.492741
0 0.458854 0.339815 0.0302083 0.127778 0.493934
0 0.00833333 0.360185 0.0166667 0.138889 0.511572
0 0.459896 0.337963 0.0302083 0.12037 0.513591
0 0.0078125 0.357407 0.015625 0.151852 0.517206
0 0.459375 0.337963 0.0291667 0.12037 0.52075
0 0.0078125 0.361111 0.015625 0.140741 0.529521
0 0.00833333 0.358333 0.0166667 0.15 0.53103
0 0.499479 0.350926 0.0260417 0.135185 0.531836
0 0.5 0.352778 0.0270833 0.138889 0.555936
0 0.229167 0.351852 0.06875 0.22963 0.577446
0 0.459375 0.341667 0.0291667 0.135185 0.586469
0 0.59375 0.350926 0.03125 0.164815 0.611916
0 0.458333 0.342593 0.0291667 0.144444 0.61472
0 0.459375 0.342593 0.0291667 0.133333 0.614767
0 0.458854 0.342593 0.0302083 0.137037 0.61826
0 0.458333 0.343519 0.0291667 0.142593 0.618573
0 0.499479 0.352778 0.0260417 0.138889 0.622487
0 0.498958 0.35 0.025 0.137037 0.625483
0 0.498958 0.350926 0.025 0.135185 0.629252
0 0.59375 0.350926 0.03125 0.161111 0.631585
0 0.633333 0.355556 0.0291667 0.133333 0.640556
0 0.459375 0.340741 0.0291667 0.133333 0.641358
0 0.229167 0.340741 0.06875 0.2 0.645639
0 0.499479 0.35 0.0239583 0.144444 0.648438
0 0.458854 0.342593 0.0302083 0.133333 0.649687
0 0.458854 0.339815 0.0302083 0.135185 0.651289
0 0.285937 0.416667 0.0822917 0.37037 0.652215
0 0.459375 0.343519 0.0291667 0.135185 0.658072
0 0.458854 0.339815 0.0302083 0.135185 0.666301
0 0.499479 0.35 0.0239583 0.140741 0.683774
0 0.632812 0.355556 0.0302083 0.140741 0.684676
0 0.632812 0.355556 0.0302083 0.140741 0.691728
0 0.499479 0.352778 0.0260417 0.138889 0.714828
0 0.286458 0.418519 0.0791667 0.374074 0.719789
0 0.59375 0.35 0.03125 0.162963 0.720154
0 0.59375 0.35 0.03125 0.162963 0.72017
0 0.59375 0.35 0.03125 0.162963 0.721336
0 0.594271 0.35 0.0322917 0.162963 0.727584
0 0.286458 0.417593 0.0791667 0.375926 0.740713
0 0.285417 0.421296 0.0854167 0.372222 0.742194
0 0.284896 0.421296 0.084375 0.372222 0.757184
0 0.285417 0.421296 0.0854167 0.372222 0.75745
0 0.594271 0.35 0.0322917 0.162963 0.758683
0 0.285937 0.416667 0.0822917 0.37037 0.768522
0 0.633333 0.355556 0.0291667 0.137037 0.773719
0 0.633333 0.355556 0.0291667 0.137037 0.781202
0 0.633333 0.355556 0.0291667 0.137037 0.785722
0 0.59375 0.35 0.03125 0.162963 0.794624
0 0.633333 0.355556 0.0291667 0.137037 0.795238
0 0.633333 0.355556 0.0291667 0.137037 0.801047
0 0.632812 0.355556 0.028125 0.140741 0.806866
0 0.285937 0.417593 0.0802083 0.368519 0.814201
0 0.59375 0.35 0.03125 0.162963 0.816584
0 0.633333 0.355556 0.0291667 0.140741 0.817124
0 0.59375 0.35 0.03125 0.159259 0.817508
0 0.632812 0.355556 0.028125 0.137037 0.823965
0 0.285937 0.42037 0.0802083 0.366667 0.830248
0 0.285937 0.417593 0.0802083 0.368519 0.831864
0 0.286458 0.419444 0.08125 0.368519 0.83449
0 0.286979 0.419444 0.0802083 0.368519 0.836522
