0 0.140104 0.363889 0.021875 0.0944444 0.250588
0 0.759375 0.625 0.11875 0.687037 0.250897
0 0.139062 0.375 0.0239583 0.105556 0.251282
0 0.503646 0.394444 0.021875 0.103704 0.252009
0 0.464063 0.394444 0.021875 0.125926 0.252578
0 0.545313 0.412963 0.0322917 0.148148 0.252929
0 0.506771 0.391667 0.0197917 0.101852 0.253251
0 0.139583 0.363889 0.0229167 0.0944444 0.2533
0 0.139062 0.375 0.0239583 0.105556 0.255155
13 0.35625 0.500926 0.191667 0.172222 0.257253
0 0.488542 0.398148 0.0333333 0.12963 0.25792
0 0.139062 0.373148 0.021875 0.0981481 0.258001
0 0.546875 0.408333 0.0291667 0.15 0.258323
0 0.238542 0.383333 0.025 0.111111 0.259381
0 0.546354 0.407407 0.0302083 0.148148 0.261549
0 0.718229 0.452778 0.0510417 0.316667 0.262796
0 0.545313 0.412963 0.0322917 0.151852 0.263073
0 0.502083 0.394444 0.0229167 0.107407 0.267602
0 0.140104 0.363889 0.021875 0.0944444 0.267781
0 0.139062 0.374074 0.021875 0.1 0.269825
0 0.259896 0.361111 0.015625 0.0740741 0.270999
0 0.503646 0.394444 0.021875 0.107407 0.271441
0 0.50625 0.391667 0.01875 0.101852 0.271989
24 0.944271 0.576852 0.101042 0.312963 0.274969
0 0.919792 0.64537 0.133333 0.664815 0.278689
0 0.139062 0.374074 0.021875 0.1 0.281044
0 0.493229 0.398148 0.0260417 0.125926 0.281107
0 0.464583 0.394444 0.0208333 0.12963 0.2815
13 0.308333 0.474074 0.110417 0.17037 0.282911
0 0.494271 0.396296 0.0260417 0.122222 0.284702
0 0.261979 0.375926 0.0177083 0.0962963 0.290276
24 0.944271 0.575926 0.103125 0.314815 0.290547
24 0.944792 0.575926 0.102083 0.314815 0.293426
13 0.335417 0.49537 0.160417 0.183333 0.295817
0 0.919792 0.644444 0.133333 0.659259 0.296856
0 0.139583 0.367593 0.0208333 0.0981481 0.297527
0 0.464583 0.394444 0.0208333 0.12963 0.298127
13 0.296354 0.465741 0.0885417 0.142593 0.299251
0 0.261458 0.375 0.0166667 0.0944444 0.303844
13 0.295833 0.466667 0.0895833 0.144444 0.30529
13 0.295833 0.464815 0.0875 0.144444 0.306409
13 0.304167 0.47037 0.1 0.155556 0.307995
0 0.922396 0.638889 0.140625 0.651852 0.311107
0 0.542708 0.409259 0.0333333 0.133333 0.312215
13 0.303646 0.47037 0.0989583 0.155556 0.317279
13 0.303646 0.47037 0.0989583 0.155556 0.318924
24 0.938021 0.575 0.117708 0.316667 0.329088
0 0.768229 0.617593 0.130208 0.635185 0.330895
0 0.491667 0.397222 0.0291667 0.124074 0.332656
0 0.766146 0.631481 0.132292 0.648148 0.334618
24 0.936979 0.572222 0.119792 0.296296 0.348934
24 0.958854 0.592593 0.0802083 0.325926 0.349869
0 0.589583 0.385185 0.0208333 0.0962963 0.352475
24 0.958854 0.590741 0.0802083 0.325926 0.361478
0 0.346354 0.399074 0.028125 0.157407 0.363197
0 0.466146 0.394444 0.021875 0.137037 0.368424
0 0.589063 0.386111 0.0197917 0.0944444 0.368943
0 0.346875 0.398148 0.0291667 0.155556 0.372965
13 0.30625 0.467593 0.10625 0.153704 0.375324
0 0.589583 0.391667 0.0208333 0.101852 0.380999
0 0.766667 0.626852 0.125 0.638889 0.390786
0 0.765625 0.640741 0.129167 0.666667 0.391098
0 0.589583 0.385185 0.0208333 0.0962963 0.397119
0 0.589583 0.385185 0.0208333 0.0962963 0.398622
0 0.919271 0.622222 0.134375 0.640741 0.399074
0 0.765625 0.639815 0.129167 0.664815 0.400523
13 0.296354 0.462963 0.090625 0.144444 0.406663
0 0.721354 0.424074 0.053125 0.262963 0.407456
0 0.491146 0.394444 0.0197917 0.107407 0.411255
0 0.494792 0.397222 0.025 0.12037 0.426798
0 0.764583 0.625926 0.120833 0.648148 0.427018
0 0.465104 0.390741 0.0197917 0.125926 0.428254
0 0.589583 0.391667 0.0208333 0.101852 0.429398
0 0.589583 0.391667 0.0208333 0.101852 0.429808
0 0.466146 0.394444 0.021875 0.125926 0.436781
0 0.540104 0.402778 0.028125 0.146296 0.441923
0 0.540104 0.403704 0.028125 0.144444 0.44258
0 0.491146 0.394444 0.0197917 0.114815 0.462971
0 0.491146 0.39537 0.0197917 0.112963 0.465331
0 0.240625 0.383333 0.0208333 0.114815 0.465667
0 0.767708 0.619444 0.129167 0.65 0.469968
0 0.766667 0.626852 0.125 0.638889 0.471233
0 0.465104 0.391667 0.0197917 0.127778 0.473219
0 0.719792 0.441667 0.0520833 0.294444 0.476778
0 0.342708 0.394444 0.0333333 0.162963 0.479412
0 0.589583 0.393519 0.0208333 0.109259 0.481025
0 0.465104 0.391667 0.0197917 0.127778 0.482827
0 0.544792 0.408333 0.0333333 0.15 0.482883
0 0.544271 0.408333 0.034375 0.15 0.484045
0 0.342708 0.394444 0.0333333 0.162963 0.499231
0 0.721875 0.444444 0.05625 0.311111 0.500439
0 0.544271 0.408333 0.034375 0.146296 0.504729
0 0.721875 0.444444 0.05625 0.311111 0.505553
0 0.465104 0.391667 0.0197917 0.127778 0.508246
0 0.464583 0.391667 0.0208333 0.127778 0.515056
0 0.721354 0.443519 0.0552083 0.309259 0.5246
0 0.465104 0.391667 0.0197917 0.127778 0.529603
0 0.239583 0.382407 0.0229167 0.112963 0.530633
0 0.343229 0.394444 0.034375 0.159259 0.535879
0 0.343229 0.39537 0.034375 0.157407 0.542109
0 0.344271 0.396296 0.0322917 0.155556 0.552174
0 0.919792 0.630556 0.1375 0.683333 0.555296
0 0.239583 0.381481 0.0229167 0.114815 0.557174
0 0.490625 0.397222 0.0229167 0.124074 0.563219
0 0.344271 0.396296 0.0322917 0.155556 0.564413
0 0.344271 0.39537 0.0322917 0.157407 0.565312
0 0.343229 0.39537 0.034375 0.157407 0.568397
0 0.239583 0.381481 0.0229167 0.114815 0.573697
0 0.490625 0.398148 0.0208333 0.125926 0.5755
0 0.917188 0.64537 0.128125 0.672222 0.582702
0 0.917708 0.642593 0.133333 0.651852 0.583405
0 0.590104 0.388889 0.0197917 0.0925926 0.588325
0 0.490625 0.398148 0.0208333 0.125926 0.59191
0 0.590104 0.387037 0.021875 0.0925926 0.59545
0 0.492188 0.39537 0.021875 0.116667 0.599007
0 0.34375 0.39537 0.0354167 0.157407 0.601287
0 0.492708 0.398148 0.0229167 0.125926 0.603163
0 0.492188 0.396296 0.021875 0.118519 0.604299
0 0.91875 0.64537 0.127083 0.687037 0.611776
0 0.720833 0.439815 0.0520833 0.301852 0.616562
0 0.491667 0.396296 0.0208333 0.118519 0.616717
0 0.544271 0.408333 0.034375 0.15 0.625163
0 0.720312 0.439815 0.053125 0.305556 0.626209
0 0.721354 0.443519 0.0552083 0.305556 0.631023
0 0.720312 0.439815 0.053125 0.301852 0.631868
0 0.589583 0.386111 0.0208333 0.0944444 0.63338
0 0.917708 0.64537 0.129167 0.668519 0.63619
0 0.34375 0.396296 0.0354167 0.155556 0.63663
0 0.590104 0.388889 0.0197917 0.0925926 0.64322
0 0.590104 0.388889 0.0197917 0.0925926 0.643301
0 0.589583 0.386111 0.0208333 0.0944444 0.649384
0 0.721875 0.441667 0.0541667 0.301852 0.652675
0 0.54375 0.408333 0.0333333 0.15 0.653342
0 0.343229 0.394444 0.0364583 0.159259 0.654719
0 0.343229 0.394444 0.0364583 0.159259 0.663814
0 0.589583 0.389815 0.0208333 0.101852 0.665505
0 0.34375 0.39537 0.0354167 0.157407 0.667894
0 0.918229 0.646296 0.128125 0.681481 0.671267
0 0.590104 0.391667 0.0197917 0.105556 0.673125
0 0.238542 0.382407 0.0208333 0.109259 0.681786
0 0.543229 0.409259 0.034375 0.148148 0.685347
0 0.544271 0.408333 0.034375 0.15 0.686898
0 0.543229 0.408333 0.034375 0.146296 0.688205
0 0.722396 0.443519 0.0552083 0.301852 0.696401
0 0.238542 0.381481 0.0208333 0.103704 0.709583
0 0.721354 0.441667 0.0552083 0.301852 0.717849
0 0.239063 0.383333 0.021875 0.107407 0.718248
0 0.721354 0.441667 0.0552083 0.301852 0.719862
0 0.721354 0.441667 0.053125 0.301852 0.720186
0 0.544271 0.408333 0.0322917 0.15 0.726416
0 0.238542 0.380556 0.0208333 0.105556 0.733447
0 0.238542 0.380556 0.0208333 0.105556 0.744918
0 0.544271 0.408333 0.0322917 0.146296 0.746834
0 0.917708 0.639815 0.135417 0.646296 0.754261
0 0.239063 0.381481 0.0239583 0.107407 0.756325
0 0.238542 0.381481 0.0229167 0.107407 0.762102
0 0.238542 0.381481 0.0229167 0.107407 0.772364
0 0.543229 0.409259 0.034375 0.151852 0.773644
0 0.765625 0.638889 0.127083 0.655556 0.779917
0 0.543229 0.409259 0.034375 0.151852 0.780117
0 0.766146 0.632407 0.132292 0.672222 0.788576
0 0.543229 0.410185 0.034375 0.153704 0.792085
0 0.764063 0.637037 0.123958 0.648148 0.797444
0 0.763542 0.637037 0.125 0.648148 0.799858
0 0.765104 0.638889 0.126042 0.655556 0.816677
0 0.764063 0.633333 0.121875 0.677778 0.861444
