24 0.921875 0.507407 0.0833333 0.222222 0.256404
24 0.939583 0.514815 0.075 0.218519 0.259269
0 0.379167 0.366667 0.025 0.125926 0.25978
26 0.825 0.512963 0.03125 0.137037 0.259988
0 0.0458333 0.362037 0.01875 0.101852 0.261512
26 0.826563 0.515741 0.0322917 0.12037 0.26164
0 0.466667 0.385185 0.025 0.137037 0.262006
0 0.415104 0.362963 0.0260417 0.125926 0.264728
0 0.0453125 0.362037 0.0177083 0.101852 0.269278
0 0.379167 0.365741 0.025 0.127778 0.269943
0 0.377083 0.362963 0.025 0.125926 0.270624
0 0.488021 0.362963 0.021875 0.1 0.271606
26 0.826563 0.514815 0.0322917 0.118519 0.274285
24 0.935938 0.508333 0.0802083 0.22037 0.277935
0 0.126563 0.366667 0.0260417 0.118519 0.280154
0 0.435937 0.360185 0.0364583 0.109259 0.282986
0 0.282292 0.364815 0.0291667 0.148148 0.284941
0 0.908854 0.575926 0.123958 0.588889 0.29558
24 0.934896 0.509259 0.0822917 0.211111 0.297288
0 0.466667 0.380556 0.03125 0.146296 0.302414
0 0.486979 0.362963 0.021875 0.103704 0.304043
0 0.284896 0.364815 0.0302083 0.151852 0.305148
26 0.826563 0.513889 0.0322917 0.12037 0.311093
0 0.284896 0.364815 0.0302083 0.151852 0.312004
0 0.465104 0.387963 0.028125 0.153704 0.312758
0 0.0453125 0.362037 0.021875 0.105556 0.316877
0 0.465625 0.387963 0.0270833 0.153704 0.318715
0 0.282813 0.364815 0.028125 0.151852 0.318784
0 0.414583 0.363889 0.025 0.124074 0.323562
0 0.282813 0.365741 0.028125 0.15 0.323677
24 0.939583 0.513889 0.0729167 0.216667 0.331937
0 0.488021 0.362963 0.021875 0.103704 0.335065
0 0.466667 0.380556 0.0291667 0.142593 0.337511
0 0.488021 0.362963 0.021875 0.103704 0.338696
0 0.571875 0.387037 0.04375 0.203704 0.341724
0 0.282813 0.37037 0.0302083 0.151852 0.345895
0 0.282813 0.37037 0.0302083 0.151852 0.357629
0 0.282813 0.37037 0.0302083 0.151852 0.357783
0 0.571875 0.387963 0.0416667 0.209259 0.357798
0 0.486979 0.363889 0.021875 0.105556 0.358455
0 0.486979 0.362963 0.021875 0.103704 0.358943
0 0.466146 0.380556 0.034375 0.142593 0.359435
0 0.284375 0.369444 0.0291667 0.15 0.362036
24 0.940625 0.512037 0.0729167 0.209259 0.364055
0 0.284896 0.369444 0.028125 0.15 0.365024
0 0.125521 0.369444 0.0239583 0.12037 0.368236
0 0.0447917 0.361111 0.0208333 0.107407 0.373797
24 0.940625 0.512963 0.075 0.203704 0.375949
0 0.0447917 0.361111 0.0208333 0.107407 0.379356
0 0.127083 0.367593 0.0229167 0.12037 0.383842
0 0.44375 0.360185 0.0208333 0.0981481 0.387727
0 0.414583 0.362963 0.025 0.125926 0.389596
0 0.0453125 0.360185 0.0197917 0.101852 0.398827
0 0.488021 0.361111 0.021875 0.103704 0.411883
0 0.127083 0.367593 0.0229167 0.12037 0.412649
0 0.0447917 0.362037 0.0208333 0.105556 0.416305
0 0.442187 0.358333 0.0177083 0.109259 0.417397
0 0.126563 0.366667 0.0260417 0.122222 0.421169
0 0.570833 0.391667 0.0416667 0.205556 0.425996
0 0.127083 0.367593 0.0229167 0.12037 0.426068
0 0.570833 0.386111 0.0416667 0.201852 0.427648
0 0.489062 0.359259 0.021875 0.107407 0.433068
0 0.444271 0.359259 0.0197917 0.1 0.434423
0 0.126042 0.366667 0.025 0.118519 0.435702
0 0.0442708 0.360185 0.0197917 0.105556 0.436464
0 0.570833 0.390741 0.0416667 0.207407 0.439566
0 0.570833 0.390741 0.0416667 0.207407 0.440382
0 0.442187 0.357407 0.0197917 0.107407 0.441312
0 0.126563 0.363889 0.0239583 0.12037 0.443283
0 0.570833 0.386111 0.0416667 0.201852 0.443588
0 0.570833 0.386111 0.0416667 0.201852 0.446111
0 0.444271 0.360185 0.0197917 0.0981481 0.45056
24 0.930729 0.508333 0.0885417 0.246296 0.452088
0 0.442187 0.358333 0.0177083 0.109259 0.455832
0 0.4875 0.361111 0.0229167 0.103704 0.456329
0 0.465104 0.386111 0.028125 0.153704 0.457524
24 0.938542 0.509259 0.0791667 0.222222 0.457703
0 0.46875 0.380556 0.03125 0.15 0.457831
24 0.938542 0.509259 0.08125 0.222222 0.467052
24 0.930729 0.508333 0.0885417 0.246296 0.471187
0 0.0458333 0.362037 0.0208333 0.105556 0.473903
24 0.938542 0.509259 0.0791667 0.222222 0.47571
0 0.488021 0.361111 0.021875 0.103704 0.479334
0 0.465625 0.386111 0.0270833 0.153704 0.481305
0 0.909375 0.573148 0.120833 0.575926 0.483524
0 0.413021 0.361111 0.0239583 0.125926 0.485869
0 0.444271 0.357407 0.0197917 0.103704 0.486505
24 0.930729 0.507407 0.0885417 0.248148 0.488209
0 0.0458333 0.362037 0.0208333 0.105556 0.494344
0 0.126563 0.364815 0.0239583 0.122222 0.494817
0 0.488542 0.357407 0.0229167 0.1 0.496163
0 0.0458333 0.362037 0.0208333 0.105556 0.496544
0 0.908854 0.574074 0.119792 0.559259 0.498026
0 0.46875 0.381481 0.03125 0.151852 0.499507
0 0.468229 0.380556 0.0302083 0.15 0.500305
0 0.126563 0.364815 0.0239583 0.122222 0.504395
0 0.786458 0.583333 0.114583 0.577778 0.526526
0 0.784375 0.578704 0.108333 0.575926 0.535389
0 0.380208 0.366667 0.0229167 0.125926 0.536487
0 0.126563 0.366667 0.0260417 0.122222 0.539275
0 0.784896 0.582407 0.107292 0.583333 0.540881
0 0.413021 0.360185 0.0239583 0.127778 0.541567
0 0.413021 0.361111 0.0239583 0.12963 0.54271
0 0.127083 0.367593 0.0270833 0.124074 0.543395
0 0.488542 0.356481 0.0229167 0.101852 0.545173
0 0.441667 0.358333 0.0208333 0.101852 0.550096
0 0.4875 0.359259 0.0229167 0.107407 0.554672
0 0.488542 0.357407 0.0229167 0.103704 0.55621
0 0.441667 0.357407 0.0208333 0.103704 0.558929
0 0.441667 0.357407 0.0208333 0.103704 0.560796
0 0.378646 0.366667 0.021875 0.122222 0.577901
0 0.378646 0.366667 0.021875 0.122222 0.580438
24 0.939062 0.513889 0.078125 0.224074 0.580776
24 0.938542 0.512963 0.0770833 0.225926 0.582159
0 0.379167 0.364815 0.0229167 0.125926 0.592542
0 0.378646 0.366667 0.021875 0.122222 0.593324
24 0.939062 0.512963 0.078125 0.225926 0.593519
0 0.905729 0.57963 0.119792 0.588889 0.594429
0 0.415104 0.361111 0.021875 0.125926 0.606227
24 0.936458 0.510185 0.0833333 0.224074 0.610633
0 0.415104 0.361111 0.021875 0.125926 0.612121
0 0.282292 0.365741 0.0291667 0.15 0.623011
0 0.282292 0.365741 0.0291667 0.15 0.624015
0 0.379167 0.365741 0.0229167 0.124074 0.628904
0 0.415104 0.361111 0.021875 0.125926 0.629198
24 0.936458 0.510185 0.0833333 0.231481 0.630001
0 0.379167 0.365741 0.0229167 0.124074 0.632339
0 0.282813 0.367593 0.0302083 0.146296 0.638717
0 0.126563 0.366667 0.0260417 0.125926 0.642118
0 0.379167 0.366667 0.0229167 0.125926 0.644146
0 0.415104 0.363889 0.0239583 0.124074 0.64638
0 0.282813 0.367593 0.0302083 0.146296 0.647446
0 0.465625 0.385185 0.0291667 0.148148 0.649764
0 0.465625 0.385185 0.0270833 0.151852 0.655561
0 0.414583 0.362037 0.0229167 0.12037 0.65824
0 0.282813 0.367593 0.0302083 0.146296 0.659833
0 0.283854 0.366667 0.0302083 0.151852 0.660871
0 0.786458 0.583333 0.114583 0.581481 0.664509
0 0.465625 0.386111 0.0270833 0.15 0.666051
0 0.283854 0.366667 0.0302083 0.151852 0.668215
0 0.127083 0.363889 0.025 0.12037 0.670567
0 0.906771 0.575926 0.123958 0.607407 0.671854
0 0.414583 0.362037 0.0229167 0.12037 0.679017
0 0.905729 0.57963 0.119792 0.588889 0.679833
0 0.283333 0.367593 0.0291667 0.146296 0.680115
0 0.282813 0.367593 0.0302083 0.146296 0.680673
0 0.282813 0.368519 0.0302083 0.148148 0.690055
0 0.906771 0.575926 0.123958 0.603704 0.695389
0 0.414583 0.361111 0.0229167 0.118519 0.695686
0 0.127604 0.364815 0.0239583 0.118519 0.697152
0 0.465625 0.385185 0.0270833 0.148148 0.698988
0 0.465104 0.385185 0.028125 0.148148 0.700304
0 0.127604 0.364815 0.0239583 0.114815 0.715297
0 0.466667 0.386111 0.025 0.146296 0.72276
0 0.466667 0.385185 0.025 0.148148 0.724948
0 0.127083 0.366667 0.025 0.122222 0.727367
0 0.903646 0.574074 0.115625 0.555556 0.731779
0 0.785937 0.586111 0.115625 0.57963 0.732879
0 0.414583 0.362963 0.0229167 0.125926 0.752474
0 0.904167 0.574074 0.116667 0.559259 0.758674
0 0.127083 0.364815 0.025 0.125926 0.760004
0 0.127083 0.367593 0.025 0.124074 0.762788
0 0.784896 0.575926 0.119792 0.588889 0.764008
0 0.127604 0.364815 0.0239583 0.125926 0.768942
0 0.127083 0.363889 0.0229167 0.124074 0.773362
0 0.785417 0.577778 0.11875 0.592593 0.774722
0 0.905729 0.575926 0.115625 0.562963 0.800221
0 0.905729 0.576852 0.115625 0.572222 0.838597
0 0.785417 0.585185 0.116667 0.581481 0.844394
0 0.570312 0.389815 0.0427083 0.201852 0.861294
0 0.570833 0.386111 0.04375 0.205556 0.865408
0 0.570312 0.389815 0.0427083 0.205556 0.867185
0 0.570833 0.389815 0.0416667 0.205556 0.870226
0 0.570312 0.385185 0.0427083 0.207407 0.872625
0 0.784896 0.580556 0.111458 0.575926 0.87483
0 0.570312 0.388889 0.040625 0.207407 0.877945
0 0.570833 0.389815 0.0416667 0.205556 0.878481
0 0.785937 0.586111 0.119792 0.594444 0.880296
0 0.570312 0.388889 0.040625 0.207407 0.880675
0 0.570312 0.388889 0.040625 0.207407 0.881786
0 0.570833 0.389815 0.0416667 0.205556 0.885012
0 0.785417 0.585185 0.11875 0.592593 0.899115
0 0.784896 0.582407 0.109375 0.57963 0.901099
