0 0.491146 0.305556 0.0260417 0.144444 0.250555
26 0.890625 0.439815 0.0416667 0.175926 0.253404
0 0.0880208 0.30463 0.021875 0.124074 0.254024
0 0.0864583 0.30463 0.0229167 0.124074 0.255938
0 0.494792 0.307407 0.0208333 0.133333 0.256115
0 0.189583 0.337963 0.0375 0.198148 0.25616
0 0.833854 0.531482 0.142708 0.644444 0.257703
0 0.0864583 0.308333 0.0270833 0.127778 0.260739
26 0.890625 0.440741 0.0416667 0.177778 0.2633
0 0.189583 0.337963 0.0375 0.201852 0.263635
0 0.323958 0.280556 0.025 0.0685185 0.265027
0 0.405729 0.297222 0.0260417 0.109259 0.265482
0 0.467708 0.310185 0.0270833 0.168519 0.266317
26 0.890625 0.440741 0.0416667 0.174074 0.268536
0 0.189583 0.337037 0.0375 0.2 0.269327
0 0.0869792 0.30463 0.021875 0.124074 0.271954
0 0.46875 0.310185 0.025 0.168519 0.27227
0 0.0166667 0.285185 0.0166667 0.0777778 0.273666
0 0.324479 0.280556 0.0260417 0.0685185 0.273964
0 0.326562 0.278704 0.0260417 0.0685185 0.27527
0 0.0166667 0.284259 0.0166667 0.0759259 0.275322
0 0.558333 0.302778 0.0270833 0.135185 0.276081
0 0.494271 0.307407 0.021875 0.133333 0.278374
0 0.0864583 0.30463 0.0229167 0.124074 0.280159
0 0.324479 0.280556 0.0260417 0.0685185 0.28035
0 0.394271 0.298148 0.0177083 0.103704 0.280659
0 0.0557292 0.282407 0.0177083 0.0759259 0.284042
0 0.836458 0.516667 0.141667 0.666667 0.284279
0 0.405729 0.297222 0.0260417 0.109259 0.284588
0 0.394792 0.299074 0.0166667 0.101852 0.287074
0 0.0557292 0.282407 0.0177083 0.0759259 0.287646
0 0.326042 0.278704 0.0270833 0.0685185 0.288926
0 0.326042 0.278704 0.0270833 0.0685185 0.289971
0 0.955208 0.525 0.0895833 0.65 0.296807
0 0.952604 0.532407 0.0947917 0.683333 0.29772
0 0.0864583 0.307407 0.0270833 0.12963 0.300239
0 0.834896 0.525926 0.151042 0.688889 0.301154
0 0.954167 0.526852 0.0916667 0.653704 0.304335
0 0.0885417 0.307407 0.0208333 0.125926 0.30579
0 0.0557292 0.281481 0.0177083 0.0740741 0.306041
0 0.958333 0.512963 0.0833333 0.692593 0.310502
0 0.621354 0.289815 0.0239583 0.101852 0.313226
0 0.394792 0.298148 0.0166667 0.1 0.313271
0 0.621875 0.290741 0.025 0.1 0.314418
0 0.186979 0.325926 0.034375 0.181481 0.316928
0 0.325 0.282407 0.0270833 0.0685185 0.316993
0 0.592708 0.312963 0.0270833 0.12963 0.31739
0 0.186979 0.325926 0.034375 0.177778 0.32355
0 0.402083 0.299074 0.025 0.101852 0.326647
0 0.604688 0.308333 0.0489583 0.131481 0.329266
0 0.185417 0.333333 0.0354167 0.185185 0.330015
0 0.492708 0.303704 0.0270833 0.137037 0.331763
0 0.398958 0.299074 0.0229167 0.101852 0.332444
0 0.404167 0.29537 0.0208333 0.101852 0.337054
0 0.592708 0.316667 0.0291667 0.133333 0.33791
0 0.60625 0.308333 0.05 0.131481 0.339504
0 0.558333 0.301852 0.0270833 0.137037 0.340241
0 0.404167 0.29537 0.0208333 0.105556 0.341171
0 0.834375 0.525926 0.152083 0.692593 0.342568
0 0.394271 0.296296 0.0177083 0.0962963 0.344105
0 0.0557292 0.284259 0.0177083 0.0796296 0.344489
0 0.394271 0.296296 0.0177083 0.1 0.34601
0 0.834375 0.523148 0.152083 0.67963 0.34822
0 0.831771 0.523148 0.151042 0.65 0.348915
0 0.404167 0.29537 0.0208333 0.101852 0.35159
0 0.605208 0.308333 0.0479167 0.131481 0.351855
0 0.0557292 0.283333 0.0177083 0.0814815 0.352596
0 0.0864583 0.308333 0.025 0.127778 0.352636
0 0.323958 0.281481 0.025 0.0666667 0.363076
0 0.0859375 0.308333 0.0260417 0.127778 0.36635
0 0.394271 0.297222 0.0177083 0.0981481 0.370211
0 0.185937 0.332407 0.034375 0.187037 0.373135
0 0.833333 0.531482 0.141667 0.681481 0.374714
0 0.0557292 0.284259 0.0177083 0.0796296 0.374759
0 0.0546875 0.284259 0.0177083 0.0796296 0.382058
0 0.185937 0.331481 0.034375 0.185185 0.386322
0 0.558333 0.297222 0.0270833 0.131481 0.391651
0 0.83125 0.523148 0.15 0.642593 0.393613
0 0.325521 0.281481 0.0260417 0.062963 0.433323
0 0.492708 0.303704 0.0270833 0.133333 0.435443
0 0.558333 0.296296 0.0270833 0.12963 0.436297
0 0.324479 0.282407 0.0260417 0.0648148 0.43809
0 0.325521 0.280556 0.0260417 0.0648148 0.440636
0 0.592708 0.312963 0.025 0.140741 0.443305
0 0.592708 0.312037 0.0270833 0.142593 0.443705
0 0.492708 0.303704 0.025 0.133333 0.448424
0 0.325521 0.281481 0.0260417 0.062963 0.452569
0 0.324479 0.282407 0.0260417 0.0648148 0.45339
0 0.324479 0.282407 0.0260417 0.0648148 0.455911
0 0.325 0.281481 0.025 0.0666667 0.456907
0 0.277604 0.27963 0.0322917 0.111111 0.458236
0 0.277604 0.27963 0.0322917 0.111111 0.460703
0 0.277604 0.27963 0.0322917 0.111111 0.471788
0 0.277604 0.27963 0.0322917 0.111111 0.473701
0 0.277604 0.27963 0.0322917 0.111111 0.477012
0 0.558333 0.297222 0.0270833 0.131481 0.478295
0 0.277604 0.280556 0.0322917 0.112963 0.483235
0 0.493229 0.302778 0.0260417 0.131481 0.495319
0 0.278646 0.280556 0.0322917 0.112963 0.52021
0 0.621875 0.293519 0.0208333 0.0944444 0.52265
0 0.278646 0.280556 0.0322917 0.116667 0.527523
0 0.278646 0.280556 0.0322917 0.112963 0.534513
0 0.278125 0.281481 0.03125 0.111111 0.542859
0 0.492708 0.30463 0.025 0.131481 0.553193
0 0.1875 0.335185 0.0333333 0.188889 0.555761
0 0.278125 0.280556 0.03125 0.109259 0.561214
0 0.324479 0.282407 0.0239583 0.0685185 0.561316
0 0.186979 0.328704 0.0364583 0.183333 0.561961
0 0.1875 0.335185 0.0333333 0.188889 0.562378
0 0.493229 0.303704 0.0260417 0.12963 0.567373
0 0.278125 0.280556 0.03125 0.109259 0.571417
0 0.278125 0.27963 0.03125 0.111111 0.579921
0 0.621875 0.292593 0.0208333 0.0962963 0.579976
0 0.59375 0.314815 0.0291667 0.133333 0.580446
0 0.278125 0.27963 0.03125 0.111111 0.585136
0 0.621875 0.292593 0.0208333 0.0962963 0.588408
0 0.493229 0.305556 0.0260417 0.12963 0.589596
0 0.186979 0.328704 0.0364583 0.183333 0.593081
0 0.278125 0.27963 0.03125 0.111111 0.594257
0 0.622396 0.288889 0.021875 0.0925926 0.601633
0 0.186458 0.332407 0.0333333 0.183333 0.606088
0 0.186458 0.332407 0.0333333 0.183333 0.608442
0 0.278125 0.278704 0.03125 0.112963 0.609335
0 0.557813 0.298148 0.028125 0.133333 0.613683
0 0.186979 0.328704 0.0364583 0.183333 0.617367
0 0.593229 0.315741 0.028125 0.138889 0.620534
0 0.278125 0.278704 0.03125 0.112963 0.623188
0 0.0864583 0.308333 0.0229167 0.127778 0.627902
0 0.592708 0.316667 0.0291667 0.137037 0.628252
0 0.0864583 0.307407 0.0208333 0.125926 0.630619
0 0.83125 0.524074 0.147917 0.662963 0.631346
0 0.0864583 0.307407 0.0208333 0.125926 0.634599
0 0.278125 0.278704 0.03125 0.112963 0.635114
0 0.622396 0.288889 0.021875 0.0925926 0.63641
0 0.453646 0.316667 0.034375 0.185185 0.636826
0 0.0864583 0.307407 0.0208333 0.125926 0.638545
0 0.621875 0.291667 0.0208333 0.0944444 0.640128
0 0.186979 0.32963 0.0364583 0.181481 0.640908
0 0.0875 0.308333 0.0229167 0.127778 0.642561
0 0.622396 0.288889 0.021875 0.0925926 0.644485
0 0.452604 0.314815 0.034375 0.181481 0.647382
0 0.558333 0.300926 0.0270833 0.135185 0.650882
0 0.954167 0.507407 0.0916667 0.685185 0.655571
0 0.186979 0.330556 0.0364583 0.183333 0.658314
0 0.453646 0.316667 0.034375 0.185185 0.660282
0 0.452604 0.315741 0.034375 0.17963 0.660461
0 0.558333 0.299074 0.0270833 0.131481 0.668714
0 0.49375 0.305556 0.025 0.125926 0.673437
0 0.622396 0.290741 0.021875 0.0962963 0.673647
0 0.49375 0.305556 0.025 0.125926 0.674788
0 0.492708 0.302778 0.025 0.131481 0.675921
0 0.186979 0.32963 0.0364583 0.181481 0.676578
0 0.558333 0.298148 0.0270833 0.133333 0.67941
0 0.622396 0.290741 0.021875 0.0962963 0.688382
0 0.493229 0.303704 0.0239583 0.133333 0.69018
0 0.0864583 0.308333 0.0229167 0.127778 0.691813
0 0.453125 0.313889 0.0333333 0.183333 0.694695
0 0.955208 0.524074 0.0895833 0.685185 0.695177
0 0.621875 0.291667 0.0229167 0.0981481 0.696143
0 0.558333 0.300926 0.0270833 0.135185 0.697064
0 0.954167 0.509259 0.0916667 0.685185 0.70153
0 0.558333 0.300926 0.0270833 0.135185 0.706806
0 0.0864583 0.308333 0.0229167 0.127778 0.71185
0 0.453125 0.314815 0.0333333 0.181481 0.713937
0 0.492708 0.30463 0.025 0.131481 0.713946
0 0.0869792 0.308333 0.0239583 0.127778 0.7157
0 0.453125 0.313889 0.0333333 0.183333 0.718741
0 0.557813 0.299074 0.0260417 0.127778 0.719232
0 0.454167 0.314815 0.0333333 0.185185 0.720485
0 0.558333 0.297222 0.0270833 0.135185 0.733408
0 0.453646 0.314815 0.034375 0.185185 0.733881
0 0.453125 0.314815 0.0333333 0.181481 0.734012
0 0.558333 0.297222 0.0270833 0.135185 0.735913
0 0.453125 0.314815 0.0333333 0.181481 0.741301
0 0.557813 0.299074 0.0260417 0.131481 0.742612
0 0.59375 0.312963 0.0291667 0.140741 0.745022
0 0.834896 0.523148 0.146875 0.675926 0.745903
0 0.493229 0.302778 0.0239583 0.135185 0.749359
0 0.493229 0.302778 0.0239583 0.135185 0.751597
0 0.453646 0.314815 0.034375 0.185185 0.751729
0 0.557813 0.299074 0.0260417 0.131481 0.752222
0 0.621354 0.289815 0.021875 0.0981481 0.754547
0 0.453125 0.313889 0.0333333 0.183333 0.755519
0 0.59375 0.312963 0.0291667 0.140741 0.760715
0 0.557813 0.298148 0.0260417 0.133333 0.761304
0 0.49375 0.301852 0.025 0.12963 0.768965
0 0.452604 0.314815 0.034375 0.181481 0.776875
0 0.594271 0.313889 0.0302083 0.138889 0.781298
0 0.452604 0.313889 0.034375 0.183333 0.785613
0 0.948958 0.514815 0.102083 0.696296 0.787911
0 0.593229 0.313889 0.0302083 0.142593 0.793732
0 0.59375 0.314815 0.0291667 0.140741 0.797063
0 0.59375 0.314815 0.0291667 0.140741 0.799965
0 0.834896 0.522222 0.146875 0.674074 0.806456
0 0.948958 0.513889 0.102083 0.698148 0.810605
0 0.954687 0.523148 0.090625 0.687037 0.814583
0 0.59375 0.313889 0.0291667 0.142593 0.817359
0 0.593229 0.313889 0.0302083 0.142593 0.818053
0 0.948958 0.518519 0.102083 0.703704 0.826285
0 0.835417 0.525926 0.145833 0.692593 0.82999
0 0.835417 0.525 0.145833 0.690741 0.841651
0 0.948958 0.517593 0.102083 0.701852 0.852267
0 0.832292 0.522222 0.15 0.688889 0.87619
0 0.834896 0.526852 0.144792 0.683333 0.890268
0 0.834896 0.525926 0.144792 0.681481 0.891013
