0 0.527083 0.416667 0.0291667 0.137037 0.251593
0 0.333854 0.388889 0.021875 0.114815 0.260332
0 0.335417 0.414815 0.0229167 0.118519 0.26133
0 0.527604 0.412037 0.0302083 0.131481 0.262866
0 0.333854 0.389815 0.021875 0.112963 0.267558
13 0.364062 0.476852 0.123958 0.116667 0.267682
0 0.4625 0.394444 0.0520833 0.12963 0.268448
13 0.335938 0.469444 0.161458 0.135185 0.274662
0 0.476562 0.386111 0.0239583 0.131481 0.279722
0 0.476562 0.386111 0.0239583 0.131481 0.28216
0 0.333854 0.389815 0.021875 0.112963 0.282195
0 0.665625 0.428704 0.0479167 0.257407 0.282543
0 0.333333 0.39537 0.0229167 0.127778 0.296723
0 0.118229 0.386111 0.0239583 0.105556 0.298509
0 0.118229 0.387037 0.021875 0.103704 0.299565
0 0.665625 0.428704 0.0479167 0.257407 0.300016
0 0.108854 0.383333 0.0239583 0.111111 0.301392
0 0.666146 0.42963 0.046875 0.262963 0.303006
0 0.477083 0.393519 0.025 0.124074 0.306431
0 0.563542 0.392593 0.01875 0.107407 0.306484
0 0.117188 0.384259 0.0239583 0.109259 0.306534
0 0.116146 0.380556 0.0239583 0.12037 0.311004
0 0.118229 0.386111 0.021875 0.105556 0.314751
0 0.507812 0.384259 0.021875 0.101852 0.315226
0 0.464583 0.393519 0.05 0.127778 0.315968
0 0.208854 0.397222 0.0260417 0.116667 0.316438
0 0.447917 0.393519 0.0291667 0.142593 0.320716
0 0.109375 0.383333 0.025 0.111111 0.323943
0 0.108854 0.383333 0.0239583 0.111111 0.32561
0 0.335417 0.401852 0.0208333 0.118519 0.327537
0 0.335417 0.413889 0.0208333 0.109259 0.329445
0 0.478646 0.392593 0.0260417 0.12963 0.340647
0 0.448438 0.393519 0.0260417 0.131481 0.341468
0 0.445833 0.393519 0.025 0.124074 0.344376
0 0.335417 0.402778 0.0208333 0.124074 0.350281
0 0.665625 0.417593 0.04375 0.235185 0.350762
0 0.923958 0.614815 0.152083 0.655556 0.355212
24 0.964583 0.544444 0.0708333 0.259259 0.356755
24 0.961979 0.550926 0.0760417 0.253704 0.357294
0 0.790625 0.617593 0.122917 0.624074 0.358573
0 0.513021 0.393519 0.0302083 0.112963 0.358822
0 0.335417 0.402778 0.0208333 0.124074 0.363381
24 0.964583 0.544444 0.0708333 0.259259 0.364176
0 0.334896 0.402778 0.021875 0.116667 0.364196
0 0.790625 0.618519 0.122917 0.633333 0.369111
0 0.334896 0.412963 0.021875 0.114815 0.369257
0 0.208854 0.396296 0.0260417 0.114815 0.370224
0 0.334896 0.412963 0.021875 0.114815 0.375045
24 0.964583 0.544444 0.0708333 0.259259 0.380259
0 0.447396 0.392593 0.028125 0.140741 0.382975
0 0.117708 0.387037 0.0229167 0.111111 0.389086
0 0.926042 0.608333 0.147917 0.646296 0.390499
0 0.208854 0.396296 0.0260417 0.114815 0.39548
0 0.118229 0.386111 0.021875 0.109259 0.396058
0 0.334375 0.399074 0.0229167 0.124074 0.396068
0 0.11875 0.386111 0.0229167 0.109259 0.396243
0 0.791667 0.60463 0.11875 0.598148 0.399925
0 0.334375 0.4 0.0229167 0.122222 0.401889
0 0.509375 0.387963 0.0208333 0.0981481 0.405269
0 0.666146 0.416667 0.0447917 0.248148 0.412253
24 0.9625 0.550926 0.075 0.257407 0.419363
0 0.446354 0.39537 0.0239583 0.135185 0.423887
0 0.334375 0.401852 0.0208333 0.125926 0.425408
0 0.5625 0.387963 0.0208333 0.0944444 0.427524
0 0.791146 0.60463 0.119792 0.594444 0.429244
0 0.509375 0.387963 0.0208333 0.101852 0.432447
0 0.526042 0.415741 0.03125 0.146296 0.435558
0 0.664062 0.427778 0.0447917 0.262963 0.436079
0 0.508333 0.387037 0.0208333 0.1 0.443538
0 0.448438 0.393519 0.0260417 0.138889 0.446948
0 0.446354 0.393519 0.0239583 0.131481 0.447789
0 0.446354 0.394444 0.0239583 0.12963 0.447846
0 0.509375 0.387963 0.0208333 0.101852 0.447875
0 0.526042 0.415741 0.03125 0.146296 0.448561
0 0.528646 0.413889 0.0302083 0.146296 0.45148
0 0.208854 0.397222 0.0260417 0.112963 0.452341
0 0.445833 0.394444 0.025 0.133333 0.453567
0 0.5625 0.387037 0.0208333 0.0962963 0.45564
0 0.5625 0.387037 0.0208333 0.0962963 0.456649
0 0.447917 0.393519 0.0270833 0.138889 0.457152
24 0.966146 0.555556 0.0677083 0.27037 0.459998
0 0.918229 0.613889 0.155208 0.657407 0.462093
0 0.925521 0.608333 0.146875 0.646296 0.462783
0 0.508333 0.387037 0.0208333 0.103704 0.463416
0 0.508333 0.387037 0.0208333 0.103704 0.467002
0 0.208854 0.39537 0.0239583 0.116667 0.471672
0 0.665625 0.421296 0.04375 0.242593 0.471816
24 0.966667 0.555556 0.0666667 0.27037 0.479504
0 0.527604 0.413889 0.0322917 0.142593 0.482708
24 0.966146 0.555556 0.0677083 0.27037 0.486794
0 0.528646 0.413889 0.0302083 0.142593 0.489146
0 0.527604 0.413889 0.0322917 0.142593 0.489234
0 0.528125 0.413889 0.0291667 0.142593 0.490049
0 0.477604 0.393519 0.0239583 0.127778 0.493659
0 0.208854 0.396296 0.0239583 0.118519 0.49473
0 0.208854 0.396296 0.0239583 0.114815 0.494933
0 0.208333 0.396296 0.025 0.111111 0.506174
0 0.527083 0.413889 0.03125 0.142593 0.511648
0 0.477083 0.394444 0.0229167 0.125926 0.514044
0 0.561979 0.387037 0.0197917 0.0925926 0.514159
0 0.446875 0.394444 0.025 0.133333 0.514445
0 0.920313 0.615741 0.157292 0.657407 0.517247
0 0.446875 0.394444 0.025 0.133333 0.517889
0 0.208854 0.396296 0.0260417 0.114815 0.517908
0 0.478125 0.392593 0.025 0.12963 0.518912
0 0.446354 0.393519 0.0260417 0.138889 0.523159
0 0.665104 0.421296 0.0427083 0.242593 0.528845
0 0.477604 0.393519 0.0239583 0.131481 0.549217
0 0.919792 0.62037 0.1375 0.622222 0.553068
0 0.561979 0.387037 0.0197917 0.0962963 0.553869
0 0.477604 0.393519 0.0239583 0.131481 0.554734
0 0.561979 0.387037 0.0197917 0.0962963 0.560586
0 0.561458 0.392593 0.01875 0.1 0.564218
0 0.528125 0.412963 0.03125 0.148148 0.572083
0 0.527604 0.412963 0.0302083 0.148148 0.577832
0 0.561979 0.392593 0.0177083 0.1 0.579854
0 0.561458 0.393519 0.01875 0.101852 0.581132
0 0.561458 0.393519 0.01875 0.101852 0.584972
0 0.920313 0.621296 0.136458 0.638889 0.589122
0 0.5625 0.393519 0.01875 0.101852 0.610136
0 0.919792 0.611111 0.160417 0.640741 0.614254
0 0.561458 0.392593 0.01875 0.103704 0.615909
0 0.5625 0.393519 0.01875 0.101852 0.617203
0 0.561979 0.391667 0.0197917 0.105556 0.64485
0 0.477083 0.389815 0.0229167 0.124074 0.650486
0 0.477604 0.389815 0.0239583 0.124074 0.659908
0 0.527083 0.415741 0.03125 0.146296 0.663878
0 0.477604 0.389815 0.0239583 0.124074 0.665411
0 0.477083 0.390741 0.0229167 0.125926 0.668005
0 0.477083 0.391667 0.0229167 0.124074 0.670676
0 0.477604 0.390741 0.0239583 0.122222 0.672411
0 0.527083 0.415741 0.03125 0.142593 0.674058
0 0.920833 0.615741 0.147917 0.635185 0.696628
0 0.792188 0.606481 0.121875 0.62037 0.701882
0 0.208854 0.398148 0.0239583 0.118519 0.70879
0 0.529167 0.413889 0.03125 0.142593 0.715415
0 0.208854 0.398148 0.0239583 0.118519 0.721611
0 0.792188 0.609259 0.121875 0.618519 0.723736
0 0.208854 0.398148 0.0239583 0.118519 0.724047
0 0.665625 0.425 0.04375 0.253704 0.728296
0 0.920833 0.613889 0.152083 0.627778 0.728928
0 0.665104 0.425 0.0447917 0.253704 0.729244
0 0.665104 0.425 0.0447917 0.253704 0.732248
0 0.529167 0.413889 0.03125 0.142593 0.732942
0 0.665625 0.422222 0.0458333 0.255556 0.733714
0 0.529167 0.413889 0.03125 0.142593 0.74657
0 0.921354 0.613889 0.146875 0.635185 0.776234
0 0.918229 0.613889 0.148958 0.653704 0.782371
0 0.208854 0.396296 0.0239583 0.111111 0.782693
0 0.792708 0.615741 0.120833 0.62037 0.783754
0 0.664062 0.425 0.0447917 0.253704 0.786895
0 0.91875 0.612963 0.15 0.655556 0.786935
0 0.665104 0.424074 0.0427083 0.248148 0.794387
0 0.208854 0.397222 0.0239583 0.112963 0.799521
0 0.208854 0.396296 0.0239583 0.122222 0.800108
0 0.208854 0.396296 0.0239583 0.114815 0.801456
0 0.921354 0.615741 0.151042 0.657407 0.802076
0 0.664583 0.425926 0.04375 0.255556 0.803091
0 0.208854 0.397222 0.0239583 0.12037 0.805792
0 0.665104 0.425 0.0427083 0.25 0.807786
0 0.665104 0.425 0.0427083 0.25 0.811073
0 0.208854 0.397222 0.0239583 0.12037 0.81142
0 0.664062 0.424074 0.0447917 0.255556 0.814385
0 0.792708 0.616667 0.120833 0.622222 0.83238
0 0.920833 0.614815 0.152083 0.659259 0.844382
0 0.665104 0.422222 0.0427083 0.255556 0.857629
0 0.792188 0.619444 0.123958 0.631481 0.878526
0 0.792708 0.619444 0.122917 0.627778 0.884495
0 0.792188 0.619444 0.123958 0.627778 0.890163
0 0.792708 0.619444 0.122917 0.627778 0.890859
0 0.792188 0.608333 0.119792 0.631481 0.897712
0 0.791667 0.610185 0.120833 0.627778 0.904156
