0 0.0140625 0.428704 0.028125 0.17963 0.250959
0 0.969271 0.556481 0.0614583 0.564815 0.253279
0 0.316146 0.357407 0.0260417 0.0555556 0.254345
0 0.834375 0.387037 0.0270833 0.144444 0.256517
0 0.969271 0.555556 0.0614583 0.57037 0.262289
36 0.977604 0.810185 0.0447917 0.0685185 0.262521
0 0.833854 0.388889 0.0239583 0.148148 0.263222
0 0.441667 0.364815 0.0270833 0.114815 0.2656
13 0.401042 0.443519 0.09375 0.0796296 0.265702
0 0.294271 0.373148 0.021875 0.105556 0.266355
0 0.0145833 0.428704 0.0291667 0.17963 0.266448
0 0.403646 0.34537 0.0177083 0.0833333 0.26769
0 0.403125 0.346296 0.0166667 0.0814815 0.267813
13 0.401042 0.443519 0.09375 0.0796296 0.268032
36 0.978125 0.818519 0.04375 0.0518519 0.268336
36 0.978125 0.817593 0.04375 0.05 0.26849
0 0.316146 0.357407 0.0260417 0.0555556 0.270775
0 0.294271 0.373148 0.021875 0.105556 0.271507
0 0.440625 0.361111 0.0270833 0.118519 0.273175
13 0.388542 0.446296 0.116667 0.0851852 0.273897
36 0.978125 0.818519 0.04375 0.0518519 0.275835
0 0.402604 0.348148 0.0177083 0.0777778 0.276181
0 0.440625 0.361111 0.0270833 0.114815 0.277842
0 0.418229 0.34537 0.0177083 0.0796296 0.279393
0 0.441146 0.362963 0.0260417 0.111111 0.28054
0 0.833854 0.387963 0.0260417 0.142593 0.282001
0 0.545833 0.391667 0.0291667 0.135185 0.283528
0 0.834896 0.387037 0.028125 0.144444 0.288052
0 0.403646 0.34537 0.0177083 0.0833333 0.288442
0 0.403125 0.34537 0.0166667 0.0796296 0.292444
0 0.441146 0.368519 0.0239583 0.107407 0.292661
0 0.418229 0.348148 0.0177083 0.0814815 0.293232
13 0.397917 0.444444 0.102083 0.0814815 0.294024
0 0.441667 0.368519 0.0229167 0.107407 0.300832
13 0.432292 0.603704 0.1875 0.114815 0.302787
0 0.41875 0.34537 0.0166667 0.0796296 0.303174
0 0.41875 0.347222 0.0166667 0.0796296 0.305941
36 0.978125 0.813889 0.04375 0.0611111 0.306127
0 0.0541667 0.426852 0.0541667 0.224074 0.307409
0 0.403125 0.34537 0.0166667 0.0796296 0.311313
0 0.498958 0.37037 0.0208333 0.1 0.312025
0 0.403125 0.34537 0.0166667 0.0833333 0.31712
0 0.498437 0.37037 0.0197917 0.0962963 0.317439
0 0.441667 0.368519 0.0229167 0.107407 0.318448
13 0.392188 0.44537 0.109375 0.0833333 0.319667
0 0.283333 0.376852 0.01875 0.0944444 0.322186
0 0.834896 0.386111 0.0260417 0.142593 0.322329
0 0.0583333 0.428704 0.0520833 0.22037 0.323807
0 0.283333 0.375926 0.0208333 0.0962963 0.325206
0 0.0536458 0.425926 0.0552083 0.225926 0.325511
0 0.498958 0.37037 0.0208333 0.1 0.331041
13 0.395312 0.446296 0.096875 0.0814815 0.333145
0 0.41875 0.347222 0.0166667 0.0796296 0.334009
13 0.395312 0.446296 0.096875 0.0814815 0.334086
0 0.339063 0.35463 0.021875 0.0685185 0.335394
0 0.41875 0.34537 0.0166667 0.0796296 0.33624
0 0.29375 0.374074 0.0229167 0.0925926 0.343375
0 0.282813 0.376852 0.0197917 0.0944444 0.349874
0 0.500521 0.366667 0.0177083 0.0851852 0.351742
36 0.978125 0.814815 0.04375 0.0592593 0.354816
0 0.496354 0.37037 0.0239583 0.0962963 0.355033
0 0.339063 0.35463 0.021875 0.0685185 0.355296
0 0.441667 0.361111 0.025 0.114815 0.360083
0 0.5 0.366667 0.01875 0.0851852 0.360713
0 0.0588542 0.427778 0.053125 0.222222 0.363781
0 0.441146 0.362037 0.0260417 0.109259 0.368381
0 0.5 0.366667 0.01875 0.0851852 0.369528
0 0.501042 0.368519 0.0166667 0.0925926 0.371781
0 0.0135417 0.433333 0.0270833 0.177778 0.372711
0 0.440625 0.361111 0.025 0.118519 0.373232
0 0.441146 0.364815 0.0260417 0.114815 0.376688
0 0.496354 0.37037 0.0239583 0.1 0.377946
0 0.440104 0.361111 0.0239583 0.118519 0.378543
0 0.0135417 0.434259 0.0270833 0.183333 0.37914
0 0.339063 0.35463 0.021875 0.0685185 0.379364
0 0.496354 0.37037 0.0239583 0.1 0.383892
0 0.341146 0.355556 0.0197917 0.0703704 0.384094
0 0.834375 0.387037 0.025 0.144444 0.384323
0 0.292188 0.376852 0.021875 0.101852 0.385201
0 0.338542 0.355556 0.0229167 0.0666667 0.386315
0 0.291667 0.375 0.0229167 0.101852 0.388974
0 0.440104 0.360185 0.0239583 0.116667 0.398938
0 0.834896 0.387037 0.0260417 0.140741 0.402903
0 0.971875 0.537037 0.05625 0.566667 0.404364
0 0.340104 0.355556 0.021875 0.0703704 0.41427
0 0.340104 0.355556 0.021875 0.0703704 0.416373
0 0.972396 0.538889 0.0552083 0.555556 0.42498
0 0.5 0.367593 0.0166667 0.0907407 0.431131
0 0.340104 0.355556 0.021875 0.0703704 0.441163
0 0.340104 0.35463 0.0197917 0.0685185 0.449113
0 0.291667 0.376852 0.0208333 0.101852 0.453201
0 0.291667 0.376852 0.0208333 0.101852 0.456819
0 0.5 0.368519 0.0166667 0.0888889 0.457498
0 0.484375 0.371296 0.0229167 0.109259 0.464236
0 0.291667 0.376852 0.0208333 0.101852 0.467864
0 0.499479 0.368519 0.0177083 0.0888889 0.473383
0 0.499479 0.368519 0.0177083 0.0888889 0.486387
0 0.05625 0.427778 0.0541667 0.214815 0.519974
0 0.484375 0.372222 0.0208333 0.111111 0.545731
0 0.0541667 0.431481 0.0583333 0.222222 0.549947
0 0.0140625 0.439815 0.028125 0.183333 0.55194
0 0.0151042 0.431481 0.0302083 0.192593 0.552649
0 0.546354 0.393519 0.0302083 0.15 0.556449
0 0.0140625 0.439815 0.028125 0.183333 0.557693
0 0.546354 0.393519 0.0322917 0.15 0.559491
0 0.482812 0.37037 0.0197917 0.114815 0.569723
0 0.05625 0.428704 0.0541667 0.216667 0.570951
0 0.0151042 0.432407 0.0302083 0.194444 0.571957
0 0.0145833 0.438889 0.0291667 0.185185 0.573925
0 0.601562 0.381481 0.0322917 0.174074 0.575373
0 0.545313 0.393519 0.0302083 0.153704 0.578179
0 0.601042 0.381481 0.03125 0.17037 0.585922
0 0.441146 0.363889 0.0239583 0.105556 0.592066
0 0.545833 0.392593 0.03125 0.151852 0.592891
0 0.546354 0.393519 0.0302083 0.153704 0.592901
0 0.482812 0.371296 0.0197917 0.116667 0.593874
0 0.0546875 0.430556 0.0572917 0.224074 0.596453
0 0.482812 0.371296 0.0197917 0.116667 0.598328
0 0.482812 0.371296 0.0197917 0.112963 0.599889
0 0.482812 0.371296 0.0197917 0.112963 0.603789
0 0.482812 0.371296 0.0197917 0.112963 0.605277
0 0.0546875 0.431481 0.0572917 0.225926 0.618729
0 0.195312 0.393519 0.028125 0.116667 0.642198
0 0.05625 0.428704 0.0541667 0.216667 0.647131
0 0.441146 0.363889 0.0239583 0.112963 0.649952
0 0.195312 0.394444 0.028125 0.114815 0.652683
0 0.0145833 0.436111 0.0291667 0.183333 0.653774
0 0.971354 0.55463 0.0572917 0.561111 0.654782
0 0.971354 0.557407 0.0572917 0.562963 0.656246
0 0.195312 0.393519 0.028125 0.116667 0.661588
0 0.0588542 0.42963 0.0510417 0.222222 0.666021
0 0.0583333 0.428704 0.05 0.22037 0.66831
0 0.0145833 0.436111 0.0291667 0.183333 0.66952
0 0.194792 0.393519 0.0270833 0.116667 0.669603
0 0.441667 0.365741 0.025 0.109259 0.67258
0 0.195833 0.393519 0.0270833 0.116667 0.674122
0 0.545833 0.391667 0.0291667 0.15 0.676347
0 0.546354 0.391667 0.0302083 0.15 0.679696
0 0.970312 0.544444 0.059375 0.548148 0.682652
0 0.441146 0.366667 0.0239583 0.107407 0.683542
0 0.0135417 0.436111 0.0270833 0.187037 0.685097
0 0.195833 0.396296 0.0270833 0.118519 0.685282
0 0.0140625 0.436111 0.028125 0.187037 0.686691
0 0.195833 0.396296 0.0270833 0.118519 0.686715
0 0.0135417 0.437037 0.0270833 0.185185 0.686957
0 0.441667 0.364815 0.025 0.107407 0.693679
0 0.0145833 0.436111 0.0291667 0.187037 0.694389
0 0.441146 0.366667 0.0239583 0.107407 0.695414
0 0.970833 0.544444 0.0583333 0.551852 0.700054
0 0.195833 0.396296 0.0270833 0.118519 0.710008
0 0.195833 0.393519 0.0270833 0.112963 0.71202
0 0.441667 0.364815 0.0229167 0.111111 0.713024
0 0.441146 0.364815 0.0239583 0.111111 0.719085
0 0.0557292 0.428704 0.0552083 0.22037 0.7196
0 0.545833 0.392593 0.03125 0.151852 0.728431
0 0.970833 0.556481 0.0583333 0.557407 0.728935
0 0.195833 0.394444 0.0270833 0.114815 0.733908
0 0.195833 0.394444 0.0270833 0.114815 0.739226
0 0.545833 0.392593 0.03125 0.151852 0.740059
0 0.545833 0.391667 0.0291667 0.153704 0.743066
0 0.546354 0.392593 0.0302083 0.148148 0.746628
0 0.0145833 0.436111 0.0291667 0.187037 0.749301
0 0.0557292 0.42963 0.0552083 0.222222 0.751477
0 0.546354 0.392593 0.0302083 0.148148 0.751661
0 0.195833 0.394444 0.0270833 0.114815 0.752606
0 0.0552083 0.430556 0.0541667 0.224074 0.754216
0 0.545833 0.392593 0.03125 0.151852 0.759794
0 0.546354 0.391667 0.0302083 0.153704 0.760882
0 0.195833 0.394444 0.0270833 0.114815 0.761073
0 0.601562 0.380556 0.0302083 0.164815 0.761649
0 0.546354 0.391667 0.0302083 0.15 0.769458
0 0.602083 0.380556 0.03125 0.164815 0.77304
0 0.195833 0.394444 0.0270833 0.114815 0.774796
0 0.601562 0.380556 0.0302083 0.164815 0.777755
0 0.0567708 0.431481 0.0552083 0.218519 0.785334
0 0.602083 0.37963 0.03125 0.162963 0.785857
0 0.195833 0.393519 0.0270833 0.116667 0.788168
0 0.05625 0.430556 0.0541667 0.22037 0.788986
0 0.05625 0.428704 0.0541667 0.227778 0.790249
0 0.602083 0.380556 0.03125 0.164815 0.791217
0 0.0557292 0.42963 0.0552083 0.218519 0.792936
0 0.195833 0.394444 0.0270833 0.122222 0.798253
0 0.195833 0.394444 0.0270833 0.118519 0.798934
0 0.05625 0.428704 0.0541667 0.227778 0.800989
0 0.970833 0.553704 0.0583333 0.559259 0.806793
0 0.970833 0.555556 0.0583333 0.559259 0.811472
0 0.601562 0.380556 0.0322917 0.164815 0.815945
0 0.195312 0.394444 0.0260417 0.118519 0.820207
0 0.970833 0.551852 0.0583333 0.562963 0.821625
0 0.601562 0.380556 0.0322917 0.164815 0.826989
0 0.602083 0.380556 0.03125 0.164815 0.83718
0 0.602083 0.381481 0.03125 0.166667 0.849368
0 0.970833 0.556481 0.0583333 0.561111 0.851613
0 0.601562 0.380556 0.0322917 0.164815 0.855146
0 0.602083 0.381481 0.03125 0.166667 0.861922
0 0.601042 0.380556 0.03125 0.164815 0.875257
0 0.601042 0.381481 0.03125 0.162963 0.87562
