13 0.340104 0.492593 0.161458 0.140741 0.250293
28 0.0296875 0.444444 0.0364583 0.0555556 0.25219
26 0.64375 0.476852 0.0208333 0.0722222 0.253316
0 0.441667 0.393519 0.0270833 0.131481 0.253369
0 0.441667 0.393519 0.0270833 0.127778 0.256558
0 0.523958 0.407407 0.0270833 0.12963 0.259244
13 0.340625 0.492593 0.160417 0.144444 0.259842
0 0.522396 0.411111 0.0260417 0.137037 0.262005
13 0.29375 0.47037 0.0833333 0.137037 0.26418
0 0.330208 0.402778 0.0229167 0.127778 0.265611
0 0.468229 0.393519 0.0385417 0.12037 0.267017
0 0.442187 0.384259 0.0239583 0.127778 0.267084
0 0.657812 0.427778 0.0447917 0.248148 0.271301
26 0.64375 0.477778 0.0208333 0.0740741 0.272178
0 0.933854 0.588889 0.132292 0.596296 0.273213
26 0.64375 0.476852 0.0208333 0.0722222 0.274954
0 0.440625 0.393519 0.0229167 0.124074 0.276242
13 0.29375 0.469444 0.0833333 0.138889 0.279025
13 0.29375 0.469444 0.0833333 0.138889 0.279178
0 0.503125 0.382407 0.025 0.101852 0.279632
0 0.930208 0.608333 0.1375 0.638889 0.286873
0 0.441146 0.394444 0.021875 0.125926 0.288024
0 0.470833 0.392593 0.0333333 0.118519 0.289496
0 0.474479 0.393519 0.028125 0.124074 0.291094
13 0.344792 0.480556 0.158333 0.12037 0.291365
24 0.965625 0.531482 0.06875 0.240741 0.292235
0 0.330729 0.402778 0.028125 0.142593 0.292409
0 0.655208 0.426852 0.0479167 0.261111 0.298245
13 0.307292 0.472222 0.108333 0.148148 0.299066
0 0.477604 0.388889 0.021875 0.111111 0.300469
13 0.307813 0.473148 0.107292 0.15 0.300543
13 0.336458 0.482407 0.166667 0.157407 0.304733
0 0.330208 0.402778 0.0270833 0.135185 0.307488
13 0.307292 0.473148 0.10625 0.15 0.308133
0 0.441146 0.394444 0.021875 0.125926 0.308234
24 0.973437 0.537963 0.053125 0.242593 0.309
26 0.642708 0.47963 0.0208333 0.0777778 0.312619
0 0.657812 0.426852 0.0510417 0.257407 0.312642
0 0.534375 0.401852 0.04375 0.12963 0.319087
0 0.503125 0.382407 0.025 0.101852 0.320479
0 0.477083 0.389815 0.0229167 0.112963 0.320697
24 0.973958 0.537037 0.0520833 0.244444 0.322361
0 0.503646 0.382407 0.0239583 0.101852 0.322488
0 0.330208 0.402778 0.0270833 0.142593 0.324651
24 0.973958 0.537037 0.0520833 0.244444 0.325182
0 0.329688 0.402778 0.0239583 0.135185 0.33073
0 0.929167 0.607407 0.139583 0.637037 0.33134
0 0.441667 0.393519 0.025 0.127778 0.3346
13 0.346354 0.481481 0.151042 0.107407 0.336141
13 0.296354 0.467593 0.0864583 0.135185 0.336593
0 0.477083 0.389815 0.0229167 0.112963 0.337095
13 0.346354 0.480556 0.153125 0.109259 0.340598
0 0.329688 0.402778 0.021875 0.135185 0.340767
0 0.517708 0.405556 0.0395833 0.144444 0.340914
24 0.965625 0.538889 0.06875 0.259259 0.347399
0 0.474479 0.393519 0.028125 0.124074 0.348155
0 0.504687 0.384259 0.021875 0.105556 0.348423
0 0.523958 0.40463 0.0270833 0.127778 0.350473
24 0.96875 0.543519 0.0625 0.253704 0.364369
24 0.969271 0.544444 0.0614583 0.255556 0.375019
13 0.338021 0.482407 0.165625 0.161111 0.378554
0 0.520833 0.405556 0.0354167 0.144444 0.380502
0 0.927083 0.602778 0.1375 0.624074 0.382382
0 0.557813 0.37963 0.0197917 0.0851852 0.385761
24 0.96875 0.543519 0.0625 0.253704 0.386282
0 0.442187 0.393519 0.0239583 0.131481 0.398467
0 0.116667 0.384259 0.0208333 0.105556 0.400484
0 0.475 0.393519 0.0270833 0.124074 0.404641
0 0.330729 0.403704 0.0260417 0.133333 0.407109
0 0.521354 0.406481 0.034375 0.146296 0.407299
0 0.115625 0.385185 0.01875 0.1 0.420737
0 0.522917 0.413889 0.0291667 0.142593 0.421909
0 0.115104 0.383333 0.0197917 0.107407 0.428814
0 0.111979 0.384259 0.021875 0.109259 0.430904
0 0.522917 0.412963 0.0291667 0.140741 0.433629
0 0.114583 0.381481 0.0208333 0.114815 0.433752
0 0.115625 0.385185 0.01875 0.103704 0.436499
0 0.557292 0.37963 0.01875 0.0851852 0.437402
0 0.557292 0.37963 0.01875 0.0851852 0.440187
0 0.113021 0.383333 0.021875 0.107407 0.441961
0 0.472396 0.394444 0.0239583 0.122222 0.447428
0 0.1125 0.383333 0.0208333 0.107407 0.448198
0 0.330208 0.409259 0.025 0.125926 0.454894
0 0.115625 0.385185 0.01875 0.103704 0.457325
0 0.329688 0.402778 0.0260417 0.138889 0.463637
24 0.966667 0.537963 0.0666667 0.261111 0.46636
0 0.523438 0.405556 0.028125 0.140741 0.476993
0 0.523438 0.405556 0.028125 0.140741 0.478119
0 0.203125 0.394444 0.0270833 0.114815 0.480876
13 0.341667 0.482407 0.1625 0.124074 0.482407
0 0.657292 0.425926 0.0479167 0.255556 0.483338
0 0.504687 0.386111 0.0197917 0.105556 0.491022
0 0.656771 0.425926 0.0489583 0.255556 0.493636
13 0.338542 0.480556 0.166667 0.142593 0.495056
0 0.657812 0.426852 0.0489583 0.253704 0.498898
0 0.524479 0.412963 0.0302083 0.148148 0.501665
0 0.521875 0.409259 0.03125 0.148148 0.5063
0 0.521354 0.409259 0.0322917 0.148148 0.507744
0 0.523958 0.408333 0.0270833 0.146296 0.514559
0 0.523958 0.408333 0.0270833 0.146296 0.515749
13 0.336458 0.475926 0.164583 0.137037 0.516126
24 0.967708 0.534259 0.0645833 0.25 0.51691
13 0.339063 0.480556 0.163542 0.146296 0.517642
0 0.921354 0.60463 0.136458 0.638889 0.520017
13 0.338021 0.47963 0.163542 0.148148 0.522664
0 0.921354 0.603704 0.136458 0.640741 0.523188
0 0.55625 0.383333 0.01875 0.1 0.523809
0 0.203646 0.39537 0.0260417 0.112963 0.526297
0 0.927604 0.602778 0.136458 0.624074 0.527455
24 0.967708 0.533333 0.0645833 0.248148 0.52763
0 0.521875 0.408333 0.03125 0.15 0.529067
13 0.338542 0.47963 0.164583 0.144444 0.531012
0 0.504687 0.385185 0.0197917 0.103704 0.531063
0 0.330729 0.405556 0.0239583 0.125926 0.534506
0 0.115625 0.385185 0.0208333 0.1 0.537141
0 0.524479 0.412963 0.0302083 0.148148 0.540522
0 0.523958 0.412037 0.0291667 0.146296 0.541022
24 0.967708 0.533333 0.0645833 0.248148 0.542026
0 0.504687 0.385185 0.0197917 0.103704 0.543784
0 0.203125 0.394444 0.0270833 0.114815 0.544107
0 0.115625 0.385185 0.0208333 0.103704 0.548578
0 0.115625 0.385185 0.0208333 0.103704 0.552202
0 0.475 0.393519 0.0270833 0.112963 0.55647
0 0.504687 0.385185 0.021875 0.107407 0.557864
0 0.472396 0.391667 0.021875 0.12037 0.559138
0 0.557292 0.384259 0.01875 0.0981481 0.566703
0 0.65625 0.425926 0.0458333 0.266667 0.570121
0 0.475 0.393519 0.0270833 0.112963 0.571355
0 0.504687 0.384259 0.021875 0.109259 0.57652
0 0.472396 0.391667 0.021875 0.12037 0.583923
0 0.330729 0.402778 0.0239583 0.135185 0.584223
0 0.331771 0.408333 0.0260417 0.124074 0.584901
0 0.472396 0.392593 0.021875 0.118519 0.586525
0 0.504687 0.384259 0.021875 0.109259 0.58661
0 0.475 0.393519 0.0270833 0.112963 0.588333
0 0.556771 0.389815 0.0177083 0.101852 0.590717
0 0.441667 0.393519 0.0229167 0.124074 0.593989
0 0.203646 0.39537 0.0260417 0.112963 0.595248
0 0.790104 0.603704 0.109375 0.585185 0.596522
0 0.331771 0.405556 0.0239583 0.12963 0.600771
0 0.331771 0.40463 0.0239583 0.131481 0.603243
0 0.204167 0.396296 0.025 0.114815 0.605564
0 0.331771 0.407407 0.0260417 0.125926 0.608495
0 0.557292 0.384259 0.01875 0.0981481 0.608856
0 0.331771 0.408333 0.0260417 0.124074 0.608993
0 0.203646 0.39537 0.0260417 0.112963 0.610359
0 0.556771 0.387037 0.0197917 0.103704 0.616937
0 0.557292 0.384259 0.01875 0.0981481 0.620857
0 0.790104 0.60463 0.109375 0.587037 0.624899
0 0.522917 0.412037 0.0270833 0.146296 0.627684
0 0.522917 0.411111 0.0270833 0.144444 0.629102
0 0.441667 0.389815 0.025 0.124074 0.629881
0 0.204167 0.396296 0.025 0.114815 0.63124
0 0.203125 0.39537 0.025 0.112963 0.632241
0 0.556771 0.388889 0.0177083 0.103704 0.632389
0 0.556771 0.388889 0.0177083 0.103704 0.633002
0 0.204167 0.396296 0.025 0.111111 0.644054
0 0.442187 0.390741 0.0239583 0.122222 0.649908
0 0.442187 0.390741 0.0239583 0.122222 0.65012
0 0.442187 0.389815 0.0239583 0.127778 0.652335
0 0.442187 0.389815 0.0239583 0.127778 0.652592
0 0.442187 0.389815 0.0239583 0.127778 0.656793
0 0.473437 0.392593 0.0239583 0.118519 0.670292
0 0.655729 0.424074 0.046875 0.248148 0.670478
0 0.473437 0.393519 0.0239583 0.12037 0.676335
0 0.921354 0.606481 0.142708 0.635185 0.681923
0 0.472917 0.392593 0.025 0.118519 0.692656
0 0.655729 0.424074 0.046875 0.251852 0.696516
0 0.792708 0.603704 0.110417 0.614815 0.717154
0 0.792188 0.60463 0.111458 0.609259 0.723712
0 0.204167 0.396296 0.025 0.114815 0.724426
0 0.919792 0.608333 0.133333 0.631481 0.728809
0 0.655729 0.424074 0.046875 0.248148 0.740394
0 0.920833 0.606481 0.1375 0.635185 0.752362
0 0.204167 0.397222 0.025 0.112963 0.756841
0 0.204688 0.397222 0.0239583 0.112963 0.7664
0 0.656771 0.426852 0.0447917 0.253704 0.772911
0 0.656771 0.426852 0.0447917 0.253704 0.786275
0 0.203646 0.396296 0.0239583 0.111111 0.789098
0 0.656771 0.425926 0.0447917 0.255556 0.78931
0 0.203646 0.39537 0.0260417 0.112963 0.789327
0 0.203125 0.394444 0.025 0.114815 0.790224
0 0.791146 0.612037 0.109375 0.601852 0.79136
0 0.919792 0.607407 0.133333 0.633333 0.804185
0 0.203646 0.39537 0.0260417 0.116667 0.817827
0 0.204167 0.39537 0.025 0.116667 0.824005
0 0.926562 0.60463 0.138542 0.642593 0.832457
0 0.203125 0.39537 0.025 0.116667 0.840352
0 0.657292 0.424074 0.0458333 0.248148 0.84499
0 0.791146 0.612037 0.109375 0.605556 0.849638
0 0.657292 0.423148 0.0458333 0.25 0.851621
0 0.926042 0.60463 0.1375 0.638889 0.852808
0 0.657292 0.423148 0.0458333 0.25 0.857377
0 0.657292 0.427778 0.0458333 0.266667 0.872964
0 0.791667 0.612037 0.1125 0.609259 0.888863
0 0.791667 0.611111 0.1125 0.607407 0.896312
0 0.792188 0.612963 0.109375 0.607407 0.897074
0 0.791667 0.60463 0.110417 0.62037 0.898813
0 0.792188 0.612963 0.109375 0.607407 0.902856
0 0.791667 0.60463 0.110417 0.624074 0.904689
