0 0.714583 0.387963 0.0520833 0.316667 0.250092
0 0.709896 0.392593 0.0427083 0.322222 0.250832
0 0.382812 0.316667 0.0135417 0.0518519 0.255442
0 0.482812 0.342593 0.0197917 0.0962963 0.257477
24 0.761979 0.348148 0.0364583 0.1 0.257804
13 0.203646 0.486111 0.176042 0.187037 0.259105
0 0.598958 0.348148 0.025 0.111111 0.259587
0 0.615625 0.321296 0.0166667 0.0907407 0.26041
0 0.382292 0.317593 0.0125 0.0537037 0.260917
0 0.709896 0.392593 0.0427083 0.322222 0.261424
0 0.710417 0.392593 0.04375 0.318519 0.263111
13 0.201562 0.487963 0.173958 0.194444 0.267463
0 0.129167 0.339815 0.05625 0.164815 0.271917
24 0.7625 0.347222 0.0375 0.105556 0.272838
0 0.129167 0.339815 0.05625 0.164815 0.275423
0 0.127083 0.336111 0.0583333 0.15 0.276209
0 0.382812 0.319444 0.0135417 0.0611111 0.280573
13 0.271875 0.739815 0.266667 0.35 0.280589
24 0.761979 0.347222 0.0364583 0.105556 0.280644
0 0.482292 0.343519 0.0208333 0.0981481 0.282845
0 0.367188 0.32963 0.021875 0.1 0.283619
0 0.603125 0.340741 0.03125 0.125926 0.284257
13 0.201042 0.487037 0.177083 0.192593 0.284446
13 0.202083 0.487963 0.177083 0.194444 0.286968
0 0.464063 0.35 0.0260417 0.140741 0.288448
0 0.129688 0.338889 0.059375 0.159259 0.289868
13 0.272396 0.741667 0.265625 0.353704 0.291407
0 0.422917 0.341667 0.0270833 0.142593 0.292087
0 0.464583 0.35 0.0270833 0.144444 0.29261
0 0.482812 0.343519 0.0197917 0.0981481 0.298303
0 0.482292 0.342593 0.0208333 0.0962963 0.298341
0 0.366667 0.330556 0.0208333 0.101852 0.300263
0 0.129167 0.339815 0.0583333 0.161111 0.301449
24 0.757812 0.338889 0.0427083 0.151852 0.302409
0 0.528646 0.317593 0.015625 0.0685185 0.303733
0 0.521354 0.326852 0.028125 0.0796296 0.304244
24 0.757292 0.339815 0.0416667 0.153704 0.30507
13 0.282813 0.738889 0.276042 0.340741 0.306517
0 0.599479 0.341667 0.028125 0.124074 0.306951
24 0.757292 0.340741 0.0416667 0.159259 0.310057
13 0.282813 0.739815 0.278125 0.342593 0.311142
13 0.282813 0.738889 0.276042 0.344444 0.311996
0 0.6 0.341667 0.0270833 0.124074 0.314016
0 0.598958 0.349074 0.025 0.109259 0.315144
0 0.129167 0.338889 0.0583333 0.159259 0.319076
0 0.129688 0.340741 0.059375 0.162963 0.319342
0 0.709896 0.389815 0.0385417 0.309259 0.320811
0 0.615104 0.323148 0.0177083 0.0907407 0.321893
0 0.366667 0.330556 0.0208333 0.101852 0.322186
0 0.529688 0.315741 0.015625 0.0648148 0.323199
0 0.502083 0.34537 0.0229167 0.0907407 0.323858
0 0.598958 0.35 0.025 0.111111 0.325199
0 0.528125 0.317593 0.0166667 0.0685185 0.331743
0 0.129167 0.340741 0.0583333 0.162963 0.335109
0 0.482292 0.343519 0.0208333 0.101852 0.34034
0 0.482292 0.342593 0.0208333 0.1 0.343639
0 0.711979 0.390741 0.046875 0.318519 0.346287
0 0.615625 0.321296 0.0166667 0.087037 0.346766
0 0.129167 0.338889 0.0583333 0.159259 0.348987
13 0.201562 0.487963 0.178125 0.194444 0.35271
0 0.503125 0.342593 0.0229167 0.1 0.358716
13 0.202604 0.487037 0.178125 0.192593 0.358922
13 0.282292 0.753704 0.277083 0.374074 0.361459
0 0.529688 0.312963 0.015625 0.062963 0.363077
13 0.201562 0.488889 0.178125 0.192593 0.366442
0 0.501562 0.34537 0.021875 0.0907407 0.366953
0 0.600521 0.343519 0.0260417 0.127778 0.37013
13 0.282292 0.750926 0.277083 0.372222 0.370213
0 0.529688 0.313889 0.015625 0.0611111 0.371841
0 0.528125 0.316667 0.0166667 0.0666667 0.371944
13 0.202604 0.487037 0.178125 0.192593 0.374823
0 0.464583 0.35 0.025 0.144444 0.375043
0 0.501562 0.34537 0.021875 0.0907407 0.376467
13 0.282292 0.751852 0.277083 0.37037 0.377291
0 0.708854 0.386111 0.0385417 0.312963 0.381816
24 0.760938 0.341667 0.0385417 0.105556 0.385999
0 0.530729 0.314815 0.0135417 0.0666667 0.389142
0 0.464063 0.350926 0.0239583 0.135185 0.389605
0 0.464063 0.35 0.0260417 0.140741 0.396002
0 0.503125 0.342593 0.0229167 0.103704 0.396714
0 0.611979 0.337963 0.021875 0.124074 0.397625
0 0.503125 0.342593 0.0229167 0.103704 0.399279
0 0.530729 0.314815 0.0135417 0.062963 0.402862
24 0.760938 0.340741 0.0385417 0.114815 0.407614
0 0.602604 0.341667 0.0322917 0.131481 0.409578
0 0.603125 0.341667 0.03125 0.131481 0.410071
24 0.761458 0.341667 0.0375 0.112963 0.412443
0 0.736458 0.392593 0.075 0.337037 0.417776
0 0.736458 0.392593 0.075 0.337037 0.418489
24 0.760417 0.337037 0.0395833 0.114815 0.419891
0 0.502604 0.343519 0.0239583 0.0944444 0.420174
0 0.464063 0.347222 0.0239583 0.127778 0.424088
0 0.736458 0.392593 0.075 0.337037 0.424927
0 0.600521 0.341667 0.0260417 0.127778 0.426298
0 0.600521 0.342593 0.0260417 0.125926 0.426784
0 0.601562 0.343519 0.0302083 0.127778 0.428548
13 0.280208 0.740741 0.277083 0.348148 0.430926
24 0.760417 0.337037 0.0395833 0.114815 0.440654
13 0.280729 0.740741 0.276042 0.348148 0.444187
13 0.280729 0.740741 0.276042 0.344444 0.445368
0 0.529167 0.315741 0.0145833 0.0648148 0.462341
0 0.421875 0.342593 0.0291667 0.133333 0.476559
0 0.707292 0.389815 0.0416667 0.312963 0.478431
0 0.707292 0.389815 0.0416667 0.309259 0.479535
24 0.760417 0.337963 0.0395833 0.112963 0.483303
0 0.464583 0.347222 0.0229167 0.131481 0.483326
24 0.761458 0.340741 0.0375 0.107407 0.483566
0 0.464583 0.351852 0.025 0.12963 0.485959
0 0.707292 0.390741 0.0416667 0.311111 0.490544
0 0.464583 0.347222 0.0229167 0.131481 0.492383
0 0.529167 0.314815 0.0145833 0.062963 0.492392
24 0.760938 0.339815 0.0385417 0.109259 0.498006
0 0.602083 0.343519 0.0291667 0.127778 0.499021
24 0.761458 0.339815 0.0375 0.109259 0.50296
0 0.601562 0.341667 0.0302083 0.127778 0.503324
0 0.601562 0.341667 0.0302083 0.127778 0.509465
24 0.760417 0.338889 0.0395833 0.118519 0.538492
0 0.713021 0.387963 0.0489583 0.327778 0.539463
0 0.600521 0.341667 0.028125 0.127778 0.556297
24 0.760417 0.337963 0.0395833 0.112963 0.560127
0 0.422396 0.343519 0.028125 0.146296 0.565663
0 0.713542 0.387963 0.0520833 0.324074 0.567191
0 0.422396 0.343519 0.028125 0.146296 0.57195
0 0.422396 0.347222 0.028125 0.157407 0.575153
0 0.601042 0.341667 0.0291667 0.127778 0.576731
0 0.421875 0.347222 0.0291667 0.153704 0.582245
0 0.713542 0.387963 0.0520833 0.324074 0.584357
0 0.422396 0.346296 0.028125 0.155556 0.588809
24 0.760417 0.337963 0.0395833 0.116667 0.588835
0 0.464583 0.351852 0.025 0.144444 0.593339
24 0.761458 0.339815 0.0375 0.112963 0.595366
0 0.464583 0.350926 0.025 0.142593 0.596221
0 0.7375 0.388889 0.0770833 0.337037 0.600858
0 0.421875 0.347222 0.0291667 0.153704 0.602044
0 0.464583 0.351852 0.025 0.137037 0.604548
0 0.422396 0.347222 0.028125 0.153704 0.607947
0 0.464583 0.35 0.0229167 0.140741 0.611442
0 0.464583 0.351852 0.025 0.137037 0.611619
24 0.761458 0.338889 0.0375 0.114815 0.612788
0 0.733333 0.389815 0.0833333 0.331481 0.61688
24 0.760938 0.339815 0.0385417 0.116667 0.617315
0 0.736458 0.388889 0.08125 0.340741 0.630575
0 0.734375 0.389815 0.0854167 0.335185 0.63506
0 0.366146 0.332407 0.0177083 0.0944444 0.657844
0 0.734896 0.389815 0.0822917 0.338889 0.666667
0 0.464583 0.35 0.0229167 0.144444 0.672127
0 0.365625 0.332407 0.0208333 0.101852 0.67435
0 0.365625 0.333333 0.0208333 0.1 0.683623
0 0.365625 0.334259 0.0208333 0.0944444 0.713231
0 0.366146 0.335185 0.021875 0.1 0.714422
0 0.734896 0.388889 0.0739583 0.340741 0.723275
0 0.365625 0.335185 0.0208333 0.0962963 0.72713
0 0.365625 0.334259 0.0208333 0.0981481 0.7277
0 0.421354 0.34537 0.028125 0.153704 0.729049
0 0.366146 0.334259 0.021875 0.101852 0.729172
0 0.421875 0.342593 0.0291667 0.140741 0.733666
0 0.366146 0.334259 0.021875 0.101852 0.73522
0 0.421875 0.34537 0.0291667 0.15 0.736782
0 0.422917 0.346296 0.0291667 0.151852 0.737606
0 0.734375 0.387963 0.0729167 0.338889 0.739792
0 0.421875 0.342593 0.0291667 0.140741 0.739871
0 0.422917 0.346296 0.0291667 0.151852 0.740501
0 0.733854 0.390741 0.0802083 0.337037 0.740975
0 0.734896 0.388889 0.0739583 0.340741 0.74819
0 0.421875 0.347222 0.0291667 0.153704 0.756435
0 0.422396 0.346296 0.028125 0.151852 0.759502
0 0.422917 0.346296 0.0291667 0.151852 0.768476
0 0.422396 0.346296 0.028125 0.151852 0.779443
