13 0.239583 0.444444 0.0729167 0.118519 0.250136
0 0.215625 0.350926 0.0208333 0.0722222 0.254493
0 0.215625 0.350926 0.0208333 0.0722222 0.254724
0 0.285417 0.378704 0.0270833 0.135185 0.255569
0 0.458333 0.378704 0.0333333 0.12037 0.256679
0 0.778125 0.584259 0.0979167 0.605556 0.256784
13 0.221354 0.739815 0.217708 0.264815 0.258969
13 0.259896 0.8 0.294792 0.381481 0.261053
0 0.473437 0.386111 0.0260417 0.138889 0.261445
0 0.472917 0.386111 0.0270833 0.138889 0.263411
0 0.257812 0.34537 0.021875 0.0611111 0.264151
13 0.258854 0.800926 0.292708 0.37963 0.265894
13 0.221875 0.739815 0.216667 0.264815 0.267972
0 0.385417 0.374074 0.025 0.125926 0.269355
0 0.257812 0.34537 0.021875 0.0611111 0.270204
13 0.221875 0.739815 0.216667 0.264815 0.271647
0 0.215625 0.350926 0.0208333 0.0722222 0.273258
26 0.811979 0.519444 0.0364583 0.131481 0.273882
13 0.239583 0.442593 0.0708333 0.114815 0.274627
13 0.259375 0.799074 0.29375 0.383333 0.275581
0 0.90625 0.572222 0.127083 0.592593 0.279018
0 0.471875 0.388889 0.0270833 0.133333 0.280665
0 0.777604 0.584259 0.096875 0.609259 0.280866
0 0.418229 0.373148 0.0260417 0.124074 0.28095
0 0.496875 0.367593 0.01875 0.0907407 0.283868
0 0.257812 0.344444 0.021875 0.0592593 0.285755
0 0.385938 0.374074 0.0260417 0.125926 0.286863
0 0.385417 0.371296 0.025 0.127778 0.289241
26 0.811979 0.519444 0.0364583 0.127778 0.290521
24 0.90625 0.573148 0.127083 0.601852 0.291424
13 0.230208 0.749074 0.229167 0.27963 0.29145
0 0.383854 0.373148 0.0260417 0.12037 0.292134
0 0.905208 0.582407 0.122917 0.609259 0.293091
0 0.430729 0.371296 0.046875 0.112963 0.293388
0 0.208854 0.364815 0.0239583 0.103704 0.297252
0 0.496354 0.373148 0.0197917 0.105556 0.297811
13 0.313021 0.462963 0.109375 0.0851852 0.299501
13 0.313021 0.462037 0.109375 0.0833333 0.301385
13 0.230208 0.743519 0.23125 0.268519 0.301459
0 0.496354 0.361111 0.0177083 0.0888889 0.302927
0 0.417708 0.372222 0.025 0.122222 0.303798
0 0.496875 0.373148 0.01875 0.105556 0.307382
13 0.230208 0.744444 0.23125 0.266667 0.311164
0 0.904688 0.581481 0.123958 0.6 0.315172
13 0.240104 0.442593 0.0697917 0.111111 0.316651
26 0.811979 0.518519 0.0364583 0.12963 0.318194
13 0.279167 0.451852 0.147917 0.114815 0.319873
13 0.240625 0.442593 0.0729167 0.114815 0.320268
0 0.471875 0.391667 0.0270833 0.135185 0.321561
13 0.228646 0.760185 0.223958 0.287037 0.322019
13 0.240104 0.442593 0.0697917 0.111111 0.329536
13 0.228646 0.761111 0.223958 0.292593 0.334166
0 0.894792 0.574074 0.110417 0.596296 0.334255
0 0.471875 0.390741 0.0270833 0.137037 0.33656
0 0.496875 0.367593 0.01875 0.0907407 0.341579
0 0.496875 0.368519 0.01875 0.0925926 0.342384
0 0.448958 0.374074 0.0208333 0.114815 0.343932
13 0.307813 0.458333 0.126042 0.0981481 0.358391
0 0.89375 0.574074 0.110417 0.596296 0.359169
0 0.134896 0.376852 0.0260417 0.116667 0.361177
0 0.134896 0.378704 0.0260417 0.116667 0.371333
0 0.449479 0.374074 0.021875 0.114815 0.371507
0 0.449479 0.373148 0.021875 0.112963 0.374786
0 0.385938 0.371296 0.0239583 0.127778 0.379876
0 0.416146 0.372222 0.021875 0.122222 0.391073
0 0.416667 0.373148 0.0208333 0.124074 0.391797
0 0.134896 0.377778 0.0260417 0.114815 0.393795
0 0.895312 0.580556 0.109375 0.594444 0.395644
0 0.385417 0.372222 0.0229167 0.12963 0.397794
0 0.895312 0.578704 0.109375 0.594444 0.39823
0 0.495833 0.374074 0.01875 0.107407 0.400004
0 0.284375 0.372222 0.0291667 0.155556 0.401745
0 0.134896 0.374074 0.0239583 0.107407 0.402255
0 0.471875 0.393519 0.0291667 0.146296 0.405384
0 0.447917 0.365741 0.0208333 0.105556 0.406602
0 0.496875 0.368519 0.01875 0.1 0.409595
0 0.416667 0.373148 0.0208333 0.124074 0.410136
0 0.495833 0.37037 0.01875 0.103704 0.410879
0 0.283854 0.373148 0.028125 0.153704 0.418075
0 0.416667 0.37037 0.0229167 0.118519 0.421191
24 0.929688 0.506481 0.0802083 0.25 0.434204
0 0.905729 0.568519 0.126042 0.607407 0.435974
24 0.929688 0.505556 0.0822917 0.248148 0.439084
0 0.471875 0.392593 0.0291667 0.144444 0.447057
24 0.930208 0.505556 0.08125 0.251852 0.449915
0 0.284375 0.378704 0.0291667 0.157407 0.451186
0 0.134896 0.374074 0.0239583 0.111111 0.452063
0 0.134375 0.375 0.0229167 0.109259 0.455588
0 0.448438 0.368519 0.0177083 0.107407 0.457845
24 0.928646 0.49537 0.0822917 0.246296 0.460572
24 0.929167 0.49537 0.0833333 0.25 0.461372
0 0.416146 0.371296 0.021875 0.12037 0.463457
0 0.582292 0.396296 0.04375 0.218519 0.471262
24 0.922917 0.493519 0.0916667 0.253704 0.472575
0 0.416146 0.37037 0.021875 0.122222 0.473189
0 0.284375 0.378704 0.0291667 0.157407 0.475421
0 0.447917 0.368519 0.01875 0.111111 0.476121
24 0.929167 0.494444 0.0833333 0.244444 0.476229
0 0.284375 0.377778 0.0291667 0.155556 0.476651
0 0.582292 0.39537 0.0416667 0.22037 0.47835
0 0.905729 0.568519 0.126042 0.607407 0.47996
0 0.496354 0.373148 0.0197917 0.109259 0.481399
24 0.922917 0.501852 0.09375 0.262963 0.482384
24 0.922917 0.493519 0.0895833 0.25 0.485191
0 0.447917 0.368519 0.01875 0.111111 0.485398
0 0.496875 0.373148 0.01875 0.105556 0.488074
0 0.471354 0.392593 0.028125 0.144444 0.497781
0 0.471875 0.391667 0.0291667 0.146296 0.502952
0 0.134896 0.377778 0.0260417 0.118519 0.50527
24 0.922917 0.501852 0.09375 0.27037 0.506936
0 0.134375 0.377778 0.025 0.114815 0.507776
24 0.923437 0.493519 0.090625 0.25 0.507792
24 0.923958 0.500926 0.09375 0.268519 0.516655
0 0.471354 0.390741 0.0302083 0.144444 0.518616
0 0.134375 0.376852 0.025 0.112963 0.527721
0 0.448438 0.367593 0.0177083 0.0981481 0.531063
0 0.472396 0.391667 0.0302083 0.146296 0.543324
0 0.472396 0.391667 0.0302083 0.146296 0.544604
0 0.472396 0.392593 0.0260417 0.140741 0.550657
0 0.448438 0.368519 0.0197917 0.1 0.554259
0 0.472396 0.391667 0.0260417 0.142593 0.554688
0 0.471875 0.391667 0.0291667 0.146296 0.557756
0 0.471354 0.391667 0.028125 0.142593 0.560327
0 0.448438 0.368519 0.0197917 0.1 0.565006
13 0.226042 0.74537 0.222917 0.268519 0.566596
0 0.471875 0.391667 0.0270833 0.142593 0.567223
13 0.226042 0.74537 0.220833 0.272222 0.575403
0 0.903125 0.57037 0.125 0.614815 0.582371
0 0.779688 0.575926 0.101042 0.559259 0.583008
0 0.385417 0.374074 0.0229167 0.125926 0.586489
0 0.471875 0.392593 0.0291667 0.144444 0.589295
0 0.903646 0.574074 0.123958 0.588889 0.595295
0 0.284375 0.376852 0.0291667 0.146296 0.601188
0 0.284375 0.376852 0.0291667 0.146296 0.602601
13 0.226562 0.74537 0.219792 0.272222 0.604154
13 0.225521 0.74537 0.221875 0.268519 0.606441
13 0.227604 0.749074 0.226042 0.275926 0.614953
0 0.417708 0.372222 0.0229167 0.122222 0.616467
24 0.927604 0.503704 0.0885417 0.255556 0.61827
24 0.927604 0.50463 0.0885417 0.25 0.623073
0 0.903125 0.572222 0.127083 0.581481 0.628811
0 0.386458 0.375 0.0229167 0.124074 0.629978
0 0.285417 0.377778 0.0291667 0.148148 0.635927
0 0.417708 0.373148 0.0229167 0.124074 0.63718
0 0.778646 0.576852 0.0989583 0.609259 0.637712
0 0.471875 0.391667 0.0270833 0.146296 0.640411
0 0.386458 0.373148 0.0229167 0.124074 0.649678
0 0.471875 0.390741 0.0270833 0.144444 0.650365
13 0.223958 0.743519 0.21875 0.268519 0.652223
0 0.386458 0.373148 0.0229167 0.124074 0.653432
0 0.285417 0.378704 0.0270833 0.15 0.655162
0 0.416667 0.371296 0.0229167 0.12037 0.656401
0 0.416667 0.371296 0.0229167 0.12037 0.65769
0 0.416667 0.371296 0.0229167 0.12037 0.659334
0 0.386458 0.372222 0.0229167 0.125926 0.660917
0 0.778646 0.576852 0.0989583 0.605556 0.661502
0 0.285417 0.378704 0.0270833 0.15 0.662729
0 0.284375 0.376852 0.0291667 0.146296 0.662946
13 0.226042 0.744444 0.220833 0.27037 0.66455
0 0.385938 0.373148 0.021875 0.124074 0.673617
0 0.385938 0.373148 0.021875 0.124074 0.675161
0 0.386458 0.374074 0.0229167 0.122222 0.676805
13 0.226042 0.74537 0.220833 0.272222 0.677258
0 0.284896 0.376852 0.028125 0.15 0.679539
0 0.285417 0.377778 0.0291667 0.151852 0.681853
13 0.223958 0.743519 0.21875 0.268519 0.681981
0 0.581771 0.397222 0.040625 0.22037 0.682136
0 0.582292 0.396296 0.0416667 0.222222 0.689335
13 0.224479 0.743519 0.219792 0.268519 0.691979
0 0.285937 0.376852 0.028125 0.153704 0.69919
0 0.285937 0.376852 0.028125 0.153704 0.702127
0 0.903646 0.573148 0.123958 0.590741 0.705885
0 0.779688 0.573148 0.101042 0.557407 0.705936
0 0.778646 0.580556 0.0989583 0.587037 0.722118
0 0.898958 0.573148 0.116667 0.612963 0.724618
0 0.898958 0.573148 0.116667 0.605556 0.74313
0 0.134896 0.376852 0.0239583 0.112963 0.754222
0 0.779167 0.584259 0.1 0.601852 0.759566
0 0.134375 0.376852 0.0229167 0.116667 0.772234
0 0.134375 0.377778 0.0229167 0.118519 0.77786
0 0.779167 0.577778 0.1 0.574074 0.778167
0 0.134896 0.377778 0.0239583 0.114815 0.789167
0 0.134375 0.376852 0.0229167 0.116667 0.792393
0 0.134896 0.377778 0.0239583 0.114815 0.80275
0 0.134896 0.376852 0.0239583 0.116667 0.809031
0 0.134896 0.377778 0.0239583 0.118519 0.820465
0 0.134896 0.376852 0.0239583 0.116667 0.836306
0 0.778646 0.582407 0.101042 0.587037 0.842571
0 0.779167 0.577778 0.1 0.574074 0.848079
0 0.581771 0.397222 0.040625 0.212963 0.85047
0 0.581771 0.396296 0.040625 0.218519 0.853744
0 0.581771 0.398148 0.040625 0.214815 0.855251
0 0.581771 0.397222 0.040625 0.212963 0.856897
0 0.582292 0.397222 0.0395833 0.216667 0.859509
0 0.582292 0.397222 0.0395833 0.216667 0.859833
0 0.582292 0.397222 0.0395833 0.216667 0.861481
0 0.779167 0.584259 0.102083 0.590741 0.868223
0 0.779167 0.577778 0.1 0.581481 0.869834
0 0.582292 0.398148 0.0395833 0.218519 0.872047
0 0.582292 0.397222 0.0395833 0.216667 0.879691
0 0.779167 0.578704 0.1 0.57963 0.879968
0 0.582292 0.397222 0.0416667 0.22037 0.893108
0 0.582292 0.397222 0.0416667 0.22037 0.903018
