0 0.116146 0.383333 0.028125 0.114815 0.250809
0 0.259896 0.391667 0.0197917 0.101852 0.252514
0 0.531771 0.407407 0.028125 0.125926 0.252832
0 0.336979 0.415741 0.0239583 0.124074 0.257354
0 0.256771 0.396296 0.015625 0.0962963 0.259461
24 0.963542 0.55 0.0729167 0.248148 0.259783
0 0.116146 0.383333 0.028125 0.114815 0.260156
0 0.673958 0.42963 0.0458333 0.255556 0.261583
0 0.511458 0.391667 0.0229167 0.105556 0.263784
0 0.335417 0.409259 0.0291667 0.137037 0.264339
0 0.496354 0.394444 0.0177083 0.118519 0.265591
24 0.951563 0.558333 0.0885417 0.261111 0.267431
0 0.673958 0.42963 0.0458333 0.259259 0.268038
24 0.952083 0.560185 0.0895833 0.264815 0.269685
0 0.333854 0.4 0.0302083 0.148148 0.274838
0 0.495313 0.394444 0.0197917 0.118519 0.275494
0 0.469271 0.397222 0.0427083 0.124074 0.277792
0 0.511458 0.391667 0.0229167 0.105556 0.279159
0 0.213021 0.389815 0.0239583 0.112963 0.281885
0 0.496354 0.393519 0.0177083 0.116667 0.284476
13 0.330729 0.469444 0.161458 0.168519 0.285554
0 0.213021 0.390741 0.0239583 0.111111 0.287789
24 0.951563 0.558333 0.0885417 0.261111 0.295145
0 0.334896 0.409259 0.028125 0.137037 0.295235
0 0.335417 0.406481 0.0229167 0.131481 0.295458
0 0.213021 0.389815 0.0239583 0.109259 0.299119
0 0.790104 0.614815 0.138542 0.6 0.299688
0 0.25625 0.401852 0.0166667 0.118519 0.300165
0 0.920833 0.626852 0.158333 0.642593 0.300265
0 0.511458 0.390741 0.0229167 0.103704 0.300376
0 0.333854 0.399074 0.0302083 0.146296 0.306073
0 0.451562 0.394444 0.0260417 0.137037 0.306258
0 0.514583 0.392593 0.0208333 0.111111 0.307637
0 0.479167 0.39537 0.0270833 0.127778 0.323403
13 0.344792 0.482407 0.170833 0.168519 0.32575
0 0.514583 0.392593 0.0208333 0.114815 0.326626
0 0.256771 0.397222 0.0135417 0.0944444 0.327024
0 0.467708 0.398148 0.04375 0.122222 0.327344
0 0.514583 0.397222 0.025 0.124074 0.329108
0 0.790104 0.616667 0.138542 0.588889 0.329677
0 0.125521 0.386111 0.021875 0.109259 0.330632
0 0.514583 0.392593 0.0208333 0.114815 0.336519
0 0.125 0.386111 0.0229167 0.109259 0.341412
0 0.125521 0.385185 0.021875 0.107407 0.341553
0 0.121875 0.381481 0.025 0.111111 0.342401
13 0.344271 0.488889 0.184375 0.151852 0.346819
0 0.920833 0.639815 0.154167 0.661111 0.346988
0 0.25625 0.397222 0.0145833 0.0944444 0.351951
0 0.111458 0.383333 0.0270833 0.114815 0.352567
0 0.478646 0.39537 0.0260417 0.127778 0.355463
0 0.119271 0.381481 0.0260417 0.111111 0.360192
13 0.347396 0.485185 0.169792 0.151852 0.366707
0 0.111979 0.382407 0.0260417 0.112963 0.367576
0 0.111979 0.382407 0.0260417 0.112963 0.371485
13 0.347396 0.484259 0.171875 0.146296 0.377816
0 0.333333 0.399074 0.0291667 0.146296 0.378129
0 0.922917 0.634259 0.15 0.638889 0.385589
0 0.514583 0.396296 0.01875 0.111111 0.385722
0 0.451562 0.391667 0.0239583 0.138889 0.38728
0 0.45 0.396296 0.0229167 0.125926 0.392468
13 0.347396 0.485185 0.169792 0.144444 0.392601
24 0.959896 0.561111 0.0802083 0.251852 0.395431
0 0.514063 0.396296 0.0197917 0.114815 0.39655
0 0.451562 0.392593 0.0239583 0.140741 0.400704
13 0.344792 0.497222 0.16875 0.153704 0.400743
0 0.334375 0.40463 0.0291667 0.138889 0.404227
0 0.45 0.396296 0.0229167 0.125926 0.4069
0 0.213542 0.39537 0.025 0.12037 0.409695
13 0.344792 0.498148 0.16875 0.155556 0.409949
0 0.120833 0.383333 0.0229167 0.111111 0.412853
0 0.120312 0.383333 0.021875 0.111111 0.41421
0 0.514063 0.397222 0.0197917 0.112963 0.414825
13 0.343229 0.487037 0.169792 0.174074 0.415166
0 0.45 0.396296 0.0229167 0.125926 0.415863
0 0.119792 0.384259 0.0229167 0.112963 0.416425
13 0.344792 0.498148 0.16875 0.155556 0.416872
0 0.336458 0.412037 0.025 0.127778 0.417679
0 0.479167 0.394444 0.025 0.125926 0.42697
0 0.920833 0.616667 0.158333 0.625926 0.428678
0 0.334896 0.409259 0.0260417 0.133333 0.436131
0 0.922917 0.635185 0.147917 0.637037 0.4393
0 0.451562 0.39537 0.0239583 0.135185 0.441211
24 0.960417 0.561111 0.0791667 0.255556 0.443431
0 0.450521 0.394444 0.0239583 0.12963 0.456199
0 0.335938 0.403704 0.0239583 0.148148 0.456256
13 0.34375 0.487963 0.170833 0.175926 0.45822
0 0.335938 0.40463 0.0239583 0.146296 0.464002
0 0.673958 0.434259 0.05 0.264815 0.464026
0 0.336458 0.411111 0.025 0.12963 0.465317
0 0.920833 0.640741 0.152083 0.659259 0.466731
0 0.119271 0.382407 0.0239583 0.112963 0.475549
0 0.920833 0.640741 0.152083 0.662963 0.47557
0 0.336458 0.411111 0.025 0.12963 0.476115
0 0.333854 0.40463 0.028125 0.138889 0.476468
0 0.529688 0.412963 0.0322917 0.148148 0.477915
13 0.345313 0.482407 0.169792 0.146296 0.479437
0 0.214062 0.393519 0.0239583 0.12037 0.485536
24 0.963021 0.562963 0.0739583 0.266667 0.488025
0 0.529167 0.413889 0.03125 0.15 0.492209
0 0.673958 0.433333 0.05 0.27037 0.492707
0 0.530208 0.413889 0.03125 0.146296 0.501945
0 0.531771 0.413889 0.028125 0.153704 0.50478
24 0.963542 0.562037 0.0729167 0.264815 0.505144
13 0.342708 0.483333 0.170833 0.159259 0.508741
0 0.531771 0.414815 0.028125 0.151852 0.513379
0 0.450521 0.39537 0.0239583 0.131481 0.514963
24 0.963542 0.562037 0.0729167 0.264815 0.515743
0 0.528646 0.414815 0.0322917 0.148148 0.529426
0 0.529167 0.413889 0.03125 0.146296 0.531188
0 0.529688 0.413889 0.0322917 0.146296 0.537425
0 0.450521 0.39537 0.0239583 0.131481 0.538254
0 0.333854 0.403704 0.0260417 0.137037 0.539724
0 0.479167 0.393519 0.0229167 0.124074 0.547223
13 0.343229 0.487037 0.169792 0.166667 0.550055
13 0.343229 0.47963 0.169792 0.151852 0.551503
13 0.34375 0.484259 0.170833 0.164815 0.553357
0 0.213542 0.39537 0.0270833 0.112963 0.553416
13 0.342708 0.484259 0.170833 0.161111 0.553974
0 0.214062 0.393519 0.0239583 0.116667 0.569326
0 0.921875 0.622222 0.15625 0.618519 0.569686
0 0.479167 0.394444 0.0229167 0.125926 0.573456
0 0.214062 0.394444 0.0239583 0.111111 0.575394
0 0.479167 0.394444 0.0229167 0.122222 0.579022
0 0.565104 0.39537 0.0197917 0.0981481 0.579447
0 0.213542 0.39537 0.0229167 0.12037 0.581048
0 0.214062 0.394444 0.0239583 0.111111 0.582253
0 0.335417 0.40463 0.0229167 0.146296 0.589489
0 0.335417 0.40463 0.0229167 0.146296 0.590613
0 0.479167 0.39537 0.025 0.127778 0.603586
0 0.479167 0.397222 0.0229167 0.124074 0.604611
0 0.919792 0.636111 0.15625 0.657407 0.611822
0 0.53125 0.413889 0.0291667 0.146296 0.618311
0 0.921354 0.625926 0.151042 0.640741 0.622393
0 0.213021 0.394444 0.0260417 0.114815 0.624621
0 0.479688 0.397222 0.021875 0.127778 0.624899
0 0.7875 0.621296 0.1375 0.612963 0.6252
0 0.565625 0.39537 0.0208333 0.101852 0.628755
0 0.565625 0.394444 0.0208333 0.1 0.629113
0 0.783333 0.618519 0.127083 0.588889 0.629289
0 0.921354 0.633333 0.155208 0.659259 0.632426
0 0.479688 0.397222 0.021875 0.127778 0.63815
0 0.783854 0.621296 0.126042 0.598148 0.64602
0 0.565104 0.391667 0.021875 0.0981481 0.64885
0 0.213021 0.394444 0.0260417 0.111111 0.659079
0 0.53125 0.413889 0.0291667 0.146296 0.676367
0 0.213021 0.393519 0.0260417 0.112963 0.678966
0 0.53125 0.413889 0.0291667 0.146296 0.683455
0 0.479688 0.39537 0.0239583 0.127778 0.685176
0 0.479167 0.393519 0.0229167 0.124074 0.687195
0 0.479167 0.394444 0.0229167 0.122222 0.695555
0 0.564583 0.393519 0.0208333 0.105556 0.695945
0 0.674479 0.434259 0.0510417 0.261111 0.696287
0 0.564583 0.391667 0.0208333 0.0981481 0.697179
0 0.531771 0.416667 0.0260417 0.151852 0.69821
0 0.673958 0.431481 0.0479167 0.262963 0.700071
0 0.531771 0.415741 0.0260417 0.15 0.700583
0 0.564583 0.392593 0.0208333 0.103704 0.702188
0 0.564583 0.394444 0.0208333 0.0962963 0.705986
0 0.479167 0.394444 0.0229167 0.122222 0.709069
0 0.564583 0.391667 0.0208333 0.0981481 0.7091
0 0.921875 0.627778 0.15 0.633333 0.709194
0 0.673437 0.431481 0.046875 0.274074 0.713999
0 0.675 0.435185 0.05 0.259259 0.720629
0 0.785937 0.622222 0.134375 0.611111 0.724067
0 0.921875 0.627778 0.145833 0.637037 0.727337
0 0.786458 0.62037 0.135417 0.611111 0.730789
0 0.564583 0.39537 0.0208333 0.0981481 0.739332
0 0.920313 0.635185 0.153125 0.655556 0.741102
0 0.564583 0.39537 0.0208333 0.0981481 0.741945
0 0.920313 0.635185 0.153125 0.655556 0.748286
0 0.921875 0.633333 0.152083 0.659259 0.753118
0 0.564583 0.393519 0.0208333 0.105556 0.754396
0 0.7875 0.621296 0.1375 0.616667 0.767456
0 0.213542 0.393519 0.025 0.112963 0.7697
0 0.214062 0.394444 0.0239583 0.114815 0.783503
0 0.214062 0.394444 0.0239583 0.114815 0.784944
0 0.213542 0.394444 0.025 0.111111 0.788142
0 0.673437 0.430556 0.0489583 0.268519 0.792842
0 0.922396 0.628704 0.144792 0.646296 0.795108
0 0.214062 0.394444 0.0239583 0.114815 0.800446
0 0.921875 0.632407 0.152083 0.661111 0.817394
0 0.213542 0.392593 0.025 0.118519 0.818014
0 0.213542 0.392593 0.025 0.118519 0.82076
0 0.213542 0.393519 0.025 0.116667 0.830227
0 0.786979 0.631481 0.138542 0.637037 0.851926
0 0.674479 0.434259 0.0489583 0.264815 0.864846
0 0.674479 0.434259 0.0489583 0.264815 0.868669
0 0.674479 0.434259 0.0489583 0.264815 0.869845
0 0.673958 0.431481 0.0479167 0.262963 0.871629
0 0.786979 0.630556 0.138542 0.635185 0.873115
0 0.673958 0.432407 0.0479167 0.264815 0.875333
0 0.673958 0.431481 0.0479167 0.262963 0.875912
0 0.7875 0.630556 0.1375 0.631481 0.883567
0 0.786979 0.62963 0.136458 0.62963 0.890798
0 0.786979 0.615741 0.134375 0.616667 0.906837
0 0.786458 0.618519 0.133333 0.614815 0.911102
