0 0.495313 0.35 0.040625 0.0962963 0.251462
0 0.404167 0.347222 0.0270833 0.153704 0.25148
0 0.00729167 0.316667 0.0145833 0.133333 0.253257
0 0.491667 0.347222 0.0208333 0.0981481 0.254506
0 0.385417 0.328704 0.0166667 0.109259 0.254866
24 0.926042 0.367593 0.0791667 0.216667 0.256157
0 0.507292 0.35 0.0229167 0.0962963 0.257183
24 0.926042 0.367593 0.0791667 0.22037 0.259767
0 0.489583 0.351852 0.0270833 0.0962963 0.265275
0 0.485417 0.350926 0.0270833 0.0981481 0.266204
0 0.874479 0.45 0.0885417 0.544444 0.267219
0 0.404167 0.347222 0.0270833 0.153704 0.272218
0 0.385417 0.328704 0.0166667 0.109259 0.273063
0 0.540625 0.313889 0.0166667 0.0685185 0.273742
25 0.43125 0.274074 0.0354167 0.0333333 0.276192
25 0.430729 0.273148 0.0385417 0.0277778 0.276275
0 0.896875 0.462037 0.122917 0.575926 0.277475
0 0.489062 0.351852 0.028125 0.0962963 0.279178
0 0.0651042 0.318519 0.0239583 0.103704 0.280396
24 0.933854 0.376852 0.0677083 0.194444 0.280426
0 0.897396 0.461111 0.121875 0.574074 0.282577
0 0.661458 0.338889 0.025 0.12963 0.283854
24 0.933854 0.376852 0.0697917 0.190741 0.284286
0 0.00729167 0.316667 0.0145833 0.133333 0.284652
0 0.489062 0.350926 0.028125 0.0981481 0.287115
25 0.43125 0.274074 0.0354167 0.0333333 0.288845
0 0.509896 0.352778 0.0260417 0.0944444 0.290493
0 0.485417 0.35 0.0270833 0.1 0.297142
25 0.430729 0.272222 0.0385417 0.0296296 0.297944
24 0.93125 0.371296 0.0729167 0.194444 0.298929
25 0.43125 0.274074 0.0354167 0.0333333 0.299269
24 0.93125 0.371296 0.06875 0.198148 0.301648
0 0.509896 0.352778 0.0260417 0.0944444 0.30482
0 0.663542 0.338889 0.0229167 0.125926 0.304984
0 0.485417 0.35 0.0270833 0.1 0.311061
25 0.43125 0.272222 0.0375 0.0259259 0.31239
24 0.93125 0.383333 0.0708333 0.181481 0.313252
0 0.661979 0.337963 0.0260417 0.124074 0.318008
0 0.509896 0.352778 0.0260417 0.0944444 0.318711
0 0.661458 0.337963 0.0270833 0.127778 0.325357
0 0.539062 0.314815 0.015625 0.0740741 0.326123
24 0.93125 0.383333 0.06875 0.185185 0.32869
0 0.6 0.344444 0.025 0.122222 0.332631
0 0.6 0.344444 0.025 0.122222 0.337004
0 0.446875 0.351852 0.025 0.133333 0.338165
0 0.446875 0.351852 0.025 0.12963 0.341453
0 0.506771 0.352778 0.028125 0.0944444 0.348463
0 0.823438 0.430556 0.0802083 0.47963 0.361713
0 0.6 0.344444 0.025 0.122222 0.362635
0 0.0395833 0.32037 0.0208333 0.0962963 0.366862
0 0.894792 0.450926 0.116667 0.546296 0.367738
0 0.507292 0.352778 0.0270833 0.0944444 0.372068
0 0.485417 0.350926 0.025 0.0944444 0.374549
0 0.822917 0.432407 0.0791667 0.47963 0.379646
0 0.539583 0.315741 0.0166667 0.0722222 0.393055
0 0.506771 0.351852 0.0260417 0.0962963 0.395236
0 0.539062 0.314815 0.015625 0.0703704 0.395565
0 0.539062 0.316667 0.015625 0.0740741 0.398247
0 0.0395833 0.32037 0.0208333 0.1 0.417479
0 0.540104 0.316667 0.015625 0.0703704 0.417859
24 0.930208 0.372222 0.075 0.203704 0.418357
0 0.0395833 0.32037 0.0208333 0.1 0.41973
0 0.877604 0.456481 0.084375 0.57963 0.419737
0 0.403646 0.339815 0.0302083 0.153704 0.42488
0 0.392708 0.334259 0.0270833 0.116667 0.42822
0 0.539062 0.316667 0.015625 0.0666667 0.428268
0 0.506771 0.351852 0.0260417 0.0962963 0.429107
0 0.878125 0.459259 0.0833333 0.551852 0.433169
0 0.403646 0.340741 0.028125 0.151852 0.435538
0 0.661979 0.337963 0.0260417 0.124074 0.435715
0 0.507292 0.352778 0.025 0.0981481 0.436234
0 0.539583 0.314815 0.0145833 0.0703704 0.439129
0 0.539583 0.315741 0.0166667 0.0722222 0.439414
0 0.882812 0.461111 0.090625 0.566667 0.450504
0 0.539583 0.315741 0.0145833 0.0759259 0.453988
0 0.39375 0.334259 0.0291667 0.12037 0.455912
0 0.661458 0.337963 0.025 0.12037 0.458739
0 0.403646 0.342593 0.028125 0.137037 0.461217
24 0.925 0.373148 0.075 0.198148 0.462222
0 0.539583 0.314815 0.0145833 0.0703704 0.462653
24 0.925 0.373148 0.0770833 0.194444 0.466556
0 0.539583 0.315741 0.0145833 0.0722222 0.476104
0 0.383333 0.330556 0.0166667 0.109259 0.479468
24 0.929688 0.372222 0.0739583 0.203704 0.480074
0 0.403125 0.340741 0.0291667 0.151852 0.482404
0 0.384896 0.328704 0.015625 0.101852 0.482496
0 0.600521 0.342593 0.028125 0.125926 0.484211
0 0.600521 0.342593 0.028125 0.12963 0.485259
0 0.446875 0.355556 0.025 0.137037 0.489574
0 0.39375 0.334259 0.0291667 0.116667 0.494305
0 0.601562 0.340741 0.028125 0.12963 0.498037
0 0.882292 0.461111 0.0875 0.566667 0.50014
0 0.601042 0.341667 0.0270833 0.127778 0.50149
0 0.00729167 0.317593 0.0145833 0.127778 0.514241
0 0.446875 0.351852 0.0270833 0.148148 0.51801
24 0.930729 0.37037 0.0739583 0.2 0.518204
0 0.0671875 0.319444 0.0197917 0.101852 0.519182
24 0.930729 0.37037 0.0739583 0.2 0.525062
24 0.930729 0.371296 0.0739583 0.201852 0.527726
0 0.601562 0.340741 0.028125 0.125926 0.527794
24 0.929167 0.376852 0.0770833 0.201852 0.531168
0 0.4 0.344444 0.0354167 0.148148 0.540138
0 0.661458 0.338889 0.0229167 0.12963 0.544961
0 0.446354 0.353704 0.0239583 0.12963 0.547063
0 0.0671875 0.318519 0.0197917 0.103704 0.548603
0 0.0671875 0.318519 0.0197917 0.103704 0.550242
0 0.0078125 0.32037 0.015625 0.12963 0.554703
0 0.447396 0.351852 0.028125 0.137037 0.554735
0 0.602083 0.339815 0.0270833 0.127778 0.555781
0 0.040625 0.32037 0.0208333 0.0962963 0.567591
0 0.446875 0.353704 0.0270833 0.140741 0.570882
24 0.929167 0.375926 0.075 0.203704 0.571258
0 0.661979 0.332407 0.0239583 0.12037 0.573241
24 0.930208 0.376852 0.0708333 0.190741 0.582891
0 0.00729167 0.318519 0.0145833 0.133333 0.589914
0 0.661979 0.334259 0.0239583 0.12037 0.591772
24 0.930208 0.376852 0.06875 0.194444 0.593361
0 0.385417 0.331481 0.0166667 0.1 0.59542
0 0.040625 0.319444 0.0208333 0.0944444 0.597988
0 0.00729167 0.318519 0.0145833 0.133333 0.600485
0 0.446875 0.351852 0.0270833 0.148148 0.600545
0 0.446875 0.351852 0.0270833 0.137037 0.603849
0 0.040625 0.32037 0.0208333 0.0962963 0.607839
0 0.385938 0.331481 0.0177083 0.103704 0.607908
0 0.661979 0.333333 0.0239583 0.118519 0.608396
0 0.385938 0.331481 0.0177083 0.103704 0.610498
0 0.878125 0.453704 0.09375 0.562963 0.61101
0 0.0078125 0.32037 0.015625 0.133333 0.611545
0 0.879167 0.452778 0.0958333 0.564815 0.612583
0 0.661979 0.333333 0.0239583 0.118519 0.612981
0 0.065625 0.317593 0.0229167 0.101852 0.613182
0 0.0661458 0.316667 0.021875 0.1 0.615996
0 0.0078125 0.32037 0.015625 0.133333 0.617333
0 0.0401042 0.32037 0.0197917 0.0962963 0.625788
24 0.929167 0.372222 0.0729167 0.203704 0.626189
0 0.403646 0.343519 0.0302083 0.15 0.626961
24 0.929167 0.372222 0.075 0.203704 0.628192
0 0.446875 0.352778 0.0270833 0.138889 0.628936
0 0.6 0.338889 0.0270833 0.125926 0.635996
24 0.929688 0.372222 0.0739583 0.203704 0.638388
0 0.0401042 0.32037 0.021875 0.0962963 0.639479
0 0.404167 0.343519 0.03125 0.15 0.640225
0 0.0401042 0.32037 0.021875 0.0962963 0.641704
0 0.885417 0.458333 0.0979167 0.553704 0.644047
0 0.0078125 0.321296 0.015625 0.127778 0.644759
0 0.661979 0.334259 0.0239583 0.12037 0.645271
0 0.446354 0.353704 0.0239583 0.133333 0.646386
0 0.661979 0.334259 0.0239583 0.12037 0.646687
0 0.883854 0.457407 0.0989583 0.551852 0.648576
0 0.446354 0.353704 0.0239583 0.133333 0.649481
0 0.661979 0.337963 0.0239583 0.12037 0.649799
0 0.661979 0.337963 0.0239583 0.124074 0.650606
0 0.446875 0.353704 0.0270833 0.140741 0.655101
0 0.601042 0.340741 0.0270833 0.12963 0.659635
0 0.040625 0.321296 0.0208333 0.0981481 0.661342
0 0.0661458 0.317593 0.021875 0.101852 0.669908
0 0.6 0.340741 0.0270833 0.125926 0.670016
0 0.403646 0.34537 0.028125 0.153704 0.677641
0 0.601562 0.340741 0.028125 0.125926 0.678438
24 0.928125 0.375926 0.0770833 0.203704 0.681706
0 0.0666667 0.316667 0.0208333 0.0962963 0.681905
24 0.928125 0.375926 0.0770833 0.203704 0.687277
24 0.927604 0.375926 0.0760417 0.203704 0.689833
0 0.6 0.339815 0.0270833 0.124074 0.692892
0 0.00833333 0.319444 0.0166667 0.131481 0.702328
0 0.601042 0.341667 0.0270833 0.127778 0.708132
0 0.0666667 0.318519 0.0208333 0.103704 0.709687
0 0.600521 0.341667 0.028125 0.127778 0.71469
0 0.0401042 0.321296 0.021875 0.0981481 0.718078
0 0.0666667 0.316667 0.0208333 0.1 0.72513
0 0.601042 0.339815 0.0270833 0.127778 0.725808
0 0.0666667 0.317593 0.0208333 0.105556 0.727412
0 0.0666667 0.316667 0.0208333 0.1 0.728403
0 0.404167 0.34537 0.0270833 0.153704 0.729337
0 0.0666667 0.318519 0.0208333 0.103704 0.733802
0 0.601042 0.340741 0.0270833 0.125926 0.738968
0 0.826042 0.431481 0.08125 0.485185 0.739082
0 0.601042 0.341667 0.0270833 0.127778 0.752639
0 0.88125 0.459259 0.0916667 0.57037 0.752669
0 0.827083 0.434259 0.08125 0.47963 0.757116
0 0.600521 0.341667 0.028125 0.127778 0.760801
0 0.447396 0.352778 0.0260417 0.138889 0.761158
0 0.881771 0.460185 0.0885417 0.572222 0.762048
0 0.446875 0.355556 0.025 0.144444 0.763608
0 0.446354 0.351852 0.0260417 0.148148 0.765172
0 0.404167 0.34537 0.0270833 0.153704 0.776428
0 0.446875 0.355556 0.025 0.140741 0.777104
0 0.600521 0.341667 0.028125 0.127778 0.787695
0 0.827083 0.430556 0.0791667 0.472222 0.793156
0 0.403646 0.342593 0.028125 0.144444 0.808157
0 0.403646 0.342593 0.028125 0.144444 0.81343
0 0.827083 0.431481 0.0791667 0.47037 0.814131
0 0.826563 0.433333 0.0802083 0.485185 0.821622
0 0.826563 0.433333 0.0802083 0.485185 0.823888
0 0.404687 0.340741 0.0260417 0.159259 0.849326
0 0.404167 0.340741 0.0270833 0.155556 0.85836
0 0.827604 0.434259 0.0822917 0.47963 0.859651
0 0.827083 0.433333 0.08125 0.485185 0.866664
0 0.825521 0.432407 0.0822917 0.487037 0.875018
0 0.826042 0.431481 0.08125 0.488889 0.887217
