0 0.569271 0.356481 0.0177083 0.0685185 0.252868
0 0.609375 0.348148 0.0125 0.0740741 0.257233
0 0.513542 0.391667 0.03125 0.109259 0.257346
0 0.425521 0.385185 0.0322917 0.159259 0.257452
0 0.425 0.385185 0.0333333 0.159259 0.262518
0 0.729167 0.381481 0.0395833 0.159259 0.265251
0 0.984375 0.396296 0.0291667 0.285185 0.265825
0 0.609375 0.348148 0.0125 0.0740741 0.266845
0 0.513542 0.391667 0.03125 0.109259 0.269057
0 0.514583 0.383333 0.0333333 0.114815 0.270226
0 0.538021 0.394444 0.0322917 0.111111 0.272738
0 0.0395833 0.37963 0.0229167 0.114815 0.273562
0 0.0401042 0.381481 0.0197917 0.111111 0.276598
0 0.625521 0.372222 0.0260417 0.133333 0.278807
0 0.985417 0.380556 0.0291667 0.298148 0.283309
0 0.626562 0.381481 0.0260417 0.125926 0.283553
0 0.530729 0.388889 0.0489583 0.118519 0.286684
0 0.0401042 0.381481 0.0197917 0.111111 0.286799
0 0.626042 0.372222 0.0270833 0.133333 0.287779
0 0.626562 0.381481 0.0260417 0.125926 0.288566
0 0.426562 0.37963 0.0364583 0.162963 0.289151
0 0.572396 0.352778 0.015625 0.0648148 0.289459
0 0.538021 0.394444 0.0322917 0.111111 0.291062
0 0.985937 0.385185 0.028125 0.307407 0.291614
0 0.626562 0.381481 0.0260417 0.125926 0.297403
0 0.985937 0.37963 0.028125 0.296296 0.298216
0 0.528646 0.388889 0.0489583 0.118519 0.299453
0 0.514583 0.383333 0.0333333 0.111111 0.299861
0 0.985417 0.380556 0.0291667 0.290741 0.301291
0 0.986979 0.384259 0.0260417 0.283333 0.303813
0 0.985937 0.385185 0.028125 0.3 0.308352
0 0.570833 0.352778 0.0145833 0.0648148 0.309583
0 0.572396 0.352778 0.015625 0.0648148 0.309821
0 0.514583 0.383333 0.0333333 0.111111 0.312555
0 0.0401042 0.381481 0.0197917 0.111111 0.315252
0 0.570833 0.352778 0.0145833 0.0648148 0.319674
0 0.466667 0.386111 0.03125 0.15 0.320047
0 0.985937 0.383333 0.028125 0.296296 0.324405
0 0.040625 0.373148 0.0208333 0.105556 0.326696
0 0.984896 0.383333 0.028125 0.285185 0.330753
0 0.529167 0.389815 0.0479167 0.12037 0.334764
0 0.541667 0.382407 0.025 0.127778 0.335716
0 0.423438 0.383333 0.0302083 0.159259 0.340942
0 0.423438 0.383333 0.0302083 0.159259 0.347468
0 0.541146 0.388889 0.0322917 0.133333 0.360422
0 0.734375 0.378704 0.0333333 0.157407 0.361466
0 0.466667 0.388889 0.0291667 0.137037 0.374495
0 0.733333 0.37963 0.0333333 0.155556 0.385008
0 0.040625 0.374074 0.0208333 0.107407 0.386787
0 0.540625 0.387963 0.03125 0.131481 0.389561
0 0.040625 0.374074 0.0208333 0.107407 0.38988
0 0.730729 0.382407 0.034375 0.153704 0.391045
0 0.516146 0.381481 0.0322917 0.122222 0.396339
0 0.541667 0.387963 0.03125 0.131481 0.39637
0 0.516667 0.390741 0.03125 0.111111 0.402419
0 0.00989583 0.382407 0.0197917 0.109259 0.414186
0 0.540625 0.391667 0.0291667 0.116667 0.414403
0 0.516667 0.391667 0.03125 0.109259 0.414475
0 0.541667 0.386111 0.0270833 0.12037 0.41657
0 0.516146 0.381481 0.0322917 0.122222 0.41787
0 0.516146 0.381481 0.0322917 0.122222 0.421318
0 0.422917 0.380556 0.03125 0.164815 0.423419
0 0.516667 0.390741 0.03125 0.111111 0.423617
0 0.985937 0.386111 0.028125 0.298148 0.431434
0 0.540625 0.391667 0.0291667 0.116667 0.432363
0 0.424479 0.381481 0.0322917 0.166667 0.440178
0 0.00989583 0.382407 0.0197917 0.112963 0.440735
0 0.541667 0.387037 0.0270833 0.118519 0.442043
0 0.541667 0.387037 0.0270833 0.118519 0.443376
0 0.540625 0.391667 0.0291667 0.116667 0.444436
0 0.00989583 0.382407 0.0197917 0.112963 0.445555
0 0.516146 0.387037 0.0322917 0.118519 0.452381
0 0.464583 0.386111 0.03125 0.15 0.453425
0 0.985937 0.386111 0.028125 0.298148 0.45404
0 0.516146 0.387037 0.0322917 0.118519 0.457446
0 0.985937 0.386111 0.028125 0.298148 0.47524
0 0.425 0.381481 0.03125 0.162963 0.477514
0 0.464583 0.386111 0.03125 0.15 0.478337
0 0.626562 0.377778 0.028125 0.133333 0.496866
0 0.730729 0.383333 0.034375 0.155556 0.498602
0 0.516146 0.387037 0.0322917 0.118519 0.516746
0 0.517187 0.384259 0.0302083 0.116667 0.524707
0 0.517708 0.384259 0.03125 0.116667 0.544161
0 0.517708 0.385185 0.03125 0.114815 0.556364
0 0.626042 0.376852 0.0270833 0.131481 0.561177
0 0.465104 0.389815 0.0302083 0.153704 0.565582
0 0.465625 0.390741 0.0291667 0.155556 0.569658
0 0.465625 0.392593 0.0291667 0.151852 0.582813
0 0.465625 0.392593 0.0291667 0.151852 0.590363
0 0.626042 0.377778 0.0291667 0.133333 0.593927
0 0.465625 0.392593 0.0291667 0.151852 0.596268
0 0.730208 0.383333 0.0333333 0.159259 0.621615
0 0.730729 0.382407 0.034375 0.153704 0.622164
0 0.0395833 0.375 0.0229167 0.112963 0.631413
0 0.626042 0.377778 0.0270833 0.133333 0.637239
0 0.730208 0.381481 0.03125 0.166667 0.640669
0 0.626562 0.377778 0.028125 0.133333 0.640919
0 0.730208 0.380556 0.03125 0.164815 0.651277
0 0.0104167 0.37963 0.0208333 0.111111 0.655853
0 0.626562 0.378704 0.028125 0.131481 0.658094
0 0.0114583 0.382407 0.0208333 0.112963 0.659406
0 0.0411458 0.377778 0.021875 0.111111 0.662642
0 0.730208 0.384259 0.0333333 0.157407 0.669927
0 0.0109375 0.37963 0.021875 0.114815 0.678067
0 0.626562 0.375926 0.0260417 0.12963 0.679459
0 0.626042 0.377778 0.0270833 0.133333 0.680736
0 0.0104167 0.37963 0.0208333 0.111111 0.685919
0 0.0109375 0.37963 0.021875 0.114815 0.686851
0 0.465625 0.390741 0.0291667 0.148148 0.6886
0 0.730729 0.381481 0.0322917 0.155556 0.68889
0 0.0411458 0.377778 0.021875 0.114815 0.690932
0 0.0109375 0.380556 0.021875 0.112963 0.693712
0 0.0104167 0.37963 0.0208333 0.111111 0.699774
0 0.730729 0.381481 0.0322917 0.159259 0.702119
0 0.0109375 0.380556 0.021875 0.116667 0.702626
0 0.0411458 0.376852 0.021875 0.112963 0.702843
0 0.423958 0.380556 0.0333333 0.161111 0.703039
0 0.423958 0.381481 0.0333333 0.159259 0.703786
0 0.466146 0.390741 0.0302083 0.148148 0.706554
0 0.0390625 0.378704 0.021875 0.116667 0.710874
0 0.423958 0.383333 0.0333333 0.162963 0.714452
0 0.424479 0.384259 0.0322917 0.161111 0.716015
0 0.626562 0.378704 0.028125 0.131481 0.717376
0 0.466146 0.389815 0.0302083 0.146296 0.721491
0 0.422917 0.380556 0.0333333 0.157407 0.724092
0 0.423958 0.384259 0.0333333 0.161111 0.7244
0 0.626562 0.375926 0.0260417 0.12963 0.7295
0 0.626042 0.378704 0.0270833 0.131481 0.730701
0 0.423438 0.37963 0.0322917 0.159259 0.732063
0 0.730208 0.383333 0.0333333 0.159259 0.732136
0 0.423958 0.383333 0.0333333 0.162963 0.733874
0 0.0395833 0.378704 0.0208333 0.112963 0.738801
0 0.626562 0.375926 0.0260417 0.12963 0.740425
0 0.730208 0.384259 0.0333333 0.157407 0.743993
0 0.423958 0.384259 0.0333333 0.161111 0.746303
0 0.424479 0.382407 0.0322917 0.161111 0.751999
0 0.0395833 0.378704 0.0208333 0.112963 0.755113
0 0.0395833 0.378704 0.0208333 0.112963 0.759702
0 0.466146 0.390741 0.0302083 0.151852 0.768598
0 0.729688 0.383333 0.0322917 0.159259 0.770834
0 0.466146 0.390741 0.0302083 0.151852 0.773632
0 0.626562 0.378704 0.0260417 0.131481 0.774482
0 0.729688 0.384259 0.0322917 0.157407 0.779619
0 0.466667 0.388889 0.0291667 0.144444 0.781809
0 0.466667 0.388889 0.0291667 0.144444 0.784695
0 0.0395833 0.37963 0.0208333 0.114815 0.798194
0 0.626562 0.377778 0.0260417 0.12963 0.798839
0 0.626562 0.377778 0.0260417 0.12963 0.799643
0 0.466146 0.390741 0.0302083 0.151852 0.799908
0 0.466146 0.389815 0.0302083 0.15 0.833067
0 0.466146 0.388889 0.0302083 0.148148 0.839016
