2 0.377083 0.422222 0.0416667 0.0555556 0.256226
0 0.188542 0.473148 0.03125 0.101852 0.257921
0 0.546354 0.45 0.028125 0.0925926 0.263016
0 0.186979 0.481481 0.0322917 0.118519 0.265548
2 0.374479 0.424074 0.0447917 0.0592593 0.265854
0 0.188542 0.468519 0.03125 0.0925926 0.275805
0 0.665625 0.468519 0.0208333 0.107407 0.276217
2 0.378646 0.422222 0.0427083 0.0555556 0.277839
2 0.377604 0.422222 0.0427083 0.0555556 0.284664
2 0.369792 0.421296 0.03125 0.0537037 0.287797
0 0.548437 0.448148 0.021875 0.0888889 0.288859
0 0.188542 0.474074 0.03125 0.103704 0.289923
0 0.188542 0.468519 0.03125 0.0925926 0.291621
0 0.236979 0.5 0.034375 0.192593 0.292288
0 0.689583 0.508333 0.0479167 0.235185 0.293252
0 0.666146 0.468519 0.021875 0.107407 0.293374
0 0.665104 0.466667 0.021875 0.103704 0.296859
0 0.186979 0.472222 0.0302083 0.1 0.297456
2 0.377604 0.422222 0.0427083 0.0555556 0.297951
0 0.188542 0.473148 0.03125 0.101852 0.299851
2 0.375521 0.424074 0.0447917 0.0592593 0.301548
2 0.369792 0.421296 0.03125 0.0537037 0.304087
0 0.236458 0.5 0.0354167 0.192593 0.30823
0 0.251042 0.508333 0.0541667 0.201852 0.308409
0 0.235938 0.499074 0.0322917 0.187037 0.3086
0 0.547396 0.45 0.0239583 0.0925926 0.311207
0 0.546354 0.449074 0.0260417 0.0944444 0.312483
2 0.370313 0.421296 0.0322917 0.0537037 0.314369
2 0.377604 0.423148 0.0427083 0.0537037 0.318858
0 0.233333 0.490741 0.0270833 0.17037 0.321465
0 0.665104 0.468519 0.021875 0.107407 0.324346
0 0.233333 0.490741 0.0270833 0.17037 0.32447
0 0.548437 0.449074 0.021875 0.0907407 0.3268
0 0.186458 0.473148 0.03125 0.101852 0.329486
0 0.547917 0.449074 0.0229167 0.0907407 0.330079
0 0.664583 0.468519 0.0229167 0.103704 0.334136
0 0.665104 0.466667 0.021875 0.103704 0.338172
0 0.546354 0.448148 0.0239583 0.0925926 0.339395
0 0.665625 0.466667 0.0229167 0.103704 0.339756
0 0.547396 0.45 0.0239583 0.0962963 0.341815
0 0.188021 0.487037 0.034375 0.137037 0.345133
0 0.186458 0.472222 0.03125 0.1 0.345606
0 0.689583 0.509259 0.05 0.237037 0.346418
0 0.547917 0.45 0.025 0.0962963 0.346444
0 0.186458 0.487963 0.0333333 0.127778 0.3516
0 0.692187 0.500926 0.0447917 0.224074 0.352224
0 0.188021 0.487963 0.034375 0.138889 0.356167
0 0.186458 0.487963 0.0333333 0.127778 0.360612
0 0.252604 0.509259 0.0510417 0.203704 0.36373
0 0.186979 0.498148 0.034375 0.155556 0.379795
0 0.692187 0.500926 0.0447917 0.231481 0.385509
0 0.690104 0.511111 0.053125 0.248148 0.388998
0 0.186979 0.497222 0.034375 0.153704 0.393701
0 0.690625 0.506481 0.0479167 0.235185 0.398326
0 0.690625 0.509259 0.0520833 0.251852 0.401868
0 0.186979 0.498148 0.034375 0.155556 0.418941
0 0.690104 0.510185 0.053125 0.25 0.433343
0 0.252083 0.509259 0.05 0.203704 0.434663
0 0.691146 0.506481 0.046875 0.235185 0.48083
0 0.254167 0.506481 0.0416667 0.209259 0.49959
0 0.692708 0.506481 0.0479167 0.246296 0.500267
0 0.254167 0.505556 0.0416667 0.207407 0.501108
0 0.136979 0.497222 0.040625 0.187037 0.50539
0 0.1375 0.496296 0.0416667 0.188889 0.528669
0 0.252083 0.506481 0.0458333 0.201852 0.536739
0 0.692187 0.506481 0.046875 0.246296 0.536861
0 0.139062 0.5 0.0385417 0.185185 0.540431
0 0.1875 0.487963 0.0333333 0.131481 0.545335
0 0.252083 0.506481 0.04375 0.201852 0.545991
0 0.1875 0.487037 0.0333333 0.133333 0.552776
0 0.1875 0.491667 0.0333333 0.142593 0.558207
0 0.138542 0.499074 0.0375 0.183333 0.559598
0 0.691146 0.507407 0.046875 0.240741 0.570145
0 0.692187 0.506481 0.046875 0.246296 0.57583
0 0.692187 0.506481 0.046875 0.235185 0.592998
0 0.693229 0.506481 0.0447917 0.242593 0.624009
0 0.255208 0.507407 0.0395833 0.207407 0.63152
0 0.138542 0.498148 0.0416667 0.188889 0.639109
0 0.138542 0.498148 0.0416667 0.188889 0.654357
0 0.255729 0.507407 0.040625 0.207407 0.656535
0 0.693229 0.506481 0.0447917 0.242593 0.661496
0 0.139062 0.500926 0.0385417 0.183333 0.684485
0 0.255729 0.507407 0.040625 0.207407 0.688161
0 0.139062 0.5 0.0385417 0.181481 0.692967
0 0.693229 0.505556 0.0447917 0.240741 0.704731
0 0.692187 0.506481 0.046875 0.238889 0.709903
0 0.138021 0.497222 0.040625 0.190741 0.728128
0 0.138542 0.497222 0.0395833 0.187037 0.735342
0 0.254687 0.507407 0.040625 0.207407 0.73744
0 0.254687 0.507407 0.040625 0.207407 0.748023
0 0.138542 0.497222 0.0395833 0.187037 0.760162
0 0.254687 0.507407 0.040625 0.207407 0.766579
0 0.138021 0.497222 0.040625 0.190741 0.768867
0 0.138542 0.498148 0.0395833 0.188889 0.776745
0 0.254167 0.508333 0.04375 0.205556 0.78879
0 0.254167 0.508333 0.04375 0.209259 0.789259
0 0.138021 0.497222 0.040625 0.190741 0.793081
