0 0.220833 0.412963 0.0645833 0.337037 0.251071
0 0.35625 0.325926 0.0166667 0.0592593 0.252941
0 0.391146 0.325 0.0135417 0.0611111 0.254194
0 0.970312 0.560185 0.059375 0.846296 0.254814
0 0.96875 0.533333 0.0625 0.840741 0.256286
0 0.475521 0.338889 0.0197917 0.0888889 0.25669
0 0.293229 0.421296 0.0760417 0.324074 0.260758
0 0.221875 0.413889 0.0666667 0.335185 0.264293
36 0.979688 0.94537 0.040625 0.0722222 0.264673
0 0.475521 0.338889 0.0197917 0.0925926 0.265085
0 0.354167 0.322222 0.0145833 0.062963 0.270229
36 0.980208 0.946296 0.0395833 0.0703704 0.271133
0 0.35625 0.325926 0.0166667 0.0592593 0.271268
0 0.221354 0.413889 0.065625 0.342593 0.271502
36 0.979688 0.94537 0.040625 0.0722222 0.273734
36 0.980208 0.946296 0.0395833 0.0703704 0.274861
36 0.979688 0.94537 0.040625 0.0722222 0.277656
0 0.221875 0.413889 0.0666667 0.342593 0.279828
0 0.221354 0.414815 0.065625 0.340741 0.281527
0 0.00729167 0.363889 0.0145833 0.135185 0.282911
0 0.369271 0.321296 0.0135417 0.0685185 0.28738
0 0.369271 0.321296 0.0135417 0.0685185 0.301013
36 0.979688 0.946296 0.040625 0.0703704 0.31013
0 0.368229 0.323148 0.015625 0.0648148 0.318957
36 0.979688 0.947222 0.040625 0.0722222 0.321403
0 0.690104 0.35 0.0177083 0.0925926 0.324859
0 0.690625 0.35 0.0166667 0.0888889 0.325695
0 0.368229 0.323148 0.015625 0.0648148 0.327963
13 0.373958 0.567593 0.114583 0.127778 0.32944
0 0.0078125 0.362963 0.015625 0.133333 0.3318
13 0.374479 0.568519 0.113542 0.125926 0.33769
13 0.374479 0.567593 0.113542 0.127778 0.343801
0 0.967708 0.538889 0.0645833 0.837037 0.34854
0 0.690625 0.35 0.0166667 0.0925926 0.352729
0 0.690625 0.352778 0.01875 0.0944444 0.354755
0 0.0078125 0.362037 0.015625 0.146296 0.357406
0 0.691146 0.353704 0.0177083 0.0962963 0.359622
13 0.374479 0.567593 0.111458 0.124074 0.360942
0 0.625521 0.368519 0.028125 0.12963 0.361884
0 0.626042 0.363889 0.0291667 0.135185 0.362075
13 0.373437 0.567593 0.111458 0.124074 0.362989
13 0.374479 0.567593 0.111458 0.124074 0.363807
0 0.585417 0.359259 0.0291667 0.148148 0.368528
13 0.374479 0.567593 0.111458 0.124074 0.369067
0 0.455208 0.351852 0.0270833 0.12963 0.371379
0 0.585417 0.359259 0.03125 0.148148 0.373181
0 0.626042 0.366667 0.0291667 0.12963 0.373845
13 0.373437 0.566667 0.109375 0.125926 0.374269
0 0.625521 0.363889 0.028125 0.135185 0.377222
0 0.219271 0.326852 0.0635417 0.164815 0.378909
0 0.0078125 0.362037 0.015625 0.146296 0.381592
0 0.219271 0.327778 0.0635417 0.162963 0.382343
0 0.691146 0.352778 0.0177083 0.0944444 0.393381
0 0.626042 0.364815 0.0291667 0.137037 0.396707
0 0.626042 0.366667 0.0291667 0.137037 0.398923
0 0.45625 0.352778 0.0270833 0.146296 0.411082
0 0.391146 0.327778 0.0114583 0.0592593 0.418262
0 0.495833 0.357407 0.0270833 0.137037 0.418371
0 0.219792 0.328704 0.0666667 0.161111 0.426102
0 0.495313 0.360185 0.0260417 0.131481 0.428838
0 0.455208 0.343519 0.0270833 0.116667 0.43319
0 0.495833 0.356481 0.0229167 0.135185 0.434986
0 0.220833 0.335185 0.0645833 0.166667 0.437436
0 0.690625 0.352778 0.0166667 0.0944444 0.438945
0 0.391146 0.327778 0.0114583 0.0592593 0.443852
0 0.690625 0.355556 0.0166667 0.1 0.445246
0 0.220313 0.330556 0.0614583 0.157407 0.445621
0 0.690625 0.352778 0.0166667 0.0981481 0.448753
0 0.455729 0.352778 0.028125 0.138889 0.455185
0 0.968229 0.544444 0.0635417 0.888889 0.455734
0 0.690625 0.353704 0.0166667 0.0962963 0.455849
0 0.690104 0.353704 0.0177083 0.103704 0.46695
0 0.495833 0.359259 0.0270833 0.137037 0.467086
0 0.626042 0.365741 0.0291667 0.135185 0.467499
0 0.690625 0.352778 0.0166667 0.0981481 0.469506
0 0.455729 0.353704 0.0260417 0.148148 0.470552
0 0.220313 0.330556 0.0614583 0.157407 0.470616
0 0.455208 0.343519 0.0270833 0.12037 0.470987
0 0.00729167 0.363889 0.0145833 0.142593 0.472516
0 0.626042 0.366667 0.0291667 0.137037 0.473287
0 0.455208 0.343519 0.0270833 0.12037 0.476474
0 0.455208 0.350926 0.0291667 0.135185 0.477752
0 0.220313 0.331481 0.0614583 0.159259 0.486966
0 0.970312 0.565741 0.059375 0.801852 0.508665
0 0.455729 0.352778 0.028125 0.138889 0.518903
0 0.455729 0.349074 0.028125 0.131481 0.521974
0 0.495833 0.358333 0.0270833 0.135185 0.524601
0 0.455729 0.352778 0.028125 0.138889 0.527317
0 0.625521 0.369444 0.028125 0.135185 0.531601
0 0.496354 0.359259 0.0260417 0.137037 0.532999
0 0.455729 0.352778 0.0260417 0.146296 0.535504
0 0.0078125 0.363889 0.015625 0.142593 0.53882
0 0.455208 0.351852 0.0270833 0.133333 0.540833
0 0.625521 0.369444 0.028125 0.135185 0.543374
0 0.495833 0.360185 0.0270833 0.135185 0.5446
0 0.495313 0.360185 0.0260417 0.135185 0.55118
0 0.495313 0.360185 0.0260417 0.135185 0.554171
0 0.00729167 0.363889 0.0145833 0.138889 0.555918
0 0.220313 0.333333 0.0635417 0.162963 0.557422
0 0.0078125 0.363889 0.015625 0.142593 0.559313
0 0.219792 0.334259 0.0666667 0.175926 0.570692
0 0.625521 0.365741 0.0302083 0.142593 0.572229
0 0.495833 0.357407 0.025 0.12963 0.575875
0 0.626562 0.366667 0.028125 0.12963 0.585207
0 0.626042 0.365741 0.0291667 0.142593 0.587494
0 0.455208 0.353704 0.0270833 0.133333 0.591412
0 0.219792 0.328704 0.0625 0.161111 0.591644
0 0.0078125 0.362963 0.015625 0.148148 0.593741
0 0.219792 0.328704 0.0625 0.161111 0.594528
0 0.0078125 0.362037 0.015625 0.15 0.595352
0 0.455208 0.353704 0.0270833 0.137037 0.596483
0 0.219792 0.328704 0.0625 0.161111 0.601533
0 0.626042 0.367593 0.0291667 0.131481 0.602701
0 0.969271 0.537037 0.0614583 0.82963 0.609298
0 0.495833 0.360185 0.0270833 0.135185 0.610168
0 0.219792 0.32963 0.0645833 0.159259 0.614678
0 0.21875 0.328704 0.0625 0.164815 0.61824
0 0.218229 0.328704 0.0614583 0.164815 0.619379
0 0.219792 0.328704 0.0625 0.157407 0.645656
0 0.496354 0.358333 0.0260417 0.135185 0.651393
0 0.219271 0.328704 0.0614583 0.157407 0.655306
0 0.585417 0.358333 0.03125 0.161111 0.661591
0 0.219271 0.32963 0.0614583 0.159259 0.668046
0 0.495833 0.357407 0.0229167 0.140741 0.673055
0 0.626042 0.365741 0.0291667 0.135185 0.677979
0 0.495833 0.357407 0.0229167 0.140741 0.688459
0 0.969792 0.537963 0.0583333 0.816667 0.68992
0 0.585938 0.358333 0.0302083 0.161111 0.693164
0 0.626562 0.367593 0.0302083 0.135185 0.693539
0 0.585938 0.357407 0.0302083 0.162963 0.694199
0 0.626562 0.366667 0.028125 0.137037 0.695607
0 0.495313 0.357407 0.0239583 0.133333 0.702523
0 0.495313 0.358333 0.0239583 0.131481 0.705871
0 0.626042 0.368519 0.0291667 0.133333 0.708566
0 0.626562 0.367593 0.028125 0.135185 0.710018
0 0.626562 0.365741 0.0302083 0.135185 0.71363
0 0.626042 0.368519 0.0291667 0.133333 0.71517
0 0.626562 0.367593 0.0302083 0.135185 0.715801
0 0.496354 0.359259 0.0260417 0.137037 0.71653
0 0.626042 0.365741 0.0291667 0.135185 0.71751
0 0.293229 0.42037 0.0739583 0.351852 0.71844
0 0.626562 0.366667 0.0302083 0.137037 0.726376
0 0.495833 0.360185 0.025 0.135185 0.732
0 0.219792 0.332407 0.0645833 0.168519 0.732266
0 0.586458 0.357407 0.03125 0.159259 0.763042
0 0.96875 0.552778 0.0604167 0.831481 0.766482
0 0.586458 0.357407 0.03125 0.159259 0.774137
0 0.293229 0.42037 0.0739583 0.351852 0.788691
0 0.586458 0.357407 0.03125 0.155556 0.795379
0 0.586458 0.357407 0.03125 0.155556 0.797432
0 0.586458 0.357407 0.03125 0.159259 0.801504
0 0.586458 0.358333 0.03125 0.157407 0.822061
0 0.293229 0.421296 0.0739583 0.35 0.824477
0 0.293229 0.42037 0.0739583 0.351852 0.824637
0 0.586458 0.358333 0.03125 0.157407 0.824874
0 0.29375 0.42037 0.075 0.351852 0.828415
0 0.585938 0.356481 0.0302083 0.153704 0.829742
0 0.585938 0.356481 0.0302083 0.157407 0.831912
0 0.586458 0.358333 0.03125 0.157407 0.832456
0 0.293229 0.424074 0.0760417 0.359259 0.833536
0 0.293229 0.424074 0.0760417 0.359259 0.835595
0 0.293229 0.424074 0.0760417 0.359259 0.839842
0 0.292188 0.42037 0.0739583 0.351852 0.847536
0 0.292708 0.42037 0.075 0.351852 0.85339
0 0.293229 0.42037 0.0739583 0.351852 0.855779
0 0.293229 0.421296 0.0739583 0.353704 0.861294
0 0.29375 0.418519 0.0729167 0.351852 0.878986
0 0.293229 0.418519 0.071875 0.351852 0.87936
0 0.293229 0.418519 0.071875 0.351852 0.88466
