0 0.314063 0.396296 0.015625 0.0740741 0.254234
13 0.20625 0.465741 0.0645833 0.0981481 0.257325
0 0.655208 0.415741 0.0229167 0.101852 0.257648
0 0.0348958 0.424074 0.028125 0.1 0.259764
0 0.034375 0.425926 0.0291667 0.103704 0.261274
0 0.375 0.411111 0.0208333 0.107407 0.261976
13 0.207292 0.464815 0.0666667 0.0888889 0.262654
0 0.372917 0.414815 0.0270833 0.107407 0.263756
13 0.277604 0.484259 0.0885417 0.0611111 0.264726
0 0.267188 0.387037 0.021875 0.0740741 0.268731
0 0.372917 0.414815 0.0270833 0.107407 0.269158
0 0.261458 0.383333 0.025 0.0814815 0.270205
0 0.314063 0.391667 0.0135417 0.0722222 0.272521
13 0.342708 0.587037 0.1625 0.1 0.273611
0 0.191146 0.392593 0.021875 0.0703704 0.273806
0 0.0348958 0.424074 0.028125 0.1 0.276675
0 0.261458 0.387037 0.0291667 0.0777778 0.277591
13 0.20625 0.466667 0.0666667 0.1 0.277877
0 0.268229 0.387037 0.0197917 0.0740741 0.277954
13 0.273438 0.485185 0.0802083 0.062963 0.278933
0 0.0348958 0.424074 0.028125 0.1 0.279523
13 0.272917 0.478704 0.0791667 0.0759259 0.283891
13 0.273438 0.47963 0.0802083 0.0777778 0.287531
13 0.343229 0.589815 0.167708 0.101852 0.289165
0 0.267188 0.385185 0.021875 0.0777778 0.290298
13 0.278125 0.484259 0.0895833 0.0611111 0.294838
13 0.342708 0.587963 0.164583 0.0981481 0.295351
0 0.267708 0.385185 0.0208333 0.0777778 0.29729
0 0.313542 0.396296 0.0145833 0.0703704 0.297612
13 0.38125 0.62963 0.24375 0.174074 0.297976
0 0.268229 0.387037 0.0197917 0.0740741 0.298708
13 0.205729 0.47037 0.065625 0.0962963 0.302299
0 0.267708 0.385185 0.0208333 0.0777778 0.304389
13 0.382812 0.62963 0.238542 0.17037 0.305496
13 0.382812 0.628704 0.240625 0.172222 0.306292
13 0.273438 0.485185 0.0822917 0.062963 0.307147
13 0.341667 0.586111 0.160417 0.0981481 0.308345
0 0.254687 0.385185 0.0239583 0.0777778 0.310604
0 0.0348958 0.425 0.028125 0.105556 0.311322
13 0.341667 0.586111 0.1625 0.0981481 0.313137
0 0.192188 0.389815 0.0197917 0.0685185 0.314145
13 0.343229 0.587963 0.167708 0.0981481 0.314535
0 0.257292 0.387963 0.025 0.0759259 0.316881
0 0.257292 0.385185 0.025 0.0777778 0.317179
0 0.257292 0.385185 0.025 0.0777778 0.319084
0 0.192708 0.391667 0.0208333 0.0685185 0.319172
0 0.944792 0.593518 0.110417 0.483333 0.321373
0 0.192188 0.392593 0.021875 0.0703704 0.321671
0 0.192188 0.389815 0.0197917 0.0685185 0.324084
0 0.313542 0.396296 0.0145833 0.0703704 0.32636
0 0.257812 0.387963 0.0239583 0.0759259 0.327501
13 0.34375 0.588889 0.16875 0.103704 0.32772
13 0.341667 0.584259 0.158333 0.0981481 0.33095
0 0.0348958 0.425926 0.028125 0.107407 0.331223
0 0.257292 0.385185 0.025 0.0777778 0.33289
13 0.379167 0.628704 0.239583 0.172222 0.335857
0 0.192188 0.389815 0.0197917 0.0685185 0.337414
0 0.357812 0.417593 0.021875 0.105556 0.338762
0 0.945312 0.587963 0.109375 0.475926 0.340667
13 0.205729 0.464815 0.0635417 0.0925926 0.34076
13 0.382292 0.62963 0.241667 0.17037 0.340991
0 0.944792 0.593518 0.110417 0.487037 0.341869
0 0.0348958 0.425926 0.028125 0.107407 0.343018
0 0.192708 0.391667 0.0208333 0.0685185 0.343389
13 0.206771 0.467593 0.0677083 0.0944444 0.344437
13 0.205729 0.464815 0.0635417 0.0925926 0.344894
0 0.257292 0.387963 0.025 0.0759259 0.34692
0 0.440625 0.428704 0.0333333 0.153704 0.349149
13 0.20625 0.466667 0.0645833 0.0962963 0.350353
13 0.204688 0.465741 0.0635417 0.0944444 0.351473
0 0.439583 0.42963 0.0333333 0.155556 0.352792
13 0.20625 0.466667 0.0645833 0.0962963 0.353207
13 0.278125 0.480556 0.0895833 0.0685185 0.355287
13 0.275521 0.47963 0.0885417 0.0703704 0.364915
0 0.439583 0.42963 0.0333333 0.155556 0.368165
13 0.3625 0.6 0.202083 0.122222 0.370743
0 0.192708 0.391667 0.01875 0.0685185 0.37622
13 0.278125 0.480556 0.0895833 0.0685185 0.376368
0 0.395833 0.402778 0.0166667 0.0796296 0.376575
0 0.395833 0.402778 0.0166667 0.0796296 0.379122
13 0.276042 0.480556 0.0875 0.0685185 0.386368
0 0.388021 0.412963 0.0302083 0.103704 0.387653
0 0.388021 0.412037 0.034375 0.101852 0.389682
13 0.205208 0.467593 0.0666667 0.0944444 0.390054
0 0.291667 0.39537 0.01875 0.087037 0.390167
0 0.291667 0.396296 0.01875 0.0888889 0.391259
13 0.205208 0.467593 0.0666667 0.0944444 0.395278
0 0.395833 0.402778 0.0166667 0.0796296 0.41135
0 0.291667 0.39537 0.01875 0.087037 0.415151
0 0.314063 0.391667 0.0135417 0.0722222 0.420833
0 0.439583 0.436111 0.0333333 0.157407 0.424724
0 0.439583 0.436111 0.0333333 0.157407 0.428159
0 0.439063 0.436111 0.0322917 0.157407 0.430935
0 0.314583 0.390741 0.0125 0.0740741 0.435107
13 0.378646 0.623148 0.238542 0.164815 0.436937
0 0.377083 0.412037 0.0208333 0.105556 0.437734
0 0.314063 0.391667 0.0135417 0.0685185 0.438321
0 0.944792 0.593518 0.110417 0.475926 0.442098
0 0.314583 0.390741 0.0125 0.0740741 0.451822
0 0.395312 0.407407 0.0177083 0.0925926 0.460211
0 0.377083 0.412963 0.0208333 0.107407 0.460779
0 0.377083 0.412963 0.0208333 0.107407 0.463015
0 0.438542 0.431481 0.0333333 0.151852 0.464975
0 0.359375 0.414815 0.0229167 0.107407 0.466514
0 0.360938 0.414815 0.0239583 0.107407 0.473603
0 0.358333 0.412963 0.0208333 0.1 0.477578
0 0.438542 0.431481 0.0333333 0.155556 0.486166
0 0.358333 0.412963 0.0208333 0.1 0.50423
0 0.358333 0.412963 0.0208333 0.1 0.504894
0 0.377083 0.412037 0.0229167 0.101852 0.509242
0 0.94375 0.589815 0.108333 0.472222 0.50948
0 0.358333 0.412963 0.0208333 0.1 0.51697
0 0.944792 0.593518 0.110417 0.475926 0.525264
0 0.377083 0.411111 0.0229167 0.103704 0.531317
0 0.358333 0.413889 0.0208333 0.101852 0.532163
0 0.358333 0.413889 0.0208333 0.101852 0.537454
0 0.377083 0.411111 0.0229167 0.103704 0.543974
0 0.395833 0.412963 0.01875 0.1 0.580482
0 0.94375 0.587963 0.110417 0.475926 0.62157
0 0.395312 0.412963 0.0197917 0.1 0.632909
0 0.395312 0.411111 0.0177083 0.0962963 0.635586
0 0.395312 0.412963 0.0197917 0.1 0.636032
0 0.94375 0.591667 0.108333 0.47963 0.638181
0 0.438542 0.436111 0.0333333 0.157407 0.661744
0 0.438542 0.437037 0.0333333 0.159259 0.671974
0 0.395312 0.411111 0.0177083 0.1 0.674439
0 0.394792 0.411111 0.01875 0.1 0.67837
0 0.94375 0.590741 0.108333 0.485185 0.680176
0 0.440104 0.432407 0.034375 0.161111 0.691888
0 0.439583 0.432407 0.0354167 0.161111 0.695965
0 0.440104 0.431481 0.034375 0.159259 0.696954
0 0.440625 0.431481 0.0354167 0.155556 0.706792
0 0.440625 0.432407 0.0354167 0.157407 0.709626
0 0.94375 0.588889 0.108333 0.477778 0.72518
0 0.439583 0.433333 0.0333333 0.159259 0.751139
0 0.439583 0.433333 0.0333333 0.159259 0.774701
0 0.440104 0.434259 0.0322917 0.157407 0.779475
0 0.440104 0.434259 0.0322917 0.161111 0.783864
0 0.944271 0.588889 0.109375 0.474074 0.791245
0 0.94375 0.587963 0.108333 0.487037 0.796196
0 0.439583 0.433333 0.0333333 0.159259 0.797009
0 0.94375 0.587963 0.108333 0.483333 0.814367
0 0.944271 0.588889 0.109375 0.477778 0.831413
0 0.944271 0.589815 0.109375 0.475926 0.871098
