0 0.510938 0.335185 0.0197917 0.0703704 0.257927
0 0.0140625 0.388889 0.028125 0.159259 0.258167
0 0.495833 0.358333 0.0333333 0.153704 0.258733
0 0.0140625 0.389815 0.028125 0.157407 0.259487
26 0.658333 0.35463 0.0208333 0.0648148 0.261156
0 0.366667 0.332407 0.01875 0.0722222 0.263349
0 0.493229 0.342593 0.021875 0.1 0.265398
0 0.510938 0.336111 0.0197917 0.0685185 0.26795
26 0.658333 0.35463 0.0208333 0.0648148 0.270707
0 0.469271 0.34537 0.0260417 0.101852 0.275411
0 0.493229 0.341667 0.021875 0.0981481 0.275865
0 0.225521 0.425 0.090625 0.394444 0.276563
0 0.442708 0.361111 0.0291667 0.144444 0.278593
0 0.495833 0.360185 0.0333333 0.15 0.279368
13 0.415104 0.539815 0.0739583 0.164815 0.282672
0 0.442708 0.361111 0.0291667 0.140741 0.284849
0 0.469271 0.34537 0.0260417 0.101852 0.285426
0 0.226042 0.424074 0.0895833 0.396296 0.286773
13 0.415625 0.538889 0.075 0.162963 0.287279
0 0.567708 0.342593 0.0145833 0.0740741 0.287456
0 0.226042 0.425 0.0895833 0.394444 0.289319
0 0.495313 0.368519 0.028125 0.140741 0.292087
0 0.44375 0.363889 0.0291667 0.138889 0.29297
0 0.61875 0.356481 0.0229167 0.131481 0.298214
26 0.658333 0.35463 0.0208333 0.0648148 0.298263
0 0.627604 0.375926 0.0385417 0.185185 0.299273
0 0.566667 0.337037 0.0145833 0.0740741 0.301449
0 0.366667 0.333333 0.01875 0.0703704 0.301928
0 0.510938 0.336111 0.0197917 0.0685185 0.302246
0 0.447917 0.366667 0.0333333 0.144444 0.30277
0 0.509375 0.34537 0.01875 0.101852 0.305571
0 0.0786458 0.374074 0.0239583 0.12963 0.307191
0 0.0786458 0.374074 0.0239583 0.12963 0.30725
0 0.447917 0.366667 0.0333333 0.144444 0.310652
0 0.566667 0.338889 0.0145833 0.0777778 0.312914
0 0.566667 0.337037 0.0145833 0.0740741 0.316125
0 0.227083 0.42037 0.0854167 0.392593 0.320415
0 0.630208 0.376852 0.0395833 0.190741 0.320731
0 0.493229 0.367593 0.0239583 0.135185 0.322505
0 0.638021 0.37963 0.0510417 0.211111 0.322904
0 0.497396 0.358333 0.0302083 0.146296 0.327684
0 0.638542 0.380556 0.0520833 0.209259 0.33362
0 0.492708 0.360185 0.025 0.131481 0.335862
0 0.509896 0.351852 0.0197917 0.111111 0.336656
0 0.447396 0.366667 0.0322917 0.144444 0.339885
0 0.0145833 0.381481 0.0291667 0.162963 0.340033
0 0.49375 0.364815 0.03125 0.148148 0.341338
0 0.630729 0.375926 0.0385417 0.188889 0.344561
0 0.567187 0.342593 0.0135417 0.0740741 0.344769
0 0.510417 0.338889 0.0166667 0.0740741 0.351231
0 0.509896 0.350926 0.0197917 0.109259 0.355882
0 0.445833 0.358333 0.0291667 0.124074 0.356048
0 0.566667 0.337037 0.0145833 0.0740741 0.357226
0 0.567708 0.341667 0.0145833 0.0722222 0.360016
0 0.0796875 0.382407 0.028125 0.127778 0.361901
0 0.638021 0.378704 0.0510417 0.209259 0.364827
0 0.446875 0.362037 0.0333333 0.135185 0.366983
0 0.510938 0.337963 0.0177083 0.0759259 0.369739
0 0.493229 0.364815 0.0322917 0.148148 0.375818
0 0.0802083 0.381481 0.0270833 0.133333 0.375838
0 0.0802083 0.381481 0.0270833 0.12963 0.375916
0 0.471354 0.34537 0.0239583 0.105556 0.375937
13 0.417708 0.541667 0.0770833 0.164815 0.380215
0 0.566667 0.342593 0.0145833 0.0777778 0.384534
0 0.446875 0.362037 0.0333333 0.135185 0.385701
0 0.015625 0.387963 0.03125 0.153704 0.391511
0 0.326042 0.342593 0.0208333 0.0888889 0.392957
13 0.417188 0.541667 0.0760417 0.164815 0.393101
0 0.510417 0.338889 0.0166667 0.0740741 0.393343
0 0.567708 0.341667 0.0145833 0.0722222 0.393926
0 0.0145833 0.382407 0.0291667 0.157407 0.394753
0 0.015625 0.388889 0.03125 0.155556 0.396046
0 0.49375 0.364815 0.03125 0.148148 0.399482
0 0.445833 0.358333 0.0270833 0.127778 0.401534
0 0.326042 0.343519 0.01875 0.087037 0.402949
0 0.0140625 0.381481 0.028125 0.159259 0.403306
0 0.0130208 0.386111 0.0260417 0.161111 0.408744
0 0.445312 0.358333 0.028125 0.127778 0.408924
0 0.326562 0.343519 0.0197917 0.087037 0.410177
0 0.0125 0.385185 0.025 0.162963 0.411445
0 0.567187 0.342593 0.0135417 0.0740741 0.414036
0 0.326562 0.343519 0.0197917 0.087037 0.415091
0 0.326042 0.341667 0.0208333 0.0907407 0.416965
0 0.471354 0.34537 0.0239583 0.105556 0.420321
0 0.471354 0.34537 0.0239583 0.105556 0.425134
0 0.326562 0.341667 0.021875 0.0907407 0.429849
0 0.445833 0.361111 0.0333333 0.133333 0.432087
0 0.638021 0.377778 0.046875 0.207407 0.433834
0 0.567708 0.342593 0.0145833 0.0740741 0.442824
0 0.641146 0.37963 0.046875 0.207407 0.470271
0 0.0151042 0.386111 0.0302083 0.157407 0.475163
0 0.0151042 0.387037 0.0302083 0.151852 0.47759
13 0.418229 0.538889 0.0739583 0.159259 0.483454
0 0.222917 0.423148 0.0875 0.390741 0.484416
13 0.417188 0.539815 0.0760417 0.164815 0.484439
0 0.0140625 0.386111 0.028125 0.157407 0.489837
0 0.0151042 0.386111 0.0302083 0.157407 0.48997
0 0.222917 0.424074 0.0875 0.388889 0.490979
0 0.222917 0.424074 0.0875 0.392593 0.491278
0 0.0140625 0.386111 0.028125 0.157407 0.495485
0 0.015625 0.387963 0.03125 0.153704 0.498088
13 0.416667 0.540741 0.075 0.162963 0.502318
0 0.638021 0.378704 0.046875 0.209259 0.507266
13 0.417188 0.537963 0.0739583 0.157407 0.514984
0 0.49375 0.363889 0.0291667 0.146296 0.515343
13 0.417188 0.537963 0.0739583 0.157407 0.515532
0 0.641146 0.37963 0.0447917 0.207407 0.518593
13 0.417188 0.537963 0.0739583 0.157407 0.522963
13 0.418229 0.538889 0.0739583 0.155556 0.52321
0 0.222917 0.422222 0.0895833 0.388889 0.543916
0 0.015625 0.387037 0.03125 0.151852 0.544865
0 0.222917 0.421296 0.0895833 0.390741 0.555126
13 0.417708 0.539815 0.0729167 0.157407 0.558279
0 0.641146 0.378704 0.0447917 0.205556 0.559275
0 0.0151042 0.386111 0.0302083 0.157407 0.559811
13 0.417708 0.539815 0.0729167 0.157407 0.576061
0 0.493229 0.363889 0.028125 0.15 0.578695
0 0.638021 0.378704 0.046875 0.209259 0.585961
0 0.444271 0.362963 0.0302083 0.133333 0.592855
0 0.0791667 0.377778 0.0291667 0.12963 0.601817
13 0.417708 0.538889 0.0729167 0.159259 0.604626
13 0.417708 0.537963 0.0729167 0.157407 0.605423
13 0.417708 0.539815 0.0729167 0.161111 0.606187
13 0.417708 0.538889 0.0729167 0.155556 0.61232
13 0.418229 0.538889 0.0739583 0.155556 0.615038
13 0.417708 0.538889 0.0729167 0.159259 0.6152
0 0.49375 0.367593 0.025 0.138889 0.616906
0 0.49375 0.367593 0.025 0.138889 0.617364
13 0.417708 0.538889 0.0729167 0.155556 0.619667
0 0.493229 0.361111 0.0260417 0.144444 0.629178
0 0.492708 0.361111 0.025 0.144444 0.63082
0 0.326562 0.34537 0.021875 0.0907407 0.633974
0 0.326562 0.340741 0.021875 0.0851852 0.637511
0 0.0791667 0.377778 0.0270833 0.12963 0.643851
13 0.417708 0.538889 0.0729167 0.155556 0.645274
0 0.0786458 0.377778 0.028125 0.12963 0.64722
0 0.326562 0.344444 0.021875 0.0888889 0.652869
0 0.0786458 0.37963 0.028125 0.125926 0.654861
0 0.6375 0.378704 0.0458333 0.205556 0.669208
0 0.326042 0.340741 0.0208333 0.0888889 0.669675
0 0.326562 0.34537 0.021875 0.0907407 0.671899
0 0.0791667 0.378704 0.0291667 0.131481 0.677333
0 0.49375 0.364815 0.0270833 0.148148 0.680391
0 0.0786458 0.380556 0.028125 0.127778 0.685788
0 0.0791667 0.378704 0.0291667 0.131481 0.686348
0 0.0786458 0.380556 0.028125 0.127778 0.696143
0 0.0786458 0.380556 0.028125 0.127778 0.697075
0 0.6375 0.37963 0.0458333 0.207407 0.69793
0 0.445312 0.366667 0.0302083 0.140741 0.707035
0 0.0786458 0.378704 0.028125 0.131481 0.709121
0 0.0791667 0.377778 0.0291667 0.133333 0.717412
0 0.327083 0.342593 0.0208333 0.0888889 0.719523
0 0.0796875 0.377778 0.028125 0.133333 0.721742
0 0.444792 0.367593 0.03125 0.142593 0.724292
0 0.6375 0.37963 0.0458333 0.207407 0.730264
0 0.0786458 0.378704 0.028125 0.131481 0.73343
0 0.0786458 0.380556 0.028125 0.127778 0.74079
0 0.326562 0.342593 0.021875 0.0888889 0.742007
0 0.0786458 0.380556 0.028125 0.127778 0.743163
0 0.327083 0.342593 0.0208333 0.0888889 0.744229
0 0.636458 0.377778 0.0479167 0.207407 0.754132
0 0.636979 0.378704 0.046875 0.209259 0.761379
0 0.444792 0.365741 0.03125 0.142593 0.776917
0 0.444271 0.363889 0.0302083 0.135185 0.782405
0 0.444271 0.363889 0.0302083 0.135185 0.783441
0 0.444271 0.365741 0.0302083 0.142593 0.801196
0 0.444271 0.365741 0.0302083 0.142593 0.809559
0 0.444271 0.366667 0.0302083 0.144444 0.821361
0 0.444271 0.363889 0.0302083 0.142593 0.825643
0 0.639063 0.375926 0.040625 0.207407 0.826723
0 0.639063 0.375926 0.040625 0.211111 0.832467
0 0.444271 0.362963 0.0302083 0.140741 0.834615
0 0.224479 0.422222 0.0885417 0.392593 0.861627
0 0.224479 0.421296 0.0885417 0.383333 0.867569
0 0.224479 0.421296 0.0885417 0.383333 0.868039
0 0.224479 0.421296 0.0885417 0.390741 0.868819
0 0.224479 0.421296 0.090625 0.390741 0.873183
0 0.224479 0.421296 0.0885417 0.383333 0.880007
0 0.224479 0.421296 0.0885417 0.383333 0.889411
0 0.224479 0.422222 0.0864583 0.392593 0.895421
0 0.224479 0.422222 0.0885417 0.392593 0.899544
0 0.223958 0.422222 0.0875 0.392593 0.900561
