0 0.492188 0.337963 0.0614583 0.135185 0.251241
0 0.623958 0.34537 0.0333333 0.157407 0.25317
0 0.508854 0.336111 0.0302083 0.135185 0.259403
0 0.299479 0.318519 0.0322917 0.0925926 0.260729
0 0.299479 0.316667 0.0322917 0.0962963 0.26285
0 0.483333 0.32037 0.0166667 0.0851852 0.265619
0 0.623958 0.34537 0.0333333 0.157407 0.266805
0 0.508854 0.337037 0.0302083 0.133333 0.270278
0 0.484375 0.318519 0.0166667 0.0777778 0.274865
0 0.299479 0.318519 0.0322917 0.0925926 0.276134
0 0.483333 0.319444 0.0166667 0.0833333 0.277583
0 0.646875 0.336111 0.025 0.116667 0.278208
0 0.299479 0.316667 0.0322917 0.0962963 0.28353
0 0.371354 0.305556 0.0135417 0.0666667 0.289694
0 0.299479 0.318519 0.0322917 0.0925926 0.290596
0 0.466146 0.327778 0.0302083 0.125926 0.293185
0 0.621354 0.342593 0.0302083 0.151852 0.300914
0 0.492188 0.338889 0.0614583 0.140741 0.300997
0 0.371354 0.305556 0.0135417 0.0666667 0.302991
0 0.298958 0.315741 0.03125 0.0944444 0.305762
0 0.0713542 0.45 0.142708 0.585185 0.30752
0 0.465104 0.331481 0.028125 0.133333 0.309001
0 0.620833 0.341667 0.0291667 0.15 0.315873
0 0.61875 0.347222 0.03125 0.168519 0.321825
0 0.61875 0.346296 0.03125 0.17037 0.325342
0 0.645312 0.348148 0.0260417 0.137037 0.331019
0 0.61875 0.347222 0.03125 0.168519 0.336437
0 0.619792 0.341667 0.0291667 0.168519 0.339033
0 0.646354 0.335185 0.0260417 0.122222 0.349226
0 0.646875 0.335185 0.025 0.122222 0.351523
0 0.619792 0.341667 0.0291667 0.168519 0.355312
0 0.620313 0.341667 0.028125 0.168519 0.365434
0 0.210417 0.366667 0.0645833 0.281481 0.379364
0 0.644792 0.343519 0.0270833 0.135185 0.387349
0 0.629687 0.344444 0.0489583 0.151852 0.398974
0 0.301562 0.315741 0.0322917 0.0981481 0.411958
0 0.645833 0.337037 0.025 0.125926 0.419367
0 0.0729167 0.451852 0.145833 0.581481 0.420063
0 0.301562 0.315741 0.0322917 0.0981481 0.429543
0 0.628646 0.34537 0.046875 0.153704 0.439822
0 0.50625 0.338889 0.03125 0.137037 0.441017
0 0.0729167 0.453704 0.145833 0.577778 0.443129
0 0.466146 0.327778 0.0302083 0.133333 0.445541
0 0.300521 0.315741 0.0302083 0.0944444 0.452662
0 0.466146 0.327778 0.0302083 0.133333 0.452861
0 0.506771 0.338889 0.0302083 0.137037 0.452946
0 0.301562 0.315741 0.0322917 0.0981481 0.453025
0 0.505729 0.338889 0.0302083 0.12963 0.463666
0 0.300521 0.314815 0.0302083 0.0962963 0.466167
0 0.628646 0.344444 0.046875 0.151852 0.47883
0 0.209375 0.360185 0.06875 0.298148 0.47889
0 0.50625 0.339815 0.03125 0.135185 0.482716
0 0.301042 0.315741 0.03125 0.0944444 0.485081
0 0.645312 0.342593 0.0260417 0.133333 0.488208
0 0.209896 0.365741 0.065625 0.27963 0.497617
0 0.3 0.316667 0.03125 0.0962963 0.501193
0 0.50625 0.340741 0.0291667 0.133333 0.506204
0 0.209375 0.360185 0.0666667 0.298148 0.508826
0 0.209375 0.358333 0.0666667 0.298148 0.516109
0 0.334896 0.305556 0.0177083 0.0740741 0.533767
0 0.335417 0.305556 0.01875 0.0740741 0.53731
0 0.210417 0.361111 0.0666667 0.292593 0.538491
0 0.334896 0.305556 0.0197917 0.0740741 0.539102
0 0.3 0.316667 0.03125 0.0962963 0.544847
0 0.3 0.316667 0.03125 0.0962963 0.545654
0 0.335417 0.305556 0.01875 0.0740741 0.548878
0 0.335417 0.305556 0.0208333 0.0740741 0.555181
0 0.335417 0.306481 0.0208333 0.0722222 0.567706
0 0.645312 0.342593 0.0260417 0.133333 0.568832
0 0.334896 0.30463 0.021875 0.0759259 0.571855
0 0.334896 0.30463 0.0197917 0.0759259 0.575493
0 0.465104 0.331481 0.0302083 0.144444 0.579153
0 0.645833 0.344444 0.025 0.12963 0.582043
0 0.334375 0.30463 0.0208333 0.0759259 0.584827
0 0.335417 0.303704 0.0208333 0.0777778 0.597169
0 0.465104 0.330556 0.0302083 0.142593 0.602481
0 0.505729 0.338889 0.0302083 0.133333 0.604146
0 0.50625 0.341667 0.0291667 0.135185 0.607933
0 0.505729 0.338889 0.0302083 0.133333 0.611549
0 0.465104 0.330556 0.028125 0.146296 0.61167
0 0.465104 0.330556 0.028125 0.146296 0.615469
0 0.299479 0.315741 0.0322917 0.0907407 0.615583
0 0.50625 0.341667 0.0291667 0.135185 0.615847
0 0.506771 0.341667 0.0302083 0.135185 0.622087
0 0.506771 0.341667 0.0302083 0.135185 0.625271
0 0.3 0.314815 0.0333333 0.0925926 0.625414
0 0.0713542 0.462037 0.140625 0.583333 0.628766
0 0.0713542 0.462037 0.140625 0.583333 0.64044
0 0.3 0.315741 0.0333333 0.0907407 0.647358
0 0.465625 0.331481 0.0291667 0.148148 0.647793
0 0.334896 0.303704 0.0197917 0.0740741 0.653791
0 0.465104 0.331481 0.0302083 0.144444 0.658904
0 0.644792 0.342593 0.0270833 0.140741 0.660313
0 0.3 0.315741 0.0333333 0.0944444 0.660515
0 0.208854 0.364815 0.065625 0.288889 0.662389
0 0.300521 0.315741 0.0322917 0.0944444 0.664709
0 0.506771 0.341667 0.0302083 0.135185 0.665761
0 0.644792 0.343519 0.0270833 0.138889 0.668492
0 0.645833 0.344444 0.025 0.137037 0.669866
0 0.465625 0.331481 0.0291667 0.148148 0.672052
0 0.645833 0.344444 0.025 0.137037 0.678645
0 0.300521 0.315741 0.0322917 0.0944444 0.68016
0 0.0729167 0.461111 0.145833 0.585185 0.683324
0 0.465625 0.332407 0.0291667 0.15 0.688769
0 0.0729167 0.460185 0.145833 0.583333 0.697335
0 0.209896 0.363889 0.0677083 0.298148 0.698872
0 0.210417 0.362963 0.0666667 0.285185 0.700408
0 0.300521 0.315741 0.0302083 0.0944444 0.70123
0 0.3 0.315741 0.03125 0.0944444 0.703522
0 0.644792 0.342593 0.025 0.133333 0.707457
0 0.210417 0.361111 0.0645833 0.292593 0.708515
0 0.300521 0.315741 0.0302083 0.0944444 0.71748
0 0.464583 0.331481 0.0291667 0.144444 0.728639
0 0.465104 0.330556 0.0302083 0.142593 0.733498
0 0.209375 0.362963 0.06875 0.3 0.736584
0 0.619792 0.344444 0.0291667 0.17037 0.756371
0 0.619792 0.344444 0.0291667 0.17037 0.761619
0 0.0713542 0.462037 0.142708 0.590741 0.775614
0 0.0708333 0.461111 0.141667 0.607407 0.777384
0 0.619792 0.344444 0.0291667 0.17037 0.78473
0 0.619792 0.341667 0.03125 0.172222 0.81098
0 0.619792 0.340741 0.03125 0.174074 0.816798
0 0.620833 0.34537 0.0291667 0.168519 0.831361
0 0.209375 0.362037 0.0666667 0.298148 0.831834
0 0.620833 0.34537 0.0291667 0.172222 0.835493
0 0.209375 0.362037 0.0666667 0.298148 0.83683
0 0.209375 0.361111 0.0666667 0.296296 0.837315
0 0.209896 0.362963 0.065625 0.3 0.837611
0 0.209896 0.361111 0.065625 0.296296 0.843848
0 0.209896 0.361111 0.065625 0.296296 0.844049
0 0.209896 0.361111 0.065625 0.296296 0.852231
0 0.209896 0.363889 0.065625 0.298148 0.858249
0 0.0713542 0.457407 0.140625 0.603704 0.865115
0 0.071875 0.458333 0.14375 0.583333 0.869355
0 0.0708333 0.457407 0.141667 0.603704 0.879023
0 0.071875 0.459259 0.14375 0.585185 0.882091
0 0.071875 0.457407 0.141667 0.585185 0.910706
0 0.0713542 0.458333 0.140625 0.587037 0.915943
