0 0.840625 0.393519 0.04375 0.227778 0.25005
0 0.375 0.338889 0.01875 0.062963 0.254343
0 0.430208 0.330556 0.0166667 0.0796296 0.257462
0 0.492188 0.380556 0.028125 0.131481 0.262867
0 0.652083 0.369444 0.0270833 0.131481 0.275059
0 0.846875 0.394444 0.0395833 0.225926 0.279471
0 0.55 0.389815 0.03125 0.127778 0.280168
0 0.371354 0.338889 0.0177083 0.0703704 0.291277
0 0.847396 0.39537 0.040625 0.224074 0.293288
0 0.651563 0.365741 0.028125 0.138889 0.300859
0 0.555729 0.394444 0.0260417 0.114815 0.301422
0 0.651563 0.365741 0.028125 0.142593 0.302164
0 0.555729 0.394444 0.0260417 0.114815 0.310088
0 0.554688 0.39537 0.028125 0.116667 0.311266
0 0.575 0.396296 0.0375 0.118519 0.312598
0 0.557292 0.388889 0.0229167 0.125926 0.325558
0 0.430208 0.335185 0.0145833 0.0777778 0.32651
0 0.577083 0.398148 0.0333333 0.114815 0.336591
0 0.428646 0.338889 0.0135417 0.0777778 0.339028
0 0.429167 0.337037 0.0145833 0.0777778 0.33994
0 0.371875 0.340741 0.0166667 0.0666667 0.344011
0 0.575521 0.39537 0.0385417 0.12037 0.344026
0 0.372396 0.340741 0.0177083 0.0666667 0.347185
0 0.00677083 0.369444 0.0135417 0.131481 0.35331
0 0.372396 0.340741 0.0177083 0.0666667 0.353651
0 0.55 0.389815 0.03125 0.124074 0.355735
0 0.372396 0.340741 0.0177083 0.0666667 0.359202
0 0.605208 0.343519 0.0166667 0.0722222 0.359657
0 0.549479 0.389815 0.0302083 0.124074 0.362293
0 0.00677083 0.365741 0.0135417 0.127778 0.37133
0 0.428646 0.338889 0.0135417 0.0777778 0.373646
0 0.371875 0.340741 0.0166667 0.0666667 0.375799
0 0.577083 0.399074 0.0333333 0.112963 0.376247
0 0.429167 0.337037 0.0145833 0.0777778 0.379397
0 0.372396 0.340741 0.0177083 0.0666667 0.382471
0 0.843229 0.393519 0.0489583 0.224074 0.394992
0 0.577083 0.399074 0.0333333 0.112963 0.395582
0 0.00729167 0.366667 0.0145833 0.133333 0.396382
0 0.652083 0.371296 0.0270833 0.135185 0.413996
0 0.429167 0.337037 0.0145833 0.0777778 0.416205
0 0.556771 0.387963 0.0239583 0.127778 0.416709
0 0.843229 0.394444 0.0489583 0.218519 0.419752
0 0.372396 0.340741 0.0177083 0.0703704 0.420596
0 0.557292 0.387963 0.0229167 0.127778 0.420995
0 0.842708 0.39537 0.05 0.224074 0.423541
0 0.373437 0.339815 0.0177083 0.0722222 0.423673
0 0.60625 0.342593 0.0145833 0.0703704 0.440899
0 0.00677083 0.369444 0.0135417 0.127778 0.442386
0 0.579167 0.393519 0.0291667 0.124074 0.449794
0 0.60625 0.342593 0.0145833 0.0703704 0.459428
0 0.60625 0.341667 0.0145833 0.0685185 0.464147
0 0.60625 0.343519 0.0145833 0.0685185 0.46636
0 0.579167 0.397222 0.0291667 0.12037 0.478056
0 0.579167 0.397222 0.0291667 0.12037 0.486766
0 0.00729167 0.369444 0.0145833 0.131481 0.487253
0 0.00677083 0.367593 0.0135417 0.135185 0.492964
0 0.579687 0.394444 0.028125 0.122222 0.496901
0 0.579687 0.393519 0.028125 0.12037 0.507031
0 0.00729167 0.367593 0.0145833 0.138889 0.508839
0 0.492188 0.383333 0.028125 0.137037 0.515643
0 0.651042 0.372222 0.0270833 0.133333 0.527076
0 0.00677083 0.369444 0.0135417 0.131481 0.528202
0 0.652083 0.369444 0.0270833 0.146296 0.528771
0 0.652083 0.37037 0.0270833 0.144444 0.533095
0 0.492708 0.384259 0.0291667 0.138889 0.544274
0 0.579167 0.397222 0.0291667 0.12037 0.546892
0 0.651563 0.371296 0.028125 0.142593 0.550885
0 0.845312 0.393519 0.0427083 0.227778 0.552198
0 0.579167 0.396296 0.0291667 0.118519 0.552211
0 0.453125 0.373148 0.0333333 0.164815 0.556796
0 0.493229 0.383333 0.0302083 0.140741 0.564143
0 0.453646 0.373148 0.0322917 0.161111 0.56698
0 0.844792 0.392593 0.04375 0.22963 0.570208
0 0.492708 0.381481 0.0270833 0.133333 0.570401
0 0.843229 0.393519 0.046875 0.22037 0.576486
0 0.651563 0.374074 0.028125 0.144444 0.581436
0 0.579167 0.397222 0.0291667 0.12037 0.590171
0 0.579167 0.397222 0.0291667 0.12037 0.592704
0 0.579167 0.398148 0.0291667 0.118519 0.603176
0 0.492188 0.380556 0.0260417 0.15 0.607039
0 0.651563 0.374074 0.028125 0.144444 0.613253
0 0.492188 0.380556 0.0260417 0.15 0.614206
0 0.651042 0.37037 0.0270833 0.140741 0.620944
0 0.84375 0.393519 0.0458333 0.224074 0.624182
0 0.579167 0.399074 0.0291667 0.116667 0.62735
0 0.493229 0.384259 0.0302083 0.138889 0.648792
0 0.84375 0.392593 0.0458333 0.222222 0.650103
0 0.579167 0.399074 0.0291667 0.116667 0.65396
0 0.844271 0.393519 0.046875 0.22037 0.656215
0 0.652083 0.37037 0.0270833 0.140741 0.670864
0 0.652083 0.37037 0.0270833 0.140741 0.673108
0 0.845312 0.394444 0.0447917 0.222222 0.676855
0 0.651563 0.374074 0.028125 0.144444 0.677609
0 0.651042 0.371296 0.0270833 0.142593 0.677976
0 0.651563 0.373148 0.028125 0.142593 0.693103
0 0.844271 0.393519 0.0447917 0.22037 0.700217
0 0.844271 0.392593 0.046875 0.222222 0.703299
0 0.492708 0.386111 0.0291667 0.138889 0.706923
0 0.845312 0.394444 0.0447917 0.222222 0.707364
0 0.844271 0.393519 0.0447917 0.224074 0.71403
0 0.492188 0.386111 0.028125 0.138889 0.718805
0 0.492708 0.386111 0.0291667 0.138889 0.723813
0 0.844792 0.394444 0.04375 0.222222 0.731317
0 0.651563 0.374074 0.028125 0.144444 0.731786
0 0.453646 0.377778 0.0302083 0.162963 0.733632
0 0.491667 0.386111 0.0291667 0.142593 0.734284
0 0.453646 0.375 0.0302083 0.161111 0.739902
0 0.453646 0.375 0.028125 0.164815 0.740326
0 0.651042 0.371296 0.0270833 0.138889 0.742664
0 0.453646 0.377778 0.0302083 0.162963 0.745934
0 0.844271 0.393519 0.046875 0.22037 0.747635
0 0.492188 0.385185 0.028125 0.140741 0.748368
0 0.651563 0.372222 0.028125 0.137037 0.751766
0 0.651563 0.373148 0.028125 0.142593 0.755611
0 0.492188 0.382407 0.028125 0.142593 0.75696
0 0.491667 0.386111 0.0291667 0.138889 0.763264
0 0.492708 0.383333 0.0291667 0.140741 0.76482
0 0.454167 0.376852 0.03125 0.164815 0.771377
0 0.453646 0.376852 0.0302083 0.161111 0.774034
0 0.454167 0.376852 0.03125 0.164815 0.782549
0 0.454167 0.376852 0.03125 0.164815 0.786025
0 0.493229 0.382407 0.028125 0.138889 0.786734
0 0.493229 0.382407 0.028125 0.138889 0.787554
0 0.453646 0.377778 0.0322917 0.162963 0.808509
0 0.453646 0.376852 0.0322917 0.164815 0.814598
0 0.453646 0.377778 0.0322917 0.166667 0.826556
0 0.453125 0.375 0.03125 0.164815 0.85234
0 0.453125 0.375 0.03125 0.168519 0.85304
