0 0.0953125 0.45463 0.121875 0.55 0.258604
0 0.299479 0.321296 0.0302083 0.0907407 0.259711
0 0.0932292 0.459259 0.123958 0.559259 0.26244
0 0.333854 0.307407 0.0197917 0.0703704 0.262721
0 0.0953125 0.455556 0.121875 0.559259 0.266256
0 0.333854 0.308333 0.0197917 0.0722222 0.266671
0 0.507812 0.340741 0.0322917 0.140741 0.270802
0 0.507812 0.339815 0.0322917 0.138889 0.272416
0 0.499479 0.344444 0.0510417 0.133333 0.273777
0 0.483333 0.324074 0.0166667 0.0851852 0.282193
0 0.333854 0.308333 0.0197917 0.0722222 0.28315
0 0.507812 0.340741 0.0322917 0.140741 0.289093
0 0.483333 0.324074 0.0166667 0.0851852 0.296952
0 0.645312 0.350926 0.028125 0.142593 0.297827
0 0.482292 0.323148 0.0166667 0.087037 0.29934
0 0.213021 0.37037 0.0635417 0.311111 0.300483
0 0.644792 0.350926 0.0270833 0.142593 0.300761
0 0.5 0.34537 0.05 0.138889 0.305709
0 0.508333 0.347222 0.0291667 0.138889 0.312475
0 0.301562 0.325 0.0302083 0.0944444 0.322328
0 0.508854 0.347222 0.0302083 0.138889 0.32292
0 0.299479 0.322222 0.0302083 0.0851852 0.323359
0 0.299479 0.322222 0.0302083 0.0851852 0.330571
0 0.302083 0.324074 0.03125 0.0925926 0.33073
0 0.482292 0.324074 0.0166667 0.0888889 0.331021
0 0.634896 0.353704 0.034375 0.155556 0.335555
0 0.634896 0.352778 0.034375 0.153704 0.34274
0 0.482292 0.323148 0.0166667 0.087037 0.343916
0 0.299479 0.321296 0.0302083 0.087037 0.344018
0 0.50625 0.344444 0.0333333 0.12963 0.352386
0 0.333854 0.312963 0.021875 0.0703704 0.357356
0 0.333333 0.313889 0.0208333 0.0685185 0.365629
0 0.302604 0.323148 0.0302083 0.0907407 0.369703
0 0.333333 0.313889 0.0208333 0.0685185 0.372484
0 0.465104 0.337037 0.0302083 0.140741 0.38718
0 0.214062 0.375926 0.065625 0.303704 0.405217
0 0.644792 0.349074 0.025 0.131481 0.410591
0 0.64375 0.353704 0.0270833 0.137037 0.412028
0 0.616146 0.348148 0.0322917 0.17037 0.420225
0 0.616146 0.348148 0.0322917 0.17037 0.431304
0 0.630208 0.351852 0.0520833 0.144444 0.431651
0 0.214062 0.375 0.0635417 0.298148 0.443203
0 0.506771 0.343519 0.0302083 0.135185 0.447175
0 0.507292 0.348148 0.03125 0.137037 0.447312
0 0.464583 0.337963 0.0291667 0.138889 0.452126
0 0.506771 0.348148 0.0302083 0.137037 0.459388
0 0.464583 0.337963 0.0291667 0.138889 0.460292
0 0.507292 0.347222 0.03125 0.135185 0.461514
0 0.629687 0.351852 0.0489583 0.144444 0.462226
0 0.215625 0.368519 0.0604167 0.307407 0.462319
0 0.214583 0.374074 0.0645833 0.296296 0.464229
0 0.0932292 0.450926 0.121875 0.568519 0.487581
0 0.629167 0.351852 0.0479167 0.148148 0.496759
0 0.0932292 0.450926 0.121875 0.568519 0.512567
0 0.464583 0.339815 0.0291667 0.153704 0.521883
0 0.301042 0.325 0.03125 0.0944444 0.522824
0 0.300521 0.325926 0.0302083 0.0888889 0.524769
0 0.301562 0.324074 0.0302083 0.0925926 0.527215
0 0.464583 0.339815 0.0291667 0.153704 0.529574
0 0.464583 0.337963 0.0270833 0.153704 0.53022
0 0.464583 0.337963 0.0270833 0.153704 0.536477
0 0.301562 0.324074 0.0302083 0.0925926 0.540468
0 0.301042 0.325 0.03125 0.0944444 0.54105
0 0.300521 0.325926 0.0302083 0.0888889 0.546532
0 0.644792 0.35 0.025 0.140741 0.558948
0 0.301042 0.324074 0.03125 0.0925926 0.562289
0 0.300521 0.325926 0.0302083 0.0888889 0.562667
0 0.644792 0.35 0.025 0.137037 0.567129
0 0.465104 0.340741 0.028125 0.148148 0.580268
0 0.64375 0.353704 0.0291667 0.140741 0.587863
0 0.334375 0.311111 0.0208333 0.0777778 0.590933
0 0.301042 0.324074 0.0291667 0.0925926 0.602316
0 0.334375 0.310185 0.0208333 0.0722222 0.613402
0 0.334375 0.310185 0.0208333 0.0759259 0.613451
0 0.465104 0.340741 0.028125 0.148148 0.615504
0 0.64375 0.350926 0.0270833 0.138889 0.618948
0 0.301562 0.324074 0.028125 0.0888889 0.623106
0 0.334375 0.311111 0.0208333 0.0740741 0.623532
0 0.301562 0.325 0.028125 0.0907407 0.624601
0 0.465104 0.340741 0.028125 0.148148 0.630667
0 0.465104 0.338889 0.0302083 0.151852 0.634686
0 0.643229 0.352778 0.028125 0.138889 0.634709
0 0.464583 0.338889 0.0291667 0.151852 0.637366
0 0.301562 0.324074 0.028125 0.0888889 0.641325
0 0.333854 0.312037 0.021875 0.0722222 0.641448
0 0.333854 0.312037 0.021875 0.0722222 0.641813
0 0.50625 0.344444 0.0333333 0.137037 0.646262
0 0.301562 0.324074 0.028125 0.0888889 0.646872
0 0.50625 0.344444 0.0333333 0.137037 0.651108
0 0.301562 0.325926 0.028125 0.0925926 0.65523
0 0.333854 0.312037 0.021875 0.0722222 0.65881
0 0.301562 0.325926 0.028125 0.0925926 0.662147
0 0.507292 0.343519 0.03125 0.138889 0.665617
0 0.507292 0.34537 0.03125 0.135185 0.668918
0 0.64375 0.351852 0.0270833 0.137037 0.672231
0 0.507292 0.346296 0.03125 0.137037 0.674663
0 0.507292 0.344444 0.03125 0.137037 0.677238
0 0.215625 0.374074 0.0604167 0.296296 0.684227
0 0.215625 0.374074 0.0604167 0.3 0.685841
0 0.215625 0.373148 0.0604167 0.298148 0.688792
0 0.333854 0.311111 0.0197917 0.0740741 0.696708
0 0.507292 0.34537 0.03125 0.135185 0.699927
0 0.618229 0.35 0.0322917 0.166667 0.702148
0 0.64375 0.353704 0.0270833 0.140741 0.702351
0 0.618229 0.35 0.0322917 0.166667 0.704162
0 0.618229 0.35 0.0322917 0.166667 0.704889
0 0.215104 0.374074 0.0614583 0.303704 0.71194
0 0.100521 0.448148 0.111458 0.548148 0.721302
0 0.216667 0.371296 0.0583333 0.305556 0.72671
0 0.096875 0.451852 0.114583 0.544444 0.739474
0 0.61875 0.35 0.03125 0.166667 0.741478
0 0.64375 0.351852 0.025 0.137037 0.748937
0 0.1 0.449074 0.1125 0.55 0.751466
0 0.619271 0.35 0.0322917 0.166667 0.751517
0 0.61875 0.350926 0.03125 0.168519 0.753191
0 0.64375 0.352778 0.0270833 0.146296 0.753679
0 0.61875 0.350926 0.03125 0.168519 0.75791
0 0.214583 0.373148 0.0604167 0.301852 0.760688
0 0.64375 0.352778 0.0270833 0.146296 0.765552
0 0.214583 0.373148 0.0604167 0.301852 0.774106
0 0.61875 0.35 0.03125 0.166667 0.776761
0 0.0973958 0.451852 0.113542 0.548148 0.777252
0 0.0921875 0.451852 0.121875 0.566667 0.779991
0 0.0932292 0.451852 0.121875 0.566667 0.793908
0 0.214583 0.374074 0.0604167 0.3 0.794297
0 0.215625 0.373148 0.0604167 0.301852 0.806692
0 0.215104 0.373148 0.0614583 0.301852 0.817585
0 0.215625 0.372222 0.0604167 0.3 0.819125
0 0.09375 0.45 0.125 0.555556 0.819294
0 0.61875 0.35 0.0333333 0.166667 0.835461
0 0.215104 0.374074 0.0614583 0.296296 0.836498
0 0.61875 0.35 0.0333333 0.17037 0.839133
0 0.214583 0.375 0.0604167 0.298148 0.849545
0 0.0953125 0.450926 0.121875 0.561111 0.853287
0 0.09375 0.450926 0.122917 0.557407 0.860775
0 0.0947917 0.450926 0.120833 0.561111 0.891089
