13 0.2875 0.473148 0.0895833 0.0796296 0.253747
0 0.3125 0.375926 0.01875 0.0925926 0.256858
13 0.214583 0.468519 0.0666667 0.0851852 0.256945
13 0.281771 0.47037 0.090625 0.0925926 0.258136
0 0.319792 0.384259 0.0145833 0.0907407 0.258724
0 0.3125 0.375 0.01875 0.0944444 0.264214
0 0.319792 0.384259 0.0145833 0.0907407 0.27059
36 0.958333 0.809259 0.08125 0.0481481 0.273585
13 0.283854 0.469444 0.090625 0.087037 0.27445
13 0.214583 0.461111 0.0604167 0.0814815 0.274709
13 0.358333 0.575926 0.154167 0.0851852 0.27607
13 0.359375 0.575926 0.154167 0.0851852 0.280162
0 0.385417 0.412963 0.01875 0.107407 0.282706
13 0.214583 0.461111 0.0604167 0.0814815 0.283085
0 0.316667 0.381481 0.0166667 0.0962963 0.283133
0 0.654688 0.425 0.0239583 0.12037 0.288097
13 0.445312 0.636111 0.126042 0.116667 0.28898
0 0.385938 0.412963 0.0197917 0.107407 0.290412
0 0.654167 0.423148 0.025 0.116667 0.297846
0 0.319792 0.384259 0.0145833 0.0907407 0.306472
13 0.214062 0.462037 0.059375 0.0796296 0.31113
13 0.214062 0.462037 0.059375 0.0796296 0.31318
13 0.365104 0.591667 0.167708 0.116667 0.320838
13 0.282813 0.475926 0.090625 0.0777778 0.324953
13 0.438021 0.630556 0.140625 0.127778 0.326405
0 0.314583 0.37963 0.01875 0.0962963 0.337996
13 0.359375 0.57963 0.160417 0.0962963 0.339204
13 0.282813 0.475926 0.090625 0.0777778 0.343087
0 0.394792 0.415741 0.0291667 0.109259 0.36116
0 0.365104 0.418519 0.0177083 0.1 0.364984
0 0.398958 0.414815 0.01875 0.1 0.365396
0 0.394271 0.415741 0.0302083 0.109259 0.365434
36 0.957292 0.810185 0.0729167 0.0388889 0.366866
0 0.45 0.435185 0.0375 0.166667 0.368124
0 0.394271 0.413889 0.0302083 0.109259 0.36865
13 0.284896 0.469444 0.090625 0.0833333 0.378251
0 0.319271 0.380556 0.015625 0.0944444 0.379043
0 0.45 0.435185 0.0375 0.162963 0.391336
13 0.284375 0.469444 0.0895833 0.0833333 0.394146
0 0.398438 0.413889 0.0197917 0.101852 0.399023
0 0.398438 0.413889 0.0197917 0.101852 0.399489
0 0.365104 0.418519 0.0177083 0.103704 0.406788
0 0.319271 0.380556 0.0135417 0.0944444 0.407046
0 0.319271 0.381481 0.0135417 0.0925926 0.407662
36 0.957292 0.810185 0.0729167 0.0388889 0.409351
36 0.958333 0.809259 0.0791667 0.0444444 0.411605
0 0.394792 0.415741 0.0291667 0.109259 0.412661
13 0.282813 0.47037 0.0885417 0.0851852 0.413144
0 0.365104 0.419444 0.0177083 0.101852 0.419714
0 0.448438 0.436111 0.034375 0.164815 0.424031
0 0.394271 0.414815 0.028125 0.111111 0.426071
36 0.958333 0.809259 0.0791667 0.0444444 0.427696
0 0.394271 0.414815 0.028125 0.107407 0.429267
13 0.281771 0.47037 0.090625 0.0888889 0.431814
0 0.392188 0.414815 0.0322917 0.107407 0.435559
0 0.365625 0.416667 0.01875 0.0962963 0.438391
0 0.448438 0.437037 0.034375 0.162963 0.439242
13 0.281771 0.47037 0.090625 0.0888889 0.440102
0 0.9625 0.584259 0.075 0.47963 0.441919
0 0.386458 0.413889 0.0208333 0.101852 0.445151
0 0.9625 0.593518 0.075 0.475926 0.446038
13 0.282292 0.471296 0.0895833 0.087037 0.446886
36 0.958333 0.809259 0.0770833 0.0407407 0.450789
0 0.9625 0.585185 0.075 0.481481 0.453641
0 0.448438 0.437037 0.034375 0.162963 0.458892
13 0.282813 0.47037 0.0927083 0.0851852 0.461131
0 0.395312 0.414815 0.0260417 0.107407 0.464897
0 0.9625 0.593518 0.075 0.475926 0.467108
0 0.386458 0.413889 0.0208333 0.105556 0.470808
0 0.386458 0.413889 0.0208333 0.105556 0.478257
0 0.365104 0.417593 0.0177083 0.101852 0.478301
13 0.283854 0.469444 0.090625 0.0833333 0.478345
0 0.365625 0.416667 0.01875 0.1 0.47949
36 0.958333 0.809259 0.075 0.0407407 0.48296
0 0.365625 0.416667 0.01875 0.1 0.48515
13 0.282813 0.469444 0.090625 0.087037 0.489562
13 0.284375 0.469444 0.0916667 0.0833333 0.493992
0 0.317708 0.380556 0.0145833 0.0981481 0.503804
0 0.365104 0.417593 0.0177083 0.101852 0.51469
13 0.284375 0.469444 0.0895833 0.0833333 0.514701
0 0.365625 0.416667 0.01875 0.103704 0.518524
0 0.39375 0.414815 0.0291667 0.107407 0.531012
0 0.9625 0.587963 0.075 0.475926 0.532524
0 0.448958 0.435185 0.0354167 0.162963 0.538394
0 0.448958 0.435185 0.0354167 0.162963 0.545113
0 0.394792 0.414815 0.0291667 0.103704 0.571136
0 0.365625 0.417593 0.01875 0.105556 0.591171
0 0.365625 0.416667 0.01875 0.107407 0.601128
0 0.394792 0.414815 0.0291667 0.107407 0.610602
0 0.394792 0.414815 0.0291667 0.107407 0.617361
0 0.961979 0.586111 0.0760417 0.483333 0.634628
0 0.39375 0.412037 0.0291667 0.109259 0.637107
0 0.448958 0.437037 0.0375 0.159259 0.648457
0 0.39375 0.412037 0.03125 0.109259 0.655285
0 0.449479 0.437037 0.0364583 0.162963 0.662689
0 0.39375 0.412037 0.03125 0.109259 0.666494
0 0.447917 0.437037 0.0354167 0.159259 0.718436
0 0.448438 0.436111 0.034375 0.161111 0.725345
0 0.448958 0.436111 0.0354167 0.161111 0.736795
0 0.449479 0.436111 0.0364583 0.161111 0.746457
0 0.448958 0.436111 0.0354167 0.164815 0.773157
0 0.9625 0.589815 0.075 0.490741 0.783096
0 0.449479 0.437037 0.0364583 0.162963 0.786548
0 0.448958 0.435185 0.0354167 0.162963 0.791968
0 0.9625 0.587037 0.075 0.481481 0.801267
0 0.9625 0.590741 0.075 0.488889 0.802874
0 0.448958 0.437037 0.0354167 0.162963 0.817373
0 0.9625 0.585185 0.075 0.492593 0.826156
0 0.961979 0.586111 0.0760417 0.490741 0.826489
0 0.9625 0.588889 0.075 0.481481 0.836319
0 0.961979 0.588889 0.0760417 0.481481 0.858594
0 0.961979 0.588889 0.0760417 0.481481 0.861103
