0 0.474479 0.387963 0.0239583 0.116667 0.251616
0 0.488021 0.384259 0.015625 0.0981481 0.25202
13 0.438542 0.6 0.177083 0.107407 0.253299
36 0.95 0.775926 0.0375 0.0777778 0.254563
0 0.8125 0.403704 0.0270833 0.140741 0.260936
13 0.432813 0.600926 0.178125 0.105556 0.261399
36 0.95 0.776852 0.0375 0.0759259 0.261478
0 0.427604 0.37963 0.0260417 0.107407 0.261636
0 0.810938 0.401852 0.0260417 0.140741 0.262398
36 0.95 0.775926 0.0375 0.0777778 0.263576
0 0.474479 0.387963 0.0239583 0.116667 0.263613
0 0.474479 0.388889 0.0239583 0.114815 0.263742
0 0.585417 0.388889 0.03125 0.151852 0.271814
0 0.585417 0.389815 0.03125 0.153704 0.273265
13 0.432813 0.6 0.178125 0.103704 0.2734
0 0.810938 0.400926 0.0260417 0.138889 0.276103
0 0.0130208 0.453704 0.0260417 0.177778 0.276178
0 0.489062 0.384259 0.0135417 0.0944444 0.276605
0 0.279167 0.387037 0.0208333 0.0962963 0.276682
0 0.279167 0.387963 0.0208333 0.0981481 0.277283
0 0.533333 0.40463 0.0354167 0.164815 0.285938
13 0.433333 0.599074 0.179167 0.105556 0.286647
0 0.427083 0.380556 0.025 0.105556 0.287422
0 0.8125 0.402778 0.0270833 0.142593 0.288082
0 0.8125 0.401852 0.0270833 0.140741 0.290254
0 0.8125 0.400926 0.0270833 0.135185 0.292177
0 0.427083 0.380556 0.025 0.109259 0.296271
0 0.478646 0.386111 0.0260417 0.101852 0.297547
0 0.488542 0.383333 0.0145833 0.0962963 0.297752
0 0.530208 0.401852 0.0333333 0.151852 0.301766
0 0.279167 0.387963 0.0208333 0.0981481 0.302545
0 0.8125 0.400926 0.0270833 0.135185 0.303397
0 0.8125 0.401852 0.0270833 0.140741 0.305109
0 0.533333 0.403704 0.0354167 0.159259 0.307458
36 0.949479 0.778704 0.0364583 0.0759259 0.314607
0 0.475521 0.388889 0.028125 0.111111 0.316735
0 0.31875 0.369444 0.0208333 0.0648148 0.322308
0 0.521875 0.369444 0.0166667 0.0833333 0.333812
36 0.95 0.778704 0.0354167 0.0759259 0.338105
0 0.428125 0.382407 0.0208333 0.101852 0.338141
13 0.432813 0.599074 0.182292 0.105556 0.342012
36 0.950521 0.777778 0.0364583 0.0777778 0.342334
0 0.521354 0.369444 0.015625 0.0833333 0.344059
0 0.428125 0.381481 0.0208333 0.103704 0.344614
0 0.811979 0.400926 0.0260417 0.138889 0.346425
0 0.183333 0.406481 0.0270833 0.12037 0.348024
0 0.183333 0.407407 0.0270833 0.122222 0.35038
0 0.967708 0.574074 0.0645833 0.511111 0.350793
36 0.949479 0.778704 0.0364583 0.0796296 0.353232
0 0.519792 0.369444 0.0166667 0.0833333 0.354601
0 0.0125 0.453704 0.025 0.177778 0.355608
0 0.536979 0.409259 0.034375 0.151852 0.362232
0 0.521354 0.369444 0.015625 0.0833333 0.36233
0 0.536458 0.408333 0.0333333 0.153704 0.364516
0 0.811979 0.403704 0.0260417 0.140741 0.365602
0 0.967188 0.556481 0.065625 0.527778 0.368574
0 0.318229 0.368519 0.021875 0.0666667 0.372175
0 0.968229 0.574074 0.0635417 0.522222 0.372302
0 0.428125 0.381481 0.0208333 0.103704 0.372845
0 0.318229 0.367593 0.021875 0.0648148 0.380428
0 0.476042 0.388889 0.0270833 0.111111 0.3822
0 0.967708 0.557407 0.0645833 0.525926 0.382445
0 0.182812 0.405556 0.0260417 0.114815 0.38368
0 0.317187 0.369444 0.021875 0.0685185 0.385112
0 0.475521 0.388889 0.028125 0.111111 0.391086
0 0.318229 0.367593 0.021875 0.0648148 0.39184
0 0.521354 0.37037 0.015625 0.0851852 0.392994
0 0.520833 0.37037 0.0166667 0.0851852 0.404827
0 0.520833 0.37037 0.0166667 0.0851852 0.425497
0 0.317187 0.369444 0.021875 0.0685185 0.429735
0 0.318229 0.369444 0.021875 0.0685185 0.454424
0 0.318229 0.369444 0.021875 0.0685185 0.457375
0 0.476562 0.387963 0.0260417 0.109259 0.460133
0 0.475 0.384259 0.025 0.105556 0.466348
0 0.477604 0.386111 0.0239583 0.101852 0.470636
0 0.183333 0.407407 0.025 0.122222 0.474027
0 0.318229 0.369444 0.021875 0.0685185 0.475255
0 0.183333 0.406481 0.025 0.12037 0.4818
0 0.0135417 0.453704 0.0270833 0.177778 0.484859
0 0.477604 0.385185 0.0239583 0.103704 0.486791
0 0.475 0.385185 0.0229167 0.107407 0.486882
0 0.477083 0.386111 0.0270833 0.112963 0.487934
0 0.477604 0.385185 0.0239583 0.103704 0.491394
0 0.475 0.385185 0.0229167 0.107407 0.492321
0 0.584375 0.390741 0.03125 0.159259 0.507691
0 0.0135417 0.45463 0.0270833 0.175926 0.510962
0 0.182812 0.40463 0.0260417 0.112963 0.51112
0 0.477604 0.386111 0.0260417 0.112963 0.517182
0 0.535417 0.407407 0.0333333 0.155556 0.521631
0 0.477604 0.386111 0.0260417 0.112963 0.526182
0 0.535417 0.408333 0.0333333 0.153704 0.527563
0 0.0125 0.455556 0.025 0.17037 0.530068
0 0.476562 0.388889 0.0260417 0.111111 0.534024
0 0.0104167 0.455556 0.0208333 0.17037 0.535803
0 0.584896 0.391667 0.0302083 0.161111 0.536205
0 0.0125 0.45463 0.025 0.172222 0.538021
0 0.0104167 0.455556 0.0208333 0.17037 0.539089
0 0.0572917 0.440741 0.05 0.218519 0.544729
0 0.584896 0.391667 0.0302083 0.157407 0.546688
0 0.0104167 0.455556 0.0208333 0.174074 0.551215
0 0.0598958 0.442593 0.053125 0.214815 0.555513
0 0.428646 0.380556 0.0239583 0.105556 0.559391
0 0.584896 0.392593 0.0302083 0.155556 0.559471
0 0.0578125 0.440741 0.0489583 0.218519 0.563275
0 0.00989583 0.455556 0.0197917 0.174074 0.566905
0 0.427604 0.37963 0.021875 0.103704 0.569048
0 0.584896 0.392593 0.0302083 0.155556 0.569315
0 0.059375 0.441667 0.05 0.212963 0.569769
0 0.584896 0.392593 0.0302083 0.155556 0.575614
0 0.476042 0.387963 0.025 0.109259 0.591988
0 0.0578125 0.440741 0.0489583 0.218519 0.592606
0 0.967188 0.561111 0.065625 0.507407 0.593791
0 0.428125 0.37963 0.0229167 0.103704 0.598081
0 0.427604 0.37963 0.021875 0.103704 0.598938
0 0.427083 0.37963 0.0229167 0.107407 0.600371
0 0.0609375 0.446296 0.0510417 0.214815 0.611038
0 0.0604167 0.442593 0.0520833 0.214815 0.615827
0 0.967708 0.560185 0.0645833 0.509259 0.61616
0 0.0614583 0.44537 0.0520833 0.212963 0.619701
0 0.0604167 0.443519 0.0520833 0.216667 0.624729
0 0.059375 0.442593 0.05 0.214815 0.63137
0 0.584375 0.392593 0.0291667 0.159259 0.639513
0 0.584896 0.393519 0.0302083 0.157407 0.643779
0 0.967188 0.561111 0.065625 0.507407 0.651515
0 0.182812 0.40463 0.0239583 0.124074 0.652456
0 0.536458 0.405556 0.0354167 0.155556 0.657448
0 0.183333 0.403704 0.025 0.118519 0.658431
0 0.183333 0.402778 0.025 0.12037 0.659642
0 0.0598958 0.446296 0.0489583 0.207407 0.665687
0 0.183854 0.403704 0.0239583 0.118519 0.666714
0 0.427604 0.380556 0.021875 0.101852 0.668188
0 0.427604 0.381481 0.021875 0.1 0.677531
0 0.182812 0.40463 0.0239583 0.124074 0.680632
0 0.427604 0.381481 0.021875 0.103704 0.683883
0 0.535937 0.40463 0.034375 0.153704 0.684394
0 0.427604 0.381481 0.021875 0.103704 0.685772
0 0.0598958 0.446296 0.0489583 0.207407 0.685964
0 0.182812 0.40463 0.0239583 0.124074 0.68744
0 0.536458 0.405556 0.0354167 0.155556 0.689097
0 0.0598958 0.446296 0.0489583 0.207407 0.700059
0 0.535937 0.40463 0.034375 0.153704 0.700178
0 0.059375 0.442593 0.05 0.214815 0.705092
0 0.538021 0.406481 0.034375 0.157407 0.708459
0 0.0614583 0.44537 0.05 0.205556 0.71324
0 0.536458 0.405556 0.0354167 0.155556 0.715618
0 0.538021 0.405556 0.034375 0.159259 0.722468
0 0.182812 0.406481 0.0239583 0.112963 0.726636
0 0.0609375 0.446296 0.0489583 0.211111 0.735293
0 0.183333 0.407407 0.025 0.118519 0.748358
0 0.968229 0.565741 0.0635417 0.52037 0.7484
0 0.968229 0.565741 0.0635417 0.52037 0.751419
0 0.183333 0.403704 0.025 0.118519 0.752972
0 0.183333 0.40463 0.025 0.116667 0.755985
0 0.0109375 0.45463 0.021875 0.175926 0.756633
0 0.584896 0.391667 0.0302083 0.157407 0.75829
0 0.584896 0.391667 0.0302083 0.157407 0.758523
0 0.536979 0.407407 0.034375 0.155556 0.76314
0 0.0109375 0.45463 0.021875 0.175926 0.767516
0 0.182812 0.407407 0.0239583 0.118519 0.772098
0 0.182812 0.40463 0.0239583 0.116667 0.773834
0 0.536979 0.406481 0.034375 0.153704 0.777137
0 0.585417 0.390741 0.0291667 0.148148 0.777507
0 0.967188 0.560185 0.0635417 0.505556 0.782052
0 0.585417 0.390741 0.0291667 0.148148 0.782831
0 0.968229 0.560185 0.0635417 0.509259 0.786295
0 0.584896 0.391667 0.0302083 0.157407 0.787984
0 0.536979 0.406481 0.034375 0.157407 0.790083
0 0.585417 0.391667 0.0291667 0.157407 0.806327
0 0.585417 0.390741 0.0291667 0.159259 0.811687
0 0.968229 0.564815 0.0635417 0.52963 0.821175
0 0.968229 0.564815 0.0635417 0.522222 0.825373
0 0.968229 0.561111 0.0635417 0.507407 0.844592
