0 0.947917 0.507407 0.104167 0.718518 0.252414
37 0.818229 0.197222 0.0510417 0.172222 0.252886
37 0.818229 0.197222 0.0510417 0.172222 0.253229
0 0.200521 0.35 0.0385417 0.233333 0.254001
26 0.886458 0.427778 0.0395833 0.196296 0.260263
0 0.329688 0.27963 0.0260417 0.0703704 0.261729
0 0.595833 0.310185 0.0291667 0.127778 0.263719
0 0.595833 0.310185 0.0291667 0.127778 0.265596
0 0.623438 0.292593 0.0197917 0.0814815 0.266021
0 0.408854 0.292593 0.015625 0.0851852 0.268104
0 0.0953125 0.306481 0.021875 0.12037 0.268526
26 0.886458 0.427778 0.0395833 0.2 0.269666
0 0.294271 0.284259 0.0427083 0.0981481 0.2704
0 0.497396 0.303704 0.0260417 0.12963 0.270541
0 0.408333 0.292593 0.0166667 0.0851852 0.270822
26 0.886458 0.415741 0.0416667 0.216667 0.272403
26 0.886458 0.415741 0.0416667 0.216667 0.272746
0 0.840104 0.501852 0.121875 0.659259 0.273122
26 0.886458 0.415741 0.0416667 0.216667 0.274097
0 0.0953125 0.306481 0.021875 0.12037 0.283458
0 0.420312 0.293519 0.021875 0.0944444 0.285476
0 0.422396 0.291667 0.0197917 0.0944444 0.289031
26 0.886458 0.434259 0.0375 0.161111 0.289277
0 0.0953125 0.306481 0.021875 0.124074 0.28954
26 0.886458 0.435185 0.0375 0.162963 0.290509
0 0.408854 0.292593 0.015625 0.0851852 0.294397
0 0.292188 0.336111 0.0385417 0.227778 0.296141
0 0.294792 0.283333 0.0416667 0.103704 0.296881
0 0.496875 0.302778 0.025 0.127778 0.298416
0 0.294792 0.284259 0.04375 0.0981481 0.298536
0 0.592708 0.312963 0.0291667 0.125926 0.299394
0 0.422396 0.292593 0.0197917 0.0962963 0.299447
0 0.0942708 0.314815 0.0239583 0.118519 0.302345
0 0.419792 0.292593 0.0229167 0.0962963 0.30255
0 0.292188 0.335185 0.0385417 0.222222 0.311179
0 0.947917 0.507407 0.104167 0.718518 0.312424
0 0.197917 0.331481 0.0375 0.203704 0.31494
0 0.422396 0.291667 0.0197917 0.0944444 0.315557
0 0.623438 0.291667 0.0197917 0.0833333 0.317914
0 0.623438 0.291667 0.0197917 0.0833333 0.325723
0 0.420312 0.293519 0.021875 0.0944444 0.325914
0 0.956771 0.537037 0.0864583 0.714815 0.329213
0 0.592708 0.316667 0.03125 0.133333 0.334005
0 0.198437 0.331481 0.0364583 0.203704 0.334779
0 0.198437 0.331481 0.0364583 0.203704 0.33742
0 0.841146 0.501852 0.121875 0.703704 0.340433
0 0.329688 0.282407 0.021875 0.0685185 0.343323
0 0.329167 0.283333 0.0229167 0.0703704 0.348655
0 0.286979 0.280556 0.040625 0.109259 0.350934
0 0.0947917 0.313889 0.0229167 0.124074 0.354444
0 0.0947917 0.313889 0.0229167 0.12037 0.355107
0 0.0942708 0.310185 0.0260417 0.124074 0.368444
0 0.419792 0.29537 0.0229167 0.0907407 0.370408
0 0.286979 0.27963 0.0427083 0.111111 0.371976
0 0.329167 0.282407 0.0229167 0.0685185 0.373621
0 0.0947917 0.311111 0.0270833 0.125926 0.379148
0 0.592708 0.312037 0.0291667 0.138889 0.381668
0 0.592708 0.312963 0.0270833 0.137037 0.395371
0 0.599479 0.311111 0.040625 0.137037 0.397778
0 0.841146 0.501852 0.123958 0.651852 0.401054
0 0.957292 0.507407 0.0854167 0.714815 0.401819
0 0.419271 0.293519 0.021875 0.0944444 0.402116
0 0.286979 0.280556 0.0427083 0.109259 0.40586
0 0.419792 0.294444 0.0229167 0.0962963 0.405865
0 0.842708 0.496296 0.125 0.711111 0.411058
0 0.417708 0.293519 0.0208333 0.0907407 0.414086
0 0.419792 0.293519 0.0229167 0.0944444 0.416294
26 0.888021 0.435185 0.0385417 0.181481 0.427891
0 0.599479 0.311111 0.0385417 0.137037 0.429873
26 0.8875 0.434259 0.0375 0.175926 0.43479
26 0.8875 0.434259 0.0375 0.17963 0.444332
0 0.200521 0.338889 0.0364583 0.207407 0.444421
0 0.329688 0.27963 0.0239583 0.0666667 0.446288
0 0.0942708 0.311111 0.0260417 0.125926 0.457201
0 0.200521 0.338889 0.0364583 0.207407 0.45765
0 0.329688 0.27963 0.0239583 0.0666667 0.457847
0 0.599479 0.311111 0.0385417 0.137037 0.45865
0 0.0947917 0.315741 0.0229167 0.116667 0.465692
0 0.0942708 0.310185 0.0260417 0.124074 0.466573
0 0.329688 0.27963 0.0239583 0.0666667 0.467285
0 0.956771 0.509259 0.0864583 0.714815 0.469023
0 0.329688 0.278704 0.0239583 0.0685185 0.469239
0 0.0947917 0.314815 0.025 0.118519 0.470662
0 0.201042 0.335185 0.0375 0.196296 0.479142
0 0.329688 0.27963 0.0239583 0.0703704 0.480214
0 0.0953125 0.315741 0.0239583 0.116667 0.481012
0 0.0947917 0.309259 0.0270833 0.12963 0.489737
0 0.291146 0.281481 0.034375 0.111111 0.497604
0 0.201042 0.335185 0.0375 0.196296 0.501518
0 0.559896 0.298148 0.028125 0.12963 0.50204
0 0.291146 0.282407 0.034375 0.109259 0.504574
0 0.329167 0.280556 0.025 0.0685185 0.507648
0 0.291146 0.282407 0.034375 0.109259 0.508222
0 0.496354 0.303704 0.021875 0.12963 0.51141
0 0.329167 0.280556 0.025 0.0685185 0.516082
0 0.461979 0.311111 0.0322917 0.159259 0.522761
0 0.198958 0.336111 0.0375 0.205556 0.523807
0 0.0947917 0.310185 0.0270833 0.127778 0.524558
0 0.496875 0.301852 0.0229167 0.12963 0.52644
0 0.461979 0.310185 0.0322917 0.157407 0.526812
0 0.291146 0.280556 0.0364583 0.109259 0.526908
0 0.329688 0.280556 0.0239583 0.0685185 0.527346
0 0.198958 0.335185 0.0375 0.207407 0.535591
0 0.496875 0.301852 0.0229167 0.12963 0.535879
0 0.559375 0.293519 0.0270833 0.135185 0.537461
0 0.291146 0.280556 0.0364583 0.109259 0.539656
0 0.198958 0.334259 0.0375 0.205556 0.544689
0 0.496875 0.303704 0.0229167 0.12963 0.548199
0 0.496875 0.301852 0.0229167 0.12963 0.548717
0 0.291146 0.280556 0.0364583 0.109259 0.554842
0 0.955729 0.515741 0.0885417 0.698148 0.560629
0 0.290104 0.280556 0.0364583 0.109259 0.561456
0 0.559375 0.29537 0.0270833 0.131481 0.562323
0 0.559375 0.298148 0.0270833 0.133333 0.563037
0 0.290104 0.281481 0.0364583 0.107407 0.564292
0 0.496875 0.303704 0.0229167 0.125926 0.565728
0 0.559375 0.298148 0.0270833 0.133333 0.571474
0 0.290104 0.281481 0.0364583 0.107407 0.573443
0 0.199479 0.336111 0.0385417 0.212963 0.580378
0 0.290104 0.281481 0.0385417 0.114815 0.580598
0 0.496875 0.3 0.0208333 0.12963 0.584082
0 0.199479 0.336111 0.0385417 0.209259 0.589141
0 0.199479 0.335185 0.0385417 0.211111 0.589566
0 0.0942708 0.310185 0.0239583 0.124074 0.592897
0 0.952083 0.518519 0.0958333 0.692593 0.594019
0 0.496875 0.300926 0.0208333 0.131481 0.596406
0 0.290625 0.282407 0.0375 0.112963 0.59653
0 0.496875 0.300926 0.0208333 0.131481 0.597298
0 0.496875 0.303704 0.0229167 0.12963 0.60013
0 0.496875 0.30463 0.0229167 0.127778 0.602352
0 0.623438 0.287963 0.021875 0.0907407 0.603675
0 0.954167 0.515741 0.0916667 0.72037 0.60734
0 0.624479 0.286111 0.021875 0.087037 0.612026
0 0.290625 0.281481 0.0375 0.114815 0.613968
0 0.841667 0.508333 0.125 0.701852 0.614457
0 0.0947917 0.311111 0.025 0.125926 0.615186
0 0.559375 0.294444 0.0270833 0.133333 0.615942
0 0.59375 0.315741 0.03125 0.131481 0.616641
0 0.459896 0.319444 0.0302083 0.168519 0.620208
0 0.0953125 0.309259 0.0260417 0.12963 0.623752
0 0.459896 0.318519 0.0302083 0.17037 0.628079
0 0.622396 0.286111 0.021875 0.0907407 0.633025
0 0.0947917 0.312037 0.025 0.124074 0.636105
0 0.460417 0.319444 0.03125 0.161111 0.636478
0 0.460417 0.318519 0.03125 0.162963 0.639368
0 0.623438 0.287037 0.021875 0.0925926 0.643278
0 0.841667 0.507407 0.125 0.696296 0.643605
0 0.559375 0.296296 0.0270833 0.133333 0.643699
0 0.0947917 0.312037 0.025 0.124074 0.644052
0 0.593229 0.315741 0.0302083 0.135185 0.650285
0 0.624479 0.286111 0.021875 0.087037 0.652344
0 0.559375 0.294444 0.0270833 0.12963 0.653815
0 0.592708 0.316667 0.03125 0.133333 0.654312
0 0.624479 0.286111 0.021875 0.087037 0.654313
0 0.623438 0.287037 0.021875 0.0925926 0.655906
0 0.0947917 0.311111 0.025 0.125926 0.662212
0 0.460417 0.317593 0.03125 0.164815 0.680063
0 0.460417 0.318519 0.03125 0.162963 0.686308
0 0.558854 0.294444 0.0260417 0.133333 0.690734
0 0.459896 0.317593 0.0302083 0.164815 0.69575
0 0.559375 0.296296 0.0270833 0.133333 0.69795
0 0.558854 0.293519 0.0260417 0.135185 0.711514
0 0.558854 0.294444 0.0260417 0.133333 0.711705
0 0.558854 0.294444 0.0260417 0.12963 0.711973
0 0.460417 0.318519 0.03125 0.166667 0.715138
0 0.954167 0.514815 0.0916667 0.718518 0.71671
0 0.593229 0.312963 0.0322917 0.137037 0.720654
0 0.559375 0.296296 0.0270833 0.133333 0.72124
0 0.623438 0.286111 0.021875 0.0907407 0.72582
0 0.497396 0.302778 0.021875 0.127778 0.726001
0 0.558854 0.29537 0.0260417 0.135185 0.738198
0 0.460417 0.315741 0.03125 0.164815 0.74248
0 0.593229 0.312963 0.0322917 0.137037 0.74324
0 0.459896 0.315741 0.0302083 0.168519 0.744031
0 0.558854 0.29537 0.0260417 0.127778 0.749567
0 0.593229 0.312037 0.0322917 0.135185 0.765982
0 0.952604 0.515741 0.0947917 0.724074 0.77084
0 0.558854 0.29537 0.0260417 0.131481 0.77651
0 0.558333 0.29537 0.025 0.131481 0.781378
0 0.59375 0.315741 0.03125 0.135185 0.786661
0 0.59375 0.314815 0.03125 0.137037 0.789286
0 0.952083 0.513889 0.0958333 0.72037 0.79839
0 0.593229 0.313889 0.0322917 0.138889 0.814875
0 0.59375 0.313889 0.03125 0.138889 0.815928
0 0.842188 0.506481 0.121875 0.694444 0.821025
0 0.593229 0.313889 0.0322917 0.138889 0.830229
0 0.842188 0.505556 0.121875 0.692593 0.857845
0 0.841146 0.50463 0.126042 0.694444 0.874599
0 0.840104 0.498148 0.121875 0.703704 0.876132
0 0.841667 0.505556 0.122917 0.688889 0.898859
0 0.841667 0.50463 0.122917 0.687037 0.900418
