2 0.157813 0.37037 0.028125 0.0259259 0.254009
13 0.366667 0.596296 0.166667 0.1 0.257489
13 0.367188 0.599074 0.167708 0.105556 0.257824
2 0.157813 0.37037 0.028125 0.0259259 0.259205
0 0.690625 0.425926 0.025 0.122222 0.260815
0 0.0239583 0.42963 0.0208333 0.0962963 0.261862
0 0.401042 0.417593 0.0208333 0.109259 0.262123
0 0.480208 0.422222 0.0270833 0.144444 0.263187
0 0.0265625 0.42963 0.0197917 0.0925926 0.269065
0 0.690104 0.424074 0.0260417 0.122222 0.26926
0 0.396875 0.415741 0.0208333 0.109259 0.269588
0 0.194271 0.411111 0.021875 0.0925926 0.269957
0 0.0265625 0.42963 0.0197917 0.0925926 0.270327
0 0.327604 0.418519 0.015625 0.1 0.274752
0 0.0265625 0.42963 0.0197917 0.0925926 0.275336
0 0.401042 0.417593 0.01875 0.109259 0.278608
0 0.479688 0.42963 0.0197917 0.133333 0.279178
0 0.459375 0.44537 0.03125 0.138889 0.279243
0 0.401042 0.417593 0.01875 0.109259 0.279753
0 0.458333 0.437963 0.0270833 0.142593 0.280867
0 0.194271 0.411111 0.021875 0.0962963 0.284104
0 0.458333 0.438889 0.0270833 0.140741 0.284309
0 0.0265625 0.42963 0.0197917 0.0888889 0.289537
0 0.194271 0.412037 0.021875 0.0944444 0.295812
0 0.19375 0.413889 0.0208333 0.087037 0.297009
0 0.479688 0.430556 0.0197917 0.135185 0.297061
0 0.215625 0.405556 0.0166667 0.0666667 0.302593
13 0.413021 0.655556 0.244792 0.196296 0.302671
0 0.19375 0.413889 0.0208333 0.0907407 0.302795
0 0.945833 0.602778 0.10625 0.490741 0.303675
0 0.19375 0.411111 0.0208333 0.0888889 0.305335
0 0.479688 0.430556 0.021875 0.127778 0.306282
13 0.408333 0.65 0.247917 0.2 0.307573
13 0.4125 0.652778 0.247917 0.198148 0.311701
0 0.215104 0.405556 0.0197917 0.0703704 0.31726
0 0.19375 0.412037 0.0229167 0.0907407 0.317429
0 0.215104 0.405556 0.0177083 0.0666667 0.318308
0 0.19375 0.414815 0.0208333 0.0888889 0.321822
0 0.689583 0.424074 0.0229167 0.122222 0.327698
0 0.00572917 0.431481 0.0114583 0.0962963 0.332876
13 0.408854 0.651852 0.246875 0.196296 0.334452
0 0.480208 0.418519 0.025 0.137037 0.336784
0 0.690104 0.424074 0.021875 0.118519 0.339102
0 0.215104 0.405556 0.0177083 0.0666667 0.347627
0 0.690104 0.424074 0.021875 0.118519 0.348472
0 0.426562 0.414815 0.0177083 0.0962963 0.352398
0 0.943229 0.59537 0.111458 0.47963 0.353203
0 0.330208 0.406481 0.0208333 0.0944444 0.355079
13 0.411979 0.649074 0.253125 0.209259 0.361567
0 0.449479 0.443519 0.0489583 0.15 0.36205
0 0.216667 0.40463 0.01875 0.0611111 0.365785
0 0.690104 0.424074 0.021875 0.118519 0.365927
0 0.216667 0.40463 0.01875 0.0611111 0.36697
0 0.00625 0.431481 0.0104167 0.1 0.367923
0 0.690104 0.425 0.021875 0.116667 0.375111
0 0.402083 0.412963 0.0166667 0.103704 0.376312
0 0.480208 0.423148 0.025 0.146296 0.376805
0 0.216667 0.403704 0.01875 0.0703704 0.376849
0 0.690104 0.425 0.021875 0.116667 0.377317
13 0.407292 0.647222 0.245833 0.201852 0.384152
0 0.426562 0.414815 0.0197917 0.1 0.384581
0 0.215625 0.40463 0.01875 0.0685185 0.386786
0 0.426042 0.415741 0.01875 0.0981481 0.388879
0 0.427083 0.407407 0.0166667 0.0851852 0.391471
0 0.329688 0.408333 0.0177083 0.0944444 0.404105
13 0.405729 0.640741 0.246875 0.196296 0.406817
0 0.216667 0.40463 0.01875 0.0611111 0.407901
0 0.402604 0.412963 0.015625 0.103704 0.409563
0 0.690104 0.425926 0.0239583 0.122222 0.409699
13 0.406771 0.646296 0.244792 0.2 0.410411
0 0.480208 0.417593 0.0229167 0.131481 0.422085
0 0.216146 0.403704 0.0177083 0.062963 0.42211
0 0.216146 0.403704 0.0177083 0.062963 0.422318
0 0.00572917 0.430556 0.0114583 0.0907407 0.422377
0 0.329688 0.409259 0.0177083 0.0962963 0.422522
0 0.329688 0.409259 0.0197917 0.0962963 0.424207
0 0.690104 0.424074 0.0239583 0.114815 0.424887
0 0.427083 0.406481 0.01875 0.087037 0.427087
0 0.426562 0.406481 0.0177083 0.087037 0.427606
0 0.329688 0.409259 0.0177083 0.0962963 0.443173
0 0.402604 0.412963 0.015625 0.103704 0.444987
0 0.00572917 0.430556 0.0114583 0.0944444 0.445994
0 0.329688 0.412963 0.0177083 0.0962963 0.452751
0 0.459375 0.449074 0.03125 0.138889 0.45315
0 0.216146 0.403704 0.0177083 0.062963 0.455787
0 0.329167 0.412963 0.01875 0.1 0.460215
0 0.459375 0.449074 0.0333333 0.138889 0.461853
0 0.402083 0.413889 0.0166667 0.105556 0.486707
0 0.455729 0.442593 0.040625 0.151852 0.499556
0 0.329167 0.412963 0.0166667 0.1 0.503544
0 0.480208 0.417593 0.0229167 0.135185 0.50426
0 0.45625 0.442593 0.0395833 0.155556 0.505613
0 0.480208 0.418519 0.0229167 0.137037 0.505743
0 0.402604 0.412963 0.0177083 0.107407 0.508348
0 0.690104 0.425 0.0239583 0.12037 0.522424
0 0.0729167 0.443519 0.0270833 0.131481 0.523592
0 0.402604 0.412963 0.0177083 0.107407 0.527996
0 0.0723958 0.44537 0.0260417 0.131481 0.529782
0 0.461979 0.440741 0.034375 0.151852 0.564938
0 0.461458 0.440741 0.0354167 0.151852 0.582963
0 0.0729167 0.444444 0.0270833 0.133333 0.589289
0 0.459896 0.440741 0.034375 0.148148 0.592399
0 0.0723958 0.44537 0.0260417 0.131481 0.601453
0 0.427083 0.408333 0.0166667 0.087037 0.603229
0 0.459375 0.440741 0.0333333 0.148148 0.603298
0 0.0723958 0.443519 0.0260417 0.131481 0.613228
0 0.460938 0.440741 0.034375 0.151852 0.613444
0 0.426562 0.408333 0.0177083 0.087037 0.619751
0 0.426562 0.407407 0.0177083 0.0851852 0.622013
0 0.427604 0.412037 0.0177083 0.0907407 0.627095
0 0.0729167 0.442593 0.025 0.12963 0.628487
0 0.480208 0.421296 0.0229167 0.131481 0.631629
0 0.944792 0.605556 0.110417 0.518519 0.637352
0 0.0729167 0.444444 0.0270833 0.133333 0.638115
0 0.427083 0.412963 0.01875 0.0962963 0.642644
0 0.944271 0.598148 0.109375 0.518519 0.655044
0 0.427604 0.412963 0.0177083 0.0925926 0.656762
0 0.427604 0.412963 0.0177083 0.0925926 0.664973
0 0.944271 0.598148 0.109375 0.514815 0.677253
0 0.0729167 0.443519 0.025 0.131481 0.716503
0 0.943229 0.597222 0.111458 0.490741 0.717053
0 0.0723958 0.44537 0.0260417 0.131481 0.725351
0 0.0729167 0.442593 0.025 0.12963 0.725446
0 0.0729167 0.442593 0.025 0.12963 0.731418
0 0.0729167 0.444444 0.025 0.12963 0.733049
0 0.943229 0.597222 0.111458 0.487037 0.734811
0 0.0734375 0.444444 0.0260417 0.133333 0.735723
0 0.459375 0.44537 0.03125 0.146296 0.739192
0 0.459375 0.44537 0.03125 0.146296 0.746388
0 0.480208 0.422222 0.0229167 0.144444 0.753079
0 0.459375 0.44537 0.03125 0.146296 0.756336
0 0.480208 0.418519 0.0229167 0.137037 0.758024
0 0.480208 0.42037 0.0229167 0.133333 0.758542
0 0.480208 0.42037 0.0229167 0.133333 0.763957
0 0.459375 0.44537 0.03125 0.15 0.781775
0 0.459375 0.44537 0.03125 0.146296 0.786754
0 0.0729167 0.443519 0.025 0.131481 0.795536
0 0.945833 0.605556 0.108333 0.522222 0.796152
0 0.944792 0.605556 0.110417 0.522222 0.797642
0 0.0729167 0.443519 0.025 0.131481 0.799704
0 0.945833 0.605556 0.108333 0.522222 0.851262
0 0.945833 0.606481 0.108333 0.52037 0.891737
0 0.945312 0.606481 0.109375 0.52037 0.900002
0 0.945312 0.6 0.107292 0.503704 0.901807
0 0.945312 0.6 0.107292 0.511111 0.90254
