24 0.711458 0.368519 0.0333333 0.107407 0.263816
0 0.201562 0.434259 0.040625 0.235185 0.264306
0 0.692708 0.406481 0.06875 0.272222 0.26535
0 0.525 0.352778 0.0208333 0.0759259 0.267007
0 0.701563 0.411111 0.053125 0.262963 0.267355
0 0.611458 0.381481 0.0291667 0.125926 0.268192
0 0.69375 0.40463 0.06875 0.272222 0.27171
0 0.530729 0.35 0.015625 0.0703704 0.272046
0 0.611458 0.381481 0.0291667 0.125926 0.273557
0 0.669271 0.350926 0.0322917 0.142593 0.276228
0 0.705208 0.396296 0.0458333 0.214815 0.276882
0 0.66875 0.350926 0.03125 0.138889 0.280576
0 0.525 0.353704 0.0208333 0.0777778 0.286683
0 0.669271 0.350926 0.0322917 0.142593 0.286839
0 0.527083 0.352778 0.01875 0.0796296 0.2967
0 0.201562 0.433333 0.0427083 0.244444 0.297555
0 0.670833 0.406481 0.03125 0.283333 0.299897
0 0.526563 0.349074 0.0177083 0.0722222 0.307677
0 0.530729 0.35 0.015625 0.0703704 0.308653
0 0.702604 0.406481 0.0489583 0.264815 0.312306
0 0.702604 0.406481 0.0489583 0.268519 0.315126
0 0.525 0.353704 0.0208333 0.0777778 0.315567
0 0.496875 0.372222 0.025 0.122222 0.315969
0 0.201042 0.437963 0.0416667 0.235185 0.316719
0 0.703125 0.407407 0.0479167 0.266667 0.320062
0 0.496875 0.373148 0.025 0.12037 0.326555
0 0.444271 0.374074 0.028125 0.137037 0.332923
0 0.496875 0.373148 0.025 0.12037 0.335454
0 0.44375 0.374074 0.0291667 0.140741 0.335703
0 0.332812 0.355556 0.015625 0.0740741 0.337587
0 0.386458 0.353704 0.0145833 0.0666667 0.337859
0 0.383854 0.355556 0.0177083 0.0666667 0.339482
0 0.705208 0.397222 0.0458333 0.22037 0.339612
0 0.384375 0.352778 0.0166667 0.0685185 0.345756
0 0.613021 0.376852 0.0302083 0.135185 0.354267
0 0.383333 0.35463 0.0166667 0.0648148 0.36122
0 0.385938 0.353704 0.015625 0.0666667 0.371461
0 0.160938 0.508333 0.148958 0.483333 0.372215
0 0.613021 0.375926 0.0302083 0.133333 0.376894
0 0.160417 0.508333 0.147917 0.483333 0.377306
0 0.613542 0.376852 0.0291667 0.135185 0.381071
0 0.200521 0.438889 0.0427083 0.244444 0.384795
0 0.383854 0.35463 0.0177083 0.0648148 0.391281
0 0.444271 0.377778 0.028125 0.137037 0.39212
0 0.444792 0.380556 0.0270833 0.15 0.394386
0 0.496354 0.380556 0.0302083 0.131481 0.39824
0 0.204167 0.437037 0.0416667 0.240741 0.402089
0 0.444792 0.380556 0.0270833 0.153704 0.403
0 0.333333 0.352778 0.0166667 0.0722222 0.405446
0 0.704167 0.400926 0.0479167 0.246296 0.413182
0 0.332812 0.351852 0.0177083 0.0740741 0.413339
0 0.704167 0.403704 0.0479167 0.259259 0.41829
0 0.690625 0.401852 0.0666667 0.266667 0.42003
0 0.528646 0.351852 0.0177083 0.0703704 0.42211
0 0.696875 0.409259 0.0604167 0.27037 0.428395
0 0.161979 0.509259 0.151042 0.485185 0.428812
0 0.530729 0.35 0.015625 0.0703704 0.432102
0 0.69375 0.403704 0.0625 0.274074 0.433509
0 0.353646 0.37037 0.0197917 0.1 0.435166
0 0.333333 0.352778 0.0166667 0.0722222 0.441531
0 0.670833 0.400926 0.0333333 0.253704 0.44718
0 0.445312 0.378704 0.0260417 0.131481 0.449661
0 0.354167 0.37037 0.01875 0.103704 0.452677
0 0.670833 0.401852 0.0333333 0.251852 0.455422
0 0.690104 0.401852 0.0677083 0.266667 0.456194
0 0.53125 0.35 0.0145833 0.0703704 0.464622
0 0.496875 0.37963 0.0291667 0.12963 0.466196
0 0.670833 0.401852 0.0333333 0.248148 0.468517
0 0.497917 0.37963 0.0270833 0.118519 0.472042
0 0.353646 0.371296 0.0197917 0.105556 0.475622
0 0.611458 0.378704 0.03125 0.131481 0.480284
0 0.204688 0.437037 0.0427083 0.255556 0.483776
0 0.205208 0.437963 0.0416667 0.253704 0.484272
0 0.205208 0.437963 0.0416667 0.253704 0.489701
0 0.496354 0.383333 0.028125 0.133333 0.491002
0 0.692708 0.406481 0.0645833 0.268519 0.505598
0 0.611458 0.377778 0.03125 0.133333 0.506561
0 0.53125 0.349074 0.0145833 0.0685185 0.506729
0 0.158333 0.509259 0.14375 0.474074 0.507178
0 0.497917 0.380556 0.0270833 0.12037 0.507667
0 0.384375 0.352778 0.0145833 0.0648148 0.50888
0 0.690104 0.402778 0.0677083 0.268519 0.509531
0 0.351562 0.369444 0.021875 0.0981481 0.511302
0 0.497917 0.380556 0.0270833 0.12037 0.51168
0 0.204167 0.435185 0.0395833 0.240741 0.521081
0 0.692708 0.405556 0.0625 0.27037 0.522814
0 0.53125 0.349074 0.0145833 0.0685185 0.524907
0 0.496354 0.382407 0.028125 0.131481 0.527019
0 0.611458 0.377778 0.03125 0.12963 0.53579
0 0.353125 0.368519 0.01875 0.107407 0.543616
0 0.671875 0.400926 0.0354167 0.242593 0.551728
0 0.496354 0.382407 0.028125 0.131481 0.552157
0 0.160938 0.510185 0.148958 0.47963 0.556904
0 0.495833 0.37963 0.0270833 0.12963 0.559099
0 0.158333 0.508333 0.14375 0.475926 0.569645
0 0.671875 0.4 0.0354167 0.244444 0.574841
0 0.693229 0.40463 0.0614583 0.268519 0.589659
0 0.496875 0.385185 0.0229167 0.12963 0.590838
0 0.496875 0.384259 0.0229167 0.131481 0.591801
0 0.671875 0.399074 0.0354167 0.242593 0.594715
0 0.692708 0.40463 0.0625 0.268519 0.595157
0 0.158854 0.508333 0.144792 0.472222 0.596931
0 0.496875 0.384259 0.0229167 0.131481 0.598633
0 0.671875 0.400926 0.0333333 0.253704 0.60054
0 0.496354 0.382407 0.028125 0.131481 0.605977
0 0.693229 0.40463 0.0614583 0.268519 0.611829
0 0.496875 0.382407 0.0270833 0.131481 0.618636
0 0.496875 0.380556 0.025 0.124074 0.627244
0 0.496875 0.383333 0.0270833 0.133333 0.634711
0 0.202604 0.437963 0.040625 0.253704 0.642434
0 0.445312 0.37963 0.0260417 0.140741 0.643753
0 0.445312 0.37963 0.0260417 0.140741 0.646536
0 0.203125 0.437963 0.0416667 0.253704 0.651276
0 0.204167 0.434259 0.0416667 0.25 0.652261
0 0.496875 0.381481 0.025 0.125926 0.656192
0 0.444792 0.380556 0.0291667 0.146296 0.658933
0 0.496875 0.381481 0.025 0.125926 0.661054
0 0.202604 0.437963 0.040625 0.253704 0.661428
0 0.677083 0.402778 0.0416667 0.264815 0.66785
0 0.203646 0.437037 0.0427083 0.251852 0.673889
0 0.203646 0.437037 0.040625 0.248148 0.69291
0 0.203646 0.437963 0.040625 0.25 0.696639
0 0.203646 0.437037 0.040625 0.251852 0.70463
0 0.444271 0.378704 0.028125 0.15 0.704933
0 0.353125 0.37037 0.0208333 0.1 0.713745
0 0.611458 0.377778 0.03125 0.12963 0.715634
0 0.444271 0.380556 0.028125 0.146296 0.716417
0 0.160938 0.510185 0.146875 0.475926 0.716854
0 0.611458 0.37963 0.03125 0.12963 0.719687
0 0.445312 0.37963 0.028125 0.144444 0.719795
0 0.445312 0.37963 0.028125 0.144444 0.720348
0 0.611458 0.37963 0.03125 0.12963 0.722586
0 0.694792 0.407407 0.05625 0.27037 0.722669
0 0.611979 0.378704 0.0302083 0.131481 0.749368
0 0.353125 0.37037 0.0208333 0.103704 0.751068
0 0.444271 0.37963 0.028125 0.144444 0.751544
0 0.611979 0.37963 0.0302083 0.12963 0.753179
0 0.444271 0.378704 0.028125 0.15 0.755193
0 0.444271 0.380556 0.028125 0.146296 0.75976
0 0.353125 0.37037 0.0208333 0.103704 0.760479
0 0.611458 0.37963 0.03125 0.12963 0.768449
0 0.611979 0.37963 0.0302083 0.133333 0.768882
0 0.352604 0.369444 0.0197917 0.101852 0.771026
0 0.160938 0.511111 0.148958 0.488889 0.773764
0 0.160938 0.509259 0.146875 0.488889 0.775648
0 0.161458 0.511111 0.15 0.488889 0.782086
0 0.352604 0.367593 0.0197917 0.101852 0.785306
0 0.611979 0.37963 0.0302083 0.133333 0.787786
0 0.611458 0.378704 0.03125 0.127778 0.791193
0 0.444271 0.378704 0.028125 0.15 0.792658
0 0.611458 0.378704 0.03125 0.127778 0.800995
0 0.611979 0.378704 0.0302083 0.127778 0.80241
0 0.611979 0.378704 0.0302083 0.127778 0.805924
0 0.160417 0.506481 0.14375 0.483333 0.808691
0 0.160417 0.507407 0.14375 0.481481 0.809294
0 0.353125 0.367593 0.01875 0.101852 0.813117
0 0.353125 0.367593 0.01875 0.101852 0.814965
0 0.444271 0.376852 0.028125 0.146296 0.836246
0 0.444271 0.377778 0.028125 0.144444 0.847767
0 0.161458 0.509259 0.147917 0.485185 0.858915
0 0.161458 0.509259 0.145833 0.474074 0.870727
0 0.160938 0.509259 0.148958 0.477778 0.872518
0 0.160417 0.507407 0.14375 0.481481 0.889005
0 0.160417 0.507407 0.14375 0.481481 0.890348
