0 0.300521 0.312963 0.0302083 0.0962963 0.255239
0 0.464583 0.326852 0.0270833 0.135185 0.255668
0 0.484375 0.316667 0.0166667 0.0851852 0.255912
0 0.497396 0.335185 0.0552083 0.137037 0.2587
0 0.623958 0.344444 0.03125 0.159259 0.2623
0 0.298438 0.316667 0.0302083 0.0888889 0.268894
0 0.646354 0.337963 0.028125 0.135185 0.269142
0 0.623958 0.344444 0.03125 0.159259 0.276789
0 0.298438 0.316667 0.0302083 0.0888889 0.278304
0 0.646354 0.337963 0.0260417 0.135185 0.31542
0 0.208854 0.362963 0.065625 0.3 0.320171
0 0.301042 0.312037 0.0291667 0.0944444 0.329269
0 0.501562 0.335185 0.046875 0.137037 0.335221
0 0.300521 0.314815 0.028125 0.0925926 0.34125
0 0.298438 0.313889 0.0302083 0.0944444 0.363354
0 0.301042 0.314815 0.0270833 0.0925926 0.369837
0 0.465625 0.326852 0.0291667 0.131481 0.377011
0 0.0604167 0.467593 0.120833 0.575926 0.37942
0 0.301042 0.314815 0.0270833 0.0925926 0.381223
0 0.501562 0.336111 0.046875 0.138889 0.387225
0 0.0609375 0.465741 0.121875 0.575926 0.389497
0 0.299479 0.312963 0.028125 0.0962963 0.401054
0 0.298438 0.313889 0.0302083 0.0944444 0.408399
0 0.646875 0.337963 0.025 0.124074 0.408735
0 0.644271 0.342593 0.0260417 0.133333 0.412039
0 0.630208 0.342593 0.0479167 0.151852 0.412655
0 0.299479 0.312037 0.028125 0.0944444 0.415843
0 0.508854 0.334259 0.0302083 0.138889 0.420738
0 0.336458 0.30463 0.01875 0.0722222 0.42332
0 0.464583 0.326852 0.0270833 0.135185 0.423588
0 0.508854 0.334259 0.0302083 0.138889 0.433163
0 0.336979 0.30463 0.0177083 0.0722222 0.433955
0 0.335938 0.305556 0.0177083 0.0740741 0.438019
0 0.335938 0.30463 0.0197917 0.0759259 0.44286
0 0.336979 0.30463 0.0177083 0.0722222 0.44365
0 0.630208 0.343519 0.0458333 0.153704 0.451976
0 0.506771 0.335185 0.028125 0.133333 0.455982
0 0.3 0.312963 0.0291667 0.0925926 0.458121
0 0.50625 0.338889 0.0291667 0.133333 0.461866
0 0.335938 0.305556 0.0197917 0.0740741 0.462628
0 0.298438 0.312963 0.0302083 0.0925926 0.469312
0 0.335938 0.302778 0.0177083 0.0759259 0.471211
0 0.645833 0.338889 0.025 0.133333 0.472939
0 0.645833 0.340741 0.0270833 0.133333 0.490583
0 0.646875 0.337963 0.025 0.127778 0.491016
0 0.646875 0.337963 0.025 0.127778 0.491327
0 0.629687 0.343519 0.0447917 0.153704 0.495076
0 0.335938 0.302778 0.0197917 0.0759259 0.499032
0 0.335938 0.303704 0.0197917 0.0740741 0.503348
0 0.335938 0.303704 0.0197917 0.0740741 0.51857
0 0.621875 0.340741 0.0291667 0.17037 0.530612
0 0.335938 0.303704 0.0177083 0.0703704 0.543518
0 0.621875 0.340741 0.0291667 0.17037 0.550473
0 0.621875 0.340741 0.0291667 0.17037 0.553534
0 0.506771 0.338889 0.028125 0.133333 0.5549
0 0.298958 0.312963 0.0291667 0.0925926 0.555179
0 0.506771 0.338889 0.028125 0.133333 0.558717
0 0.646354 0.341667 0.0239583 0.131481 0.568035
0 0.298958 0.312963 0.0291667 0.0925926 0.575066
0 0.622917 0.339815 0.0291667 0.153704 0.584284
0 0.645312 0.340741 0.0260417 0.133333 0.585926
0 0.622396 0.338889 0.028125 0.155556 0.596121
0 0.506771 0.337037 0.0302083 0.140741 0.597557
0 0.507292 0.337037 0.03125 0.140741 0.604481
0 0.298958 0.312963 0.0291667 0.0925926 0.607846
0 0.0614583 0.462963 0.122917 0.585185 0.622772
0 0.0614583 0.462963 0.122917 0.585185 0.62855
0 0.644792 0.341667 0.0270833 0.142593 0.629436
0 0.207292 0.362037 0.0645833 0.283333 0.630822
0 0.465104 0.326852 0.028125 0.142593 0.636025
0 0.644792 0.342593 0.0270833 0.140741 0.636636
0 0.507292 0.336111 0.03125 0.138889 0.637374
0 0.465104 0.327778 0.028125 0.144444 0.637772
0 0.465625 0.326852 0.0291667 0.138889 0.638499
0 0.465104 0.327778 0.028125 0.140741 0.638762
0 0.298958 0.313889 0.03125 0.0944444 0.64586
0 0.465625 0.326852 0.0291667 0.138889 0.647089
0 0.298958 0.313889 0.03125 0.0944444 0.655046
0 0.507292 0.337037 0.03125 0.137037 0.65957
0 0.507292 0.337963 0.03125 0.138889 0.660804
0 0.506771 0.335185 0.028125 0.137037 0.670778
0 0.465104 0.327778 0.028125 0.140741 0.671139
0 0.465104 0.326852 0.028125 0.142593 0.674915
0 0.298958 0.314815 0.03125 0.0925926 0.676942
0 0.506771 0.335185 0.028125 0.137037 0.680372
0 0.646354 0.341667 0.0239583 0.138889 0.691496
0 0.507292 0.337963 0.03125 0.138889 0.691776
0 0.300521 0.313889 0.028125 0.0944444 0.695311
0 0.646354 0.341667 0.0239583 0.138889 0.696473
0 0.3 0.313889 0.0270833 0.0944444 0.696837
0 0.207813 0.360185 0.0697917 0.290741 0.699448
0 0.300521 0.313889 0.028125 0.0944444 0.704216
0 0.465104 0.327778 0.028125 0.140741 0.708882
0 0.465104 0.326852 0.028125 0.142593 0.714446
0 0.20625 0.360185 0.06875 0.298148 0.718109
0 0.465104 0.326852 0.028125 0.142593 0.726899
0 0.205729 0.361111 0.0697917 0.296296 0.730579
0 0.205729 0.361111 0.0697917 0.296296 0.73958
0 0.645833 0.340741 0.025 0.133333 0.741803
0 0.621875 0.341667 0.0291667 0.172222 0.748623
0 0.0640625 0.455556 0.128125 0.577778 0.756478
0 0.621875 0.341667 0.0291667 0.172222 0.758317
0 0.207292 0.361111 0.06875 0.288889 0.759526
0 0.0640625 0.457407 0.128125 0.57037 0.763416
0 0.464583 0.326852 0.0291667 0.138889 0.767016
0 0.464583 0.327778 0.0291667 0.137037 0.773351
0 0.621875 0.339815 0.0291667 0.175926 0.774622
0 0.621875 0.341667 0.0291667 0.172222 0.775199
0 0.621875 0.339815 0.0291667 0.175926 0.779523
0 0.622396 0.341667 0.028125 0.168519 0.794087
0 0.622396 0.341667 0.028125 0.172222 0.796987
0 0.20625 0.362963 0.06875 0.296296 0.819189
0 0.207813 0.362037 0.0677083 0.298148 0.824909
0 0.206771 0.363889 0.0697917 0.294444 0.831835
0 0.206771 0.362037 0.0697917 0.298148 0.849541
0 0.206771 0.362037 0.0697917 0.298148 0.849669
0 0.206771 0.361111 0.0697917 0.292593 0.850285
0 0.206771 0.362037 0.0697917 0.294444 0.85092
0 0.206771 0.362037 0.0697917 0.294444 0.851643
0 0.206771 0.361111 0.0697917 0.292593 0.857311
0 0.20625 0.362963 0.06875 0.296296 0.867348
0 0.0625 0.456481 0.125 0.587037 0.869251
0 0.206771 0.363889 0.0697917 0.294444 0.881473
0 0.0625 0.462037 0.125 0.598148 0.884284
0 0.0625 0.462037 0.125 0.601852 0.888683
0 0.0625 0.457407 0.125 0.588889 0.888841
0 0.0625 0.457407 0.125 0.585185 0.903564
0 0.0625 0.457407 0.125 0.585185 0.906354
