0 0.4625 0.35 0.0270833 0.148148 0.25199
0 0.526563 0.315741 0.015625 0.0685185 0.253561
0 0.481771 0.344444 0.0177083 0.1 0.257668
0 0.419271 0.341667 0.0302083 0.146296 0.25777
0 0.716146 0.391667 0.0572917 0.327778 0.25853
0 0.603125 0.338889 0.03125 0.137037 0.258568
0 0.41875 0.343519 0.0270833 0.138889 0.260069
0 0.745833 0.386111 0.0708333 0.316667 0.260176
0 0.109375 0.341667 0.04375 0.157407 0.261888
0 0.119271 0.338889 0.0572917 0.155556 0.2653
0 0.528646 0.314815 0.0135417 0.0666667 0.267128
0 0.481771 0.343519 0.0177083 0.0981481 0.267334
0 0.502083 0.34537 0.0229167 0.0944444 0.270271
0 0.364583 0.330556 0.025 0.112963 0.270891
0 0.713021 0.389815 0.0447917 0.312963 0.271629
0 0.601042 0.342593 0.025 0.125926 0.272219
0 0.417188 0.341667 0.0302083 0.142593 0.272688
0 0.503125 0.343519 0.0229167 0.101852 0.275122
0 0.528125 0.313889 0.0166667 0.0648148 0.278552
0 0.4625 0.350926 0.0270833 0.153704 0.279407
0 0.502083 0.346296 0.0229167 0.0925926 0.281525
0 0.109896 0.342593 0.0427083 0.155556 0.283835
0 0.603125 0.337037 0.0270833 0.12963 0.283933
0 0.526563 0.315741 0.015625 0.0685185 0.284744
0 0.417188 0.340741 0.0302083 0.140741 0.285133
0 0.41875 0.341667 0.0291667 0.142593 0.286241
0 0.419271 0.341667 0.0302083 0.142593 0.288672
0 0.365104 0.328704 0.0260417 0.116667 0.293995
0 0.503125 0.346296 0.025 0.0962963 0.296173
0 0.503125 0.344444 0.0229167 0.103704 0.300013
0 0.600521 0.336111 0.0260417 0.124074 0.303545
0 0.503125 0.344444 0.0229167 0.103704 0.308527
24 0.764063 0.344444 0.0385417 0.107407 0.311133
0 0.601042 0.338889 0.025 0.133333 0.312402
0 0.601042 0.339815 0.025 0.135185 0.320022
24 0.764063 0.344444 0.0385417 0.122222 0.321901
24 0.7625 0.341667 0.0395833 0.109259 0.325333
24 0.764063 0.344444 0.0385417 0.114815 0.327909
24 0.7625 0.341667 0.0395833 0.12037 0.330847
24 0.7625 0.340741 0.0375 0.118519 0.331126
0 0.4625 0.343519 0.025 0.135185 0.334524
24 0.764063 0.344444 0.0385417 0.114815 0.335372
0 0.4625 0.344444 0.025 0.137037 0.33677
0 0.710938 0.393519 0.040625 0.316667 0.339196
0 0.366667 0.327778 0.025 0.107407 0.339503
0 0.528646 0.313889 0.015625 0.0648148 0.341895
0 0.461979 0.35 0.0260417 0.148148 0.350267
0 0.710938 0.393519 0.0427083 0.324074 0.355354
0 0.709896 0.387963 0.0364583 0.309259 0.355673
24 0.764063 0.343519 0.0385417 0.12037 0.358981
0 0.710938 0.394444 0.0427083 0.318519 0.361265
0 0.461979 0.350926 0.0260417 0.15 0.364102
0 0.604167 0.337963 0.0291667 0.138889 0.364165
0 0.528646 0.313889 0.015625 0.0648148 0.366115
0 0.366667 0.327778 0.025 0.111111 0.370147
0 0.601562 0.339815 0.0302083 0.135185 0.371745
0 0.710417 0.391667 0.0354167 0.309259 0.372507
0 0.123438 0.339815 0.0510417 0.157407 0.375654
0 0.120312 0.338889 0.053125 0.159259 0.37937
0 0.366667 0.327778 0.025 0.111111 0.381813
24 0.763542 0.343519 0.0395833 0.12037 0.38405
0 0.120312 0.338889 0.053125 0.159259 0.38427
0 0.123958 0.339815 0.05 0.153704 0.392404
0 0.461979 0.347222 0.0239583 0.146296 0.393982
0 0.461979 0.347222 0.0239583 0.146296 0.395024
0 0.602083 0.337963 0.0291667 0.138889 0.39999
0 0.119792 0.337963 0.0583333 0.15 0.406431
24 0.7625 0.337037 0.0416667 0.122222 0.410454
0 0.708854 0.388889 0.040625 0.318519 0.415397
0 0.600521 0.336111 0.0239583 0.135185 0.416824
0 0.600521 0.336111 0.0239583 0.135185 0.417336
0 0.708854 0.388889 0.040625 0.311111 0.42957
0 0.708854 0.389815 0.040625 0.312963 0.43156
24 0.761979 0.337037 0.040625 0.122222 0.438467
0 0.601042 0.339815 0.0291667 0.135185 0.442471
0 0.602604 0.337963 0.028125 0.138889 0.454419
0 0.710938 0.388889 0.040625 0.322222 0.457861
0 0.602604 0.337037 0.028125 0.137037 0.458832
0 0.602604 0.337037 0.028125 0.137037 0.459612
0 0.41875 0.343519 0.0291667 0.135185 0.470435
0 0.461979 0.35 0.0260417 0.144444 0.471917
0 0.418229 0.346296 0.0260417 0.144444 0.472083
24 0.761979 0.337963 0.040625 0.12037 0.473431
0 0.461979 0.35 0.0260417 0.144444 0.479449
0 0.118229 0.337963 0.0572917 0.15 0.489722
0 0.418229 0.346296 0.0260417 0.144444 0.494925
0 0.119792 0.338889 0.0583333 0.155556 0.497323
0 0.417708 0.346296 0.0270833 0.144444 0.503897
0 0.738021 0.393519 0.0760417 0.342593 0.506063
0 0.738021 0.393519 0.0760417 0.342593 0.50653
0 0.738021 0.393519 0.0760417 0.342593 0.510681
0 0.118229 0.337037 0.0572917 0.151852 0.512333
0 0.711458 0.389815 0.04375 0.331481 0.513037
0 0.602083 0.339815 0.0270833 0.135185 0.524427
0 0.741146 0.390741 0.078125 0.348148 0.526878
0 0.121354 0.337963 0.053125 0.153704 0.528625
0 0.711458 0.389815 0.0458333 0.327778 0.53367
0 0.739583 0.389815 0.08125 0.35 0.534431
0 0.418229 0.347222 0.028125 0.15 0.537421
24 0.763021 0.340741 0.0385417 0.111111 0.541503
0 0.601562 0.337963 0.0260417 0.138889 0.543171
24 0.7625 0.337037 0.0416667 0.125926 0.545912
24 0.763021 0.340741 0.040625 0.114815 0.546611
0 0.118229 0.337037 0.0572917 0.151852 0.547713
0 0.418229 0.347222 0.028125 0.15 0.552956
24 0.763021 0.340741 0.040625 0.114815 0.553692
0 0.736458 0.391667 0.0854167 0.342593 0.554461
0 0.365104 0.330556 0.021875 0.112963 0.554995
0 0.711458 0.389815 0.0458333 0.324074 0.561538
0 0.7375 0.391667 0.0833333 0.346296 0.563891
0 0.735937 0.391667 0.084375 0.338889 0.564561
0 0.120833 0.337963 0.0520833 0.153704 0.56515
24 0.763021 0.337037 0.040625 0.118519 0.568915
0 0.41875 0.347222 0.0270833 0.15 0.57006
0 0.11875 0.339815 0.05625 0.153704 0.575966
0 0.119792 0.340741 0.0520833 0.155556 0.576603
0 0.365104 0.327778 0.0239583 0.114815 0.581743
0 0.120312 0.340741 0.0510417 0.155556 0.586731
24 0.763021 0.337037 0.040625 0.122222 0.592384
0 0.461979 0.351852 0.0260417 0.151852 0.603426
24 0.763021 0.339815 0.0385417 0.116667 0.607492
24 0.7625 0.338889 0.0395833 0.122222 0.607897
0 0.120833 0.337963 0.0520833 0.153704 0.609745
24 0.7625 0.337963 0.0395833 0.124074 0.61353
0 0.11875 0.339815 0.05625 0.153704 0.616293
0 0.461458 0.350926 0.025 0.15 0.619342
0 0.461979 0.35 0.0239583 0.148148 0.620677
0 0.364583 0.330556 0.0229167 0.112963 0.64926
0 0.734896 0.390741 0.0739583 0.344444 0.655107
0 0.11875 0.338889 0.05625 0.151852 0.661586
0 0.735417 0.390741 0.0791667 0.344444 0.664289
0 0.461458 0.350926 0.0229167 0.15 0.666351
0 0.365104 0.334259 0.0239583 0.101852 0.668194
0 0.364583 0.333333 0.025 0.111111 0.670812
0 0.734375 0.390741 0.075 0.340741 0.681432
0 0.364583 0.333333 0.025 0.107407 0.683609
0 0.365104 0.333333 0.0239583 0.103704 0.688598
0 0.734896 0.390741 0.0739583 0.344444 0.692035
0 0.364583 0.333333 0.0229167 0.103704 0.692926
0 0.364583 0.333333 0.025 0.107407 0.697484
0 0.418229 0.347222 0.0302083 0.146296 0.722923
0 0.41875 0.347222 0.0291667 0.146296 0.744122
0 0.41875 0.347222 0.0291667 0.146296 0.747966
0 0.41875 0.343519 0.0291667 0.142593 0.761291
0 0.41875 0.344444 0.0291667 0.140741 0.768946
0 0.41875 0.343519 0.0270833 0.15 0.794765
0 0.41875 0.342593 0.0270833 0.148148 0.811828
