0 0.941667 0.307407 0.0354167 0.166667 0.251125
0 0.506771 0.35 0.0302083 0.1 0.25142
24 0.905729 0.364815 0.0572917 0.174074 0.261205
0 0.858854 0.425926 0.078125 0.518519 0.26235
0 0.515625 0.350926 0.025 0.0981481 0.263335
0 0.446875 0.35 0.0520833 0.144444 0.263435
24 0.905208 0.366667 0.0583333 0.174074 0.26633
0 0.941146 0.287963 0.034375 0.116667 0.267788
0 0.00989583 0.378704 0.0197917 0.131481 0.268259
0 0.394271 0.332407 0.0239583 0.109259 0.268804
0 0.493229 0.350926 0.0260417 0.0907407 0.2689
0 0.661458 0.331481 0.025 0.122222 0.273981
24 0.905208 0.366667 0.0583333 0.174074 0.276961
24 0.905729 0.364815 0.0572917 0.174074 0.276974
24 0.905208 0.366667 0.0583333 0.174074 0.277656
0 0.495313 0.347222 0.028125 0.101852 0.280596
0 0.39375 0.32963 0.0208333 0.1 0.28107
24 0.905729 0.37037 0.0572917 0.166667 0.282631
0 0.548437 0.314815 0.015625 0.0666667 0.283994
24 0.905729 0.364815 0.0572917 0.174074 0.287578
24 0.902083 0.360185 0.0645833 0.190741 0.288009
0 0.458854 0.35 0.028125 0.137037 0.288577
0 0.547396 0.317593 0.0135417 0.0722222 0.294289
24 0.901042 0.360185 0.0645833 0.187037 0.294719
0 0.941146 0.288889 0.034375 0.122222 0.295077
0 0.517187 0.344444 0.021875 0.103704 0.300032
0 0.518229 0.346296 0.028125 0.111111 0.300361
0 0.547917 0.314815 0.0145833 0.0666667 0.300381
0 0.941146 0.288889 0.034375 0.122222 0.300802
0 0.547917 0.316667 0.0145833 0.0666667 0.301366
0 0.0453125 0.32963 0.0447917 0.114815 0.304379
24 0.905729 0.37037 0.0572917 0.162963 0.306991
0 0.547396 0.316667 0.0135417 0.0703704 0.310387
0 0.495313 0.348148 0.028125 0.103704 0.312148
0 0.494792 0.343519 0.025 0.101852 0.314177
0 0.495313 0.348148 0.028125 0.103704 0.314214
0 0.458333 0.349074 0.0270833 0.138889 0.315121
0 0.0671875 0.32963 0.0177083 0.0962963 0.317964
0 0.516667 0.34537 0.0229167 0.105556 0.322853
0 0.660937 0.330556 0.0239583 0.124074 0.324162
0 0.393229 0.32963 0.021875 0.107407 0.324319
0 0.547917 0.316667 0.0145833 0.0666667 0.32461
0 0.393229 0.330556 0.0197917 0.105556 0.325716
24 0.902604 0.358333 0.065625 0.194444 0.326456
0 0.446875 0.350926 0.0520833 0.146296 0.327898
0 0.494792 0.343519 0.025 0.101852 0.329021
0 0.516667 0.344444 0.0229167 0.103704 0.331666
24 0.902604 0.358333 0.065625 0.194444 0.333551
0 0.445833 0.351852 0.05625 0.144444 0.334648
0 0.494792 0.343519 0.025 0.101852 0.33525
0 0.416146 0.341667 0.028125 0.138889 0.340228
24 0.902604 0.358333 0.065625 0.194444 0.340367
0 0.516667 0.35 0.025 0.1 0.3458
0 0.495313 0.347222 0.0260417 0.101852 0.348361
0 0.835417 0.425926 0.0916667 0.477778 0.354348
0 0.416146 0.348148 0.028125 0.155556 0.358318
0 0.0484375 0.330556 0.0447917 0.112963 0.358346
0 0.0671875 0.32963 0.0177083 0.1 0.370937
0 0.870313 0.437037 0.0989583 0.507407 0.37307
0 0.0119792 0.378704 0.0239583 0.142593 0.375469
0 0.661979 0.327778 0.0260417 0.118519 0.375642
0 0.416146 0.340741 0.0260417 0.137037 0.37572
0 0.00989583 0.377778 0.0197917 0.137037 0.377828
0 0.0671875 0.328704 0.0177083 0.0981481 0.379362
0 0.516146 0.35 0.0239583 0.1 0.380441
0 0.516667 0.35 0.025 0.1 0.38132
24 0.905729 0.371296 0.059375 0.168519 0.382255
24 0.904688 0.365741 0.0614583 0.172222 0.382757
0 0.0119792 0.378704 0.0239583 0.142593 0.384253
0 0.415625 0.347222 0.0270833 0.157407 0.388427
0 0.941146 0.288889 0.034375 0.122222 0.391496
0 0.941146 0.288889 0.034375 0.122222 0.393716
0 0.00989583 0.377778 0.0197917 0.137037 0.395865
0 0.0109375 0.37963 0.021875 0.137037 0.404601
24 0.905729 0.37037 0.059375 0.17037 0.405795
24 0.905729 0.371296 0.059375 0.168519 0.407623
0 0.0671875 0.331481 0.0177083 0.111111 0.408707
0 0.0916667 0.326852 0.0208333 0.0981481 0.411976
0 0.0671875 0.331481 0.0177083 0.107407 0.413991
0 0.941146 0.288889 0.034375 0.122222 0.415082
0 0.661979 0.327778 0.0260417 0.118519 0.428559
0 0.406771 0.337963 0.034375 0.12037 0.437783
0 0.0671875 0.331481 0.0177083 0.111111 0.439383
0 0.392188 0.332407 0.021875 0.105556 0.440892
0 0.661979 0.326852 0.0260417 0.116667 0.448726
0 0.392188 0.332407 0.0197917 0.105556 0.452717
0 0.406771 0.337963 0.034375 0.127778 0.454209
0 0.661458 0.32963 0.0270833 0.122222 0.454986
0 0.836458 0.427778 0.0916667 0.481481 0.457758
0 0.866146 0.440741 0.0947917 0.522222 0.459002
0 0.415104 0.342593 0.028125 0.133333 0.460007
0 0.660937 0.32963 0.028125 0.122222 0.461182
0 0.0104167 0.377778 0.0208333 0.133333 0.462411
0 0.866146 0.440741 0.0947917 0.525926 0.462622
0 0.941667 0.3 0.0333333 0.159259 0.462923
0 0.416146 0.340741 0.0260417 0.137037 0.467109
0 0.839063 0.426852 0.115625 0.468519 0.468097
0 0.392708 0.332407 0.0208333 0.105556 0.473864
0 0.941667 0.300926 0.0333333 0.157407 0.477001
0 0.835417 0.428704 0.0916667 0.483333 0.478572
0 0.416146 0.348148 0.0260417 0.155556 0.48063
0 0.406771 0.338889 0.034375 0.125926 0.481615
0 0.661458 0.32963 0.0270833 0.122222 0.484873
0 0.940625 0.289815 0.0333333 0.12037 0.491149
0 0.609896 0.340741 0.0302083 0.12963 0.499925
0 0.0666667 0.32963 0.01875 0.103704 0.510446
0 0.661458 0.330556 0.0270833 0.12037 0.515094
0 0.414062 0.347222 0.028125 0.146296 0.516329
0 0.660937 0.330556 0.028125 0.12037 0.521034
0 0.660937 0.330556 0.028125 0.12037 0.521843
0 0.8125 0.418519 0.0708333 0.444444 0.523248
0 0.0901042 0.327778 0.0197917 0.0962963 0.52457
0 0.940625 0.290741 0.0333333 0.122222 0.530746
0 0.0661458 0.330556 0.0177083 0.0981481 0.53384
0 0.0390625 0.328704 0.0260417 0.131481 0.537651
0 0.940625 0.289815 0.0333333 0.12037 0.539417
0 0.854688 0.42963 0.107292 0.485185 0.542255
0 0.0395833 0.327778 0.025 0.12963 0.550857
0 0.661458 0.32963 0.0270833 0.118519 0.561913
0 0.0395833 0.327778 0.0291667 0.12963 0.562834
0 0.414583 0.347222 0.0270833 0.146296 0.568389
0 0.414062 0.34537 0.028125 0.146296 0.572021
0 0.661458 0.32963 0.0270833 0.122222 0.572888
0 0.941146 0.300926 0.034375 0.15 0.573141
0 0.0921875 0.32963 0.0177083 0.1 0.573181
0 0.661979 0.32963 0.0260417 0.122222 0.573527
0 0.861979 0.441667 0.0864583 0.524074 0.574458
0 0.0395833 0.32963 0.025 0.12963 0.574624
0 0.941146 0.301852 0.034375 0.151852 0.576664
0 0.941146 0.301852 0.034375 0.151852 0.585089
0 0.863021 0.440741 0.084375 0.525926 0.58645
0 0.0927083 0.328704 0.01875 0.0981481 0.586939
0 0.609896 0.340741 0.0302083 0.133333 0.587863
0 0.0661458 0.32963 0.0177083 0.1 0.588814
0 0.0661458 0.32963 0.0177083 0.1 0.588819
0 0.609896 0.340741 0.0302083 0.133333 0.5962
0 0.0921875 0.32963 0.0177083 0.1 0.596931
0 0.813021 0.415741 0.0677083 0.446296 0.598405
0 0.941146 0.299074 0.034375 0.142593 0.601212
0 0.0911458 0.328704 0.0197917 0.0981481 0.604821
0 0.941146 0.298148 0.034375 0.144444 0.605639
0 0.941146 0.298148 0.034375 0.144444 0.607227
0 0.609375 0.340741 0.0270833 0.133333 0.613309
0 0.0390625 0.327778 0.028125 0.133333 0.61364
0 0.0390625 0.328704 0.0260417 0.131481 0.616391
0 0.458854 0.35 0.028125 0.144444 0.617394
0 0.0395833 0.327778 0.025 0.12963 0.61818
0 0.458854 0.350926 0.028125 0.142593 0.622824
0 0.0390625 0.327778 0.0239583 0.12963 0.625003
0 0.457812 0.35 0.0260417 0.140741 0.628904
0 0.0911458 0.328704 0.0197917 0.101852 0.62969
0 0.458333 0.35 0.0270833 0.140741 0.631385
0 0.0911458 0.328704 0.0197917 0.101852 0.63599
0 0.811979 0.419444 0.0677083 0.442593 0.637371
0 0.457812 0.35 0.028125 0.148148 0.640493
0 0.609375 0.340741 0.0291667 0.12963 0.64212
0 0.0395833 0.32963 0.025 0.133333 0.656607
0 0.458333 0.351852 0.0270833 0.144444 0.660096
0 0.0395833 0.32963 0.025 0.133333 0.663576
0 0.393229 0.333333 0.021875 0.107407 0.664816
0 0.0911458 0.326852 0.0197917 0.0981481 0.667933
0 0.609375 0.340741 0.0291667 0.12963 0.668304
0 0.608854 0.340741 0.0260417 0.137037 0.669635
0 0.609896 0.340741 0.0302083 0.12963 0.671197
0 0.8125 0.414815 0.0666667 0.448148 0.672588
0 0.608854 0.341667 0.0260417 0.135185 0.675083
0 0.458333 0.350926 0.0270833 0.146296 0.685438
0 0.0395833 0.327778 0.0270833 0.125926 0.685481
0 0.393229 0.333333 0.0197917 0.103704 0.68594
0 0.609375 0.340741 0.0291667 0.12963 0.686131
0 0.39375 0.333333 0.0208333 0.103704 0.690479
0 0.0911458 0.326852 0.0197917 0.101852 0.691158
0 0.0390625 0.32963 0.0260417 0.12963 0.692083
0 0.0390625 0.327778 0.028125 0.12963 0.692401
0 0.0911458 0.326852 0.0197917 0.101852 0.699732
0 0.458333 0.350926 0.0270833 0.142593 0.717813
0 0.609375 0.340741 0.0291667 0.133333 0.718138
0 0.39375 0.333333 0.0208333 0.107407 0.721365
0 0.609375 0.341667 0.0291667 0.131481 0.723696
0 0.0911458 0.327778 0.0197917 0.1 0.72392
0 0.0395833 0.327778 0.0270833 0.125926 0.729828
0 0.609375 0.340741 0.0291667 0.133333 0.730593
0 0.39375 0.334259 0.0208333 0.105556 0.736717
0 0.609375 0.341667 0.0291667 0.131481 0.73738
0 0.0395833 0.327778 0.0270833 0.125926 0.740177
0 0.609375 0.339815 0.0291667 0.131481 0.741345
0 0.458333 0.351852 0.0270833 0.144444 0.748183
0 0.609375 0.341667 0.0291667 0.131481 0.749299
0 0.609375 0.340741 0.0291667 0.133333 0.76092
0 0.415104 0.343519 0.028125 0.138889 0.766072
0 0.415625 0.343519 0.0291667 0.138889 0.767903
0 0.609375 0.341667 0.0270833 0.131481 0.769711
0 0.457812 0.35 0.0260417 0.148148 0.770712
0 0.861979 0.437963 0.0885417 0.52037 0.77765
0 0.458333 0.349074 0.0270833 0.15 0.793001
0 0.813021 0.413889 0.0677083 0.435185 0.79415
0 0.813021 0.413889 0.0677083 0.438889 0.796541
0 0.813021 0.413889 0.0677083 0.435185 0.800716
0 0.865104 0.439815 0.0927083 0.52037 0.808737
0 0.861458 0.437037 0.0875 0.522222 0.810037
0 0.458333 0.349074 0.0270833 0.146296 0.815063
0 0.415625 0.342593 0.0270833 0.155556 0.825248
0 0.864583 0.439815 0.0895833 0.512963 0.828489
0 0.415625 0.343519 0.0270833 0.153704 0.830321
0 0.8125 0.413889 0.0666667 0.442593 0.852636
0 0.8125 0.412963 0.0666667 0.444444 0.85523
0 0.8125 0.413889 0.0666667 0.438889 0.857897
