0 0.314063 0.412037 0.0135417 0.0722222 0.252202
0 0.0125 0.481481 0.025 0.174074 0.252483
0 0.363021 0.430556 0.0177083 0.109259 0.252995
13 0.45 0.637037 0.122917 0.1 0.253159
0 0.314583 0.415741 0.0145833 0.0685185 0.257129
0 0.234896 0.406481 0.0239583 0.0685185 0.257918
13 0.285937 0.496296 0.090625 0.0666667 0.259436
0 0.363542 0.437963 0.01875 0.116667 0.260203
0 0.234896 0.406481 0.0239583 0.0685185 0.260246
0 0.235938 0.408333 0.0239583 0.0722222 0.260484
13 0.45 0.636111 0.122917 0.0981481 0.26319
13 0.382292 0.597222 0.18125 0.109259 0.265087
0 0.314583 0.408333 0.0145833 0.0796296 0.265627
13 0.285417 0.491667 0.0875 0.0722222 0.267455
13 0.450521 0.636111 0.121875 0.0981481 0.268154
13 0.452083 0.638889 0.11875 0.0962963 0.269645
0 0.314583 0.412037 0.0145833 0.0722222 0.270096
0 0.279167 0.431481 0.0208333 0.0888889 0.271753
0 0.3625 0.42963 0.0166667 0.107407 0.271887
0 0.234896 0.406481 0.0239583 0.0685185 0.274882
13 0.452083 0.638889 0.116667 0.0962963 0.277225
0 0.279167 0.431481 0.0208333 0.0925926 0.278595
0 0.363542 0.437963 0.01875 0.116667 0.279038
0 0.234896 0.408333 0.0239583 0.0722222 0.282103
0 0.279167 0.430556 0.0208333 0.0907407 0.298851
0 0.363542 0.437963 0.01875 0.116667 0.298939
0 0.0145833 0.471296 0.0291667 0.175926 0.306925
0 0.0140625 0.471296 0.028125 0.175926 0.312336
0 0.448958 0.446296 0.0479167 0.12963 0.315026
0 0.453646 0.447222 0.0489583 0.131481 0.320231
0 0.363542 0.434259 0.01875 0.112963 0.325133
13 0.452083 0.638889 0.11875 0.0962963 0.328192
0 0.982813 0.635185 0.034375 0.540741 0.32952
0 0.390625 0.437037 0.0270833 0.118519 0.331193
0 0.435937 0.433333 0.0260417 0.118519 0.339273
0 0.0145833 0.471296 0.0291667 0.175926 0.350061
0 0.642708 0.448148 0.01875 0.114815 0.351658
0 0.454167 0.446296 0.05 0.12963 0.357348
0 0.982292 0.636111 0.0354167 0.538889 0.358203
0 0.364062 0.437037 0.0177083 0.114815 0.368312
0 0.435417 0.430556 0.0229167 0.112963 0.368644
0 0.642187 0.447222 0.0197917 0.116667 0.369016
13 0.44375 0.632407 0.1375 0.101852 0.373062
0 0.642708 0.448148 0.01875 0.114815 0.373182
74 0.393229 0.0851852 0.0427083 0.144444 0.375507
0 0.390104 0.437037 0.0260417 0.114815 0.379228
0 0.364583 0.438889 0.01875 0.118519 0.382025
0 0.363542 0.435185 0.01875 0.111111 0.38262
0 0.982292 0.608333 0.0354167 0.487037 0.384445
74 0.393229 0.0861111 0.0427083 0.146296 0.390884
74 0.393229 0.087037 0.0427083 0.144444 0.39109
0 0.363542 0.439815 0.01875 0.116667 0.39327
0 0.363542 0.435185 0.01875 0.111111 0.394302
0 0.363542 0.437037 0.01875 0.114815 0.403572
0 0.0145833 0.476852 0.0291667 0.17963 0.408134
0 0.0145833 0.476852 0.0291667 0.17963 0.410084
0 0.363542 0.437037 0.01875 0.114815 0.411623
74 0.389062 0.0851852 0.0364583 0.140741 0.412015
0 0.896875 0.64537 0.1125 0.698148 0.415036
0 0.435937 0.437963 0.0239583 0.116667 0.41557
74 0.389062 0.0842593 0.0364583 0.142593 0.417569
0 0.896875 0.644444 0.1125 0.692593 0.422155
0 0.982292 0.609259 0.0354167 0.496296 0.424329
0 0.0145833 0.475926 0.0291667 0.177778 0.424898
0 0.390625 0.436111 0.0208333 0.112963 0.426334
0 0.463542 0.463889 0.0333333 0.157407 0.427661
74 0.392708 0.0861111 0.04375 0.146296 0.428242
0 0.435937 0.437963 0.0239583 0.116667 0.429363
74 0.392188 0.087037 0.0427083 0.144444 0.430382
74 0.392708 0.0861111 0.04375 0.146296 0.435595
0 0.0114583 0.475 0.0229167 0.175926 0.436886
0 0.0140625 0.475926 0.028125 0.174074 0.440891
0 0.643229 0.449074 0.021875 0.112963 0.444471
74 0.392188 0.087037 0.0427083 0.144444 0.444768
0 0.463542 0.463889 0.0333333 0.157407 0.445881
74 0.392188 0.087037 0.0427083 0.144444 0.445939
0 0.435937 0.434259 0.0260417 0.116667 0.447011
0 0.435937 0.437963 0.0239583 0.116667 0.447488
0 0.0114583 0.475926 0.0229167 0.177778 0.450411
0 0.463542 0.463889 0.0333333 0.157407 0.451081
0 0.390625 0.437037 0.0270833 0.114815 0.452197
74 0.392188 0.087037 0.0427083 0.144444 0.453053
0 0.4375 0.434259 0.0229167 0.116667 0.459873
0 0.64375 0.449074 0.0208333 0.112963 0.459913
0 0.390104 0.436111 0.0260417 0.112963 0.465846
0 0.436979 0.435185 0.0239583 0.118519 0.472492
0 0.64375 0.449074 0.0208333 0.112963 0.476481
0 0.0130208 0.476852 0.0260417 0.172222 0.479831
0 0.0130208 0.476852 0.0260417 0.172222 0.480766
0 0.436979 0.434259 0.0239583 0.116667 0.481185
0 0.898958 0.635185 0.116667 0.707407 0.517005
0 0.0140625 0.475926 0.028125 0.174074 0.521914
74 0.392708 0.0851852 0.0416667 0.151852 0.574153
0 0.0130208 0.475 0.0260417 0.17963 0.574798
0 0.0135417 0.474074 0.0270833 0.177778 0.576525
0 0.0135417 0.474074 0.0270833 0.177778 0.580269
0 0.0130208 0.474074 0.0260417 0.177778 0.586452
74 0.393229 0.0851852 0.0427083 0.148148 0.589586
0 0.0135417 0.475926 0.0270833 0.174074 0.605376
0 0.391146 0.437037 0.0239583 0.111111 0.616927
0 0.390625 0.437037 0.025 0.111111 0.617565
0 0.898438 0.636111 0.113542 0.705556 0.631445
0 0.642708 0.448148 0.0208333 0.114815 0.631763
0 0.390625 0.438889 0.0229167 0.111111 0.640939
0 0.642708 0.449074 0.0208333 0.112963 0.64726
0 0.391146 0.437963 0.0239583 0.112963 0.653442
0 0.642708 0.449074 0.0208333 0.112963 0.655632
0 0.390625 0.439815 0.0229167 0.109259 0.659725
0 0.391146 0.437963 0.0239583 0.112963 0.665522
0 0.643229 0.448148 0.021875 0.111111 0.666755
0 0.390625 0.439815 0.0229167 0.109259 0.671712
0 0.435417 0.435185 0.0229167 0.107407 0.697081
0 0.643229 0.449074 0.021875 0.109259 0.700344
0 0.435417 0.435185 0.0229167 0.111111 0.706553
0 0.643229 0.449074 0.021875 0.109259 0.711681
0 0.390625 0.437037 0.025 0.114815 0.711761
0 0.435937 0.432407 0.0239583 0.112963 0.713746
0 0.435937 0.433333 0.0239583 0.114815 0.714441
0 0.898438 0.640741 0.117708 0.711111 0.71491
0 0.435417 0.434259 0.0229167 0.109259 0.717728
0 0.435937 0.432407 0.0239583 0.112963 0.721359
0 0.391146 0.437037 0.0239583 0.111111 0.729678
0 0.435937 0.432407 0.0239583 0.112963 0.737402
0 0.391146 0.437037 0.0239583 0.111111 0.739989
0 0.391146 0.437037 0.0239583 0.111111 0.754219
0 0.461979 0.462963 0.034375 0.155556 0.766409
0 0.461979 0.462963 0.034375 0.155556 0.786299
0 0.4625 0.464815 0.0333333 0.155556 0.803059
0 0.4625 0.464815 0.0333333 0.155556 0.814475
0 0.461979 0.462963 0.034375 0.155556 0.815907
0 0.4625 0.464815 0.0333333 0.155556 0.830673
0 0.4625 0.465741 0.0333333 0.15 0.853427
0 0.4625 0.465741 0.0333333 0.153704 0.85566
0 0.897917 0.642593 0.114583 0.714815 0.867997
0 0.4625 0.464815 0.0333333 0.155556 0.870111
0 0.4625 0.464815 0.0333333 0.159259 0.871362
0 0.898958 0.642593 0.1125 0.692593 0.890565
0 0.898958 0.642593 0.1125 0.692593 0.894283
0 0.899479 0.644444 0.113542 0.696296 0.895485
0 0.898958 0.644444 0.1125 0.692593 0.901334
