0 0.316667 0.312037 0.0208333 0.0796296 0.25119
0 0.316667 0.312037 0.0208333 0.0796296 0.253588
0 0.832812 0.566667 0.111458 0.685185 0.257103
0 0.298438 0.315741 0.028125 0.0907407 0.258844
0 0.535417 0.342593 0.0208333 0.12963 0.259441
0 0.539062 0.349074 0.0239583 0.135185 0.261256
26 0.855208 0.539815 0.05625 0.157407 0.263278
0 0.538542 0.343519 0.025 0.127778 0.272019
0 0.295833 0.318519 0.0333333 0.0888889 0.272563
0 0.536979 0.347222 0.0239583 0.131481 0.277787
0 0.515104 0.349074 0.0239583 0.15 0.278256
0 0.386458 0.341667 0.0333333 0.164815 0.279001
0 0.655208 0.336111 0.0208333 0.0944444 0.281297
26 0.855208 0.539815 0.05625 0.157407 0.283653
0 0.590104 0.337037 0.021875 0.118519 0.28674
26 0.855729 0.539815 0.0552083 0.157407 0.286953
0 0.613542 0.357407 0.0291667 0.133333 0.287223
0 0.596354 0.344444 0.0260417 0.12963 0.291846
0 0.648958 0.341667 0.0395833 0.12037 0.298847
0 0.30625 0.312037 0.0291667 0.0833333 0.299513
26 0.853125 0.535185 0.05625 0.159259 0.300212
0 0.514063 0.340741 0.0239583 0.140741 0.300458
0 0.655208 0.335185 0.01875 0.0962963 0.301153
0 0.307292 0.312963 0.0270833 0.0851852 0.303276
26 0.853646 0.535185 0.0552083 0.159259 0.303608
0 0.514063 0.340741 0.0239583 0.140741 0.304965
0 0.171875 0.330556 0.025 0.116667 0.31062
0 0.590625 0.337963 0.0208333 0.116667 0.312547
0 0.176563 0.325926 0.0177083 0.103704 0.315499
0 0.657292 0.334259 0.0208333 0.0907407 0.318337
0 0.524479 0.346296 0.0385417 0.137037 0.319792
0 0.950521 0.561111 0.0989583 0.62963 0.320767
0 0.614062 0.358333 0.028125 0.135185 0.321235
0 0.613542 0.362037 0.0270833 0.138889 0.321249
0 0.590625 0.337963 0.0208333 0.116667 0.322368
0 0.655729 0.335185 0.0197917 0.0962963 0.324494
0 0.614062 0.362037 0.028125 0.138889 0.325584
0 0.538021 0.346296 0.0260417 0.12963 0.326601
0 0.176563 0.326852 0.0177083 0.109259 0.329068
0 0.00989583 0.360185 0.0197917 0.17963 0.331286
0 0.00989583 0.361111 0.0197917 0.185185 0.335487
0 0.814583 0.587963 0.120833 0.646296 0.335754
0 0.945833 0.581481 0.108333 0.688889 0.342321
0 0.305208 0.313889 0.0270833 0.087037 0.34824
0 0.176563 0.326852 0.0177083 0.109259 0.349501
0 0.515625 0.346296 0.0270833 0.148148 0.35019
26 0.855729 0.523148 0.059375 0.187037 0.35087
0 0.305208 0.313889 0.0270833 0.087037 0.351252
26 0.853125 0.532407 0.0520833 0.175926 0.355012
0 0.523958 0.34537 0.0375 0.138889 0.357254
0 0.305208 0.312963 0.0270833 0.0851852 0.359758
26 0.852604 0.531482 0.0510417 0.174074 0.36058
0 0.536458 0.348148 0.025 0.137037 0.361633
26 0.852604 0.531482 0.053125 0.174074 0.363019
0 0.536458 0.348148 0.025 0.137037 0.36612
0 0.516667 0.343519 0.025 0.135185 0.366878
0 0.535417 0.343519 0.0208333 0.135185 0.368402
0 0.539583 0.346296 0.0229167 0.137037 0.368432
0 0.535417 0.343519 0.0208333 0.135185 0.371149
0 0.814583 0.591667 0.120833 0.653704 0.374916
0 0.525 0.34537 0.0416667 0.138889 0.378604
0 0.513021 0.347222 0.028125 0.146296 0.380985
0 0.657292 0.335185 0.01875 0.0925926 0.383031
0 0.657812 0.334259 0.0197917 0.0907407 0.384206
0 0.813021 0.587037 0.117708 0.659259 0.389463
0 0.513021 0.348148 0.028125 0.144444 0.391047
0 0.538021 0.343519 0.0239583 0.131481 0.392652
0 0.538542 0.343519 0.025 0.131481 0.394906
0 0.516667 0.343519 0.0229167 0.135185 0.401115
0 0.65625 0.338889 0.01875 0.0962963 0.401319
0 0.5375 0.347222 0.0270833 0.131481 0.406351
0 0.813021 0.585185 0.117708 0.662963 0.411478
0 0.538021 0.347222 0.0260417 0.131481 0.416205
0 0.610417 0.357407 0.0333333 0.140741 0.424754
0 0.947917 0.571296 0.104167 0.712963 0.432145
26 0.854167 0.525926 0.0583333 0.177778 0.435801
0 0.517187 0.339815 0.021875 0.142593 0.437952
0 0.515625 0.344444 0.0270833 0.148148 0.44794
26 0.855208 0.533333 0.05625 0.166667 0.453021
26 0.855729 0.533333 0.0572917 0.166667 0.454001
26 0.855208 0.532407 0.0583333 0.168519 0.456173
0 0.610937 0.356481 0.034375 0.142593 0.462455
0 0.65625 0.337963 0.01875 0.0944444 0.46541
0 0.65625 0.337963 0.01875 0.0944444 0.470666
0 0.947917 0.572222 0.104167 0.714815 0.476177
0 0.00729167 0.361111 0.0145833 0.181481 0.477225
0 0.385417 0.348148 0.0333333 0.166667 0.477288
0 0.386979 0.341667 0.0322917 0.161111 0.477589
0 0.176563 0.327778 0.0197917 0.111111 0.481209
0 0.386979 0.341667 0.0322917 0.164815 0.483027
0 0.59375 0.340741 0.0208333 0.118519 0.486894
0 0.610937 0.357407 0.0322917 0.144444 0.487201
0 0.385417 0.348148 0.0333333 0.166667 0.493777
0 0.385417 0.348148 0.0333333 0.166667 0.50526
0 0.59375 0.343519 0.0208333 0.124074 0.50734
0 0.613542 0.356481 0.0291667 0.146296 0.514063
0 0.00729167 0.362963 0.0145833 0.181481 0.514646
0 0.173438 0.330556 0.021875 0.112963 0.516116
0 0.613542 0.356481 0.0291667 0.146296 0.516689
0 0.59375 0.343519 0.0208333 0.124074 0.521528
0 0.592188 0.337963 0.0197917 0.112963 0.521562
0 0.656771 0.336111 0.0197917 0.0944444 0.522093
0 0.0453125 0.363889 0.0364583 0.168519 0.525352
0 0.516146 0.34537 0.0239583 0.146296 0.535474
0 0.814583 0.6 0.120833 0.681481 0.538776
0 0.815104 0.6 0.119792 0.681481 0.543104
0 0.593229 0.342593 0.021875 0.122222 0.545271
0 0.0453125 0.363889 0.0364583 0.168519 0.545992
0 0.593229 0.34537 0.021875 0.127778 0.546456
0 0.593229 0.342593 0.021875 0.122222 0.554685
0 0.946875 0.572222 0.10625 0.711111 0.566585
0 0.516667 0.343519 0.025 0.142593 0.571727
0 0.0453125 0.363889 0.0364583 0.168519 0.571891
0 0.593229 0.342593 0.021875 0.122222 0.57293
0 0.656771 0.336111 0.0197917 0.0981481 0.576611
0 0.946875 0.573148 0.10625 0.683333 0.576877
0 0.385938 0.348148 0.0322917 0.166667 0.577182
0 0.175521 0.32963 0.0197917 0.111111 0.579082
0 0.385938 0.348148 0.0322917 0.166667 0.580042
0 0.176042 0.32963 0.01875 0.103704 0.585896
0 0.516667 0.343519 0.025 0.142593 0.586998
0 0.175521 0.32963 0.0197917 0.111111 0.588288
0 0.176042 0.32963 0.0208333 0.111111 0.592325
0 0.656771 0.336111 0.0197917 0.0981481 0.59461
0 0.174479 0.331481 0.0197917 0.111111 0.601887
0 0.00677083 0.363889 0.0135417 0.17963 0.604189
0 0.613542 0.359259 0.0291667 0.148148 0.606454
0 0.656771 0.335185 0.0197917 0.1 0.608521
0 0.176042 0.330556 0.01875 0.105556 0.610264
0 0.614583 0.358333 0.0270833 0.142593 0.611611
0 0.656771 0.336111 0.0197917 0.101852 0.611989
0 0.00677083 0.361111 0.0135417 0.181481 0.613496
0 0.176042 0.32963 0.01875 0.107407 0.614504
0 0.814583 0.592593 0.120833 0.651852 0.615741
0 0.614062 0.358333 0.028125 0.142593 0.618646
0 0.0078125 0.363889 0.015625 0.183333 0.620981
0 0.385417 0.347222 0.0333333 0.164815 0.626685
0 0.946875 0.572222 0.10625 0.711111 0.639911
0 0.811979 0.582407 0.119792 0.635185 0.643197
0 0.613542 0.359259 0.0291667 0.148148 0.645732
0 0.516667 0.343519 0.0229167 0.142593 0.645805
0 0.945833 0.580556 0.108333 0.705556 0.646182
0 0.516667 0.343519 0.0229167 0.142593 0.648507
0 0.384896 0.347222 0.0322917 0.164815 0.648886
0 0.384896 0.347222 0.0322917 0.164815 0.6491
0 0.00833333 0.363889 0.0166667 0.187037 0.683816
0 0.385417 0.34537 0.0333333 0.164815 0.687909
0 0.614062 0.359259 0.028125 0.148148 0.690875
0 0.946354 0.57963 0.107292 0.707407 0.693698
0 0.385417 0.34537 0.0333333 0.164815 0.703794
0 0.385417 0.347222 0.0333333 0.164815 0.735647
0 0.385417 0.347222 0.0333333 0.164815 0.736787
0 0.0442708 0.364815 0.0364583 0.185185 0.743842
0 0.385417 0.347222 0.0333333 0.168519 0.753953
0 0.385417 0.347222 0.0333333 0.164815 0.754536
0 0.0442708 0.364815 0.0364583 0.185185 0.756167
0 0.0442708 0.366667 0.0364583 0.177778 0.757251
0 0.0442708 0.363889 0.0364583 0.183333 0.759414
0 0.0442708 0.363889 0.0364583 0.183333 0.771878
0 0.385938 0.347222 0.0322917 0.164815 0.777276
0 0.0442708 0.366667 0.0364583 0.177778 0.777752
0 0.0442708 0.366667 0.0364583 0.181481 0.779643
0 0.0442708 0.366667 0.034375 0.177778 0.788283
0 0.814062 0.587963 0.121875 0.675926 0.792539
0 0.04375 0.366667 0.0354167 0.181481 0.793072
0 0.811979 0.587037 0.119792 0.648148 0.802647
0 0.04375 0.366667 0.0354167 0.181481 0.803533
0 0.814062 0.592593 0.119792 0.677778 0.829156
0 0.813542 0.592593 0.11875 0.674074 0.85584
