0 0.720833 0.413889 0.025 0.124074 0.254163
0 0.315104 0.383333 0.021875 0.0703704 0.255917
13 0.330208 0.467593 0.0875 0.0833333 0.26002
0 0.721875 0.387963 0.0270833 0.0648148 0.261931
0 0.242708 0.388889 0.01875 0.062963 0.262472
13 0.330208 0.47037 0.0875 0.0814815 0.263027
0 0.234375 0.391667 0.01875 0.0722222 0.268061
0 0.419792 0.407407 0.025 0.118519 0.268923
0 0.244271 0.389815 0.0177083 0.0648148 0.271933
0 0.0244792 0.461111 0.0364583 0.192593 0.277457
0 0.242708 0.388889 0.01875 0.062963 0.281157
0 0.0239583 0.461111 0.0354167 0.192593 0.282651
0 0.311458 0.380556 0.01875 0.0722222 0.283908
0 0.721354 0.401852 0.0260417 0.0888889 0.285167
0 0.216667 0.401852 0.0208333 0.1 0.28816
0 0.479167 0.422222 0.0291667 0.125926 0.288356
0 0.240625 0.389815 0.01875 0.0648148 0.288462
0 0.311458 0.380556 0.01875 0.0722222 0.290872
13 0.428125 0.648148 0.252083 0.214815 0.291821
0 0.355729 0.39537 0.0177083 0.101852 0.296875
0 0.966667 0.575926 0.0666667 0.485185 0.29967
0 0.209375 0.398148 0.01875 0.107407 0.300205
0 0.311458 0.380556 0.01875 0.0722222 0.304085
0 0.355208 0.393519 0.0166667 0.0981481 0.306067
13 0.427604 0.647222 0.253125 0.212963 0.306308
0 0.241146 0.389815 0.0197917 0.0648148 0.309746
0 0.209896 0.399074 0.0197917 0.105556 0.310361
0 0.435937 0.407407 0.0510417 0.103704 0.311871
13 0.328125 0.469444 0.0916667 0.087037 0.313368
0 0.507812 0.405556 0.028125 0.133333 0.314345
13 0.327604 0.469444 0.090625 0.087037 0.316734
0 0.414062 0.402778 0.0260417 0.124074 0.31984
13 0.329167 0.469444 0.0895833 0.087037 0.320172
0 0.215104 0.401852 0.0197917 0.0962963 0.322005
0 0.216667 0.400926 0.01875 0.0981481 0.323156
0 0.217187 0.400926 0.0197917 0.0981481 0.325259
0 0.209896 0.399074 0.0197917 0.105556 0.326303
0 0.355729 0.39537 0.021875 0.0944444 0.330655
0 0.355208 0.39537 0.0166667 0.101852 0.33432
13 0.330729 0.469444 0.090625 0.0833333 0.334949
13 0.425521 0.643519 0.248958 0.212963 0.335401
0 0.240625 0.389815 0.01875 0.0611111 0.335476
0 0.967188 0.57963 0.065625 0.485185 0.339912
13 0.330208 0.469444 0.0895833 0.0833333 0.342557
0 0.492708 0.418519 0.0479167 0.144444 0.346089
13 0.425521 0.643519 0.251042 0.209259 0.346774
0 0.492708 0.419444 0.0458333 0.146296 0.353345
13 0.33125 0.47037 0.0895833 0.0851852 0.361191
0 0.414583 0.401852 0.025 0.125926 0.362457
0 0.414583 0.402778 0.025 0.124074 0.36289
0 0.479167 0.422222 0.0291667 0.140741 0.380525
0 0.479688 0.422222 0.028125 0.137037 0.382932
0 0.357812 0.396296 0.0197917 0.0962963 0.382946
0 0.453125 0.405556 0.01875 0.0925926 0.393749
0 0.492708 0.418519 0.0458333 0.144444 0.398056
0 0.0145833 0.459259 0.0291667 0.196296 0.407593
0 0.356771 0.396296 0.021875 0.0962963 0.408294
0 0.0140625 0.459259 0.028125 0.192593 0.416463
0 0.453125 0.394444 0.01875 0.0814815 0.423969
0 0.453125 0.40463 0.01875 0.0944444 0.43761
0 0.966146 0.577778 0.0677083 0.485185 0.442157
0 0.453125 0.40463 0.01875 0.0944444 0.443368
0 0.102604 0.426852 0.0260417 0.127778 0.454773
0 0.453125 0.394444 0.01875 0.0814815 0.455656
0 0.102604 0.425926 0.0260417 0.125926 0.460381
0 0.453125 0.394444 0.01875 0.0814815 0.466827
0 0.102604 0.426852 0.0260417 0.124074 0.469553
0 0.102083 0.426852 0.0270833 0.12037 0.470189
0 0.507812 0.406481 0.0260417 0.142593 0.480056
0 0.507812 0.406481 0.0260417 0.142593 0.482476
0 0.50625 0.405556 0.0270833 0.137037 0.485029
0 0.50625 0.406481 0.0270833 0.138889 0.486762
0 0.478125 0.428704 0.0333333 0.157407 0.499449
0 0.356771 0.393519 0.0177083 0.105556 0.524152
0 0.452083 0.397222 0.01875 0.087037 0.525322
0 0.356771 0.393519 0.0177083 0.105556 0.530129
0 0.102083 0.427778 0.0270833 0.118519 0.532875
0 0.356771 0.394444 0.0177083 0.103704 0.540659
0 0.505729 0.405556 0.0260417 0.133333 0.550131
0 0.0182292 0.459259 0.0364583 0.188889 0.556459
0 0.0161458 0.459259 0.0322917 0.196296 0.557761
0 0.419792 0.403704 0.01875 0.118519 0.560217
0 0.419792 0.403704 0.01875 0.118519 0.562239
0 0.0203125 0.461111 0.0385417 0.192593 0.562914
0 0.452604 0.398148 0.0197917 0.0888889 0.567927
0 0.0161458 0.459259 0.0322917 0.196296 0.568347
0 0.506771 0.406481 0.0260417 0.138889 0.571387
0 0.0203125 0.462037 0.0385417 0.194444 0.575032
0 0.419792 0.40463 0.01875 0.116667 0.57998
0 0.506771 0.405556 0.0260417 0.137037 0.583956
0 0.452604 0.398148 0.0197917 0.0888889 0.584141
0 0.102604 0.426852 0.0260417 0.12037 0.595086
0 0.480729 0.42963 0.0302083 0.159259 0.597338
0 0.0203125 0.461111 0.0385417 0.192593 0.597772
0 0.506771 0.409259 0.0239583 0.133333 0.606482
0 0.102604 0.427778 0.0260417 0.122222 0.609422
0 0.01875 0.460185 0.0375 0.190741 0.609444
0 0.0166667 0.459259 0.0333333 0.192593 0.611606
0 0.102604 0.427778 0.028125 0.122222 0.613295
0 0.480729 0.42963 0.0302083 0.159259 0.617736
0 0.41875 0.40463 0.0229167 0.12037 0.622068
0 0.0166667 0.460185 0.0333333 0.194444 0.62252
0 0.0182292 0.460185 0.0364583 0.190741 0.624279
0 0.966667 0.577778 0.0666667 0.503704 0.625625
0 0.452604 0.400926 0.0197917 0.0981481 0.637633
0 0.01875 0.460185 0.0375 0.190741 0.638928
0 0.453125 0.399074 0.01875 0.0907407 0.639721
0 0.0182292 0.460185 0.0364583 0.190741 0.6461
0 0.418229 0.40463 0.021875 0.12037 0.647373
0 0.966667 0.578704 0.0666667 0.509259 0.651872
0 0.419271 0.407407 0.021875 0.114815 0.653368
0 0.419271 0.406481 0.0197917 0.112963 0.654922
0 0.41875 0.40463 0.0229167 0.12037 0.656139
0 0.01875 0.461111 0.0375 0.192593 0.66255
0 0.452604 0.399074 0.0197917 0.0907407 0.666242
0 0.419271 0.406481 0.0197917 0.112963 0.670851
0 0.452604 0.399074 0.0197917 0.0907407 0.673295
0 0.102604 0.426852 0.0260417 0.12037 0.677116
0 0.103125 0.425926 0.025 0.118519 0.679913
0 0.419271 0.407407 0.0197917 0.111111 0.682547
0 0.102083 0.427778 0.0270833 0.122222 0.695706
0 0.41875 0.407407 0.0229167 0.114815 0.712916
0 0.103125 0.425926 0.025 0.118519 0.71681
0 0.103125 0.425926 0.025 0.118519 0.717447
0 0.480729 0.427778 0.0322917 0.151852 0.724109
0 0.506771 0.408333 0.0239583 0.138889 0.730907
0 0.506771 0.408333 0.0239583 0.138889 0.732451
0 0.480208 0.428704 0.03125 0.153704 0.737597
0 0.50625 0.406481 0.025 0.138889 0.738229
0 0.102604 0.427778 0.0260417 0.118519 0.738672
0 0.966146 0.577778 0.0677083 0.503704 0.746459
0 0.50625 0.405556 0.025 0.137037 0.747187
0 0.966146 0.577778 0.0677083 0.503704 0.749233
0 0.102604 0.427778 0.0260417 0.122222 0.750989
0 0.479688 0.431481 0.0302083 0.151852 0.769895
0 0.480208 0.428704 0.03125 0.153704 0.769992
0 0.480208 0.431481 0.0291667 0.151852 0.771545
0 0.50625 0.405556 0.025 0.137037 0.782124
0 0.966146 0.575 0.0677083 0.490741 0.786458
0 0.50625 0.407407 0.025 0.137037 0.790686
0 0.965625 0.576852 0.06875 0.490741 0.792153
0 0.479688 0.432407 0.0302083 0.157407 0.798389
0 0.479688 0.431481 0.0302083 0.155556 0.802069
0 0.102604 0.425926 0.0260417 0.122222 0.803689
0 0.965625 0.575926 0.06875 0.488889 0.804876
0 0.102604 0.425926 0.0260417 0.118519 0.810031
0 0.967188 0.581481 0.065625 0.507407 0.810207
0 0.102604 0.425926 0.0260417 0.118519 0.814947
0 0.966146 0.576852 0.0677083 0.490741 0.826277
0 0.966667 0.582407 0.0666667 0.501852 0.841552
0 0.965625 0.577778 0.06875 0.488889 0.857184
0 0.965625 0.576852 0.06875 0.487037 0.879413
