0 0.253125 0.376852 0.0125 0.0685185 0.250954
0 0.268229 0.384259 0.0197917 0.0981481 0.251672
0 0.473437 0.372222 0.028125 0.0962963 0.254341
0 0.266146 0.385185 0.0260417 0.0925926 0.25817
0 0.473437 0.373148 0.0260417 0.0981481 0.26033
0 0.0229167 0.441667 0.0458333 0.227778 0.263955
0 0.253125 0.376852 0.0125 0.0685185 0.264489
0 0.384896 0.348148 0.0239583 0.0851852 0.267331
0 0.420833 0.37037 0.0270833 0.122222 0.270519
0 0.472917 0.372222 0.0270833 0.1 0.275228
0 0.382812 0.348148 0.0177083 0.0851852 0.276937
0 0.821354 0.393519 0.0302083 0.15 0.279517
0 0.382812 0.348148 0.0177083 0.0851852 0.290668
0 0.821354 0.393519 0.0302083 0.15 0.29257
0 0.382812 0.348148 0.0177083 0.0851852 0.294139
0 0.81875 0.396296 0.025 0.151852 0.299142
0 0.327604 0.37037 0.0260417 0.111111 0.301483
0 0.255729 0.385185 0.015625 0.0925926 0.312292
0 0.382812 0.348148 0.0177083 0.0851852 0.317907
0 0.471875 0.373148 0.0354167 0.101852 0.319197
0 0.81875 0.39537 0.025 0.15 0.319338
0 0.819792 0.396296 0.0270833 0.151852 0.320594
0 0.25625 0.384259 0.0145833 0.087037 0.322352
0 0.420833 0.371296 0.0270833 0.124074 0.32339
0 0.460938 0.37037 0.0197917 0.111111 0.3271
0 0.327604 0.37037 0.0260417 0.114815 0.334018
0 0.821354 0.394444 0.028125 0.148148 0.336043
0 0.327604 0.37037 0.0260417 0.114815 0.338988
0 0.460938 0.372222 0.0197917 0.118519 0.340413
0 0.269271 0.386111 0.0197917 0.101852 0.344017
0 0.460938 0.371296 0.0197917 0.12037 0.34746
0 0.420833 0.369444 0.0270833 0.12037 0.354904
0 0.460938 0.366667 0.0177083 0.122222 0.355292
0 0.821875 0.393519 0.0291667 0.15 0.356321
0 0.460938 0.372222 0.0197917 0.118519 0.357076
0 0.269792 0.385185 0.01875 0.1 0.359262
0 0.270312 0.385185 0.0177083 0.1 0.364394
0 0.255729 0.386111 0.0135417 0.0907407 0.365297
0 0.172917 0.394444 0.0270833 0.122222 0.369023
0 0.254687 0.385185 0.015625 0.0925926 0.372516
0 0.821875 0.393519 0.0291667 0.15 0.375269
0 0.328646 0.378704 0.028125 0.131481 0.38198
0 0.461458 0.366667 0.01875 0.122222 0.382532
0 0.821875 0.393519 0.0291667 0.15 0.384773
0 0.255729 0.385185 0.0135417 0.0925926 0.392093
0 0.327083 0.380556 0.0270833 0.124074 0.397168
0 0.460938 0.366667 0.0177083 0.122222 0.398349
0 0.586458 0.384259 0.0333333 0.172222 0.40617
0 0.420833 0.37037 0.0270833 0.125926 0.410502
0 0.327604 0.376852 0.028125 0.124074 0.418193
0 0.586458 0.384259 0.0354167 0.175926 0.427036
0 0.586458 0.384259 0.0354167 0.172222 0.437493
0 0.327083 0.381481 0.0270833 0.125926 0.439997
0 0.327083 0.381481 0.0270833 0.125926 0.440741
0 0.420833 0.37037 0.0229167 0.118519 0.442057
0 0.173438 0.394444 0.028125 0.118519 0.445338
0 0.328125 0.378704 0.0270833 0.127778 0.451327
0 0.172917 0.392593 0.025 0.118519 0.452373
0 0.521354 0.396296 0.034375 0.151852 0.455644
0 0.254687 0.386111 0.0135417 0.0907407 0.456316
0 0.421875 0.375 0.025 0.12037 0.457387
0 0.172917 0.394444 0.0270833 0.122222 0.457904
0 0.172917 0.394444 0.0270833 0.122222 0.468693
0 0.328646 0.378704 0.028125 0.127778 0.469259
0 0.327604 0.377778 0.028125 0.125926 0.470527
0 0.421354 0.375 0.0239583 0.12037 0.47168
0 0.421354 0.375 0.0239583 0.12037 0.474818
0 0.254687 0.386111 0.0135417 0.0907407 0.476267
0 0.328646 0.37963 0.028125 0.12963 0.478615
0 0.521875 0.396296 0.0333333 0.151852 0.482153
0 0.328125 0.376852 0.0270833 0.124074 0.487494
0 0.520312 0.393519 0.0322917 0.153704 0.494673
0 0.520312 0.393519 0.0322917 0.153704 0.498899
0 0.421354 0.37037 0.0260417 0.118519 0.505573
0 0.328125 0.377778 0.0270833 0.12963 0.511886
0 0.588542 0.384259 0.0354167 0.172222 0.514129
0 0.172917 0.393519 0.025 0.12037 0.51541
0 0.172917 0.393519 0.025 0.12037 0.516653
0 0.589063 0.385185 0.034375 0.174074 0.528716
0 0.421354 0.371296 0.0260417 0.112963 0.533057
0 0.589063 0.384259 0.034375 0.172222 0.53457
0 0.421354 0.371296 0.0260417 0.112963 0.537968
0 0.173438 0.394444 0.0260417 0.118519 0.542546
0 0.172917 0.393519 0.0270833 0.12037 0.556145
0 0.327604 0.377778 0.0260417 0.125926 0.567616
0 0.420833 0.37037 0.025 0.118519 0.569152
0 0.480208 0.372222 0.0208333 0.0851852 0.570774
0 0.420833 0.371296 0.025 0.124074 0.577516
0 0.480208 0.371296 0.0208333 0.087037 0.583942
0 0.480208 0.372222 0.0208333 0.0851852 0.592437
0 0.586979 0.387037 0.0322917 0.17037 0.593925
0 0.480208 0.373148 0.0208333 0.0907407 0.604259
0 0.421354 0.371296 0.0239583 0.12037 0.606954
0 0.421354 0.371296 0.0239583 0.12037 0.609842
0 0.421354 0.371296 0.0239583 0.12037 0.611162
0 0.586979 0.387037 0.0322917 0.17037 0.613758
0 0.173438 0.394444 0.0260417 0.122222 0.619568
0 0.173438 0.394444 0.0260417 0.122222 0.623673
0 0.173438 0.394444 0.0260417 0.122222 0.625711
0 0.5875 0.385185 0.0354167 0.17037 0.646719
0 0.172396 0.394444 0.0239583 0.122222 0.650042
0 0.480729 0.37037 0.0197917 0.0888889 0.652081
0 0.5875 0.387963 0.0333333 0.175926 0.657485
0 0.327604 0.378704 0.0260417 0.127778 0.658505
0 0.480729 0.37037 0.0197917 0.0888889 0.661996
0 0.5875 0.385185 0.0354167 0.17037 0.666067
0 0.480208 0.372222 0.0208333 0.0925926 0.667239
0 0.5875 0.387963 0.0333333 0.175926 0.673884
0 0.480729 0.371296 0.0197917 0.0907407 0.674569
0 0.327604 0.378704 0.0260417 0.127778 0.683203
0 0.327604 0.37963 0.0260417 0.125926 0.686086
0 0.5875 0.385185 0.0354167 0.17037 0.687042
0 0.933333 0.585185 0.127083 0.57037 0.695012
0 0.519792 0.397222 0.03125 0.157407 0.701604
0 0.519792 0.397222 0.03125 0.157407 0.702328
0 0.520312 0.396296 0.0322917 0.159259 0.709001
0 0.586979 0.386111 0.034375 0.168519 0.709263
0 0.0197917 0.437963 0.0395833 0.224074 0.711528
0 0.520312 0.396296 0.0322917 0.159259 0.71431
0 0.520833 0.39537 0.0333333 0.157407 0.714536
0 0.0197917 0.436111 0.0395833 0.224074 0.716785
0 0.520833 0.39537 0.0333333 0.157407 0.719024
0 0.932813 0.585185 0.128125 0.574074 0.719215
0 0.520312 0.396296 0.0322917 0.159259 0.719468
0 0.0197917 0.438889 0.0395833 0.225926 0.723272
0 0.0197917 0.437963 0.0395833 0.224074 0.723435
0 0.586979 0.386111 0.034375 0.168519 0.724878
0 0.0197917 0.436111 0.0395833 0.224074 0.728052
0 0.588021 0.386111 0.034375 0.172222 0.733116
0 0.172917 0.39537 0.025 0.116667 0.733271
0 0.521354 0.39537 0.0322917 0.157407 0.741325
0 0.520312 0.39537 0.0322917 0.157407 0.742454
0 0.173438 0.394444 0.0239583 0.118519 0.746332
0 0.588021 0.386111 0.034375 0.172222 0.747723
0 0.173958 0.394444 0.025 0.122222 0.749219
0 0.172917 0.394444 0.025 0.118519 0.762684
0 0.520312 0.39537 0.0322917 0.157407 0.763045
0 0.520833 0.396296 0.0333333 0.155556 0.763691
0 0.173958 0.394444 0.025 0.118519 0.764009
0 0.0203125 0.439815 0.040625 0.224074 0.783418
0 0.0203125 0.438889 0.040625 0.222222 0.786754
0 0.932813 0.575926 0.132292 0.566667 0.78679
0 0.0197917 0.439815 0.0395833 0.22037 0.792058
0 0.932813 0.576852 0.130208 0.572222 0.7923
0 0.5875 0.386111 0.0333333 0.172222 0.797901
0 0.0203125 0.438889 0.040625 0.222222 0.80599
0 0.0197917 0.439815 0.0395833 0.22037 0.807702
0 0.932292 0.576852 0.135417 0.561111 0.814452
0 0.932292 0.578704 0.135417 0.561111 0.814504
0 0.0197917 0.439815 0.0395833 0.22037 0.816009
0 0.5875 0.386111 0.0333333 0.172222 0.819298
0 0.0203125 0.437963 0.040625 0.224074 0.823334
0 0.0203125 0.437963 0.040625 0.224074 0.833978
0 0.5875 0.386111 0.0333333 0.172222 0.84004
0 0.931771 0.583333 0.130208 0.57037 0.872631
0 0.931771 0.583333 0.130208 0.57037 0.902797
0 0.93125 0.57963 0.13125 0.562963 0.910711
0 0.93125 0.57963 0.129167 0.566667 0.921681
0 0.933333 0.585185 0.13125 0.574074 0.924387
0 0.933333 0.585185 0.13125 0.574074 0.926592
