0 0.586979 0.34537 0.015625 0.0722222 0.256345
0 0.415104 0.334259 0.0177083 0.0907407 0.258208
0 0.417188 0.334259 0.0177083 0.0907407 0.265603
0 0.358333 0.338889 0.0166667 0.062963 0.267086
0 0.560417 0.381481 0.0270833 0.125926 0.274144
0 0.477083 0.380556 0.0291667 0.135185 0.27561
0 0.415625 0.337037 0.0166667 0.0851852 0.280833
0 0.357292 0.337963 0.0145833 0.0685185 0.281791
0 0.357812 0.337963 0.0177083 0.0611111 0.281792
0 0.415625 0.337037 0.0166667 0.0814815 0.282126
0 0.357812 0.338889 0.015625 0.062963 0.284549
0 0.539583 0.384259 0.0479167 0.116667 0.285076
0 0.559896 0.391667 0.028125 0.116667 0.287767
0 0.436979 0.371296 0.0322917 0.164815 0.300141
0 0.560417 0.385185 0.0270833 0.118519 0.303536
0 0.559896 0.391667 0.028125 0.116667 0.303919
0 0.586979 0.344444 0.015625 0.0703704 0.304817
0 0.559896 0.390741 0.028125 0.114815 0.305642
0 0.539062 0.385185 0.046875 0.114815 0.310242
0 0.436458 0.371296 0.03125 0.164815 0.313115
0 0.357812 0.338889 0.015625 0.062963 0.316221
0 0.415625 0.336111 0.0166667 0.0833333 0.321363
0 0.586979 0.344444 0.015625 0.0703704 0.325481
0 0.540625 0.384259 0.0208333 0.116667 0.333807
0 0.357812 0.338889 0.015625 0.062963 0.335437
0 0.586979 0.342593 0.015625 0.0703704 0.335498
0 0.357292 0.339815 0.0145833 0.0648148 0.335969
0 0.540625 0.383333 0.01875 0.114815 0.33858
0 0.540104 0.384259 0.0197917 0.116667 0.339471
0 0.558333 0.387963 0.0291667 0.116667 0.341474
0 0.560417 0.385185 0.0270833 0.118519 0.344616
0 0.539583 0.384259 0.0479167 0.116667 0.348642
0 0.560417 0.385185 0.0270833 0.118519 0.349968
0 0.357292 0.338889 0.0145833 0.062963 0.35461
0 0.588542 0.34537 0.0145833 0.0759259 0.354731
0 0.530729 0.385185 0.0302083 0.118519 0.362132
0 0.436979 0.374074 0.0302083 0.162963 0.370225
0 0.436458 0.374074 0.0291667 0.162963 0.373133
0 0.476562 0.383333 0.0302083 0.137037 0.376675
0 0.586979 0.343519 0.015625 0.0722222 0.376772
0 0.530729 0.386111 0.0302083 0.116667 0.378586
0 0.476562 0.383333 0.0302083 0.137037 0.385148
0 0.530729 0.386111 0.0302083 0.116667 0.386533
0 0.558333 0.388889 0.0291667 0.114815 0.389043
0 0.530208 0.381481 0.0333333 0.122222 0.396623
0 0.586979 0.342593 0.015625 0.0703704 0.40027
0 0.636458 0.37037 0.0291667 0.133333 0.406494
0 0.439583 0.373148 0.03125 0.168519 0.412409
0 0.00833333 0.372222 0.0166667 0.111111 0.415003
0 0.436458 0.373148 0.0291667 0.161111 0.415439
0 0.53125 0.382407 0.0333333 0.12037 0.419866
0 0.530208 0.382407 0.0333333 0.12037 0.423138
0 0.6375 0.365741 0.0291667 0.127778 0.426415
0 0.439063 0.373148 0.0322917 0.168519 0.42983
0 0.529688 0.382407 0.0322917 0.12037 0.432916
0 0.529688 0.383333 0.0302083 0.118519 0.444889
0 0.636458 0.37037 0.0291667 0.133333 0.446231
0 0.00833333 0.373148 0.0166667 0.116667 0.448318
0 0.558854 0.388889 0.028125 0.114815 0.454573
0 0.636458 0.37037 0.0291667 0.133333 0.461424
0 0.00833333 0.373148 0.0166667 0.116667 0.468494
0 0.557813 0.389815 0.028125 0.112963 0.47396
0 0.792188 0.382407 0.0447917 0.198148 0.481449
0 0.558333 0.387963 0.025 0.116667 0.4826
0 0.530208 0.381481 0.03125 0.114815 0.492977
0 0.790625 0.380556 0.0520833 0.198148 0.494079
0 0.792188 0.382407 0.0447917 0.201852 0.494241
0 0.636458 0.365741 0.0291667 0.131481 0.494252
0 0.790625 0.380556 0.0520833 0.201852 0.498157
0 0.557813 0.389815 0.028125 0.112963 0.498904
0 0.558333 0.387963 0.025 0.116667 0.507577
0 0.559375 0.387963 0.025 0.116667 0.507819
0 0.557813 0.389815 0.028125 0.112963 0.509877
0 0.530729 0.382407 0.0322917 0.112963 0.510207
0 0.636979 0.367593 0.028125 0.131481 0.511502
0 0.589583 0.34537 0.0125 0.0722222 0.514336
0 0.589583 0.344444 0.0125 0.0703704 0.515891
0 0.530729 0.382407 0.0322917 0.112963 0.520337
0 0.530208 0.383333 0.03125 0.118519 0.535744
0 0.790625 0.382407 0.0479167 0.198148 0.543481
0 0.589583 0.342593 0.0125 0.0740741 0.556424
0 0.790104 0.382407 0.0510417 0.198148 0.556771
0 0.589583 0.341667 0.0125 0.0722222 0.55715
0 0.6375 0.365741 0.0291667 0.138889 0.560294
0 0.6375 0.365741 0.0291667 0.135185 0.568895
0 0.636458 0.366667 0.0270833 0.133333 0.569565
0 0.790104 0.382407 0.0489583 0.198148 0.571441
0 0.0104167 0.373148 0.0208333 0.124074 0.590966
0 0.790104 0.383333 0.0510417 0.196296 0.604773
0 0.476042 0.384259 0.0291667 0.15 0.611836
0 0.790625 0.382407 0.0479167 0.198148 0.613049
0 0.636979 0.367593 0.028125 0.131481 0.620898
0 0.0104167 0.373148 0.0208333 0.12037 0.622285
0 0.477083 0.382407 0.0291667 0.146296 0.62312
0 0.790625 0.383333 0.0520833 0.192593 0.624745
0 0.477083 0.382407 0.0291667 0.146296 0.625321
0 0.0104167 0.373148 0.0208333 0.12037 0.626954
0 0.789583 0.383333 0.0479167 0.2 0.62763
0 0.636979 0.367593 0.028125 0.131481 0.632012
0 0.009375 0.373148 0.01875 0.12037 0.634423
0 0.476042 0.383333 0.0291667 0.148148 0.641883
0 0.009375 0.372222 0.01875 0.118519 0.656428
0 0.476042 0.384259 0.0291667 0.146296 0.657479
0 0.477083 0.382407 0.0291667 0.146296 0.661706
0 0.009375 0.372222 0.01875 0.118519 0.663974
0 0.635938 0.365741 0.0302083 0.135185 0.66475
0 0.476562 0.384259 0.0302083 0.146296 0.675243
0 0.635938 0.366667 0.0302083 0.133333 0.677618
0 0.790104 0.382407 0.0489583 0.198148 0.677736
0 0.477083 0.383333 0.03125 0.144444 0.68681
0 0.791146 0.383333 0.0489583 0.2 0.693436
0 0.636458 0.368519 0.0291667 0.12963 0.695175
0 0.009375 0.375926 0.01875 0.122222 0.695463
0 0.635938 0.367593 0.028125 0.135185 0.702505
0 0.789583 0.383333 0.0479167 0.2 0.708662
0 0.635938 0.367593 0.028125 0.135185 0.714038
0 0.438021 0.374074 0.0322917 0.162963 0.714459
0 0.791146 0.382407 0.046875 0.201852 0.716239
0 0.4375 0.374074 0.03125 0.162963 0.723689
0 0.636458 0.368519 0.0291667 0.12963 0.733811
0 0.791146 0.382407 0.046875 0.198148 0.734306
0 0.009375 0.375926 0.01875 0.122222 0.737251
0 0.636458 0.368519 0.0291667 0.12963 0.745704
0 0.636458 0.368519 0.0291667 0.12963 0.751534
0 0.636458 0.369444 0.0291667 0.131481 0.764837
0 0.438021 0.375 0.0322917 0.164815 0.770221
0 0.636979 0.368519 0.028125 0.12963 0.770518
0 0.477604 0.383333 0.0302083 0.148148 0.772442
0 0.477083 0.381481 0.0291667 0.148148 0.775966
0 0.477083 0.381481 0.0291667 0.148148 0.776239
0 0.789583 0.380556 0.0479167 0.201852 0.784919
0 0.477083 0.383333 0.0291667 0.148148 0.79186
0 0.790104 0.380556 0.046875 0.205556 0.795098
0 0.477083 0.383333 0.0291667 0.148148 0.801687
0 0.476562 0.383333 0.0302083 0.144444 0.81368
0 0.477083 0.384259 0.03125 0.142593 0.817486
0 0.4375 0.375926 0.03125 0.166667 0.817639
0 0.438542 0.375926 0.03125 0.166667 0.818623
0 0.438542 0.375926 0.03125 0.166667 0.836482
0 0.4375 0.373148 0.03125 0.161111 0.852505
0 0.4375 0.373148 0.03125 0.164815 0.855329
0 0.438021 0.374074 0.0322917 0.166667 0.86381
0 0.438021 0.374074 0.0322917 0.162963 0.864499
