0 0.789583 0.381481 0.0270833 0.133333 0.251724
9 0.395833 0.0453704 0.0333333 0.0907407 0.255499
24 0.978125 0.478704 0.04375 0.216667 0.260436
9 0.392188 0.0472222 0.040625 0.0944444 0.26348
9 0.395833 0.0453704 0.0354167 0.0907407 0.269243
0 0.291667 0.391667 0.0333333 0.15 0.270077
0 0.292188 0.391667 0.0322917 0.15 0.270309
26 0.904167 0.502778 0.0395833 0.153704 0.271527
9 0.395312 0.0453704 0.0364583 0.0907407 0.271931
0 0.292188 0.391667 0.0322917 0.146296 0.2726
0 0.0598958 0.392593 0.0177083 0.0925926 0.278147
26 0.904167 0.501852 0.0395833 0.151852 0.281369
9 0.391667 0.0472222 0.0395833 0.0944444 0.281751
0 0.129167 0.4 0.0229167 0.111111 0.28222
0 0.291146 0.391667 0.0302083 0.153704 0.283145
24 0.978125 0.477778 0.04375 0.211111 0.283206
0 0.291146 0.391667 0.0302083 0.153704 0.28558
0 0.130729 0.40463 0.0239583 0.131481 0.286724
9 0.391146 0.0472222 0.0427083 0.0944444 0.289742
0 0.383854 0.377778 0.0260417 0.118519 0.29157
24 0.978125 0.476852 0.04375 0.212963 0.291632
13 0.383333 0.785185 0.33125 0.418519 0.29819
0 0.0604167 0.391667 0.0166667 0.0944444 0.299669
0 0.291667 0.387037 0.03125 0.137037 0.30021
0 0.130729 0.40463 0.0260417 0.124074 0.302407
9 0.391667 0.0472222 0.0416667 0.0944444 0.303064
26 0.904167 0.502778 0.0395833 0.153704 0.304328
13 0.383333 0.785185 0.333333 0.418519 0.30825
0 0.129167 0.4 0.025 0.111111 0.309653
0 0.0609375 0.392593 0.0177083 0.0962963 0.311448
9 0.392708 0.0472222 0.0375 0.0944444 0.31159
0 0.130729 0.40463 0.0239583 0.135185 0.311918
0 0.130729 0.40463 0.0239583 0.135185 0.312321
13 0.383854 0.786111 0.332292 0.416667 0.312441
24 0.980208 0.477778 0.0395833 0.214815 0.313943
0 0.129688 0.4 0.0239583 0.111111 0.319347
0 0.427083 0.375 0.0229167 0.101852 0.319601
24 0.979688 0.477778 0.040625 0.218519 0.320156
0 0.955729 0.553704 0.0885417 0.585185 0.321888
0 0.426562 0.375 0.0239583 0.101852 0.323744
0 0.0604167 0.391667 0.0166667 0.0944444 0.323759
0 0.291146 0.386111 0.0322917 0.142593 0.326293
0 0.867188 0.560185 0.105208 0.561111 0.327052
24 0.980208 0.476852 0.0395833 0.212963 0.330164
0 0.291146 0.388889 0.0302083 0.137037 0.332322
0 0.383854 0.377778 0.0239583 0.122222 0.333716
0 0.0598958 0.393519 0.0177083 0.101852 0.337116
0 0.291146 0.386111 0.0322917 0.138889 0.337593
0 0.0598958 0.394444 0.0177083 0.1 0.339203
0 0.426562 0.375 0.0239583 0.101852 0.340096
0 0.13125 0.40463 0.025 0.116667 0.340679
0 0.290625 0.385185 0.03125 0.140741 0.340914
0 0.13125 0.402778 0.025 0.112963 0.346841
0 0.0598958 0.393519 0.0177083 0.101852 0.348287
0 0.442708 0.375926 0.0270833 0.0962963 0.353863
0 0.859896 0.575 0.0927083 0.557407 0.358154
0 0.383854 0.377778 0.0260417 0.118519 0.361574
0 0.859896 0.575926 0.0927083 0.562963 0.363561
0 0.383854 0.374074 0.0239583 0.111111 0.364272
0 0.383854 0.374074 0.0239583 0.111111 0.371824
26 0.902604 0.494444 0.040625 0.174074 0.375086
26 0.902604 0.49537 0.040625 0.172222 0.375763
0 0.383854 0.374074 0.0239583 0.111111 0.385054
0 0.289583 0.386111 0.03125 0.15 0.386771
26 0.902604 0.49537 0.040625 0.172222 0.389115
0 0.383333 0.378704 0.025 0.12037 0.399258
0 0.479167 0.397222 0.0270833 0.157407 0.400175
0 0.479167 0.397222 0.0270833 0.161111 0.40093
0 0.289583 0.386111 0.03125 0.15 0.403649
0 0.424479 0.377778 0.021875 0.114815 0.408026
0 0.559896 0.387963 0.0322917 0.190741 0.409602
0 0.425 0.377778 0.0208333 0.118519 0.414908
0 0.95625 0.555556 0.0875 0.57037 0.415453
0 0.132292 0.403704 0.0208333 0.118519 0.421636
0 0.559896 0.387037 0.0322917 0.188889 0.423466
0 0.425 0.378704 0.0208333 0.116667 0.42745
0 0.445312 0.374074 0.0197917 0.0925926 0.433341
0 0.445312 0.375 0.0239583 0.0907407 0.436634
0 0.132812 0.402778 0.021875 0.116667 0.437475
0 0.866667 0.573148 0.10625 0.590741 0.439365
0 0.425 0.377778 0.0208333 0.114815 0.440265
0 0.866667 0.574074 0.10625 0.596296 0.442507
0 0.132292 0.403704 0.0208333 0.118519 0.445431
0 0.449479 0.374074 0.0177083 0.0888889 0.453347
0 0.448958 0.374074 0.01875 0.0888889 0.459502
0 0.445312 0.375 0.0197917 0.0944444 0.462356
0 0.448958 0.374074 0.01875 0.0888889 0.467097
0 0.445312 0.374074 0.0197917 0.0925926 0.470094
0 0.382812 0.378704 0.0239583 0.12037 0.485775
0 0.478646 0.396296 0.0322917 0.155556 0.528271
0 0.866146 0.571296 0.107292 0.572222 0.577481
0 0.480208 0.392593 0.0291667 0.159259 0.586734
0 0.291667 0.390741 0.03125 0.144444 0.59316
0 0.384375 0.377778 0.025 0.114815 0.593394
0 0.479688 0.393519 0.028125 0.157407 0.594098
0 0.384375 0.377778 0.025 0.114815 0.594808
0 0.384375 0.377778 0.025 0.118519 0.597828
0 0.865625 0.573148 0.10625 0.575926 0.603387
0 0.291667 0.390741 0.03125 0.144444 0.603692
0 0.130729 0.40463 0.0239583 0.112963 0.605075
0 0.13125 0.40463 0.0229167 0.116667 0.605726
0 0.445833 0.372222 0.0208333 0.0925926 0.613428
0 0.481771 0.396296 0.028125 0.159259 0.61452
0 0.13125 0.402778 0.0229167 0.12037 0.614927
0 0.13125 0.402778 0.0229167 0.12037 0.622181
0 0.291667 0.388889 0.03125 0.144444 0.622257
0 0.13125 0.40463 0.0229167 0.12037 0.625242
0 0.481771 0.39537 0.028125 0.157407 0.625252
0 0.445833 0.373148 0.0208333 0.0944444 0.634898
0 0.445833 0.373148 0.0208333 0.0944444 0.640271
0 0.13125 0.402778 0.0229167 0.12037 0.641576
0 0.560417 0.385185 0.0354167 0.181481 0.642385
0 0.560417 0.385185 0.0354167 0.181481 0.654201
0 0.559896 0.386111 0.034375 0.187037 0.664226
0 0.383854 0.377778 0.0239583 0.118519 0.667545
0 0.291667 0.387037 0.03125 0.144444 0.669174
0 0.560417 0.385185 0.0354167 0.181481 0.673434
0 0.383854 0.378704 0.0239583 0.116667 0.673778
0 0.291146 0.389815 0.0302083 0.142593 0.67437
0 0.560417 0.387037 0.0333333 0.188889 0.675436
0 0.291146 0.388889 0.0302083 0.144444 0.675479
0 0.291667 0.386111 0.03125 0.142593 0.678944
0 0.479688 0.394444 0.0302083 0.159259 0.691266
0 0.383333 0.375926 0.0229167 0.118519 0.695867
0 0.291146 0.388889 0.0302083 0.144444 0.700046
0 0.383333 0.375926 0.0229167 0.118519 0.700295
0 0.479688 0.394444 0.0302083 0.159259 0.700365
0 0.383333 0.375926 0.0229167 0.118519 0.701434
0 0.291146 0.389815 0.0302083 0.146296 0.703109
0 0.953646 0.562037 0.0927083 0.587037 0.703239
0 0.479688 0.393519 0.0302083 0.157407 0.703515
0 0.479688 0.39537 0.0302083 0.157407 0.705818
0 0.479688 0.39537 0.0302083 0.157407 0.707232
0 0.291146 0.389815 0.0302083 0.146296 0.709102
0 0.865625 0.575926 0.104167 0.577778 0.718237
0 0.479688 0.39537 0.0302083 0.157407 0.759851
0 0.559896 0.385185 0.034375 0.192593 0.76948
0 0.560417 0.384259 0.0333333 0.190741 0.774949
0 0.479688 0.393519 0.028125 0.157407 0.779435
0 0.953125 0.564815 0.09375 0.603704 0.781443
0 0.479167 0.393519 0.0291667 0.161111 0.784226
0 0.953125 0.564815 0.09375 0.603704 0.789712
0 0.559896 0.386111 0.034375 0.183333 0.797842
0 0.559896 0.387037 0.034375 0.181481 0.801876
0 0.559896 0.386111 0.034375 0.183333 0.804448
0 0.866146 0.575 0.103125 0.575926 0.812078
0 0.865625 0.575 0.104167 0.575926 0.813431
0 0.953125 0.562037 0.09375 0.587037 0.815681
0 0.866146 0.574074 0.103125 0.574074 0.823649
0 0.953125 0.563889 0.09375 0.590741 0.826662
0 0.559896 0.387037 0.034375 0.185185 0.835044
0 0.954687 0.555556 0.090625 0.6 0.83677
0 0.954687 0.560185 0.090625 0.598148 0.837313
0 0.559896 0.387963 0.034375 0.187037 0.843055
0 0.559896 0.387037 0.034375 0.185185 0.845371
0 0.559896 0.387963 0.034375 0.187037 0.847599
0 0.952604 0.558333 0.0947917 0.590741 0.853924
0 0.559896 0.386111 0.034375 0.187037 0.8599
0 0.866667 0.575926 0.104167 0.581481 0.874071
0 0.953125 0.563889 0.09375 0.594444 0.8754
0 0.866667 0.575 0.104167 0.57963 0.876748
0 0.952604 0.559259 0.0947917 0.592593 0.880128
0 0.865104 0.575926 0.105208 0.581481 0.89529
0 0.865104 0.574074 0.105208 0.585185 0.901273
