13 0.294792 0.47037 0.0791667 0.137037 0.250789
0 0.335938 0.401852 0.0260417 0.140741 0.252845
0 0.126563 0.381481 0.0197917 0.107407 0.253118
0 0.126042 0.380556 0.0208333 0.109259 0.256021
13 0.0989583 0.838889 0.183333 0.311111 0.256267
0 0.369271 0.367593 0.0135417 0.0388889 0.256933
13 0.0989583 0.838889 0.183333 0.311111 0.259287
0 0.369271 0.367593 0.0135417 0.0388889 0.25935
0 0.126563 0.380556 0.0197917 0.109259 0.261492
13 0.348958 0.5 0.175 0.17037 0.261512
0 0.453646 0.394444 0.028125 0.140741 0.262249
13 0.345313 0.487037 0.180208 0.159259 0.2635
0 0.46875 0.398148 0.05 0.125926 0.265691
24 0.963021 0.57963 0.0739583 0.251852 0.269834
13 0.35 0.508333 0.172917 0.172222 0.271993
0 0.256771 0.382407 0.0135417 0.0574074 0.275618
24 0.963021 0.57963 0.0739583 0.255556 0.275961
13 0.307292 0.471296 0.102083 0.146296 0.278336
0 0.452083 0.399074 0.0229167 0.124074 0.279097
24 0.963021 0.57963 0.0739583 0.255556 0.282871
0 0.257292 0.37963 0.0145833 0.0592593 0.285638
0 0.686458 0.437037 0.05 0.262963 0.287864
0 0.536458 0.409259 0.0270833 0.144444 0.288626
0 0.536979 0.409259 0.0260417 0.144444 0.288665
13 0.35 0.508333 0.175 0.172222 0.288965
0 0.127604 0.37963 0.021875 0.107407 0.289116
13 0.306771 0.471296 0.101042 0.146296 0.289986
26 0.820833 0.57037 0.0458333 0.114815 0.290673
0 0.776563 0.626852 0.123958 0.609259 0.290884
13 0.35 0.508333 0.175 0.172222 0.290957
0 0.256771 0.382407 0.0135417 0.0574074 0.291675
13 0.306771 0.471296 0.103125 0.146296 0.293663
24 0.958333 0.580556 0.0833333 0.257407 0.295006
0 0.452083 0.399074 0.0229167 0.124074 0.296281
0 0.3375 0.412037 0.0270833 0.131481 0.300939
24 0.934896 0.57963 0.119792 0.281481 0.302581
0 0.473437 0.398148 0.0447917 0.125926 0.303112
13 0.298438 0.468519 0.0864583 0.137037 0.303188
0 0.688542 0.444444 0.05 0.27037 0.305873
0 0.688542 0.444444 0.0520833 0.27037 0.308685
0 0.779167 0.638889 0.125 0.62963 0.313519
0 0.128646 0.377778 0.021875 0.111111 0.314012
0 0.452083 0.399074 0.0229167 0.124074 0.314372
0 0.257292 0.37963 0.0145833 0.0592593 0.315505
0 0.688542 0.444444 0.0520833 0.266667 0.318842
0 0.924479 0.641667 0.134375 0.638889 0.321013
26 0.820833 0.57037 0.0458333 0.118519 0.323026
24 0.939062 0.576852 0.109375 0.261111 0.325093
26 0.820833 0.57037 0.0458333 0.118519 0.325216
0 0.478125 0.39537 0.0270833 0.124074 0.328241
26 0.820312 0.562037 0.0447917 0.157407 0.329631
26 0.819792 0.553704 0.0520833 0.174074 0.330938
0 0.3375 0.412037 0.0270833 0.131481 0.333615
26 0.820833 0.562037 0.0458333 0.157407 0.334465
13 0.345833 0.501852 0.170833 0.17037 0.335081
24 0.959375 0.57963 0.0791667 0.259259 0.335927
0 0.473958 0.397222 0.0458333 0.127778 0.336108
0 0.452604 0.391667 0.021875 0.127778 0.336248
0 0.220833 0.385185 0.0208333 0.114815 0.337093
0 0.453646 0.393519 0.0260417 0.142593 0.342078
0 0.220833 0.385185 0.0208333 0.114815 0.343254
24 0.939062 0.577778 0.107292 0.259259 0.343517
0 0.219792 0.388889 0.025 0.114815 0.345788
0 0.128125 0.382407 0.0208333 0.101852 0.346684
0 0.220833 0.385185 0.0208333 0.114815 0.350824
0 0.532292 0.411111 0.03125 0.148148 0.352176
0 0.219792 0.387963 0.025 0.112963 0.355
0 0.127604 0.382407 0.021875 0.101852 0.355731
0 0.478125 0.396296 0.025 0.12963 0.358605
13 0.347917 0.481481 0.177083 0.17037 0.35924
24 0.933333 0.578704 0.120833 0.242593 0.359551
0 0.336979 0.40463 0.0239583 0.131481 0.360173
0 0.128125 0.382407 0.0208333 0.101852 0.360671
0 0.481771 0.394444 0.0260417 0.125926 0.361114
24 0.939583 0.575926 0.108333 0.255556 0.362596
0 0.921875 0.619444 0.129167 0.57963 0.36307
13 0.345833 0.501852 0.172917 0.174074 0.36597
13 0.345833 0.501852 0.172917 0.174074 0.367097
0 0.521875 0.397222 0.0229167 0.124074 0.369482
13 0.350521 0.480556 0.176042 0.146296 0.373676
0 0.478125 0.396296 0.025 0.12963 0.376633
26 0.820312 0.550926 0.046875 0.168519 0.379006
26 0.820833 0.550926 0.0479167 0.168519 0.380159
0 0.531771 0.410185 0.034375 0.15 0.381818
26 0.821875 0.562037 0.0458333 0.142593 0.382165
0 0.53125 0.411111 0.0354167 0.148148 0.383235
0 0.486979 0.393519 0.0260417 0.124074 0.385221
0 0.486458 0.393519 0.0270833 0.124074 0.388562
26 0.820833 0.550926 0.0479167 0.168519 0.394601
13 0.344792 0.482407 0.175 0.172222 0.396524
26 0.821875 0.562037 0.0458333 0.142593 0.39785
0 0.532292 0.411111 0.0354167 0.148148 0.397971
26 0.821875 0.562037 0.0458333 0.142593 0.398855
0 0.485938 0.393519 0.028125 0.124074 0.399347
0 0.338542 0.413889 0.025 0.12037 0.400957
0 0.532292 0.411111 0.03125 0.144444 0.40453
0 0.338542 0.413889 0.025 0.124074 0.407601
0 0.338021 0.412037 0.0239583 0.124074 0.408595
0 0.519271 0.391667 0.0177083 0.105556 0.412735
13 0.350521 0.480556 0.176042 0.15 0.412825
0 0.452604 0.396296 0.0239583 0.133333 0.415161
0 0.3375 0.412037 0.025 0.124074 0.417676
0 0.481771 0.394444 0.0260417 0.12963 0.420661
0 0.338542 0.413889 0.025 0.124074 0.421343
0 0.482292 0.39537 0.025 0.127778 0.426157
0 0.336979 0.409259 0.028125 0.12963 0.427421
0 0.48125 0.397222 0.0291667 0.127778 0.42752
0 0.3375 0.408333 0.0229167 0.127778 0.427566
0 0.519792 0.392593 0.01875 0.111111 0.433626
0 0.338542 0.412037 0.025 0.124074 0.435203
13 0.344271 0.489815 0.176042 0.187037 0.436344
0 0.923958 0.641667 0.135417 0.638889 0.438879
13 0.345313 0.481481 0.173958 0.166667 0.441232
0 0.519792 0.392593 0.01875 0.111111 0.444519
13 0.351042 0.481481 0.175 0.144444 0.445746
0 0.219792 0.386111 0.0208333 0.109259 0.453868
0 0.534375 0.413889 0.0270833 0.146296 0.465271
0 0.534896 0.412963 0.028125 0.144444 0.467598
0 0.518229 0.390741 0.0177083 0.111111 0.470077
0 0.531771 0.412963 0.034375 0.148148 0.472387
0 0.219792 0.390741 0.0229167 0.114815 0.473717
0 0.518229 0.390741 0.0177083 0.111111 0.474535
0 0.531771 0.412037 0.0302083 0.146296 0.47656
0 0.453125 0.39537 0.025 0.138889 0.484276
0 0.452604 0.393519 0.021875 0.131481 0.489329
13 0.344792 0.487963 0.175 0.17963 0.491181
13 0.348958 0.478704 0.175 0.15 0.496155
0 0.336979 0.412037 0.0239583 0.127778 0.497045
26 0.821354 0.562963 0.0447917 0.148148 0.499317
0 0.518229 0.391667 0.0177083 0.109259 0.499854
26 0.820833 0.562963 0.04375 0.144444 0.506114
0 0.336458 0.408333 0.0270833 0.127778 0.508926
0 0.481771 0.396296 0.028125 0.12963 0.509166
0 0.532812 0.411111 0.034375 0.148148 0.511327
0 0.3375 0.405556 0.0229167 0.133333 0.516044
0 0.3375 0.406481 0.0229167 0.131481 0.520228
0 0.685938 0.444444 0.0510417 0.262963 0.520522
0 0.481771 0.397222 0.028125 0.127778 0.520811
0 0.771875 0.642593 0.11875 0.62963 0.522439
0 0.685938 0.444444 0.0510417 0.266667 0.523368
0 0.685938 0.444444 0.0510417 0.266667 0.526749
26 0.820833 0.562963 0.04375 0.144444 0.527547
0 0.771875 0.642593 0.11875 0.633333 0.529229
0 0.452604 0.392593 0.021875 0.140741 0.52963
13 0.345833 0.481481 0.177083 0.17037 0.529775
0 0.452604 0.391667 0.021875 0.142593 0.533742
13 0.345833 0.481481 0.177083 0.166667 0.535414
13 0.344271 0.475926 0.173958 0.151852 0.538405
0 0.570833 0.39537 0.01875 0.105556 0.551242
0 0.570833 0.39537 0.01875 0.109259 0.557761
0 0.570833 0.39537 0.01875 0.109259 0.560462
0 0.919792 0.646296 0.152083 0.62963 0.564632
0 0.3375 0.403704 0.0229167 0.137037 0.570035
0 0.452604 0.394444 0.021875 0.133333 0.572015
0 0.3375 0.403704 0.0229167 0.137037 0.572221
0 0.481771 0.396296 0.028125 0.12963 0.574998
0 0.919792 0.646296 0.14375 0.618519 0.576353
0 0.920833 0.640741 0.13125 0.648148 0.581798
0 0.481771 0.394444 0.0260417 0.12963 0.583759
0 0.481771 0.398148 0.028125 0.125926 0.584139
0 0.535417 0.412963 0.03125 0.148148 0.591823
0 0.452604 0.394444 0.021875 0.133333 0.592819
0 0.336979 0.408333 0.0260417 0.127778 0.595693
0 0.920833 0.641667 0.13125 0.65 0.608314
0 0.571354 0.394444 0.0197917 0.111111 0.625559
0 0.534896 0.412963 0.0302083 0.151852 0.638646
0 0.571354 0.390741 0.0197917 0.0962963 0.641333
0 0.535417 0.412037 0.0291667 0.15 0.650785
0 0.773958 0.640741 0.120833 0.644444 0.658966
0 0.481771 0.39537 0.0260417 0.127778 0.660738
0 0.773958 0.641667 0.120833 0.646296 0.662892
0 0.922917 0.644444 0.133333 0.659259 0.666525
0 0.481771 0.394444 0.0260417 0.12963 0.668872
0 0.481771 0.396296 0.0260417 0.12963 0.668883
0 0.773958 0.627778 0.11875 0.611111 0.669133
0 0.775 0.637037 0.11875 0.618519 0.669307
0 0.775521 0.636111 0.117708 0.62037 0.677351
0 0.571354 0.390741 0.0197917 0.1 0.679473
0 0.773958 0.630556 0.120833 0.612963 0.681494
0 0.571354 0.391667 0.0197917 0.0981481 0.682936
0 0.570833 0.394444 0.01875 0.107407 0.687076
0 0.219792 0.388889 0.0229167 0.111111 0.705073
0 0.922396 0.644444 0.134375 0.655556 0.706912
0 0.570833 0.393519 0.01875 0.101852 0.708426
0 0.534375 0.411111 0.025 0.151852 0.713117
0 0.534375 0.412037 0.025 0.15 0.722124
0 0.220313 0.387963 0.0239583 0.112963 0.725154
0 0.919792 0.637963 0.135417 0.627778 0.728294
0 0.570833 0.394444 0.01875 0.103704 0.733386
0 0.220313 0.387963 0.0239583 0.112963 0.739084
0 0.571354 0.394444 0.0197917 0.103704 0.740562
0 0.6875 0.44537 0.0520833 0.272222 0.745298
0 0.919792 0.638889 0.135417 0.614815 0.751767
0 0.220833 0.387963 0.0229167 0.112963 0.752057
0 0.776563 0.628704 0.119792 0.609259 0.753044
0 0.570833 0.394444 0.01875 0.107407 0.75338
0 0.219792 0.389815 0.0229167 0.112963 0.754283
0 0.685938 0.44537 0.0510417 0.268519 0.761191
0 0.773438 0.636111 0.115625 0.616667 0.765041
0 0.686979 0.443519 0.0510417 0.268519 0.76701
0 0.219792 0.387037 0.0229167 0.114815 0.771095
0 0.685938 0.44537 0.0510417 0.268519 0.777305
0 0.776042 0.632407 0.120833 0.601852 0.781285
0 0.685938 0.44537 0.0510417 0.268519 0.787572
0 0.219792 0.387037 0.0229167 0.114815 0.790075
0 0.219792 0.387037 0.0229167 0.114815 0.790305
0 0.773438 0.634259 0.115625 0.62037 0.793546
0 0.686979 0.443519 0.0510417 0.268519 0.797183
0 0.686458 0.441667 0.0479167 0.272222 0.81674
0 0.688542 0.444444 0.05 0.277778 0.848821
0 0.6875 0.442593 0.05 0.27037 0.860505
0 0.6875 0.442593 0.05 0.27037 0.86608
0 0.774479 0.641667 0.121875 0.631481 0.870935
0 0.6875 0.442593 0.05 0.27037 0.873341
0 0.774479 0.641667 0.121875 0.631481 0.880124
