0 0.285417 0.375 0.025 0.135185 0.252085
13 0.322396 0.461111 0.084375 0.0777778 0.252188
0 0.216146 0.348148 0.0239583 0.0740741 0.252822
0 0.578646 0.397222 0.046875 0.212963 0.253623
0 0.776042 0.580556 0.0958333 0.598148 0.255865
0 0.216146 0.348148 0.0239583 0.0777778 0.257498
13 0.239063 0.430556 0.071875 0.0944444 0.25854
0 0.45 0.37037 0.0208333 0.103704 0.258756
26 0.810417 0.50463 0.0395833 0.157407 0.259401
0 0.461458 0.375 0.0375 0.116667 0.261359
0 0.471875 0.391667 0.025 0.131481 0.262414
26 0.810938 0.50463 0.0385417 0.153704 0.263671
0 0.905208 0.57037 0.120833 0.588889 0.265062
0 0.415625 0.367593 0.0229167 0.127778 0.266106
13 0.239063 0.430556 0.0697917 0.0944444 0.268805
0 0.449479 0.362963 0.0197917 0.103704 0.269291
26 0.8125 0.513889 0.0354167 0.127778 0.269536
0 0.776042 0.580556 0.0958333 0.598148 0.269609
26 0.810938 0.505556 0.0385417 0.151852 0.271626
0 0.207813 0.364815 0.0239583 0.107407 0.272417
13 0.327604 0.450926 0.084375 0.0944444 0.273565
0 0.216146 0.347222 0.0239583 0.0759259 0.273945
0 0.416667 0.368519 0.0270833 0.12963 0.275117
13 0.326042 0.450926 0.09375 0.087037 0.27543
13 0.327604 0.450926 0.084375 0.0944444 0.275435
0 0.449479 0.363889 0.0197917 0.105556 0.276957
0 0.472396 0.383333 0.028125 0.144444 0.277882
0 0.414583 0.364815 0.025 0.122222 0.278679
0 0.495313 0.355556 0.015625 0.0814815 0.278911
0 0.384375 0.372222 0.025 0.122222 0.27903
0 0.449479 0.363889 0.0197917 0.105556 0.280209
0 0.495313 0.35463 0.015625 0.0796296 0.281309
13 0.322396 0.462037 0.0864583 0.0796296 0.281727
0 0.472396 0.383333 0.028125 0.144444 0.282008
0 0.494792 0.361111 0.0166667 0.1 0.285562
26 0.813021 0.514815 0.034375 0.12963 0.289429
0 0.448438 0.362037 0.021875 0.105556 0.291807
0 0.471354 0.392593 0.028125 0.144444 0.292972
0 0.414583 0.363889 0.025 0.127778 0.298411
0 0.135937 0.365741 0.0239583 0.109259 0.299231
13 0.227604 0.732407 0.221875 0.257407 0.29939
0 0.414583 0.364815 0.025 0.12963 0.310194
0 0.415625 0.368519 0.0208333 0.12963 0.313858
0 0.385417 0.373148 0.025 0.124074 0.313911
13 0.227604 0.732407 0.221875 0.257407 0.315706
0 0.135417 0.365741 0.025 0.109259 0.317494
0 0.135417 0.365741 0.025 0.109259 0.320321
13 0.241667 0.440741 0.0729167 0.122222 0.3256
0 0.415104 0.367593 0.021875 0.127778 0.32611
0 0.495313 0.35463 0.015625 0.0796296 0.330206
13 0.241667 0.441667 0.0729167 0.12037 0.334939
13 0.241667 0.441667 0.0708333 0.12037 0.335883
0 0.494792 0.366667 0.01875 0.111111 0.339317
0 0.471354 0.391667 0.028125 0.142593 0.341215
24 0.925521 0.494444 0.0885417 0.248148 0.341691
24 0.932292 0.507407 0.075 0.240741 0.343879
0 0.904167 0.568519 0.120833 0.588889 0.344184
13 0.253646 0.447222 0.096875 0.124074 0.346414
0 0.470833 0.388889 0.0270833 0.133333 0.35003
13 0.326562 0.459259 0.084375 0.0814815 0.350141
24 0.925521 0.494444 0.0864583 0.244444 0.350476
0 0.133333 0.372222 0.0270833 0.114815 0.350887
13 0.322396 0.45463 0.090625 0.0907407 0.352293
13 0.322396 0.45463 0.090625 0.0907407 0.353683
24 0.932292 0.506481 0.0770833 0.238889 0.354764
13 0.326042 0.460185 0.0833333 0.0796296 0.355158
0 0.905729 0.563889 0.121875 0.605556 0.355221
0 0.495313 0.358333 0.0177083 0.0833333 0.356805
0 0.89375 0.575 0.1 0.57963 0.359438
13 0.240625 0.438889 0.0729167 0.111111 0.360386
0 0.89375 0.576852 0.1 0.583333 0.362232
0 0.495313 0.365741 0.0177083 0.109259 0.362415
0 0.383854 0.375 0.0239583 0.124074 0.366812
24 0.932813 0.506481 0.0760417 0.242593 0.368041
0 0.133333 0.372222 0.0270833 0.114815 0.369003
24 0.925521 0.505556 0.0864583 0.259259 0.369964
0 0.416667 0.366667 0.025 0.12963 0.371363
24 0.925521 0.493519 0.0864583 0.242593 0.372418
0 0.471354 0.390741 0.0260417 0.137037 0.372583
13 0.240104 0.438889 0.071875 0.107407 0.373919
0 0.134375 0.371296 0.0270833 0.116667 0.383766
13 0.321875 0.460185 0.0875 0.0796296 0.38425
13 0.238021 0.442593 0.065625 0.118519 0.389062
13 0.238021 0.442593 0.065625 0.118519 0.392398
0 0.416667 0.369444 0.025 0.127778 0.39346
24 0.925521 0.505556 0.0885417 0.27037 0.395805
24 0.930729 0.49537 0.078125 0.242593 0.397841
13 0.322396 0.461111 0.0864583 0.0777778 0.398006
13 0.240625 0.442593 0.075 0.125926 0.399874
0 0.495313 0.358333 0.0177083 0.087037 0.401772
24 0.93125 0.496296 0.0791667 0.244444 0.402227
0 0.905729 0.564815 0.121875 0.607407 0.404036
24 0.925521 0.502778 0.0864583 0.264815 0.405223
0 0.495313 0.358333 0.0177083 0.087037 0.407812
13 0.240625 0.438889 0.0729167 0.122222 0.411453
13 0.240625 0.442593 0.075 0.122222 0.413406
24 0.93125 0.49537 0.0791667 0.242593 0.417618
13 0.240625 0.442593 0.075 0.122222 0.41774
0 0.471354 0.392593 0.0260417 0.144444 0.42091
0 0.284375 0.375 0.0291667 0.157407 0.424025
0 0.494792 0.361111 0.01875 0.1 0.424316
13 0.242188 0.760185 0.253125 0.309259 0.433665
13 0.230729 0.736111 0.226042 0.264815 0.437828
0 0.284896 0.374074 0.028125 0.155556 0.441075
0 0.778646 0.576852 0.096875 0.601852 0.442578
0 0.894271 0.569444 0.103125 0.590741 0.443302
0 0.133854 0.371296 0.0260417 0.116667 0.447327
13 0.238542 0.740741 0.247917 0.274074 0.448624
0 0.471354 0.390741 0.0239583 0.140741 0.449136
0 0.471875 0.390741 0.025 0.140741 0.453034
13 0.323958 0.453704 0.0895833 0.0925926 0.453932
0 0.284896 0.375 0.028125 0.157407 0.456192
0 0.778646 0.575926 0.096875 0.592593 0.463698
13 0.239583 0.441667 0.0708333 0.12037 0.464181
13 0.238542 0.742593 0.25 0.274074 0.465143
13 0.230729 0.736111 0.226042 0.264815 0.465788
0 0.448438 0.364815 0.0197917 0.0962963 0.468579
0 0.89375 0.569444 0.104167 0.590741 0.46937
0 0.448438 0.362037 0.0197917 0.105556 0.476782
0 0.447917 0.362037 0.01875 0.105556 0.478545
0 0.385417 0.371296 0.0229167 0.124074 0.479706
0 0.579167 0.393519 0.04375 0.216667 0.48185
13 0.239583 0.442593 0.0708333 0.118519 0.483418
0 0.447917 0.362037 0.01875 0.105556 0.484237
0 0.448438 0.364815 0.0197917 0.1 0.48792
0 0.578646 0.393519 0.0427083 0.216667 0.488387
13 0.264062 0.794444 0.294792 0.385185 0.492763
0 0.133854 0.372222 0.0260417 0.114815 0.493304
13 0.240625 0.441667 0.0729167 0.12037 0.497056
0 0.494271 0.356481 0.0177083 0.0907407 0.497445
13 0.239583 0.442593 0.0708333 0.118519 0.49853
0 0.133854 0.37037 0.0260417 0.114815 0.50163
0 0.448438 0.363889 0.0197917 0.0981481 0.50407
13 0.228125 0.737963 0.222917 0.268519 0.506164
13 0.263542 0.79537 0.295833 0.383333 0.508421
0 0.385417 0.372222 0.0229167 0.122222 0.511143
13 0.263542 0.794444 0.295833 0.385185 0.513861
24 0.930729 0.50463 0.0822917 0.246296 0.518923
0 0.384896 0.371296 0.021875 0.124074 0.523668
0 0.472396 0.390741 0.0302083 0.148148 0.526044
13 0.228646 0.738889 0.221875 0.27037 0.526694
13 0.227083 0.733333 0.220833 0.262963 0.526913
13 0.247396 0.759259 0.259375 0.307407 0.531977
0 0.285937 0.374074 0.0260417 0.148148 0.533866
24 0.929688 0.502778 0.0822917 0.253704 0.535042
0 0.285937 0.375 0.0260417 0.146296 0.535377
0 0.471875 0.388889 0.0291667 0.144444 0.541389
13 0.243229 0.749074 0.251042 0.290741 0.555412
0 0.471875 0.388889 0.0291667 0.144444 0.567808
13 0.241146 0.747222 0.248958 0.290741 0.569083
13 0.227604 0.732407 0.219792 0.261111 0.569169
0 0.133333 0.373148 0.025 0.116667 0.572374
0 0.471875 0.390741 0.0291667 0.148148 0.573515
0 0.133333 0.372222 0.025 0.118519 0.574255
0 0.472917 0.390741 0.0291667 0.148148 0.580617
0 0.283854 0.371296 0.028125 0.153704 0.582502
0 0.133333 0.372222 0.0229167 0.114815 0.584502
13 0.228125 0.734259 0.220833 0.261111 0.588421
0 0.416146 0.366667 0.0239583 0.122222 0.588918
0 0.471875 0.388889 0.0291667 0.144444 0.593123
0 0.133333 0.372222 0.025 0.114815 0.595072
0 0.283854 0.372222 0.028125 0.151852 0.59546
0 0.779688 0.574074 0.101042 0.566667 0.606764
0 0.385417 0.371296 0.0229167 0.124074 0.610176
0 0.385417 0.371296 0.0229167 0.124074 0.612959
0 0.384375 0.372222 0.0229167 0.122222 0.615711
0 0.284375 0.373148 0.0291667 0.146296 0.616542
0 0.470833 0.389815 0.0270833 0.142593 0.61789
0 0.284375 0.373148 0.0291667 0.146296 0.621592
0 0.470833 0.389815 0.0270833 0.142593 0.622742
0 0.385417 0.371296 0.0229167 0.124074 0.625652
0 0.471354 0.391667 0.0260417 0.142593 0.630537
0 0.416146 0.367593 0.0239583 0.124074 0.633622
0 0.471354 0.390741 0.0260417 0.140741 0.638041
0 0.416146 0.366667 0.0239583 0.122222 0.639714
0 0.284896 0.374074 0.028125 0.144444 0.639959
0 0.384896 0.373148 0.021875 0.12037 0.647442
0 0.415625 0.365741 0.0229167 0.127778 0.648179
0 0.284375 0.373148 0.0291667 0.146296 0.652806
0 0.384896 0.373148 0.021875 0.12037 0.653681
0 0.384896 0.373148 0.021875 0.12037 0.654195
0 0.902083 0.571296 0.116667 0.583333 0.65486
0 0.285417 0.373148 0.0270833 0.153704 0.663944
0 0.9 0.569444 0.1125 0.609259 0.665388
0 0.285417 0.373148 0.0270833 0.153704 0.665916
0 0.416667 0.367593 0.025 0.127778 0.666906
0 0.385417 0.372222 0.0229167 0.122222 0.674415
0 0.133854 0.367593 0.0239583 0.109259 0.677273
0 0.284896 0.374074 0.028125 0.144444 0.67764
0 0.284896 0.374074 0.028125 0.148148 0.679902
0 0.415625 0.365741 0.0229167 0.127778 0.680525
0 0.9 0.571296 0.114583 0.583333 0.688412
0 0.415625 0.365741 0.0229167 0.127778 0.691566
0 0.779688 0.571296 0.101042 0.564815 0.701244
0 0.133854 0.368519 0.0239583 0.111111 0.70306
0 0.133854 0.368519 0.0239583 0.111111 0.707844
0 0.132812 0.371296 0.0239583 0.116667 0.715199
0 0.133854 0.371296 0.0239583 0.112963 0.717855
0 0.416667 0.367593 0.0229167 0.127778 0.71811
0 0.132812 0.371296 0.0239583 0.116667 0.726801
0 0.778646 0.581481 0.096875 0.577778 0.734771
0 0.134375 0.37037 0.025 0.114815 0.737398
0 0.132812 0.37037 0.0239583 0.114815 0.745821
0 0.902083 0.571296 0.116667 0.583333 0.753974
0 0.778646 0.584259 0.096875 0.594444 0.765223
0 0.580208 0.39537 0.0416667 0.216667 0.769283
0 0.580208 0.39537 0.0416667 0.216667 0.770603
0 0.779167 0.576852 0.0979167 0.575926 0.791214
0 0.897917 0.567593 0.110417 0.605556 0.791634
0 0.897396 0.566667 0.109375 0.6 0.802065
0 0.579687 0.39537 0.0427083 0.216667 0.824623
0 0.579687 0.394444 0.0427083 0.214815 0.830386
0 0.579687 0.394444 0.0427083 0.214815 0.830584
0 0.779167 0.580556 0.0979167 0.57963 0.836717
0 0.579687 0.394444 0.0427083 0.214815 0.851412
0 0.779167 0.575926 0.0979167 0.577778 0.852167
0 0.779688 0.580556 0.0989583 0.57963 0.853992
0 0.579687 0.39537 0.0427083 0.212963 0.856788
0 0.579687 0.39537 0.0427083 0.212963 0.859865
0 0.579687 0.39537 0.0427083 0.212963 0.861601
0 0.579687 0.394444 0.0427083 0.214815 0.862149
0 0.579687 0.394444 0.0427083 0.214815 0.867861
0 0.579687 0.394444 0.0447917 0.218519 0.869147
0 0.779167 0.575926 0.0979167 0.577778 0.873356
0 0.779167 0.576852 0.0979167 0.57963 0.87523
0 0.579687 0.394444 0.0447917 0.218519 0.879385
