0 0.341146 0.400926 0.028125 0.131481 0.251317
13 0.417708 0.462037 0.04375 0.0611111 0.252156
13 0.416146 0.464815 0.0447917 0.0592593 0.252945
0 0.276042 0.360185 0.0229167 0.0685185 0.253799
13 0.294271 0.462037 0.0822917 0.135185 0.256751
0 0.277083 0.362037 0.0208333 0.0685185 0.257777
0 0.492188 0.396296 0.0322917 0.125926 0.263172
13 0.304167 0.458333 0.0979167 0.131481 0.26613
13 0.303646 0.458333 0.0989583 0.135185 0.267781
0 0.583854 0.386111 0.0239583 0.0981481 0.269914
0 0.492708 0.39537 0.0333333 0.124074 0.272863
0 0.583854 0.386111 0.0239583 0.0981481 0.27296
13 0.418229 0.457407 0.0427083 0.0555556 0.274197
13 0.298438 0.463889 0.0989583 0.15 0.275911
13 0.294271 0.458333 0.0822917 0.127778 0.2806
13 0.334375 0.47037 0.1625 0.162963 0.281948
13 0.354167 0.487037 0.177083 0.111111 0.283365
13 0.294271 0.458333 0.0822917 0.127778 0.286112
0 0.277083 0.361111 0.0208333 0.0703704 0.286527
0 0.277604 0.359259 0.021875 0.0666667 0.294497
0 0.13125 0.369444 0.025 0.112963 0.298475
0 0.277083 0.362037 0.0208333 0.0685185 0.304419
13 0.418229 0.458333 0.0427083 0.0537037 0.304464
0 0.458854 0.390741 0.021875 0.125926 0.305919
13 0.338542 0.476852 0.166667 0.135185 0.307461
0 0.230729 0.387037 0.0239583 0.114815 0.310754
0 0.916667 0.625926 0.129167 0.651852 0.317644
0 0.232812 0.384259 0.021875 0.116667 0.319741
0 0.278646 0.360185 0.0197917 0.0648148 0.320678
13 0.35 0.477778 0.18125 0.133333 0.329217
0 0.232812 0.384259 0.021875 0.116667 0.334132
0 0.921354 0.628704 0.136458 0.657407 0.337865
0 0.232812 0.384259 0.021875 0.116667 0.340246
0 0.767187 0.609259 0.130208 0.607407 0.340249
0 0.230208 0.382407 0.0229167 0.109259 0.340507
0 0.490104 0.397222 0.028125 0.127778 0.344697
0 0.257292 0.386111 0.0208333 0.116667 0.345337
0 0.758333 0.615741 0.120833 0.642593 0.346983
24 0.948958 0.563889 0.0916667 0.290741 0.347741
13 0.31875 0.467593 0.133333 0.157407 0.347845
0 0.490625 0.392593 0.0270833 0.114815 0.354084
24 0.955208 0.565741 0.0833333 0.305556 0.354412
0 0.257812 0.386111 0.0197917 0.116667 0.355027
13 0.341667 0.473148 0.16875 0.146296 0.356597
0 0.489062 0.397222 0.028125 0.131481 0.36293
0 0.257812 0.383333 0.021875 0.107407 0.36335
13 0.341667 0.477778 0.16875 0.137037 0.366132
24 0.949479 0.563889 0.0927083 0.298148 0.366762
0 0.230208 0.383333 0.0208333 0.107407 0.370193
13 0.335417 0.471296 0.1625 0.153704 0.372664
24 0.95 0.562963 0.0916667 0.292593 0.376038
13 0.295312 0.465741 0.0927083 0.142593 0.377716
0 0.490625 0.392593 0.0270833 0.114815 0.377721
13 0.295312 0.465741 0.0927083 0.142593 0.378339
24 0.955729 0.566667 0.0822917 0.307407 0.378842
0 0.230208 0.383333 0.0208333 0.107407 0.380886
13 0.295312 0.464815 0.090625 0.140741 0.382396
0 0.490625 0.392593 0.0270833 0.114815 0.384759
0 0.133333 0.366667 0.0229167 0.111111 0.386241
0 0.257812 0.387037 0.0197917 0.118519 0.388165
0 0.257292 0.388889 0.0208333 0.122222 0.389607
0 0.277083 0.359259 0.0208333 0.0703704 0.395078
13 0.305208 0.466667 0.10625 0.151852 0.396047
0 0.341146 0.399074 0.028125 0.146296 0.397596
13 0.305729 0.466667 0.107292 0.151852 0.398836
0 0.257812 0.386111 0.0197917 0.116667 0.399802
0 0.13125 0.374074 0.025 0.107407 0.400046
0 0.490104 0.396296 0.028125 0.125926 0.403286
13 0.305208 0.466667 0.10625 0.151852 0.403905
0 0.277083 0.359259 0.0208333 0.0703704 0.403931
0 0.924479 0.608333 0.146875 0.609259 0.405194
0 0.133854 0.367593 0.0239583 0.109259 0.406269
0 0.257292 0.388889 0.0208333 0.122222 0.407568
0 0.460417 0.394444 0.0229167 0.12963 0.407695
0 0.920833 0.628704 0.1375 0.65 0.407853
0 0.132812 0.368519 0.0239583 0.114815 0.410065
0 0.133854 0.367593 0.0239583 0.109259 0.412688
0 0.458333 0.392593 0.0229167 0.12963 0.415566
0 0.131771 0.374074 0.0239583 0.107407 0.416622
0 0.767708 0.609259 0.133333 0.614815 0.41926
0 0.342187 0.406481 0.028125 0.138889 0.41955
0 0.342708 0.407407 0.0270833 0.125926 0.420518
0 0.277083 0.359259 0.0208333 0.0703704 0.421059
0 0.458854 0.392593 0.021875 0.12963 0.421131
0 0.131771 0.374074 0.0239583 0.107407 0.422802
0 0.583854 0.39537 0.0239583 0.105556 0.424668
0 0.458854 0.39537 0.021875 0.131481 0.425379
0 0.489583 0.396296 0.0270833 0.12963 0.429623
0 0.710417 0.441667 0.05 0.301852 0.433092
0 0.764063 0.617593 0.132292 0.638889 0.441598
0 0.340625 0.4 0.0270833 0.144444 0.441667
0 0.460417 0.394444 0.0229167 0.133333 0.443998
0 0.582292 0.392593 0.025 0.114815 0.445562
0 0.459896 0.396296 0.0239583 0.12963 0.449483
0 0.460417 0.394444 0.0229167 0.133333 0.452755
0 0.583333 0.39537 0.0229167 0.105556 0.457472
0 0.583333 0.39537 0.0229167 0.105556 0.459516
0 0.342187 0.406481 0.028125 0.138889 0.46372
0 0.341667 0.4 0.0270833 0.148148 0.46391
0 0.341667 0.400926 0.0270833 0.146296 0.465603
0 0.341146 0.399074 0.0260417 0.146296 0.468306
13 0.297396 0.462037 0.096875 0.142593 0.475085
0 0.342708 0.406481 0.0270833 0.131481 0.488297
0 0.342708 0.406481 0.0270833 0.131481 0.489822
13 0.319271 0.465741 0.136458 0.15 0.491565
0 0.342187 0.402778 0.0260417 0.131481 0.493841
0 0.763542 0.619444 0.133333 0.65 0.49413
0 0.459375 0.392593 0.0229167 0.12963 0.499856
0 0.486979 0.396296 0.021875 0.125926 0.501441
0 0.459375 0.394444 0.0229167 0.12963 0.514726
0 0.342708 0.402778 0.0291667 0.138889 0.518062
0 0.764583 0.618519 0.127083 0.622222 0.521517
0 0.459375 0.392593 0.0229167 0.12963 0.522786
0 0.489583 0.397222 0.0270833 0.124074 0.525878
0 0.459375 0.392593 0.0229167 0.12963 0.528932
0 0.4875 0.39537 0.0229167 0.127778 0.547614
0 0.538021 0.406481 0.0364583 0.157407 0.548054
0 0.758333 0.62037 0.122917 0.651852 0.551158
0 0.582812 0.392593 0.021875 0.111111 0.551425
0 0.486979 0.39537 0.021875 0.127778 0.552361
0 0.490104 0.393519 0.0260417 0.12037 0.552648
0 0.920313 0.619444 0.134375 0.65 0.55924
0 0.709375 0.443519 0.0520833 0.301852 0.560518
0 0.490104 0.393519 0.0260417 0.12037 0.564833
0 0.538021 0.407407 0.0364583 0.155556 0.565215
0 0.490104 0.393519 0.0260417 0.12037 0.566543
0 0.583333 0.388889 0.0208333 0.1 0.570917
0 0.709375 0.442593 0.0520833 0.3 0.571247
0 0.710417 0.443519 0.0520833 0.298148 0.578321
0 0.710417 0.443519 0.0520833 0.298148 0.57851
0 0.342187 0.406481 0.0260417 0.138889 0.588399
0 0.342708 0.401852 0.0291667 0.137037 0.589447
0 0.342187 0.402778 0.028125 0.138889 0.590159
0 0.710417 0.443519 0.0520833 0.301852 0.592576
0 0.918229 0.627778 0.130208 0.666667 0.597417
0 0.709375 0.442593 0.0520833 0.3 0.597791
0 0.489583 0.396296 0.025 0.12963 0.599082
0 0.711458 0.440741 0.05 0.3 0.601792
0 0.230729 0.384259 0.0197917 0.112963 0.606448
0 0.583333 0.388889 0.0208333 0.103704 0.60824
0 0.583333 0.388889 0.0208333 0.103704 0.619477
0 0.917708 0.627778 0.13125 0.662963 0.626071
0 0.583333 0.393519 0.0208333 0.101852 0.63346
0 0.540104 0.409259 0.0385417 0.151852 0.638341
0 0.710417 0.440741 0.0541667 0.296296 0.644413
0 0.342187 0.400926 0.0260417 0.138889 0.645011
0 0.342187 0.400926 0.0260417 0.138889 0.647252
0 0.916667 0.625 0.129167 0.653704 0.650738
0 0.583333 0.391667 0.0229167 0.109259 0.656566
0 0.710938 0.439815 0.053125 0.298148 0.663338
0 0.583333 0.393519 0.0208333 0.101852 0.667296
0 0.711458 0.437963 0.0541667 0.298148 0.672321
0 0.583333 0.393519 0.0208333 0.101852 0.676912
0 0.539583 0.409259 0.0375 0.151852 0.681049
0 0.541667 0.408333 0.0375 0.153704 0.689239
0 0.231771 0.387037 0.021875 0.114815 0.690799
0 0.540625 0.408333 0.0375 0.153704 0.69092
0 0.764063 0.618519 0.126042 0.622222 0.704368
0 0.539583 0.409259 0.0375 0.151852 0.712712
0 0.763021 0.615741 0.126042 0.646296 0.717622
0 0.231771 0.386111 0.021875 0.112963 0.727391
0 0.541146 0.407407 0.034375 0.159259 0.737355
0 0.541146 0.407407 0.034375 0.155556 0.741272
0 0.231771 0.386111 0.021875 0.112963 0.743777
0 0.23125 0.385185 0.0229167 0.114815 0.746633
0 0.710417 0.440741 0.0520833 0.303704 0.752596
0 0.711458 0.440741 0.0520833 0.3 0.752931
0 0.711458 0.441667 0.0520833 0.301852 0.755282
0 0.231771 0.386111 0.021875 0.112963 0.760922
0 0.230729 0.387963 0.021875 0.112963 0.765386
0 0.919792 0.623148 0.135417 0.638889 0.767924
0 0.23125 0.384259 0.0229167 0.112963 0.770745
0 0.540625 0.409259 0.0375 0.151852 0.770963
0 0.23125 0.384259 0.0229167 0.112963 0.77295
0 0.540625 0.409259 0.0375 0.151852 0.784964
0 0.763542 0.624074 0.13125 0.633333 0.787302
0 0.540104 0.409259 0.0385417 0.151852 0.796923
0 0.7625 0.623148 0.129167 0.627778 0.827871
0 0.760417 0.624074 0.127083 0.62963 0.852587
0 0.760417 0.625 0.125 0.631481 0.854302
0 0.761979 0.617593 0.128125 0.653704 0.910551
