0 0.302083 0.328704 0.025 0.087037 0.252741
13 0.0838542 0.866667 0.165625 0.174074 0.254716
0 0.480729 0.334259 0.015625 0.0833333 0.255431
13 0.0838542 0.866667 0.165625 0.174074 0.2561
0 0.609375 0.358333 0.0291667 0.157407 0.268742
0 0.609375 0.358333 0.03125 0.157407 0.2691
28 0.443229 0.462963 0.046875 0.103704 0.275884
0 0.48125 0.334259 0.0166667 0.087037 0.289545
28 0.443229 0.462963 0.046875 0.103704 0.290729
0 0.610937 0.351852 0.0302083 0.159259 0.294347
28 0.443229 0.463889 0.046875 0.105556 0.29604
0 0.297396 0.32963 0.028125 0.0851852 0.300643
28 0.443229 0.462963 0.046875 0.103704 0.309292
28 0.443229 0.463889 0.046875 0.105556 0.313908
0 0.610417 0.351852 0.0291667 0.159259 0.314079
0 0.480729 0.334259 0.015625 0.087037 0.320455
0 0.297396 0.32963 0.028125 0.0851852 0.323347
0 0.297396 0.32963 0.028125 0.0851852 0.326864
28 0.443229 0.463889 0.046875 0.105556 0.327815
28 0.443229 0.462963 0.0489583 0.107407 0.329922
0 0.297396 0.337037 0.028125 0.0814815 0.332607
28 0.443229 0.463889 0.0489583 0.105556 0.336516
28 0.443229 0.463889 0.0489583 0.105556 0.341743
0 0.326042 0.325926 0.0208333 0.0740741 0.345169
0 0.140625 0.447222 0.0770833 0.52037 0.357284
0 0.220313 0.371296 0.053125 0.290741 0.360588
0 0.297917 0.336111 0.0291667 0.0796296 0.363092
0 0.297917 0.331481 0.0291667 0.0888889 0.367579
0 0.297396 0.336111 0.028125 0.0796296 0.368191
13 0.0828125 0.863889 0.163542 0.168519 0.369456
0 0.326562 0.325926 0.021875 0.0740741 0.375283
13 0.0828125 0.863889 0.163542 0.168519 0.378526
0 0.638542 0.358333 0.0270833 0.135185 0.379679
0 0.326042 0.325926 0.0208333 0.0740741 0.387456
0 0.221875 0.377778 0.05625 0.27037 0.388826
13 0.0822917 0.861111 0.164583 0.17037 0.400707
13 0.0822917 0.861111 0.164583 0.17037 0.400758
0 0.141146 0.449074 0.0760417 0.516667 0.405001
0 0.638542 0.358333 0.0270833 0.131481 0.409697
0 0.460938 0.348148 0.028125 0.12963 0.411025
13 0.0833333 0.863889 0.1625 0.168519 0.418536
0 0.327604 0.322222 0.0177083 0.0703704 0.42116
13 0.0833333 0.863889 0.164583 0.172222 0.422604
13 0.0828125 0.864815 0.163542 0.17037 0.424423
0 0.460938 0.348148 0.028125 0.12963 0.426756
13 0.0828125 0.862963 0.165625 0.17037 0.430913
13 0.0828125 0.864815 0.163542 0.17037 0.445107
13 0.0822917 0.862963 0.164583 0.17037 0.447913
13 0.0833333 0.862963 0.166667 0.166667 0.451491
13 0.0828125 0.862037 0.165625 0.168519 0.455683
0 0.297917 0.331481 0.0291667 0.0851852 0.462427
13 0.0828125 0.862963 0.165625 0.17037 0.462778
0 0.460938 0.350926 0.028125 0.135185 0.472738
0 0.461979 0.350926 0.0260417 0.131481 0.475356
0 0.638542 0.358333 0.0270833 0.135185 0.486898
0 0.327083 0.322222 0.01875 0.0666667 0.497198
0 0.327083 0.321296 0.01875 0.0685185 0.501991
0 0.139062 0.45 0.078125 0.514815 0.508486
0 0.327083 0.322222 0.01875 0.0666667 0.51205
0 0.326562 0.32037 0.0197917 0.0666667 0.514316
0 0.298958 0.332407 0.0291667 0.0907407 0.516241
0 0.139062 0.45 0.078125 0.514815 0.522014
0 0.327083 0.321296 0.01875 0.0722222 0.5272
0 0.327083 0.322222 0.01875 0.0666667 0.528722
0 0.502083 0.351852 0.03125 0.140741 0.531412
0 0.327083 0.321296 0.01875 0.0648148 0.532643
0 0.503646 0.35 0.0302083 0.144444 0.540669
0 0.298958 0.332407 0.0291667 0.0907407 0.54807
0 0.503646 0.350926 0.0302083 0.142593 0.559488
0 0.460938 0.352778 0.028125 0.138889 0.562531
0 0.503646 0.350926 0.0302083 0.142593 0.575773
0 0.502083 0.350926 0.03125 0.146296 0.583482
0 0.298438 0.333333 0.028125 0.0925926 0.588483
0 0.460417 0.351852 0.0270833 0.137037 0.591806
0 0.502083 0.350926 0.03125 0.146296 0.59241
0 0.297396 0.331481 0.028125 0.0851852 0.595405
0 0.503646 0.350926 0.0302083 0.142593 0.603895
0 0.298958 0.331481 0.0291667 0.0888889 0.604626
0 0.219792 0.376852 0.0520833 0.287037 0.606052
0 0.460417 0.352778 0.0270833 0.138889 0.607159
0 0.460938 0.353704 0.028125 0.140741 0.612274
0 0.298438 0.332407 0.028125 0.0907407 0.620237
0 0.636458 0.359259 0.0291667 0.133333 0.624979
0 0.219271 0.378704 0.053125 0.287037 0.632774
0 0.460938 0.35463 0.028125 0.135185 0.638851
0 0.460938 0.352778 0.028125 0.142593 0.64578
0 0.610937 0.355556 0.0302083 0.159259 0.659602
0 0.610417 0.355556 0.03125 0.155556 0.664935
0 0.219792 0.37963 0.0520833 0.285185 0.669985
0 0.610417 0.355556 0.0291667 0.155556 0.671303
0 0.636979 0.359259 0.0302083 0.12963 0.672704
0 0.299479 0.331481 0.028125 0.0888889 0.67735
0 0.139062 0.452778 0.0822917 0.512963 0.68146
0 0.610937 0.355556 0.0302083 0.159259 0.681871
0 0.461458 0.350926 0.0270833 0.138889 0.685824
0 0.461458 0.350926 0.0270833 0.138889 0.686032
0 0.460417 0.353704 0.0270833 0.140741 0.688621
0 0.461458 0.35463 0.0270833 0.135185 0.69368
0 0.461979 0.353704 0.028125 0.133333 0.693701
0 0.297917 0.332407 0.0291667 0.087037 0.695291
0 0.298438 0.332407 0.028125 0.0907407 0.696745
0 0.636979 0.358333 0.028125 0.138889 0.699794
0 0.609375 0.355556 0.03125 0.159259 0.699927
0 0.503125 0.351852 0.03125 0.140741 0.701686
0 0.219792 0.37963 0.0520833 0.285185 0.702859
0 0.299479 0.331481 0.028125 0.0888889 0.70351
0 0.610937 0.355556 0.0302083 0.159259 0.706002
0 0.636979 0.357407 0.028125 0.137037 0.707958
0 0.609375 0.355556 0.03125 0.159259 0.708499
0 0.609375 0.355556 0.03125 0.159259 0.709145
0 0.299479 0.331481 0.028125 0.0888889 0.709397
0 0.219792 0.376852 0.0520833 0.287037 0.713782
0 0.502604 0.351852 0.0302083 0.140741 0.71379
0 0.220313 0.376852 0.0510417 0.283333 0.714983
0 0.503125 0.351852 0.03125 0.140741 0.718358
0 0.297917 0.332407 0.0291667 0.087037 0.720205
0 0.636458 0.357407 0.0291667 0.137037 0.720352
0 0.636979 0.358333 0.028125 0.138889 0.729215
0 0.297917 0.332407 0.0291667 0.087037 0.730798
0 0.503125 0.352778 0.03125 0.142593 0.735867
0 0.503125 0.352778 0.03125 0.142593 0.736612
0 0.502083 0.351852 0.0333333 0.148148 0.737245
0 0.220313 0.375926 0.0510417 0.281481 0.744704
0 0.636458 0.358333 0.0291667 0.138889 0.746178
0 0.502083 0.350926 0.0333333 0.146296 0.747662
0 0.219792 0.377778 0.0520833 0.285185 0.74767
0 0.138021 0.45463 0.0760417 0.527778 0.749737
0 0.460938 0.350926 0.028125 0.142593 0.750012
0 0.460938 0.350926 0.028125 0.138889 0.752636
0 0.610417 0.353704 0.03125 0.155556 0.761069
0 0.220313 0.376852 0.053125 0.287037 0.761757
0 0.636979 0.359259 0.0302083 0.133333 0.764977
0 0.610417 0.353704 0.03125 0.155556 0.766677
0 0.220313 0.375926 0.0510417 0.281481 0.76673
0 0.636979 0.359259 0.0302083 0.133333 0.766747
0 0.610417 0.353704 0.03125 0.155556 0.770419
0 0.503125 0.352778 0.03125 0.142593 0.771096
0 0.636458 0.357407 0.0291667 0.137037 0.771758
0 0.219792 0.375926 0.0541667 0.281481 0.779609
0 0.139062 0.452778 0.0822917 0.512963 0.783174
0 0.219792 0.375926 0.0541667 0.281481 0.786316
0 0.219792 0.375926 0.0541667 0.281481 0.787148
0 0.635938 0.360185 0.0302083 0.138889 0.788438
0 0.138021 0.449074 0.0802083 0.527778 0.794732
0 0.636458 0.360185 0.0291667 0.138889 0.795909
0 0.138542 0.45463 0.0770833 0.516667 0.797531
0 0.610417 0.355556 0.0291667 0.159259 0.809572
0 0.610417 0.355556 0.0291667 0.162963 0.813685
0 0.138542 0.45 0.08125 0.52963 0.815421
0 0.139062 0.451852 0.0822917 0.518519 0.827957
0 0.139062 0.451852 0.0822917 0.518519 0.847301
