26 0.858333 0.487963 0.0375 0.146296 0.251736
28 0.3625 0.489815 0.0916667 0.0907407 0.253
0 0.820833 0.541667 0.116667 0.653704 0.255999
0 0.300521 0.298148 0.0322917 0.0962963 0.260327
0 0.426562 0.312963 0.021875 0.0962963 0.260977
0 0.299479 0.297222 0.0322917 0.101852 0.263283
0 0.299479 0.297222 0.0322917 0.101852 0.263563
0 0.428125 0.311111 0.0145833 0.0925926 0.269643
0 0.0989583 0.323148 0.0229167 0.116667 0.277134
0 0.0989583 0.318519 0.025 0.111111 0.278573
0 0.330208 0.293519 0.025 0.0759259 0.279699
0 0.0989583 0.322222 0.0229167 0.114815 0.280292
0 0.428125 0.312037 0.0145833 0.0944444 0.281533
0 0.589583 0.325926 0.0291667 0.12963 0.282314
28 0.364583 0.492593 0.0854167 0.0851852 0.283415
0 0.285417 0.296296 0.0625 0.1 0.284489
0 0.0989583 0.323148 0.0229167 0.116667 0.286285
0 0.300521 0.298148 0.0322917 0.1 0.286781
0 0.300521 0.298148 0.0322917 0.1 0.28809
0 0.944271 0.537963 0.111458 0.646296 0.288354
0 0.495313 0.315741 0.0260417 0.138889 0.28872
0 0.495833 0.316667 0.0229167 0.12963 0.291582
0 0.0973958 0.323148 0.0260417 0.124074 0.292238
28 0.364583 0.492593 0.0875 0.0851852 0.293559
0 0.301562 0.338889 0.0364583 0.2 0.294666
0 0.330208 0.293519 0.0229167 0.0759259 0.29499
0 0.301042 0.339815 0.0354167 0.201852 0.296519
0 0.0979167 0.325926 0.025 0.118519 0.298389
0 0.620833 0.294444 0.01875 0.0925926 0.299767
0 0.301562 0.337963 0.0364583 0.205556 0.300428
0 0.301042 0.339815 0.0354167 0.201852 0.300437
28 0.364583 0.490741 0.0895833 0.0888889 0.30595
0 0.270312 0.30463 0.0260417 0.0907407 0.306078
0 0.0973958 0.325 0.0239583 0.12037 0.308835
0 0.301562 0.337963 0.0364583 0.205556 0.309941
0 0.329688 0.294444 0.0239583 0.0740741 0.310087
0 0.944271 0.528704 0.111458 0.62037 0.310556
0 0.422917 0.324074 0.0229167 0.111111 0.310694
0 0.0973958 0.325926 0.0239583 0.118519 0.313427
0 0.486458 0.319444 0.0375 0.135185 0.313482
0 0.620833 0.294444 0.01875 0.0962963 0.31389
0 0.270312 0.30463 0.0260417 0.0907407 0.314814
0 0.301562 0.341667 0.0364583 0.205556 0.314849
0 0.301042 0.338889 0.0354167 0.2 0.31728
28 0.364583 0.491667 0.0854167 0.087037 0.317301
0 0.620833 0.294444 0.01875 0.0962963 0.31784
0 0.286458 0.296296 0.0583333 0.1 0.319538
0 0.301042 0.337037 0.0354167 0.207407 0.319545
0 0.285937 0.297222 0.0572917 0.101852 0.32455
28 0.364583 0.490741 0.0875 0.0888889 0.349078
28 0.364583 0.490741 0.0875 0.0888889 0.355113
0 0.494792 0.319444 0.0270833 0.138889 0.355265
0 0.495313 0.316667 0.0260417 0.137037 0.357773
0 0.329167 0.29537 0.025 0.0685185 0.368768
0 0.329688 0.293519 0.0239583 0.0685185 0.37072
0 0.207292 0.355556 0.0395833 0.22963 0.373099
0 0.4875 0.318519 0.0375 0.137037 0.377751
0 0.301562 0.291667 0.0322917 0.109259 0.379601
0 0.0973958 0.323148 0.0239583 0.116667 0.382546
0 0.329167 0.294444 0.025 0.0666667 0.38526
0 0.206771 0.356481 0.0427083 0.238889 0.389011
0 0.329167 0.294444 0.025 0.0666667 0.392911
0 0.0979167 0.323148 0.0229167 0.12037 0.39349
0 0.591146 0.322222 0.0302083 0.133333 0.394777
0 0.270312 0.302778 0.0260417 0.0907407 0.395502
0 0.0973958 0.323148 0.0260417 0.12037 0.396508
0 0.301562 0.291667 0.0322917 0.109259 0.399159
0 0.20625 0.355556 0.0416667 0.237037 0.399468
0 0.591146 0.323148 0.0322917 0.135185 0.400003
0 0.0979167 0.323148 0.0229167 0.12037 0.400225
0 0.270312 0.302778 0.0260417 0.0944444 0.403639
0 0.301042 0.290741 0.03125 0.111111 0.406654
0 0.207292 0.340741 0.0395833 0.211111 0.406953
0 0.0973958 0.323148 0.0260417 0.124074 0.407799
0 0.822396 0.55 0.119792 0.677778 0.408177
0 0.206771 0.355556 0.0427083 0.240741 0.408935
0 0.207292 0.340741 0.0395833 0.211111 0.411062
0 0.491146 0.319444 0.0322917 0.135185 0.411067
0 0.822396 0.550926 0.119792 0.683333 0.411111
0 0.329688 0.294444 0.0239583 0.0703704 0.412853
0 0.0979167 0.323148 0.025 0.124074 0.417614
0 0.096875 0.324074 0.025 0.122222 0.42236
0 0.0973958 0.323148 0.0260417 0.124074 0.425772
0 0.466146 0.326852 0.0322917 0.15 0.428947
0 0.944271 0.519444 0.111458 0.705556 0.429428
0 0.207292 0.356481 0.0395833 0.235185 0.430308
0 0.269792 0.307407 0.025 0.0888889 0.431395
0 0.466146 0.326852 0.0322917 0.15 0.432331
0 0.591146 0.322222 0.0302083 0.133333 0.436727
0 0.588542 0.325 0.0270833 0.135185 0.437973
0 0.495313 0.316667 0.021875 0.140741 0.43811
0 0.823958 0.542593 0.11875 0.67037 0.443341
0 0.269792 0.307407 0.025 0.0888889 0.446892
0 0.299479 0.293519 0.0322917 0.109259 0.448146
0 0.495313 0.319444 0.0260417 0.138889 0.450381
0 0.269792 0.307407 0.025 0.0888889 0.451759
0 0.495313 0.316667 0.021875 0.140741 0.453303
0 0.495313 0.315741 0.0239583 0.135185 0.456197
0 0.329167 0.29537 0.025 0.0685185 0.460686
0 0.3 0.293519 0.0333333 0.109259 0.462157
0 0.329167 0.294444 0.025 0.0666667 0.470118
0 0.300521 0.293519 0.0322917 0.109259 0.470752
0 0.300521 0.293519 0.0322917 0.109259 0.475877
0 0.945312 0.524074 0.109375 0.674074 0.477702
0 0.3 0.293519 0.0333333 0.109259 0.480308
0 0.329167 0.294444 0.025 0.0666667 0.481773
0 0.589063 0.326852 0.0302083 0.142593 0.48616
0 0.300521 0.293519 0.0322917 0.109259 0.490073
0 0.554688 0.306481 0.028125 0.131481 0.498586
0 0.589583 0.327778 0.0291667 0.140741 0.501706
0 0.20625 0.35 0.0416667 0.22963 0.505372
0 0.589063 0.326852 0.028125 0.135185 0.506451
0 0.822396 0.528704 0.117708 0.631481 0.507544
0 0.945312 0.523148 0.109375 0.672222 0.513733
0 0.822396 0.536111 0.117708 0.646296 0.516816
0 0.20625 0.35 0.0416667 0.22963 0.518793
0 0.205729 0.35 0.040625 0.233333 0.524019
0 0.822917 0.537037 0.120833 0.655556 0.525652
0 0.619271 0.297222 0.0197917 0.0944444 0.535701
0 0.270312 0.30463 0.0260417 0.0907407 0.542392
0 0.270312 0.303704 0.0239583 0.0888889 0.559264
0 0.554688 0.306481 0.028125 0.135185 0.563877
0 0.944271 0.536111 0.111458 0.668519 0.564602
0 0.554688 0.306481 0.028125 0.131481 0.571014
0 0.554167 0.307407 0.025 0.12963 0.57419
0 0.495833 0.315741 0.025 0.135185 0.576999
0 0.270312 0.305556 0.0260417 0.0925926 0.581283
0 0.494792 0.318519 0.0229167 0.12963 0.582663
0 0.555208 0.308333 0.0270833 0.135185 0.583872
0 0.270312 0.305556 0.0260417 0.0925926 0.585254
0 0.269792 0.302778 0.025 0.0907407 0.585628
0 0.206771 0.351852 0.040625 0.237037 0.590284
0 0.206771 0.351852 0.040625 0.237037 0.596386
0 0.822917 0.536111 0.120833 0.653704 0.596781
0 0.206771 0.351852 0.040625 0.237037 0.599234
0 0.555208 0.308333 0.0270833 0.131481 0.620938
0 0.270312 0.30463 0.0260417 0.0907407 0.632202
0 0.494792 0.318519 0.025 0.137037 0.632905
0 0.494792 0.318519 0.0229167 0.133333 0.638224
0 0.944271 0.526852 0.111458 0.683333 0.645476
0 0.494792 0.318519 0.0229167 0.133333 0.64591
0 0.555208 0.308333 0.0270833 0.135185 0.646696
0 0.270833 0.30463 0.025 0.0907407 0.648484
0 0.620313 0.298148 0.0177083 0.0925926 0.650488
0 0.554167 0.307407 0.025 0.12963 0.651345
0 0.554167 0.308333 0.025 0.127778 0.651788
0 0.270833 0.30463 0.025 0.0907407 0.653884
0 0.619271 0.297222 0.0177083 0.087037 0.65896
0 0.555208 0.309259 0.0291667 0.137037 0.662144
0 0.495833 0.315741 0.0229167 0.138889 0.662173
0 0.821875 0.547222 0.120833 0.675926 0.663075
0 0.465104 0.331481 0.0322917 0.151852 0.663834
0 0.945312 0.528704 0.109375 0.701852 0.66479
0 0.464063 0.332407 0.0322917 0.157407 0.666385
0 0.821875 0.548148 0.120833 0.677778 0.666542
0 0.464583 0.332407 0.03125 0.157407 0.66836
0 0.822917 0.533333 0.11875 0.648148 0.668781
0 0.495313 0.315741 0.0239583 0.138889 0.669545
0 0.945833 0.527778 0.108333 0.696296 0.670954
0 0.619792 0.297222 0.01875 0.0944444 0.672071
0 0.464583 0.331481 0.03125 0.151852 0.673648
0 0.61875 0.298148 0.0208333 0.0925926 0.676915
0 0.619792 0.297222 0.01875 0.0944444 0.677637
0 0.619792 0.298148 0.01875 0.0888889 0.691596
0 0.619792 0.298148 0.01875 0.0888889 0.693958
0 0.464583 0.332407 0.03125 0.157407 0.703846
0 0.554688 0.307407 0.028125 0.133333 0.703894
0 0.589063 0.325 0.028125 0.138889 0.703917
0 0.554688 0.307407 0.028125 0.133333 0.704736
0 0.945833 0.527778 0.108333 0.703704 0.707496
0 0.588542 0.324074 0.0270833 0.140741 0.708848
0 0.465104 0.331481 0.0322917 0.151852 0.713092
0 0.588542 0.325 0.0291667 0.135185 0.716392
0 0.555208 0.309259 0.0291667 0.137037 0.719827
0 0.555208 0.307407 0.0270833 0.133333 0.724351
0 0.588542 0.325926 0.0291667 0.137037 0.727034
0 0.464583 0.330556 0.0333333 0.161111 0.735508
0 0.588542 0.325 0.0291667 0.135185 0.738263
0 0.619792 0.296296 0.01875 0.0925926 0.738724
0 0.464583 0.330556 0.0333333 0.157407 0.743149
0 0.463542 0.332407 0.0291667 0.157407 0.744398
0 0.555208 0.307407 0.0270833 0.133333 0.7478
0 0.463542 0.332407 0.0291667 0.161111 0.748357
0 0.588542 0.325926 0.0291667 0.137037 0.763474
0 0.555729 0.309259 0.028125 0.137037 0.765078
0 0.589063 0.326852 0.028125 0.138889 0.769567
0 0.588542 0.325926 0.0291667 0.137037 0.770796
0 0.945833 0.526852 0.108333 0.694444 0.771848
0 0.589063 0.326852 0.028125 0.138889 0.773191
0 0.589063 0.325 0.0302083 0.135185 0.773602
0 0.554688 0.306481 0.028125 0.131481 0.780981
0 0.554688 0.306481 0.028125 0.131481 0.782572
0 0.821354 0.542593 0.117708 0.674074 0.803077
0 0.821875 0.543519 0.11875 0.675926 0.829149
0 0.822917 0.544444 0.120833 0.67037 0.876633
0 0.822917 0.544444 0.120833 0.67037 0.886288
