0 0.585417 0.334259 0.0270833 0.131481 0.250186
0 0.48125 0.348148 0.0291667 0.144444 0.25035
0 0.084375 0.311111 0.0145833 0.0703704 0.252218
0 0.481771 0.32963 0.0239583 0.118519 0.253165
0 0.479688 0.344444 0.0260417 0.137037 0.255104
0 0.529688 0.337963 0.021875 0.138889 0.263653
0 0.516667 0.340741 0.025 0.151852 0.269834
0 0.530729 0.337963 0.0197917 0.135185 0.271423
0 0.271354 0.339815 0.0302083 0.135185 0.274504
0 0.271354 0.340741 0.0302083 0.137037 0.276211
0 0.948958 0.597222 0.102083 0.653704 0.276378
0 0.261458 0.372222 0.0395833 0.207407 0.277659
0 0.263021 0.361111 0.040625 0.2 0.277811
0 0.263542 0.360185 0.0416667 0.198148 0.27924
0 0.261458 0.373148 0.0395833 0.209259 0.279426
0 0.584896 0.334259 0.0260417 0.127778 0.27981
0 0.50625 0.349074 0.03125 0.146296 0.28819
0 0.522917 0.343519 0.0270833 0.142593 0.295187
0 0.817187 0.582407 0.128125 0.653704 0.313335
0 0.609896 0.355556 0.0302083 0.137037 0.315805
0 0.498958 0.350926 0.0354167 0.153704 0.316119
0 0.48125 0.333333 0.025 0.125926 0.32564
0 0.481771 0.333333 0.0260417 0.125926 0.327459
0 0.366667 0.343519 0.0291667 0.175926 0.331845
0 0.81875 0.597222 0.129167 0.687037 0.342631
0 0.269792 0.35463 0.0354167 0.17963 0.345163
0 0.269271 0.35463 0.034375 0.183333 0.347677
0 0.81875 0.597222 0.129167 0.690741 0.350056
0 0.366146 0.343519 0.028125 0.175926 0.350199
0 0.610417 0.353704 0.0291667 0.137037 0.358535
0 0.508854 0.348148 0.0385417 0.148148 0.361444
0 0.26875 0.356481 0.0354167 0.183333 0.372509
0 0.585417 0.334259 0.025 0.127778 0.374665
0 0.498958 0.35 0.0333333 0.151852 0.375124
0 0.478646 0.34537 0.0239583 0.138889 0.376118
0 0.506771 0.349074 0.0302083 0.15 0.378035
0 0.0192708 0.381481 0.0385417 0.185185 0.378821
0 0.0192708 0.380556 0.0385417 0.183333 0.385008
0 0.0213542 0.375 0.0427083 0.187037 0.40398
0 0.498958 0.35 0.03125 0.151852 0.408494
0 0.951042 0.582407 0.0979167 0.724074 0.408988
0 0.521875 0.344444 0.025 0.144444 0.421823
0 0.0213542 0.375926 0.0427083 0.188889 0.422702
0 0.584896 0.337037 0.0239583 0.122222 0.423256
0 0.508854 0.349074 0.0385417 0.15 0.430295
0 0.521875 0.344444 0.025 0.144444 0.431426
0 0.948958 0.585185 0.102083 0.722222 0.43313
0 0.509896 0.348148 0.0385417 0.148148 0.433371
0 0.584375 0.337037 0.0229167 0.122222 0.437583
0 0.584375 0.334259 0.025 0.124074 0.443329
0 0.265104 0.371296 0.040625 0.209259 0.444162
0 0.584375 0.337037 0.0229167 0.122222 0.4484
0 0.523958 0.343519 0.025 0.138889 0.450435
0 0.265104 0.371296 0.0385417 0.209259 0.45555
0 0.15 0.336111 0.0229167 0.112963 0.455721
0 0.951042 0.593518 0.0979167 0.701852 0.457817
0 0.596354 0.340741 0.0427083 0.133333 0.471884
0 0.951563 0.583333 0.096875 0.725926 0.486055
0 0.592708 0.341667 0.0395833 0.131481 0.486982
0 0.519792 0.342593 0.0229167 0.148148 0.489738
0 0.948438 0.592593 0.103125 0.707407 0.490787
0 0.81875 0.569444 0.127083 0.631481 0.492361
0 0.519792 0.342593 0.0229167 0.148148 0.493293
0 0.303125 0.317593 0.0208333 0.0907407 0.49525
0 0.596354 0.340741 0.0427083 0.133333 0.499526
0 0.303125 0.316667 0.0208333 0.0888889 0.501369
0 0.303125 0.317593 0.0208333 0.0907407 0.502499
0 0.949479 0.585185 0.101042 0.718518 0.509278
0 0.26875 0.364815 0.0354167 0.192593 0.512379
0 0.648438 0.327778 0.021875 0.0851852 0.513368
0 0.150521 0.336111 0.021875 0.109259 0.525223
0 0.26875 0.364815 0.0354167 0.192593 0.526042
0 0.817708 0.584259 0.127083 0.672222 0.537838
0 0.152083 0.334259 0.0208333 0.112963 0.53898
0 0.267188 0.364815 0.0385417 0.192593 0.544333
0 0.152604 0.334259 0.021875 0.109259 0.545235
0 0.647396 0.326852 0.021875 0.0907407 0.546486
0 0.152083 0.336111 0.0208333 0.109259 0.546882
0 0.152083 0.334259 0.0208333 0.109259 0.547905
0 0.266667 0.367593 0.0395833 0.198148 0.548621
0 0.647396 0.326852 0.021875 0.0907407 0.554393
0 0.501562 0.349074 0.0260417 0.153704 0.554523
0 0.648438 0.327778 0.021875 0.0851852 0.557953
0 0.303125 0.317593 0.0208333 0.087037 0.561125
0 0.266667 0.366667 0.0395833 0.2 0.561935
0 0.501562 0.349074 0.0260417 0.153704 0.562082
0 0.503125 0.347222 0.025 0.153704 0.562368
0 0.366667 0.350926 0.0291667 0.175926 0.563043
0 0.648438 0.327778 0.021875 0.0851852 0.563882
0 0.503125 0.346296 0.025 0.151852 0.565358
0 0.817708 0.583333 0.127083 0.674074 0.567164
0 0.267188 0.363889 0.0385417 0.194444 0.567401
0 0.152083 0.335185 0.0208333 0.103704 0.568119
0 0.266667 0.367593 0.0395833 0.198148 0.577155
0 0.647396 0.326852 0.021875 0.0944444 0.581216
0 0.366667 0.350926 0.0291667 0.175926 0.582734
0 0.152083 0.335185 0.0208333 0.103704 0.582848
0 0.267188 0.364815 0.0385417 0.196296 0.5834
0 0.81875 0.573148 0.127083 0.65 0.583526
0 0.647917 0.326852 0.0229167 0.0944444 0.583943
0 0.647396 0.326852 0.021875 0.087037 0.584329
0 0.152083 0.335185 0.0208333 0.103704 0.58547
0 0.948958 0.587963 0.102083 0.712963 0.587783
0 0.584375 0.339815 0.025 0.127778 0.600408
0 0.366667 0.350926 0.0291667 0.187037 0.608565
0 0.503646 0.349074 0.0260417 0.153704 0.610118
0 0.0203125 0.372222 0.040625 0.188889 0.610169
0 0.0203125 0.373148 0.040625 0.187037 0.617448
0 0.647917 0.326852 0.0229167 0.087037 0.623698
0 0.366667 0.350926 0.0291667 0.187037 0.624846
0 0.648438 0.326852 0.021875 0.087037 0.626334
0 0.584375 0.338889 0.025 0.12963 0.627415
0 0.503646 0.349074 0.0260417 0.153704 0.628418
0 0.948958 0.587037 0.102083 0.711111 0.629456
0 0.948958 0.588889 0.102083 0.707407 0.637231
0 0.366667 0.350926 0.0291667 0.187037 0.638637
0 0.584375 0.339815 0.025 0.127778 0.643634
0 0.648438 0.326852 0.021875 0.0907407 0.644127
0 0.949479 0.588889 0.101042 0.703704 0.654948
0 0.817708 0.578704 0.129167 0.646296 0.674544
0 0.609896 0.353704 0.0302083 0.140741 0.681744
0 0.647396 0.325926 0.021875 0.0888889 0.691366
0 0.609896 0.35463 0.0302083 0.142593 0.697279
0 0.584896 0.333333 0.0239583 0.125926 0.699824
0 0.366146 0.346296 0.0302083 0.17037 0.702344
0 0.95 0.588889 0.1 0.692593 0.702359
0 0.366146 0.344444 0.0302083 0.17037 0.704698
0 0.609896 0.35463 0.0302083 0.146296 0.705692
0 0.609896 0.35463 0.0302083 0.146296 0.706522
0 0.366667 0.350926 0.0291667 0.183333 0.709883
0 0.585417 0.334259 0.0229167 0.127778 0.715527
0 0.303125 0.317593 0.01875 0.087037 0.727742
0 0.609896 0.35463 0.0302083 0.138889 0.732481
0 0.366667 0.350926 0.0291667 0.183333 0.733308
0 0.303646 0.319444 0.0197917 0.0833333 0.736779
0 0.584896 0.335185 0.0239583 0.125926 0.739068
0 0.366146 0.350926 0.0302083 0.183333 0.739747
0 0.366667 0.35 0.0291667 0.181481 0.744915
0 0.366146 0.352778 0.0302083 0.183333 0.746869
0 0.948958 0.589815 0.102083 0.683333 0.74739
0 0.303125 0.316667 0.01875 0.0851852 0.747796
0 0.302604 0.32037 0.0197917 0.0888889 0.748011
0 0.303646 0.319444 0.0197917 0.0833333 0.755577
0 0.584896 0.335185 0.0239583 0.125926 0.756575
0 0.303646 0.319444 0.0197917 0.0833333 0.762152
0 0.302604 0.32037 0.0197917 0.0888889 0.762218
0 0.302604 0.32037 0.0197917 0.0888889 0.763095
0 0.584896 0.335185 0.0239583 0.125926 0.770872
0 0.0192708 0.376852 0.0385417 0.183333 0.778768
0 0.610417 0.355556 0.03125 0.140741 0.778922
0 0.0197917 0.375 0.0395833 0.183333 0.790215
0 0.366667 0.350926 0.0291667 0.183333 0.792677
0 0.610417 0.352778 0.0291667 0.15 0.794004
0 0.610417 0.353704 0.0291667 0.148148 0.799187
0 0.610417 0.355556 0.03125 0.140741 0.800205
0 0.0192708 0.376852 0.0385417 0.183333 0.801605
0 0.610937 0.355556 0.0302083 0.140741 0.805921
0 0.0197917 0.375 0.0395833 0.183333 0.806925
0 0.817708 0.587963 0.13125 0.675926 0.810696
0 0.817187 0.582407 0.128125 0.690741 0.812317
0 0.0192708 0.375926 0.0385417 0.181481 0.824835
0 0.366667 0.348148 0.0291667 0.177778 0.827911
0 0.0203125 0.375926 0.0385417 0.185185 0.828653
0 0.366667 0.348148 0.0291667 0.177778 0.8295
0 0.0197917 0.375926 0.0395833 0.181481 0.831635
0 0.818229 0.587037 0.130208 0.681481 0.831928
0 0.0203125 0.375926 0.0385417 0.185185 0.847461
0 0.0203125 0.375926 0.0385417 0.185185 0.850331
0 0.817708 0.587963 0.13125 0.675926 0.855761
0 0.0203125 0.375 0.040625 0.183333 0.860358
0 0.817708 0.584259 0.129167 0.664815 0.861476
0 0.818229 0.587037 0.130208 0.677778 0.863968
0 0.0203125 0.374074 0.040625 0.185185 0.864151
