0 0.466146 0.355556 0.0260417 0.103704 0.251073
2 0.389062 0.333333 0.0322917 0.0555556 0.251567
2 0.3875 0.333333 0.03125 0.0518519 0.256356
0 0.439063 0.371296 0.0302083 0.135185 0.262194
0 0.466146 0.355556 0.0260417 0.103704 0.265104
2 0.389062 0.333333 0.0322917 0.0555556 0.266792
0 0.436458 0.375 0.03125 0.146296 0.269224
0 0.608854 0.371296 0.0239583 0.131481 0.271513
0 0.436458 0.37037 0.03125 0.140741 0.272482
0 0.466146 0.355556 0.0260417 0.103704 0.274116
0 0.0489583 0.387037 0.0270833 0.12963 0.278206
0 0.436458 0.37037 0.03125 0.140741 0.278673
2 0.389062 0.333333 0.0322917 0.0555556 0.278917
0 0.609375 0.374074 0.0270833 0.133333 0.279245
0 0.326042 0.360185 0.01875 0.0796296 0.279623
0 0.325521 0.359259 0.0197917 0.0777778 0.287059
0 0.644271 0.390741 0.0489583 0.222222 0.288176
0 0.644792 0.391667 0.0479167 0.224074 0.29726
0 0.439583 0.371296 0.0333333 0.131481 0.300724
0 0.435937 0.375 0.0302083 0.142593 0.302669
0 0.644792 0.391667 0.0479167 0.22037 0.303449
0 0.440104 0.371296 0.034375 0.131481 0.303483
0 0.325521 0.359259 0.0197917 0.0777778 0.306004
0 0.0489583 0.386111 0.0270833 0.131481 0.308711
0 0.0489583 0.387037 0.0270833 0.133333 0.316633
0 0.435937 0.375 0.0302083 0.146296 0.321373
0 0.0494792 0.383333 0.0302083 0.144444 0.324936
0 0.610937 0.375926 0.028125 0.133333 0.334938
0 0.227083 0.441667 0.108333 0.409259 0.339683
0 0.608854 0.374074 0.0260417 0.133333 0.346148
0 0.0484375 0.385185 0.0302083 0.140741 0.347363
0 0.223438 0.440741 0.109375 0.403704 0.348307
0 0.633333 0.381481 0.0375 0.207407 0.35472
0 0.632812 0.380556 0.0364583 0.201852 0.357806
0 0.326562 0.355556 0.0197917 0.0814815 0.361795
0 0.225 0.440741 0.108333 0.407407 0.36395
0 0.223438 0.439815 0.109375 0.405556 0.36643
0 0.0458333 0.382407 0.0229167 0.131481 0.367671
0 0.225 0.440741 0.108333 0.403704 0.367745
0 0.325521 0.35463 0.021875 0.0833333 0.36804
0 0.0515625 0.380556 0.0322917 0.146296 0.368443
0 0.0515625 0.380556 0.0322917 0.146296 0.369212
0 0.0494792 0.383333 0.0302083 0.144444 0.372905
0 0.643229 0.385185 0.0489583 0.214815 0.373718
0 0.225 0.440741 0.108333 0.407407 0.377813
0 0.324479 0.359259 0.0177083 0.0777778 0.391763
0 0.0489583 0.385185 0.0291667 0.140741 0.39225
0 0.324479 0.359259 0.0177083 0.0777778 0.394687
0 0.324479 0.359259 0.0177083 0.0740741 0.408331
0 0.0458333 0.380556 0.025 0.138889 0.409222
0 0.441667 0.375 0.0333333 0.142593 0.422617
0 0.441667 0.375 0.0333333 0.142593 0.432723
0 0.642708 0.385185 0.0479167 0.214815 0.435637
0 0.608854 0.372222 0.0239583 0.137037 0.439595
0 0.491667 0.372222 0.0270833 0.140741 0.445301
0 0.608854 0.372222 0.0239583 0.137037 0.448334
0 0.491667 0.372222 0.0270833 0.140741 0.457989
0 0.490625 0.375926 0.025 0.125926 0.458087
0 0.0479167 0.385185 0.0270833 0.140741 0.460913
0 0.609896 0.374074 0.028125 0.140741 0.46116
0 0.491146 0.376852 0.0260417 0.135185 0.470934
0 0.0489583 0.383333 0.0270833 0.144444 0.474651
0 0.610937 0.375926 0.028125 0.148148 0.478035
0 0.610937 0.376852 0.0260417 0.146296 0.483319
0 0.323958 0.356481 0.01875 0.0833333 0.488719
0 0.609375 0.374074 0.025 0.133333 0.489032
0 0.441146 0.374074 0.0322917 0.140741 0.489142
0 0.226562 0.441667 0.109375 0.401852 0.500583
0 0.643229 0.385185 0.0489583 0.214815 0.500975
0 0.0458333 0.382407 0.0229167 0.138889 0.506916
0 0.323438 0.356481 0.021875 0.0796296 0.50781
0 0.609375 0.373148 0.0270833 0.138889 0.510858
0 0.0458333 0.382407 0.0229167 0.138889 0.517962
0 0.491146 0.375926 0.0302083 0.137037 0.536862
0 0.609896 0.373148 0.028125 0.138889 0.541202
0 0.64375 0.386111 0.0520833 0.22037 0.543348
0 0.490625 0.375926 0.025 0.133333 0.546094
0 0.490625 0.375926 0.025 0.133333 0.559628
0 0.644271 0.388889 0.0510417 0.222222 0.561243
0 0.644271 0.389815 0.0510417 0.22037 0.563593
0 0.609896 0.373148 0.0260417 0.142593 0.571314
0 0.609375 0.374074 0.025 0.133333 0.57288
0 0.491667 0.378704 0.0291667 0.142593 0.581969
0 0.438021 0.375 0.0322917 0.138889 0.599936
0 0.609896 0.373148 0.0260417 0.138889 0.600847
0 0.491667 0.375 0.0291667 0.135185 0.605044
0 0.491667 0.376852 0.0291667 0.142593 0.607185
0 0.491667 0.375926 0.0291667 0.137037 0.612621
0 0.609375 0.373148 0.025 0.138889 0.618053
0 0.491667 0.375926 0.0291667 0.137037 0.624442
0 0.438021 0.375 0.0322917 0.138889 0.626561
0 0.492188 0.378704 0.028125 0.142593 0.631296
0 0.609375 0.375 0.025 0.138889 0.642285
0 0.608854 0.375 0.0239583 0.138889 0.644341
0 0.491146 0.375926 0.028125 0.137037 0.676436
0 0.438021 0.375926 0.0322917 0.140741 0.687351
0 0.491146 0.375926 0.028125 0.137037 0.696693
0 0.324479 0.359259 0.0197917 0.0814815 0.698151
0 0.644271 0.387037 0.0510417 0.218519 0.705395
0 0.324479 0.359259 0.0197917 0.0814815 0.712451
0 0.324479 0.360185 0.0197917 0.0796296 0.714977
0 0.324479 0.356481 0.0197917 0.0833333 0.716369
0 0.439063 0.375 0.0322917 0.142593 0.721744
0 0.439063 0.375926 0.0322917 0.140741 0.724879
0 0.644792 0.387963 0.05 0.22037 0.729789
0 0.644792 0.387963 0.0479167 0.216667 0.730124
0 0.439063 0.371296 0.0322917 0.146296 0.730511
0 0.324479 0.357407 0.0197917 0.0814815 0.732897
0 0.324479 0.357407 0.0197917 0.0814815 0.73593
0 0.439063 0.371296 0.0322917 0.142593 0.739096
0 0.439063 0.375926 0.0322917 0.144444 0.755596
0 0.644792 0.387037 0.05 0.218519 0.75875
0 0.491667 0.376852 0.0270833 0.138889 0.761808
0 0.644792 0.387963 0.0479167 0.216667 0.764093
0 0.438021 0.373148 0.0302083 0.15 0.769267
0 0.438021 0.373148 0.0302083 0.146296 0.773213
0 0.491667 0.376852 0.0270833 0.138889 0.773635
0 0.645312 0.387037 0.046875 0.218519 0.785911
0 0.644792 0.386111 0.0458333 0.22037 0.788053
0 0.644792 0.387963 0.0479167 0.216667 0.788433
0 0.645833 0.387963 0.0458333 0.22037 0.802706
0 0.645833 0.387037 0.0458333 0.218519 0.804316
0 0.225 0.440741 0.110417 0.4 0.814417
0 0.225521 0.440741 0.109375 0.396296 0.861678
0 0.225 0.444444 0.110417 0.4 0.866947
0 0.225 0.440741 0.110417 0.4 0.868654
0 0.224479 0.444444 0.109375 0.4 0.870659
0 0.225 0.444444 0.110417 0.4 0.873353
0 0.225521 0.440741 0.109375 0.396296 0.874894
0 0.225521 0.443519 0.109375 0.401852 0.898152
0 0.225 0.442593 0.108333 0.403704 0.902924
0 0.225521 0.443519 0.109375 0.401852 0.905853
