0 0.355729 0.428704 0.0135417 0.0833333 0.251531
13 0.443229 0.583333 0.134375 0.0814815 0.252785
0 0.230729 0.444444 0.0177083 0.0777778 0.254588
0 0.0895833 0.503704 0.05 0.181481 0.257559
0 0.954687 0.444444 0.0572917 0.285185 0.259249
13 0.445312 0.587963 0.134375 0.0833333 0.2603
13 0.44375 0.583333 0.133333 0.0814815 0.260721
13 0.444792 0.583333 0.141667 0.0814815 0.262412
13 0.445312 0.587963 0.134375 0.0833333 0.266679
26 0.696875 0.606481 0.0291667 0.0944444 0.267944
0 0.196354 0.441667 0.015625 0.0685185 0.268025
0 0.230729 0.44537 0.0177083 0.0796296 0.269124
0 0.0447917 0.547222 0.06875 0.316667 0.271185
0 0.197917 0.442593 0.0166667 0.0666667 0.276396
0 0.197396 0.442593 0.0177083 0.0666667 0.277511
0 0.0989583 0.498148 0.05625 0.177778 0.278049
0 0.0901042 0.502778 0.0510417 0.183333 0.278682
0 0.244792 0.447222 0.01875 0.0833333 0.28001
26 0.696875 0.605556 0.0291667 0.0962963 0.282613
0 0.124479 0.487037 0.021875 0.17037 0.284527
0 0.0895833 0.503704 0.0520833 0.181481 0.28725
0 0.196875 0.442593 0.0166667 0.0666667 0.292977
26 0.696875 0.605556 0.0291667 0.0925926 0.29397
0 0.95625 0.446296 0.0604167 0.285185 0.294683
0 0.959896 0.442593 0.065625 0.281481 0.29679
0 0.078125 0.501852 0.0291667 0.17037 0.297348
0 0.125 0.487037 0.0208333 0.17037 0.297606
0 0.113542 0.49537 0.0395833 0.175926 0.299475
0 0.95625 0.44537 0.0604167 0.287037 0.299553
0 0.956771 0.443519 0.0614583 0.290741 0.300035
0 0.078125 0.501852 0.0291667 0.17037 0.304332
0 0.957292 0.443519 0.0604167 0.290741 0.305811
13 0.452083 0.587037 0.154167 0.0851852 0.305909
0 0.113021 0.49537 0.040625 0.175926 0.305956
0 0.246875 0.45 0.0166667 0.0851852 0.306221
0 0.247396 0.448148 0.0197917 0.0814815 0.306783
0 0.197396 0.442593 0.0177083 0.0666667 0.306823
0 0.125521 0.490741 0.0239583 0.159259 0.308475
0 0.418229 0.452778 0.0177083 0.0944444 0.309962
0 0.433854 0.452778 0.015625 0.0944444 0.312353
13 0.465104 0.590741 0.180208 0.0888889 0.313535
0 0.542708 0.481481 0.0333333 0.133333 0.314461
0 0.415625 0.45 0.01875 0.0925926 0.31472
0 0.956771 0.44537 0.0614583 0.275926 0.315366
0 0.956771 0.443519 0.0614583 0.290741 0.31597
0 0.95625 0.44537 0.0604167 0.287037 0.318056
0 0.246875 0.448148 0.01875 0.0814815 0.319844
0 0.246875 0.45 0.0166667 0.0851852 0.324518
0 0.434375 0.451852 0.0145833 0.0925926 0.324605
13 0.461979 0.585185 0.171875 0.0851852 0.325247
0 0.25 0.449074 0.01875 0.087037 0.331522
0 0.957812 0.444444 0.0635417 0.277778 0.331786
0 0.246875 0.448148 0.01875 0.0814815 0.331828
0 0.417708 0.452778 0.0166667 0.0907407 0.333496
13 0.466667 0.592593 0.183333 0.0888889 0.34023
0 0.246875 0.45 0.0166667 0.0814815 0.343671
0 0.463542 0.449074 0.01875 0.101852 0.352004
26 0.696875 0.605556 0.0291667 0.0925926 0.362529
0 0.434375 0.451852 0.0145833 0.0925926 0.363793
0 0.446354 0.450926 0.0177083 0.0981481 0.364935
26 0.696875 0.605556 0.0291667 0.0925926 0.365482
13 0.4625 0.587963 0.177083 0.0833333 0.366624
0 0.460417 0.450926 0.01875 0.0944444 0.37128
0 0.460417 0.450926 0.0208333 0.0944444 0.373531
0 0.433854 0.45 0.015625 0.0962963 0.383199
0 0.460938 0.450926 0.0197917 0.0944444 0.384529
0 0.441146 0.451852 0.0177083 0.1 0.385054
0 0.433854 0.45 0.0135417 0.0925926 0.386339
0 0.445833 0.45 0.01875 0.1 0.387323
0 0.417708 0.452778 0.0166667 0.0944444 0.390487
0 0.41875 0.45 0.0166667 0.0888889 0.396789
0 0.446354 0.45 0.0177083 0.1 0.40006
0 0.25 0.448148 0.01875 0.0851852 0.409392
0 0.434375 0.449074 0.0145833 0.0944444 0.414021
0 0.25 0.448148 0.01875 0.0851852 0.423612
0 0.41875 0.45 0.0166667 0.0851852 0.425807
0 0.25 0.448148 0.01875 0.0851852 0.430221
0 0.401563 0.447222 0.0177083 0.087037 0.433425
26 0.697396 0.605556 0.0302083 0.0925926 0.43807
0 0.401563 0.447222 0.0177083 0.0907407 0.442821
0 0.442187 0.449074 0.021875 0.0944444 0.444877
0 0.401563 0.446296 0.0177083 0.0888889 0.462096
0 0.442187 0.449074 0.021875 0.0981481 0.465109
0 0.0489583 0.55463 0.075 0.32037 0.466249
0 0.442187 0.449074 0.021875 0.0981481 0.46691
0 0.41875 0.45 0.0166667 0.0888889 0.474773
0 0.113021 0.49537 0.040625 0.172222 0.502621
0 0.401042 0.444444 0.0166667 0.0851852 0.502673
0 0.401563 0.444444 0.0177083 0.0888889 0.512502
0 0.1125 0.496296 0.0416667 0.174074 0.517731
0 0.401042 0.444444 0.01875 0.0888889 0.541685
0 0.109896 0.496296 0.0385417 0.174074 0.542787
0 0.460938 0.45 0.021875 0.1 0.546979
0 0.401042 0.443519 0.01875 0.087037 0.556002
0 0.0442708 0.553704 0.0697917 0.318519 0.568988
0 0.460938 0.45 0.0197917 0.0962963 0.570852
0 0.541667 0.487037 0.0333333 0.151852 0.57348
0 0.0442708 0.552778 0.071875 0.312963 0.57725
0 0.461458 0.449074 0.0208333 0.0981481 0.580217
0 0.461979 0.45 0.0197917 0.1 0.581525
0 0.671875 0.536111 0.05625 0.35 0.583703
0 0.460938 0.449074 0.0197917 0.0981481 0.583859
0 0.542188 0.487037 0.0322917 0.151852 0.58591
0 0.0442708 0.553704 0.0697917 0.318519 0.594557
0 0.542708 0.482407 0.0333333 0.146296 0.59651
0 0.542708 0.483333 0.0333333 0.144444 0.601662
0 0.109375 0.497222 0.0395833 0.175926 0.60846
0 0.0442708 0.551852 0.0697917 0.311111 0.614907
0 0.04375 0.55463 0.0708333 0.316667 0.620654
0 0.108854 0.496296 0.0364583 0.177778 0.62429
0 0.108333 0.498148 0.0375 0.177778 0.643657
0 0.4625 0.448148 0.01875 0.0962963 0.645271
0 0.461979 0.448148 0.0197917 0.0962963 0.651259
0 0.461979 0.448148 0.0197917 0.0962963 0.656092
0 0.671875 0.538889 0.0583333 0.337037 0.661394
0 0.109896 0.497222 0.0385417 0.175926 0.666961
0 0.672396 0.538889 0.0572917 0.337037 0.669024
0 0.672396 0.537963 0.0572917 0.338889 0.670273
0 0.110417 0.499074 0.0395833 0.17963 0.673704
0 0.672917 0.538889 0.0583333 0.351852 0.698558
0 0.672396 0.536111 0.0572917 0.35 0.699954
0 0.109896 0.499074 0.0385417 0.17963 0.710594
0 0.0458333 0.555556 0.0729167 0.322222 0.716897
0 0.672917 0.538889 0.0583333 0.348148 0.721069
0 0.107813 0.498148 0.0364583 0.177778 0.722801
0 0.0463542 0.553704 0.0697917 0.318519 0.723492
0 0.0442708 0.553704 0.0697917 0.318519 0.724178
0 0.0453125 0.553704 0.071875 0.318519 0.725217
0 0.0463542 0.553704 0.0697917 0.318519 0.730393
0 0.107813 0.497222 0.0364583 0.17963 0.731145
0 0.0442708 0.552778 0.0697917 0.32037 0.731834
0 0.672917 0.538889 0.0583333 0.348148 0.732841
0 0.0463542 0.553704 0.0697917 0.318519 0.734207
0 0.0458333 0.55463 0.0708333 0.32037 0.735476
0 0.04375 0.552778 0.0708333 0.32037 0.740651
0 0.109896 0.498148 0.0385417 0.181481 0.743712
0 0.0442708 0.551852 0.0697917 0.318519 0.757936
0 0.0447917 0.553704 0.0708333 0.318519 0.764472
0 0.671875 0.536111 0.0583333 0.35 0.776884
0 0.542708 0.485185 0.0333333 0.148148 0.800493
0 0.542708 0.485185 0.0333333 0.151852 0.806023
0 0.542708 0.485185 0.0333333 0.151852 0.806722
0 0.672396 0.537963 0.0572917 0.35 0.807106
0 0.542708 0.485185 0.0333333 0.151852 0.808852
0 0.542708 0.485185 0.0333333 0.148148 0.809927
0 0.542708 0.485185 0.0333333 0.148148 0.815095
0 0.542708 0.485185 0.0333333 0.151852 0.819894
0 0.542708 0.485185 0.0333333 0.155556 0.830707
0 0.542708 0.485185 0.0333333 0.151852 0.83087
0 0.672396 0.538889 0.0572917 0.348148 0.832517
0 0.542708 0.485185 0.0333333 0.151852 0.834245
0 0.672396 0.538889 0.0572917 0.348148 0.841721
0 0.542708 0.484259 0.0333333 0.15 0.846017
