0 0.207292 0.366667 0.0208333 0.133333 0.250842
0 0.488021 0.361111 0.021875 0.125926 0.250869
13 0.338021 0.781482 0.330208 0.418519 0.251896
0 0.942708 0.525926 0.1125 0.588889 0.252387
0 0.209375 0.366667 0.0229167 0.12963 0.252505
0 0.488542 0.352778 0.0208333 0.105556 0.264644
0 0.377083 0.358333 0.025 0.116667 0.264981
0 0.823958 0.542593 0.1 0.562963 0.266056
0 0.489062 0.353704 0.0197917 0.103704 0.269949
0 0.472396 0.375 0.0302083 0.135185 0.270174
0 0.823438 0.542593 0.0989583 0.566667 0.271222
0 0.346354 0.338889 0.0197917 0.062963 0.275247
0 0.429688 0.352778 0.0427083 0.109259 0.276094
0 0.821875 0.549074 0.102083 0.572222 0.283734
24 0.964583 0.462037 0.0708333 0.238889 0.28642
0 0.821354 0.549074 0.103125 0.572222 0.286591
0 0.469271 0.37037 0.0260417 0.12963 0.292912
0 0.563542 0.372222 0.0354167 0.2 0.32053
13 0.332812 0.783333 0.313542 0.418519 0.322729
0 0.563542 0.372222 0.0354167 0.2 0.324596
0 0.470313 0.382407 0.0260417 0.131481 0.329473
13 0.333333 0.782407 0.314583 0.416667 0.330284
13 0.333333 0.782407 0.314583 0.416667 0.332023
24 0.966146 0.461111 0.0677083 0.233333 0.343298
0 0.285937 0.360185 0.028125 0.131481 0.343699
0 0.563542 0.372222 0.0354167 0.2 0.344906
24 0.966667 0.462037 0.0666667 0.235185 0.360107
0 0.926562 0.542593 0.0989583 0.57037 0.360511
0 0.469271 0.371296 0.0260417 0.138889 0.373175
0 0.469271 0.372222 0.0260417 0.137037 0.37388
24 0.966146 0.461111 0.0677083 0.237037 0.377191
24 0.966146 0.451852 0.065625 0.222222 0.380387
0 0.926042 0.541667 0.1 0.57963 0.380681
24 0.965625 0.451852 0.0645833 0.222222 0.381122
24 0.965104 0.461111 0.0677083 0.237037 0.384995
0 0.439583 0.351852 0.0229167 0.103704 0.387318
0 0.470313 0.381481 0.0260417 0.137037 0.39234
0 0.940625 0.52963 0.116667 0.581481 0.396243
0 0.470313 0.382407 0.0260417 0.138889 0.397395
0 0.440104 0.352778 0.021875 0.105556 0.397396
0 0.561458 0.37037 0.0333333 0.2 0.398507
24 0.966146 0.451852 0.065625 0.222222 0.399975
0 0.439583 0.351852 0.0229167 0.107407 0.404305
0 0.442708 0.349074 0.0208333 0.0981481 0.406328
0 0.285937 0.360185 0.028125 0.138889 0.409021
0 0.469792 0.375 0.03125 0.15 0.409398
0 0.0520833 0.362963 0.01875 0.103704 0.414223
0 0.561979 0.37037 0.034375 0.203704 0.41587
0 0.285937 0.361111 0.028125 0.137037 0.416827
0 0.561979 0.371296 0.034375 0.198148 0.417413
0 0.440625 0.349074 0.0208333 0.0944444 0.433816
0 0.440625 0.348148 0.0208333 0.0962963 0.435948
0 0.469792 0.375 0.03125 0.146296 0.442814
0 0.46875 0.375 0.0333333 0.146296 0.443472
0 0.440104 0.348148 0.0197917 0.1 0.447738
0 0.378646 0.359259 0.021875 0.114815 0.448069
0 0.470833 0.377778 0.0270833 0.137037 0.451875
0 0.440104 0.348148 0.0197917 0.103704 0.453988
0 0.440625 0.348148 0.0208333 0.0962963 0.455969
0 0.0520833 0.363889 0.0208333 0.0981481 0.461203
0 0.938542 0.531482 0.116667 0.581481 0.461433
0 0.416146 0.35463 0.0197917 0.124074 0.465441
0 0.378125 0.359259 0.0208333 0.114815 0.468766
0 0.440104 0.349074 0.0197917 0.101852 0.469076
0 0.416146 0.353704 0.0197917 0.122222 0.469906
0 0.0520833 0.362963 0.0208333 0.1 0.486661
0 0.378125 0.359259 0.0208333 0.114815 0.489199
0 0.126042 0.372222 0.0270833 0.122222 0.490159
0 0.0520833 0.362963 0.0208333 0.1 0.490247
0 0.416146 0.35463 0.0197917 0.124074 0.490311
0 0.376563 0.358333 0.0239583 0.112963 0.499444
0 0.561458 0.369444 0.0354167 0.194444 0.50932
0 0.561458 0.369444 0.0354167 0.194444 0.509651
0 0.823438 0.537037 0.103125 0.559259 0.534289
0 0.053125 0.364815 0.0208333 0.0962963 0.539677
0 0.284896 0.357407 0.028125 0.133333 0.540729
0 0.126563 0.372222 0.028125 0.122222 0.540758
0 0.378646 0.359259 0.021875 0.111111 0.551088
0 0.378125 0.359259 0.0229167 0.114815 0.557548
0 0.0520833 0.365741 0.0208333 0.0944444 0.558272
0 0.126563 0.372222 0.028125 0.122222 0.5596
0 0.126042 0.372222 0.0270833 0.122222 0.562521
0 0.417188 0.355556 0.021875 0.114815 0.565039
0 0.471875 0.377778 0.03125 0.148148 0.565112
0 0.284896 0.360185 0.028125 0.138889 0.567218
0 0.053125 0.364815 0.0208333 0.0962963 0.56865
0 0.0526042 0.364815 0.0197917 0.0962963 0.572805
0 0.377604 0.359259 0.021875 0.111111 0.573959
0 0.563021 0.368519 0.0364583 0.2 0.575216
0 0.053125 0.364815 0.0208333 0.0962963 0.577336
0 0.0526042 0.364815 0.0197917 0.1 0.579246
0 0.472396 0.375 0.0302083 0.142593 0.579664
0 0.563542 0.37037 0.0354167 0.2 0.581986
0 0.053125 0.364815 0.0208333 0.1 0.582696
0 0.0526042 0.364815 0.021875 0.1 0.584498
0 0.125521 0.373148 0.0260417 0.12037 0.587215
0 0.472396 0.375926 0.0302083 0.140741 0.588778
0 0.471354 0.376852 0.0302083 0.15 0.597539
0 0.938021 0.530556 0.117708 0.57963 0.598124
0 0.285417 0.360185 0.0270833 0.138889 0.602044
0 0.285417 0.359259 0.0270833 0.137037 0.603648
0 0.471875 0.376852 0.0291667 0.15 0.612693
0 0.284896 0.356481 0.028125 0.135185 0.613058
0 0.823438 0.536111 0.103125 0.557407 0.617065
0 0.418229 0.355556 0.021875 0.118519 0.624708
0 0.378125 0.359259 0.0229167 0.114815 0.625302
0 0.418229 0.355556 0.021875 0.114815 0.628208
0 0.470313 0.377778 0.0302083 0.144444 0.630608
0 0.378646 0.359259 0.021875 0.114815 0.638075
0 0.417708 0.355556 0.0208333 0.114815 0.645371
0 0.377604 0.360185 0.021875 0.116667 0.645539
0 0.126042 0.373148 0.0270833 0.12037 0.649018
0 0.377604 0.360185 0.021875 0.116667 0.650811
0 0.377604 0.360185 0.021875 0.116667 0.652176
0 0.929167 0.536111 0.104167 0.575926 0.655175
0 0.125521 0.373148 0.0260417 0.12037 0.659728
0 0.469792 0.376852 0.0291667 0.146296 0.667126
0 0.126563 0.373148 0.028125 0.12037 0.668584
0 0.285937 0.361111 0.0302083 0.137037 0.674461
0 0.285417 0.358333 0.0291667 0.135185 0.685346
0 0.285417 0.358333 0.0291667 0.135185 0.685759
0 0.928646 0.536111 0.103125 0.572222 0.687914
0 0.469792 0.376852 0.0291667 0.146296 0.690989
0 0.929688 0.535185 0.103125 0.574074 0.692384
0 0.417708 0.356481 0.0208333 0.116667 0.692858
0 0.929688 0.533333 0.103125 0.581481 0.696389
0 0.285417 0.361111 0.0291667 0.137037 0.698613
0 0.126042 0.372222 0.0270833 0.122222 0.699533
0 0.285937 0.361111 0.0302083 0.140741 0.704221
0 0.821354 0.54537 0.103125 0.575926 0.707812
0 0.821354 0.54537 0.103125 0.572222 0.710023
0 0.470833 0.377778 0.0270833 0.144444 0.710148
0 0.285417 0.361111 0.0291667 0.137037 0.711884
0 0.470833 0.377778 0.0270833 0.144444 0.7165
0 0.285417 0.361111 0.0291667 0.137037 0.716891
0 0.126042 0.373148 0.0270833 0.124074 0.722356
0 0.285417 0.361111 0.0291667 0.137037 0.741977
0 0.126042 0.373148 0.0270833 0.12037 0.753898
0 0.126042 0.372222 0.0270833 0.122222 0.758291
0 0.824479 0.533333 0.103125 0.548148 0.765205
0 0.126563 0.373148 0.0239583 0.12037 0.766612
0 0.561458 0.37037 0.0354167 0.196296 0.780391
0 0.126563 0.374074 0.0260417 0.122222 0.780867
0 0.561979 0.369444 0.0364583 0.198148 0.786461
0 0.561979 0.37037 0.034375 0.196296 0.789386
0 0.561979 0.369444 0.0364583 0.198148 0.790066
0 0.824479 0.534259 0.103125 0.553704 0.790621
0 0.126042 0.372222 0.0270833 0.122222 0.791359
0 0.126042 0.372222 0.0270833 0.118519 0.791523
0 0.127083 0.373148 0.025 0.12037 0.793985
0 0.284896 0.357407 0.028125 0.137037 0.800506
0 0.284896 0.357407 0.028125 0.137037 0.802349
0 0.821875 0.540741 0.102083 0.57037 0.80448
0 0.821875 0.538889 0.102083 0.574074 0.804531
0 0.126042 0.372222 0.0270833 0.118519 0.809503
0 0.934375 0.531482 0.110417 0.588889 0.818758
0 0.822396 0.536111 0.103125 0.557407 0.831129
0 0.5625 0.37037 0.0354167 0.196296 0.834303
0 0.930729 0.534259 0.107292 0.594444 0.836526
0 0.822396 0.537037 0.103125 0.559259 0.846601
0 0.5625 0.369444 0.0354167 0.198148 0.846928
0 0.5625 0.37037 0.0354167 0.196296 0.847902
0 0.934375 0.531482 0.110417 0.588889 0.850526
0 0.930729 0.534259 0.107292 0.590741 0.850935
0 0.5625 0.37037 0.0354167 0.196296 0.854338
0 0.5625 0.369444 0.0354167 0.198148 0.859997
0 0.5625 0.369444 0.0354167 0.198148 0.863425
0 0.823438 0.542593 0.103125 0.574074 0.874374
0 0.823438 0.542593 0.103125 0.574074 0.888305
