0 0.289583 0.399074 0.01875 0.0685185 0.250985
0 0.256771 0.389815 0.0197917 0.0722222 0.251141
0 0.653125 0.430556 0.0208333 0.112963 0.254239
0 0.195312 0.389815 0.0260417 0.0685185 0.256324
0 0.315104 0.392593 0.0135417 0.0703704 0.256725
13 0.279167 0.484259 0.0895833 0.0574074 0.258246
0 0.151042 0.396296 0.0145833 0.0703704 0.260757
0 0.441667 0.431481 0.03125 0.166667 0.260884
13 0.35 0.57963 0.1625 0.0925926 0.261323
13 0.3875 0.625926 0.233333 0.159259 0.262608
13 0.28125 0.486111 0.0916667 0.0574074 0.264004
0 0.257292 0.387963 0.0208333 0.0685185 0.265556
0 0.197917 0.388889 0.0166667 0.0703704 0.266519
0 0.290625 0.402778 0.01875 0.0685185 0.266631
0 0.653125 0.430556 0.0208333 0.112963 0.267259
0 0.359896 0.415741 0.0197917 0.109259 0.270389
0 0.201042 0.388889 0.0166667 0.0703704 0.272215
13 0.350521 0.57963 0.165625 0.0962963 0.272684
0 0.196875 0.390741 0.025 0.0703704 0.27668
0 0.197917 0.388889 0.0166667 0.0666667 0.278554
13 0.351562 0.57963 0.161458 0.0888889 0.279284
0 0.289583 0.399074 0.01875 0.0685185 0.279413
0 0.441667 0.431481 0.03125 0.166667 0.279438
13 0.208854 0.463889 0.0635417 0.0833333 0.2804
0 0.363021 0.416667 0.028125 0.107407 0.280883
13 0.280208 0.484259 0.0895833 0.0574074 0.281833
0 0.653125 0.430556 0.0208333 0.112963 0.282301
0 0.939583 0.6 0.120833 0.477778 0.285894
0 0.264583 0.392593 0.0208333 0.0666667 0.285899
13 0.208333 0.463889 0.0645833 0.0833333 0.286647
0 0.264583 0.392593 0.0208333 0.0666667 0.286764
0 0.653646 0.425 0.0239583 0.105556 0.28692
0 0.291667 0.408333 0.0166667 0.0759259 0.287748
0 0.183854 0.394444 0.015625 0.062963 0.291522
13 0.345313 0.577778 0.159375 0.0962963 0.291859
13 0.281771 0.47963 0.0885417 0.0666667 0.306164
0 0.184375 0.394444 0.0166667 0.062963 0.306998
0 0.441667 0.436111 0.03125 0.168519 0.310878
0 0.264583 0.392593 0.0208333 0.0666667 0.311352
0 0.363021 0.415741 0.028125 0.109259 0.311611
13 0.278646 0.481481 0.090625 0.0666667 0.314203
0 0.397396 0.401852 0.0177083 0.0777778 0.315312
13 0.381771 0.615741 0.228125 0.153704 0.317391
0 0.363021 0.415741 0.028125 0.109259 0.317669
0 0.259375 0.393519 0.0208333 0.0685185 0.321981
0 0.653646 0.428704 0.021875 0.112963 0.322037
0 0.259375 0.392593 0.0208333 0.0666667 0.324351
0 0.441667 0.435185 0.03125 0.166667 0.330548
0 0.44375 0.430556 0.0333333 0.164815 0.331092
0 0.653646 0.428704 0.021875 0.112963 0.335646
0 0.291146 0.406481 0.0177083 0.0611111 0.336435
13 0.279167 0.481481 0.0895833 0.0666667 0.338074
0 0.653646 0.428704 0.021875 0.112963 0.340106
13 0.28125 0.480556 0.0895833 0.0648148 0.340597
0 0.259375 0.392593 0.0208333 0.0666667 0.345088
0 0.443229 0.42963 0.034375 0.166667 0.346449
0 0.291146 0.407407 0.0197917 0.062963 0.353896
0 0.315104 0.399074 0.0135417 0.0648148 0.355694
0 0.397396 0.405556 0.0177083 0.0888889 0.356813
13 0.359375 0.584259 0.179167 0.105556 0.357144
0 0.44375 0.430556 0.0333333 0.164815 0.360431
0 0.397396 0.401852 0.0177083 0.0777778 0.360543
0 0.397396 0.401852 0.0177083 0.0740741 0.36491
0 0.201042 0.388889 0.0166667 0.0703704 0.364924
0 0.201042 0.390741 0.0166667 0.0703704 0.367595
0 0.201042 0.387963 0.0166667 0.0685185 0.370318
0 0.291146 0.406481 0.0197917 0.0611111 0.371811
0 0.939583 0.599074 0.120833 0.487037 0.375673
0 0.315104 0.399074 0.0135417 0.0648148 0.38593
0 0.939062 0.599074 0.121875 0.490741 0.398932
0 0.201562 0.389815 0.015625 0.0722222 0.399399
0 0.290625 0.403704 0.0166667 0.062963 0.40204
0 0.290625 0.403704 0.0166667 0.062963 0.412444
0 0.315104 0.393519 0.0135417 0.0685185 0.417513
0 0.396875 0.412037 0.01875 0.101852 0.423152
0 0.653646 0.427778 0.021875 0.114815 0.423278
0 0.442708 0.436111 0.0333333 0.168519 0.430659
0 0.201042 0.389815 0.01875 0.0685185 0.430973
0 0.442187 0.436111 0.0322917 0.168519 0.431263
0 0.442187 0.436111 0.0322917 0.168519 0.433335
0 0.201562 0.389815 0.015625 0.0685185 0.433819
0 0.396354 0.412963 0.0177083 0.1 0.438387
0 0.653646 0.428704 0.021875 0.116667 0.440549
0 0.315104 0.392593 0.0135417 0.0666667 0.441691
0 0.290625 0.403704 0.0166667 0.062963 0.441849
0 0.383854 0.413889 0.028125 0.109259 0.453567
0 0.396875 0.412037 0.01875 0.101852 0.456073
0 0.315625 0.390741 0.0125 0.0740741 0.462589
0 0.397396 0.412037 0.0177083 0.101852 0.463836
0 0.395312 0.412037 0.0197917 0.101852 0.465641
0 0.361979 0.412963 0.0239583 0.114815 0.467104
0 0.395833 0.412037 0.01875 0.101852 0.468161
0 0.315625 0.389815 0.0125 0.0759259 0.477692
0 0.360417 0.414815 0.01875 0.111111 0.483782
0 0.380208 0.414815 0.0208333 0.107407 0.48565
0 0.360417 0.411111 0.01875 0.122222 0.48613
0 0.361458 0.412963 0.01875 0.114815 0.502471
0 0.382292 0.414815 0.025 0.111111 0.508126
0 0.360417 0.414815 0.01875 0.111111 0.510851
0 0.940625 0.599074 0.11875 0.468519 0.510946
0 0.360938 0.412037 0.0197917 0.12037 0.516411
0 0.360417 0.414815 0.01875 0.111111 0.517211
0 0.360417 0.411111 0.01875 0.118519 0.525811
0 0.380208 0.414815 0.0208333 0.111111 0.537613
0 0.380208 0.414815 0.0208333 0.111111 0.552626
0 0.380208 0.412963 0.0208333 0.107407 0.601949
0 0.380208 0.412037 0.0208333 0.109259 0.646743
0 0.380208 0.412037 0.0208333 0.109259 0.649202
0 0.940625 0.599074 0.11875 0.472222 0.654423
0 0.940625 0.599074 0.11875 0.47963 0.674124
0 0.938021 0.603704 0.123958 0.488889 0.705038
0 0.938542 0.598148 0.122917 0.477778 0.718651
0 0.443229 0.435185 0.034375 0.17037 0.753392
0 0.443229 0.436111 0.034375 0.172222 0.76645
0 0.442708 0.433333 0.0333333 0.17037 0.771408
0 0.442708 0.433333 0.0333333 0.17037 0.786958
0 0.442708 0.433333 0.0333333 0.17037 0.799727
0 0.443229 0.433333 0.034375 0.17037 0.811712
0 0.442708 0.433333 0.0333333 0.174074 0.821557
0 0.442708 0.433333 0.0333333 0.17037 0.822061
0 0.9375 0.603704 0.125 0.492593 0.822673
0 0.442708 0.433333 0.0333333 0.17037 0.828692
0 0.442708 0.432407 0.0333333 0.172222 0.829689
0 0.9375 0.607407 0.125 0.488889 0.850188
0 0.9375 0.606481 0.125 0.490741 0.853508
0 0.938021 0.606481 0.123958 0.483333 0.878634
0 0.938542 0.597222 0.122917 0.47963 0.882872
0 0.938542 0.598148 0.122917 0.481481 0.885398
0 0.938021 0.605556 0.123958 0.485185 0.893537
