0 0.364583 0.417593 0.01875 0.105556 0.252364
0 0.319271 0.392593 0.0135417 0.0555556 0.256424
13 0.352604 0.59537 0.173958 0.105556 0.262003
13 0.276563 0.478704 0.0927083 0.087037 0.265655
0 0.31875 0.393519 0.0145833 0.0574074 0.267142
0 0.267188 0.390741 0.0239583 0.0740741 0.267371
0 0.447917 0.434259 0.03125 0.153704 0.26757
13 0.282292 0.475926 0.0875 0.0777778 0.269
0 0.266667 0.389815 0.025 0.0759259 0.270297
0 0.371354 0.417593 0.0239583 0.101852 0.270835
0 0.364583 0.417593 0.01875 0.105556 0.273107
13 0.34375 0.590741 0.166667 0.103704 0.278366
0 0.191146 0.401852 0.0197917 0.062963 0.280927
13 0.276563 0.476852 0.0885417 0.0796296 0.281637
13 0.351562 0.588889 0.171875 0.0962963 0.282205
0 0.446875 0.433333 0.03125 0.151852 0.283896
0 0.266146 0.392593 0.028125 0.0740741 0.283916
0 0.267188 0.390741 0.0239583 0.0740741 0.284124
13 0.276563 0.477778 0.0885417 0.0814815 0.284917
0 0.386458 0.413889 0.0375 0.101852 0.285941
0 0.371875 0.418519 0.025 0.103704 0.288103
0 0.367188 0.415741 0.021875 0.105556 0.290593
0 0.371875 0.417593 0.025 0.105556 0.294907
13 0.34375 0.590741 0.164583 0.103704 0.294912
0 0.190104 0.400926 0.0260417 0.0648148 0.29579
13 0.34375 0.589815 0.166667 0.101852 0.296782
0 0.371875 0.418519 0.0270833 0.107407 0.300812
13 0.352083 0.592593 0.170833 0.1 0.301132
0 0.190104 0.400926 0.021875 0.0648148 0.301564
0 0.942708 0.585185 0.0770833 0.481481 0.30847
0 0.952083 0.575 0.09375 0.487037 0.313695
0 0.941146 0.587963 0.0760417 0.483333 0.316017
0 0.190625 0.401852 0.0208333 0.062963 0.316186
0 0.16875 0.410185 0.0229167 0.0833333 0.317868
0 0.266667 0.393519 0.025 0.0722222 0.325851
0 0.266667 0.393519 0.025 0.0722222 0.326671
0 0.191146 0.401852 0.0197917 0.062963 0.328311
0 0.452083 0.428704 0.025 0.15 0.333316
0 0.452604 0.428704 0.0239583 0.15 0.335586
0 0.16875 0.409259 0.0229167 0.0851852 0.344402
0 0.266667 0.394444 0.025 0.0703704 0.345425
0 0.4 0.410185 0.0208333 0.0944444 0.348137
0 0.16875 0.409259 0.0229167 0.0851852 0.354892
0 0.946354 0.586111 0.084375 0.494444 0.357386
0 0.169271 0.408333 0.0239583 0.087037 0.363206
13 0.351042 0.594444 0.175 0.103704 0.369051
0 0.952604 0.575 0.0947917 0.501852 0.375848
0 0.4 0.410185 0.0208333 0.0944444 0.376226
13 0.344792 0.593518 0.166667 0.101852 0.378209
0 0.169271 0.409259 0.0239583 0.0888889 0.378251
0 0.4 0.410185 0.0208333 0.0944444 0.380128
13 0.345313 0.594444 0.169792 0.103704 0.388285
0 0.169271 0.408333 0.0239583 0.087037 0.388439
0 0.399479 0.415741 0.021875 0.101852 0.392976
0 0.169271 0.408333 0.021875 0.0833333 0.393108
13 0.342708 0.590741 0.1625 0.103704 0.396555
13 0.344792 0.593518 0.16875 0.101852 0.401677
0 0.399479 0.414815 0.021875 0.107407 0.40589
0 0.169271 0.406481 0.021875 0.0833333 0.407808
0 0.399479 0.415741 0.021875 0.105556 0.416747
13 0.344271 0.590741 0.165625 0.103704 0.419025
0 0.380208 0.413889 0.01875 0.101852 0.449407
0 0.193229 0.399074 0.0197917 0.0648148 0.452331
0 0.192188 0.4 0.021875 0.062963 0.453458
0 0.192188 0.4 0.021875 0.062963 0.455841
0 0.945833 0.590741 0.0833333 0.496296 0.458062
0 0.4 0.414815 0.0208333 0.1 0.465595
0 0.946354 0.587963 0.084375 0.498148 0.47088
0 0.192188 0.4 0.021875 0.062963 0.47634
0 0.942187 0.587037 0.078125 0.496296 0.482025
0 0.945833 0.590741 0.0833333 0.496296 0.487119
0 0.380208 0.413889 0.01875 0.101852 0.496676
0 0.380208 0.413889 0.01875 0.101852 0.496905
0 0.379167 0.415741 0.0208333 0.105556 0.497304
0 0.4 0.414815 0.0208333 0.1 0.498714
0 0.4 0.413889 0.0208333 0.101852 0.500245
0 0.4 0.412963 0.0208333 0.103704 0.503269
0 0.444271 0.435185 0.0364583 0.155556 0.50753
0 0.401042 0.406481 0.0208333 0.087037 0.515264
0 0.379167 0.415741 0.0208333 0.109259 0.520224
0 0.444271 0.435185 0.0364583 0.155556 0.520646
0 0.379167 0.415741 0.0208333 0.109259 0.529478
0 0.401042 0.405556 0.0208333 0.0888889 0.532056
0 0.401042 0.406481 0.0208333 0.087037 0.539811
0 0.040625 0.440741 0.0270833 0.12963 0.572461
0 0.401563 0.412963 0.021875 0.107407 0.575279
0 0.0401042 0.438889 0.0302083 0.137037 0.579776
0 0.040625 0.438889 0.0270833 0.133333 0.583985
0 0.0411458 0.437037 0.028125 0.12963 0.59566
0 0.440625 0.443519 0.0354167 0.15 0.606205
0 0.0401042 0.438889 0.0302083 0.137037 0.610538
0 0.441667 0.440741 0.0375 0.155556 0.614644
0 0.0411458 0.438889 0.028125 0.137037 0.618681
0 0.040625 0.441667 0.0270833 0.131481 0.6215
0 0.440625 0.443519 0.0354167 0.15 0.624228
0 0.040625 0.441667 0.0270833 0.131481 0.625645
0 0.441146 0.441667 0.0364583 0.153704 0.626792
0 0.040625 0.438889 0.0291667 0.137037 0.628161
0 0.441667 0.440741 0.0375 0.155556 0.631771
0 0.0411458 0.438889 0.028125 0.133333 0.638391
0 0.943229 0.588889 0.078125 0.5 0.658963
0 0.0411458 0.438889 0.028125 0.137037 0.663531
0 0.443229 0.436111 0.0385417 0.164815 0.674824
0 0.040625 0.438889 0.0291667 0.137037 0.675125
0 0.442708 0.441667 0.0375 0.153704 0.68088
0 0.442708 0.440741 0.0375 0.155556 0.681448
0 0.943229 0.587963 0.078125 0.498148 0.68344
0 0.0411458 0.437037 0.028125 0.12963 0.683945
0 0.443229 0.437037 0.0385417 0.159259 0.688505
0 0.0411458 0.437963 0.028125 0.127778 0.690873
0 0.443229 0.436111 0.0385417 0.164815 0.691717
0 0.040625 0.438889 0.0291667 0.137037 0.691961
0 0.040625 0.438889 0.0291667 0.137037 0.702594
0 0.443229 0.436111 0.0385417 0.164815 0.706489
0 0.942708 0.588889 0.0770833 0.5 0.720293
0 0.442187 0.437963 0.0385417 0.161111 0.723004
0 0.941667 0.587037 0.0770833 0.5 0.727432
0 0.0401042 0.438889 0.028125 0.133333 0.738754
0 0.943229 0.589815 0.078125 0.498148 0.740356
0 0.040625 0.438889 0.0270833 0.133333 0.743295
0 0.442187 0.437037 0.0385417 0.159259 0.746666
0 0.941667 0.587037 0.0770833 0.496296 0.751722
0 0.942708 0.589815 0.0791667 0.498148 0.763419
