0 0.0265625 0.448148 0.015625 0.0703704 0.250664
26 0.171875 0.566667 0.03125 0.0703704 0.254027
26 0.172917 0.567593 0.0291667 0.0685185 0.254707
0 0.323438 0.446296 0.0197917 0.0777778 0.255477
0 0.00833333 0.47963 0.0166667 0.22963 0.259936
0 0.302083 0.446296 0.0145833 0.0740741 0.262251
28 0.558854 0.594444 0.065625 0.062963 0.264407
0 0.179167 0.511111 0.0270833 0.214815 0.267322
0 0.320312 0.45 0.0177083 0.0814815 0.267563
0 0.323438 0.447222 0.0197917 0.0759259 0.271092
26 0.171875 0.567593 0.03125 0.0648148 0.271396
0 0.269271 0.44537 0.015625 0.0648148 0.277873
0 0.302083 0.446296 0.0145833 0.0740741 0.278259
0 0.00989583 0.488889 0.0197917 0.244444 0.278852
28 0.559375 0.594444 0.0645833 0.062963 0.278861
0 0.154687 0.508333 0.059375 0.172222 0.279282
0 0.0109375 0.487037 0.021875 0.237037 0.279794
0 0.0255208 0.437037 0.0197917 0.0851852 0.285853
0 0.26875 0.44537 0.0166667 0.0648148 0.288943
0 0.208854 0.511111 0.046875 0.233333 0.294688
0 0.0953125 0.50463 0.0447917 0.17963 0.295819
26 0.172396 0.565741 0.0302083 0.0685185 0.297183
0 0.0270833 0.441667 0.0166667 0.0759259 0.304341
0 0.0265625 0.442593 0.015625 0.0740741 0.308854
0 0.0119792 0.483333 0.0197917 0.240741 0.309254
26 0.171875 0.567593 0.03125 0.0648148 0.310383
0 0.0958333 0.50463 0.04375 0.17963 0.319831
0 0.491667 0.461111 0.01875 0.0888889 0.321972
0 0.296875 0.441667 0.0145833 0.0759259 0.321994
0 0.140625 0.503704 0.0291667 0.174074 0.327565
0 0.203125 0.516667 0.05 0.240741 0.327864
0 0.0265625 0.442593 0.015625 0.0740741 0.32831
0 0.296875 0.441667 0.0145833 0.0759259 0.33027
0 0.720312 0.473148 0.0197917 0.101852 0.333105
0 0.208854 0.511111 0.046875 0.240741 0.33332
0 0.322396 0.45 0.0177083 0.0777778 0.343073
0 0.321875 0.45 0.0166667 0.0777778 0.345417
0 0.0265625 0.439815 0.0177083 0.0796296 0.346166
0 0.491667 0.458333 0.0208333 0.0907407 0.34696
0 0.0265625 0.439815 0.015625 0.0796296 0.347138
0 0.321875 0.452778 0.0166667 0.0796296 0.347736
0 0.721354 0.473148 0.0197917 0.101852 0.347967
0 0.269271 0.44537 0.015625 0.0648148 0.351861
0 0.140625 0.50463 0.0291667 0.172222 0.35207
0 0.322396 0.452778 0.0177083 0.0796296 0.353265
0 0.491667 0.461111 0.01875 0.0888889 0.353351
0 0.0260417 0.439815 0.0166667 0.0796296 0.361184
0 0.514063 0.457407 0.0197917 0.0962963 0.362186
0 0.321875 0.45 0.0166667 0.0777778 0.364188
0 0.269271 0.44537 0.015625 0.0648148 0.370794
0 0.671354 0.525926 0.0447917 0.274074 0.371365
0 0.491667 0.461111 0.01875 0.0888889 0.373674
0 0.26875 0.444444 0.0166667 0.062963 0.375235
0 0.321875 0.451852 0.0166667 0.0777778 0.37827
28 0.561979 0.59537 0.0739583 0.0648148 0.384141
28 0.560938 0.594444 0.0739583 0.0666667 0.391685
0 0.203125 0.513889 0.05 0.235185 0.407449
28 0.558854 0.594444 0.0677083 0.062963 0.408953
28 0.559375 0.594444 0.06875 0.062963 0.409601
0 0.009375 0.485185 0.0166667 0.240741 0.410262
28 0.563021 0.597222 0.0802083 0.0648148 0.415267
0 0.464063 0.449074 0.015625 0.0796296 0.416074
0 0.511458 0.455556 0.0229167 0.0925926 0.417157
0 0.203646 0.517593 0.0510417 0.242593 0.417885
0 0.491667 0.460185 0.01875 0.0907407 0.421344
28 0.563021 0.597222 0.0802083 0.0685185 0.424447
0 0.464063 0.45 0.0177083 0.0777778 0.434581
0 0.668229 0.525926 0.0489583 0.259259 0.446618
0 0.511458 0.455556 0.0229167 0.0962963 0.448281
0 0.491146 0.460185 0.0197917 0.0907407 0.44935
0 0.491146 0.459259 0.0177083 0.0888889 0.450109
0 0.511458 0.455556 0.0229167 0.0962963 0.454338
0 0.667708 0.526852 0.0520833 0.264815 0.456308
0 0.464583 0.45 0.0166667 0.0777778 0.459148
0 0.203125 0.513889 0.05 0.242593 0.465099
28 0.5625 0.59537 0.0729167 0.0648148 0.466527
0 0.510938 0.457407 0.0239583 0.0962963 0.468717
0 0.203125 0.517593 0.05 0.253704 0.476701
28 0.561979 0.59537 0.071875 0.0648148 0.482445
0 0.491146 0.460185 0.0177083 0.0907407 0.485055
0 0.513021 0.456481 0.0197917 0.0944444 0.485652
0 0.510938 0.458333 0.0239583 0.0981481 0.486417
0 0.204688 0.517593 0.0489583 0.246296 0.488097
0 0.491146 0.460185 0.0197917 0.0907407 0.488231
0 0.463542 0.449074 0.0166667 0.0759259 0.488406
0 0.491146 0.459259 0.0177083 0.0888889 0.492142
0 0.141146 0.50463 0.0302083 0.168519 0.494624
0 0.491146 0.460185 0.0197917 0.0907407 0.495355
0 0.463542 0.45 0.0166667 0.0777778 0.499453
0 0.66875 0.525 0.05 0.264815 0.499551
0 0.510938 0.457407 0.0239583 0.0962963 0.499885
0 0.4625 0.449074 0.0166667 0.0796296 0.50034
0 0.463542 0.45 0.0166667 0.0777778 0.50173
0 0.626042 0.493519 0.0375 0.153704 0.505773
0 0.463542 0.450926 0.0166667 0.0759259 0.505907
0 0.669792 0.525 0.0458333 0.261111 0.515161
0 0.513021 0.457407 0.0197917 0.0962963 0.516637
0 0.626042 0.493519 0.0375 0.153704 0.518238
0 0.513542 0.455556 0.0208333 0.1 0.518913
0 0.513021 0.456481 0.0197917 0.0981481 0.521762
0 0.463021 0.449074 0.0177083 0.0796296 0.528234
0 0.463542 0.45 0.0166667 0.0777778 0.532534
0 0.5125 0.457407 0.0208333 0.0962963 0.532768
0 0.141146 0.50463 0.0302083 0.164815 0.534647
0 0.205208 0.515741 0.05 0.246296 0.539381
0 0.513021 0.456481 0.0197917 0.0981481 0.541422
0 0.0942708 0.505556 0.0385417 0.181481 0.541916
0 0.463021 0.449074 0.0177083 0.0796296 0.546051
0 0.513021 0.456481 0.0197917 0.0981481 0.548963
0 0.204688 0.517593 0.0489583 0.246296 0.559943
0 0.207292 0.513889 0.0479167 0.238889 0.563515
0 0.0942708 0.505556 0.0385417 0.181481 0.57401
0 0.205729 0.514815 0.0510417 0.244444 0.595698
0 0.670833 0.528704 0.04375 0.268519 0.597253
0 0.511979 0.457407 0.021875 0.1 0.613058
0 0.205729 0.514815 0.0510417 0.248148 0.613741
0 0.207292 0.513889 0.0479167 0.242593 0.622962
0 0.670833 0.528704 0.04375 0.268519 0.633706
0 0.141667 0.503704 0.03125 0.166667 0.651498
0 0.140625 0.500926 0.0291667 0.172222 0.65947
0 0.20625 0.513889 0.0479167 0.238889 0.660091
0 0.670833 0.528704 0.04375 0.264815 0.661389
0 0.207292 0.513889 0.0479167 0.238889 0.6657
0 0.141146 0.503704 0.0302083 0.166667 0.668641
0 0.626562 0.492593 0.0364583 0.155556 0.680533
0 0.140625 0.500926 0.0291667 0.172222 0.684205
0 0.141146 0.503704 0.0322917 0.166667 0.6958
0 0.0947917 0.505556 0.0395833 0.181481 0.699575
0 0.626562 0.492593 0.0364583 0.151852 0.701863
0 0.626562 0.492593 0.0364583 0.155556 0.702738
0 0.20625 0.515741 0.0479167 0.242593 0.704378
0 0.141146 0.503704 0.0302083 0.166667 0.70713
0 0.0947917 0.50463 0.0395833 0.183333 0.716681
0 0.627083 0.494444 0.0375 0.159259 0.716706
0 0.626562 0.491667 0.0364583 0.15 0.734871
0 0.0947917 0.505556 0.0395833 0.181481 0.73497
0 0.20625 0.514815 0.0479167 0.244444 0.739335
0 0.627083 0.493519 0.0375 0.157407 0.739683
0 0.0947917 0.503704 0.0375 0.181481 0.74415
0 0.0953125 0.50463 0.0385417 0.17963 0.748689
0 0.141146 0.503704 0.0302083 0.166667 0.754935
0 0.141146 0.503704 0.0302083 0.17037 0.755813
0 0.670313 0.525926 0.046875 0.266667 0.758056
0 0.626042 0.492593 0.0354167 0.151852 0.75935
0 0.626562 0.491667 0.0364583 0.15 0.761651
0 0.669792 0.525926 0.0458333 0.262963 0.766625
0 0.626042 0.491667 0.0375 0.15 0.768609
0 0.205729 0.515741 0.0489583 0.242593 0.77149
0 0.0947917 0.503704 0.0375 0.181481 0.772955
0 0.626042 0.492593 0.0354167 0.155556 0.774528
0 0.669792 0.525926 0.0458333 0.262963 0.77638
0 0.669792 0.524074 0.0458333 0.266667 0.782823
0 0.670313 0.525926 0.046875 0.266667 0.782945
0 0.0942708 0.502778 0.0385417 0.17963 0.783441
0 0.626042 0.491667 0.0375 0.153704 0.787528
0 0.0947917 0.50463 0.0375 0.17963 0.78826
0 0.626042 0.491667 0.0375 0.15 0.789674
0 0.626042 0.493519 0.0354167 0.153704 0.790415
0 0.0942708 0.503704 0.0385417 0.181481 0.797756
0 0.0947917 0.50463 0.0375 0.17963 0.798388
0 0.670313 0.525926 0.046875 0.266667 0.801445
0 0.0947917 0.503704 0.0375 0.181481 0.807319
0 0.669792 0.525 0.0458333 0.264815 0.807703
0 0.205729 0.513889 0.0489583 0.246296 0.819771
