0 0.0380208 0.799074 0.0739583 0.309259 0.250053
13 0.211979 0.486111 0.173958 0.17963 0.25028
0 0.14375 0.339815 0.0583333 0.153704 0.25036
0 0.142188 0.337037 0.059375 0.151852 0.250997
0 0.470833 0.35 0.0270833 0.137037 0.253584
0 0.429688 0.346296 0.028125 0.151852 0.254113
0 0.389062 0.307407 0.0135417 0.0740741 0.255032
0 0.532812 0.314815 0.015625 0.0666667 0.255224
0 0.429167 0.342593 0.0291667 0.140741 0.256133
0 0.709375 0.383333 0.0395833 0.307407 0.260173
0 0.710938 0.394444 0.0322917 0.281481 0.261732
0 0.0390625 0.782407 0.0760417 0.335185 0.262018
13 0.211979 0.485185 0.173958 0.181481 0.263043
13 0.295833 0.712963 0.25625 0.303704 0.26535
0 0.428646 0.346296 0.028125 0.148148 0.270895
0 0.429167 0.346296 0.0270833 0.148148 0.271409
0 0.429688 0.346296 0.028125 0.148148 0.271592
26 0.14375 0.338889 0.0583333 0.155556 0.272451
0 0.0385417 0.781482 0.075 0.333333 0.273802
0 0.470313 0.35 0.0260417 0.144444 0.278419
0 0.388542 0.307407 0.0145833 0.0740741 0.279156
13 0.296354 0.713889 0.255208 0.305556 0.279361
0 0.429688 0.346296 0.028125 0.151852 0.280673
13 0.296354 0.712963 0.255208 0.303704 0.281101
0 0.0401042 0.791667 0.078125 0.346296 0.283333
0 0.709375 0.383333 0.0395833 0.303704 0.283422
0 0.0395833 0.790741 0.0791667 0.344444 0.283559
0 0.0385417 0.782407 0.075 0.335185 0.284677
24 0.761979 0.346296 0.0364583 0.0962963 0.285756
0 0.736979 0.392593 0.0739583 0.333333 0.285916
0 0.736979 0.392593 0.0739583 0.333333 0.286058
0 0.0401042 0.790741 0.078125 0.344444 0.286478
0 0.473958 0.349074 0.0270833 0.116667 0.287351
0 0.470313 0.348148 0.0260417 0.137037 0.288195
0 0.736979 0.392593 0.0739583 0.32963 0.290262
24 0.761979 0.346296 0.0364583 0.1 0.290553
0 0.6125 0.335185 0.025 0.125926 0.293057
0 0.516667 0.333333 0.0270833 0.0962963 0.298795
24 0.761979 0.346296 0.0364583 0.1 0.298946
13 0.295833 0.717593 0.252083 0.312963 0.300274
0 0.369271 0.328704 0.0260417 0.109259 0.306991
0 0.0385417 0.802778 0.0770833 0.346296 0.308284
0 0.428646 0.338889 0.0302083 0.12963 0.31271
13 0.295833 0.72037 0.25625 0.314815 0.312711
0 0.0385417 0.802778 0.0770833 0.342593 0.3135
0 0.533333 0.314815 0.0145833 0.0666667 0.316038
13 0.295833 0.718518 0.254167 0.314815 0.316438
0 0.0385417 0.802778 0.0770833 0.346296 0.317317
0 0.36875 0.328704 0.025 0.109259 0.321125
0 0.473958 0.35 0.0270833 0.118519 0.323522
0 0.473437 0.35 0.028125 0.122222 0.325072
0 0.368229 0.328704 0.0260417 0.105556 0.330117
0 0.143229 0.338889 0.0572917 0.155556 0.330886
0 0.142188 0.337963 0.059375 0.15 0.340574
0 0.142708 0.338889 0.0583333 0.155556 0.341121
13 0.2125 0.484259 0.170833 0.187037 0.341318
0 0.533333 0.314815 0.0145833 0.0666667 0.342472
0 0.533854 0.314815 0.015625 0.0666667 0.344094
0 0.60625 0.340741 0.0291667 0.12963 0.344625
0 0.533854 0.312963 0.015625 0.062963 0.345884
13 0.211979 0.483333 0.169792 0.185185 0.346966
13 0.213021 0.482407 0.171875 0.187037 0.349275
0 0.709375 0.387963 0.0395833 0.312963 0.35737
13 0.2125 0.483333 0.170833 0.185185 0.364508
0 0.371354 0.32963 0.0239583 0.0962963 0.367
0 0.533854 0.312963 0.015625 0.062963 0.368636
0 0.715104 0.387037 0.0447917 0.311111 0.372766
13 0.211979 0.482407 0.171875 0.183333 0.375331
0 0.532812 0.312963 0.015625 0.0666667 0.378708
0 0.470833 0.349074 0.025 0.135185 0.379315
0 0.709375 0.387963 0.0395833 0.309259 0.379385
0 0.470833 0.348148 0.025 0.133333 0.380852
0 0.370313 0.32963 0.0239583 0.0962963 0.384651
0 0.709375 0.386111 0.0395833 0.305556 0.384728
24 0.761458 0.338889 0.0375 0.111111 0.385596
0 0.710417 0.386111 0.0354167 0.309259 0.38705
0 0.142708 0.339815 0.0583333 0.157407 0.393482
13 0.2125 0.484259 0.177083 0.183333 0.397464
0 0.370833 0.330556 0.0229167 0.0944444 0.399054
0 0.429167 0.342593 0.0291667 0.137037 0.403748
24 0.761458 0.338889 0.0375 0.107407 0.406841
0 0.710938 0.387963 0.0364583 0.312963 0.410775
0 0.505208 0.343519 0.0229167 0.0907407 0.411436
13 0.211979 0.484259 0.176042 0.183333 0.412684
0 0.60625 0.338889 0.0291667 0.133333 0.413013
0 0.531771 0.312963 0.015625 0.0666667 0.413161
0 0.606771 0.338889 0.028125 0.133333 0.415541
0 0.533854 0.314815 0.0135417 0.0666667 0.420902
0 0.505729 0.341667 0.021875 0.0907407 0.421719
13 0.211458 0.483333 0.172917 0.188889 0.422022
0 0.143229 0.340741 0.0572917 0.159259 0.425034
0 0.505729 0.342593 0.0239583 0.0925926 0.436518
13 0.211458 0.482407 0.172917 0.187037 0.437197
0 0.367708 0.32963 0.025 0.103704 0.439129
0 0.143229 0.339815 0.059375 0.157407 0.439319
0 0.610937 0.337037 0.028125 0.12963 0.441706
0 0.14375 0.339815 0.05625 0.161111 0.447055
0 0.533854 0.313889 0.0135417 0.0648148 0.448095
24 0.760938 0.340741 0.0364583 0.103704 0.448771
0 0.610417 0.337037 0.0270833 0.12963 0.454967
0 0.368229 0.328704 0.0239583 0.105556 0.456253
24 0.761458 0.338889 0.0375 0.107407 0.456834
0 0.367708 0.328704 0.0229167 0.105556 0.458341
24 0.760938 0.340741 0.0364583 0.107407 0.459211
24 0.760938 0.340741 0.0364583 0.107407 0.459537
0 0.505729 0.341667 0.021875 0.0907407 0.468174
0 0.505208 0.343519 0.0229167 0.0907407 0.47034
0 0.429688 0.341667 0.0302083 0.146296 0.471334
0 0.505208 0.343519 0.0229167 0.0907407 0.47194
0 0.505729 0.341667 0.021875 0.0944444 0.473186
0 0.0390625 0.792593 0.0760417 0.351852 0.473265
0 0.142708 0.339815 0.0583333 0.157407 0.474021
0 0.429688 0.341667 0.0302083 0.15 0.476625
0 0.0390625 0.792593 0.0760417 0.348148 0.480833
0 0.142708 0.339815 0.0583333 0.157407 0.482667
0 0.715104 0.386111 0.046875 0.327778 0.483194
0 0.0390625 0.792593 0.0760417 0.351852 0.486085
24 0.760938 0.341667 0.0364583 0.101852 0.4897
0 0.607292 0.337963 0.0291667 0.131481 0.49044
0 0.142188 0.339815 0.059375 0.157407 0.500639
0 0.429688 0.341667 0.0302083 0.146296 0.502769
24 0.761458 0.340741 0.0375 0.107407 0.504973
0 0.0380208 0.791667 0.0760417 0.346296 0.505756
24 0.760938 0.341667 0.0364583 0.105556 0.510145
0 0.0385417 0.796296 0.0770833 0.355556 0.510512
0 0.0380208 0.792593 0.0760417 0.344444 0.512971
0 0.470313 0.351852 0.021875 0.133333 0.515137
0 0.715625 0.385185 0.05 0.322222 0.52102
0 0.0380208 0.796296 0.0760417 0.355556 0.521874
0 0.470313 0.347222 0.0239583 0.127778 0.531164
24 0.760938 0.340741 0.0385417 0.111111 0.533305
0 0.429167 0.338889 0.0291667 0.144444 0.53408
0 0.0385417 0.79537 0.0770833 0.353704 0.539985
0 0.0385417 0.79537 0.0770833 0.353704 0.540326
0 0.429167 0.339815 0.0291667 0.142593 0.542912
0 0.716146 0.385185 0.0510417 0.322222 0.55691
24 0.760417 0.339815 0.0375 0.105556 0.557884
0 0.607813 0.339815 0.0302083 0.131481 0.558522
0 0.607813 0.339815 0.0302083 0.127778 0.560902
0 0.607813 0.338889 0.0302083 0.12963 0.568429
24 0.760938 0.339815 0.0385417 0.109259 0.587591
0 0.608854 0.339815 0.0302083 0.127778 0.592191
0 0.470313 0.347222 0.0239583 0.131481 0.593017
0 0.607813 0.338889 0.0302083 0.133333 0.598175
0 0.470313 0.348148 0.0239583 0.12963 0.608391
0 0.607813 0.339815 0.0302083 0.127778 0.609095
24 0.761458 0.341667 0.0375 0.105556 0.609816
0 0.607292 0.339815 0.0291667 0.131481 0.615321
0 0.607813 0.338889 0.0302083 0.12963 0.622119
24 0.761458 0.340741 0.0375 0.111111 0.624313
24 0.761458 0.340741 0.0375 0.111111 0.628837
0 0.606771 0.338889 0.028125 0.133333 0.633487
0 0.607292 0.338889 0.0270833 0.133333 0.635522
0 0.607813 0.339815 0.0302083 0.131481 0.635766
0 0.36875 0.328704 0.0229167 0.105556 0.637469
0 0.7375 0.388889 0.075 0.333333 0.655869
0 0.736979 0.387963 0.078125 0.335185 0.661802
0 0.734896 0.388889 0.0802083 0.32963 0.663043
0 0.735417 0.388889 0.08125 0.32963 0.666582
0 0.368229 0.328704 0.021875 0.109259 0.67227
0 0.36875 0.328704 0.0229167 0.109259 0.674829
0 0.369271 0.328704 0.0239583 0.105556 0.675421
0 0.736458 0.389815 0.0791667 0.335185 0.68361
0 0.470313 0.35 0.021875 0.144444 0.699541
0 0.469792 0.351852 0.0229167 0.137037 0.706169
0 0.469792 0.351852 0.0229167 0.137037 0.708115
0 0.733854 0.386111 0.0739583 0.338889 0.719712
0 0.470833 0.35 0.0229167 0.133333 0.727055
0 0.733854 0.387037 0.0739583 0.337037 0.740738
0 0.36875 0.327778 0.0229167 0.107407 0.747358
0 0.733854 0.386111 0.0739583 0.338889 0.754513
0 0.429688 0.343519 0.0302083 0.15 0.761239
0 0.429688 0.344444 0.0302083 0.151852 0.762687
0 0.734375 0.388889 0.0770833 0.333333 0.763822
0 0.429688 0.343519 0.0302083 0.15 0.766194
0 0.429688 0.343519 0.0302083 0.15 0.776848
0 0.429688 0.344444 0.0302083 0.148148 0.777576
0 0.429688 0.344444 0.0302083 0.151852 0.79156
0 0.36875 0.328704 0.0229167 0.105556 0.794692
0 0.36875 0.328704 0.0229167 0.101852 0.806477
0 0.429167 0.342593 0.0291667 0.144444 0.809463
0 0.429167 0.343519 0.0291667 0.142593 0.815923
0 0.429167 0.342593 0.0291667 0.148148 0.819369
0 0.36875 0.32963 0.0229167 0.103704 0.822179
0 0.36875 0.32963 0.0229167 0.103704 0.826622
0 0.429167 0.342593 0.0291667 0.144444 0.82907
