13 0.354167 0.622222 0.15 0.203704 0.251532
13 0.288542 0.444444 0.0916667 0.125926 0.251582
13 0.288542 0.444444 0.0916667 0.125926 0.252384
13 0.353646 0.614815 0.151042 0.181481 0.254904
13 0.289583 0.443519 0.0895833 0.124074 0.258651
0 0.498437 0.349074 0.0302083 0.135185 0.259768
0 0.346875 0.3 0.0104167 0.0518519 0.260829
0 0.346875 0.3 0.0104167 0.0518519 0.261492
0 0.501562 0.35 0.028125 0.137037 0.26192
13 0.354167 0.614815 0.152083 0.185185 0.264014
13 0.354167 0.62037 0.15 0.196296 0.266646
0 0.557292 0.327778 0.0145833 0.0518519 0.268577
0 0.322917 0.314815 0.0208333 0.0666667 0.270788
0 0.231771 0.385185 0.046875 0.281481 0.275535
13 0.288021 0.442593 0.090625 0.125926 0.2758
0 0.23125 0.385185 0.0458333 0.285185 0.277942
0 0.322917 0.314815 0.0208333 0.0703704 0.277967
0 0.479688 0.337037 0.015625 0.0851852 0.278743
0 0.557292 0.327778 0.0125 0.0518519 0.281659
0 0.23125 0.385185 0.0458333 0.281481 0.281929
0 0.498437 0.35 0.028125 0.133333 0.288313
0 0.322917 0.314815 0.0208333 0.0703704 0.301557
0 0.557292 0.327778 0.0145833 0.0518519 0.307654
0 0.556771 0.326852 0.015625 0.0537037 0.307845
0 0.501562 0.349074 0.0260417 0.135185 0.308639
0 0.322917 0.325 0.01875 0.0722222 0.309115
0 0.503125 0.348148 0.025 0.140741 0.310146
0 0.502083 0.350926 0.0270833 0.135185 0.310786
0 0.502604 0.348148 0.0260417 0.140741 0.313246
0 0.498437 0.349074 0.0302083 0.131481 0.31531
0 0.346875 0.299074 0.0104167 0.05 0.320518
0 0.322917 0.324074 0.0208333 0.0740741 0.320617
0 0.556771 0.325926 0.015625 0.0518519 0.323049
13 0.192708 0.890741 0.264583 0.211111 0.330431
13 0.192188 0.890741 0.265625 0.211111 0.331574
0 0.322917 0.324074 0.01875 0.0740741 0.333681
0 0.346875 0.3 0.0104167 0.0518519 0.336006
0 0.296875 0.334259 0.0291667 0.0833333 0.33625
0 0.55625 0.325926 0.0145833 0.0518519 0.340786
0 0.297917 0.336111 0.0270833 0.0907407 0.345266
0 0.556771 0.325926 0.015625 0.0518519 0.353414
0 0.632812 0.359259 0.028125 0.133333 0.354998
0 0.497917 0.35 0.0270833 0.133333 0.379891
0 0.461458 0.35 0.0270833 0.137037 0.384007
0 0.556771 0.326852 0.015625 0.05 0.384904
0 0.321875 0.326852 0.01875 0.0796296 0.385697
0 0.555729 0.326852 0.015625 0.0537037 0.403859
0 0.460938 0.35 0.028125 0.137037 0.404567
0 0.498958 0.350926 0.03125 0.135185 0.421807
0 0.55625 0.326852 0.0145833 0.05 0.437462
0 0.500521 0.350926 0.0302083 0.135185 0.439722
0 0.297917 0.336111 0.0270833 0.087037 0.440796
0 0.297396 0.337037 0.0260417 0.0814815 0.441688
0 0.556771 0.326852 0.015625 0.05 0.446875
0 0.192188 0.45 0.121875 0.455556 0.456114
0 0.192708 0.448148 0.120833 0.459259 0.457054
0 0.297396 0.336111 0.0260417 0.0796296 0.467036
0 0.300521 0.333333 0.028125 0.0888889 0.469834
0 0.192708 0.449074 0.120833 0.457407 0.470498
0 0.611458 0.360185 0.0458333 0.157407 0.470614
0 0.297396 0.337037 0.0260417 0.0814815 0.471513
0 0.500521 0.349074 0.0302083 0.135185 0.473861
0 0.602604 0.359259 0.0302083 0.162963 0.473942
0 0.602604 0.360185 0.0302083 0.161111 0.475028
0 0.632812 0.359259 0.028125 0.140741 0.4811
0 0.632812 0.359259 0.028125 0.140741 0.490421
0 0.321875 0.325 0.0208333 0.0833333 0.510754
0 0.610417 0.360185 0.0458333 0.157407 0.521057
0 0.498958 0.349074 0.03125 0.138889 0.537361
0 0.501042 0.35 0.0270833 0.140741 0.544992
0 0.498958 0.349074 0.03125 0.138889 0.547158
0 0.500521 0.351852 0.0302083 0.137037 0.549482
0 0.610417 0.360185 0.0458333 0.157407 0.551498
0 0.322917 0.324074 0.01875 0.0814815 0.56384
0 0.502083 0.349074 0.0270833 0.138889 0.564511
0 0.460417 0.349074 0.0291667 0.135185 0.586935
0 0.322396 0.324074 0.0197917 0.0814815 0.587817
0 0.296354 0.335185 0.0260417 0.0814815 0.588229
0 0.501042 0.350926 0.0291667 0.135185 0.597744
0 0.603646 0.360185 0.0322917 0.157407 0.598753
0 0.500521 0.351852 0.0302083 0.137037 0.600735
0 0.460417 0.349074 0.0291667 0.135185 0.601306
0 0.322396 0.325 0.0197917 0.0796296 0.606959
0 0.604167 0.360185 0.03125 0.157407 0.60842
0 0.322917 0.325 0.01875 0.0796296 0.624651
0 0.603646 0.359259 0.0322917 0.155556 0.628062
0 0.633854 0.360185 0.0302083 0.131481 0.629507
0 0.298438 0.335185 0.0260417 0.0851852 0.639471
0 0.322917 0.325 0.0208333 0.0796296 0.650067
0 0.461458 0.35 0.0291667 0.144444 0.656339
0 0.322917 0.325 0.01875 0.0796296 0.65648
0 0.298958 0.333333 0.025 0.0888889 0.658676
0 0.298438 0.335185 0.0260417 0.0851852 0.660416
0 0.461458 0.35 0.0291667 0.144444 0.662131
0 0.297917 0.335185 0.025 0.0851852 0.662874
0 0.298438 0.335185 0.0260417 0.0851852 0.666541
0 0.298958 0.333333 0.025 0.0851852 0.680334
0 0.460417 0.350926 0.0291667 0.142593 0.681
0 0.298958 0.333333 0.025 0.0851852 0.684216
0 0.460938 0.350926 0.028125 0.142593 0.684337
0 0.191146 0.448148 0.123958 0.466667 0.686979
0 0.460417 0.350926 0.0291667 0.142593 0.688495
0 0.634896 0.360185 0.028125 0.138889 0.692791
0 0.634375 0.360185 0.0270833 0.135185 0.69281
0 0.460938 0.350926 0.0302083 0.146296 0.697426
0 0.191146 0.449074 0.123958 0.468519 0.714463
0 0.461458 0.350926 0.0291667 0.146296 0.717542
0 0.461458 0.351852 0.0291667 0.140741 0.717812
0 0.633854 0.359259 0.0302083 0.133333 0.720973
0 0.461458 0.351852 0.0291667 0.140741 0.721234
0 0.603125 0.358333 0.0291667 0.161111 0.723143
0 0.460938 0.350926 0.028125 0.146296 0.725038
0 0.633333 0.359259 0.0291667 0.133333 0.725079
0 0.603125 0.358333 0.0291667 0.161111 0.735401
0 0.634896 0.360185 0.028125 0.138889 0.738749
0 0.461458 0.351852 0.0291667 0.140741 0.75464
0 0.633854 0.360185 0.028125 0.138889 0.756543
0 0.604167 0.359259 0.03125 0.162963 0.761753
0 0.604167 0.360185 0.03125 0.161111 0.774716
0 0.604167 0.359259 0.03125 0.162963 0.779078
0 0.634375 0.359259 0.0270833 0.137037 0.779385
0 0.603646 0.359259 0.0302083 0.162963 0.781784
0 0.190625 0.452778 0.122917 0.472222 0.781798
0 0.603646 0.358333 0.0302083 0.164815 0.787143
0 0.460417 0.350926 0.0291667 0.146296 0.78836
0 0.634375 0.360185 0.0270833 0.138889 0.78865
0 0.460417 0.350926 0.0291667 0.142593 0.792947
0 0.633333 0.360185 0.0270833 0.138889 0.824945
0 0.633854 0.360185 0.028125 0.138889 0.825831
0 0.634375 0.360185 0.0270833 0.138889 0.830285
0 0.190104 0.452778 0.121875 0.472222 0.854912
0 0.191146 0.452778 0.121875 0.468519 0.863095
0 0.190625 0.45 0.125 0.47037 0.865553
0 0.190625 0.45 0.125 0.474074 0.892504
0 0.191146 0.452778 0.121875 0.468519 0.901003
0 0.190625 0.45 0.125 0.474074 0.902181
0 0.191146 0.453704 0.121875 0.466667 0.904317
0 0.190104 0.451852 0.121875 0.47037 0.911292
0 0.190104 0.451852 0.121875 0.47037 0.914125
