13 0.283854 0.468519 0.078125 0.103704 0.254355
0 0.982813 0.357407 0.034375 0.137037 0.261418
0 0.390625 0.435185 0.025 0.111111 0.263506
13 0.283854 0.469444 0.078125 0.101852 0.263838
0 0.982813 0.357407 0.034375 0.137037 0.263998
0 0.982813 0.357407 0.034375 0.137037 0.264423
74 0.393229 0.087037 0.0427083 0.140741 0.267176
0 0.436979 0.438889 0.028125 0.118519 0.267748
0 0.0463542 0.453704 0.028125 0.125926 0.269038
0 0.982813 0.352778 0.034375 0.135185 0.270255
0 0.867188 0.642593 0.130208 0.640741 0.273751
0 0.983333 0.35 0.0333333 0.12963 0.276678
74 0.39375 0.087037 0.04375 0.140741 0.27932
74 0.393229 0.087037 0.0427083 0.140741 0.280171
0 0.0453125 0.464815 0.0302083 0.144444 0.282142
13 0.332812 0.582407 0.078125 0.0796296 0.284954
13 0.359375 0.57963 0.135417 0.0851852 0.290095
13 0.333333 0.583333 0.0770833 0.0777778 0.290833
13 0.451562 0.630556 0.117708 0.101852 0.292235
13 0.279687 0.487037 0.0739583 0.0814815 0.292853
13 0.333854 0.582407 0.0760417 0.0796296 0.29332
13 0.333333 0.581481 0.0770833 0.0777778 0.300543
0 0.0453125 0.464815 0.0302083 0.144444 0.302138
13 0.453125 0.632407 0.11875 0.0981481 0.302302
0 0.983333 0.349074 0.0333333 0.12037 0.304004
13 0.333854 0.580556 0.0802083 0.0833333 0.305523
13 0.332812 0.581481 0.0802083 0.0814815 0.306083
13 0.453125 0.62963 0.116667 0.1 0.30652
0 0.984375 0.591667 0.03125 0.561111 0.307529
0 0.983333 0.348148 0.0333333 0.122222 0.308115
13 0.451562 0.630556 0.117708 0.101852 0.309185
13 0.279687 0.488889 0.0739583 0.0814815 0.310782
0 0.0458333 0.464815 0.0291667 0.144444 0.313404
0 0.465104 0.462963 0.034375 0.151852 0.314623
13 0.451042 0.630556 0.11875 0.101852 0.315842
0 0.0473958 0.45 0.028125 0.111111 0.317579
0 0.364583 0.437963 0.01875 0.105556 0.319681
0 0.643229 0.448148 0.021875 0.111111 0.321554
74 0.392188 0.087963 0.0427083 0.138889 0.32428
0 0.046875 0.45 0.0270833 0.111111 0.325909
0 0.983854 0.592593 0.0322917 0.548148 0.326965
13 0.453125 0.630556 0.116667 0.0981481 0.327862
0 0.643229 0.448148 0.021875 0.111111 0.328285
0 0.465104 0.462037 0.034375 0.15 0.330558
13 0.453125 0.633333 0.11875 0.0962963 0.332303
74 0.392708 0.0861111 0.04375 0.142593 0.333424
0 0.983333 0.350926 0.0333333 0.138889 0.335221
0 0.983333 0.350926 0.0333333 0.138889 0.337602
13 0.453125 0.630556 0.116667 0.0981481 0.338827
74 0.391667 0.087963 0.0416667 0.138889 0.339041
0 0.985417 0.616667 0.0291667 0.474074 0.339424
13 0.452604 0.633333 0.117708 0.0962963 0.339732
74 0.392188 0.087963 0.0427083 0.138889 0.346751
0 0.643229 0.448148 0.021875 0.111111 0.347133
13 0.286458 0.487037 0.0916667 0.0814815 0.347352
74 0.393229 0.087037 0.0427083 0.140741 0.350036
74 0.393229 0.087037 0.0427083 0.140741 0.350075
0 0.0473958 0.44537 0.028125 0.101852 0.350267
0 0.364583 0.437963 0.01875 0.105556 0.365325
0 0.0473958 0.44537 0.028125 0.105556 0.372009
0 0.0473958 0.44537 0.028125 0.105556 0.372798
0 0.434375 0.437963 0.025 0.116667 0.37328
0 0.434375 0.430556 0.025 0.112963 0.373385
0 0.364583 0.438889 0.01875 0.103704 0.377337
13 0.2875 0.490741 0.0833333 0.0703704 0.381116
74 0.3875 0.0851852 0.0333333 0.137037 0.381473
0 0.867188 0.626852 0.115625 0.646296 0.381795
13 0.288021 0.490741 0.0802083 0.0703704 0.385903
74 0.3875 0.0851852 0.0333333 0.140741 0.387349
0 0.046875 0.45 0.0270833 0.111111 0.389659
0 0.867708 0.617593 0.116667 0.624074 0.395792
13 0.285417 0.487037 0.0875 0.0777778 0.400808
0 0.867188 0.626852 0.117708 0.642593 0.404285
0 0.435417 0.433333 0.0270833 0.118519 0.416511
0 0.436458 0.434259 0.0229167 0.116667 0.419074
0 0.867188 0.621296 0.115625 0.62037 0.42059
0 0.434896 0.439815 0.0239583 0.112963 0.423539
0 0.435937 0.435185 0.0239583 0.118519 0.423666
0 0.364583 0.437037 0.01875 0.103704 0.428297
13 0.284375 0.488889 0.0854167 0.0777778 0.431351
0 0.434896 0.438889 0.0239583 0.114815 0.432035
13 0.454167 0.631481 0.116667 0.0962963 0.433816
0 0.435937 0.434259 0.0239583 0.116667 0.43853
13 0.284375 0.490741 0.08125 0.0703704 0.440448
0 0.434896 0.438889 0.0239583 0.114815 0.448075
0 0.364583 0.436111 0.01875 0.109259 0.450243
0 0.046875 0.45 0.0270833 0.107407 0.451216
0 0.642187 0.447222 0.0197917 0.116667 0.455393
0 0.365104 0.437037 0.0177083 0.107407 0.45612
0 0.365104 0.437037 0.0177083 0.107407 0.456616
13 0.285417 0.487963 0.0875 0.0759259 0.457482
13 0.286979 0.491667 0.0885417 0.0722222 0.458106
0 0.641667 0.446296 0.0208333 0.118519 0.460388
13 0.286458 0.491667 0.0875 0.0722222 0.464869
13 0.284375 0.491667 0.08125 0.0722222 0.466455
0 0.0260417 0.475 0.0520833 0.172222 0.473112
0 0.984375 0.619444 0.03125 0.475926 0.473525
13 0.451042 0.628704 0.122917 0.0981481 0.474963
0 0.642187 0.447222 0.0197917 0.116667 0.478029
0 0.0458333 0.458333 0.0291667 0.127778 0.478418
0 0.046875 0.450926 0.0270833 0.112963 0.479314
0 0.364583 0.437037 0.01875 0.103704 0.480967
0 0.364583 0.437037 0.01875 0.103704 0.481599
0 0.046875 0.451852 0.0270833 0.111111 0.483223
0 0.865104 0.643519 0.121875 0.67963 0.49008
0 0.364583 0.437963 0.01875 0.109259 0.49049
13 0.285937 0.488889 0.0864583 0.0740741 0.492272
0 0.0255208 0.475 0.0489583 0.172222 0.496636
0 0.364583 0.437037 0.01875 0.107407 0.49697
0 0.865104 0.644444 0.123958 0.674074 0.503397
0 0.046875 0.464815 0.0291667 0.155556 0.513079
0 0.985417 0.615741 0.0270833 0.464815 0.51518
0 0.0458333 0.458333 0.0291667 0.127778 0.516256
0 0.046875 0.462963 0.0291667 0.155556 0.518813
0 0.025 0.475 0.05 0.172222 0.51942
0 0.434896 0.434259 0.0260417 0.116667 0.52684
0 0.0463542 0.458333 0.0302083 0.127778 0.535316
0 0.985417 0.615741 0.0291667 0.47963 0.536808
74 0.393229 0.0861111 0.040625 0.146296 0.540019
74 0.39375 0.0861111 0.0416667 0.146296 0.553221
0 0.984896 0.62963 0.0302083 0.448148 0.562862
0 0.390625 0.436111 0.0229167 0.109259 0.575465
0 0.391667 0.437963 0.0208333 0.101852 0.590634
0 0.0166667 0.473148 0.0333333 0.187037 0.595256
0 0.0166667 0.472222 0.0333333 0.185185 0.60072
0 0.0151042 0.473148 0.0302083 0.183333 0.603892
0 0.641667 0.446296 0.0208333 0.114815 0.608652
0 0.0151042 0.472222 0.0302083 0.181481 0.609294
0 0.391667 0.438889 0.0208333 0.103704 0.615442
0 0.641667 0.446296 0.0208333 0.114815 0.621525
0 0.391667 0.438889 0.0208333 0.103704 0.624917
0 0.641667 0.447222 0.0208333 0.112963 0.629589
0 0.642187 0.446296 0.021875 0.111111 0.637242
0 0.391667 0.435185 0.0208333 0.107407 0.649912
0 0.0161458 0.471296 0.0322917 0.17963 0.651772
0 0.985417 0.62963 0.0291667 0.455556 0.656219
0 0.641146 0.446296 0.021875 0.107407 0.657345
0 0.0161458 0.471296 0.0322917 0.17963 0.659457
0 0.642187 0.447222 0.021875 0.109259 0.662966
0 0.464583 0.464815 0.0333333 0.155556 0.66539
0 0.984896 0.62963 0.0302083 0.451852 0.670587
0 0.0161458 0.471296 0.0322917 0.17963 0.685337
0 0.464063 0.463889 0.0322917 0.157407 0.685556
0 0.464063 0.462963 0.0322917 0.155556 0.688991
0 0.391667 0.435185 0.0208333 0.107407 0.690671
0 0.390625 0.436111 0.0229167 0.112963 0.690849
0 0.865104 0.636111 0.123958 0.642593 0.702294
0 0.984375 0.62037 0.03125 0.481481 0.707243
0 0.391667 0.435185 0.0208333 0.107407 0.709113
0 0.0166667 0.473148 0.0333333 0.183333 0.713993
0 0.0166667 0.474074 0.0333333 0.185185 0.718787
0 0.984375 0.62037 0.03125 0.485185 0.735274
0 0.0161458 0.472222 0.0322917 0.181481 0.738627
0 0.391146 0.435185 0.021875 0.103704 0.740439
0 0.435417 0.433333 0.025 0.114815 0.741631
0 0.0161458 0.472222 0.0322917 0.185185 0.741964
0 0.865625 0.626852 0.114583 0.627778 0.74371
0 0.434896 0.435185 0.0239583 0.107407 0.744057
0 0.0166667 0.475 0.0333333 0.183333 0.747487
0 0.434896 0.434259 0.0239583 0.109259 0.752194
0 0.434896 0.434259 0.0239583 0.109259 0.76102
0 0.391146 0.436111 0.021875 0.105556 0.76707
0 0.391146 0.435185 0.021875 0.103704 0.777642
0 0.463542 0.462037 0.0333333 0.15 0.789403
0 0.435417 0.434259 0.025 0.112963 0.789474
0 0.463542 0.462037 0.0333333 0.15 0.795806
0 0.464063 0.464815 0.0322917 0.151852 0.799535
0 0.464063 0.464815 0.0322917 0.151852 0.800309
0 0.435417 0.434259 0.025 0.112963 0.8039
0 0.865625 0.642593 0.122917 0.662963 0.80463
0 0.865104 0.643519 0.121875 0.664815 0.810767
0 0.434896 0.434259 0.0239583 0.112963 0.8155
0 0.464063 0.464815 0.0322917 0.151852 0.815743
0 0.866667 0.630556 0.114583 0.635185 0.818434
0 0.463542 0.462963 0.0333333 0.148148 0.820379
0 0.865104 0.636111 0.123958 0.642593 0.82171
0 0.464063 0.464815 0.0322917 0.151852 0.83305
0 0.464583 0.463889 0.03125 0.153704 0.835742
0 0.865104 0.640741 0.121875 0.67037 0.840748
0 0.464063 0.464815 0.0322917 0.151852 0.844008
0 0.464063 0.465741 0.0322917 0.15 0.847402
0 0.865104 0.640741 0.121875 0.67037 0.85674
