26 0.926562 0.425926 0.0635417 0.17037 0.250651
0 0.385938 0.336111 0.0177083 0.0759259 0.251067
0 0.466146 0.380556 0.0239583 0.142593 0.252705
26 0.926042 0.425926 0.0625 0.17037 0.25393
0 0.446875 0.380556 0.025 0.153704 0.254753
0 0.492188 0.382407 0.028125 0.101852 0.257566
0 0.325521 0.336111 0.0135417 0.0648148 0.260622
0 0.447396 0.381481 0.0260417 0.155556 0.261502
0 0.38125 0.333333 0.01875 0.0703704 0.262536
0 0.492188 0.382407 0.028125 0.101852 0.263888
0 0.489583 0.376852 0.0291667 0.105556 0.268431
0 0.407292 0.373148 0.03125 0.164815 0.271659
0 0.68125 0.364815 0.03125 0.137037 0.272611
0 0.407292 0.373148 0.03125 0.164815 0.277299
0 0.68125 0.364815 0.03125 0.140741 0.277515
0 0.515625 0.384259 0.0270833 0.105556 0.277706
0 0.892187 0.47037 0.0885417 0.585185 0.284428
0 0.68125 0.363889 0.03125 0.131481 0.286372
0 0.548958 0.340741 0.0166667 0.0703704 0.287052
0 0.502604 0.382407 0.046875 0.101852 0.287402
0 0.0375 0.353704 0.04375 0.1 0.290993
0 0.608854 0.372222 0.028125 0.122222 0.298865
0 0.504687 0.381481 0.046875 0.1 0.308198
0 0.548958 0.340741 0.0166667 0.0703704 0.309465
0 0.0473958 0.350926 0.021875 0.105556 0.311002
0 0.0489583 0.353704 0.025 0.107407 0.312009
0 0.546875 0.340741 0.0166667 0.0740741 0.31334
0 0.489583 0.376852 0.0291667 0.105556 0.314085
0 0.68125 0.365741 0.03125 0.142593 0.316992
0 0.330208 0.336111 0.0166667 0.0611111 0.329162
0 0.547396 0.341667 0.015625 0.0722222 0.329776
0 0.516667 0.385185 0.025 0.0962963 0.332331
0 0.490104 0.376852 0.028125 0.105556 0.332375
0 0.492708 0.37037 0.0270833 0.114815 0.341836
0 0.330208 0.336111 0.0166667 0.0611111 0.343936
0 0.511458 0.382407 0.0270833 0.101852 0.346359
0 0.895312 0.478704 0.090625 0.564815 0.349968
0 0.547917 0.341667 0.0145833 0.0759259 0.357983
0 0.0213542 0.35 0.0177083 0.0851852 0.360021
0 0.492708 0.371296 0.0270833 0.109259 0.360695
0 0.681771 0.364815 0.0322917 0.140741 0.363854
0 0.0473958 0.351852 0.021875 0.107407 0.365054
0 0.0473958 0.350926 0.021875 0.105556 0.365658
0 0.515104 0.378704 0.0260417 0.109259 0.367998
0 0.492708 0.371296 0.0270833 0.109259 0.368322
13 0.0661458 0.683333 0.130208 0.374074 0.370841
0 0.404167 0.371296 0.0333333 0.157407 0.370959
13 0.0661458 0.677778 0.130208 0.37037 0.374328
0 0.511979 0.381481 0.0260417 0.103704 0.376995
13 0.0661458 0.678704 0.130208 0.368519 0.378653
13 0.0661458 0.683333 0.130208 0.374074 0.381906
0 0.404167 0.371296 0.03125 0.157407 0.382192
13 0.0661458 0.684259 0.130208 0.375926 0.38353
13 0.0666667 0.678704 0.13125 0.372222 0.384644
0 0.516667 0.385185 0.025 0.0962963 0.388722
13 0.0651042 0.675 0.128125 0.361111 0.389189
0 0.5125 0.381481 0.0270833 0.103704 0.391798
13 0.0651042 0.675926 0.128125 0.362963 0.400714
0 0.516667 0.385185 0.025 0.0962963 0.402134
0 0.608333 0.371296 0.0291667 0.12037 0.402317
0 0.516146 0.385185 0.0260417 0.103704 0.406486
0 0.547917 0.342593 0.0145833 0.0740741 0.413709
0 0.608333 0.371296 0.0291667 0.12037 0.414602
0 0.446875 0.372222 0.0270833 0.159259 0.41905
0 0.0213542 0.350926 0.0177083 0.087037 0.420277
0 0.021875 0.35 0.01875 0.0888889 0.421161
13 0.0651042 0.675926 0.128125 0.359259 0.421324
13 0.0651042 0.676852 0.128125 0.361111 0.428255
0 0.894271 0.486111 0.0927083 0.590741 0.428648
0 0.491667 0.375926 0.03125 0.114815 0.43406
0 0.894271 0.487037 0.0927083 0.592593 0.436652
0 0.446875 0.372222 0.025 0.155556 0.437743
0 0.546354 0.344444 0.015625 0.0740741 0.44523
0 0.492188 0.376852 0.0302083 0.109259 0.447755
0 0.547917 0.341667 0.0145833 0.0722222 0.454942
0 0.547917 0.341667 0.0145833 0.0722222 0.462428
0 0.516146 0.382407 0.0239583 0.0981481 0.477747
0 0.68125 0.368519 0.03125 0.144444 0.482881
0 0.953125 0.513889 0.09375 0.664815 0.48479
0 0.492188 0.376852 0.0302083 0.109259 0.485282
0 0.492188 0.377778 0.028125 0.103704 0.48919
0 0.68125 0.368519 0.03125 0.144444 0.489793
0 0.547917 0.341667 0.0145833 0.0722222 0.49058
0 0.491146 0.375926 0.0302083 0.114815 0.502587
0 0.681771 0.366667 0.0322917 0.144444 0.503405
0 0.0479167 0.353704 0.0229167 0.103704 0.503494
0 0.516146 0.383333 0.0239583 0.1 0.508698
0 0.492708 0.376852 0.0291667 0.109259 0.508738
0 0.492188 0.377778 0.028125 0.107407 0.516607
0 0.491667 0.375926 0.0291667 0.114815 0.516901
0 0.68125 0.367593 0.03125 0.142593 0.518604
0 0.68125 0.367593 0.03125 0.142593 0.523543
0 0.516146 0.383333 0.0239583 0.1 0.527615
0 0.606771 0.371296 0.028125 0.124074 0.532797
0 0.492188 0.377778 0.028125 0.107407 0.538459
0 0.0213542 0.351852 0.0197917 0.0888889 0.548264
0 0.894271 0.478704 0.0885417 0.564815 0.556488
0 0.0213542 0.35463 0.0197917 0.0944444 0.561606
0 0.607292 0.371296 0.0291667 0.124074 0.58001
0 0.606771 0.371296 0.028125 0.127778 0.581006
0 0.606771 0.37037 0.028125 0.125926 0.586371
0 0.0213542 0.35463 0.0197917 0.0944444 0.587427
0 0.957812 0.512037 0.084375 0.698148 0.592374
0 0.447396 0.375926 0.028125 0.159259 0.593387
0 0.0213542 0.35463 0.0197917 0.0944444 0.59574
0 0.0213542 0.351852 0.0197917 0.0888889 0.604588
0 0.021875 0.351852 0.01875 0.0888889 0.612565
0 0.05 0.352778 0.0229167 0.0981481 0.621178
0 0.607813 0.371296 0.028125 0.124074 0.626382
0 0.0484375 0.352778 0.021875 0.0981481 0.644689
0 0.447917 0.376852 0.0291667 0.161111 0.647191
0 0.607292 0.37037 0.0291667 0.125926 0.654517
0 0.607292 0.371296 0.0270833 0.124074 0.657408
0 0.05 0.351852 0.0229167 0.1 0.658887
0 0.021875 0.352778 0.0208333 0.0907407 0.65951
0 0.607813 0.37037 0.028125 0.125926 0.666605
0 0.447396 0.375 0.028125 0.157407 0.667837
0 0.447396 0.375 0.028125 0.157407 0.668408
0 0.05 0.351852 0.0229167 0.1 0.673695
0 0.0484375 0.353704 0.021875 0.1 0.674204
0 0.606771 0.37037 0.028125 0.125926 0.675992
0 0.447396 0.375 0.028125 0.161111 0.680461
0 0.447917 0.376852 0.0291667 0.161111 0.681263
0 0.956771 0.514815 0.0864583 0.722222 0.684009
0 0.447917 0.376852 0.0291667 0.161111 0.685217
0 0.0213542 0.351852 0.0197917 0.0925926 0.68799
0 0.68125 0.367593 0.03125 0.142593 0.688246
0 0.0489583 0.353704 0.0229167 0.1 0.695445
0 0.446875 0.378704 0.025 0.153704 0.713873
0 0.607813 0.37037 0.028125 0.125926 0.714477
0 0.607292 0.369444 0.0270833 0.124074 0.715927
0 0.607292 0.37037 0.0291667 0.125926 0.71645
0 0.606771 0.369444 0.0260417 0.124074 0.720719
0 0.446875 0.37963 0.025 0.151852 0.723408
0 0.405729 0.371296 0.034375 0.157407 0.724435
0 0.405729 0.371296 0.034375 0.157407 0.727766
0 0.607292 0.37037 0.0270833 0.125926 0.72836
0 0.895312 0.482407 0.0989583 0.598148 0.728602
0 0.95625 0.52037 0.0875 0.7 0.729064
0 0.0484375 0.353704 0.021875 0.103704 0.734362
0 0.68125 0.367593 0.03125 0.142593 0.734908
0 0.955729 0.519444 0.0885417 0.701852 0.74158
0 0.68125 0.367593 0.03125 0.142593 0.742318
0 0.447396 0.375 0.028125 0.161111 0.745031
0 0.957292 0.513889 0.0854167 0.727778 0.746154
0 0.40625 0.374074 0.0333333 0.159259 0.75093
0 0.405729 0.374074 0.0322917 0.159259 0.757512
0 0.607292 0.37037 0.0270833 0.125926 0.760096
0 0.895312 0.486111 0.096875 0.587037 0.7631
0 0.68125 0.367593 0.03125 0.142593 0.763285
0 0.40625 0.374074 0.0333333 0.159259 0.763871
0 0.40625 0.374074 0.0333333 0.159259 0.76811
0 0.405729 0.374074 0.0322917 0.159259 0.775145
0 0.68125 0.367593 0.03125 0.142593 0.78364
0 0.447396 0.375926 0.0260417 0.155556 0.78423
0 0.893229 0.477778 0.090625 0.559259 0.784796
0 0.446875 0.375 0.0270833 0.161111 0.787364
0 0.893229 0.477778 0.090625 0.559259 0.789486
0 0.68125 0.363889 0.03125 0.142593 0.790902
0 0.894271 0.480556 0.090625 0.568519 0.794975
0 0.447396 0.375926 0.0260417 0.151852 0.797661
0 0.68125 0.364815 0.03125 0.140741 0.799801
0 0.68125 0.367593 0.03125 0.142593 0.79993
0 0.405729 0.374074 0.0322917 0.159259 0.804625
0 0.89375 0.480556 0.0916667 0.568519 0.822771
0 0.405729 0.374074 0.0322917 0.159259 0.82871
0 0.405729 0.373148 0.0322917 0.161111 0.831746
0 0.896354 0.485185 0.096875 0.585185 0.833458
0 0.895312 0.487037 0.0947917 0.588889 0.839419
0 0.405729 0.374074 0.0322917 0.162963 0.843729
0 0.958333 0.514815 0.0833333 0.718518 0.849562
0 0.405208 0.372222 0.03125 0.159259 0.857254
0 0.405208 0.372222 0.03125 0.162963 0.857979
0 0.958854 0.516667 0.0822917 0.718518 0.865121
0 0.957812 0.522222 0.084375 0.718518 0.88902
