0 0.641667 0.316667 0.0354167 0.114815 0.250301
0 0.623958 0.326852 0.0291667 0.131481 0.255754
0 0.573438 0.316667 0.028125 0.137037 0.259183
0 0.258333 0.290741 0.0229167 0.0851852 0.260057
0 0.575 0.319444 0.0291667 0.138889 0.269244
0 0.575521 0.319444 0.028125 0.138889 0.269737
0 0.625521 0.326852 0.0302083 0.135185 0.271327
29 0.983854 0.488889 0.0302083 0.12963 0.272063
0 0.938021 0.546296 0.119792 0.651852 0.272134
0 0.493229 0.315741 0.040625 0.142593 0.272935
0 0.576563 0.317593 0.0302083 0.142593 0.275217
29 0.984375 0.483333 0.0291667 0.133333 0.275331
29 0.984375 0.484259 0.0291667 0.131481 0.275536
0 0.625 0.325926 0.0291667 0.133333 0.277927
0 0.0614583 0.358333 0.0604167 0.231481 0.279064
0 0.295833 0.297222 0.0291667 0.0796296 0.280186
0 0.576042 0.317593 0.0291667 0.142593 0.28549
29 0.984896 0.477778 0.0302083 0.166667 0.286396
29 0.983854 0.488889 0.0302083 0.12963 0.286609
29 0.984375 0.476852 0.03125 0.164815 0.289142
29 0.984896 0.488889 0.0302083 0.122222 0.291989
0 0.214062 0.294444 0.0385417 0.12963 0.297505
0 0.0614583 0.358333 0.0583333 0.231481 0.297708
0 0.502604 0.316667 0.0260417 0.140741 0.298085
0 0.0614583 0.358333 0.0583333 0.231481 0.311339
0 0.0489583 0.364815 0.0354167 0.211111 0.312052
0 0.0494792 0.364815 0.0364583 0.211111 0.317577
0 0.31875 0.294444 0.0270833 0.0851852 0.319678
0 0.215625 0.29537 0.0375 0.135185 0.320124
0 0.216146 0.296296 0.0385417 0.137037 0.3202
0 0.215625 0.297222 0.0375 0.135185 0.325147
0 0.0494792 0.363889 0.0364583 0.209259 0.326203
29 0.984896 0.47963 0.0302083 0.148148 0.329726
0 0.0817708 0.35 0.0427083 0.237037 0.333302
0 0.297917 0.298148 0.025 0.0814815 0.347671
0 0.304167 0.296296 0.0416667 0.0814815 0.350336
0 0.297396 0.298148 0.0260417 0.0777778 0.351916
0 0.0130208 0.299074 0.0197917 0.0944444 0.353015
0 0.496875 0.315741 0.0354167 0.138889 0.359396
0 0.933854 0.550926 0.117708 0.701852 0.360481
0 0.214062 0.294444 0.0385417 0.12963 0.360757
0 0.651563 0.30463 0.0197917 0.0944444 0.361311
0 0.0130208 0.298148 0.0197917 0.0962963 0.36631
0 0.0130208 0.298148 0.0197917 0.0962963 0.366744
0 0.297396 0.298148 0.0260417 0.0777778 0.369055
29 0.984375 0.480556 0.0291667 0.142593 0.371028
0 0.08125 0.349074 0.04375 0.242593 0.371269
29 0.984896 0.480556 0.0302083 0.142593 0.37399
0 0.0494792 0.35463 0.034375 0.205556 0.376788
0 0.465625 0.317593 0.0270833 0.135185 0.381148
0 0.0494792 0.353704 0.034375 0.207407 0.384525
0 0.651563 0.305556 0.0197917 0.0962963 0.387941
29 0.984896 0.478704 0.0302083 0.146296 0.392
29 0.984896 0.478704 0.0302083 0.146296 0.392802
0 0.0786458 0.353704 0.0510417 0.244444 0.393106
0 0.502083 0.317593 0.0270833 0.138889 0.393502
0 0.651563 0.305556 0.0197917 0.0962963 0.398152
0 0.214062 0.294444 0.0385417 0.133333 0.401281
0 0.214583 0.294444 0.0395833 0.133333 0.40314
0 0.214583 0.294444 0.0395833 0.133333 0.404531
0 0.623958 0.327778 0.0291667 0.137037 0.407325
0 0.304688 0.296296 0.0427083 0.0814815 0.41
0 0.214583 0.294444 0.0395833 0.133333 0.41215
0 0.214062 0.294444 0.0385417 0.133333 0.412154
0 0.215104 0.294444 0.0385417 0.133333 0.414008
0 0.465104 0.316667 0.0239583 0.133333 0.414082
0 0.296875 0.298148 0.0270833 0.0814815 0.418277
0 0.623958 0.327778 0.0291667 0.137037 0.419038
0 0.502083 0.316667 0.025 0.140741 0.419934
29 0.984896 0.480556 0.0302083 0.142593 0.424015
0 0.215104 0.294444 0.0385417 0.133333 0.426082
0 0.407813 0.337037 0.0489583 0.203704 0.428084
0 0.215104 0.294444 0.0385417 0.133333 0.436345
0 0.575 0.315741 0.0291667 0.135185 0.436845
0 0.0130208 0.302778 0.0197917 0.0944444 0.439062
0 0.408333 0.335185 0.0479167 0.2 0.440203
0 0.651042 0.308333 0.01875 0.0944444 0.445307
0 0.0135417 0.303704 0.0208333 0.0962963 0.446379
0 0.319792 0.29537 0.025 0.0833333 0.446435
0 0.408333 0.335185 0.0479167 0.2 0.452576
0 0.503125 0.314815 0.0229167 0.125926 0.456194
0 0.0489583 0.356481 0.0354167 0.205556 0.456338
0 0.0755208 0.353704 0.0552083 0.244444 0.457619
0 0.0130208 0.302778 0.0197917 0.0981481 0.458374
0 0.465104 0.316667 0.0239583 0.137037 0.458863
0 0.0135417 0.302778 0.0208333 0.0981481 0.459505
0 0.0494792 0.35463 0.0364583 0.227778 0.466558
0 0.573958 0.317593 0.0291667 0.135185 0.468401
0 0.465104 0.316667 0.0239583 0.137037 0.470412
0 0.652604 0.305556 0.0197917 0.0925926 0.471728
29 0.984896 0.47963 0.0302083 0.140741 0.4738
0 0.31875 0.294444 0.025 0.0814815 0.475637
0 0.0489583 0.356481 0.0354167 0.205556 0.481769
0 0.465625 0.316667 0.0270833 0.133333 0.482997
0 0.295833 0.296296 0.025 0.0777778 0.483415
0 0.465625 0.314815 0.0270833 0.125926 0.489756
0 0.651563 0.303704 0.0197917 0.0925926 0.491396
0 0.651042 0.308333 0.0208333 0.0981481 0.492744
0 0.05 0.35463 0.0375 0.231481 0.492875
0 0.465104 0.317593 0.028125 0.138889 0.494438
0 0.213542 0.294444 0.0375 0.133333 0.49532
29 0.984896 0.47963 0.0302083 0.144444 0.496468
0 0.465104 0.311111 0.0239583 0.125926 0.497724
0 0.650521 0.308333 0.0197917 0.0981481 0.498532
0 0.502083 0.318519 0.025 0.140741 0.499461
0 0.0494792 0.355556 0.0364583 0.207407 0.501629
0 0.213542 0.294444 0.0375 0.133333 0.503702
0 0.0734375 0.353704 0.0572917 0.240741 0.515326
0 0.0140625 0.299074 0.0197917 0.0944444 0.516913
0 0.0765625 0.355556 0.053125 0.240741 0.518437
0 0.0140625 0.298148 0.0197917 0.0962963 0.521014
0 0.0140625 0.298148 0.0197917 0.0962963 0.525984
0 0.318229 0.294444 0.0239583 0.0851852 0.53505
0 0.651042 0.30463 0.01875 0.0944444 0.536806
0 0.651042 0.30463 0.01875 0.0944444 0.538672
0 0.465104 0.312037 0.0239583 0.127778 0.551705
0 0.465104 0.312037 0.0239583 0.127778 0.553514
0 0.465104 0.317593 0.028125 0.142593 0.55602
0 0.0130208 0.301852 0.0197917 0.0962963 0.556279
0 0.408854 0.336111 0.0427083 0.205556 0.557798
0 0.408854 0.336111 0.0427083 0.209259 0.558376
0 0.318229 0.294444 0.0239583 0.0851852 0.561139
0 0.502604 0.313889 0.021875 0.131481 0.56263
0 0.0744792 0.353704 0.0552083 0.240741 0.564659
0 0.318229 0.294444 0.0239583 0.0851852 0.567254
0 0.503646 0.315741 0.021875 0.138889 0.57049
0 0.0140625 0.300926 0.0197917 0.0981481 0.580255
0 0.503125 0.315741 0.0208333 0.138889 0.588614
0 0.0140625 0.3 0.0197917 0.1 0.589509
0 0.465625 0.315741 0.0270833 0.131481 0.593296
0 0.466146 0.315741 0.0260417 0.131481 0.594421
0 0.318229 0.297222 0.0239583 0.0833333 0.598444
0 0.0744792 0.35463 0.0552083 0.242593 0.599248
0 0.0140625 0.3 0.0197917 0.1 0.599725
0 0.502604 0.318519 0.0239583 0.12963 0.603727
0 0.651563 0.305556 0.0197917 0.0962963 0.605181
0 0.318229 0.297222 0.0239583 0.0796296 0.608745
0 0.465625 0.316667 0.025 0.133333 0.608774
0 0.317708 0.297222 0.025 0.0833333 0.612355
0 0.623438 0.327778 0.0302083 0.137037 0.616639
0 0.573438 0.316667 0.028125 0.144444 0.617593
0 0.624479 0.328704 0.028125 0.135185 0.619334
0 0.624479 0.326852 0.028125 0.135185 0.620591
0 0.623438 0.328704 0.0302083 0.135185 0.623438
0 0.0765625 0.355556 0.0552083 0.237037 0.623523
0 0.573438 0.318519 0.0302083 0.144444 0.627719
0 0.573438 0.316667 0.028125 0.140741 0.628705
0 0.502083 0.317593 0.0229167 0.131481 0.634775
0 0.465104 0.317593 0.0260417 0.138889 0.637121
0 0.502604 0.317593 0.0239583 0.131481 0.638997
0 0.623438 0.328704 0.0302083 0.135185 0.646467
0 0.296354 0.298148 0.0239583 0.0814815 0.658489
0 0.575 0.315741 0.0291667 0.142593 0.660135
0 0.574479 0.315741 0.028125 0.142593 0.66379
0 0.573438 0.317593 0.0302083 0.146296 0.665111
0 0.296354 0.298148 0.0260417 0.0814815 0.6773
0 0.0770833 0.356481 0.05625 0.242593 0.679238
0 0.0802083 0.35463 0.0479167 0.235185 0.679719
0 0.624479 0.330556 0.028125 0.138889 0.681969
0 0.573958 0.318519 0.0291667 0.144444 0.689986
0 0.296354 0.298148 0.0260417 0.0777778 0.692046
0 0.296875 0.298148 0.025 0.0777778 0.692193
0 0.0791667 0.355556 0.0479167 0.240741 0.69374
0 0.408333 0.335185 0.04375 0.192593 0.695392
0 0.0786458 0.35463 0.046875 0.238889 0.697074
0 0.0791667 0.35463 0.0479167 0.242593 0.699113
0 0.573958 0.316667 0.0291667 0.144444 0.701698
0 0.296875 0.296296 0.025 0.0814815 0.702185
0 0.408333 0.335185 0.04375 0.196296 0.706426
0 0.625 0.330556 0.0291667 0.138889 0.709015
0 0.296875 0.29537 0.025 0.0796296 0.710537
0 0.296875 0.29537 0.025 0.0796296 0.712895
0 0.573958 0.316667 0.0291667 0.140741 0.715818
0 0.0791667 0.353704 0.0479167 0.240741 0.717173
0 0.573438 0.317593 0.028125 0.142593 0.717748
0 0.408854 0.337037 0.0447917 0.196296 0.718984
0 0.624479 0.330556 0.028125 0.138889 0.720008
0 0.502604 0.313889 0.021875 0.135185 0.727342
0 0.575 0.316667 0.0291667 0.144444 0.728214
0 0.573958 0.316667 0.0291667 0.144444 0.733456
0 0.503125 0.313889 0.0229167 0.135185 0.734217
0 0.573958 0.316667 0.0291667 0.144444 0.735224
0 0.0786458 0.35463 0.046875 0.242593 0.737236
0 0.938542 0.552778 0.11875 0.709259 0.73817
0 0.502083 0.317593 0.025 0.138889 0.739558
0 0.502604 0.316667 0.0239583 0.140741 0.741963
0 0.408854 0.337037 0.0447917 0.196296 0.745845
0 0.938021 0.551852 0.117708 0.707407 0.745849
0 0.573958 0.316667 0.0291667 0.144444 0.754361
0 0.078125 0.35463 0.0479167 0.242593 0.754933
0 0.623958 0.32963 0.0291667 0.137037 0.763327
0 0.573958 0.317593 0.0291667 0.142593 0.763822
0 0.408854 0.337037 0.0447917 0.196296 0.764343
0 0.0802083 0.353704 0.0479167 0.240741 0.775179
0 0.408333 0.336111 0.0458333 0.194444 0.778469
0 0.408333 0.335185 0.0458333 0.196296 0.784715
0 0.408333 0.335185 0.0458333 0.196296 0.788055
0 0.623958 0.32963 0.0291667 0.137037 0.788779
0 0.623958 0.32963 0.0291667 0.137037 0.796516
0 0.408854 0.335185 0.0447917 0.196296 0.808247
0 0.625 0.326852 0.0291667 0.138889 0.818525
0 0.625 0.327778 0.0291667 0.140741 0.820442
0 0.408854 0.335185 0.0447917 0.196296 0.821772
0 0.623958 0.328704 0.0291667 0.138889 0.831361
0 0.623958 0.327778 0.0291667 0.140741 0.834626
0 0.408854 0.333333 0.0447917 0.196296 0.837065
0 0.408854 0.335185 0.0447917 0.196296 0.837234
0 0.408854 0.333333 0.0447917 0.2 0.844057
0 0.938021 0.551852 0.117708 0.711111 0.846069
0 0.938021 0.550926 0.117708 0.705556 0.87516
0 0.938021 0.552778 0.119792 0.701852 0.88827
0 0.938021 0.550926 0.117708 0.705556 0.906106
0 0.938021 0.55 0.117708 0.707407 0.906445
0 0.935417 0.549074 0.11875 0.701852 0.909039
