0 0.653125 0.344444 0.025 0.107407 0.250085
13 0.429688 0.438889 0.040625 0.0777778 0.250951
13 0.198437 0.471296 0.144792 0.153704 0.253118
13 0.430208 0.438889 0.0416667 0.0777778 0.255097
13 0.198958 0.471296 0.14375 0.153704 0.255314
13 0.430729 0.439815 0.040625 0.0796296 0.255929
13 0.430729 0.439815 0.040625 0.0796296 0.256798
0 0.653646 0.338889 0.021875 0.0888889 0.257657
0 0.0203125 0.355556 0.0302083 0.144444 0.257859
0 0.453125 0.349074 0.0270833 0.127778 0.259952
0 0.0203125 0.355556 0.0302083 0.144444 0.260347
13 0.197917 0.47037 0.145833 0.159259 0.262418
0 0.305208 0.325 0.025 0.0796296 0.264914
0 0.305729 0.325 0.0239583 0.0796296 0.266391
0 0.299479 0.327778 0.028125 0.0814815 0.268524
36 0.978646 0.961111 0.0427083 0.062963 0.269694
0 0.489583 0.352778 0.025 0.131481 0.272954
36 0.978646 0.961111 0.0427083 0.062963 0.274442
0 0.632292 0.358333 0.0604167 0.127778 0.274457
36 0.978646 0.961111 0.0427083 0.062963 0.276233
13 0.430208 0.439815 0.0416667 0.0796296 0.277368
0 0.634375 0.358333 0.0604167 0.127778 0.277424
0 0.46875 0.337037 0.0145833 0.0814815 0.278005
0 0.454167 0.35 0.0270833 0.122222 0.279408
0 0.303646 0.325926 0.028125 0.0814815 0.280286
0 0.305729 0.325 0.0239583 0.0796296 0.282336
0 0.295833 0.325926 0.0229167 0.0814815 0.285639
13 0.430208 0.439815 0.0416667 0.0796296 0.285865
0 0.295833 0.325926 0.0229167 0.0814815 0.285954
0 0.632812 0.358333 0.059375 0.131481 0.287685
0 0.653646 0.338889 0.0197917 0.0925926 0.288725
0 0.365104 0.381481 0.053125 0.244444 0.290917
0 0.489062 0.352778 0.0260417 0.127778 0.293425
0 0.295833 0.325926 0.0229167 0.0814815 0.29516
13 0.198958 0.471296 0.145833 0.153704 0.295998
0 0.489583 0.352778 0.0229167 0.127778 0.299706
0 0.570833 0.352778 0.03125 0.142593 0.300171
13 0.385938 0.517593 0.090625 0.0944444 0.303616
0 0.653125 0.338889 0.0208333 0.0925926 0.304692
13 0.197917 0.469444 0.145833 0.157407 0.304848
0 0.571354 0.352778 0.0302083 0.142593 0.3108
0 0.0177083 0.348148 0.03125 0.133333 0.320196
13 0.386458 0.517593 0.0916667 0.0944444 0.327171
0 0.297396 0.326852 0.0260417 0.0796296 0.331307
0 0.453125 0.349074 0.025 0.127778 0.339342
36 0.977604 0.956481 0.0447917 0.0796296 0.343146
0 0.203125 0.323148 0.0479167 0.135185 0.347564
0 0.302604 0.326852 0.028125 0.0796296 0.349197
36 0.977604 0.956481 0.0447917 0.0796296 0.350185
0 0.653646 0.35 0.021875 0.103704 0.352122
0 0.302604 0.326852 0.028125 0.0796296 0.354411
36 0.977604 0.955556 0.0447917 0.0777778 0.354489
0 0.653646 0.339815 0.021875 0.101852 0.357498
0 0.302604 0.326852 0.028125 0.0796296 0.359293
13 0.383333 0.519444 0.0875 0.0981481 0.363922
0 0.452604 0.352778 0.0239583 0.12037 0.381909
0 0.202083 0.323148 0.05 0.146296 0.384514
36 0.978646 0.960185 0.0427083 0.0648148 0.384931
0 0.453646 0.35 0.0260417 0.122222 0.387544
0 0.298438 0.326852 0.0260417 0.0796296 0.387809
0 0.202083 0.32037 0.05 0.148148 0.389054
36 0.978646 0.959259 0.0427083 0.0666667 0.390178
0 0.654167 0.35 0.0208333 0.107407 0.392192
36 0.978646 0.959259 0.0427083 0.0666667 0.392927
0 0.453125 0.349074 0.0270833 0.12037 0.394281
0 0.202083 0.323148 0.05 0.146296 0.395073
0 0.300521 0.327778 0.028125 0.0814815 0.396872
0 0.202083 0.323148 0.05 0.146296 0.397313
0 0.298438 0.326852 0.0260417 0.0796296 0.398046
0 0.298438 0.326852 0.0260417 0.0796296 0.400964
0 0.202083 0.323148 0.05 0.146296 0.401581
36 0.978646 0.958333 0.0427083 0.0685185 0.401723
0 0.202604 0.32037 0.0510417 0.148148 0.402801
13 0.384896 0.516667 0.090625 0.0925926 0.409473
0 0.367708 0.377778 0.0520833 0.244444 0.410188
13 0.383333 0.52037 0.0895833 0.1 0.411649
0 0.653646 0.35 0.021875 0.107407 0.413561
0 0.0161458 0.352778 0.0302083 0.15 0.414482
36 0.978125 0.958333 0.04375 0.0685185 0.415063
0 0.0161458 0.352778 0.0302083 0.146296 0.415473
0 0.202083 0.323148 0.05 0.146296 0.421923
0 0.202083 0.324074 0.0520833 0.144444 0.426786
0 0.653125 0.349074 0.0208333 0.109259 0.430531
0 0.453125 0.352778 0.0229167 0.124074 0.432395
0 0.617188 0.362037 0.028125 0.142593 0.433624
0 0.299479 0.327778 0.0260417 0.0814815 0.436985
13 0.384896 0.517593 0.0885417 0.0981481 0.439166
13 0.384896 0.517593 0.0885417 0.0981481 0.439634
13 0.384896 0.517593 0.0885417 0.0981481 0.441508
0 0.617188 0.362037 0.028125 0.142593 0.444171
0 0.452083 0.351852 0.0229167 0.125926 0.445137
13 0.384375 0.516667 0.0916667 0.0925926 0.451581
0 0.0177083 0.35 0.03125 0.140741 0.456073
0 0.490625 0.350926 0.0229167 0.127778 0.456864
0 0.0177083 0.349074 0.03125 0.142593 0.461481
0 0.617188 0.362963 0.028125 0.133333 0.467982
0 0.453646 0.348148 0.0260417 0.118519 0.470236
13 0.383854 0.519444 0.090625 0.101852 0.480738
36 0.977604 0.959259 0.0447917 0.0666667 0.48096
13 0.384375 0.519444 0.0895833 0.0981481 0.483321
0 0.201562 0.321296 0.0510417 0.142593 0.483634
0 0.653646 0.347222 0.021875 0.0981481 0.491616
0 0.571875 0.355556 0.03125 0.133333 0.491711
13 0.384375 0.518519 0.0895833 0.1 0.492276
0 0.653646 0.341667 0.021875 0.0981481 0.498719
36 0.978125 0.959259 0.04375 0.0703704 0.500779
36 0.977604 0.959259 0.0447917 0.0666667 0.501874
0 0.571354 0.355556 0.0302083 0.137037 0.502373
0 0.453646 0.343519 0.0260417 0.105556 0.509102
36 0.977604 0.959259 0.0447917 0.0703704 0.512573
0 0.202604 0.32037 0.0510417 0.148148 0.52007
0 0.653646 0.342593 0.021875 0.1 0.528783
0 0.653646 0.342593 0.021875 0.1 0.529525
0 0.490625 0.350926 0.0208333 0.124074 0.53269
0 0.490625 0.351852 0.0208333 0.125926 0.53989
0 0.203125 0.321296 0.05 0.146296 0.54186
0 0.653646 0.346296 0.021875 0.1 0.547836
13 0.383854 0.52037 0.0885417 0.0962963 0.548254
0 0.653646 0.346296 0.021875 0.1 0.549751
0 0.453646 0.343519 0.0260417 0.105556 0.551258
0 0.203125 0.321296 0.05 0.146296 0.552883
0 0.453125 0.343519 0.025 0.105556 0.556449
0 0.453646 0.349074 0.0239583 0.124074 0.56041
0 0.653646 0.34537 0.021875 0.105556 0.60002
13 0.383854 0.52037 0.0885417 0.0962963 0.608694
13 0.383333 0.52037 0.0875 0.0962963 0.609864
0 0.454167 0.350926 0.025 0.12037 0.615211
0 0.617708 0.362037 0.0291667 0.131481 0.617653
0 0.0177083 0.352778 0.0333333 0.146296 0.622136
0 0.453646 0.346296 0.0239583 0.122222 0.625174
0 0.453125 0.349074 0.025 0.116667 0.62768
0 0.0177083 0.352778 0.0333333 0.146296 0.632262
0 0.0177083 0.352778 0.0333333 0.146296 0.636788
0 0.0177083 0.353704 0.0333333 0.148148 0.638555
0 0.367188 0.383333 0.053125 0.266667 0.64495
0 0.0177083 0.352778 0.0333333 0.146296 0.645641
13 0.384375 0.519444 0.0895833 0.0944444 0.650599
0 0.0177083 0.352778 0.0333333 0.146296 0.651219
13 0.383854 0.521296 0.090625 0.0981481 0.651488
0 0.0177083 0.35463 0.0333333 0.146296 0.652953
0 0.453646 0.348148 0.0239583 0.125926 0.653625
0 0.453646 0.348148 0.0239583 0.125926 0.654486
0 0.0177083 0.353704 0.0333333 0.144444 0.660845
0 0.0177083 0.352778 0.0333333 0.146296 0.664008
0 0.571354 0.356481 0.0302083 0.138889 0.6682
0 0.571354 0.356481 0.0302083 0.138889 0.66953
0 0.203125 0.323148 0.05 0.146296 0.678155
0 0.490625 0.350926 0.0229167 0.124074 0.679535
0 0.0177083 0.352778 0.0333333 0.146296 0.680056
0 0.0177083 0.35463 0.0333333 0.146296 0.681739
0 0.491146 0.352778 0.021875 0.124074 0.687341
0 0.491146 0.352778 0.021875 0.124074 0.691811
0 0.203125 0.322222 0.05 0.144444 0.694181
0 0.204167 0.321296 0.05 0.146296 0.694429
0 0.365104 0.381481 0.0552083 0.259259 0.696317
0 0.955729 0.603704 0.0885417 0.722222 0.699329
0 0.203646 0.321296 0.0510417 0.142593 0.715602
0 0.617708 0.362963 0.0270833 0.133333 0.717429
0 0.366667 0.382407 0.0541667 0.253704 0.722601
0 0.617188 0.362963 0.028125 0.133333 0.725058
0 0.366667 0.383333 0.0541667 0.255556 0.733987
0 0.490625 0.351852 0.0208333 0.12963 0.737693
0 0.618229 0.361111 0.028125 0.140741 0.739896
0 0.204167 0.321296 0.05 0.15 0.742886
0 0.204167 0.322222 0.05 0.148148 0.746994
0 0.366146 0.383333 0.0552083 0.255556 0.751519
0 0.571875 0.35463 0.03125 0.146296 0.751759
0 0.570833 0.355556 0.03125 0.148148 0.757401
0 0.618229 0.361111 0.028125 0.140741 0.762755
0 0.570833 0.35463 0.03125 0.15 0.763629
0 0.617708 0.362963 0.0291667 0.137037 0.764479
0 0.571875 0.35463 0.03125 0.146296 0.766154
0 0.570833 0.35463 0.03125 0.15 0.768993
0 0.617708 0.362963 0.0291667 0.137037 0.770213
0 0.570833 0.355556 0.03125 0.148148 0.770807
0 0.618229 0.361111 0.028125 0.140741 0.771915
0 0.570833 0.35463 0.03125 0.15 0.772739
0 0.489583 0.352778 0.0229167 0.127778 0.776195
0 0.617708 0.362037 0.0291667 0.142593 0.77663
0 0.489583 0.353704 0.0208333 0.12963 0.782827
0 0.366667 0.382407 0.0541667 0.253704 0.784895
0 0.571354 0.35463 0.0302083 0.146296 0.786217
0 0.571354 0.355556 0.0302083 0.148148 0.788416
0 0.203646 0.321296 0.0489583 0.146296 0.789415
0 0.204167 0.321296 0.05 0.146296 0.791674
0 0.571354 0.355556 0.0302083 0.148148 0.791739
0 0.203125 0.321296 0.05 0.146296 0.794291
0 0.203125 0.321296 0.05 0.146296 0.794989
0 0.204167 0.322222 0.05 0.148148 0.796317
0 0.571875 0.355556 0.03125 0.144444 0.796382
0 0.203125 0.321296 0.05 0.146296 0.798261
0 0.490104 0.352778 0.021875 0.131481 0.799325
0 0.490625 0.351852 0.0208333 0.12963 0.799499
0 0.617708 0.362037 0.0291667 0.142593 0.803319
0 0.366667 0.384259 0.0541667 0.253704 0.806483
0 0.366146 0.384259 0.0552083 0.253704 0.808778
0 0.366146 0.384259 0.0552083 0.253704 0.813912
0 0.490104 0.353704 0.021875 0.12963 0.815943
0 0.617708 0.362037 0.0291667 0.142593 0.817121
0 0.955729 0.609259 0.084375 0.7 0.819631
0 0.366146 0.385185 0.0552083 0.251852 0.842863
0 0.366146 0.386111 0.0552083 0.261111 0.85557
0 0.367708 0.378704 0.0541667 0.261111 0.857616
0 0.956771 0.598148 0.0864583 0.711111 0.857821
0 0.366146 0.385185 0.0552083 0.262963 0.86214
0 0.956771 0.6 0.0864583 0.711111 0.862954
0 0.366146 0.385185 0.0552083 0.262963 0.869535
0 0.95625 0.6 0.0875 0.714815 0.877928
0 0.956771 0.6 0.0864583 0.714815 0.88465
0 0.957292 0.600926 0.0854167 0.712963 0.905088
0 0.956771 0.600926 0.0864583 0.716667 0.905816
0 0.955729 0.605556 0.0864583 0.714815 0.912479
