0 0.588542 0.359259 0.0145833 0.0777778 0.262191
0 0.00729167 0.390741 0.0145833 0.122222 0.272729
0 0.770312 0.393519 0.0364583 0.183333 0.272991
0 0.0333333 0.392593 0.0291667 0.118519 0.274805
0 0.0125 0.381481 0.025 0.144444 0.27808
0 0.0348958 0.393519 0.0302083 0.112963 0.282187
0 0.0125 0.380556 0.025 0.142593 0.283119
0 0.529167 0.399074 0.03125 0.12037 0.283912
0 0.770312 0.392593 0.034375 0.181481 0.289236
0 0.41875 0.350926 0.0166667 0.0796296 0.292241
0 0.41875 0.350926 0.0166667 0.0796296 0.295931
0 0.0348958 0.394444 0.0302083 0.111111 0.297455
0 0.766146 0.391667 0.0385417 0.175926 0.29865
0 0.441146 0.383333 0.034375 0.17037 0.30554
0 0.0348958 0.393519 0.0302083 0.112963 0.305958
0 0.529688 0.398148 0.0302083 0.118519 0.306039
0 0.00677083 0.389815 0.0135417 0.12037 0.306869
0 0.440625 0.384259 0.0375 0.168519 0.308206
0 0.557292 0.403704 0.0333333 0.111111 0.3114
0 0.556771 0.403704 0.034375 0.111111 0.313366
0 0.55625 0.400926 0.0333333 0.116667 0.313607
0 0.0109375 0.372222 0.021875 0.159259 0.31636
0 0.531771 0.394444 0.034375 0.125926 0.317822
0 0.00677083 0.390741 0.0135417 0.122222 0.319085
0 0.41875 0.350926 0.0166667 0.0796296 0.326893
0 0.765625 0.392593 0.0375 0.174074 0.329685
0 0.5875 0.356481 0.0166667 0.0796296 0.33236
0 0.53125 0.394444 0.0354167 0.125926 0.332941
0 0.034375 0.394444 0.0291667 0.111111 0.336066
0 0.529167 0.397222 0.03125 0.12037 0.338426
0 0.55625 0.400926 0.0333333 0.116667 0.33947
0 0.0354167 0.393519 0.0291667 0.112963 0.340497
0 0.55625 0.400926 0.0333333 0.116667 0.340992
0 0.5875 0.357407 0.0166667 0.0814815 0.341702
0 0.441146 0.384259 0.034375 0.164815 0.343152
0 0.55625 0.400926 0.0333333 0.116667 0.34485
0 0.460938 0.394444 0.0635417 0.151852 0.347333
0 0.0348958 0.394444 0.028125 0.111111 0.347555
0 0.55625 0.401852 0.0333333 0.114815 0.349664
0 0.588021 0.357407 0.015625 0.0777778 0.359692
0 0.0270833 0.389815 0.0416667 0.12037 0.362013
0 0.55625 0.401852 0.0333333 0.114815 0.363821
0 0.034375 0.392593 0.03125 0.111111 0.366419
0 0.529688 0.390741 0.0322917 0.122222 0.367783
0 0.588021 0.357407 0.015625 0.0777778 0.368353
0 0.0078125 0.380556 0.015625 0.138889 0.371878
0 0.556771 0.402778 0.034375 0.112963 0.372141
0 0.53125 0.394444 0.0354167 0.125926 0.374847
0 0.461458 0.39537 0.0604167 0.153704 0.378797
0 0.0078125 0.381481 0.015625 0.140741 0.379419
0 0.0302083 0.390741 0.0416667 0.125926 0.382285
0 0.0302083 0.391667 0.0416667 0.12037 0.383626
0 0.586979 0.357407 0.015625 0.0777778 0.389831
0 0.5875 0.357407 0.0166667 0.0814815 0.395427
0 0.0322917 0.391667 0.03125 0.124074 0.401586
0 0.5875 0.357407 0.0166667 0.0777778 0.404563
0 0.461458 0.39537 0.0604167 0.153704 0.405936
0 0.0348958 0.392593 0.0302083 0.111111 0.40619
0 0.0322917 0.391667 0.03125 0.124074 0.417169
0 0.0348958 0.392593 0.0302083 0.111111 0.419932
0 0.0333333 0.391667 0.03125 0.12037 0.422855
0 0.586979 0.357407 0.015625 0.0777778 0.427631
0 0.530208 0.390741 0.03125 0.125926 0.43163
0 0.529688 0.390741 0.0322917 0.125926 0.435682
0 0.529688 0.39537 0.0302083 0.124074 0.444446
0 0.0338542 0.391667 0.0302083 0.12037 0.450058
0 0.639063 0.382407 0.0302083 0.127778 0.451342
0 0.0333333 0.391667 0.03125 0.12037 0.453333
0 0.639063 0.382407 0.028125 0.127778 0.454409
0 0.639063 0.382407 0.0302083 0.127778 0.45509
0 0.529688 0.39537 0.0302083 0.124074 0.45722
0 0.529688 0.393519 0.0302083 0.127778 0.457947
0 0.440104 0.389815 0.0302083 0.164815 0.46005
0 0.529167 0.393519 0.03125 0.127778 0.470653
0 0.529688 0.39537 0.0302083 0.124074 0.474381
0 0.440104 0.390741 0.0302083 0.166667 0.474964
0 0.440625 0.391667 0.03125 0.164815 0.502165
0 0.440625 0.392593 0.03125 0.162963 0.502627
0 0.440625 0.391667 0.03125 0.161111 0.507976
0 0.529167 0.393519 0.03125 0.127778 0.539501
0 0.476562 0.39537 0.028125 0.153704 0.545455
0 0.476562 0.39537 0.028125 0.153704 0.5554
0 0.440625 0.384259 0.03125 0.164815 0.569757
0 0.639063 0.378704 0.0322917 0.131481 0.57182
0 0.440625 0.384259 0.03125 0.164815 0.579429
0 0.768229 0.393519 0.0364583 0.175926 0.587883
0 0.768229 0.392593 0.0364583 0.177778 0.598225
0 0.767708 0.392593 0.0375 0.177778 0.601105
0 0.639583 0.381481 0.03125 0.137037 0.604724
0 0.640104 0.380556 0.0302083 0.135185 0.618145
0 0.769271 0.391667 0.0364583 0.17963 0.626105
0 0.640104 0.380556 0.0302083 0.135185 0.628111
0 0.768229 0.392593 0.0364583 0.177778 0.640697
0 0.639063 0.377778 0.0322917 0.137037 0.641554
0 0.76875 0.392593 0.0354167 0.181481 0.64856
0 0.639063 0.377778 0.0322917 0.137037 0.649265
0 0.476562 0.39537 0.028125 0.153704 0.658481
0 0.640104 0.37963 0.0302083 0.12963 0.670043
0 0.76875 0.392593 0.0375 0.181481 0.671927
0 0.476562 0.394444 0.028125 0.151852 0.682292
0 0.639583 0.378704 0.03125 0.131481 0.687459
0 0.768229 0.392593 0.0364583 0.177778 0.688859
0 0.639583 0.377778 0.0333333 0.137037 0.697216
0 0.477083 0.39537 0.0270833 0.153704 0.699874
0 0.639583 0.378704 0.03125 0.131481 0.704067
0 0.768229 0.392593 0.0364583 0.181481 0.709907
0 0.639583 0.37963 0.03125 0.133333 0.712445
0 0.639583 0.37963 0.03125 0.133333 0.714541
0 0.768229 0.392593 0.0364583 0.177778 0.729016
0 0.477083 0.39537 0.0291667 0.153704 0.73102
0 0.639583 0.37963 0.03125 0.133333 0.733982
0 0.768229 0.392593 0.0364583 0.181481 0.738202
0 0.477083 0.39537 0.0270833 0.157407 0.748539
0 0.640104 0.380556 0.0302083 0.127778 0.753817
0 0.477083 0.39537 0.0270833 0.153704 0.755095
0 0.640104 0.380556 0.0302083 0.127778 0.760249
0 0.476562 0.39537 0.028125 0.153704 0.763713
0 0.768229 0.389815 0.0364583 0.17963 0.77166
0 0.440625 0.389815 0.03125 0.168519 0.771894
0 0.476562 0.39537 0.028125 0.153704 0.772455
0 0.440625 0.390741 0.03125 0.17037 0.778851
0 0.767708 0.388889 0.0354167 0.181481 0.788161
0 0.440625 0.389815 0.03125 0.168519 0.796946
0 0.476042 0.396296 0.0291667 0.155556 0.805692
0 0.440625 0.387037 0.0333333 0.166667 0.812288
0 0.476042 0.396296 0.0291667 0.151852 0.814954
0 0.440625 0.386111 0.0333333 0.168519 0.815089
0 0.440104 0.387963 0.0322917 0.164815 0.837646
0 0.440104 0.387963 0.0322917 0.168519 0.839359
