0 0.217708 0.322222 0.0145833 0.0888889 0.251643
0 0.798437 0.548148 0.140625 0.637037 0.251889
0 0.590625 0.346296 0.03125 0.12963 0.25226
24 0.96875 0.480556 0.0625 0.298148 0.257001
0 0.45 0.325 0.025 0.105556 0.258166
24 0.966667 0.475 0.0666667 0.294444 0.258268
26 0.846354 0.481481 0.0427083 0.159259 0.258459
1 0.982813 0.665741 0.034375 0.112963 0.260601
0 0.120312 0.333333 0.0260417 0.118519 0.261392
1 0.983333 0.672222 0.0333333 0.111111 0.261497
0 0.336979 0.340741 0.0364583 0.185185 0.264535
26 0.846354 0.481481 0.0427083 0.162963 0.265811
1 0.983333 0.672222 0.0333333 0.111111 0.266611
26 0.846354 0.481481 0.0427083 0.159259 0.267129
0 0.119792 0.331481 0.025 0.118519 0.267611
0 0.452604 0.322222 0.021875 0.107407 0.269326
0 0.234375 0.331481 0.03125 0.118519 0.269948
0 0.121875 0.326852 0.0229167 0.112963 0.27085
0 0.234375 0.330556 0.03125 0.116667 0.272251
24 0.96875 0.480556 0.0625 0.290741 0.272555
0 0.120833 0.335185 0.025 0.114815 0.272796
0 0.120833 0.336111 0.0229167 0.112963 0.275182
0 0.234375 0.35463 0.0333333 0.183333 0.275334
1 0.982813 0.665741 0.034375 0.112963 0.277952
0 0.234375 0.35463 0.0333333 0.183333 0.279615
1 0.983333 0.672222 0.0333333 0.111111 0.279676
0 0.119792 0.331481 0.0270833 0.118519 0.281035
0 0.121875 0.326852 0.0229167 0.112963 0.281693
0 0.452604 0.322222 0.021875 0.107407 0.283385
0 0.219792 0.317593 0.01875 0.0907407 0.283515
0 0.217708 0.322222 0.0145833 0.0888889 0.288834
0 0.120312 0.336111 0.0239583 0.112963 0.289259
0 0.936458 0.564815 0.127083 0.659259 0.294423
0 0.121875 0.326852 0.0229167 0.112963 0.294764
0 0.45 0.325926 0.025 0.103704 0.300001
0 0.45 0.325926 0.025 0.103704 0.305462
0 0.218229 0.319444 0.0177083 0.0944444 0.306095
0 0.233333 0.348148 0.0354167 0.162963 0.306681
0 0.21875 0.319444 0.0166667 0.0907407 0.30672
0 0.233333 0.352778 0.0354167 0.172222 0.307353
0 0.805208 0.555556 0.15 0.666667 0.312548
0 0.21875 0.319444 0.0166667 0.0907407 0.318915
0 0.451562 0.325 0.0239583 0.109259 0.323773
0 0.233854 0.344444 0.034375 0.155556 0.324226
0 0.591667 0.340741 0.0291667 0.137037 0.326769
0 0.509896 0.333333 0.0197917 0.12963 0.331138
0 0.476562 0.346296 0.0322917 0.155556 0.333786
0 0.9375 0.550926 0.125 0.712963 0.338603
0 0.453125 0.324074 0.0229167 0.107407 0.34066
0 0.477083 0.347222 0.03125 0.153704 0.347518
0 0.626042 0.318519 0.0208333 0.0925926 0.349444
0 0.338542 0.347222 0.0354167 0.190741 0.34993
0 0.591146 0.346296 0.0302083 0.140741 0.350209
0 0.449479 0.323148 0.021875 0.105556 0.353065
0 0.798437 0.552778 0.142708 0.657407 0.358939
0 0.592188 0.340741 0.028125 0.133333 0.359939
0 0.625521 0.32037 0.0197917 0.103704 0.36004
0 0.806771 0.555556 0.151042 0.659259 0.361741
0 0.451562 0.327778 0.0239583 0.114815 0.364628
0 0.592188 0.340741 0.028125 0.133333 0.368436
24 0.967708 0.473148 0.0645833 0.298148 0.371618
0 0.80625 0.552778 0.14375 0.67963 0.372636
0 0.626042 0.319444 0.0208333 0.0944444 0.373216
0 0.591146 0.347222 0.0302083 0.138889 0.377126
0 0.451562 0.326852 0.0239583 0.112963 0.377774
0 0.338542 0.347222 0.0354167 0.190741 0.380899
0 0.626042 0.319444 0.0208333 0.0944444 0.383209
0 0.45 0.32963 0.0229167 0.114815 0.383827
0 0.509896 0.335185 0.0177083 0.12963 0.386884
0 0.338542 0.347222 0.0354167 0.190741 0.387988
0 0.119792 0.331481 0.025 0.118519 0.396654
0 0.477604 0.343519 0.0322917 0.153704 0.400298
0 0.509375 0.333333 0.0208333 0.12963 0.401068
0 0.590625 0.346296 0.0291667 0.140741 0.40244
0 0.564583 0.32963 0.0270833 0.12963 0.409787
0 0.509896 0.333333 0.0197917 0.12963 0.411693
0 0.626562 0.323148 0.0197917 0.0944444 0.41462
0 0.510417 0.335185 0.01875 0.12963 0.414686
0 0.591146 0.347222 0.0302083 0.138889 0.418613
0 0.335938 0.348148 0.0385417 0.192593 0.419976
0 0.479688 0.340741 0.0302083 0.159259 0.424645
0 0.480208 0.340741 0.0291667 0.159259 0.428843
0 0.591146 0.347222 0.0302083 0.138889 0.431544
0 0.509896 0.335185 0.0177083 0.12963 0.434395
0 0.564583 0.32963 0.0270833 0.137037 0.443759
0 0.935417 0.575 0.122917 0.698148 0.44556
0 0.335938 0.347222 0.0385417 0.194444 0.4461
0 0.591667 0.347222 0.0291667 0.131481 0.448615
0 0.805729 0.552778 0.144792 0.67963 0.451497
0 0.335938 0.347222 0.0385417 0.190741 0.453224
0 0.565104 0.32963 0.0260417 0.133333 0.45791
0 0.479688 0.340741 0.0302083 0.159259 0.459235
0 0.591146 0.346296 0.028125 0.137037 0.46536
0 0.119792 0.331481 0.0229167 0.118519 0.467288
0 0.508854 0.334259 0.0197917 0.127778 0.471035
0 0.626562 0.324074 0.0197917 0.0962963 0.474321
0 0.479688 0.344444 0.0302083 0.155556 0.476803
0 0.626562 0.323148 0.0197917 0.0981481 0.481607
0 0.510417 0.334259 0.01875 0.127778 0.482811
0 0.805729 0.55 0.155208 0.637037 0.492735
0 0.476562 0.340741 0.0302083 0.151852 0.496695
0 0.476042 0.340741 0.0291667 0.151852 0.506798
0 0.120312 0.333333 0.0239583 0.118519 0.506982
0 0.479688 0.343519 0.0302083 0.153704 0.507803
0 0.3375 0.343519 0.0354167 0.183333 0.509008
0 0.3375 0.343519 0.0354167 0.183333 0.511065
0 0.336979 0.349074 0.0364583 0.190741 0.513908
0 0.936979 0.558333 0.123958 0.72037 0.517893
0 0.336979 0.35 0.0364583 0.188889 0.527641
0 0.120312 0.330556 0.0239583 0.116667 0.535123
0 0.120312 0.330556 0.0239583 0.116667 0.538026
0 0.120312 0.331481 0.0239583 0.118519 0.540088
0 0.336979 0.35 0.0364583 0.188889 0.540575
0 0.590104 0.343519 0.0302083 0.138889 0.55843
0 0.936458 0.555556 0.125 0.711111 0.571891
0 0.336979 0.34537 0.034375 0.187037 0.574283
0 0.279687 0.315741 0.0197917 0.0833333 0.579298
0 0.279687 0.312963 0.021875 0.0888889 0.584213
0 0.590104 0.343519 0.0302083 0.138889 0.584236
0 0.280208 0.312037 0.0208333 0.087037 0.586316
0 0.626562 0.323148 0.0197917 0.0944444 0.587221
0 0.592188 0.344444 0.0302083 0.144444 0.594219
0 0.336979 0.34537 0.034375 0.187037 0.595288
0 0.592188 0.344444 0.028125 0.144444 0.59616
0 0.280208 0.312037 0.0208333 0.087037 0.603368
0 0.479688 0.343519 0.0302083 0.153704 0.606706
0 0.932292 0.562963 0.122917 0.7 0.613002
0 0.479688 0.343519 0.0302083 0.153704 0.614396
0 0.279687 0.314815 0.0197917 0.0814815 0.616825
0 0.279687 0.314815 0.0197917 0.0814815 0.618803
0 0.590104 0.343519 0.0302083 0.135185 0.621428
0 0.805729 0.55463 0.151042 0.657407 0.624417
0 0.802604 0.559259 0.142708 0.644444 0.62606
0 0.279687 0.312963 0.021875 0.0851852 0.626695
0 0.627083 0.325926 0.0208333 0.1 0.628786
0 0.626562 0.323148 0.0197917 0.0981481 0.629273
0 0.3375 0.348148 0.0354167 0.181481 0.634354
0 0.592188 0.343519 0.028125 0.142593 0.637544
0 0.564062 0.327778 0.028125 0.125926 0.640192
0 0.3375 0.347222 0.0354167 0.183333 0.644412
0 0.626562 0.323148 0.0197917 0.0981481 0.644697
0 0.563542 0.328704 0.0270833 0.127778 0.65381
0 0.479688 0.343519 0.0302083 0.153704 0.655376
0 0.564583 0.326852 0.0270833 0.127778 0.672663
0 0.564062 0.328704 0.028125 0.127778 0.672918
0 0.564583 0.327778 0.0270833 0.125926 0.676007
0 0.626562 0.324074 0.0197917 0.103704 0.678268
0 0.338021 0.349074 0.034375 0.183333 0.678588
0 0.803125 0.556481 0.141667 0.664815 0.680259
0 0.280208 0.312037 0.0208333 0.087037 0.682287
0 0.627083 0.325 0.0208333 0.101852 0.685236
0 0.626562 0.324074 0.0197917 0.103704 0.687809
0 0.626562 0.325 0.0197917 0.101852 0.695558
0 0.564583 0.327778 0.0270833 0.125926 0.697529
0 0.799479 0.557407 0.132292 0.640741 0.697723
0 0.338021 0.349074 0.034375 0.183333 0.70035
0 0.592188 0.347222 0.028125 0.135185 0.701311
0 0.564583 0.326852 0.0270833 0.124074 0.701929
0 0.564583 0.326852 0.0270833 0.124074 0.714333
0 0.564062 0.327778 0.028125 0.125926 0.718584
0 0.592188 0.347222 0.028125 0.135185 0.721366
0 0.9375 0.557407 0.125 0.718518 0.72618
0 0.336979 0.349074 0.0364583 0.187037 0.726755
0 0.564062 0.327778 0.028125 0.125926 0.728956
0 0.280208 0.312963 0.01875 0.0851852 0.731084
0 0.563542 0.328704 0.0270833 0.127778 0.747749
0 0.336979 0.349074 0.0364583 0.187037 0.748895
0 0.479167 0.343519 0.0291667 0.153704 0.754145
0 0.280208 0.314815 0.0208333 0.0888889 0.756528
0 0.478646 0.342593 0.028125 0.155556 0.756777
0 0.478646 0.342593 0.028125 0.151852 0.76445
0 0.479167 0.343519 0.0291667 0.153704 0.765815
0 0.280208 0.314815 0.0208333 0.0888889 0.76786
0 0.336979 0.349074 0.0364583 0.187037 0.77098
0 0.936979 0.556481 0.126042 0.712963 0.771101
0 0.280208 0.314815 0.0208333 0.0888889 0.771592
0 0.591146 0.346296 0.028125 0.140741 0.771603
0 0.803125 0.555556 0.141667 0.662963 0.773814
0 0.564062 0.328704 0.0260417 0.127778 0.773892
0 0.591146 0.346296 0.028125 0.137037 0.775923
0 0.799479 0.559259 0.134375 0.659259 0.813202
0 0.802604 0.558333 0.142708 0.657407 0.822083
0 0.935417 0.562037 0.127083 0.712963 0.82447
0 0.935417 0.562963 0.127083 0.711111 0.843792
0 0.935938 0.561111 0.128125 0.7 0.865648
0 0.802604 0.555556 0.140625 0.651852 0.888592
0 0.802604 0.555556 0.140625 0.655556 0.894787
