0 0.217187 0.356481 0.0197917 0.0981481 0.250821
0 0.288542 0.366667 0.0291667 0.137037 0.251178
0 0.789583 0.382407 0.0270833 0.153704 0.251769
0 0.379167 0.362037 0.025 0.12037 0.2569
0 0.289583 0.372222 0.03125 0.144444 0.258212
0 0.475521 0.377778 0.0302083 0.151852 0.258585
0 0.379167 0.360185 0.025 0.12037 0.259256
0 0.423438 0.361111 0.0322917 0.111111 0.261784
0 0.789583 0.383333 0.025 0.151852 0.26198
0 0.289583 0.372222 0.03125 0.144444 0.263301
0 0.789583 0.37963 0.0270833 0.148148 0.263622
0 0.475521 0.377778 0.0302083 0.148148 0.268178
0 0.789583 0.383333 0.025 0.151852 0.270893
0 0.21875 0.351852 0.01875 0.0888889 0.272051
0 0.288021 0.365741 0.0302083 0.135185 0.277352
0 0.218229 0.351852 0.0197917 0.0888889 0.277505
0 0.473958 0.37963 0.0291667 0.137037 0.28136
0 0.955208 0.513889 0.0895833 0.387037 0.281485
0 0.0546875 0.374074 0.0239583 0.103704 0.281699
0 0.945833 0.548148 0.104167 0.57037 0.286674
0 0.789583 0.381481 0.025 0.151852 0.289083
13 0.361458 0.782407 0.333333 0.416667 0.289368
0 0.0546875 0.374074 0.021875 0.103704 0.293583
0 0.289583 0.372222 0.03125 0.144444 0.293646
0 0.21875 0.351852 0.01875 0.0888889 0.294407
13 0.361979 0.782407 0.332292 0.416667 0.295755
0 0.0546875 0.374074 0.021875 0.103704 0.297825
0 0.945833 0.548148 0.104167 0.566667 0.299837
0 0.419792 0.361111 0.025 0.118519 0.299881
0 0.420833 0.361111 0.025 0.118519 0.301338
13 0.361458 0.782407 0.333333 0.416667 0.306976
0 0.0557292 0.375 0.0197917 0.0981481 0.30955
13 0.351562 0.783333 0.313542 0.414815 0.312687
0 0.443229 0.356481 0.0197917 0.105556 0.321066
0 0.790625 0.378704 0.025 0.146296 0.321557
24 0.964583 0.487037 0.06875 0.225926 0.324418
0 0.944271 0.55 0.105208 0.533333 0.324983
0 0.951042 0.536111 0.0958333 0.527778 0.328448
13 0.351042 0.783333 0.314583 0.414815 0.328944
0 0.944792 0.55 0.10625 0.533333 0.330295
13 0.352083 0.783333 0.314583 0.414815 0.332723
0 0.844792 0.530556 0.0916667 0.524074 0.335712
0 0.790104 0.37963 0.0260417 0.148148 0.342728
0 0.477083 0.375926 0.0354167 0.155556 0.344873
0 0.477604 0.376852 0.034375 0.153704 0.352961
0 0.842708 0.550926 0.09375 0.546296 0.369135
0 0.477083 0.376852 0.0354167 0.153704 0.371365
0 0.842708 0.550926 0.09375 0.546296 0.377699
0 0.424479 0.360185 0.034375 0.109259 0.383609
0 0.125521 0.377778 0.0260417 0.114815 0.386071
24 0.967708 0.482407 0.0645833 0.224074 0.38826
24 0.967188 0.483333 0.0635417 0.222222 0.417048
0 0.441667 0.35463 0.0208333 0.0944444 0.421905
0 0.947917 0.538889 0.102083 0.574074 0.423844
0 0.560417 0.373148 0.0354167 0.187037 0.427821
0 0.560417 0.373148 0.0354167 0.187037 0.429528
0 0.441667 0.35463 0.0208333 0.0981481 0.431404
24 0.967708 0.482407 0.0645833 0.224074 0.431434
0 0.378125 0.360185 0.0208333 0.112963 0.431808
0 0.441667 0.35463 0.0208333 0.0981481 0.446825
0 0.425 0.357407 0.0333333 0.107407 0.448701
0 0.377604 0.359259 0.021875 0.114815 0.456663
0 0.378125 0.359259 0.0208333 0.114815 0.474078
0 0.425 0.357407 0.0333333 0.111111 0.476016
0 0.126042 0.377778 0.025 0.114815 0.477303
0 0.377604 0.361111 0.0239583 0.118519 0.485562
0 0.841667 0.548148 0.0958333 0.537037 0.486065
0 0.842188 0.549074 0.096875 0.542593 0.488102
0 0.425 0.357407 0.03125 0.111111 0.491914
0 0.126042 0.377778 0.0270833 0.114815 0.495532
0 0.0552083 0.372222 0.01875 0.0925926 0.497377
0 0.0557292 0.371296 0.0197917 0.0981481 0.500331
0 0.286979 0.365741 0.0322917 0.142593 0.502492
0 0.126042 0.376852 0.0270833 0.116667 0.514367
0 0.286979 0.364815 0.0322917 0.140741 0.515678
0 0.288542 0.365741 0.03125 0.142593 0.518768
0 0.288542 0.365741 0.03125 0.142593 0.519621
0 0.0557292 0.37037 0.0197917 0.1 0.523225
0 0.0557292 0.371296 0.0197917 0.0944444 0.5259
0 0.0557292 0.37037 0.0197917 0.1 0.535453
0 0.0557292 0.372222 0.0197917 0.0925926 0.535689
0 0.0557292 0.371296 0.0197917 0.0907407 0.551344
0 0.947396 0.537037 0.103125 0.574074 0.59647
0 0.2875 0.367593 0.03125 0.146296 0.598792
0 0.05625 0.372222 0.01875 0.0962963 0.599158
0 0.2875 0.367593 0.03125 0.146296 0.599287
0 0.126563 0.376852 0.0260417 0.116667 0.600585
0 0.379167 0.361111 0.0229167 0.118519 0.603494
0 0.288542 0.366667 0.03125 0.144444 0.60424
0 0.125521 0.377778 0.0260417 0.118519 0.607038
0 0.378646 0.360185 0.021875 0.12037 0.615275
0 0.288542 0.366667 0.03125 0.144444 0.617441
0 0.379167 0.362963 0.0229167 0.114815 0.621328
0 0.126563 0.377778 0.0239583 0.114815 0.624918
0 0.379167 0.360185 0.0229167 0.12037 0.636306
0 0.2875 0.367593 0.0333333 0.138889 0.643384
0 0.379167 0.362037 0.0229167 0.116667 0.653434
0 0.420312 0.359259 0.0239583 0.122222 0.654179
0 0.419792 0.360185 0.0229167 0.116667 0.65997
0 0.379167 0.362037 0.0229167 0.116667 0.662277
0 0.2875 0.367593 0.0333333 0.138889 0.662861
0 0.379167 0.362037 0.0229167 0.116667 0.671179
0 0.419792 0.358333 0.0229167 0.124074 0.675025
0 0.420312 0.359259 0.0239583 0.125926 0.681458
0 0.379687 0.362037 0.021875 0.116667 0.687827
0 0.2875 0.367593 0.0333333 0.138889 0.699493
0 0.473958 0.378704 0.03125 0.15 0.700625
0 0.421354 0.362037 0.021875 0.116667 0.702837
0 0.421354 0.361111 0.021875 0.118519 0.707265
0 0.474479 0.378704 0.0322917 0.15 0.708441
0 0.473958 0.37963 0.0291667 0.148148 0.710891
0 0.473958 0.37963 0.0291667 0.148148 0.714452
0 0.560417 0.375 0.0354167 0.187037 0.718602
0 0.288021 0.368519 0.0322917 0.140741 0.719246
0 0.126042 0.377778 0.025 0.114815 0.723349
0 0.475521 0.378704 0.0322917 0.15 0.72592
0 0.560417 0.375 0.0333333 0.187037 0.727249
0 0.288021 0.368519 0.0322917 0.140741 0.727674
0 0.475521 0.378704 0.0322917 0.15 0.727807
0 0.560417 0.375926 0.0333333 0.188889 0.728175
0 0.421354 0.362037 0.021875 0.116667 0.7286
0 0.474479 0.377778 0.0302083 0.148148 0.735086
0 0.126563 0.377778 0.0239583 0.114815 0.737661
0 0.945833 0.538889 0.0979167 0.544444 0.743013
0 0.288021 0.368519 0.0322917 0.144444 0.747982
0 0.475521 0.377778 0.0302083 0.151852 0.751699
0 0.475521 0.378704 0.0322917 0.15 0.751877
0 0.475521 0.378704 0.0302083 0.15 0.752333
0 0.126042 0.377778 0.025 0.114815 0.754429
0 0.125521 0.377778 0.0260417 0.114815 0.770241
0 0.126563 0.377778 0.0239583 0.114815 0.771365
0 0.420312 0.360185 0.021875 0.116667 0.772677
0 0.126042 0.377778 0.025 0.114815 0.773385
0 0.842708 0.540741 0.0916667 0.52963 0.775684
0 0.945833 0.538889 0.0979167 0.544444 0.77781
0 0.126563 0.377778 0.0239583 0.114815 0.783743
0 0.126042 0.376852 0.025 0.112963 0.787239
0 0.946875 0.539815 0.102083 0.561111 0.787422
0 0.944271 0.542593 0.103125 0.544444 0.788602
0 0.842708 0.544444 0.09375 0.537037 0.796457
0 0.944271 0.542593 0.103125 0.540741 0.800405
0 0.842188 0.541667 0.0947917 0.535185 0.804909
0 0.843229 0.541667 0.090625 0.535185 0.831708
0 0.560417 0.375926 0.0354167 0.188889 0.833634
0 0.947396 0.538889 0.103125 0.559259 0.837016
0 0.559375 0.375 0.0354167 0.190741 0.841904
0 0.560417 0.375926 0.0354167 0.188889 0.8431
0 0.559375 0.375 0.0333333 0.190741 0.846278
0 0.560938 0.375 0.034375 0.190741 0.847454
0 0.841667 0.541667 0.09375 0.538889 0.8476
0 0.560417 0.375 0.0354167 0.190741 0.850448
0 0.842708 0.54537 0.0958333 0.538889 0.856554
0 0.560417 0.375 0.0354167 0.190741 0.85844
0 0.842188 0.544444 0.0947917 0.537037 0.860054
0 0.842708 0.54537 0.0958333 0.535185 0.862641
0 0.560938 0.375 0.034375 0.190741 0.865651
0 0.560417 0.374074 0.0354167 0.192593 0.880519
0 0.560417 0.374074 0.0354167 0.192593 0.881879
