0 0.833854 0.534259 0.151042 0.664815 0.252739
0 0.0145833 0.281481 0.01875 0.0740741 0.256135
0 0.0140625 0.281481 0.0197917 0.0777778 0.257245
0 0.0145833 0.282407 0.01875 0.0722222 0.257919
0 0.0515625 0.27963 0.0177083 0.0777778 0.259771
0 0.0510417 0.281481 0.0166667 0.0777778 0.261008
0 0.4 0.300926 0.0229167 0.105556 0.262141
0 0.0520833 0.27963 0.0166667 0.0777778 0.263988
0 0.398958 0.297222 0.0208333 0.101852 0.266324
0 0.403125 0.312963 0.025 0.133333 0.266443
0 0.398438 0.297222 0.021875 0.0981481 0.269891
0 0.0515625 0.281481 0.0177083 0.0777778 0.27356
0 0.0828125 0.306481 0.0239583 0.127778 0.273563
0 0.18125 0.326852 0.0354167 0.187037 0.276186
0 0.448438 0.321296 0.0302083 0.175926 0.278013
0 0.0145833 0.282407 0.01875 0.0722222 0.279987
0 0.180729 0.327778 0.034375 0.185185 0.281436
0 0.0520833 0.27963 0.0166667 0.0777778 0.283454
0 0.0776042 0.306481 0.0302083 0.127778 0.284397
26 0.885938 0.455556 0.0385417 0.155556 0.284926
0 0.270833 0.275926 0.0375 0.111111 0.290122
0 0.398438 0.296296 0.021875 0.1 0.29172
26 0.886458 0.457407 0.0395833 0.155556 0.291856
0 0.270833 0.275926 0.0375 0.111111 0.295966
0 0.448958 0.322222 0.0291667 0.174074 0.296063
0 0.556771 0.297222 0.028125 0.127778 0.296509
26 0.885938 0.456481 0.0385417 0.153704 0.296699
0 0.270833 0.276852 0.0375 0.112963 0.299024
0 0.0828125 0.307407 0.0239583 0.12963 0.304092
0 0.322917 0.280556 0.0291667 0.0685185 0.305807
0 0.554688 0.296296 0.0239583 0.125926 0.319148
0 0.0822917 0.307407 0.0229167 0.12963 0.322054
0 0.271875 0.280556 0.0354167 0.116667 0.322139
0 0.55625 0.298148 0.0270833 0.125926 0.322659
0 0.554688 0.297222 0.021875 0.127778 0.323092
0 0.270833 0.280556 0.0354167 0.116667 0.325347
0 0.833854 0.528704 0.134375 0.642593 0.32711
0 0.554167 0.301852 0.025 0.125926 0.329118
0 0.554688 0.297222 0.0239583 0.127778 0.332092
0 0.601562 0.311111 0.0447917 0.137037 0.338587
0 0.447396 0.319444 0.0322917 0.172222 0.340933
0 0.271354 0.280556 0.034375 0.116667 0.342877
0 0.0770833 0.307407 0.0291667 0.133333 0.343283
0 0.491146 0.303704 0.0260417 0.133333 0.343748
0 0.446875 0.319444 0.03125 0.172222 0.344726
0 0.0515625 0.282407 0.0177083 0.0833333 0.350659
0 0.554688 0.301852 0.0239583 0.12963 0.352625
0 0.323438 0.280556 0.0260417 0.0648148 0.355272
0 0.955208 0.532407 0.0895833 0.635185 0.355621
0 0.491146 0.305556 0.0239583 0.133333 0.356526
0 0.603646 0.310185 0.0447917 0.135185 0.36034
0 0.0770833 0.307407 0.0291667 0.133333 0.360487
0 0.556771 0.302778 0.028125 0.135185 0.361152
0 0.601562 0.310185 0.0427083 0.135185 0.361253
0 0.0515625 0.283333 0.0177083 0.0851852 0.36291
0 0.556771 0.298148 0.028125 0.125926 0.365172
0 0.323438 0.280556 0.0260417 0.0648148 0.365938
0 0.554688 0.301852 0.0239583 0.12963 0.370087
0 0.323438 0.280556 0.0260417 0.0648148 0.37303
0 0.492188 0.302778 0.0260417 0.131481 0.375773
0 0.83125 0.533333 0.141667 0.651852 0.38632
0 0.0515625 0.283333 0.0177083 0.0851852 0.386819
0 0.447917 0.318519 0.03125 0.17037 0.387673
0 0.592708 0.314815 0.0270833 0.12963 0.390254
0 0.323958 0.280556 0.025 0.0685185 0.391229
0 0.322917 0.280556 0.025 0.0685185 0.393535
0 0.271354 0.282407 0.034375 0.109259 0.395752
0 0.177604 0.32963 0.0385417 0.185185 0.397521
0 0.0807292 0.306481 0.028125 0.138889 0.400685
0 0.322917 0.280556 0.0270833 0.0685185 0.402774
0 0.178125 0.32963 0.0375 0.181481 0.407312
0 0.178125 0.332407 0.0395833 0.175926 0.409434
0 0.491146 0.303704 0.0260417 0.133333 0.409735
0 0.455729 0.316667 0.040625 0.166667 0.409757
0 0.556771 0.302778 0.028125 0.131481 0.412936
0 0.322917 0.281481 0.025 0.0666667 0.413147
0 0.453125 0.317593 0.0333333 0.175926 0.413528
0 0.491667 0.30463 0.0270833 0.131481 0.417761
0 0.45625 0.316667 0.0395833 0.166667 0.418066
0 0.322917 0.280556 0.025 0.0685185 0.420212
0 0.271354 0.282407 0.034375 0.109259 0.421126
0 0.592188 0.317593 0.028125 0.135185 0.428299
0 0.0828125 0.303704 0.0239583 0.125926 0.431257
0 0.402604 0.300926 0.0239583 0.116667 0.431724
0 0.271875 0.282407 0.0333333 0.109259 0.432764
0 0.0828125 0.307407 0.0260417 0.140741 0.435867
0 0.453125 0.317593 0.0333333 0.175926 0.436036
0 0.957812 0.524074 0.084375 0.648148 0.436646
0 0.179688 0.331481 0.0385417 0.174074 0.443305
0 0.455208 0.316667 0.0395833 0.166667 0.445321
0 0.178125 0.332407 0.0395833 0.17963 0.44642
0 0.455208 0.312963 0.0395833 0.162963 0.448311
0 0.401563 0.298148 0.021875 0.107407 0.45036
0 0.402083 0.3 0.0229167 0.118519 0.452975
0 0.454688 0.312963 0.0385417 0.162963 0.453554
0 0.401563 0.299074 0.021875 0.109259 0.455512
0 0.491146 0.305556 0.021875 0.140741 0.455771
0 0.0828125 0.30463 0.0239583 0.127778 0.455773
0 0.0828125 0.30463 0.0239583 0.127778 0.455909
0 0.08125 0.307407 0.0291667 0.12963 0.456635
0 0.0828125 0.306481 0.0260417 0.138889 0.458026
0 0.322396 0.281481 0.0260417 0.0666667 0.458487
0 0.179688 0.331481 0.0385417 0.174074 0.463966
0 0.401563 0.298148 0.021875 0.107407 0.470601
0 0.492188 0.302778 0.0260417 0.131481 0.470844
0 0.322396 0.280556 0.0260417 0.0648148 0.471306
0 0.322396 0.280556 0.0260417 0.0685185 0.471397
0 0.402083 0.3 0.0229167 0.118519 0.473234
0 0.491146 0.305556 0.021875 0.144444 0.473807
0 0.178125 0.332407 0.0395833 0.17963 0.477902
0 0.95625 0.527778 0.0875 0.651852 0.47928
0 0.556771 0.302778 0.0260417 0.135185 0.480633
0 0.955729 0.532407 0.0885417 0.65 0.480738
0 0.491146 0.303704 0.0260417 0.133333 0.49031
0 0.592708 0.313889 0.0270833 0.138889 0.49117
0 0.401042 0.302778 0.0229167 0.112963 0.49205
0 0.592708 0.314815 0.025 0.137037 0.493395
0 0.0802083 0.306481 0.0291667 0.131481 0.495822
0 0.179688 0.331481 0.0385417 0.174074 0.497229
0 0.454167 0.312963 0.0395833 0.166667 0.497451
0 0.836979 0.52963 0.138542 0.648148 0.505886
0 0.468229 0.310185 0.0260417 0.161111 0.507591
0 0.322917 0.27963 0.025 0.0666667 0.519102
0 0.322917 0.280556 0.025 0.0685185 0.530687
0 0.08125 0.308333 0.0270833 0.131481 0.531562
0 0.469271 0.309259 0.0260417 0.159259 0.534909
0 0.0807292 0.306481 0.028125 0.131481 0.535879
0 0.449479 0.314815 0.0322917 0.166667 0.54217
0 0.620313 0.294444 0.0197917 0.0962963 0.544218
0 0.491146 0.303704 0.0239583 0.133333 0.553121
0 0.179688 0.331481 0.0385417 0.177778 0.555188
0 0.620833 0.289815 0.0208333 0.0907407 0.557895
0 0.401563 0.303704 0.021875 0.111111 0.560292
0 0.0817708 0.306481 0.0260417 0.131481 0.56132
0 0.491667 0.303704 0.025 0.133333 0.564386
0 0.833333 0.532407 0.135417 0.661111 0.565267
0 0.449479 0.314815 0.0322917 0.166667 0.565513
0 0.179688 0.332407 0.0385417 0.17963 0.568388
0 0.179688 0.331481 0.0364583 0.185185 0.582689
0 0.620833 0.289815 0.0208333 0.0907407 0.589039
0 0.449479 0.314815 0.0322917 0.166667 0.590829
0 0.620833 0.288889 0.0208333 0.0925926 0.591515
0 0.179688 0.332407 0.0385417 0.175926 0.591758
0 0.0802083 0.306481 0.0270833 0.131481 0.59555
0 0.620313 0.293519 0.0197917 0.0981481 0.597327
0 0.179688 0.331481 0.0364583 0.185185 0.601854
0 0.620313 0.293519 0.0197917 0.0981481 0.603939
0 0.593229 0.315741 0.028125 0.135185 0.60591
0 0.0817708 0.307407 0.0260417 0.12963 0.607305
0 0.451042 0.314815 0.0354167 0.166667 0.609007
0 0.271354 0.281481 0.0364583 0.111111 0.610189
0 0.492188 0.30463 0.0260417 0.131481 0.618439
0 0.492188 0.30463 0.0260417 0.131481 0.621954
0 0.451042 0.313889 0.0354167 0.168519 0.62379
0 0.271354 0.281481 0.0364583 0.111111 0.624248
0 0.620313 0.291667 0.0197917 0.0944444 0.625192
0 0.83125 0.534259 0.141667 0.687037 0.62784
0 0.55625 0.299074 0.0270833 0.131481 0.629118
0 0.448958 0.316667 0.03125 0.166667 0.630001
0 0.0817708 0.306481 0.0260417 0.131481 0.638913
0 0.0817708 0.306481 0.0260417 0.131481 0.638992
0 0.491667 0.30463 0.0229167 0.135185 0.64069
0 0.271354 0.281481 0.0364583 0.111111 0.641492
0 0.556771 0.301852 0.028125 0.133333 0.642447
0 0.270833 0.277778 0.0375 0.118519 0.642604
0 0.270833 0.277778 0.0354167 0.114815 0.644179
0 0.270833 0.277778 0.0354167 0.114815 0.645415
0 0.270833 0.277778 0.0375 0.118519 0.64654
0 0.448958 0.316667 0.03125 0.166667 0.647098
0 0.270833 0.276852 0.0354167 0.116667 0.647118
0 0.270833 0.277778 0.0375 0.118519 0.655763
0 0.620313 0.290741 0.0197917 0.0962963 0.660727
0 0.620313 0.291667 0.0197917 0.0981481 0.669627
0 0.270833 0.27963 0.0375 0.118519 0.670253
0 0.55625 0.3 0.0270833 0.12963 0.671385
0 0.270833 0.280556 0.0375 0.116667 0.675311
0 0.592188 0.316667 0.028125 0.137037 0.676296
0 0.55625 0.3 0.0270833 0.12963 0.680815
0 0.620313 0.291667 0.021875 0.0981481 0.682848
0 0.592708 0.316667 0.0291667 0.137037 0.686085
0 0.834896 0.531482 0.142708 0.662963 0.687606
0 0.270833 0.280556 0.0375 0.116667 0.688527
0 0.492188 0.302778 0.0239583 0.135185 0.69215
0 0.556771 0.301852 0.028125 0.133333 0.692779
0 0.556771 0.3 0.028125 0.12963 0.694543
0 0.556771 0.301852 0.028125 0.133333 0.703612
0 0.556771 0.3 0.028125 0.12963 0.703661
0 0.492188 0.302778 0.0239583 0.135185 0.705315
0 0.55625 0.300926 0.0270833 0.127778 0.714321
0 0.55625 0.300926 0.0270833 0.131481 0.728093
0 0.593229 0.313889 0.0302083 0.138889 0.728523
0 0.492188 0.302778 0.0239583 0.131481 0.736476
0 0.55625 0.3 0.0270833 0.12963 0.738852
0 0.957812 0.526852 0.084375 0.661111 0.740772
0 0.55625 0.3 0.0270833 0.12963 0.742398
0 0.620313 0.291667 0.0197917 0.101852 0.765505
0 0.59375 0.313889 0.0291667 0.138889 0.771611
0 0.59375 0.314815 0.0291667 0.137037 0.776982
0 0.834896 0.532407 0.142708 0.661111 0.778787
0 0.593229 0.314815 0.0302083 0.140741 0.793622
0 0.593229 0.314815 0.028125 0.137037 0.797379
0 0.593229 0.315741 0.028125 0.138889 0.797443
0 0.95625 0.511111 0.0875 0.677778 0.812293
0 0.593229 0.314815 0.0302083 0.140741 0.818844
0 0.834896 0.536111 0.142708 0.683333 0.821
0 0.593229 0.314815 0.0302083 0.140741 0.823799
0 0.95625 0.512963 0.0875 0.674074 0.836213
0 0.834896 0.535185 0.142708 0.681481 0.844493
0 0.953646 0.519444 0.0927083 0.687037 0.846932
0 0.953125 0.514815 0.09375 0.688889 0.853549
0 0.953125 0.515741 0.09375 0.690741 0.863544
0 0.953646 0.518519 0.0927083 0.688889 0.864361
0 0.956771 0.525 0.0864583 0.672222 0.874958
0 0.834375 0.538889 0.141667 0.677778 0.894729
0 0.834375 0.539815 0.141667 0.675926 0.897675
0 0.836458 0.532407 0.1375 0.67963 0.898227
