0 0.328125 0.292593 0.0270833 0.0703704 0.2508
0 0.205208 0.326852 0.0354167 0.172222 0.252605
0 0.328125 0.289815 0.0270833 0.0722222 0.253559
0 0.588542 0.322222 0.0291667 0.137037 0.254225
0 0.205208 0.326852 0.0354167 0.172222 0.255577
0 0.825521 0.536111 0.117708 0.653704 0.256222
26 0.863021 0.467593 0.0364583 0.124074 0.261448
0 0.208333 0.333333 0.0354167 0.185185 0.263424
0 0.208333 0.332407 0.0333333 0.187037 0.263613
0 0.328125 0.292593 0.0270833 0.0666667 0.265202
0 0.425521 0.309259 0.0177083 0.1 0.265328
0 0.0979167 0.318519 0.025 0.114815 0.268714
0 0.270312 0.303704 0.0239583 0.0888889 0.276808
0 0.328125 0.292593 0.0270833 0.0666667 0.277812
0 0.425521 0.309259 0.015625 0.0962963 0.277813
0 0.270312 0.303704 0.0239583 0.0888889 0.279748
0 0.203646 0.335185 0.0385417 0.181481 0.280217
0 0.096875 0.322222 0.0270833 0.122222 0.284443
0 0.269792 0.303704 0.0229167 0.0888889 0.28705
0 0.426042 0.308333 0.0166667 0.0981481 0.288522
0 0.491667 0.313889 0.0291667 0.138889 0.288879
0 0.0963542 0.322222 0.0260417 0.118519 0.289989
0 0.285937 0.293519 0.0552083 0.0981481 0.29388
0 0.495313 0.310185 0.0260417 0.135185 0.298049
0 0.203646 0.336111 0.0364583 0.17963 0.299041
0 0.288542 0.293519 0.05 0.0981481 0.300463
0 0.822396 0.534259 0.115625 0.642593 0.304087
0 0.495313 0.312963 0.0260417 0.137037 0.308069
26 0.863542 0.458333 0.0375 0.142593 0.312156
0 0.289062 0.294444 0.0489583 0.1 0.312846
26 0.863021 0.458333 0.0385417 0.142593 0.316524
0 0.0979167 0.321296 0.025 0.116667 0.3207
0 0.298438 0.294444 0.0302083 0.0962963 0.321169
26 0.863542 0.459259 0.0375 0.140741 0.326469
0 0.0973958 0.321296 0.0239583 0.116667 0.327711
0 0.0973958 0.321296 0.0239583 0.116667 0.331731
0 0.329167 0.291667 0.0270833 0.0759259 0.332609
0 0.591667 0.321296 0.0333333 0.135185 0.337388
0 0.592188 0.321296 0.034375 0.135185 0.341679
0 0.589063 0.323148 0.028125 0.135185 0.352911
0 0.0963542 0.322222 0.0260417 0.122222 0.354077
0 0.421354 0.309259 0.0239583 0.1 0.354335
0 0.620833 0.292593 0.01875 0.0925926 0.354836
0 0.297917 0.291667 0.03125 0.105556 0.3557
0 0.491667 0.313889 0.0291667 0.138889 0.36123
0 0.298958 0.293519 0.03125 0.0981481 0.362758
0 0.298958 0.293519 0.03125 0.0981481 0.363635
0 0.419792 0.319444 0.0229167 0.127778 0.363897
0 0.329167 0.291667 0.0270833 0.0759259 0.368447
0 0.589583 0.325 0.03125 0.131481 0.368759
0 0.421354 0.310185 0.0239583 0.101852 0.369669
0 0.591667 0.32037 0.0333333 0.133333 0.372705
0 0.620833 0.293519 0.01875 0.0944444 0.373783
0 0.297917 0.292593 0.03125 0.103704 0.374054
0 0.205729 0.347222 0.0385417 0.216667 0.374337
0 0.620833 0.293519 0.01875 0.0944444 0.377236
0 0.329167 0.291667 0.0270833 0.0759259 0.378733
0 0.422917 0.310185 0.0229167 0.105556 0.38183
0 0.205729 0.347222 0.0385417 0.216667 0.383294
0 0.421354 0.309259 0.0239583 0.1 0.384067
0 0.299479 0.289815 0.0302083 0.101852 0.385401
0 0.328646 0.290741 0.0260417 0.0703704 0.387321
0 0.494271 0.313889 0.021875 0.127778 0.387924
0 0.494271 0.314815 0.021875 0.133333 0.395223
0 0.329167 0.290741 0.025 0.0703704 0.396337
0 0.828646 0.527778 0.123958 0.666667 0.398364
0 0.494792 0.311111 0.025 0.133333 0.405071
0 0.588542 0.325 0.0291667 0.135185 0.406259
0 0.494271 0.314815 0.021875 0.133333 0.40756
0 0.096875 0.322222 0.025 0.118519 0.410914
0 0.299479 0.289815 0.0302083 0.101852 0.412428
0 0.494792 0.313889 0.025 0.135185 0.414225
0 0.299479 0.288889 0.0302083 0.1 0.415737
0 0.822917 0.534259 0.11875 0.664815 0.41661
0 0.822917 0.534259 0.11875 0.668519 0.417483
0 0.421354 0.315741 0.021875 0.116667 0.420633
0 0.945312 0.524074 0.109375 0.644444 0.422354
0 0.328646 0.291667 0.0260417 0.0685185 0.42429
0 0.328125 0.291667 0.025 0.0685185 0.429037
0 0.205208 0.331481 0.0375 0.174074 0.437658
0 0.297917 0.292593 0.03125 0.103704 0.443098
0 0.328125 0.291667 0.025 0.0685185 0.444923
0 0.204688 0.331481 0.0364583 0.174074 0.44501
0 0.828646 0.525926 0.123958 0.655556 0.451126
0 0.466146 0.324074 0.034375 0.155556 0.454369
0 0.465625 0.324074 0.0333333 0.155556 0.456538
0 0.269792 0.301852 0.0208333 0.0851852 0.459841
0 0.205208 0.331481 0.0375 0.174074 0.46446
0 0.494792 0.311111 0.0229167 0.12963 0.465441
0 0.945312 0.531482 0.109375 0.681481 0.467458
0 0.494271 0.313889 0.0239583 0.135185 0.467621
0 0.554688 0.305556 0.0260417 0.133333 0.478765
0 0.945833 0.516667 0.108333 0.688889 0.481422
0 0.0973958 0.322222 0.0239583 0.118519 0.486693
0 0.0963542 0.321296 0.0260417 0.12037 0.492877
0 0.0963542 0.322222 0.0239583 0.122222 0.501476
0 0.0973958 0.323148 0.0239583 0.12037 0.503619
0 0.205208 0.337037 0.0375 0.185185 0.504724
0 0.0973958 0.322222 0.0239583 0.118519 0.505839
0 0.0963542 0.32037 0.0260417 0.122222 0.51308
0 0.204688 0.337037 0.0385417 0.188889 0.521694
0 0.494792 0.310185 0.0229167 0.131481 0.522193
0 0.204688 0.337037 0.0385417 0.185185 0.526282
0 0.821875 0.535185 0.116667 0.655556 0.52705
0 0.298438 0.292593 0.0322917 0.103704 0.528034
0 0.0963542 0.32037 0.0260417 0.122222 0.528703
0 0.945833 0.517593 0.108333 0.675926 0.534063
0 0.554688 0.305556 0.0260417 0.12963 0.53785
0 0.298438 0.292593 0.0322917 0.103704 0.539009
0 0.945833 0.516667 0.108333 0.685185 0.550528
0 0.298438 0.292593 0.0322917 0.103704 0.552977
0 0.554688 0.306481 0.028125 0.131481 0.561738
0 0.553646 0.30463 0.0260417 0.124074 0.564359
0 0.495313 0.312037 0.021875 0.135185 0.570913
0 0.553646 0.305556 0.0260417 0.122222 0.577246
0 0.298438 0.292593 0.0322917 0.103704 0.57755
0 0.554167 0.303704 0.0270833 0.125926 0.58052
0 0.553646 0.305556 0.0239583 0.122222 0.581911
0 0.589583 0.325 0.03125 0.142593 0.586041
0 0.619271 0.296296 0.0197917 0.0962963 0.58634
0 0.495313 0.312037 0.021875 0.135185 0.591319
0 0.205729 0.335185 0.0364583 0.185185 0.592097
0 0.298438 0.292593 0.0322917 0.107407 0.596969
0 0.589583 0.325 0.03125 0.138889 0.602664
0 0.205729 0.336111 0.0364583 0.187037 0.604815
0 0.205208 0.334259 0.0375 0.183333 0.610867
0 0.205208 0.335185 0.0375 0.185185 0.611457
0 0.298438 0.292593 0.0322917 0.107407 0.611996
0 0.554167 0.305556 0.025 0.133333 0.614503
0 0.205208 0.334259 0.0375 0.183333 0.617508
0 0.589063 0.322222 0.028125 0.140741 0.636941
0 0.554688 0.306481 0.028125 0.131481 0.63785
0 0.554167 0.303704 0.0270833 0.125926 0.639042
0 0.589063 0.322222 0.028125 0.140741 0.640673
0 0.495313 0.313889 0.0239583 0.135185 0.660879
0 0.61875 0.297222 0.0208333 0.0981481 0.664332
0 0.825 0.528704 0.116667 0.642593 0.665858
0 0.945312 0.522222 0.109375 0.655556 0.66608
0 0.620313 0.296296 0.0177083 0.0925926 0.670824
0 0.494792 0.311111 0.0229167 0.133333 0.674121
0 0.494792 0.311111 0.0229167 0.133333 0.678736
0 0.825521 0.525 0.121875 0.65 0.680215
0 0.619271 0.296296 0.0177083 0.0888889 0.681114
0 0.270312 0.300926 0.021875 0.087037 0.682641
0 0.554167 0.303704 0.0270833 0.125926 0.689835
0 0.619792 0.296296 0.01875 0.0962963 0.690669
0 0.464063 0.32963 0.0322917 0.159259 0.690725
0 0.554688 0.30463 0.0260417 0.127778 0.694495
0 0.946354 0.521296 0.107292 0.701852 0.695668
0 0.619792 0.296296 0.01875 0.0962963 0.697923
0 0.270312 0.3 0.021875 0.0888889 0.706053
0 0.554688 0.30463 0.0260417 0.127778 0.706055
0 0.824479 0.523148 0.119792 0.631481 0.7096
0 0.270312 0.3 0.021875 0.0888889 0.714423
0 0.270312 0.302778 0.021875 0.0907407 0.714874
0 0.464063 0.32963 0.0322917 0.159259 0.715398
0 0.619271 0.296296 0.0177083 0.0888889 0.717042
0 0.270312 0.3 0.021875 0.0888889 0.717393
0 0.619792 0.296296 0.01875 0.0888889 0.718598
0 0.464063 0.330556 0.034375 0.164815 0.720193
0 0.589063 0.322222 0.0302083 0.137037 0.725611
0 0.554167 0.303704 0.025 0.12963 0.725866
0 0.554688 0.303704 0.0260417 0.125926 0.72704
0 0.554167 0.303704 0.0270833 0.125926 0.730359
0 0.589063 0.322222 0.0302083 0.137037 0.732105
0 0.554688 0.305556 0.0260417 0.12963 0.734175
0 0.554688 0.303704 0.0260417 0.125926 0.734768
0 0.270312 0.303704 0.021875 0.0925926 0.73661
0 0.588542 0.324074 0.0291667 0.140741 0.736912
0 0.495313 0.311111 0.0239583 0.133333 0.73735
0 0.270312 0.303704 0.021875 0.0925926 0.737837
0 0.589063 0.324074 0.0302083 0.137037 0.740618
0 0.946354 0.519444 0.107292 0.701852 0.744164
0 0.464063 0.330556 0.034375 0.164815 0.744519
0 0.464583 0.32963 0.0333333 0.159259 0.750004
0 0.619792 0.29537 0.01875 0.0944444 0.752824
0 0.589063 0.324074 0.0302083 0.137037 0.766448
0 0.464063 0.330556 0.034375 0.164815 0.772099
0 0.589583 0.322222 0.03125 0.133333 0.772274
0 0.825521 0.524074 0.119792 0.648148 0.777202
0 0.589063 0.324074 0.0302083 0.137037 0.777442
0 0.589063 0.324074 0.0302083 0.137037 0.792469
0 0.946354 0.521296 0.107292 0.698148 0.797368
0 0.463542 0.327778 0.0354167 0.166667 0.798819
0 0.463542 0.328704 0.0354167 0.168519 0.800402
0 0.463021 0.32963 0.0322917 0.162963 0.809431
0 0.823958 0.525 0.120833 0.65 0.810848
0 0.463021 0.32963 0.0322917 0.166667 0.817843
0 0.946354 0.519444 0.107292 0.698148 0.83705
0 0.824479 0.531482 0.117708 0.662963 0.871276
0 0.826042 0.530556 0.120833 0.661111 0.878316
0 0.825521 0.531482 0.119792 0.662963 0.87847
