28 0.0671875 0.610185 0.0447917 0.0759259 0.251276
26 0.0671875 0.609259 0.0447917 0.0814815 0.251853
0 0.216667 0.45 0.01875 0.0666667 0.25193
28 0.0671875 0.611111 0.0447917 0.0777778 0.253771
25 0.0369792 0.349074 0.0739583 0.0685185 0.256945
28 0.0671875 0.610185 0.0447917 0.0759259 0.257833
25 0.0375 0.349074 0.075 0.0685185 0.260986
0 0.216667 0.449074 0.01875 0.0685185 0.26104
0 0.448958 0.45463 0.01875 0.0833333 0.262712
26 0.0671875 0.608333 0.0447917 0.0796296 0.263614
0 0.217187 0.450926 0.0177083 0.0648148 0.2647
0 0.958333 0.446296 0.05 0.288889 0.266086
0 0.567708 0.47963 0.0354167 0.133333 0.26906
25 0.0380208 0.35 0.0760417 0.0666667 0.270096
0 0.216667 0.45 0.0166667 0.062963 0.273636
0 0.461979 0.45463 0.0385417 0.0944444 0.280256
0 0.146354 0.502778 0.0322917 0.161111 0.281898
25 0.0375 0.351852 0.075 0.0703704 0.282738
0 0.217187 0.449074 0.0177083 0.0648148 0.283672
25 0.0380208 0.35 0.0760417 0.0666667 0.285859
0 0.145833 0.503704 0.03125 0.162963 0.287565
0 0.958333 0.446296 0.0479167 0.285185 0.292038
26 0.0671875 0.603704 0.0427083 0.0851852 0.296022
0 0.960417 0.447222 0.0520833 0.283333 0.299279
0 0.0208333 0.512963 0.0416667 0.203704 0.302888
0 0.0208333 0.512963 0.0416667 0.207407 0.304521
25 0.0375 0.351852 0.075 0.0666667 0.309611
26 0.0671875 0.603704 0.0427083 0.0851852 0.310796
0 0.958333 0.446296 0.0479167 0.292593 0.317377
0 0.217187 0.450926 0.0177083 0.0648148 0.332309
0 0.958854 0.447222 0.0489583 0.268519 0.332747
0 0.663021 0.522222 0.0510417 0.307407 0.341688
0 0.0979167 0.537963 0.0645833 0.275926 0.343481
28 0.0671875 0.610185 0.0447917 0.0796296 0.344271
28 0.0666667 0.610185 0.0458333 0.0796296 0.346247
0 0.1 0.542593 0.0583333 0.281481 0.347126
0 0.455208 0.457407 0.025 0.0925926 0.348533
0 0.417708 0.45 0.0166667 0.0814815 0.353491
0 0.0973958 0.539815 0.065625 0.27963 0.356853
0 0.096875 0.538889 0.0625 0.281481 0.35786
0 0.1 0.542593 0.0583333 0.285185 0.361397
0 0.450521 0.459259 0.015625 0.0851852 0.36521
0 0.450521 0.459259 0.0177083 0.0851852 0.369537
0 0.417708 0.45 0.0166667 0.0814815 0.375351
0 0.1 0.542593 0.0583333 0.281481 0.37567
28 0.0666667 0.610185 0.04375 0.0796296 0.378241
0 0.450521 0.459259 0.0177083 0.0851852 0.382103
28 0.0666667 0.610185 0.04375 0.0796296 0.384538
0 0.475 0.453704 0.01875 0.0962963 0.402121
0 0.960938 0.447222 0.0510417 0.272222 0.403788
0 0.0604167 0.493519 0.0333333 0.138889 0.404598
0 0.0171875 0.512037 0.034375 0.198148 0.40582
0 0.0604167 0.493519 0.0333333 0.142593 0.408423
0 0.417708 0.45 0.0166667 0.0814815 0.408608
0 0.475 0.453704 0.01875 0.1 0.411444
0 0.0171875 0.512037 0.034375 0.194444 0.413223
0 0.0989583 0.54537 0.0604167 0.309259 0.414463
0 0.959896 0.447222 0.0510417 0.272222 0.414841
0 0.960417 0.446296 0.0520833 0.277778 0.416448
0 0.476562 0.451852 0.015625 0.0925926 0.417144
0 0.0598958 0.492593 0.0322917 0.137037 0.418853
0 0.417188 0.447222 0.015625 0.0796296 0.419457
0 0.416667 0.44537 0.0166667 0.0833333 0.420462
0 0.448958 0.460185 0.01875 0.0944444 0.421319
0 0.475 0.452778 0.01875 0.0981481 0.421987
0 0.416667 0.446296 0.0166667 0.0814815 0.424975
0 0.0604167 0.491667 0.0333333 0.124074 0.425889
0 0.476042 0.452778 0.0166667 0.0944444 0.428021
0 0.470833 0.45463 0.0229167 0.0944444 0.428358
0 0.476042 0.452778 0.0166667 0.0944444 0.42949
0 0.664062 0.524074 0.053125 0.318519 0.44255
0 0.959375 0.448148 0.05 0.281481 0.44415
0 0.959375 0.448148 0.05 0.281481 0.453691
0 0.096875 0.539815 0.0625 0.275926 0.455641
0 0.0604167 0.491667 0.0333333 0.127778 0.456221
0 0.470833 0.45463 0.0229167 0.0944444 0.459853
0 0.470833 0.45463 0.0229167 0.0944444 0.460868
0 0.476562 0.452778 0.015625 0.0944444 0.460993
0 0.959375 0.448148 0.05 0.281481 0.465514
0 0.416667 0.446296 0.0166667 0.0814815 0.468526
0 0.0604167 0.491667 0.0333333 0.127778 0.469657
0 0.959375 0.446296 0.05 0.288889 0.47205
0 0.959375 0.446296 0.05 0.285185 0.477301
0 0.0604167 0.502778 0.0333333 0.146296 0.47796
0 0.0604167 0.503704 0.03125 0.148148 0.479381
0 0.477083 0.450926 0.0145833 0.0944444 0.482169
0 0.959375 0.446296 0.05 0.288889 0.483202
0 0.476042 0.450926 0.0166667 0.0981481 0.48618
0 0.0979167 0.540741 0.0583333 0.3 0.488136
0 0.477083 0.450926 0.0166667 0.0981481 0.491341
0 0.417188 0.447222 0.015625 0.0833333 0.492322
0 0.417188 0.448148 0.015625 0.0814815 0.503169
0 0.477083 0.45 0.0145833 0.0962963 0.504616
0 0.416667 0.448148 0.0145833 0.0777778 0.521171
0 0.451562 0.456481 0.015625 0.0907407 0.52482
0 0.417188 0.448148 0.015625 0.0814815 0.534377
0 0.451562 0.456481 0.015625 0.0907407 0.536048
0 0.451562 0.455556 0.015625 0.0925926 0.536768
0 0.0989583 0.540741 0.0604167 0.277778 0.537921
0 0.451562 0.456481 0.015625 0.0944444 0.542873
0 0.568229 0.482407 0.0364583 0.15 0.551369
0 0.451562 0.455556 0.015625 0.0925926 0.555433
0 0.567708 0.481481 0.0354167 0.148148 0.557992
0 0.451562 0.456481 0.015625 0.0907407 0.567691
0 0.567187 0.487037 0.034375 0.151852 0.573324
0 0.0609375 0.489815 0.0322917 0.12037 0.576933
0 0.0604167 0.49537 0.03125 0.146296 0.577273
0 0.0609375 0.497222 0.0322917 0.138889 0.579416
0 0.567187 0.487037 0.034375 0.151852 0.582928
0 0.0994792 0.539815 0.059375 0.27963 0.586018
0 0.0609375 0.497222 0.0322917 0.142593 0.586074
0 0.0182292 0.514815 0.0364583 0.196296 0.595567
0 0.0609375 0.496296 0.0322917 0.140741 0.597303
0 0.0182292 0.513889 0.0364583 0.194444 0.597314
0 0.0609375 0.490741 0.0322917 0.122222 0.602214
0 0.663021 0.526852 0.0572917 0.32037 0.603165
0 0.0604167 0.496296 0.03125 0.144444 0.608488
0 0.0609375 0.49537 0.0322917 0.15 0.610744
0 0.0604167 0.489815 0.03125 0.12037 0.612174
0 0.0984375 0.540741 0.059375 0.277778 0.621381
0 0.140625 0.507407 0.0333333 0.177778 0.62334
0 0.096875 0.540741 0.0604167 0.281481 0.629617
0 0.143229 0.506481 0.034375 0.168519 0.632175
0 0.142708 0.507407 0.0354167 0.17037 0.63382
0 0.0979167 0.539815 0.0604167 0.287037 0.641538
0 0.140625 0.507407 0.0333333 0.177778 0.645506
0 0.096875 0.539815 0.0604167 0.27963 0.647272
0 0.143229 0.506481 0.034375 0.168519 0.647915
0 0.0973958 0.540741 0.059375 0.285185 0.667926
0 0.01875 0.513889 0.0375 0.198148 0.671741
0 0.096875 0.538889 0.0604167 0.281481 0.675872
0 0.01875 0.512963 0.0375 0.2 0.68632
0 0.0958333 0.542593 0.05625 0.3 0.687825
0 0.01875 0.512963 0.0375 0.2 0.689261
0 0.096875 0.540741 0.0604167 0.285185 0.695176
0 0.142188 0.507407 0.034375 0.174074 0.696907
0 0.142708 0.507407 0.0354167 0.17037 0.702943
0 0.142188 0.507407 0.034375 0.174074 0.704735
0 0.0963542 0.543519 0.059375 0.294444 0.713728
0 0.664062 0.530556 0.0552083 0.316667 0.717068
0 0.01875 0.512037 0.0375 0.198148 0.717802
0 0.142188 0.507407 0.034375 0.174074 0.72275
0 0.665625 0.531482 0.0583333 0.318519 0.741528
0 0.665625 0.530556 0.0583333 0.316667 0.747661
0 0.666146 0.530556 0.0572917 0.316667 0.749113
0 0.14375 0.506481 0.0354167 0.172222 0.751493
0 0.01875 0.512037 0.0375 0.198148 0.753792
0 0.661979 0.528704 0.059375 0.324074 0.754897
0 0.142708 0.506481 0.0354167 0.172222 0.759567
0 0.143229 0.506481 0.034375 0.172222 0.760911
0 0.143229 0.506481 0.034375 0.172222 0.762334
0 0.0979167 0.537963 0.0604167 0.275926 0.768313
0 0.01875 0.512037 0.0375 0.201852 0.769165
0 0.567708 0.485185 0.0354167 0.151852 0.777302
0 0.567708 0.487037 0.0354167 0.155556 0.777345
0 0.567708 0.486111 0.0354167 0.153704 0.779451
0 0.567708 0.486111 0.0354167 0.153704 0.78171
0 0.01875 0.512963 0.0375 0.2 0.784223
0 0.568229 0.485185 0.0364583 0.151852 0.789081
0 0.664583 0.531482 0.05625 0.318519 0.790916
0 0.568229 0.486111 0.0364583 0.153704 0.791604
0 0.568229 0.485185 0.0364583 0.151852 0.79554
0 0.567708 0.486111 0.0354167 0.157407 0.797235
0 0.665104 0.531482 0.0552083 0.318519 0.79744
0 0.567708 0.486111 0.0354167 0.153704 0.797982
0 0.664583 0.531482 0.05625 0.318519 0.79874
0 0.664583 0.530556 0.05625 0.324074 0.800339
0 0.01875 0.512037 0.0375 0.201852 0.801542
0 0.665625 0.52963 0.05625 0.318519 0.806358
0 0.664583 0.530556 0.05625 0.32037 0.807405
0 0.141667 0.505556 0.0354167 0.17037 0.808643
0 0.01875 0.511111 0.0375 0.196296 0.81122
0 0.568229 0.486111 0.0364583 0.153704 0.81182
0 0.141667 0.505556 0.0354167 0.174074 0.813788
0 0.01875 0.511111 0.0375 0.196296 0.814989
0 0.665625 0.530556 0.05625 0.316667 0.815693
0 0.01875 0.512963 0.0375 0.2 0.816911
0 0.568229 0.486111 0.0364583 0.153704 0.819823
0 0.665625 0.52963 0.05625 0.318519 0.83037
