0 0.460417 0.346296 0.0291667 0.151852 0.250383
0 0.835938 0.414815 0.0885417 0.492593 0.251345
0 0.651563 0.323148 0.0239583 0.12037 0.253039
0 0.461458 0.341667 0.0291667 0.135185 0.253448
0 0.841667 0.419444 0.0958333 0.468519 0.258047
0 0.56875 0.302778 0.0145833 0.0537037 0.261349
0 0.0989583 0.32037 0.01875 0.0851852 0.264203
0 0.414062 0.337037 0.0260417 0.144444 0.264964
0 0.390104 0.321296 0.0239583 0.0981481 0.266566
0 0.492708 0.328704 0.025 0.0981481 0.266753
0 0.544792 0.301852 0.0166667 0.0740741 0.267223
0 0.0515625 0.322222 0.0260417 0.125926 0.267793
0 0.609375 0.324074 0.025 0.125926 0.270195
0 0.56875 0.302778 0.0145833 0.0537037 0.270721
0 0.0744792 0.322222 0.0177083 0.0888889 0.271711
0 0.414583 0.337037 0.0270833 0.144444 0.275711
0 0.389583 0.321296 0.025 0.0981481 0.275917
0 0.492708 0.32963 0.025 0.1 0.277574
24 0.873438 0.337963 0.053125 0.168519 0.277774
0 0.075 0.322222 0.01875 0.0888889 0.283043
0 0.794792 0.396296 0.0666667 0.418519 0.283471
0 0.075 0.322222 0.01875 0.0888889 0.283867
24 0.873438 0.337037 0.053125 0.17037 0.286612
0 0.502604 0.337963 0.0427083 0.0944444 0.288597
0 0.826563 0.401852 0.101042 0.466667 0.289977
0 0.0755208 0.324074 0.0177083 0.0925926 0.289996
0 0.490625 0.334259 0.025 0.101852 0.290496
0 0.492708 0.32963 0.025 0.1 0.290682
0 0.490625 0.334259 0.025 0.101852 0.291642
0 0.608854 0.325 0.0239583 0.124074 0.297605
0 0.544271 0.301852 0.015625 0.0740741 0.2984
0 0.608333 0.324074 0.025 0.125926 0.30218
0 0.926042 0.275 0.0333333 0.153704 0.303462
0 0.0994792 0.318519 0.0197917 0.0851852 0.303495
0 0.836458 0.415741 0.0854167 0.487037 0.303677
0 0.391667 0.323148 0.025 0.101852 0.30511
24 0.870313 0.323148 0.059375 0.190741 0.305593
0 0.926042 0.275926 0.0333333 0.155556 0.308688
24 0.870833 0.323148 0.0583333 0.194444 0.308845
0 0.652604 0.324074 0.0239583 0.12963 0.308998
0 0.925 0.290741 0.0354167 0.174074 0.310683
0 0.0994792 0.317593 0.0197917 0.087037 0.31307
0 0.0213542 0.358333 0.0427083 0.187037 0.31392
0 0.792188 0.393519 0.065625 0.412963 0.314032
0 0.652604 0.325 0.0239583 0.131481 0.314523
0 0.0994792 0.317593 0.0197917 0.087037 0.315117
0 0.0208333 0.359259 0.0416667 0.185185 0.315572
0 0.390625 0.325 0.025 0.105556 0.31766
24 0.871354 0.333333 0.0572917 0.185185 0.318373
0 0.0755208 0.324074 0.0177083 0.0962963 0.319328
0 0.0755208 0.324074 0.0177083 0.0962963 0.323828
0 0.653125 0.319444 0.0270833 0.124074 0.325242
0 0.492188 0.334259 0.028125 0.105556 0.331438
0 0.925 0.290741 0.0354167 0.17037 0.333024
0 0.492188 0.333333 0.028125 0.107407 0.338226
0 0.510938 0.337037 0.021875 0.0962963 0.342473
0 0.0729167 0.325 0.0166667 0.105556 0.356732
0 0.0734375 0.325926 0.0177083 0.103704 0.35829
0 0.413542 0.334259 0.0270833 0.138889 0.359265
0 0.0953125 0.321296 0.0260417 0.087037 0.363013
0 0.511458 0.337037 0.0229167 0.0962963 0.363644
0 0.653125 0.32037 0.0270833 0.125926 0.367306
0 0.510938 0.337037 0.021875 0.0962963 0.368159
0 0.513542 0.336111 0.0229167 0.0944444 0.368945
0 0.492188 0.333333 0.028125 0.107407 0.369532
0 0.0984375 0.318519 0.0197917 0.0888889 0.370959
0 0.653125 0.319444 0.0270833 0.124074 0.37592
0 0.543229 0.302778 0.015625 0.0759259 0.386202
0 0.0734375 0.325 0.0197917 0.105556 0.389031
0 0.391146 0.325 0.0239583 0.0981481 0.389425
0 0.0739583 0.325 0.01875 0.105556 0.39112
24 0.871354 0.341667 0.0552083 0.161111 0.391179
0 0.0729167 0.325 0.0166667 0.105556 0.393152
0 0.391667 0.324074 0.025 0.103704 0.393487
0 0.492708 0.334259 0.0270833 0.105556 0.393724
0 0.653646 0.318519 0.0260417 0.118519 0.394292
0 0.926042 0.289815 0.0354167 0.164815 0.394447
0 0.0734375 0.325 0.0177083 0.105556 0.394449
0 0.514063 0.337963 0.021875 0.0944444 0.401222
0 0.544792 0.301852 0.0145833 0.0740741 0.408221
0 0.096875 0.321296 0.0229167 0.087037 0.410732
0 0.0239583 0.351852 0.04375 0.188889 0.411539
24 0.871875 0.340741 0.0541667 0.162963 0.411781
0 0.926042 0.288889 0.0354167 0.166667 0.41189
0 0.544792 0.301852 0.0145833 0.0740741 0.412259
0 0.391146 0.325 0.0239583 0.0981481 0.417958
0 0.391146 0.325 0.0239583 0.0981481 0.421125
0 0.791146 0.393519 0.0614583 0.412963 0.421351
0 0.544792 0.301852 0.0145833 0.0740741 0.42239
0 0.790625 0.393519 0.0604167 0.412963 0.426682
0 0.461458 0.344444 0.0291667 0.155556 0.430588
0 0.461458 0.344444 0.0291667 0.155556 0.434344
0 0.925521 0.276852 0.034375 0.157407 0.435575
0 0.544792 0.301852 0.0145833 0.0740741 0.436386
0 0.454167 0.340741 0.0458333 0.151852 0.436674
0 0.514063 0.337963 0.021875 0.0944444 0.437176
0 0.926042 0.288889 0.0354167 0.166667 0.438353
0 0.492708 0.332407 0.0270833 0.105556 0.439204
0 0.926042 0.276852 0.0333333 0.157407 0.439576
24 0.871354 0.335185 0.0552083 0.177778 0.44061
0 0.514063 0.338889 0.021875 0.0962963 0.441079
24 0.871875 0.335185 0.05625 0.177778 0.441643
0 0.790625 0.393519 0.0604167 0.412963 0.442505
24 0.871875 0.335185 0.05625 0.177778 0.444334
0 0.0979167 0.32037 0.0208333 0.0888889 0.446205
24 0.872396 0.338889 0.0552083 0.17037 0.451111
0 0.0234375 0.351852 0.0427083 0.185185 0.453053
0 0.45625 0.340741 0.0395833 0.151852 0.454881
0 0.0979167 0.32037 0.0208333 0.0925926 0.459615
24 0.872917 0.338889 0.0541667 0.17037 0.459739
0 0.653646 0.317593 0.0260417 0.116667 0.460016
0 0.606771 0.325926 0.028125 0.12963 0.462417
0 0.0979167 0.319444 0.0208333 0.0907407 0.463189
24 0.872917 0.338889 0.0541667 0.17037 0.464099
0 0.926562 0.285185 0.034375 0.155556 0.471697
0 0.492188 0.334259 0.0260417 0.0981481 0.472485
0 0.0208333 0.349074 0.0416667 0.187037 0.472662
0 0.60625 0.324074 0.0291667 0.12963 0.47691
0 0.0208333 0.35 0.0416667 0.185185 0.480848
0 0.0229167 0.351852 0.0416667 0.185185 0.483134
0 0.926562 0.285185 0.034375 0.155556 0.483687
0 0.926562 0.285185 0.034375 0.155556 0.485532
0 0.653125 0.318519 0.0270833 0.118519 0.488848
0 0.794792 0.400926 0.0645833 0.442593 0.495639
0 0.0973958 0.319444 0.0197917 0.087037 0.501199
0 0.653646 0.318519 0.028125 0.118519 0.501244
0 0.459896 0.340741 0.0302083 0.144444 0.501712
0 0.827604 0.403704 0.0989583 0.474074 0.502563
0 0.794271 0.399074 0.0635417 0.435185 0.503957
0 0.652604 0.319444 0.0260417 0.12037 0.506066
0 0.0526042 0.326852 0.0260417 0.124074 0.5072
0 0.492188 0.333333 0.0260417 0.1 0.507444
0 0.606771 0.325 0.028125 0.127778 0.513304
0 0.492188 0.334259 0.0260417 0.101852 0.520506
0 0.0208333 0.356481 0.0416667 0.190741 0.521019
0 0.45625 0.342593 0.0395833 0.151852 0.524766
0 0.459896 0.340741 0.0302083 0.148148 0.525221
0 0.0526042 0.326852 0.0260417 0.127778 0.529612
0 0.794271 0.4 0.0635417 0.440741 0.534073
24 0.870833 0.333333 0.0583333 0.177778 0.534182
0 0.0526042 0.327778 0.0260417 0.125926 0.53603
0 0.0979167 0.319444 0.0208333 0.087037 0.542838
0 0.0973958 0.319444 0.0197917 0.087037 0.544611
0 0.653646 0.319444 0.0260417 0.116667 0.547176
0 0.653125 0.32037 0.025 0.122222 0.547545
24 0.871354 0.332407 0.0572917 0.17963 0.549824
0 0.926042 0.287963 0.0333333 0.161111 0.554627
0 0.021875 0.35463 0.04375 0.190741 0.557024
0 0.021875 0.35463 0.04375 0.190741 0.561512
0 0.926042 0.287963 0.0333333 0.161111 0.562327
0 0.413542 0.331481 0.0270833 0.12963 0.564623
0 0.60625 0.325926 0.0270833 0.12963 0.565846
0 0.459896 0.340741 0.0302083 0.144444 0.569693
0 0.0208333 0.356481 0.0416667 0.190741 0.570654
0 0.0536458 0.324074 0.0302083 0.122222 0.571908
0 0.653125 0.319444 0.0270833 0.116667 0.571952
0 0.653125 0.32037 0.025 0.122222 0.581498
0 0.053125 0.325 0.0291667 0.124074 0.582868
0 0.653125 0.319444 0.0270833 0.12037 0.589509
0 0.925521 0.287963 0.034375 0.164815 0.590033
0 0.926042 0.287037 0.0333333 0.166667 0.592991
0 0.926042 0.287963 0.0333333 0.168519 0.602445
24 0.872917 0.337037 0.05625 0.174074 0.603439
0 0.492708 0.334259 0.025 0.101852 0.607534
24 0.872396 0.337037 0.0552083 0.174074 0.616013
24 0.872396 0.337037 0.0552083 0.174074 0.61852
0 0.413542 0.333333 0.0291667 0.140741 0.619239
0 0.60625 0.324074 0.0291667 0.12963 0.619371
24 0.872396 0.337037 0.0572917 0.166667 0.62003
0 0.391146 0.326852 0.0239583 0.105556 0.623036
0 0.413021 0.334259 0.028125 0.142593 0.629993
0 0.0208333 0.355556 0.0416667 0.192593 0.6302
0 0.0541667 0.324074 0.0291667 0.122222 0.632751
0 0.60625 0.325926 0.0291667 0.133333 0.638016
0 0.0526042 0.325 0.028125 0.124074 0.638498
0 0.60625 0.324074 0.0270833 0.12963 0.639956
0 0.60625 0.324074 0.0291667 0.12963 0.642469
0 0.606771 0.325 0.028125 0.131481 0.642795
0 0.460938 0.341667 0.0302083 0.146296 0.65203
0 0.653646 0.319444 0.0260417 0.116667 0.655187
0 0.391667 0.324074 0.0229167 0.1 0.656201
0 0.414062 0.333333 0.028125 0.140741 0.661719
0 0.461458 0.341667 0.0291667 0.146296 0.661859
0 0.413542 0.334259 0.0270833 0.146296 0.661862
0 0.0541667 0.324074 0.0291667 0.122222 0.661938
0 0.390625 0.326852 0.025 0.109259 0.663319
0 0.390625 0.324074 0.0229167 0.103704 0.66717
0 0.653646 0.315741 0.0260417 0.116667 0.672285
0 0.413542 0.333333 0.0291667 0.140741 0.673848
0 0.390104 0.326852 0.0239583 0.109259 0.675157
0 0.413542 0.334259 0.0270833 0.142593 0.676028
0 0.0536458 0.325 0.028125 0.124074 0.676584
0 0.60625 0.325 0.0291667 0.127778 0.685083
0 0.391146 0.324074 0.0239583 0.1 0.688824
0 0.606771 0.325 0.028125 0.131481 0.692146
0 0.653646 0.319444 0.0260417 0.116667 0.69486
0 0.60625 0.324074 0.0270833 0.12963 0.695619
0 0.606771 0.324074 0.028125 0.12963 0.696214
0 0.413542 0.331481 0.0270833 0.133333 0.699603
0 0.832292 0.406481 0.0833333 0.468519 0.70012
0 0.413542 0.331481 0.0270833 0.133333 0.701281
0 0.60625 0.324074 0.0270833 0.12963 0.701524
0 0.606771 0.324074 0.028125 0.12963 0.705084
0 0.653125 0.317593 0.025 0.116667 0.712659
0 0.0526042 0.325926 0.0260417 0.122222 0.714797
0 0.834896 0.416667 0.084375 0.47037 0.715477
0 0.831771 0.408333 0.0885417 0.487037 0.71701
0 0.831771 0.410185 0.0885417 0.487037 0.718147
0 0.653646 0.317593 0.0260417 0.116667 0.722525
0 0.0526042 0.325926 0.0260417 0.125926 0.725081
0 0.391146 0.324074 0.0239583 0.103704 0.725094
0 0.391146 0.324074 0.0239583 0.103704 0.730291
0 0.833333 0.407407 0.0854167 0.462963 0.738543
0 0.0526042 0.325926 0.0260417 0.122222 0.744325
0 0.459896 0.342593 0.0302083 0.148148 0.74939
0 0.832812 0.405556 0.084375 0.466667 0.750105
0 0.791146 0.393519 0.059375 0.409259 0.761121
0 0.459896 0.342593 0.0302083 0.148148 0.761532
0 0.834896 0.415741 0.084375 0.475926 0.762511
0 0.0526042 0.325 0.028125 0.12037 0.767788
0 0.0213542 0.353704 0.0427083 0.192593 0.76839
0 0.0213542 0.35463 0.0427083 0.190741 0.77138
0 0.0213542 0.35463 0.0427083 0.190741 0.777715
0 0.0526042 0.325 0.028125 0.12037 0.778429
0 0.835417 0.414815 0.0854167 0.474074 0.779443
0 0.459896 0.342593 0.0302083 0.148148 0.779678
0 0.053125 0.325 0.0270833 0.12037 0.789364
0 0.0208333 0.353704 0.0416667 0.192593 0.795317
0 0.791667 0.39537 0.0583333 0.416667 0.795808
0 0.460417 0.342593 0.0291667 0.159259 0.797409
0 0.459896 0.341667 0.0302083 0.146296 0.797929
0 0.460417 0.342593 0.0291667 0.148148 0.799135
0 0.460417 0.342593 0.0291667 0.155556 0.799345
0 0.0208333 0.352778 0.0416667 0.194444 0.802046
0 0.791146 0.392593 0.059375 0.403704 0.83458
0 0.413542 0.334259 0.0270833 0.15 0.8405
0 0.791146 0.392593 0.059375 0.403704 0.842995
0 0.791146 0.392593 0.059375 0.403704 0.845319
0 0.414062 0.334259 0.028125 0.146296 0.850641
