0 0.342187 0.292593 0.0197917 0.0666667 0.250759
0 0.499479 0.325 0.0260417 0.135185 0.251104
0 0.291146 0.302778 0.028125 0.0796296 0.251479
0 0.00833333 0.307407 0.0145833 0.0962963 0.253512
0 0.210417 0.299074 0.0416667 0.131481 0.255308
0 0.291667 0.302778 0.0270833 0.0796296 0.255592
0 0.291667 0.302778 0.0270833 0.0796296 0.258885
0 0.621875 0.328704 0.0291667 0.127778 0.263646
0 0.404167 0.338889 0.0458333 0.196296 0.2641
0 0.314583 0.303704 0.025 0.0814815 0.2647
0 0.342187 0.292593 0.0197917 0.0666667 0.265456
0 0.210417 0.299074 0.0416667 0.131481 0.270249
0 0.00729167 0.301852 0.0145833 0.0888889 0.272387
0 0.34375 0.291667 0.01875 0.0722222 0.272887
0 0.314583 0.302778 0.025 0.0796296 0.274523
0 0.647917 0.316667 0.01875 0.0888889 0.274969
0 0.934896 0.561111 0.117708 0.707407 0.27543
0 0.404167 0.338889 0.04375 0.196296 0.281056
0 0.314583 0.302778 0.025 0.0796296 0.281344
0 0.342187 0.292593 0.0197917 0.0666667 0.284173
0 0.647917 0.315741 0.01875 0.087037 0.284502
0 0.317708 0.296296 0.0270833 0.0851852 0.285362
0 0.574479 0.323148 0.028125 0.131481 0.285495
0 0.00729167 0.301852 0.0145833 0.0888889 0.290475
0 0.498958 0.324074 0.0270833 0.137037 0.293565
0 0.463542 0.323148 0.025 0.131481 0.307408
0 0.303125 0.301852 0.0458333 0.0814815 0.309674
0 0.20625 0.296296 0.05 0.133333 0.311267
0 0.497917 0.323148 0.0270833 0.138889 0.312559
0 0.343229 0.291667 0.0197917 0.0685185 0.318895
0 0.343229 0.291667 0.0197917 0.0685185 0.319288
0 0.293229 0.302778 0.028125 0.0796296 0.32075
0 0.573958 0.321296 0.0291667 0.138889 0.321969
0 0.573438 0.321296 0.0302083 0.138889 0.328208
0 0.319792 0.298148 0.03125 0.0814815 0.328529
0 0.304167 0.3 0.05 0.0814815 0.335088
0 0.572396 0.32037 0.028125 0.137037 0.33634
0 0.499479 0.325 0.0260417 0.135185 0.336668
0 0.343229 0.292593 0.0197917 0.0666667 0.339188
0 0.573438 0.321296 0.0302083 0.146296 0.342709
0 0.0395833 0.361111 0.0333333 0.203704 0.343549
0 0.621875 0.328704 0.0291667 0.135185 0.345944
0 0.0390625 0.360185 0.034375 0.205556 0.347082
0 0.621875 0.32963 0.0291667 0.133333 0.349214
0 0.0078125 0.30463 0.015625 0.0944444 0.349391
0 0.0078125 0.30463 0.015625 0.0944444 0.349574
0 0.463542 0.318519 0.025 0.122222 0.353565
0 0.209896 0.296296 0.0427083 0.137037 0.356337
0 0.499479 0.324074 0.0260417 0.137037 0.35851
0 0.954687 0.558333 0.090625 0.657407 0.359966
0 0.573438 0.321296 0.0302083 0.146296 0.366269
0 0.572396 0.321296 0.0302083 0.146296 0.368629
0 0.209896 0.297222 0.0427083 0.135185 0.37339
0 0.0078125 0.30463 0.015625 0.0944444 0.374697
0 0.5 0.32037 0.0229167 0.122222 0.379186
0 0.573958 0.322222 0.0291667 0.137037 0.381992
0 0.573438 0.322222 0.0302083 0.137037 0.382438
0 0.206771 0.296296 0.0489583 0.137037 0.385146
0 0.463542 0.322222 0.025 0.133333 0.401278
0 0.620833 0.337037 0.0291667 0.133333 0.401689
0 0.207292 0.296296 0.05 0.137037 0.404473
0 0.463542 0.322222 0.025 0.133333 0.409843
0 0.0692708 0.358333 0.053125 0.25 0.418511
0 0.463542 0.318519 0.025 0.125926 0.421023
0 0.463542 0.318519 0.025 0.125926 0.424338
0 0.293229 0.301852 0.028125 0.0814815 0.432574
0 0.0427083 0.361111 0.0375 0.222222 0.433818
0 0.572917 0.324074 0.03125 0.144444 0.436387
0 0.572396 0.323148 0.028125 0.135185 0.442207
0 0.0682292 0.360185 0.046875 0.235185 0.442964
0 0.404687 0.341667 0.0510417 0.205556 0.448992
0 0.464583 0.32037 0.0291667 0.122222 0.450239
0 0.0427083 0.359259 0.0375 0.222222 0.450919
0 0.5 0.32037 0.0229167 0.133333 0.468704
0 0.405208 0.339815 0.0479167 0.201852 0.468747
0 0.0385417 0.361111 0.0375 0.214815 0.472025
0 0.0380208 0.365741 0.0364583 0.216667 0.472839
0 0.464063 0.324074 0.028125 0.133333 0.473177
0 0.499479 0.325 0.0239583 0.131481 0.474682
0 0.5 0.32037 0.0229167 0.133333 0.475036
0 0.0380208 0.361111 0.0364583 0.214815 0.475571
0 0.501042 0.321296 0.0229167 0.127778 0.476815
0 0.0380208 0.364815 0.0364583 0.214815 0.477433
0 0.404687 0.339815 0.0489583 0.201852 0.484089
0 0.464063 0.321296 0.028125 0.131481 0.486518
0 0.572396 0.323148 0.0302083 0.146296 0.4868
0 0.0380208 0.364815 0.0364583 0.214815 0.48797
0 0.620313 0.337037 0.028125 0.137037 0.492531
0 0.0692708 0.358333 0.053125 0.25 0.493021
0 0.207292 0.297222 0.0458333 0.135185 0.493152
0 0.0390625 0.361111 0.0385417 0.218519 0.494495
0 0.620833 0.337037 0.0291667 0.137037 0.495103
0 0.293229 0.302778 0.0260417 0.0796296 0.496253
0 0.572917 0.323148 0.0291667 0.142593 0.498398
0 0.059375 0.35463 0.0583333 0.238889 0.498783
0 0.5 0.321296 0.0229167 0.135185 0.500341
0 0.648958 0.312037 0.01875 0.0907407 0.501321
0 0.498437 0.323148 0.0239583 0.135185 0.509501
0 0.207813 0.29537 0.046875 0.135185 0.517348
0 0.0677083 0.360185 0.0479167 0.246296 0.519384
0 0.207813 0.296296 0.046875 0.137037 0.52182
0 0.649479 0.311111 0.0197917 0.0888889 0.524762
0 0.649479 0.311111 0.0197917 0.0962963 0.526251
0 0.500521 0.321296 0.021875 0.127778 0.530116
0 0.315625 0.300926 0.025 0.0833333 0.53288
0 0.501042 0.321296 0.0229167 0.131481 0.5347
0 0.648438 0.311111 0.0197917 0.0925926 0.535587
0 0.648438 0.311111 0.0197917 0.0925926 0.53607
0 0.207813 0.296296 0.046875 0.133333 0.536467
0 0.209896 0.299074 0.0427083 0.131481 0.539262
0 0.464583 0.32037 0.0291667 0.133333 0.539914
0 0.0661458 0.358333 0.053125 0.242593 0.542934
0 0.464063 0.32037 0.028125 0.12963 0.543281
0 0.621354 0.334259 0.0322917 0.135185 0.545191
0 0.315625 0.3 0.025 0.0814815 0.545537
0 0.315625 0.3 0.025 0.0814815 0.546468
0 0.0661458 0.357407 0.0572917 0.251852 0.549474
0 0.316146 0.297222 0.0239583 0.087037 0.549759
0 0.464063 0.325 0.028125 0.131481 0.551203
0 0.649479 0.310185 0.0197917 0.0907407 0.557324
0 0.649479 0.311111 0.0197917 0.0888889 0.558703
0 0.464063 0.324074 0.028125 0.133333 0.559817
0 0.464583 0.32037 0.0270833 0.133333 0.561767
0 0.464063 0.32037 0.028125 0.133333 0.564001
0 0.315104 0.297222 0.0239583 0.087037 0.566678
0 0.315625 0.298148 0.0229167 0.0851852 0.571512
0 0.499479 0.323148 0.0239583 0.131481 0.576956
0 0.40625 0.339815 0.0458333 0.198148 0.577122
0 0.0588542 0.35463 0.059375 0.246296 0.583741
0 0.464583 0.323148 0.0270833 0.131481 0.585082
0 0.0661458 0.358333 0.053125 0.242593 0.585187
0 0.06875 0.358333 0.0520833 0.25 0.586097
0 0.293229 0.301852 0.0260417 0.0814815 0.589738
0 0.0682292 0.357407 0.0510417 0.240741 0.591862
0 0.292708 0.30463 0.0270833 0.0833333 0.597125
0 0.210417 0.299074 0.0416667 0.135185 0.598563
0 0.0640625 0.359259 0.0572917 0.251852 0.602132
0 0.210417 0.299074 0.0416667 0.135185 0.605284
0 0.207292 0.296296 0.0479167 0.137037 0.609548
0 0.464063 0.323148 0.028125 0.135185 0.611186
0 0.292708 0.301852 0.0270833 0.0814815 0.611479
0 0.40625 0.339815 0.0458333 0.198148 0.612649
0 0.292708 0.30463 0.0270833 0.0833333 0.616491
0 0.292708 0.301852 0.0270833 0.0814815 0.617606
0 0.207292 0.296296 0.0479167 0.137037 0.620083
0 0.499479 0.324074 0.0239583 0.133333 0.62105
0 0.292708 0.301852 0.0270833 0.0814815 0.621643
0 0.292708 0.30463 0.0270833 0.0833333 0.624381
0 0.0666667 0.357407 0.0520833 0.244444 0.624407
0 0.0661458 0.356481 0.0572917 0.25 0.624821
0 0.648958 0.311111 0.0208333 0.0962963 0.625362
0 0.499479 0.324074 0.0239583 0.12963 0.630227
0 0.499479 0.325 0.0239583 0.131481 0.630531
0 0.207292 0.297222 0.0479167 0.135185 0.632127
0 0.464063 0.323148 0.028125 0.131481 0.63459
0 0.571875 0.321296 0.0291667 0.146296 0.641044
0 0.405729 0.337963 0.0447917 0.194444 0.653118
0 0.40625 0.339815 0.0458333 0.198148 0.653949
0 0.5 0.323148 0.0229167 0.131481 0.658731
0 0.621354 0.334259 0.0302083 0.135185 0.664918
0 0.499479 0.324074 0.0239583 0.12963 0.666362
0 0.571875 0.323148 0.0291667 0.142593 0.669952
0 0.572396 0.324074 0.028125 0.140741 0.673682
0 0.572396 0.322222 0.0302083 0.148148 0.674495
0 0.571875 0.321296 0.0291667 0.146296 0.676395
0 0.405208 0.338889 0.0458333 0.2 0.677194
0 0.571875 0.321296 0.0291667 0.146296 0.681752
0 0.622917 0.337037 0.03125 0.144444 0.684832
0 0.207292 0.298148 0.0458333 0.137037 0.687263
0 0.207292 0.298148 0.0458333 0.137037 0.691831
0 0.207292 0.296296 0.0458333 0.137037 0.694198
0 0.405729 0.339815 0.0447917 0.205556 0.698666
0 0.572396 0.322222 0.0302083 0.148148 0.702688
0 0.622396 0.336111 0.0302083 0.142593 0.705627
0 0.940104 0.561111 0.119792 0.711111 0.705829
0 0.0677083 0.359259 0.05 0.244444 0.706198
0 0.405208 0.338889 0.04375 0.203704 0.710938
0 0.0677083 0.359259 0.05 0.244444 0.711812
0 0.572396 0.322222 0.0302083 0.148148 0.712593
0 0.207292 0.296296 0.0458333 0.137037 0.71333
0 0.207813 0.296296 0.0447917 0.137037 0.718905
0 0.0677083 0.359259 0.05 0.244444 0.722521
0 0.572396 0.32037 0.0302083 0.144444 0.725725
0 0.621354 0.334259 0.0322917 0.138889 0.72626
0 0.621354 0.334259 0.0302083 0.138889 0.728725
0 0.622396 0.336111 0.0302083 0.142593 0.730032
0 0.572396 0.319444 0.0302083 0.142593 0.740882
0 0.405729 0.339815 0.0447917 0.201852 0.743751
0 0.40625 0.339815 0.0458333 0.201852 0.754745
0 0.621354 0.334259 0.0322917 0.138889 0.768029
0 0.0682292 0.358333 0.0510417 0.25 0.76811
0 0.405729 0.340741 0.0447917 0.203704 0.771343
0 0.621354 0.335185 0.0322917 0.137037 0.775
0 0.40625 0.338889 0.0458333 0.203704 0.779662
0 0.621354 0.335185 0.0322917 0.137037 0.784392
0 0.621354 0.335185 0.0302083 0.140741 0.7844
0 0.621354 0.335185 0.0302083 0.140741 0.786606
0 0.40625 0.338889 0.0458333 0.203704 0.794427
0 0.405729 0.340741 0.0447917 0.203704 0.802005
0 0.621354 0.336111 0.0302083 0.138889 0.810224
0 0.621354 0.334259 0.0302083 0.138889 0.826022
0 0.621354 0.334259 0.0302083 0.138889 0.828595
0 0.939583 0.559259 0.116667 0.718518 0.843856
0 0.939583 0.558333 0.116667 0.716667 0.849252
0 0.940104 0.557407 0.115625 0.711111 0.86355
0 0.940104 0.556481 0.115625 0.709259 0.889092
0 0.940625 0.557407 0.116667 0.703704 0.912691
0 0.940625 0.557407 0.116667 0.703704 0.914836
0 0.939062 0.562037 0.119792 0.716667 0.9328
