0 0.472917 0.35463 0.0229167 0.0907407 0.253429
0 0.476562 0.353704 0.0177083 0.0962963 0.25472
0 0.609375 0.363889 0.025 0.124074 0.2558
0 0.473437 0.353704 0.0239583 0.0925926 0.260281
0 0.440104 0.362963 0.0260417 0.133333 0.26591
0 0.575521 0.340741 0.015625 0.0703704 0.26667
13 0.403125 0.561111 0.0895833 0.174074 0.272064
0 0.494271 0.363889 0.0260417 0.127778 0.275197
0 0.514583 0.336111 0.0166667 0.0722222 0.27889
0 0.496875 0.367593 0.0354167 0.146296 0.278957
0 0.513542 0.337963 0.0166667 0.0722222 0.279378
13 0.402604 0.561111 0.0885417 0.174074 0.28122
0 0.472917 0.35463 0.0229167 0.0907407 0.283477
0 0.609375 0.363889 0.025 0.124074 0.284824
0 0.496354 0.372222 0.028125 0.133333 0.285041
0 0.608854 0.363889 0.0260417 0.124074 0.288256
13 0.402604 0.561111 0.0885417 0.174074 0.289374
0 0.575 0.340741 0.0166667 0.0703704 0.289473
0 0.514063 0.338889 0.0177083 0.0703704 0.294227
0 0.233333 0.436111 0.104167 0.405556 0.298667
0 0.442708 0.368519 0.03125 0.137037 0.3013
0 0.0223958 0.382407 0.028125 0.131481 0.301794
0 0.233333 0.437037 0.104167 0.407407 0.303187
0 0.443229 0.368519 0.0322917 0.137037 0.305466
0 0.232812 0.436111 0.103125 0.405556 0.305618
0 0.498958 0.372222 0.03125 0.140741 0.306421
0 0.514063 0.337963 0.015625 0.0722222 0.306657
0 0.513542 0.337963 0.0166667 0.0722222 0.309324
0 0.609375 0.368519 0.025 0.12963 0.312332
0 0.494792 0.366667 0.0354167 0.144444 0.314793
0 0.328125 0.347222 0.0208333 0.087037 0.31609
0 0.0203125 0.383333 0.0302083 0.133333 0.317034
0 0.327083 0.347222 0.0208333 0.087037 0.317358
13 0.402604 0.572222 0.0864583 0.185185 0.319313
0 0.497396 0.368519 0.034375 0.144444 0.319317
13 0.403125 0.572222 0.0875 0.188889 0.319908
0 0.575 0.340741 0.0166667 0.0703704 0.320018
0 0.514063 0.338889 0.0177083 0.0703704 0.329505
0 0.608854 0.368519 0.0260417 0.12963 0.330605
0 0.498958 0.372222 0.03125 0.144444 0.331498
13 0.400521 0.57037 0.090625 0.188889 0.332664
13 0.403125 0.572222 0.0875 0.188889 0.337868
0 0.515104 0.337963 0.015625 0.0722222 0.342353
0 0.328125 0.347222 0.0208333 0.087037 0.347415
0 0.498437 0.373148 0.0322917 0.138889 0.348678
0 0.575 0.337963 0.0166667 0.0685185 0.348727
0 0.371875 0.335185 0.0145833 0.0777778 0.360943
0 0.575521 0.338889 0.015625 0.0666667 0.362437
0 0.442708 0.368519 0.03125 0.137037 0.362667
0 0.575 0.338889 0.0166667 0.0703704 0.363644
0 0.608854 0.368519 0.0260417 0.133333 0.364091
0 0.514063 0.337963 0.015625 0.0722222 0.364787
0 0.497917 0.372222 0.0333333 0.137037 0.365292
0 0.371354 0.335185 0.015625 0.0777778 0.366442
0 0.608854 0.368519 0.0260417 0.133333 0.368382
0 0.498958 0.371296 0.03125 0.142593 0.368795
0 0.369792 0.337963 0.0166667 0.0759259 0.373655
13 0.403125 0.564815 0.0895833 0.185185 0.375117
13 0.401042 0.57037 0.0916667 0.188889 0.37644
0 0.514063 0.337037 0.0177083 0.0666667 0.379693
0 0.575 0.339815 0.0166667 0.0685185 0.382632
0 0.575 0.337963 0.0166667 0.0685185 0.389474
0 0.23125 0.42963 0.1 0.407407 0.389664
0 0.23125 0.42963 0.1 0.407407 0.39132
0 0.514063 0.337037 0.0177083 0.0666667 0.392007
0 0.370313 0.337963 0.015625 0.0759259 0.394334
0 0.23125 0.42963 0.1 0.407407 0.399786
0 0.575 0.338889 0.0166667 0.0666667 0.404436
0 0.371354 0.335185 0.015625 0.0777778 0.414307
13 0.403125 0.565741 0.0895833 0.183333 0.419631
0 0.370313 0.337963 0.0177083 0.0796296 0.421222
0 0.514063 0.337037 0.0177083 0.0666667 0.421271
0 0.440625 0.367593 0.0270833 0.146296 0.425143
0 0.440625 0.366667 0.0270833 0.144444 0.431832
0 0.496875 0.368519 0.03125 0.144444 0.439119
0 0.368229 0.336111 0.015625 0.0796296 0.441962
0 0.370313 0.337963 0.015625 0.0759259 0.442581
13 0.401563 0.569444 0.0885417 0.187037 0.443087
0 0.609375 0.369444 0.025 0.127778 0.445037
0 0.369792 0.337963 0.0166667 0.0759259 0.456353
0 0.655208 0.381481 0.0479167 0.222222 0.46091
0 0.609375 0.367593 0.0270833 0.131481 0.466156
0 0.575521 0.338889 0.015625 0.0703704 0.468509
0 0.440104 0.362963 0.028125 0.137037 0.469237
0 0.369792 0.337963 0.0166667 0.0759259 0.478531
0 0.0203125 0.382407 0.0302083 0.138889 0.485178
13 0.402083 0.569444 0.0895833 0.187037 0.487744
0 0.654688 0.383333 0.046875 0.225926 0.48806
0 0.0203125 0.383333 0.0302083 0.140741 0.494228
0 0.495833 0.371296 0.0270833 0.138889 0.494564
0 0.496875 0.368519 0.03125 0.144444 0.494986
0 0.654688 0.383333 0.046875 0.225926 0.497386
0 0.369792 0.337963 0.0166667 0.0759259 0.499934
0 0.0203125 0.384259 0.0302083 0.131481 0.501359
0 0.496354 0.371296 0.028125 0.138889 0.505396
0 0.496354 0.369444 0.0302083 0.146296 0.506926
0 0.371354 0.335185 0.015625 0.0777778 0.510578
0 0.440104 0.362963 0.0260417 0.137037 0.51822
0 0.608854 0.366667 0.0260417 0.12963 0.52457
0 0.0213542 0.383333 0.028125 0.140741 0.527522
0 0.440104 0.362963 0.0260417 0.140741 0.527581
0 0.653646 0.381481 0.0510417 0.22963 0.535277
0 0.494271 0.363889 0.0260417 0.146296 0.539346
0 0.021875 0.383333 0.0270833 0.140741 0.541787
0 0.494271 0.363889 0.0260417 0.146296 0.546419
0 0.609896 0.367593 0.0260417 0.131481 0.562
0 0.655208 0.382407 0.0479167 0.224074 0.565731
0 0.0203125 0.381481 0.0322917 0.140741 0.578318
0 0.23125 0.431481 0.102083 0.411111 0.582476
0 0.330729 0.348148 0.0177083 0.0814815 0.586332
0 0.0213542 0.381481 0.0322917 0.144444 0.601213
0 0.0197917 0.381481 0.03125 0.137037 0.601717
0 0.0208333 0.382407 0.0333333 0.142593 0.609482
0 0.440625 0.364815 0.0291667 0.133333 0.613138
0 0.330729 0.347222 0.0197917 0.0833333 0.613511
0 0.0213542 0.381481 0.0322917 0.144444 0.613676
0 0.651563 0.383333 0.0510417 0.22963 0.613825
0 0.652083 0.382407 0.05 0.227778 0.619242
0 0.0203125 0.381481 0.0322917 0.140741 0.619622
0 0.0203125 0.381481 0.0322917 0.140741 0.62623
0 0.652083 0.380556 0.05 0.227778 0.627252
0 0.330729 0.349074 0.0197917 0.087037 0.628903
0 0.652604 0.381481 0.0489583 0.225926 0.629557
0 0.608854 0.367593 0.0260417 0.131481 0.632659
0 0.608854 0.366667 0.0260417 0.125926 0.636795
13 0.403646 0.566667 0.0864583 0.181481 0.639135
13 0.403646 0.566667 0.0864583 0.181481 0.642818
0 0.0208333 0.383333 0.0333333 0.140741 0.645992
0 0.0213542 0.381481 0.0322917 0.144444 0.655266
0 0.0208333 0.383333 0.03125 0.137037 0.656482
0 0.655208 0.381481 0.0479167 0.222222 0.658764
0 0.0208333 0.383333 0.03125 0.137037 0.658972
0 0.330729 0.349074 0.0197917 0.087037 0.6638
0 0.608854 0.366667 0.0260417 0.125926 0.67297
0 0.330729 0.349074 0.0197917 0.087037 0.675783
0 0.328646 0.346296 0.0197917 0.0851852 0.678814
0 0.608854 0.366667 0.0260417 0.125926 0.68485
0 0.608854 0.365741 0.0260417 0.127778 0.690577
0 0.609375 0.367593 0.025 0.131481 0.693193
0 0.440625 0.368519 0.0291667 0.140741 0.697351
13 0.402604 0.567593 0.0885417 0.187037 0.698242
13 0.402604 0.567593 0.0885417 0.187037 0.699447
13 0.402604 0.569444 0.0885417 0.183333 0.702225
0 0.330729 0.347222 0.0197917 0.087037 0.702801
13 0.402604 0.569444 0.0885417 0.183333 0.703114
13 0.402604 0.569444 0.0885417 0.183333 0.703377
13 0.403125 0.567593 0.0895833 0.187037 0.70492
0 0.608854 0.365741 0.0260417 0.127778 0.708198
0 0.653125 0.382407 0.0520833 0.227778 0.70934
13 0.402604 0.566667 0.0885417 0.181481 0.714315
0 0.654167 0.383333 0.05 0.225926 0.716271
0 0.608854 0.365741 0.0260417 0.127778 0.719113
13 0.403125 0.568519 0.0875 0.181481 0.721417
0 0.440625 0.367593 0.0291667 0.138889 0.721803
0 0.330729 0.347222 0.0197917 0.087037 0.73161
0 0.330729 0.347222 0.0197917 0.087037 0.732197
0 0.653646 0.382407 0.053125 0.227778 0.736333
0 0.609375 0.366667 0.025 0.12963 0.737218
13 0.402083 0.567593 0.0875 0.17963 0.740573
0 0.653646 0.384259 0.0510417 0.227778 0.747781
0 0.653125 0.382407 0.0520833 0.227778 0.752711
13 0.403125 0.567593 0.0875 0.17963 0.753003
0 0.440625 0.368519 0.0291667 0.140741 0.760731
0 0.23125 0.431481 0.102083 0.407407 0.767117
0 0.440625 0.368519 0.0291667 0.140741 0.775052
0 0.653646 0.383333 0.0510417 0.225926 0.779053
0 0.440625 0.364815 0.0291667 0.133333 0.784486
0 0.440625 0.364815 0.0291667 0.133333 0.791053
0 0.441146 0.368519 0.028125 0.140741 0.799876
0 0.441146 0.367593 0.028125 0.142593 0.804242
0 0.440104 0.363889 0.028125 0.138889 0.816141
0 0.440104 0.362963 0.028125 0.137037 0.824312
0 0.654167 0.380556 0.0479167 0.227778 0.837131
0 0.654167 0.380556 0.0479167 0.227778 0.842024
0 0.231771 0.431481 0.103125 0.407407 0.865161
0 0.23125 0.433333 0.1 0.414815 0.869691
0 0.23125 0.434259 0.1 0.412963 0.869932
0 0.23125 0.434259 0.1 0.412963 0.878787
0 0.231771 0.431481 0.103125 0.407407 0.88203
0 0.23125 0.430556 0.102083 0.405556 0.883106
0 0.23125 0.430556 0.102083 0.405556 0.89065
0 0.23125 0.432407 0.1 0.409259 0.900496
0 0.23125 0.433333 0.1 0.411111 0.900768
0 0.23125 0.433333 0.1 0.411111 0.902959
