0 0.640104 0.394444 0.0322917 0.222222 0.252899
0 0.600521 0.371296 0.0322917 0.131481 0.253074
0 0.600521 0.371296 0.0322917 0.127778 0.263599
0 0.311458 0.348148 0.0125 0.0777778 0.268534
0 0.575 0.350926 0.0166667 0.0685185 0.27866
0 0.311979 0.348148 0.0135417 0.0777778 0.279056
0 0.648958 0.391667 0.04375 0.235185 0.282565
0 0.638542 0.391667 0.0291667 0.22037 0.290067
0 0.648438 0.391667 0.0447917 0.242593 0.295322
0 0.489583 0.369444 0.0270833 0.131481 0.295559
0 0.471354 0.362037 0.0302083 0.109259 0.295948
0 0.511979 0.340741 0.015625 0.0666667 0.297093
0 0.466667 0.358333 0.0229167 0.101852 0.298512
0 0.489583 0.37037 0.0270833 0.133333 0.300937
0 0.466667 0.357407 0.0229167 0.103704 0.306903
0 0.466667 0.361111 0.0208333 0.1 0.30696
0 0.509896 0.346296 0.015625 0.0740741 0.309081
0 0.363021 0.337963 0.0197917 0.0833333 0.310231
0 0.466667 0.357407 0.0229167 0.103704 0.314986
0 0.638542 0.394444 0.0291667 0.225926 0.317222
0 0.638542 0.392593 0.0291667 0.222222 0.317387
0 0.363542 0.338889 0.01875 0.0851852 0.321061
0 0.511979 0.340741 0.015625 0.0666667 0.322536
0 0.575 0.351852 0.0166667 0.0703704 0.331498
0 0.573958 0.352778 0.01875 0.0648148 0.343126
0 0.363542 0.337963 0.01875 0.0833333 0.346589
0 0.575 0.351852 0.0166667 0.0703704 0.347071
0 0.513021 0.344444 0.0135417 0.0666667 0.350967
0 0.328125 0.359259 0.01875 0.0925926 0.352367
0 0.573958 0.351852 0.01875 0.0666667 0.360482
0 0.365104 0.339815 0.0177083 0.0833333 0.360865
0 0.43125 0.369444 0.0291667 0.135185 0.364509
0 0.5125 0.344444 0.0145833 0.0666667 0.365438
0 0.510938 0.342593 0.015625 0.0703704 0.375044
0 0.489062 0.374074 0.028125 0.144444 0.375588
0 0.573958 0.352778 0.01875 0.0648148 0.376776
0 0.601562 0.372222 0.0302083 0.125926 0.381607
0 0.328125 0.358333 0.01875 0.0944444 0.388098
0 0.573438 0.349074 0.0177083 0.0648148 0.391472
0 0.365104 0.337037 0.0177083 0.0851852 0.399291
0 0.328125 0.358333 0.01875 0.0944444 0.400113
0 0.365625 0.339815 0.0166667 0.0833333 0.404505
0 0.486979 0.375 0.0302083 0.142593 0.413177
0 0.489062 0.373148 0.028125 0.142593 0.413309
0 0.366667 0.337037 0.0166667 0.0814815 0.414484
0 0.433854 0.37037 0.028125 0.144444 0.41549
0 0.510938 0.344444 0.015625 0.0703704 0.419632
0 0.489583 0.375 0.0270833 0.142593 0.419851
0 0.434375 0.37037 0.0291667 0.140741 0.421921
0 0.510938 0.342593 0.0135417 0.0703704 0.435364
0 0.601562 0.372222 0.0302083 0.12963 0.43608
0 0.365625 0.340741 0.0166667 0.0814815 0.448901
0 0.601562 0.373148 0.0302083 0.127778 0.449542
0 0.365104 0.338889 0.015625 0.0814815 0.454033
0 0.365104 0.339815 0.0177083 0.0833333 0.455173
0 0.510938 0.343519 0.0135417 0.0685185 0.456653
0 0.4875 0.377778 0.0270833 0.133333 0.459222
0 0.601562 0.372222 0.0302083 0.137037 0.461847
0 0.602083 0.372222 0.03125 0.137037 0.473049
0 0.4875 0.375 0.0291667 0.138889 0.473609
0 0.365625 0.337963 0.0166667 0.0833333 0.475219
0 0.510938 0.343519 0.0135417 0.0685185 0.476204
0 0.365625 0.340741 0.0166667 0.0814815 0.476326
0 0.488021 0.376852 0.028125 0.138889 0.477996
0 0.486458 0.376852 0.0291667 0.142593 0.486511
0 0.488021 0.374074 0.0260417 0.133333 0.492232
0 0.190104 0.450926 0.0989583 0.435185 0.493158
0 0.189583 0.45 0.0979167 0.433333 0.494912
0 0.601042 0.372222 0.03125 0.133333 0.496392
0 0.326042 0.355556 0.0208333 0.0925926 0.500881
0 0.190104 0.45 0.096875 0.437037 0.500938
0 0.510938 0.344444 0.0135417 0.0666667 0.502568
0 0.326562 0.35463 0.021875 0.0944444 0.50938
0 0.656771 0.393519 0.053125 0.238889 0.510587
0 0.656771 0.393519 0.053125 0.238889 0.519017
0 0.655729 0.392593 0.0489583 0.237037 0.520469
0 0.656771 0.392593 0.053125 0.237037 0.52999
0 0.652604 0.392593 0.059375 0.233333 0.536077
0 0.655729 0.391667 0.0489583 0.246296 0.545241
0 0.326042 0.355556 0.0208333 0.0925926 0.548426
0 0.488021 0.376852 0.028125 0.138889 0.552315
0 0.326562 0.353704 0.0197917 0.0925926 0.570866
0 0.653646 0.393519 0.0572917 0.235185 0.577257
0 0.326042 0.353704 0.0208333 0.0925926 0.57992
0 0.647396 0.394444 0.0364583 0.22963 0.603493
0 0.653646 0.393519 0.0572917 0.235185 0.614102
0 0.646875 0.393519 0.0375 0.231481 0.617772
0 0.65625 0.391667 0.0541667 0.235185 0.621483
0 0.65625 0.391667 0.0541667 0.242593 0.62579
0 0.655208 0.391667 0.0541667 0.238889 0.656962
0 0.655208 0.393519 0.0541667 0.238889 0.660084
0 0.43125 0.372222 0.0291667 0.144444 0.663363
0 0.431771 0.372222 0.0302083 0.140741 0.664095
0 0.488021 0.376852 0.0260417 0.138889 0.664758
0 0.65625 0.392593 0.0541667 0.237037 0.665608
0 0.431771 0.372222 0.0302083 0.140741 0.674596
0 0.327083 0.357407 0.0208333 0.0925926 0.678593
0 0.43125 0.372222 0.0291667 0.144444 0.683963
0 0.327083 0.356481 0.01875 0.0944444 0.689311
0 0.431771 0.372222 0.028125 0.144444 0.692068
0 0.326562 0.356481 0.0197917 0.0944444 0.698059
0 0.326562 0.356481 0.0197917 0.0944444 0.698218
0 0.430729 0.37037 0.028125 0.140741 0.700577
0 0.43125 0.37037 0.0291667 0.140741 0.704468
0 0.190104 0.45 0.096875 0.433333 0.706351
0 0.65625 0.392593 0.0541667 0.237037 0.713301
0 0.601042 0.375 0.03125 0.131481 0.713886
0 0.653646 0.392593 0.0510417 0.237037 0.714795
0 0.488021 0.376852 0.0260417 0.138889 0.716194
0 0.4875 0.376852 0.0270833 0.138889 0.717485
0 0.190625 0.45 0.0979167 0.433333 0.718539
0 0.488021 0.374074 0.0260417 0.137037 0.720194
0 0.601042 0.375926 0.03125 0.12963 0.727007
0 0.653646 0.393519 0.0510417 0.238889 0.734313
0 0.431771 0.372222 0.0302083 0.140741 0.734446
0 0.488021 0.375 0.0260417 0.135185 0.736378
0 0.6 0.375 0.03125 0.131481 0.743539
0 0.601042 0.373148 0.03125 0.131481 0.747368
0 0.43125 0.371296 0.0291667 0.142593 0.753143
0 0.601042 0.373148 0.03125 0.131481 0.753609
0 0.600521 0.374074 0.0302083 0.12963 0.762699
0 0.601562 0.373148 0.0322917 0.135185 0.768943
0 0.600521 0.375 0.0302083 0.131481 0.772705
0 0.431771 0.371296 0.028125 0.142593 0.775756
0 0.43125 0.372222 0.0291667 0.144444 0.789427
0 0.600521 0.375 0.0322917 0.131481 0.795314
0 0.601042 0.375 0.03125 0.131481 0.812578
0 0.601042 0.375 0.03125 0.131481 0.827637
0 0.430729 0.369444 0.028125 0.15 0.836586
0 0.601042 0.375 0.03125 0.131481 0.838143
0 0.430729 0.369444 0.028125 0.146296 0.849974
0 0.190625 0.447222 0.0979167 0.45 0.882042
0 0.190625 0.448148 0.0979167 0.444444 0.882817
0 0.190625 0.448148 0.0979167 0.448148 0.89265
0 0.190625 0.450926 0.0979167 0.438889 0.899392
0 0.190625 0.450926 0.0979167 0.435185 0.908522
0 0.190625 0.45 0.0979167 0.437037 0.908638
0 0.190625 0.45 0.0979167 0.440741 0.910524
0 0.190625 0.450926 0.0979167 0.435185 0.910715
0 0.191146 0.451852 0.096875 0.440741 0.913373
0 0.191146 0.451852 0.096875 0.440741 0.915048
