0 0.659896 0.523148 0.0447917 0.268519 0.254411
0 0.472917 0.463889 0.0208333 0.087037 0.256184
0 0.0645833 0.514815 0.0375 0.188889 0.258939
0 0.493229 0.469444 0.021875 0.0981481 0.260113
0 0.298958 0.461111 0.01875 0.0740741 0.260214
0 0.603125 0.502778 0.0375 0.157407 0.264284
0 0.603125 0.497222 0.0375 0.142593 0.267601
0 0.301562 0.462037 0.0177083 0.0759259 0.270269
0 0.0645833 0.514815 0.0375 0.185185 0.272797
0 0.472917 0.463889 0.0208333 0.0907407 0.27337
0 0.144271 0.532407 0.0385417 0.22037 0.273391
28 0.683854 0.594444 0.0239583 0.0703704 0.27407
28 0.683854 0.593518 0.0239583 0.0722222 0.274637
0 0.246354 0.458333 0.0177083 0.0611111 0.275376
28 0.542188 0.605556 0.0739583 0.0703704 0.281919
28 0.135417 0.593518 0.0333333 0.0796296 0.282454
0 0.702083 0.478704 0.01875 0.101852 0.282521
28 0.54375 0.605556 0.075 0.0703704 0.282612
28 0.683333 0.591667 0.025 0.0759259 0.283598
0 0.301042 0.462037 0.01875 0.0759259 0.283995
0 0.603646 0.497222 0.0385417 0.142593 0.28426
28 0.683854 0.594444 0.0239583 0.0703704 0.287001
26 0.135417 0.590741 0.03125 0.0777778 0.287455
0 0.1875 0.505556 0.0270833 0.17037 0.288091
28 0.135937 0.594444 0.0322917 0.0777778 0.290088
0 0.472917 0.463889 0.0208333 0.0907407 0.294272
0 0.602604 0.503704 0.0364583 0.155556 0.295713
28 0.135417 0.593518 0.0333333 0.0796296 0.295866
0 0.494271 0.462963 0.021875 0.0962963 0.296089
0 0.245833 0.458333 0.0145833 0.0611111 0.300109
0 0.301042 0.462037 0.01875 0.0759259 0.30131
26 0.135937 0.590741 0.0322917 0.0777778 0.301448
28 0.683333 0.594444 0.025 0.0666667 0.302056
26 0.135417 0.589815 0.03125 0.0759259 0.304103
28 0.135417 0.593518 0.03125 0.0722222 0.306234
26 0.135937 0.589815 0.0322917 0.0759259 0.308
28 0.135417 0.592593 0.03125 0.0740741 0.314073
28 0.683333 0.596296 0.0270833 0.062963 0.316089
0 0.245833 0.458333 0.0166667 0.0611111 0.31745
28 0.135417 0.593518 0.03125 0.0722222 0.320655
28 0.682813 0.59537 0.0260417 0.0648148 0.323806
0 0.245833 0.457407 0.0166667 0.0592593 0.324544
0 0.603125 0.493519 0.0375 0.142593 0.326726
0 0.245312 0.458333 0.015625 0.0611111 0.32799
0 0.177083 0.523148 0.0416667 0.224074 0.330784
0 0.494271 0.462963 0.021875 0.1 0.331068
0 0.604167 0.497222 0.0354167 0.131481 0.331722
0 0.494271 0.462963 0.021875 0.1 0.33213
0 0.245312 0.458333 0.015625 0.0611111 0.339785
0 0.0848958 0.511111 0.078125 0.185185 0.341374
0 0.190104 0.50463 0.0239583 0.172222 0.343648
0 0.603125 0.494444 0.0375 0.140741 0.345331
0 0.190625 0.50463 0.0229167 0.168519 0.348928
0 0.188021 0.503704 0.0260417 0.17037 0.351174
26 0.135937 0.590741 0.0322917 0.0777778 0.35199
0 0.245312 0.458333 0.015625 0.0611111 0.352029
0 0.480208 0.466667 0.0166667 0.0962963 0.352054
0 0.084375 0.512037 0.075 0.183333 0.358739
0 0.701563 0.477778 0.0177083 0.107407 0.359095
0 0.245833 0.457407 0.0166667 0.0592593 0.359354
0 0.480208 0.465741 0.01875 0.0981481 0.363961
0 0.168229 0.533333 0.0552083 0.248148 0.367111
26 0.135937 0.588889 0.0322917 0.0851852 0.370946
0 0.480208 0.465741 0.01875 0.0981481 0.371253
28 0.683854 0.593518 0.0260417 0.0685185 0.37222
0 0.177083 0.522222 0.04375 0.22963 0.375446
0 0.245833 0.457407 0.0166667 0.0592593 0.37729
0 0.495313 0.464815 0.0239583 0.0962963 0.385337
0 0.160417 0.533333 0.0479167 0.240741 0.395985
0 0.495313 0.465741 0.021875 0.0981481 0.398773
0 0.0838542 0.512963 0.0760417 0.181481 0.399843
0 0.44375 0.458333 0.0166667 0.0796296 0.400059
0 0.495313 0.464815 0.021875 0.1 0.404679
26 0.135937 0.588889 0.0322917 0.0851852 0.407311
0 0.167708 0.534259 0.05625 0.25 0.408892
0 0.44375 0.458333 0.0145833 0.0796296 0.409808
0 0.659375 0.531482 0.05 0.288889 0.413634
0 0.44375 0.457407 0.0166667 0.0777778 0.418648
0 0.182812 0.511111 0.0322917 0.196296 0.421034
0 0.44375 0.458333 0.0166667 0.0796296 0.421489
0 0.44375 0.458333 0.0166667 0.0796296 0.425129
0 0.183333 0.511111 0.03125 0.196296 0.430101
0 0.168229 0.533333 0.0552083 0.244444 0.431891
0 0.443229 0.459259 0.015625 0.0777778 0.436372
0 0.658854 0.531482 0.0489583 0.277778 0.44429
0 0.442708 0.457407 0.0166667 0.0777778 0.448831
0 0.44375 0.458333 0.0166667 0.0796296 0.449517
0 0.166667 0.530556 0.0520833 0.238889 0.453705
0 0.492188 0.467593 0.0239583 0.101852 0.484919
0 0.165625 0.535185 0.0520833 0.244444 0.486516
0 0.659375 0.531482 0.05 0.281481 0.499429
0 0.173438 0.524074 0.0489583 0.222222 0.51573
0 0.166146 0.535185 0.0510417 0.244444 0.518361
0 0.604167 0.505556 0.0354167 0.155556 0.53045
0 0.109896 0.518519 0.028125 0.166667 0.53708
0 0.172917 0.524074 0.05 0.222222 0.549105
0 0.109896 0.518519 0.028125 0.166667 0.553701
0 0.604167 0.50463 0.0354167 0.157407 0.559878
0 0.492188 0.466667 0.0239583 0.1 0.563948
0 0.166146 0.535185 0.0510417 0.244444 0.567838
0 0.172396 0.523148 0.0489583 0.224074 0.572799
0 0.167708 0.533333 0.0541667 0.244444 0.572919
0 0.604167 0.50463 0.0354167 0.157407 0.578129
0 0.160417 0.533333 0.0479167 0.251852 0.582655
0 0.109375 0.515741 0.0270833 0.172222 0.600595
0 0.168229 0.533333 0.053125 0.244444 0.60119
0 0.109375 0.514815 0.0270833 0.17037 0.6075
0 0.166146 0.530556 0.053125 0.25 0.609579
0 0.659896 0.537037 0.0447917 0.274074 0.613255
0 0.109375 0.515741 0.0291667 0.164815 0.621732
0 0.603646 0.499074 0.0364583 0.15 0.622385
0 0.109375 0.517593 0.0291667 0.168519 0.625437
0 0.493229 0.466667 0.021875 0.1 0.633248
0 0.603646 0.499074 0.0364583 0.15 0.633504
0 0.167708 0.533333 0.0541667 0.248148 0.639315
0 0.109375 0.515741 0.0291667 0.164815 0.642121
0 0.493229 0.466667 0.021875 0.103704 0.649179
0 0.493229 0.466667 0.021875 0.103704 0.656689
0 0.659375 0.52963 0.0479167 0.277778 0.657366
0 0.660417 0.536111 0.0458333 0.275926 0.658058
0 0.109896 0.517593 0.0302083 0.168519 0.665148
0 0.660417 0.531482 0.0458333 0.277778 0.668928
0 0.659896 0.530556 0.046875 0.27963 0.674672
0 0.659375 0.52963 0.0479167 0.281481 0.677356
0 0.109375 0.515741 0.0291667 0.164815 0.683173
0 0.661458 0.531482 0.04375 0.274074 0.6941
0 0.49375 0.465741 0.0229167 0.101852 0.699874
0 0.659375 0.536111 0.0458333 0.272222 0.701036
0 0.603646 0.502778 0.0364583 0.15 0.708885
0 0.660417 0.532407 0.0458333 0.275926 0.710979
0 0.109896 0.517593 0.028125 0.164815 0.728788
0 0.603125 0.503704 0.0354167 0.151852 0.734514
0 0.603646 0.501852 0.0364583 0.151852 0.734911
0 0.109896 0.517593 0.0302083 0.168519 0.734949
0 0.109375 0.518519 0.0270833 0.166667 0.739036
0 0.603646 0.501852 0.0364583 0.155556 0.744987
0 0.660417 0.531482 0.0458333 0.277778 0.755585
0 0.603125 0.501852 0.0354167 0.159259 0.756307
0 0.603646 0.503704 0.0364583 0.151852 0.759136
0 0.603646 0.502778 0.0364583 0.15 0.759733
0 0.661979 0.533333 0.0427083 0.274074 0.774429
0 0.0640625 0.510185 0.0385417 0.183333 0.77558
0 0.0640625 0.511111 0.0385417 0.185185 0.77682
0 0.603646 0.503704 0.0364583 0.151852 0.790056
0 0.0640625 0.511111 0.0385417 0.181481 0.802663
0 0.0635417 0.510185 0.0375 0.183333 0.80349
0 0.0640625 0.511111 0.0385417 0.185185 0.804961
0 0.0635417 0.509259 0.0375 0.181481 0.811645
0 0.0640625 0.510185 0.0385417 0.183333 0.819986
0 0.0630208 0.510185 0.0385417 0.187037 0.823074
0 0.0630208 0.510185 0.0385417 0.187037 0.826175
0 0.0640625 0.512037 0.0385417 0.183333 0.829422
