0 0.264583 0.394444 0.0229167 0.0666667 0.250646
0 0.290625 0.4 0.0166667 0.0703704 0.256093
13 0.209375 0.466667 0.0604167 0.0888889 0.256442
0 0.653646 0.425926 0.0260417 0.118519 0.258083
13 0.0463542 0.65463 0.0927083 0.642593 0.258663
13 0.046875 0.658333 0.0916667 0.657407 0.259355
13 0.0505208 0.644444 0.101042 0.611111 0.260249
0 0.374479 0.417593 0.0322917 0.112963 0.264903
0 0.397917 0.416667 0.01875 0.103704 0.268111
13 0.278125 0.480556 0.0895833 0.0685185 0.268831
0 0.397917 0.415741 0.01875 0.101852 0.269327
0 0.288021 0.396296 0.0177083 0.0703704 0.2725
13 0.05 0.641667 0.1 0.601852 0.273324
0 0.653646 0.428704 0.021875 0.116667 0.276777
13 0.278646 0.480556 0.090625 0.0685185 0.28163
0 0.398958 0.407407 0.01875 0.0888889 0.282708
0 0.945312 0.587037 0.109375 0.496296 0.284128
0 0.257812 0.394444 0.0239583 0.0666667 0.284764
13 0.438021 0.640741 0.134375 0.122222 0.286089
0 0.196875 0.391667 0.0208333 0.0722222 0.286489
0 0.257292 0.394444 0.0229167 0.0666667 0.28737
0 0.653125 0.427778 0.0208333 0.114815 0.288516
0 0.317708 0.386111 0.0125 0.0796296 0.289662
13 0.354688 0.583333 0.157292 0.0925926 0.289828
13 0.277083 0.475 0.0854167 0.0759259 0.29276
0 0.192708 0.389815 0.01875 0.0759259 0.299093
0 0.653125 0.425 0.025 0.116667 0.303264
13 0.353125 0.580556 0.15625 0.0981481 0.305527
0 0.653125 0.427778 0.0208333 0.114815 0.30594
0 0.257812 0.394444 0.0239583 0.0666667 0.306546
0 0.317708 0.386111 0.0125 0.0796296 0.307179
13 0.278125 0.484259 0.0916667 0.0944444 0.30794
13 0.354167 0.578704 0.158333 0.0944444 0.308414
13 0.278125 0.475 0.0854167 0.0759259 0.311666
0 0.653646 0.425 0.0239583 0.116667 0.313315
0 0.653646 0.425926 0.0239583 0.114815 0.313892
13 0.354688 0.583333 0.159375 0.0925926 0.314499
13 0.353646 0.577778 0.159375 0.0962963 0.314667
0 0.653125 0.425926 0.025 0.118519 0.316802
0 0.202604 0.392593 0.0197917 0.0703704 0.317478
0 0.398958 0.402778 0.01875 0.0759259 0.317559
13 0.211458 0.469444 0.0666667 0.0907407 0.318439
0 0.944792 0.585185 0.110417 0.5 0.32359
13 0.210938 0.469444 0.0635417 0.087037 0.328453
0 0.192708 0.389815 0.0145833 0.0722222 0.330322
13 0.209375 0.468519 0.0625 0.0925926 0.331836
13 0.278646 0.475926 0.0885417 0.0851852 0.332273
0 0.317187 0.388889 0.0114583 0.0740741 0.332418
0 0.94375 0.592593 0.1125 0.511111 0.334079
13 0.209375 0.468519 0.0625 0.0925926 0.336045
0 0.316667 0.388889 0.0125 0.0740741 0.338298
0 0.192708 0.389815 0.0145833 0.0722222 0.338428
0 0.396354 0.414815 0.021875 0.1 0.342868
0 0.193229 0.389815 0.0177083 0.0759259 0.343065
0 0.398958 0.403704 0.01875 0.0777778 0.344043
13 0.209896 0.468519 0.0614583 0.0925926 0.347232
13 0.354688 0.581481 0.153125 0.0962963 0.347618
0 0.290625 0.4 0.0145833 0.0666667 0.349522
0 0.398438 0.402778 0.0177083 0.0759259 0.351501
13 0.280208 0.474074 0.0916667 0.0777778 0.353437
13 0.277083 0.475926 0.0875 0.0777778 0.358572
0 0.193229 0.388889 0.0177083 0.0740741 0.360816
0 0.944271 0.593518 0.111458 0.516667 0.361171
0 0.653646 0.425 0.0239583 0.109259 0.363001
13 0.352604 0.578704 0.155208 0.0944444 0.366745
13 0.353125 0.578704 0.15625 0.0944444 0.369829
0 0.290625 0.400926 0.0145833 0.0685185 0.372852
0 0.204167 0.389815 0.0145833 0.0685185 0.373975
13 0.280208 0.475 0.0916667 0.0759259 0.374786
0 0.204167 0.389815 0.0145833 0.0722222 0.37594
13 0.277083 0.475926 0.0875 0.0777778 0.376565
13 0.35 0.575926 0.15625 0.0962963 0.378571
0 0.653125 0.425926 0.0229167 0.114815 0.396704
13 0.209896 0.468519 0.0614583 0.0888889 0.398496
0 0.204688 0.391667 0.015625 0.0722222 0.405214
0 0.395833 0.415741 0.0229167 0.105556 0.406478
0 0.653125 0.425926 0.0229167 0.114815 0.408229
13 0.210417 0.467593 0.0625 0.0907407 0.410008
0 0.397396 0.412963 0.0197917 0.1 0.410432
0 0.653125 0.426852 0.0229167 0.112963 0.414996
0 0.446354 0.441667 0.034375 0.157407 0.418714
0 0.204688 0.390741 0.015625 0.0703704 0.421635
0 0.395833 0.415741 0.0229167 0.105556 0.422865
0 0.944792 0.593518 0.110417 0.47963 0.425918
0 0.395312 0.415741 0.0239583 0.105556 0.430853
0 0.446354 0.438889 0.034375 0.159259 0.440799
0 0.397396 0.413889 0.0197917 0.101852 0.445761
13 0.353646 0.577778 0.155208 0.0925926 0.445782
0 0.386458 0.415741 0.0291667 0.109259 0.448002
0 0.446354 0.438889 0.034375 0.159259 0.45204
0 0.445833 0.441667 0.0333333 0.157407 0.455437
0 0.397396 0.413889 0.0197917 0.101852 0.458322
0 0.385938 0.417593 0.0260417 0.109259 0.46443
0 0.382812 0.415741 0.021875 0.109259 0.466598
0 0.653646 0.426852 0.0239583 0.116667 0.495502
0 0.653646 0.426852 0.021875 0.116667 0.509212
0 0.382292 0.415741 0.0208333 0.112963 0.5293
0 0.382292 0.415741 0.0208333 0.112963 0.533501
0 0.382292 0.414815 0.0229167 0.107407 0.5614
0 0.382812 0.414815 0.021875 0.111111 0.606321
0 0.382812 0.413889 0.021875 0.109259 0.608044
0 0.942187 0.599074 0.115625 0.487037 0.731791
0 0.444792 0.439815 0.0333333 0.164815 0.739119
0 0.445833 0.439815 0.0333333 0.168519 0.740613
0 0.444792 0.440741 0.0333333 0.162963 0.747261
0 0.942187 0.598148 0.115625 0.488889 0.749204
0 0.944792 0.594444 0.110417 0.492593 0.753952
0 0.445833 0.439815 0.0333333 0.164815 0.756976
0 0.444792 0.439815 0.0333333 0.164815 0.757072
0 0.944271 0.594444 0.111458 0.492593 0.761087
0 0.445312 0.442593 0.034375 0.159259 0.766991
0 0.444792 0.443519 0.0333333 0.161111 0.773224
0 0.445833 0.439815 0.0333333 0.168519 0.78114
0 0.445312 0.439815 0.034375 0.164815 0.79111
0 0.445833 0.439815 0.0333333 0.168519 0.810721
0 0.445833 0.439815 0.0333333 0.164815 0.812425
0 0.942187 0.596296 0.115625 0.485185 0.816287
0 0.942708 0.584259 0.114583 0.501852 0.863221
0 0.942708 0.584259 0.114583 0.512963 0.86575
0 0.941667 0.596296 0.116667 0.488889 0.873274
0 0.942187 0.596296 0.115625 0.488889 0.886144
0 0.942187 0.596296 0.115625 0.485185 0.890322
