0 0.00625 0.306481 0.0125 0.087037 0.251408
0 0.617708 0.337963 0.03125 0.135185 0.253898
0 0.567708 0.327778 0.025 0.148148 0.256414
0 0.334896 0.299074 0.021875 0.0648148 0.256444
0 0.201042 0.300926 0.0479167 0.142593 0.257922
0 0.334896 0.299074 0.021875 0.0648148 0.261201
0 0.335938 0.3 0.0197917 0.0666667 0.262308
0 0.401563 0.346296 0.046875 0.203704 0.263228
0 0.310937 0.307407 0.021875 0.0777778 0.264354
0 0.335417 0.3 0.01875 0.0666667 0.266664
0 0.201042 0.300926 0.0479167 0.142593 0.269722
0 0.310417 0.306481 0.0208333 0.0759259 0.270264
0 0.402083 0.346296 0.0479167 0.207407 0.272382
0 0.302604 0.305556 0.0447917 0.0777778 0.272818
0 0.334896 0.298148 0.021875 0.062963 0.275194
0 0.335938 0.300926 0.0197917 0.0648148 0.276903
0 0.340625 0.3 0.0208333 0.062963 0.278674
0 0.567708 0.327778 0.025 0.148148 0.280958
0 0.497396 0.325 0.0239583 0.12037 0.284177
0 0.340625 0.3 0.0208333 0.062963 0.285115
0 0.310417 0.306481 0.0208333 0.0759259 0.285403
0 0.311979 0.310185 0.0260417 0.0944444 0.28659
0 0.460417 0.330556 0.025 0.131481 0.29075
0 0.318229 0.301852 0.0239583 0.0740741 0.292428
0 0.0453125 0.368519 0.0760417 0.240741 0.294394
0 0.0510417 0.364815 0.0708333 0.248148 0.29799
0 0.340625 0.299074 0.0208333 0.0611111 0.299368
0 0.341667 0.299074 0.0208333 0.0611111 0.299677
0 0.317708 0.301852 0.025 0.0740741 0.300023
0 0.461979 0.327778 0.0260417 0.125926 0.30232
0 0.291146 0.306481 0.028125 0.0796296 0.302791
0 0.570833 0.327778 0.0291667 0.133333 0.302806
0 0.341667 0.299074 0.0208333 0.0611111 0.303039
0 0.311979 0.306481 0.0239583 0.0759259 0.305846
0 0.292708 0.306481 0.0291667 0.0759259 0.306558
0 0.203646 0.3 0.0489583 0.140741 0.308818
0 0.311458 0.306481 0.0229167 0.0759259 0.309858
0 0.621875 0.333333 0.0291667 0.122222 0.309913
0 0.203646 0.301852 0.0489583 0.140741 0.311291
0 0.311458 0.306481 0.0229167 0.0759259 0.312022
0 0.318229 0.302778 0.0239583 0.0722222 0.313333
0 0.0453125 0.368519 0.0739583 0.240741 0.315125
0 0.290104 0.307407 0.028125 0.0740741 0.315283
0 0.341667 0.298148 0.0208333 0.0592593 0.320333
0 0.203646 0.303704 0.0447917 0.140741 0.32069
0 0.0458333 0.368519 0.0729167 0.240741 0.32391
0 0.313542 0.30463 0.0270833 0.0796296 0.324823
0 0.290104 0.307407 0.028125 0.0740741 0.330613
0 0.290104 0.308333 0.028125 0.0722222 0.334062
0 0.314063 0.30463 0.028125 0.0796296 0.337335
0 0.458333 0.327778 0.025 0.125926 0.337632
0 0.313542 0.303704 0.0270833 0.0777778 0.338666
0 0.203646 0.302778 0.0427083 0.138889 0.339834
0 0.496875 0.331481 0.0270833 0.140741 0.343542
0 0.571354 0.328704 0.0302083 0.138889 0.347417
0 0.461979 0.327778 0.0260417 0.125926 0.360487
0 0.205208 0.303704 0.04375 0.133333 0.360744
0 0.621354 0.334259 0.028125 0.127778 0.361637
0 0.291146 0.307407 0.0260417 0.0777778 0.364323
0 0.620833 0.334259 0.0291667 0.127778 0.369358
0 0.461979 0.327778 0.0260417 0.125926 0.36958
0 0.496354 0.330556 0.0260417 0.135185 0.380186
0 0.460417 0.321296 0.0208333 0.109259 0.381712
0 0.291146 0.307407 0.0260417 0.0777778 0.387111
0 0.497396 0.332407 0.0260417 0.135185 0.3883
0 0.291146 0.306481 0.0260417 0.0759259 0.391131
0 0.572396 0.32963 0.028125 0.133333 0.392119
0 0.0541667 0.361111 0.0625 0.251852 0.394483
0 0.05 0.371296 0.06875 0.235185 0.396056
0 0.0510417 0.361111 0.06875 0.255556 0.39662
0 0.497396 0.327778 0.0239583 0.137037 0.403921
0 0.00625 0.312037 0.0125 0.0907407 0.404798
0 0.497396 0.327778 0.0239583 0.137037 0.407095
0 0.646875 0.318519 0.0208333 0.0888889 0.407121
0 0.460417 0.322222 0.0208333 0.111111 0.408124
0 0.459896 0.325 0.021875 0.127778 0.415182
0 0.00625 0.311111 0.0125 0.0888889 0.4205
0 0.460417 0.322222 0.0208333 0.111111 0.428835
0 0.497396 0.332407 0.0260417 0.138889 0.435723
0 0.0515625 0.362963 0.0677083 0.251852 0.437382
0 0.402604 0.347222 0.0489583 0.201852 0.438607
0 0.648958 0.313889 0.0208333 0.087037 0.438925
0 0.291667 0.305556 0.0270833 0.0740741 0.439095
0 0.0552083 0.365741 0.0604167 0.242593 0.444514
0 0.291146 0.305556 0.0260417 0.0777778 0.44823
0 0.402604 0.349074 0.046875 0.209259 0.455511
0 0.20625 0.302778 0.04375 0.138889 0.457919
0 0.646875 0.317593 0.0208333 0.0907407 0.462669
0 0.402604 0.348148 0.046875 0.207407 0.465238
0 0.496875 0.331481 0.025 0.137037 0.466247
0 0.0546875 0.363889 0.0572917 0.238889 0.466339
0 0.20625 0.302778 0.04375 0.138889 0.466761
0 0.648958 0.313889 0.0208333 0.087037 0.467786
0 0.291667 0.306481 0.025 0.0796296 0.468577
0 0.646875 0.318519 0.0208333 0.0888889 0.469644
0 0.20625 0.302778 0.04375 0.138889 0.47223
0 0.291667 0.305556 0.025 0.0777778 0.473103
0 0.648958 0.313889 0.0208333 0.087037 0.47407
0 0.402604 0.346296 0.046875 0.203704 0.474628
0 0.05 0.371296 0.0729167 0.242593 0.474926
0 0.496875 0.330556 0.025 0.135185 0.475296
0 0.402604 0.348148 0.046875 0.207407 0.478599
0 0.291146 0.305556 0.0260417 0.0777778 0.479058
0 0.460417 0.32963 0.0229167 0.125926 0.480849
0 0.646875 0.314815 0.0208333 0.0925926 0.482844
0 0.402604 0.346296 0.046875 0.207407 0.489341
0 0.0546875 0.362037 0.059375 0.253704 0.489627
0 0.646875 0.314815 0.0208333 0.0962963 0.504792
0 0.646875 0.313889 0.0208333 0.0944444 0.506331
0 0.20625 0.303704 0.0416667 0.133333 0.50725
0 0.459896 0.326852 0.021875 0.127778 0.513814
0 0.646875 0.315741 0.0208333 0.0981481 0.51752
0 0.0546875 0.362037 0.059375 0.253704 0.525576
0 0.401563 0.347222 0.046875 0.209259 0.531283
0 0.459896 0.326852 0.021875 0.127778 0.531418
0 0.0515625 0.363889 0.0635417 0.25 0.531543
0 0.570833 0.328704 0.0291667 0.142593 0.534574
0 0.401563 0.346296 0.046875 0.207407 0.544615
0 0.570833 0.32963 0.0291667 0.140741 0.544671
0 0.0520833 0.363889 0.0645833 0.25 0.551882
0 0.647396 0.315741 0.021875 0.0981481 0.552836
0 0.571875 0.328704 0.0291667 0.138889 0.555221
0 0.572396 0.328704 0.028125 0.138889 0.556548
0 0.61875 0.341667 0.0291667 0.135185 0.558958
0 0.460417 0.331481 0.0229167 0.12963 0.565168
0 0.942708 0.563889 0.114583 0.735185 0.572173
0 0.0520833 0.363889 0.0645833 0.25 0.575514
0 0.401563 0.347222 0.0489583 0.201852 0.582239
0 0.402083 0.347222 0.05 0.201852 0.584128
0 0.0546875 0.362037 0.059375 0.253704 0.604611
0 0.206771 0.30463 0.0427083 0.135185 0.609387
0 0.206771 0.303704 0.0427083 0.137037 0.617394
0 0.205208 0.303704 0.04375 0.137037 0.639255
0 0.621354 0.340741 0.0322917 0.144444 0.639879
0 0.204688 0.303704 0.0447917 0.137037 0.642538
0 0.496354 0.330556 0.0239583 0.135185 0.651399
0 0.496354 0.331481 0.0239583 0.12963 0.652805
0 0.570833 0.330556 0.0291667 0.142593 0.654545
0 0.497396 0.332407 0.0239583 0.138889 0.656494
0 0.0546875 0.364815 0.0572917 0.248148 0.661641
0 0.621354 0.338889 0.0322917 0.144444 0.663975
0 0.570833 0.330556 0.0291667 0.142593 0.665144
0 0.619792 0.339815 0.03125 0.131481 0.669213
0 0.496875 0.331481 0.0229167 0.12963 0.67017
0 0.401563 0.347222 0.046875 0.205556 0.675421
0 0.570312 0.327778 0.0302083 0.144444 0.676035
0 0.496875 0.331481 0.025 0.133333 0.681788
0 0.205208 0.301852 0.0458333 0.140741 0.682813
0 0.570833 0.32963 0.0291667 0.144444 0.684485
0 0.570833 0.328704 0.0291667 0.146296 0.687057
0 0.620313 0.339815 0.0322917 0.142593 0.688161
0 0.401563 0.346296 0.046875 0.207407 0.689757
0 0.205208 0.301852 0.04375 0.140741 0.693456
0 0.939583 0.576852 0.1125 0.742593 0.695761
0 0.204688 0.301852 0.0447917 0.140741 0.697719
0 0.0541667 0.363889 0.0604167 0.25 0.698718
0 0.205208 0.301852 0.0458333 0.140741 0.705776
0 0.619271 0.341667 0.028125 0.138889 0.706998
0 0.0546875 0.362963 0.059375 0.251852 0.707548
0 0.619271 0.340741 0.0302083 0.137037 0.707802
0 0.205208 0.301852 0.04375 0.140741 0.708989
0 0.0536458 0.363889 0.059375 0.25 0.714867
0 0.496875 0.331481 0.0229167 0.12963 0.716662
0 0.0536458 0.362037 0.0614583 0.253704 0.717668
0 0.0557292 0.364815 0.059375 0.255556 0.719827
0 0.570833 0.327778 0.0291667 0.144444 0.721516
0 0.205208 0.301852 0.04375 0.140741 0.721903
0 0.570833 0.328704 0.0291667 0.146296 0.723159
0 0.496875 0.331481 0.0229167 0.12963 0.727247
0 0.496875 0.332407 0.0229167 0.127778 0.73371
0 0.571354 0.327778 0.0302083 0.144444 0.734093
0 0.619792 0.338889 0.03125 0.137037 0.735619
0 0.570833 0.328704 0.0291667 0.146296 0.736192
0 0.496875 0.332407 0.0229167 0.127778 0.737553
0 0.0520833 0.362963 0.0625 0.251852 0.738371
0 0.570833 0.327778 0.0291667 0.144444 0.740895
0 0.619271 0.338889 0.0302083 0.137037 0.749012
0 0.619792 0.338889 0.03125 0.137037 0.7503
0 0.571354 0.328704 0.0302083 0.142593 0.751386
0 0.619271 0.338889 0.0302083 0.137037 0.761138
0 0.619792 0.339815 0.03125 0.135185 0.762376
0 0.402083 0.34537 0.0458333 0.201852 0.76397
0 0.619792 0.339815 0.03125 0.135185 0.768647
0 0.619271 0.339815 0.0302083 0.138889 0.776602
0 0.401563 0.34537 0.046875 0.201852 0.78206
0 0.401563 0.34537 0.046875 0.201852 0.784667
0 0.402083 0.34537 0.0458333 0.201852 0.793507
0 0.401563 0.34537 0.046875 0.205556 0.794673
0 0.619271 0.338889 0.0302083 0.137037 0.795917
0 0.401563 0.34537 0.046875 0.205556 0.810536
0 0.941667 0.571296 0.114583 0.742593 0.857004
0 0.941667 0.572222 0.1125 0.744444 0.872538
0 0.941146 0.575 0.113542 0.746296 0.887513
0 0.941146 0.575 0.113542 0.746296 0.88897
0 0.941667 0.571296 0.114583 0.731481 0.904831
0 0.941146 0.571296 0.113542 0.731481 0.907838
0 0.941146 0.57963 0.117708 0.744444 0.919636
