0 0.321875 0.343519 0.0166667 0.0685185 0.251972
0 0.215625 0.362963 0.0333333 0.103704 0.254216
0 0.433854 0.374074 0.0260417 0.140741 0.254952
0 0.678125 0.398148 0.0479167 0.251852 0.260605
0 0.341146 0.365741 0.0239583 0.101852 0.260876
0 0.678125 0.398148 0.0479167 0.251852 0.264607
0 0.678125 0.398148 0.0458333 0.251852 0.266072
0 0.215625 0.362037 0.0333333 0.105556 0.268107
0 0.483854 0.37963 0.0302083 0.122222 0.270442
0 0.370313 0.342593 0.0177083 0.0777778 0.277318
0 0.483854 0.37963 0.0302083 0.122222 0.277479
0 0.370313 0.342593 0.0177083 0.0814815 0.280776
0 0.605208 0.374074 0.0291667 0.118519 0.286792
0 0.584896 0.35 0.0177083 0.0703704 0.290314
0 0.492188 0.382407 0.0260417 0.131481 0.291716
0 0.676042 0.4 0.05 0.244444 0.292891
0 0.376042 0.341667 0.0166667 0.0796296 0.294104
0 0.215104 0.362963 0.0322917 0.103704 0.296278
0 0.321875 0.343519 0.0145833 0.0648148 0.30227
0 0.517708 0.349074 0.0166667 0.0722222 0.303797
0 0.370313 0.342593 0.0177083 0.0777778 0.311021
0 0.653125 0.387037 0.03125 0.225926 0.312198
0 0.491667 0.37963 0.03125 0.137037 0.312894
0 0.584896 0.352778 0.015625 0.0722222 0.313335
0 0.375521 0.341667 0.015625 0.0796296 0.319032
0 0.585417 0.351852 0.0166667 0.0740741 0.31906
0 0.647396 0.348148 0.0239583 0.125926 0.319625
0 0.339063 0.364815 0.021875 0.103704 0.323305
0 0.214062 0.363889 0.0322917 0.112963 0.329557
0 0.373437 0.34537 0.0177083 0.0833333 0.330825
0 0.605729 0.374074 0.028125 0.125926 0.331956
0 0.663021 0.399074 0.0385417 0.238889 0.333106
0 0.653125 0.385185 0.03125 0.214815 0.333117
0 0.605208 0.374074 0.0270833 0.122222 0.333216
0 0.321875 0.343519 0.0145833 0.0648148 0.333853
0 0.339063 0.364815 0.021875 0.107407 0.335286
0 0.492188 0.382407 0.0260417 0.127778 0.335506
0 0.213542 0.363889 0.03125 0.112963 0.337307
0 0.492188 0.382407 0.0260417 0.131481 0.337312
0 0.216667 0.363889 0.0333333 0.109259 0.338753
0 0.372917 0.344444 0.0166667 0.0814815 0.340201
0 0.372917 0.344444 0.01875 0.0814815 0.344115
0 0.585938 0.352778 0.015625 0.0722222 0.344277
0 0.213542 0.363889 0.03125 0.112963 0.348026
0 0.375521 0.341667 0.015625 0.0796296 0.352141
0 0.652604 0.385185 0.0302083 0.218519 0.354358
0 0.339063 0.365741 0.021875 0.105556 0.356685
0 0.51875 0.347222 0.0166667 0.0685185 0.358304
0 0.491667 0.380556 0.03125 0.135185 0.363212
0 0.519792 0.347222 0.0145833 0.0685185 0.364511
0 0.217187 0.363889 0.034375 0.109259 0.371447
0 0.216667 0.362963 0.0333333 0.111111 0.372342
0 0.491667 0.37963 0.0291667 0.12963 0.377705
0 0.585938 0.352778 0.015625 0.0722222 0.378033
0 0.372917 0.34537 0.0166667 0.0833333 0.380488
0 0.492188 0.378704 0.0302083 0.138889 0.390654
0 0.670833 0.4 0.05 0.244444 0.395629
0 0.519271 0.347222 0.0135417 0.0685185 0.396518
0 0.519792 0.347222 0.0145833 0.0685185 0.39925
0 0.519271 0.347222 0.0135417 0.0685185 0.413691
0 0.375521 0.347222 0.0135417 0.0759259 0.425152
0 0.602604 0.376852 0.0302083 0.127778 0.429002
0 0.491667 0.37963 0.0291667 0.12963 0.430695
0 0.492188 0.37963 0.028125 0.133333 0.435081
0 0.492188 0.377778 0.0302083 0.137037 0.435279
0 0.375 0.343519 0.0166667 0.0796296 0.441867
0 0.492708 0.37963 0.0270833 0.12963 0.442256
0 0.492188 0.37963 0.028125 0.137037 0.454562
0 0.492188 0.37963 0.028125 0.12963 0.457776
0 0.375521 0.347222 0.0135417 0.0759259 0.459957
0 0.339063 0.368519 0.0197917 0.1 0.47292
0 0.215104 0.362037 0.034375 0.112963 0.476083
0 0.215104 0.362963 0.034375 0.111111 0.482573
0 0.215104 0.362037 0.034375 0.112963 0.484132
0 0.6625 0.399074 0.0416667 0.25 0.490413
0 0.672917 0.4 0.0583333 0.251852 0.491389
0 0.215625 0.362963 0.0354167 0.111111 0.495237
0 0.603646 0.381481 0.028125 0.125926 0.497225
0 0.603125 0.380556 0.0291667 0.127778 0.498625
0 0.339583 0.368519 0.0208333 0.103704 0.499618
0 0.603646 0.380556 0.028125 0.127778 0.500876
0 0.216146 0.362963 0.034375 0.111111 0.502014
0 0.339583 0.368519 0.0208333 0.103704 0.503682
0 0.433854 0.373148 0.028125 0.142593 0.504953
0 0.433854 0.373148 0.028125 0.142593 0.507627
0 0.671354 0.398148 0.059375 0.259259 0.51313
0 0.215625 0.362963 0.0354167 0.111111 0.515768
0 0.602604 0.376852 0.0302083 0.127778 0.538162
0 0.215625 0.362963 0.0354167 0.114815 0.538637
0 0.215104 0.362963 0.034375 0.114815 0.53977
0 0.215625 0.364815 0.0354167 0.118519 0.545488
0 0.672917 0.4 0.0583333 0.251852 0.566082
0 0.602604 0.376852 0.0302083 0.127778 0.571264
0 0.670833 0.399074 0.0583333 0.25 0.595365
0 0.492708 0.380556 0.0270833 0.131481 0.596459
0 0.492708 0.380556 0.0270833 0.131481 0.60152
0 0.672396 0.400926 0.0572917 0.253704 0.602981
0 0.671354 0.4 0.059375 0.251852 0.613408
0 0.604167 0.376852 0.0291667 0.127778 0.621638
0 0.672396 0.399074 0.0572917 0.253704 0.621741
0 0.669271 0.4 0.0552083 0.248148 0.62902
0 0.669271 0.399074 0.0552083 0.25 0.634835
0 0.603646 0.377778 0.0302083 0.12963 0.634864
0 0.672917 0.400926 0.0583333 0.253704 0.637067
0 0.669271 0.399074 0.0552083 0.25 0.639908
0 0.671354 0.4 0.059375 0.251852 0.641221
0 0.340104 0.365741 0.0197917 0.101852 0.659238
0 0.604167 0.377778 0.0291667 0.12963 0.660868
0 0.340104 0.366667 0.0197917 0.103704 0.661431
0 0.183333 0.486111 0.13125 0.457407 0.673596
0 0.339583 0.365741 0.0208333 0.105556 0.688157
0 0.604167 0.377778 0.0291667 0.12963 0.689677
0 0.604167 0.377778 0.0291667 0.125926 0.692537
0 0.676042 0.4 0.0520833 0.259259 0.693624
0 0.433854 0.375926 0.028125 0.144444 0.697322
0 0.339583 0.365741 0.0208333 0.105556 0.699381
0 0.605208 0.376852 0.0291667 0.127778 0.711107
0 0.183333 0.486111 0.133333 0.468519 0.717313
0 0.183333 0.486111 0.13125 0.468519 0.724937
0 0.433854 0.375926 0.028125 0.144444 0.725323
0 0.434375 0.378704 0.0270833 0.153704 0.728275
0 0.183854 0.481481 0.128125 0.462963 0.732839
0 0.183854 0.481481 0.128125 0.455556 0.739627
0 0.183854 0.481481 0.130208 0.459259 0.750594
0 0.604688 0.377778 0.028125 0.12963 0.751722
0 0.434375 0.378704 0.0270833 0.153704 0.753238
0 0.434375 0.376852 0.0270833 0.15 0.754051
0 0.340104 0.368519 0.0197917 0.1 0.758728
0 0.433854 0.376852 0.028125 0.146296 0.760306
0 0.339583 0.365741 0.01875 0.101852 0.767102
0 0.434375 0.378704 0.0270833 0.153704 0.782778
0 0.604688 0.380556 0.028125 0.131481 0.782785
0 0.604688 0.377778 0.028125 0.12963 0.78722
0 0.604688 0.377778 0.028125 0.12963 0.790757
0 0.339583 0.364815 0.01875 0.103704 0.795941
0 0.339583 0.365741 0.01875 0.101852 0.796006
0 0.434375 0.376852 0.0270833 0.153704 0.799753
0 0.670833 0.4 0.0520833 0.259259 0.804823
0 0.183854 0.487037 0.130208 0.448148 0.821236
0 0.434375 0.376852 0.0270833 0.15 0.825124
0 0.434375 0.374074 0.0270833 0.148148 0.838834
0 0.434375 0.374074 0.0270833 0.144444 0.83925
0 0.183854 0.487037 0.130208 0.448148 0.847844
0 0.604688 0.380556 0.028125 0.131481 0.849151
0 0.604688 0.380556 0.028125 0.131481 0.854732
0 0.183333 0.484259 0.13125 0.461111 0.858358
0 0.183333 0.484259 0.13125 0.461111 0.871164
0 0.183333 0.484259 0.13125 0.461111 0.873428
0 0.183333 0.486111 0.129167 0.45 0.890553
0 0.433854 0.374074 0.0260417 0.151852 0.891985
0 0.183333 0.485185 0.129167 0.451852 0.898955
0 0.434375 0.374074 0.0270833 0.148148 0.899322
0 0.183333 0.485185 0.129167 0.451852 0.901137
0 0.183854 0.485185 0.130208 0.448148 0.903832
