0 0.214062 0.360185 0.0322917 0.105556 0.251123
0 0.323438 0.339815 0.0177083 0.0648148 0.254216
0 0.522396 0.341667 0.015625 0.0648148 0.259502
0 0.374479 0.335185 0.0197917 0.0777778 0.259798
26 0.691667 0.363889 0.0291667 0.0981481 0.261408
0 0.323438 0.341667 0.0177083 0.0685185 0.262412
0 0.375 0.336111 0.0208333 0.0796296 0.263001
0 0.210938 0.400926 0.034375 0.198148 0.270238
0 0.354688 0.353704 0.046875 0.103704 0.275621
0 0.211458 0.400926 0.0333333 0.198148 0.279432
0 0.213021 0.364815 0.0322917 0.114815 0.282513
0 0.674479 0.393519 0.059375 0.246296 0.284292
0 0.323438 0.340741 0.0177083 0.0666667 0.28476
0 0.213542 0.363889 0.0333333 0.112963 0.286082
0 0.213021 0.405556 0.0385417 0.214815 0.288385
0 0.213542 0.405556 0.0375 0.214815 0.288589
0 0.375 0.336111 0.0208333 0.0796296 0.296297
0 0.361458 0.336111 0.0145833 0.0648148 0.296586
0 0.496354 0.372222 0.028125 0.122222 0.297265
0 0.521875 0.342593 0.0125 0.062963 0.299436
0 0.213542 0.406481 0.0375 0.212963 0.302161
0 0.677083 0.394444 0.0583333 0.259259 0.302909
0 0.496354 0.372222 0.028125 0.122222 0.30309
0 0.213542 0.363889 0.0333333 0.112963 0.314127
0 0.521875 0.341667 0.0125 0.0611111 0.315706
0 0.674479 0.394444 0.065625 0.259259 0.316135
0 0.521875 0.342593 0.0125 0.062963 0.317094
0 0.323438 0.344444 0.0177083 0.0777778 0.318889
0 0.323438 0.344444 0.0177083 0.0814815 0.326281
0 0.521875 0.341667 0.0125 0.0611111 0.340951
0 0.672396 0.392593 0.059375 0.262963 0.34593
0 0.604167 0.372222 0.0270833 0.133333 0.348092
0 0.604167 0.372222 0.0270833 0.133333 0.348606
0 0.377083 0.338889 0.0145833 0.0851852 0.354862
0 0.323438 0.343519 0.0177083 0.0796296 0.35659
0 0.674479 0.394444 0.059375 0.244444 0.360515
0 0.377083 0.336111 0.0166667 0.0796296 0.361018
0 0.494792 0.369444 0.0291667 0.127778 0.37056
0 0.323958 0.344444 0.0166667 0.0777778 0.373298
0 0.4375 0.365741 0.0291667 0.142593 0.376253
0 0.676562 0.39537 0.0572917 0.257407 0.377376
0 0.676562 0.39537 0.0572917 0.257407 0.378756
0 0.4375 0.366667 0.0291667 0.144444 0.379549
0 0.674479 0.39537 0.065625 0.261111 0.382333
0 0.676562 0.39537 0.0572917 0.257407 0.383318
0 0.213021 0.387963 0.034375 0.161111 0.439982
0 0.213021 0.383333 0.034375 0.155556 0.440844
0 0.213542 0.383333 0.0333333 0.151852 0.445354
0 0.377083 0.339815 0.0145833 0.0833333 0.445516
0 0.377604 0.337037 0.015625 0.0851852 0.481638
0 0.494792 0.375926 0.0291667 0.12963 0.483485
0 0.49375 0.373148 0.03125 0.138889 0.485216
0 0.342187 0.359259 0.0177083 0.107407 0.49064
0 0.494271 0.373148 0.0302083 0.138889 0.50107
0 0.60625 0.373148 0.0291667 0.131481 0.505651
0 0.672396 0.39537 0.059375 0.257407 0.505718
0 0.436458 0.374074 0.0291667 0.155556 0.506702
0 0.377083 0.337037 0.0166667 0.0851852 0.507283
0 0.671875 0.39537 0.0583333 0.257407 0.50872
0 0.377083 0.339815 0.0145833 0.0833333 0.509379
0 0.671875 0.39537 0.0583333 0.257407 0.509741
0 0.377083 0.336111 0.0166667 0.0796296 0.511034
0 0.377604 0.337037 0.015625 0.0851852 0.517678
0 0.341667 0.359259 0.01875 0.111111 0.519216
0 0.49375 0.376852 0.0291667 0.135185 0.519794
0 0.606771 0.372222 0.0260417 0.125926 0.525424
0 0.494792 0.369444 0.0291667 0.131481 0.527507
0 0.605729 0.373148 0.028125 0.131481 0.528107
0 0.49375 0.376852 0.0291667 0.135185 0.529804
0 0.494792 0.369444 0.0291667 0.131481 0.53213
0 0.341667 0.359259 0.01875 0.107407 0.536433
0 0.435937 0.374074 0.028125 0.151852 0.539323
0 0.674479 0.396296 0.0614583 0.255556 0.540448
0 0.672917 0.39537 0.0625 0.264815 0.542364
0 0.49375 0.376852 0.0291667 0.135185 0.55226
0 0.494271 0.374074 0.0302083 0.137037 0.560491
0 0.494271 0.374074 0.0302083 0.137037 0.56103
0 0.494271 0.373148 0.0302083 0.138889 0.563668
0 0.605729 0.373148 0.028125 0.131481 0.578251
0 0.436458 0.374074 0.0270833 0.155556 0.586605
0 0.606771 0.372222 0.0260417 0.133333 0.593167
0 0.607292 0.372222 0.025 0.12963 0.597376
0 0.435937 0.366667 0.028125 0.144444 0.599498
0 0.435937 0.366667 0.028125 0.144444 0.61378
0 0.674479 0.396296 0.0614583 0.255556 0.614518
0 0.60625 0.372222 0.0270833 0.12963 0.621092
0 0.494271 0.374074 0.0302083 0.137037 0.621685
0 0.60625 0.373148 0.0270833 0.131481 0.624747
0 0.436458 0.371296 0.0291667 0.146296 0.643898
0 0.436458 0.371296 0.0291667 0.146296 0.649792
0 0.179167 0.490741 0.133333 0.474074 0.662267
0 0.494792 0.376852 0.0291667 0.135185 0.664461
0 0.605729 0.374074 0.028125 0.133333 0.665556
0 0.494792 0.375926 0.0291667 0.137037 0.665588
0 0.673958 0.39537 0.0625 0.253704 0.66998
0 0.60625 0.374074 0.025 0.133333 0.672631
0 0.674479 0.396296 0.0614583 0.255556 0.684606
0 0.342708 0.360185 0.01875 0.105556 0.687485
0 0.674479 0.39537 0.0635417 0.253704 0.689369
0 0.60625 0.373148 0.0270833 0.131481 0.700926
0 0.180729 0.484259 0.130208 0.468519 0.716034
0 0.341667 0.361111 0.01875 0.1 0.719935
0 0.674479 0.39537 0.0635417 0.253704 0.720271
0 0.436458 0.372222 0.0291667 0.148148 0.720989
0 0.180208 0.484259 0.129167 0.461111 0.72126
0 0.180729 0.485185 0.130208 0.462963 0.728855
0 0.436979 0.372222 0.028125 0.148148 0.736006
0 0.180208 0.491667 0.129167 0.457407 0.738081
0 0.60625 0.373148 0.0270833 0.131481 0.748411
0 0.342187 0.362037 0.0177083 0.105556 0.749398
0 0.674479 0.39537 0.0614583 0.257407 0.761989
0 0.341667 0.361111 0.01875 0.103704 0.763156
0 0.341667 0.361111 0.01875 0.103704 0.764378
0 0.341667 0.361111 0.01875 0.107407 0.764601
0 0.179688 0.489815 0.134375 0.483333 0.765577
0 0.180208 0.490741 0.129167 0.455556 0.770934
0 0.179688 0.489815 0.134375 0.47963 0.772824
0 0.674479 0.39537 0.0614583 0.261111 0.77604
0 0.341667 0.362037 0.01875 0.105556 0.77806
0 0.436979 0.37037 0.028125 0.148148 0.778477
0 0.436979 0.371296 0.028125 0.15 0.782861
0 0.436979 0.37037 0.028125 0.144444 0.784608
0 0.179167 0.488889 0.133333 0.466667 0.785848
0 0.342708 0.361111 0.01875 0.103704 0.792332
0 0.60625 0.373148 0.025 0.131481 0.793419
0 0.675 0.394444 0.0604167 0.259259 0.800008
0 0.674479 0.394444 0.0614583 0.262963 0.800632
0 0.436979 0.372222 0.028125 0.148148 0.805706
0 0.606771 0.374074 0.0239583 0.133333 0.805745
0 0.606771 0.374074 0.0239583 0.133333 0.806706
0 0.179688 0.488889 0.134375 0.47037 0.807986
0 0.179688 0.489815 0.134375 0.472222 0.816369
0 0.436458 0.369444 0.0270833 0.153704 0.823225
0 0.436458 0.369444 0.0270833 0.15 0.826871
0 0.180208 0.490741 0.129167 0.459259 0.871907
0 0.179688 0.491667 0.130208 0.457407 0.891874
0 0.179688 0.490741 0.130208 0.466667 0.892324
0 0.179688 0.490741 0.130208 0.466667 0.895198
