24 0.966146 0.400926 0.065625 0.198148 0.255674
0 0.491146 0.364815 0.028125 0.0962963 0.257162
24 0.966146 0.4 0.065625 0.2 0.258801
0 0.915104 0.484259 0.103125 0.624074 0.26385
0 0.514063 0.356481 0.0239583 0.0981481 0.264511
0 0.50625 0.362037 0.0375 0.105556 0.265343
62 0.970833 0.260185 0.0583333 0.157407 0.266133
62 0.970833 0.259259 0.0583333 0.155556 0.269186
0 0.488021 0.358333 0.028125 0.109259 0.274125
0 0.0322917 0.328704 0.01875 0.0907407 0.274926
62 0.970833 0.260185 0.0583333 0.157407 0.27501
0 0.510417 0.362037 0.025 0.105556 0.281366
0 0.513542 0.356481 0.025 0.0981481 0.289429
0 0.491146 0.365741 0.028125 0.0981481 0.29364
0 0.488021 0.359259 0.028125 0.107407 0.295727
0 0.0322917 0.32963 0.01875 0.0925926 0.29599
0 0.488021 0.359259 0.028125 0.107407 0.296472
0 0.0322917 0.32963 0.01875 0.0925926 0.29867
0 0.510417 0.362963 0.025 0.103704 0.298993
0 0.491146 0.365741 0.028125 0.0981481 0.304531
0 0.513542 0.357407 0.025 0.0962963 0.304672
0 0.510417 0.362037 0.025 0.101852 0.309604
0 0.510417 0.363889 0.0270833 0.101852 0.344073
0 0.489583 0.362963 0.03125 0.107407 0.349349
0 0.542188 0.325926 0.015625 0.0666667 0.35131
0 0.540625 0.328704 0.0145833 0.0648148 0.358115
0 0.541146 0.331481 0.015625 0.0703704 0.358842
0 0.541146 0.32963 0.015625 0.0703704 0.359196
0 0.540625 0.330556 0.0166667 0.0722222 0.360962
0 0.490104 0.362037 0.0302083 0.105556 0.371898
0 0.667708 0.344444 0.0270833 0.125926 0.380686
0 0.489062 0.362963 0.0302083 0.103704 0.382198
0 0.542708 0.326852 0.0145833 0.0685185 0.395756
0 0.540625 0.331481 0.0166667 0.0703704 0.404669
0 0.0322917 0.337037 0.01875 0.0888889 0.411704
0 0.489062 0.362963 0.0302083 0.103704 0.417593
0 0.489062 0.362963 0.0302083 0.107407 0.420551
0 0.667188 0.346296 0.028125 0.12963 0.422318
0 0.491146 0.361111 0.028125 0.103704 0.425254
0 0.401042 0.348148 0.0333333 0.137037 0.425926
0 0.911458 0.488889 0.104167 0.622222 0.431391
0 0.448438 0.361111 0.028125 0.133333 0.434807
0 0.401042 0.348148 0.0333333 0.137037 0.436139
0 0.489062 0.362963 0.0302083 0.103704 0.437605
0 0.542188 0.326852 0.015625 0.0648148 0.443039
0 0.540625 0.32963 0.0166667 0.0703704 0.443951
0 0.491146 0.362037 0.028125 0.101852 0.446764
0 0.667188 0.349074 0.028125 0.138889 0.448046
0 0.0322917 0.337037 0.01875 0.0888889 0.448633
0 0.602604 0.349074 0.0302083 0.124074 0.450477
0 0.542188 0.327778 0.015625 0.0703704 0.450631
0 0.490625 0.362037 0.0291667 0.101852 0.452921
0 0.0322917 0.337037 0.01875 0.0888889 0.458093
0 0.449479 0.361111 0.028125 0.133333 0.461536
0 0.882812 0.47037 0.146875 0.574074 0.46705
0 0.667708 0.349074 0.0270833 0.135185 0.48078
0 0.878646 0.471296 0.136458 0.57963 0.485684
0 0.667188 0.349074 0.028125 0.138889 0.488202
0 0.668229 0.349074 0.0260417 0.135185 0.493515
0 0.668229 0.348148 0.0260417 0.133333 0.501468
0 0.0322917 0.332407 0.0166667 0.0944444 0.506923
0 0.0328125 0.333333 0.021875 0.0962963 0.507849
0 0.0322917 0.332407 0.0166667 0.0944444 0.519174
0 0.0322917 0.332407 0.0166667 0.0944444 0.528288
0 0.667708 0.349074 0.0270833 0.138889 0.528572
0 0.542188 0.328704 0.015625 0.0685185 0.528757
0 0.911458 0.489815 0.10625 0.624074 0.530086
0 0.602604 0.35 0.0302083 0.12963 0.53064
0 0.906771 0.483333 0.105208 0.607407 0.535137
0 0.602604 0.35 0.0302083 0.125926 0.542687
0 0.4 0.350926 0.03125 0.142593 0.546468
0 0.906771 0.480556 0.105208 0.62037 0.546958
0 0.667708 0.349074 0.0270833 0.135185 0.554411
0 0.542188 0.327778 0.015625 0.0666667 0.554429
0 0.4 0.350926 0.03125 0.142593 0.557532
0 0.667708 0.349074 0.0270833 0.135185 0.557873
0 0.667188 0.346296 0.028125 0.12963 0.56461
0 0.601562 0.353704 0.0302083 0.125926 0.564852
0 0.059375 0.32963 0.0166667 0.1 0.575934
0 0.667188 0.346296 0.028125 0.12963 0.579302
0 0.667708 0.348148 0.0270833 0.133333 0.587236
0 0.849479 0.452778 0.090625 0.524074 0.595225
0 0.0333333 0.333333 0.01875 0.0925926 0.598246
0 0.668229 0.35 0.0260417 0.133333 0.601111
0 0.45 0.362963 0.0291667 0.137037 0.609182
0 0.059375 0.330556 0.0166667 0.101852 0.610135
0 0.849479 0.452778 0.090625 0.531482 0.612263
0 0.059375 0.330556 0.0166667 0.101852 0.614522
0 0.667708 0.349074 0.0270833 0.135185 0.615974
0 0.45 0.362037 0.0291667 0.138889 0.618599
0 0.447396 0.362037 0.0260417 0.146296 0.63412
0 0.907292 0.481481 0.108333 0.633333 0.636395
0 0.852083 0.450926 0.0958333 0.535185 0.642674
0 0.447917 0.362963 0.0291667 0.144444 0.650875
0 0.602083 0.35463 0.03125 0.124074 0.651088
0 0.447917 0.362037 0.0270833 0.146296 0.651993
0 0.852083 0.450926 0.0958333 0.538889 0.65213
0 0.0322917 0.336111 0.01875 0.0944444 0.654554
0 0.402083 0.35463 0.03125 0.157407 0.658377
0 0.448958 0.362037 0.0291667 0.138889 0.660675
0 0.601562 0.35463 0.0302083 0.124074 0.667554
0 0.449479 0.362037 0.028125 0.138889 0.668404
0 0.449479 0.362037 0.028125 0.138889 0.670642
0 0.402604 0.35463 0.0302083 0.157407 0.673904
0 0.401563 0.353704 0.0302083 0.155556 0.681369
0 0.602083 0.352778 0.03125 0.127778 0.682277
0 0.447917 0.362963 0.0291667 0.144444 0.685394
0 0.402083 0.35463 0.03125 0.15 0.687809
0 0.0322917 0.335185 0.01875 0.0962963 0.694845
0 0.851562 0.451852 0.0885417 0.52963 0.695064
0 0.447917 0.362963 0.0291667 0.144444 0.700478
0 0.602083 0.353704 0.03125 0.12963 0.702237
0 0.0328125 0.335185 0.0197917 0.0962963 0.702335
0 0.0328125 0.333333 0.0177083 0.0962963 0.706279
0 0.602604 0.35463 0.0302083 0.131481 0.70801
0 0.851562 0.453704 0.0885417 0.522222 0.710675
0 0.401563 0.35463 0.0322917 0.15 0.711346
0 0.448438 0.363889 0.028125 0.142593 0.718735
0 0.448438 0.362963 0.028125 0.144444 0.721417
0 0.602604 0.352778 0.0302083 0.127778 0.72333
0 0.602083 0.353704 0.03125 0.12963 0.725083
0 0.401563 0.35463 0.0322917 0.15 0.727642
0 0.906771 0.480556 0.107292 0.635185 0.730308
0 0.059375 0.32963 0.0166667 0.1 0.731032
0 0.059375 0.32963 0.0166667 0.1 0.731408
0 0.851042 0.45 0.0895833 0.537037 0.732107
0 0.448438 0.361111 0.028125 0.140741 0.733454
0 0.448438 0.361111 0.028125 0.140741 0.734911
0 0.059375 0.331481 0.0166667 0.1 0.735571
0 0.602083 0.352778 0.03125 0.127778 0.737157
0 0.602604 0.353704 0.0302083 0.12963 0.740403
0 0.059375 0.32963 0.0166667 0.1 0.745103
0 0.602083 0.352778 0.03125 0.127778 0.748694
0 0.448438 0.362963 0.028125 0.144444 0.752216
0 0.601562 0.353704 0.0302083 0.12963 0.758332
0 0.0598958 0.32963 0.015625 0.1 0.759738
0 0.602604 0.35463 0.0302083 0.127778 0.763528
0 0.401563 0.356481 0.0322917 0.153704 0.764368
0 0.401042 0.350926 0.03125 0.153704 0.764783
0 0.401042 0.350926 0.03125 0.157407 0.764843
0 0.401563 0.356481 0.0322917 0.153704 0.77183
0 0.601562 0.352778 0.0302083 0.127778 0.772167
0 0.908333 0.478704 0.108333 0.631481 0.776928
0 0.851042 0.450926 0.0895833 0.535185 0.778294
0 0.059375 0.32963 0.0166667 0.103704 0.78015
0 0.0598958 0.328704 0.0177083 0.101852 0.787026
0 0.401563 0.357407 0.0322917 0.155556 0.794681
0 0.601562 0.352778 0.0302083 0.127778 0.794987
0 0.909375 0.481481 0.10625 0.62963 0.801982
0 0.908333 0.478704 0.108333 0.631481 0.803453
0 0.0588542 0.331481 0.0177083 0.1 0.811132
0 0.908333 0.484259 0.108333 0.624074 0.841749
0 0.850521 0.45 0.0864583 0.511111 0.851871
0 0.850521 0.45 0.0864583 0.511111 0.862847
