13 0.272917 0.438889 0.0645833 0.0962963 0.250369
0 0.800521 0.353704 0.028125 0.0703704 0.252407
0 0.800521 0.352778 0.028125 0.0722222 0.254653
13 0.34375 0.453704 0.102083 0.0851852 0.255439
0 0.492708 0.393519 0.0291667 0.157407 0.255817
0 0.8 0.387037 0.0270833 0.148148 0.256541
0 0.900521 0.550926 0.0927083 0.55 0.257473
0 0.800521 0.352778 0.028125 0.0722222 0.257803
0 0.8 0.387963 0.03125 0.15 0.260715
0 0.492188 0.393519 0.028125 0.157407 0.260819
13 0.34375 0.45463 0.102083 0.087037 0.266077
0 0.495313 0.39537 0.0302083 0.153704 0.266926
13 0.414583 0.767593 0.335417 0.42037 0.267482
0 0.245312 0.37963 0.021875 0.103704 0.269671
26 0.930729 0.487963 0.0302083 0.124074 0.278705
0 0.396354 0.373148 0.0260417 0.124074 0.279391
13 0.343229 0.462037 0.103125 0.0722222 0.281223
0 0.307813 0.377778 0.0260417 0.122222 0.282917
0 0.145313 0.394444 0.0260417 0.118519 0.284395
13 0.414062 0.768519 0.336458 0.418519 0.28445
0 0.495313 0.39537 0.0302083 0.153704 0.284469
0 0.307813 0.377778 0.0260417 0.122222 0.2847
13 0.414062 0.767593 0.336458 0.42037 0.28528
13 0.34375 0.462963 0.102083 0.0703704 0.288564
0 0.304688 0.381481 0.0260417 0.122222 0.292116
0 0.308333 0.378704 0.025 0.12037 0.294695
0 0.08125 0.383333 0.01875 0.0888889 0.29532
0 0.145833 0.39537 0.0270833 0.116667 0.295834
26 0.93125 0.487963 0.0291667 0.116667 0.29712
0 0.799479 0.387037 0.0302083 0.151852 0.305158
0 0.8 0.387963 0.0291667 0.15 0.315347
0 0.799479 0.388889 0.0260417 0.148148 0.318223
0 0.304688 0.381481 0.0260417 0.122222 0.322786
0 0.232292 0.381481 0.0208333 0.1 0.331616
26 0.93125 0.487963 0.0291667 0.116667 0.334767
0 0.304688 0.381481 0.0260417 0.125926 0.337824
0 0.145833 0.39537 0.025 0.116667 0.338388
0 0.436979 0.367593 0.0197917 0.124074 0.340876
13 0.407292 0.77963 0.322917 0.418519 0.344056
0 0.230208 0.382407 0.01875 0.101852 0.344271
0 0.974479 0.550926 0.0510417 0.572222 0.351698
0 0.228646 0.382407 0.015625 0.105556 0.355699
13 0.415104 0.777778 0.332292 0.403704 0.358598
13 0.406771 0.780556 0.321875 0.42037 0.360532
13 0.407813 0.77963 0.321875 0.418519 0.370647
0 0.228646 0.37963 0.015625 0.0925926 0.370936
13 0.414583 0.778704 0.333333 0.401852 0.375046
0 0.227604 0.380556 0.015625 0.0907407 0.37954
0 0.438542 0.37037 0.01875 0.114815 0.382808
0 0.4375 0.367593 0.0208333 0.124074 0.384369
0 0.436979 0.368519 0.0197917 0.125926 0.390608
0 0.145833 0.39537 0.025 0.116667 0.394721
13 0.415104 0.778704 0.334375 0.401852 0.395669
0 0.438021 0.37037 0.0197917 0.118519 0.399539
0 0.145833 0.394444 0.025 0.114815 0.401491
0 0.228125 0.382407 0.0145833 0.101852 0.408147
0 0.438021 0.37037 0.0197917 0.118519 0.41041
0 0.145833 0.39537 0.025 0.116667 0.41282
0 0.227604 0.380556 0.015625 0.0907407 0.420425
0 0.461979 0.373148 0.015625 0.0833333 0.425862
0 0.0807292 0.388889 0.0197917 0.0962963 0.426423
0 0.0802083 0.388889 0.01875 0.103704 0.435642
0 0.461458 0.373148 0.0166667 0.0833333 0.44844
0 0.228125 0.382407 0.0145833 0.105556 0.450105
0 0.305729 0.37963 0.028125 0.125926 0.45422
0 0.461458 0.373148 0.0166667 0.0833333 0.454878
0 0.396354 0.37037 0.021875 0.118519 0.463649
0 0.4375 0.371296 0.0208333 0.105556 0.471228
0 0.4375 0.371296 0.0208333 0.105556 0.473971
0 0.08125 0.389815 0.01875 0.0944444 0.474125
0 0.566667 0.381481 0.0354167 0.177778 0.474542
0 0.305208 0.37963 0.0270833 0.122222 0.475703
0 0.08125 0.388889 0.01875 0.0962963 0.483906
0 0.4375 0.371296 0.0208333 0.105556 0.4871
0 0.566667 0.381481 0.0354167 0.177778 0.489335
0 0.396354 0.372222 0.0239583 0.122222 0.489609
0 0.145313 0.391667 0.0239583 0.105556 0.490541
0 0.457812 0.373148 0.0197917 0.087037 0.49058
0 0.228646 0.381481 0.015625 0.1 0.491275
0 0.227604 0.382407 0.015625 0.101852 0.495788
0 0.396875 0.371296 0.0229167 0.112963 0.499469
0 0.08125 0.388889 0.01875 0.0962963 0.501471
0 0.976042 0.542593 0.0479167 0.6 0.503147
0 0.304688 0.37963 0.028125 0.122222 0.505129
0 0.396875 0.371296 0.0229167 0.112963 0.508274
0 0.458333 0.371296 0.0208333 0.0907407 0.508787
0 0.227604 0.381481 0.015625 0.1 0.512061
0 0.304167 0.377778 0.0270833 0.122222 0.5147
0 0.457812 0.373148 0.0197917 0.087037 0.516823
0 0.396875 0.371296 0.0229167 0.112963 0.519107
0 0.227604 0.382407 0.015625 0.101852 0.521918
0 0.145313 0.391667 0.0239583 0.109259 0.523608
0 0.304688 0.378704 0.0260417 0.124074 0.525103
0 0.145313 0.391667 0.0239583 0.109259 0.526341
0 0.976042 0.543519 0.0479167 0.575926 0.527158
0 0.457812 0.373148 0.0197917 0.087037 0.529082
0 0.304167 0.378704 0.0270833 0.124074 0.536588
0 0.305729 0.37963 0.0260417 0.125926 0.543902
0 0.397917 0.374074 0.025 0.114815 0.545305
0 0.397396 0.375 0.0239583 0.112963 0.550483
0 0.0817708 0.389815 0.0177083 0.0944444 0.550853
0 0.397396 0.375 0.0239583 0.112963 0.553244
0 0.436979 0.37037 0.0197917 0.118519 0.554413
0 0.976042 0.546296 0.0479167 0.585185 0.554535
0 0.305208 0.37963 0.0270833 0.125926 0.556374
0 0.459375 0.373148 0.01875 0.0907407 0.560729
0 0.976042 0.547222 0.0479167 0.57963 0.56968
0 0.4375 0.37037 0.01875 0.118519 0.570169
0 0.0817708 0.388889 0.0177083 0.0962963 0.572587
0 0.304688 0.378704 0.028125 0.12037 0.572767
0 0.0817708 0.388889 0.0177083 0.0962963 0.576224
0 0.458333 0.369444 0.0208333 0.0907407 0.581101
0 0.145313 0.397222 0.021875 0.116667 0.582136
0 0.145313 0.397222 0.021875 0.116667 0.585029
0 0.305729 0.380556 0.0260417 0.127778 0.590794
0 0.458333 0.37037 0.0208333 0.0888889 0.600165
0 0.145313 0.397222 0.021875 0.116667 0.601394
0 0.395833 0.373148 0.0229167 0.124074 0.606313
0 0.395833 0.373148 0.0229167 0.116667 0.607154
0 0.458333 0.37037 0.0208333 0.0888889 0.607312
0 0.4375 0.371296 0.01875 0.124074 0.609538
0 0.305208 0.37963 0.0270833 0.122222 0.614723
0 0.395833 0.373148 0.0229167 0.116667 0.618032
0 0.395833 0.374074 0.0229167 0.118519 0.61815
0 0.145313 0.39537 0.0239583 0.116667 0.620772
0 0.438021 0.371296 0.0197917 0.124074 0.633358
0 0.4375 0.371296 0.0208333 0.124074 0.635647
0 0.305729 0.37963 0.0260417 0.122222 0.641175
0 0.145833 0.39537 0.0229167 0.116667 0.644664
0 0.145313 0.39537 0.0239583 0.112963 0.645608
0 0.896875 0.551852 0.0958333 0.544444 0.648772
0 0.145833 0.39537 0.0229167 0.116667 0.651237
0 0.145833 0.39537 0.0229167 0.116667 0.671088
0 0.495313 0.392593 0.0322917 0.159259 0.676421
0 0.495313 0.391667 0.0322917 0.157407 0.678254
0 0.146354 0.396296 0.0239583 0.114815 0.679593
0 0.975 0.544444 0.05 0.588889 0.686108
0 0.975521 0.550926 0.0489583 0.575926 0.693495
0 0.975521 0.550926 0.0489583 0.568519 0.694254
0 0.49375 0.393519 0.03125 0.157407 0.700483
0 0.976042 0.549074 0.0479167 0.572222 0.701137
0 0.49375 0.393519 0.03125 0.157407 0.702362
0 0.896875 0.552778 0.0958333 0.55 0.702585
0 0.49375 0.393519 0.03125 0.157407 0.703534
0 0.975521 0.548148 0.0489583 0.581481 0.708215
0 0.494271 0.392593 0.0322917 0.155556 0.72874
0 0.897396 0.557407 0.0947917 0.57037 0.74052
0 0.304688 0.378704 0.0260417 0.124074 0.743946
0 0.494271 0.392593 0.0322917 0.155556 0.74526
0 0.494792 0.393519 0.03125 0.157407 0.749016
0 0.304688 0.378704 0.0260417 0.124074 0.754203
0 0.304688 0.378704 0.0260417 0.124074 0.757512
0 0.494271 0.391667 0.0322917 0.153704 0.767953
0 0.494792 0.393519 0.03125 0.157407 0.771829
0 0.896354 0.557407 0.096875 0.562963 0.786568
0 0.896354 0.558333 0.096875 0.564815 0.788093
0 0.494792 0.393519 0.03125 0.157407 0.788311
0 0.896354 0.562037 0.0947917 0.564815 0.792464
0 0.896875 0.561111 0.09375 0.559259 0.796101
0 0.568229 0.382407 0.0385417 0.187037 0.802816
0 0.567708 0.381481 0.0375 0.185185 0.808554
0 0.494271 0.393519 0.0302083 0.161111 0.813922
0 0.494271 0.393519 0.0302083 0.161111 0.816481
0 0.56875 0.382407 0.0375 0.175926 0.816734
0 0.895833 0.558333 0.09375 0.572222 0.821573
0 0.56875 0.383333 0.0375 0.177778 0.825244
0 0.56875 0.383333 0.0375 0.177778 0.830069
0 0.897917 0.558333 0.0958333 0.564815 0.84735
0 0.56875 0.384259 0.0375 0.17963 0.85156
0 0.56875 0.384259 0.0375 0.17963 0.861917
0 0.568229 0.382407 0.0385417 0.17963 0.863749
0 0.568229 0.382407 0.0385417 0.17963 0.868424
0 0.56875 0.384259 0.0375 0.17963 0.873714
0 0.568229 0.383333 0.0364583 0.181481 0.874922
0 0.56875 0.383333 0.0375 0.181481 0.881632
0 0.56875 0.383333 0.0375 0.181481 0.882147
0 0.896875 0.561111 0.0958333 0.566667 0.882469
0 0.897917 0.559259 0.0958333 0.562963 0.882746
0 0.896354 0.560185 0.0947917 0.568519 0.891215
