0 0.334896 0.409259 0.028125 0.137037 0.250796
0 0.319792 0.361111 0.0166667 0.0740741 0.252163
0 0.271875 0.367593 0.01875 0.0611111 0.255408
0 0.928646 0.637037 0.140625 0.655556 0.256973
0 0.271875 0.367593 0.01875 0.0611111 0.26629
0 0.320312 0.360185 0.0177083 0.0722222 0.267814
0 0.335417 0.402778 0.0229167 0.131481 0.269074
0 0.265625 0.372222 0.01875 0.0592593 0.270373
0 0.923958 0.641667 0.152083 0.653704 0.270985
0 0.333333 0.397222 0.03125 0.153704 0.272791
0 0.257292 0.376852 0.0166667 0.0648148 0.273533
13 0.329167 0.487963 0.147917 0.142593 0.275918
0 0.256771 0.389815 0.015625 0.0833333 0.277023
0 0.514063 0.390741 0.0197917 0.103704 0.277524
13 0.344271 0.488889 0.180208 0.133333 0.279597
0 0.256771 0.389815 0.015625 0.087037 0.280719
0 0.514063 0.390741 0.0197917 0.103704 0.280877
13 0.302083 0.468519 0.0958333 0.133333 0.2813
13 0.344792 0.480556 0.170833 0.161111 0.282164
0 0.466667 0.397222 0.05 0.12037 0.283765
0 0.470313 0.397222 0.0447917 0.12037 0.285427
0 0.928125 0.637037 0.141667 0.651852 0.286408
0 0.533333 0.416667 0.0270833 0.140741 0.288375
0 0.109896 0.382407 0.0239583 0.112963 0.289361
0 0.920833 0.637963 0.154167 0.657407 0.2894
24 0.958333 0.564815 0.0791667 0.244444 0.294793
0 0.109896 0.381481 0.0239583 0.111111 0.298037
0 0.532812 0.416667 0.0260417 0.140741 0.298339
0 0.109896 0.381481 0.0239583 0.111111 0.298671
0 0.256771 0.389815 0.015625 0.0833333 0.300891
0 0.257292 0.376852 0.0145833 0.0611111 0.301257
0 0.125 0.381481 0.0208333 0.107407 0.301879
0 0.452083 0.397222 0.025 0.131481 0.307718
0 0.514063 0.391667 0.0197917 0.101852 0.313789
0 0.332812 0.396296 0.0302083 0.151852 0.315375
0 0.122396 0.383333 0.0197917 0.107407 0.316709
13 0.316146 0.47037 0.119792 0.144444 0.318146
0 0.470313 0.396296 0.0447917 0.122222 0.320176
0 0.122396 0.382407 0.0197917 0.109259 0.320304
0 0.122396 0.382407 0.0197917 0.109259 0.324793
13 0.316146 0.471296 0.119792 0.142593 0.328472
13 0.316146 0.47037 0.117708 0.144444 0.329151
24 0.965625 0.565741 0.06875 0.257407 0.332777
0 0.257292 0.376852 0.0145833 0.0611111 0.337144
13 0.329688 0.471296 0.155208 0.157407 0.34142
13 0.341146 0.482407 0.167708 0.164815 0.346792
13 0.347396 0.482407 0.169792 0.138889 0.347813
0 0.922917 0.636111 0.154167 0.653704 0.350963
0 0.451562 0.394444 0.021875 0.122222 0.355296
0 0.214062 0.393519 0.0239583 0.12037 0.355795
24 0.966146 0.565741 0.0677083 0.257407 0.356352
13 0.34375 0.499074 0.164583 0.15 0.360526
0 0.336979 0.412037 0.0239583 0.124074 0.362206
0 0.532812 0.411111 0.028125 0.125926 0.363139
13 0.347396 0.482407 0.169792 0.131481 0.36352
0 0.479688 0.39537 0.0260417 0.127778 0.36381
24 0.966146 0.564815 0.0677083 0.255556 0.364945
13 0.34375 0.499074 0.164583 0.153704 0.368588
0 0.451042 0.397222 0.0229167 0.124074 0.374122
13 0.343229 0.498148 0.165625 0.151852 0.379267
0 0.923958 0.621296 0.152083 0.62037 0.379927
13 0.347396 0.483333 0.169792 0.12963 0.380795
0 0.126042 0.384259 0.0208333 0.105556 0.388996
0 0.334375 0.402778 0.0291667 0.142593 0.391916
0 0.336458 0.412037 0.025 0.127778 0.395563
0 0.516146 0.392593 0.0197917 0.107407 0.397245
0 0.126042 0.384259 0.0208333 0.105556 0.398904
0 0.126042 0.384259 0.0208333 0.105556 0.402706
0 0.515625 0.394444 0.0208333 0.114815 0.40344
13 0.341667 0.484259 0.16875 0.172222 0.40598
0 0.336979 0.412963 0.0239583 0.125926 0.407796
0 0.332812 0.394444 0.028125 0.148148 0.408294
0 0.334896 0.408333 0.0239583 0.135185 0.416341
0 0.214062 0.394444 0.0260417 0.114815 0.424789
0 0.451562 0.39537 0.021875 0.127778 0.426633
0 0.515625 0.392593 0.0208333 0.111111 0.42697
0 0.530729 0.414815 0.0322917 0.144444 0.427431
0 0.530208 0.413889 0.03125 0.146296 0.43097
0 0.515625 0.392593 0.0208333 0.111111 0.435604
0 0.480208 0.394444 0.0270833 0.12963 0.436274
0 0.515104 0.394444 0.0177083 0.103704 0.437925
0 0.451562 0.394444 0.021875 0.12963 0.440966
0 0.514583 0.393519 0.01875 0.105556 0.456331
13 0.345833 0.480556 0.16875 0.138889 0.458782
0 0.214062 0.393519 0.0260417 0.116667 0.467206
0 0.214062 0.392593 0.021875 0.118519 0.469143
0 0.333854 0.402778 0.028125 0.142593 0.470932
0 0.514583 0.394444 0.01875 0.103704 0.475182
0 0.479688 0.394444 0.0260417 0.125926 0.483803
0 0.529688 0.413889 0.0302083 0.142593 0.489885
13 0.339583 0.480556 0.166667 0.157407 0.493051
0 0.531771 0.413889 0.0302083 0.142593 0.495132
0 0.530208 0.415741 0.03125 0.142593 0.495242
0 0.924479 0.627778 0.148958 0.614815 0.502052
0 0.336458 0.400926 0.0229167 0.15 0.50227
0 0.921875 0.637037 0.147917 0.655556 0.50943
0 0.336458 0.4 0.0229167 0.148148 0.510473
13 0.341667 0.482407 0.16875 0.161111 0.514399
0 0.451042 0.397222 0.0229167 0.124074 0.516228
0 0.532812 0.412963 0.028125 0.144444 0.518507
0 0.532812 0.412963 0.028125 0.144444 0.520212
0 0.451042 0.398148 0.0229167 0.122222 0.522364
0 0.479688 0.394444 0.0260417 0.125926 0.525538
0 0.566667 0.39537 0.0208333 0.0944444 0.526653
0 0.921875 0.637963 0.147917 0.657407 0.528538
13 0.340625 0.481481 0.16875 0.162963 0.531741
0 0.451042 0.398148 0.0229167 0.122222 0.532027
13 0.340104 0.481481 0.167708 0.159259 0.5323
0 0.529688 0.414815 0.0302083 0.144444 0.535223
13 0.340625 0.475926 0.166667 0.144444 0.537314
0 0.677083 0.434259 0.0479167 0.268519 0.540184
0 0.334375 0.401852 0.0270833 0.140741 0.544847
0 0.921354 0.62963 0.142708 0.637037 0.547697
0 0.452604 0.397222 0.021875 0.127778 0.554256
0 0.678125 0.436111 0.0479167 0.272222 0.556374
0 0.566667 0.39537 0.0208333 0.0981481 0.5622
0 0.214062 0.394444 0.0260417 0.114815 0.562769
0 0.532292 0.414815 0.0291667 0.140741 0.56868
0 0.677604 0.437037 0.0489583 0.27037 0.573345
0 0.566667 0.396296 0.0208333 0.0962963 0.574876
0 0.214583 0.393519 0.025 0.116667 0.575114
0 0.479688 0.398148 0.0239583 0.122222 0.58001
0 0.677604 0.436111 0.0489583 0.272222 0.587787
0 0.479688 0.398148 0.021875 0.122222 0.596561
0 0.335938 0.4 0.0239583 0.148148 0.597263
0 0.335938 0.4 0.0239583 0.148148 0.598611
0 0.924479 0.641667 0.146875 0.653704 0.604512
0 0.451042 0.39537 0.0229167 0.124074 0.604751
0 0.924479 0.641667 0.146875 0.657407 0.605486
0 0.451562 0.396296 0.021875 0.125926 0.606911
0 0.480208 0.398148 0.0229167 0.122222 0.60747
0 0.566667 0.393519 0.0208333 0.105556 0.614376
0 0.451562 0.396296 0.021875 0.125926 0.623335
0 0.479688 0.392593 0.0239583 0.122222 0.626356
0 0.676042 0.434259 0.0458333 0.275926 0.630896
0 0.565625 0.389815 0.0208333 0.0944444 0.632126
0 0.921875 0.632407 0.141667 0.627778 0.634789
0 0.782812 0.62037 0.121875 0.592593 0.637746
0 0.480208 0.394444 0.025 0.125926 0.637865
0 0.532292 0.415741 0.0291667 0.142593 0.639654
0 0.565625 0.391667 0.0208333 0.101852 0.641504
0 0.479688 0.393519 0.0239583 0.124074 0.646179
0 0.677604 0.437037 0.0510417 0.27037 0.649362
0 0.926042 0.636111 0.141667 0.638889 0.653696
0 0.479688 0.393519 0.0239583 0.124074 0.654828
0 0.782812 0.625 0.121875 0.598148 0.662133
0 0.565625 0.39537 0.0208333 0.0944444 0.66272
0 0.565625 0.389815 0.0208333 0.0944444 0.670127
0 0.532812 0.414815 0.028125 0.140741 0.674929
0 0.565625 0.389815 0.0208333 0.0944444 0.678232
0 0.479688 0.393519 0.0239583 0.127778 0.683046
0 0.214062 0.394444 0.021875 0.118519 0.688001
0 0.925 0.636111 0.145833 0.65 0.690223
0 0.677604 0.436111 0.0489583 0.264815 0.692749
0 0.926042 0.636111 0.141667 0.638889 0.693864
0 0.565625 0.39537 0.0208333 0.0944444 0.699429
0 0.785417 0.624074 0.129167 0.618519 0.700274
0 0.565625 0.39537 0.0208333 0.0944444 0.70131
0 0.532292 0.415741 0.025 0.15 0.704242
0 0.532292 0.415741 0.025 0.146296 0.708407
0 0.565625 0.393519 0.0208333 0.105556 0.710357
0 0.479688 0.392593 0.0239583 0.125926 0.718374
0 0.215104 0.393519 0.0239583 0.116667 0.725391
0 0.924479 0.632407 0.138542 0.635185 0.730267
0 0.678125 0.436111 0.05 0.261111 0.731554
0 0.678125 0.437963 0.0479167 0.272222 0.732057
0 0.215104 0.393519 0.0239583 0.112963 0.733624
0 0.215104 0.394444 0.0239583 0.114815 0.7346
0 0.479688 0.393519 0.0239583 0.124074 0.734733
0 0.215104 0.393519 0.0239583 0.112963 0.74086
0 0.215104 0.394444 0.0239583 0.114815 0.745855
0 0.479688 0.393519 0.0239583 0.124074 0.749942
0 0.215104 0.394444 0.0239583 0.114815 0.760102
0 0.924479 0.632407 0.136458 0.638889 0.762137
0 0.784896 0.624074 0.128125 0.618519 0.764352
0 0.924479 0.635185 0.146875 0.651852 0.773527
0 0.677083 0.435185 0.05 0.274074 0.784061
0 0.214062 0.393519 0.0239583 0.116667 0.796179
0 0.214583 0.394444 0.025 0.114815 0.800251
0 0.785417 0.626852 0.129167 0.609259 0.80471
0 0.785937 0.636111 0.132292 0.642593 0.805211
0 0.785417 0.625 0.129167 0.612963 0.816655
0 0.214062 0.392593 0.0239583 0.118519 0.84112
0 0.214062 0.392593 0.0239583 0.118519 0.842831
0 0.785937 0.636111 0.132292 0.638889 0.844063
0 0.214062 0.392593 0.0239583 0.118519 0.850374
0 0.677083 0.436111 0.0479167 0.268519 0.8693
0 0.677083 0.435185 0.0479167 0.266667 0.877673
0 0.677083 0.437037 0.0479167 0.266667 0.877942
0 0.677083 0.437037 0.0479167 0.266667 0.878632
0 0.784896 0.636111 0.130208 0.635185 0.879863
0 0.677083 0.434259 0.0479167 0.268519 0.882196
0 0.785417 0.636111 0.129167 0.635185 0.883083
0 0.677083 0.435185 0.0479167 0.266667 0.887097
0 0.785417 0.621296 0.127083 0.616667 0.903816
0 0.784896 0.624074 0.128125 0.614815 0.904508
