0 0.438021 0.390741 0.0302083 0.159259 0.250319
0 0.530729 0.397222 0.0302083 0.109259 0.251241
0 0.559896 0.394444 0.028125 0.118519 0.252878
0 0.363542 0.352778 0.0166667 0.0574074 0.253402
13 0.0994792 0.444444 0.034375 0.0481481 0.255657
0 0.359896 0.353704 0.0177083 0.0592593 0.257639
0 0.363542 0.352778 0.0166667 0.0574074 0.260339
0 0.583854 0.351852 0.015625 0.0703704 0.264479
0 0.542188 0.393519 0.0489583 0.112963 0.269098
0 0.0369792 0.384259 0.028125 0.112963 0.274794
0 0.359896 0.35463 0.0177083 0.0574074 0.275636
0 0.55 0.39537 0.03125 0.112963 0.282929
0 0.555208 0.396296 0.03125 0.114815 0.296392
0 0.360417 0.35463 0.0166667 0.0574074 0.297983
0 0.0369792 0.384259 0.028125 0.112963 0.304282
0 0.550521 0.39537 0.0302083 0.112963 0.31141
0 0.542188 0.392593 0.0489583 0.114815 0.312611
0 0.0369792 0.384259 0.028125 0.112963 0.31413
0 0.0140625 0.388889 0.021875 0.1 0.315284
0 0.0401042 0.384259 0.0260417 0.112963 0.32626
0 0.584375 0.350926 0.0145833 0.0722222 0.331627
0 0.475521 0.387963 0.028125 0.146296 0.333156
0 0.55625 0.389815 0.0291667 0.12037 0.334446
0 0.550521 0.39537 0.0302083 0.109259 0.335202
0 0.584375 0.351852 0.0145833 0.0703704 0.340712
0 0.555729 0.396296 0.0302083 0.114815 0.341054
0 0.0140625 0.389815 0.021875 0.101852 0.343021
0 0.360938 0.352778 0.0177083 0.0574074 0.345615
0 0.554688 0.396296 0.0302083 0.114815 0.348524
0 0.0140625 0.388889 0.021875 0.1 0.34901
0 0.475521 0.387963 0.028125 0.146296 0.351536
0 0.584375 0.352778 0.0166667 0.0722222 0.351726
0 0.528646 0.389815 0.0302083 0.12037 0.354097
0 0.0395833 0.383333 0.025 0.111111 0.373382
0 0.040625 0.383333 0.025 0.111111 0.374481
0 0.584375 0.351852 0.0145833 0.0703704 0.378848
0 0.55625 0.390741 0.0291667 0.118519 0.384534
0 0.55625 0.390741 0.0291667 0.118519 0.385795
0 0.529167 0.392593 0.0291667 0.114815 0.390159
0 0.554688 0.394444 0.0302083 0.114815 0.391868
0 0.583854 0.351852 0.015625 0.0703704 0.395685
0 0.640625 0.373148 0.0270833 0.124074 0.400566
0 0.528646 0.388889 0.028125 0.118519 0.404232
0 0.4375 0.387963 0.03125 0.164815 0.405658
0 0.530208 0.391667 0.0291667 0.112963 0.406673
0 0.758854 0.385185 0.034375 0.177778 0.408162
0 0.438021 0.388889 0.0302083 0.166667 0.408471
0 0.009375 0.391667 0.01875 0.0944444 0.412032
0 0.584375 0.350926 0.0145833 0.0722222 0.414231
0 0.529688 0.391667 0.0302083 0.112963 0.415442
0 0.583854 0.351852 0.015625 0.0703704 0.416913
0 0.555208 0.394444 0.0291667 0.114815 0.421567
0 0.554688 0.394444 0.0302083 0.114815 0.426433
0 0.583854 0.350926 0.015625 0.0685185 0.434943
0 0.530729 0.386111 0.028125 0.12037 0.438365
0 0.555208 0.393519 0.03125 0.112963 0.448843
0 0.529167 0.388889 0.0291667 0.118519 0.450178
0 0.0390625 0.382407 0.028125 0.116667 0.452105
0 0.0130208 0.391667 0.0239583 0.101852 0.45471
0 0.435937 0.387037 0.0322917 0.162963 0.455527
0 0.758333 0.384259 0.0354167 0.17963 0.457946
0 0.530729 0.386111 0.028125 0.12037 0.464611
0 0.009375 0.391667 0.01875 0.0981481 0.466794
0 0.640104 0.373148 0.0260417 0.127778 0.467849
0 0.009375 0.394444 0.01875 0.0962963 0.46854
0 0.0125 0.390741 0.0229167 0.103704 0.468652
0 0.438021 0.382407 0.034375 0.168519 0.468782
0 0.640104 0.373148 0.0260417 0.127778 0.469568
0 0.530729 0.387037 0.028125 0.118519 0.472192
0 0.584375 0.350926 0.0145833 0.0722222 0.474565
0 0.0130208 0.391667 0.0239583 0.101852 0.475376
0 0.009375 0.391667 0.01875 0.0944444 0.476706
0 0.436458 0.387037 0.03125 0.166667 0.480245
0 0.555208 0.394444 0.03125 0.111111 0.48101
0 0.0395833 0.382407 0.0270833 0.112963 0.483809
0 0.0130208 0.391667 0.0239583 0.101852 0.487511
0 0.476562 0.392593 0.028125 0.151852 0.489262
0 0.555208 0.39537 0.03125 0.112963 0.49341
0 0.4375 0.382407 0.0333333 0.168519 0.493488
0 0.584375 0.350926 0.0145833 0.0722222 0.500208
0 0.009375 0.393519 0.01875 0.0981481 0.502191
0 0.436458 0.387037 0.03125 0.162963 0.504861
0 0.009375 0.393519 0.01875 0.0981481 0.506963
0 0.476562 0.392593 0.028125 0.151852 0.510241
0 0.758333 0.384259 0.0354167 0.175926 0.514227
0 0.761458 0.382407 0.03125 0.175926 0.515597
0 0.476562 0.392593 0.028125 0.151852 0.525976
0 0.0109375 0.393519 0.0197917 0.101852 0.527003
0 0.760938 0.382407 0.0322917 0.175926 0.527246
0 0.0390625 0.382407 0.028125 0.116667 0.527345
0 0.0395833 0.382407 0.0270833 0.112963 0.535433
0 0.0395833 0.382407 0.0270833 0.112963 0.53823
0 0.4375 0.381481 0.0333333 0.166667 0.542137
0 0.0390625 0.382407 0.028125 0.116667 0.548427
0 0.0385417 0.382407 0.0291667 0.116667 0.551003
0 0.0401042 0.383333 0.028125 0.118519 0.557073
0 0.0380208 0.384259 0.028125 0.112963 0.583724
0 0.475 0.391667 0.0291667 0.15 0.583874
0 0.0385417 0.383333 0.0270833 0.114815 0.590766
0 0.436458 0.387037 0.0291667 0.162963 0.592543
0 0.436458 0.387963 0.0291667 0.164815 0.595559
0 0.475 0.392593 0.0291667 0.148148 0.601493
0 0.0385417 0.382407 0.0291667 0.116667 0.605719
0 0.639063 0.375 0.0260417 0.131481 0.613403
0 0.75625 0.384259 0.0375 0.17963 0.613964
0 0.475 0.392593 0.0291667 0.148148 0.622263
0 0.639063 0.372222 0.0260417 0.12963 0.623578
0 0.757812 0.385185 0.0364583 0.174074 0.628209
0 0.0395833 0.383333 0.0270833 0.118519 0.633716
0 0.756771 0.383333 0.0385417 0.177778 0.639725
0 0.0380208 0.384259 0.028125 0.112963 0.640911
0 0.639063 0.375 0.0260417 0.131481 0.643965
0 0.639063 0.375 0.0260417 0.131481 0.644278
0 0.476042 0.391667 0.0270833 0.153704 0.644304
0 0.476562 0.392593 0.028125 0.144444 0.645319
0 0.757812 0.384259 0.034375 0.172222 0.645639
0 0.639063 0.375 0.028125 0.127778 0.645657
0 0.75625 0.385185 0.0354167 0.174074 0.646062
0 0.476042 0.391667 0.0270833 0.15 0.64816
0 0.0385417 0.383333 0.0270833 0.111111 0.650131
0 0.476042 0.392593 0.0270833 0.144444 0.651679
0 0.0395833 0.384259 0.0270833 0.116667 0.656623
0 0.757812 0.386111 0.0364583 0.175926 0.657967
0 0.757812 0.384259 0.034375 0.175926 0.660477
0 0.75625 0.385185 0.0354167 0.174074 0.663596
0 0.75625 0.385185 0.0354167 0.174074 0.668163
0 0.639063 0.373148 0.028125 0.131481 0.676743
0 0.639063 0.375 0.028125 0.131481 0.699369
0 0.757812 0.386111 0.0364583 0.175926 0.699652
0 0.476042 0.391667 0.0291667 0.15 0.720399
0 0.639063 0.375 0.028125 0.127778 0.735809
0 0.639063 0.372222 0.0260417 0.12963 0.737975
0 0.638542 0.375 0.0270833 0.131481 0.743528
0 0.4375 0.382407 0.03125 0.172222 0.748219
0 0.4375 0.382407 0.03125 0.172222 0.74841
0 0.639063 0.373148 0.0260417 0.131481 0.748532
0 0.476042 0.391667 0.0291667 0.15 0.749589
0 0.639063 0.375 0.0260417 0.127778 0.757477
0 0.476042 0.392593 0.0291667 0.151852 0.762846
0 0.639063 0.375926 0.0260417 0.12963 0.766466
0 0.476042 0.392593 0.0291667 0.151852 0.770229
0 0.4375 0.387963 0.03125 0.161111 0.773519
0 0.436979 0.381481 0.0322917 0.17037 0.774582
0 0.436979 0.382407 0.0322917 0.168519 0.776219
0 0.476042 0.391667 0.0291667 0.15 0.777405
0 0.438021 0.388889 0.0322917 0.162963 0.777938
0 0.639063 0.373148 0.028125 0.131481 0.78137
0 0.639063 0.373148 0.0260417 0.131481 0.784345
0 0.438021 0.387963 0.0322917 0.161111 0.794151
