28 0.163021 0.576852 0.028125 0.0685185 0.252425
28 0.550521 0.596296 0.059375 0.062963 0.255244
0 0.492188 0.459259 0.0177083 0.0888889 0.2557
0 0.621354 0.502778 0.034375 0.164815 0.256486
28 0.163021 0.576852 0.028125 0.0685185 0.257662
26 0.164062 0.576852 0.0302083 0.0685185 0.259332
26 0.688542 0.581481 0.0229167 0.0740741 0.259417
26 0.164062 0.576852 0.0302083 0.0685185 0.260395
0 0.667708 0.525926 0.04375 0.262963 0.265693
0 0.621354 0.502778 0.034375 0.164815 0.267333
0 0.261458 0.45 0.0145833 0.0666667 0.2677
26 0.688542 0.581481 0.0229167 0.0740741 0.269815
0 0.1875 0.527778 0.05 0.240741 0.27151
0 0.621354 0.502778 0.034375 0.164815 0.272955
0 0.0161458 0.45 0.0197917 0.0666667 0.273408
0 0.261458 0.450926 0.0145833 0.0648148 0.283377
0 0.484896 0.460185 0.0177083 0.0833333 0.287358
26 0.161979 0.57037 0.028125 0.0703704 0.287603
0 0.496875 0.463889 0.0354167 0.0944444 0.289815
0 0.490104 0.462037 0.0197917 0.0944444 0.289878
28 0.554167 0.597222 0.0666667 0.0648148 0.290507
0 0.195833 0.516667 0.0479167 0.22963 0.293124
0 0.484896 0.460185 0.0177083 0.0833333 0.295066
28 0.557292 0.598148 0.0708333 0.0666667 0.298539
0 0.316667 0.453704 0.01875 0.0851852 0.302223
28 0.554167 0.597222 0.0666667 0.0648148 0.303018
0 0.458854 0.452778 0.015625 0.0759259 0.303365
28 0.556771 0.598148 0.0697917 0.0666667 0.30664
0 0.490625 0.462037 0.0208333 0.0944444 0.310344
0 0.458854 0.452778 0.015625 0.0759259 0.312938
0 0.316146 0.455556 0.0177083 0.0814815 0.314127
0 0.315625 0.451852 0.0166667 0.0851852 0.314569
0 0.458333 0.451852 0.0166667 0.0777778 0.315337
0 0.490625 0.462037 0.0208333 0.0944444 0.316479
0 0.485417 0.460185 0.0166667 0.0833333 0.316674
0 0.315625 0.452778 0.0166667 0.0833333 0.316799
0 0.0166667 0.45 0.0166667 0.062963 0.31987
0 0.316146 0.455556 0.0177083 0.0814815 0.320346
0 0.458854 0.452778 0.015625 0.0759259 0.324445
0 0.196354 0.516667 0.046875 0.22963 0.330747
0 0.485938 0.463889 0.0197917 0.0907407 0.330958
0 0.315625 0.452778 0.0166667 0.0833333 0.338656
0 0.316146 0.455556 0.0177083 0.0814815 0.352274
0 0.196354 0.517593 0.046875 0.227778 0.37368
0 0.486458 0.463889 0.01875 0.0907407 0.38804
28 0.555208 0.6 0.06875 0.062963 0.389701
28 0.554688 0.599074 0.0677083 0.0611111 0.389717
28 0.557813 0.599074 0.071875 0.0648148 0.392588
0 0.0177083 0.45 0.0166667 0.0666667 0.396833
0 0.621354 0.492593 0.0364583 0.148148 0.402613
28 0.556771 0.599074 0.0697917 0.0648148 0.405629
0 0.133333 0.506481 0.0291667 0.164815 0.411101
0 0.666146 0.528704 0.0489583 0.257407 0.413711
0 0.486458 0.463889 0.01875 0.0907407 0.414304
0 0.195833 0.521296 0.05 0.235185 0.415129
0 0.621354 0.492593 0.0364583 0.148148 0.415265
0 0.457812 0.456481 0.0177083 0.0833333 0.418983
0 0.666146 0.528704 0.0489583 0.264815 0.421088
0 0.486458 0.463889 0.01875 0.0907407 0.424711
0 0.0171875 0.45 0.015625 0.0666667 0.425203
0 0.133333 0.506481 0.0291667 0.161111 0.431558
0 0.199479 0.512037 0.0447917 0.22037 0.443015
0 0.0177083 0.45 0.0166667 0.0666667 0.453517
0 0.665625 0.52963 0.05 0.262963 0.453913
0 0.195312 0.522222 0.0510417 0.237037 0.455147
0 0.2 0.511111 0.0458333 0.222222 0.460193
0 0.0177083 0.450926 0.0166667 0.0648148 0.463968
0 0.196354 0.521296 0.0510417 0.235185 0.466827
0 0.0177083 0.450926 0.0166667 0.0648148 0.468725
0 0.508333 0.462037 0.0208333 0.0981481 0.472572
0 0.0171875 0.450926 0.0177083 0.0648148 0.473305
0 0.508333 0.462963 0.0208333 0.1 0.489535
0 0.457292 0.453704 0.0166667 0.0777778 0.491052
0 0.508333 0.462963 0.0208333 0.1 0.494012
0 0.0177083 0.450926 0.0166667 0.0648148 0.494266
0 0.0171875 0.450926 0.0177083 0.0648148 0.497023
0 0.457812 0.453704 0.0177083 0.0777778 0.502076
0 0.136458 0.506481 0.0354167 0.168519 0.503008
0 0.664583 0.52963 0.0541667 0.266667 0.503619
0 0.457812 0.45463 0.015625 0.0796296 0.517345
0 0.458333 0.45463 0.0166667 0.0796296 0.518814
0 0.136458 0.506481 0.0354167 0.168519 0.519875
0 0.133333 0.507407 0.0291667 0.174074 0.521312
0 0.457292 0.453704 0.0166667 0.0777778 0.52317
0 0.457292 0.45463 0.0166667 0.0796296 0.531615
0 0.457292 0.453704 0.0166667 0.0777778 0.544663
0 0.507812 0.462963 0.0197917 0.0962963 0.557106
0 0.507812 0.460185 0.0177083 0.0944444 0.559499
0 0.133854 0.506481 0.028125 0.172222 0.559923
0 0.194271 0.523148 0.046875 0.238889 0.562487
0 0.133333 0.507407 0.0291667 0.17037 0.5728
0 0.508333 0.460185 0.01875 0.0981481 0.578231
0 0.0854167 0.50463 0.0375 0.17963 0.580883
0 0.133333 0.505556 0.0291667 0.162963 0.58089
0 0.133854 0.507407 0.0302083 0.166667 0.588829
0 0.133333 0.506481 0.0291667 0.164815 0.593915
0 0.0859375 0.505556 0.0364583 0.181481 0.59747
0 0.196875 0.519444 0.0479167 0.231481 0.599164
0 0.508333 0.461111 0.01875 0.1 0.604904
0 0.507812 0.459259 0.0177083 0.0962963 0.60907
0 0.620833 0.49537 0.0354167 0.157407 0.609979
0 0.133854 0.507407 0.0302083 0.166667 0.610162
0 0.507812 0.460185 0.0177083 0.0944444 0.610473
0 0.508333 0.461111 0.01875 0.1 0.612029
0 0.507292 0.461111 0.01875 0.1 0.6138
0 0.0864583 0.506481 0.0375 0.187037 0.615953
0 0.620833 0.494444 0.0354167 0.159259 0.617662
0 0.196354 0.522222 0.046875 0.237037 0.627082
0 0.0859375 0.506481 0.0364583 0.187037 0.630151
0 0.0859375 0.506481 0.0364583 0.187037 0.63313
0 0.196875 0.518519 0.0479167 0.237037 0.635841
0 0.620833 0.494444 0.0354167 0.159259 0.637075
0 0.133333 0.506481 0.0291667 0.164815 0.657938
0 0.196354 0.522222 0.046875 0.237037 0.660387
0 0.131771 0.505556 0.028125 0.166667 0.665458
0 0.194792 0.523148 0.0479167 0.246296 0.671345
0 0.131771 0.505556 0.028125 0.166667 0.672869
0 0.133854 0.508333 0.0302083 0.168519 0.673213
0 0.196875 0.52037 0.0479167 0.233333 0.689274
0 0.667708 0.52963 0.0458333 0.266667 0.692868
0 0.667708 0.532407 0.04375 0.264815 0.705842
0 0.196354 0.522222 0.046875 0.237037 0.708675
0 0.620313 0.496296 0.0364583 0.162963 0.712805
0 0.196875 0.521296 0.0479167 0.235185 0.717817
0 0.620313 0.497222 0.0364583 0.164815 0.720507
0 0.667708 0.530556 0.04375 0.264815 0.73012
0 0.620833 0.497222 0.0354167 0.153704 0.734859
0 0.196354 0.519444 0.046875 0.235185 0.74085
0 0.666667 0.530556 0.04375 0.264815 0.743831
0 0.668229 0.531482 0.0427083 0.266667 0.744379
0 0.667188 0.52963 0.0447917 0.266667 0.758085
0 0.0854167 0.505556 0.0395833 0.185185 0.761333
0 0.667708 0.532407 0.04375 0.264815 0.761851
0 0.0859375 0.505556 0.0385417 0.185185 0.764923
0 0.620833 0.496296 0.0354167 0.155556 0.769591
0 0.620313 0.49537 0.0364583 0.161111 0.772623
0 0.619792 0.49537 0.0354167 0.161111 0.775622
0 0.667188 0.528704 0.0447917 0.264815 0.776331
0 0.666667 0.531482 0.04375 0.266667 0.778301
0 0.0864583 0.506481 0.0375 0.183333 0.782338
0 0.620833 0.496296 0.0354167 0.155556 0.783586
0 0.620833 0.496296 0.0354167 0.155556 0.787468
0 0.0864583 0.506481 0.0375 0.183333 0.797948
0 0.620313 0.496296 0.0364583 0.155556 0.798872
0 0.0864583 0.506481 0.0375 0.183333 0.808475
0 0.620313 0.496296 0.0364583 0.155556 0.809003
0 0.0864583 0.506481 0.0375 0.183333 0.813655
0 0.666667 0.530556 0.04375 0.264815 0.8158
0 0.0859375 0.50463 0.0364583 0.183333 0.820102
0 0.0859375 0.50463 0.0364583 0.183333 0.825383
0 0.0864583 0.506481 0.0375 0.183333 0.827666
0 0.0864583 0.506481 0.0375 0.183333 0.833886
