0 0.0604167 0.325926 0.0291667 0.111111 0.259921
0 0.399479 0.334259 0.0489583 0.124074 0.264159
0 0.325521 0.305556 0.0177083 0.0666667 0.264909
0 0.536979 0.306481 0.0177083 0.0611111 0.268383
24 0.845312 0.338889 0.0510417 0.137037 0.269246
0 0.783333 0.403704 0.0770833 0.418519 0.269395
0 0.601562 0.337037 0.028125 0.122222 0.272052
0 0.505729 0.34537 0.0239583 0.0944444 0.272301
0 0.0265625 0.342593 0.053125 0.166667 0.274651
0 0.909375 0.294444 0.0354167 0.17037 0.275717
0 0.538021 0.309259 0.015625 0.062963 0.275856
0 0.0265625 0.341667 0.053125 0.168519 0.276473
0 0.0604167 0.326852 0.0291667 0.112963 0.281085
0 0.909375 0.294444 0.0354167 0.17037 0.281115
0 0.454688 0.342593 0.0260417 0.12963 0.281246
0 0.535937 0.309259 0.015625 0.062963 0.281266
0 0.486979 0.341667 0.0239583 0.0944444 0.285407
0 0.538021 0.309259 0.015625 0.062963 0.285884
0 0.0604167 0.326852 0.0291667 0.112963 0.287602
0 0.908854 0.299074 0.034375 0.161111 0.288147
0 0.484375 0.336111 0.0270833 0.105556 0.294033
0 0.908854 0.299074 0.034375 0.161111 0.294378
0 0.455208 0.348148 0.0270833 0.148148 0.295384
0 0.486979 0.340741 0.0239583 0.0962963 0.296861
0 0.486458 0.340741 0.025 0.0962963 0.299568
0 0.535937 0.309259 0.015625 0.062963 0.300021
0 0.641146 0.325926 0.0260417 0.125926 0.309643
0 0.601562 0.337037 0.028125 0.122222 0.312605
0 0.908854 0.299074 0.034375 0.161111 0.315367
0 0.400521 0.333333 0.0489583 0.125926 0.316424
0 0.602083 0.337037 0.0270833 0.118519 0.317927
0 0.489583 0.341667 0.0354167 0.0944444 0.320374
0 0.483854 0.341667 0.0239583 0.0981481 0.32137
0 0.505208 0.34537 0.0229167 0.0907407 0.322864
0 0.505729 0.34537 0.0239583 0.0944444 0.324698
0 0.505729 0.34537 0.0239583 0.0944444 0.328058
0 0.455208 0.348148 0.0270833 0.144444 0.338586
0 0.505729 0.34537 0.0260417 0.0907407 0.339454
0 0.602083 0.328704 0.0270833 0.116667 0.349487
0 0.0604167 0.330556 0.03125 0.116667 0.354857
0 0.483854 0.341667 0.0239583 0.0981481 0.367401
0 0.483854 0.341667 0.0239583 0.0981481 0.368719
0 0.383854 0.332407 0.0239583 0.109259 0.36887
24 0.846354 0.342593 0.0510417 0.155556 0.369208
0 0.0604167 0.330556 0.03125 0.116667 0.37221
0 0.392708 0.333333 0.0479167 0.122222 0.372524
0 0.505208 0.34537 0.0229167 0.0944444 0.374241
0 0.505208 0.346296 0.0229167 0.0925926 0.375875
0 0.383333 0.331481 0.0229167 0.114815 0.376915
0 0.0604167 0.330556 0.03125 0.116667 0.383161
0 0.380208 0.32963 0.0208333 0.103704 0.386407
0 0.602604 0.32963 0.0260417 0.118519 0.386516
0 0.455208 0.349074 0.0270833 0.146296 0.387931
0 0.602083 0.328704 0.0270833 0.12037 0.390178
24 0.845833 0.336111 0.0541667 0.161111 0.390512
24 0.846875 0.341667 0.05 0.157407 0.390578
0 0.484896 0.340741 0.0239583 0.1 0.393035
0 0.383333 0.332407 0.0229167 0.112963 0.393924
0 0.801562 0.4 0.0864583 0.42963 0.397444
24 0.846354 0.341667 0.0510417 0.157407 0.397524
0 0.0614583 0.330556 0.0333333 0.112963 0.399453
0 0.380729 0.32963 0.0197917 0.103704 0.403235
0 0.641146 0.326852 0.0260417 0.127778 0.407241
24 0.845312 0.337963 0.0510417 0.161111 0.409447
0 0.45625 0.344444 0.0291667 0.140741 0.412353
0 0.484896 0.340741 0.0239583 0.1 0.414243
24 0.845312 0.337963 0.0510417 0.161111 0.41484
0 0.0614583 0.330556 0.0333333 0.112963 0.415857
0 0.641667 0.327778 0.025 0.12963 0.417222
0 0.0276042 0.361111 0.0552083 0.185185 0.418428
0 0.484896 0.340741 0.0239583 0.1 0.418932
0 0.641667 0.327778 0.025 0.12963 0.421415
0 0.0276042 0.361111 0.0552083 0.185185 0.425773
24 0.845312 0.337963 0.0510417 0.161111 0.42608
0 0.380208 0.32963 0.0208333 0.103704 0.430673
0 0.0625 0.331481 0.03125 0.118519 0.431831
0 0.0614583 0.330556 0.0333333 0.112963 0.432398
0 0.40625 0.339815 0.0291667 0.135185 0.437077
0 0.0276042 0.343519 0.0552083 0.168519 0.440954
24 0.845833 0.342593 0.05 0.151852 0.441756
0 0.0625 0.332407 0.03125 0.116667 0.449011
24 0.845833 0.342593 0.05 0.151852 0.454835
0 0.45625 0.344444 0.0291667 0.140741 0.454861
0 0.407292 0.338889 0.0270833 0.155556 0.460328
0 0.0276042 0.343519 0.0552083 0.168519 0.46578
0 0.407813 0.339815 0.028125 0.153704 0.46849
0 0.0625 0.331481 0.03125 0.118519 0.479819
0 0.773958 0.400926 0.0604167 0.42037 0.480293
0 0.455729 0.344444 0.028125 0.137037 0.480672
0 0.641146 0.326852 0.0260417 0.127778 0.484114
0 0.0630208 0.328704 0.0322917 0.116667 0.489088
0 0.0630208 0.32963 0.0322917 0.114815 0.49403
24 0.846354 0.338889 0.053125 0.155556 0.496246
0 0.0630208 0.32963 0.0322917 0.114815 0.503026
0 0.455729 0.346296 0.0260417 0.144444 0.5148
0 0.455729 0.346296 0.0260417 0.144444 0.518071
0 0.455208 0.34537 0.0270833 0.142593 0.53238
24 0.845833 0.337037 0.0520833 0.155556 0.533683
0 0.0265625 0.360185 0.053125 0.187037 0.53585
0 0.0265625 0.359259 0.053125 0.185185 0.541131
0 0.641667 0.324074 0.0270833 0.118519 0.543458
24 0.845833 0.337037 0.0520833 0.155556 0.550683
0 0.808333 0.408333 0.0791667 0.442593 0.552734
0 0.381771 0.327778 0.021875 0.0962963 0.556388
0 0.0265625 0.359259 0.053125 0.185185 0.560384
0 0.455208 0.343519 0.0270833 0.138889 0.565156
0 0.0276042 0.357407 0.053125 0.181481 0.567134
0 0.769792 0.39537 0.05625 0.390741 0.567254
0 0.771875 0.4 0.0541667 0.418519 0.568949
0 0.641146 0.327778 0.0260417 0.125926 0.56976
0 0.40625 0.338889 0.0291667 0.144444 0.5768
0 0.641667 0.325926 0.0270833 0.122222 0.578954
0 0.40625 0.338889 0.0291667 0.144444 0.581078
0 0.769792 0.39537 0.05625 0.394444 0.584046
0 0.771354 0.399074 0.053125 0.416667 0.585541
0 0.641667 0.324074 0.0270833 0.122222 0.590016
24 0.846354 0.339815 0.0510417 0.161111 0.592063
0 0.0270833 0.356481 0.0541667 0.183333 0.592798
0 0.771354 0.399074 0.053125 0.416667 0.600992
0 0.769792 0.394444 0.05625 0.392593 0.60109
0 0.381771 0.327778 0.021875 0.1 0.60322
0 0.602604 0.332407 0.028125 0.12037 0.604033
0 0.381771 0.327778 0.021875 0.1 0.605298
0 0.0265625 0.356481 0.053125 0.183333 0.606293
24 0.846354 0.338889 0.0510417 0.159259 0.606743
0 0.455208 0.34537 0.0270833 0.146296 0.608629
0 0.0270833 0.355556 0.0541667 0.181481 0.612723
0 0.40625 0.338889 0.0291667 0.140741 0.61506
24 0.846354 0.339815 0.0510417 0.161111 0.61579
0 0.641146 0.325 0.0260417 0.12037 0.618569
0 0.0270833 0.356481 0.0541667 0.183333 0.618948
0 0.772396 0.401852 0.0572917 0.407407 0.619588
0 0.0265625 0.357407 0.053125 0.188889 0.622704
0 0.0265625 0.357407 0.053125 0.188889 0.623912
0 0.455208 0.344444 0.0270833 0.140741 0.625561
0 0.455208 0.344444 0.0270833 0.144444 0.628526
0 0.381771 0.328704 0.021875 0.101852 0.641396
0 0.641667 0.325 0.025 0.12037 0.642669
0 0.0276042 0.356481 0.0552083 0.187037 0.643375
0 0.641667 0.325 0.0270833 0.12037 0.645
0 0.641146 0.321296 0.0260417 0.12037 0.646507
0 0.601562 0.333333 0.028125 0.122222 0.647808
0 0.602604 0.333333 0.028125 0.118519 0.650221
0 0.028125 0.356481 0.0541667 0.187037 0.653376
0 0.641146 0.325926 0.0260417 0.122222 0.667407
0 0.602604 0.333333 0.028125 0.118519 0.67393
0 0.602083 0.333333 0.0270833 0.125926 0.679592
0 0.602083 0.334259 0.0270833 0.12037 0.681053
0 0.809375 0.408333 0.0770833 0.461111 0.686646
0 0.770312 0.39537 0.0552083 0.401852 0.687211
0 0.601562 0.333333 0.028125 0.122222 0.693231
0 0.641146 0.324074 0.0260417 0.122222 0.69666
0 0.381771 0.32963 0.0197917 0.107407 0.701873
0 0.406771 0.341667 0.028125 0.146296 0.704962
0 0.641146 0.323148 0.0260417 0.12037 0.707795
0 0.0265625 0.358333 0.053125 0.187037 0.712767
0 0.0265625 0.357407 0.053125 0.185185 0.715493
0 0.602083 0.333333 0.0270833 0.125926 0.717878
0 0.602083 0.333333 0.0270833 0.125926 0.718659
0 0.406771 0.341667 0.028125 0.146296 0.719951
0 0.602083 0.333333 0.0270833 0.122222 0.720347
0 0.602083 0.333333 0.0291667 0.125926 0.722017
0 0.381771 0.328704 0.021875 0.101852 0.724474
0 0.406771 0.341667 0.028125 0.146296 0.725332
0 0.641146 0.324074 0.0260417 0.118519 0.728215
0 0.808854 0.408333 0.0760417 0.457407 0.731459
0 0.602083 0.333333 0.0291667 0.125926 0.732112
0 0.602083 0.334259 0.0270833 0.12037 0.732759
0 0.0265625 0.357407 0.053125 0.185185 0.736791
0 0.0265625 0.357407 0.053125 0.185185 0.742596
0 0.381771 0.328704 0.021875 0.105556 0.742981
0 0.641146 0.325926 0.0260417 0.122222 0.748134
0 0.381771 0.32963 0.021875 0.103704 0.750125
0 0.40625 0.339815 0.0291667 0.146296 0.756167
0 0.602083 0.335185 0.0270833 0.118519 0.75732
0 0.602083 0.333333 0.0291667 0.125926 0.76269
0 0.40625 0.339815 0.0291667 0.142593 0.767746
0 0.406771 0.338889 0.0260417 0.151852 0.771544
0 0.406771 0.339815 0.0260417 0.15 0.784026
0 0.808333 0.411111 0.0729167 0.455556 0.792213
0 0.810417 0.406481 0.075 0.45 0.803287
0 0.808333 0.411111 0.0729167 0.455556 0.804662
0 0.809896 0.406481 0.0739583 0.457407 0.8047
0 0.808333 0.412037 0.0729167 0.45 0.805076
0 0.809896 0.405556 0.0739583 0.451852 0.809222
0 0.771354 0.39537 0.0552083 0.387037 0.82694
0 0.771354 0.394444 0.0552083 0.388889 0.833413
0 0.771354 0.394444 0.0552083 0.385185 0.835561
