24 0.933333 0.603704 0.125 0.566667 0.250859
26 0.823958 0.573148 0.0395833 0.116667 0.253427
0 0.879687 0.400926 0.046875 0.0907407 0.260176
0 0.0864583 0.380556 0.025 0.116667 0.260682
0 0.319792 0.406481 0.0270833 0.135185 0.261833
0 0.933333 0.602778 0.125 0.557407 0.2625
0 0.878125 0.4 0.0458333 0.0888889 0.263773
0 0.320312 0.402778 0.0197917 0.131481 0.265683
0 0.299479 0.367593 0.021875 0.0574074 0.266336
0 0.879687 0.400926 0.046875 0.0907407 0.266793
13 0.329688 0.49537 0.165625 0.161111 0.266823
0 0.786458 0.60463 0.102083 0.568519 0.267712
0 0.880208 0.398148 0.0458333 0.0888889 0.268848
0 0.0864583 0.380556 0.025 0.116667 0.272961
0 0.0864583 0.380556 0.025 0.116667 0.274369
13 0.200521 0.816667 0.198958 0.32963 0.275013
0 0.510417 0.412963 0.0291667 0.133333 0.275645
0 0.879687 0.398148 0.046875 0.0888889 0.285126
13 0.331771 0.494444 0.161458 0.159259 0.287549
0 0.319271 0.402778 0.0260417 0.135185 0.293161
13 0.201042 0.816667 0.197917 0.333333 0.294301
0 0.879687 0.398148 0.046875 0.0888889 0.296054
0 0.104167 0.384259 0.01875 0.0981481 0.301011
0 0.459375 0.392593 0.0270833 0.125926 0.303824
0 0.8 0.607407 0.0770833 0.537037 0.30965
13 0.334375 0.487963 0.158333 0.131481 0.313796
0 0.320312 0.406481 0.0260417 0.135185 0.314949
24 0.952604 0.556481 0.0927083 0.264815 0.314962
13 0.333854 0.499074 0.153125 0.131481 0.318927
0 0.427604 0.393519 0.028125 0.131481 0.318942
13 0.333854 0.498148 0.153125 0.133333 0.319775
26 0.822396 0.568519 0.0385417 0.140741 0.320843
0 0.7875 0.603704 0.102083 0.559259 0.321291
0 0.438542 0.393519 0.04375 0.127778 0.323381
0 0.104167 0.384259 0.01875 0.101852 0.328621
13 0.333854 0.499074 0.153125 0.135185 0.330894
0 0.104167 0.384259 0.01875 0.101852 0.332579
26 0.822396 0.568519 0.0385417 0.140741 0.341642
13 0.199479 0.819444 0.194792 0.335185 0.345063
13 0.199479 0.819444 0.194792 0.335185 0.345483
24 0.952604 0.556481 0.0927083 0.272222 0.348445
26 0.823438 0.569444 0.0385417 0.127778 0.351028
13 0.199479 0.819444 0.194792 0.335185 0.351107
0 0.4375 0.392593 0.04375 0.125926 0.357911
13 0.198958 0.817593 0.197917 0.331481 0.357939
24 0.952604 0.55463 0.0927083 0.261111 0.359934
26 0.822396 0.568519 0.0385417 0.140741 0.362457
13 0.198958 0.817593 0.197917 0.331481 0.367647
0 0.427083 0.393519 0.0270833 0.127778 0.368111
0 0.438542 0.393519 0.04375 0.127778 0.368163
26 0.823438 0.568519 0.0385417 0.125926 0.375398
0 0.460417 0.393519 0.0270833 0.127778 0.379813
24 0.959375 0.55 0.08125 0.259259 0.384558
0 0.490104 0.387037 0.0197917 0.107407 0.384832
0 0.489583 0.386111 0.01875 0.109259 0.387311
26 0.823958 0.568519 0.0395833 0.125926 0.387633
0 0.510417 0.417593 0.0270833 0.135185 0.39251
24 0.958854 0.55 0.0822917 0.259259 0.3957
0 0.489583 0.384259 0.01875 0.101852 0.398694
24 0.959375 0.55 0.08125 0.259259 0.402111
0 0.489583 0.387037 0.01875 0.107407 0.407198
13 0.334375 0.492593 0.154167 0.137037 0.415371
0 0.459896 0.393519 0.0260417 0.124074 0.41981
0 0.185417 0.393519 0.0270833 0.112963 0.422905
13 0.333854 0.491667 0.155208 0.131481 0.424197
0 0.510417 0.417593 0.0270833 0.138889 0.427417
0 0.489583 0.391667 0.01875 0.109259 0.429549
13 0.334375 0.491667 0.154167 0.131481 0.432572
0 0.539583 0.382407 0.0208333 0.0833333 0.435948
0 0.319271 0.402778 0.021875 0.138889 0.43701
0 0.428125 0.393519 0.0270833 0.131481 0.443999
0 0.319792 0.406481 0.0229167 0.127778 0.445143
0 0.635417 0.430556 0.0479167 0.238889 0.448719
0 0.490104 0.389815 0.0197917 0.105556 0.453566
13 0.330208 0.491667 0.164583 0.138889 0.455706
0 0.427083 0.394444 0.025 0.125926 0.461387
0 0.320312 0.409259 0.0239583 0.118519 0.463506
0 0.490104 0.388889 0.0197917 0.103704 0.464225
0 0.539583 0.382407 0.0208333 0.0833333 0.471825
0 0.635417 0.431481 0.04375 0.233333 0.472599
0 0.539583 0.381481 0.0208333 0.0814815 0.475799
13 0.331771 0.493519 0.159375 0.138889 0.477665
0 0.784896 0.618519 0.101042 0.566667 0.477945
0 0.427604 0.392593 0.0260417 0.12963 0.479007
0 0.784896 0.62037 0.0989583 0.577778 0.481781
0 0.490625 0.387963 0.0208333 0.105556 0.481901
0 0.459896 0.393519 0.0260417 0.124074 0.483225
0 0.490104 0.389815 0.0197917 0.105556 0.483443
0 0.490625 0.387963 0.0208333 0.105556 0.484123
0 0.427083 0.394444 0.025 0.125926 0.48418
0 0.508854 0.415741 0.0322917 0.146296 0.485005
0 0.319271 0.40463 0.0239583 0.131481 0.485654
0 0.919792 0.608333 0.10625 0.590741 0.48577
0 0.184896 0.393519 0.0260417 0.112963 0.485792
0 0.920313 0.608333 0.107292 0.594444 0.488431
0 0.427083 0.394444 0.025 0.125926 0.488991
0 0.635417 0.432407 0.04375 0.238889 0.496348
24 0.960417 0.560185 0.0791667 0.25 0.496812
24 0.959896 0.561111 0.0802083 0.251852 0.497116
0 0.636458 0.431481 0.0479167 0.240741 0.497589
0 0.490104 0.389815 0.0197917 0.105556 0.497685
0 0.428646 0.392593 0.0260417 0.12963 0.498545
0 0.320833 0.410185 0.0229167 0.12037 0.499341
0 0.320833 0.409259 0.0229167 0.122222 0.500125
0 0.185417 0.392593 0.0270833 0.114815 0.502398
0 0.508854 0.414815 0.0322917 0.140741 0.504617
24 0.960417 0.559259 0.0791667 0.251852 0.50823
0 0.320312 0.407407 0.0239583 0.133333 0.508428
0 0.540104 0.384259 0.0177083 0.0796296 0.516088
0 0.539062 0.382407 0.0197917 0.0833333 0.520136
24 0.958854 0.556481 0.0822917 0.253704 0.520516
13 0.199479 0.82037 0.198958 0.333333 0.52305
0 0.633854 0.430556 0.046875 0.238889 0.528712
0 0.509896 0.415741 0.0322917 0.146296 0.529183
13 0.2 0.82037 0.197917 0.333333 0.531983
0 0.785417 0.618519 0.0979167 0.592593 0.532668
0 0.510417 0.413889 0.0291667 0.146296 0.53292
0 0.510417 0.413889 0.0291667 0.146296 0.539945
0 0.184896 0.393519 0.0260417 0.112963 0.540778
0 0.785417 0.619444 0.0979167 0.583333 0.542817
24 0.958854 0.556481 0.0822917 0.257407 0.54811
0 0.540104 0.384259 0.0177083 0.0796296 0.557088
0 0.508854 0.414815 0.0322917 0.140741 0.557497
0 0.508854 0.417593 0.0322917 0.146296 0.564835
0 0.635938 0.433333 0.0427083 0.233333 0.569054
0 0.540104 0.385185 0.0177083 0.0777778 0.571679
0 0.428125 0.392593 0.025 0.12963 0.573931
0 0.320312 0.403704 0.021875 0.137037 0.575887
0 0.508854 0.414815 0.0322917 0.137037 0.576215
0 0.320312 0.403704 0.021875 0.137037 0.576721
0 0.540104 0.383333 0.0197917 0.0851852 0.577315
0 0.459375 0.393519 0.025 0.127778 0.581527
13 0.199479 0.819444 0.198958 0.335185 0.584117
0 0.184896 0.393519 0.0260417 0.112963 0.585131
13 0.199479 0.819444 0.198958 0.335185 0.588037
0 0.635417 0.433333 0.04375 0.240741 0.589972
0 0.184896 0.392593 0.0260417 0.114815 0.594705
0 0.927604 0.606481 0.123958 0.616667 0.595163
0 0.539062 0.384259 0.0197917 0.087037 0.599773
0 0.428125 0.392593 0.025 0.125926 0.602115
0 0.459375 0.394444 0.025 0.12963 0.604286
0 0.540104 0.383333 0.0197917 0.0851852 0.610067
0 0.540104 0.382407 0.0197917 0.0833333 0.612341
0 0.459375 0.394444 0.025 0.125926 0.612377
0 0.634896 0.428704 0.0447917 0.235185 0.631367
0 0.427604 0.391667 0.0239583 0.127778 0.63446
0 0.460938 0.392593 0.0260417 0.122222 0.634558
0 0.428646 0.393519 0.0239583 0.124074 0.638084
0 0.460938 0.393519 0.0260417 0.124074 0.640557
0 0.428646 0.393519 0.0239583 0.127778 0.641675
0 0.460938 0.392593 0.0260417 0.122222 0.64474
0 0.927083 0.609259 0.127083 0.592593 0.645934
0 0.540104 0.383333 0.0197917 0.0851852 0.646333
0 0.459896 0.393519 0.0239583 0.124074 0.653967
0 0.427604 0.391667 0.0239583 0.127778 0.654683
13 0.2 0.818519 0.195833 0.337037 0.654901
0 0.634896 0.42963 0.0447917 0.237037 0.656889
0 0.634896 0.42963 0.0447917 0.237037 0.657137
13 0.2 0.818519 0.195833 0.337037 0.658282
0 0.925 0.608333 0.11875 0.594444 0.659438
0 0.427604 0.391667 0.0239583 0.127778 0.660657
0 0.634375 0.430556 0.0458333 0.231481 0.664547
13 0.199479 0.819444 0.196875 0.335185 0.665816
0 0.634375 0.42963 0.0458333 0.233333 0.685302
13 0.198958 0.818519 0.195833 0.337037 0.691555
13 0.199479 0.819444 0.194792 0.338889 0.694372
13 0.199479 0.819444 0.196875 0.335185 0.70016
0 0.184896 0.394444 0.0239583 0.114815 0.703219
0 0.634375 0.430556 0.0458333 0.231481 0.704787
0 0.635417 0.431481 0.04375 0.237037 0.706654
0 0.509896 0.417593 0.028125 0.138889 0.710296
0 0.786979 0.614815 0.101042 0.57037 0.713039
0 0.510417 0.417593 0.0270833 0.138889 0.714359
0 0.510938 0.417593 0.0302083 0.142593 0.71503
0 0.184896 0.394444 0.0239583 0.114815 0.717166
0 0.459896 0.392593 0.0239583 0.125926 0.717646
0 0.184896 0.39537 0.0239583 0.112963 0.7213
0 0.459896 0.392593 0.0239583 0.125926 0.723062
0 0.634896 0.433333 0.0447917 0.237037 0.724761
0 0.923958 0.607407 0.114583 0.618519 0.728246
0 0.459896 0.393519 0.0239583 0.124074 0.729271
0 0.923437 0.607407 0.115625 0.611111 0.731808
0 0.459896 0.392593 0.0239583 0.125926 0.731961
0 0.185417 0.393519 0.025 0.116667 0.732668
0 0.635417 0.432407 0.04375 0.242593 0.733967
0 0.510938 0.417593 0.0302083 0.142593 0.744086
0 0.185417 0.393519 0.025 0.116667 0.74454
0 0.925 0.608333 0.11875 0.594444 0.746653
0 0.510938 0.416667 0.0302083 0.144444 0.749524
0 0.184896 0.393519 0.0239583 0.116667 0.755001
0 0.7875 0.608333 0.1 0.557407 0.755059
0 0.185417 0.392593 0.025 0.111111 0.759508
0 0.185417 0.392593 0.025 0.114815 0.764724
0 0.634896 0.433333 0.0447917 0.244444 0.778023
0 0.185417 0.393519 0.025 0.112963 0.778585
0 0.509896 0.417593 0.0260417 0.142593 0.798573
0 0.509896 0.417593 0.028125 0.142593 0.799214
0 0.786979 0.614815 0.101042 0.57037 0.812724
0 0.7875 0.609259 0.1 0.559259 0.820444
0 0.185417 0.393519 0.0229167 0.116667 0.82865
0 0.185417 0.393519 0.0229167 0.116667 0.831763
0 0.184896 0.393519 0.0239583 0.116667 0.839207
0 0.634896 0.430556 0.0447917 0.235185 0.845407
0 0.634896 0.430556 0.0447917 0.235185 0.857468
0 0.634896 0.430556 0.0447917 0.235185 0.865763
0 0.7875 0.613889 0.1 0.564815 0.874163
0 0.7875 0.617593 0.102083 0.572222 0.880744
0 0.7875 0.617593 0.102083 0.575926 0.884522
0 0.7875 0.613889 0.1 0.564815 0.884944
