0 0.492188 0.363889 0.0260417 0.0944444 0.252419
0 0.00572917 0.34537 0.0114583 0.0981481 0.253017
0 0.667188 0.349074 0.028125 0.138889 0.25703
0 0.667708 0.339815 0.0270833 0.12037 0.258916
24 0.964583 0.392593 0.0666667 0.188889 0.260071
24 0.964583 0.392593 0.0645833 0.192593 0.272659
24 0.9625 0.4 0.06875 0.196296 0.274553
0 0.00625 0.337963 0.0125 0.0981481 0.274786
0 0.507292 0.360185 0.0354167 0.101852 0.280894
0 0.907292 0.469444 0.102083 0.624074 0.280924
0 0.513021 0.356481 0.0239583 0.0981481 0.292063
0 0.491667 0.362963 0.0270833 0.0962963 0.292899
0 0.491667 0.363889 0.0270833 0.0981481 0.298658
0 0.509896 0.361111 0.0239583 0.1 0.305679
0 0.486979 0.357407 0.028125 0.107407 0.305827
0 0.0328125 0.335185 0.0177083 0.0925926 0.305947
0 0.667188 0.349074 0.0260417 0.138889 0.306005
0 0.401563 0.347222 0.0322917 0.127778 0.306133
0 0.85 0.447222 0.09375 0.524074 0.308605
0 0.85 0.449074 0.09375 0.524074 0.309707
0 0.910417 0.487963 0.09375 0.598148 0.31098
0 0.5125 0.357407 0.025 0.1 0.312285
24 0.957812 0.400926 0.0802083 0.201852 0.321558
0 0.510417 0.361111 0.025 0.1 0.32522
0 0.909375 0.488889 0.0958333 0.607407 0.326237
0 0.513021 0.357407 0.0260417 0.0962963 0.326904
24 0.957812 0.4 0.0802083 0.203704 0.327651
0 0.489062 0.361111 0.0302083 0.103704 0.331165
24 0.957812 0.400926 0.0802083 0.205556 0.331584
0 0.542188 0.325 0.015625 0.0648148 0.333443
0 0.509896 0.361111 0.0239583 0.1 0.334441
0 0.0328125 0.335185 0.0177083 0.0962963 0.33464
0 0.541146 0.331481 0.015625 0.0703704 0.335425
0 0.486979 0.358333 0.028125 0.105556 0.335726
0 0.540625 0.327778 0.0145833 0.062963 0.337772
0 0.4875 0.358333 0.0270833 0.105556 0.339681
0 0.540625 0.330556 0.0166667 0.0685185 0.342088
24 0.963021 0.403704 0.065625 0.188889 0.342511
0 0.0328125 0.335185 0.0177083 0.0962963 0.343441
0 0.906771 0.47037 0.103125 0.607407 0.345553
24 0.963021 0.402778 0.065625 0.187037 0.34591
0 0.541146 0.32963 0.015625 0.0703704 0.347285
0 0.667188 0.342593 0.028125 0.12963 0.347313
24 0.963021 0.402778 0.065625 0.187037 0.356454
0 0.542188 0.325 0.015625 0.0648148 0.359919
0 0.667708 0.338889 0.025 0.118519 0.364337
0 0.489062 0.362037 0.0302083 0.101852 0.365343
0 0.489583 0.361111 0.0291667 0.103704 0.369097
24 0.961979 0.4 0.0677083 0.192593 0.370021
0 0.510417 0.362963 0.025 0.1 0.380259
0 0.540625 0.330556 0.0166667 0.0685185 0.383523
0 0.448958 0.359259 0.0270833 0.137037 0.384518
0 0.540625 0.328704 0.0166667 0.0685185 0.393211
0 0.489062 0.361111 0.0302083 0.103704 0.397
0 0.667708 0.341667 0.0270833 0.124074 0.399733
0 0.667708 0.34537 0.0270833 0.131481 0.400433
0 0.449479 0.358333 0.028125 0.135185 0.401811
0 0.542188 0.325 0.015625 0.0648148 0.402815
0 0.0333333 0.330556 0.01875 0.0944444 0.40476
24 0.961979 0.399074 0.0697917 0.198148 0.406441
24 0.960417 0.397222 0.0708333 0.198148 0.411841
0 0.488542 0.361111 0.0291667 0.103704 0.413047
0 0.490625 0.361111 0.0270833 0.1 0.429306
0 0.602083 0.348148 0.03125 0.122222 0.429929
0 0.0333333 0.330556 0.01875 0.0981481 0.430933
0 0.0333333 0.330556 0.01875 0.0981481 0.431888
24 0.960938 0.396296 0.0697917 0.2 0.432735
0 0.542188 0.327778 0.015625 0.0666667 0.434808
0 0.488542 0.362037 0.0291667 0.101852 0.435187
24 0.963542 0.400926 0.0645833 0.17963 0.443606
24 0.9625 0.399074 0.06875 0.183333 0.446112
0 0.667188 0.343519 0.028125 0.127778 0.448336
24 0.963021 0.399074 0.0677083 0.183333 0.450162
0 0.490625 0.361111 0.0270833 0.1 0.45244
0 0.877083 0.469444 0.1375 0.575926 0.458425
0 0.490104 0.361111 0.028125 0.1 0.458595
0 0.879167 0.468519 0.141667 0.57037 0.461101
0 0.667188 0.343519 0.028125 0.127778 0.464443
0 0.667708 0.346296 0.0270833 0.133333 0.464799
0 0.667188 0.34537 0.0260417 0.131481 0.466988
24 0.963542 0.400926 0.0645833 0.17963 0.468848
0 0.401563 0.348148 0.0322917 0.137037 0.475039
0 0.844271 0.44537 0.0822917 0.494444 0.485455
0 0.401563 0.348148 0.0322917 0.133333 0.488382
0 0.667708 0.344444 0.0270833 0.12963 0.501706
24 0.9625 0.4 0.06875 0.196296 0.504659
0 0.542188 0.327778 0.015625 0.0666667 0.505151
0 0.667708 0.344444 0.0270833 0.12963 0.506743
0 0.667708 0.34537 0.0270833 0.131481 0.507711
24 0.9625 0.4 0.06875 0.196296 0.511294
24 0.961979 0.4 0.0677083 0.196296 0.51379
0 0.602083 0.35 0.03125 0.12963 0.516989
24 0.9625 0.399074 0.06875 0.198148 0.518736
0 0.844271 0.44537 0.0822917 0.494444 0.525524
0 0.602604 0.349074 0.0302083 0.127778 0.527391
0 0.447396 0.361111 0.0260417 0.148148 0.530578
0 0.542188 0.326852 0.015625 0.0648148 0.53086
0 0.400521 0.35 0.0302083 0.140741 0.533534
0 0.667708 0.346296 0.025 0.12963 0.5396
0 0.400521 0.35 0.0302083 0.140741 0.543204
0 0.601562 0.353704 0.0302083 0.125926 0.545982
0 0.447396 0.361111 0.0260417 0.144444 0.54832
0 0.667708 0.346296 0.0270833 0.133333 0.549867
0 0.0604167 0.32963 0.0166667 0.1 0.550056
0 0.0338542 0.332407 0.0197917 0.0944444 0.570089
0 0.905729 0.478704 0.101042 0.616667 0.581592
0 0.0604167 0.330556 0.0166667 0.101852 0.585471
0 0.0604167 0.330556 0.0166667 0.101852 0.590608
0 0.447917 0.360185 0.0291667 0.146296 0.611437
0 0.0328125 0.332407 0.0197917 0.0981481 0.623414
0 0.601562 0.351852 0.0302083 0.12963 0.632338
0 0.905208 0.47963 0.0895833 0.6 0.632987
0 0.45 0.360185 0.0291667 0.138889 0.641722
0 0.601562 0.353704 0.0302083 0.125926 0.648431
0 0.447917 0.360185 0.0291667 0.146296 0.648562
0 0.905208 0.477778 0.0895833 0.622222 0.648865
0 0.45 0.360185 0.0291667 0.138889 0.650305
0 0.0328125 0.331481 0.0177083 0.0962963 0.65465
0 0.0328125 0.331481 0.0177083 0.0962963 0.655545
0 0.602083 0.353704 0.03125 0.12963 0.656199
0 0.601562 0.353704 0.0302083 0.12963 0.661039
0 0.0328125 0.331481 0.0177083 0.0962963 0.661794
0 0.601562 0.353704 0.0302083 0.125926 0.666779
0 0.846354 0.447222 0.0864583 0.512963 0.671889
0 0.448438 0.360185 0.028125 0.146296 0.672846
0 0.602083 0.353704 0.03125 0.12963 0.679901
0 0.402604 0.353704 0.0322917 0.148148 0.681403
0 0.0604167 0.331481 0.0166667 0.1 0.682585
0 0.846354 0.447222 0.0864583 0.52037 0.685139
0 0.905729 0.47963 0.101042 0.614815 0.687672
0 0.449479 0.360185 0.028125 0.138889 0.688163
0 0.602083 0.351852 0.03125 0.12963 0.697682
0 0.0604167 0.32963 0.0166667 0.103704 0.699626
0 0.402604 0.352778 0.0302083 0.153704 0.700349
0 0.402604 0.353704 0.0322917 0.148148 0.700468
0 0.0604167 0.328704 0.0166667 0.101852 0.7008
0 0.0333333 0.332407 0.01875 0.0944444 0.70553
0 0.0609375 0.327778 0.0177083 0.103704 0.707952
0 0.602083 0.351852 0.03125 0.12963 0.708671
0 0.449479 0.358333 0.028125 0.142593 0.710482
0 0.449479 0.358333 0.028125 0.142593 0.712685
0 0.402604 0.352778 0.0322917 0.146296 0.713154
0 0.602083 0.352778 0.03125 0.127778 0.713648
0 0.402604 0.351852 0.0302083 0.155556 0.715654
0 0.848437 0.44537 0.0885417 0.535185 0.718588
0 0.402604 0.351852 0.0302083 0.151852 0.719273
0 0.448438 0.360185 0.028125 0.142593 0.723742
0 0.0333333 0.333333 0.01875 0.0962963 0.730349
0 0.0333333 0.333333 0.01875 0.0962963 0.731273
0 0.602083 0.352778 0.03125 0.127778 0.731323
0 0.0609375 0.327778 0.015625 0.1 0.732923
0 0.448438 0.360185 0.028125 0.142593 0.734458
0 0.448958 0.359259 0.0291667 0.144444 0.740078
0 0.448958 0.358333 0.0291667 0.142593 0.744608
0 0.0338542 0.331481 0.0177083 0.0962963 0.747533
0 0.0609375 0.327778 0.0177083 0.103704 0.748662
0 0.906771 0.477778 0.0989583 0.618519 0.750962
0 0.849479 0.450926 0.0885417 0.524074 0.7523
0 0.602083 0.353704 0.03125 0.125926 0.7535
0 0.0609375 0.327778 0.0177083 0.103704 0.754756
0 0.448958 0.361111 0.0291667 0.144444 0.755269
0 0.601562 0.352778 0.0302083 0.127778 0.761321
0 0.848437 0.447222 0.0885417 0.531482 0.762705
0 0.402604 0.356481 0.0322917 0.15 0.766219
0 0.848958 0.450926 0.0875 0.516667 0.767682
0 0.90625 0.477778 0.0979167 0.618519 0.768347
0 0.401563 0.35 0.0322917 0.155556 0.768666
0 0.601562 0.352778 0.0302083 0.127778 0.77013
0 0.401563 0.35 0.0322917 0.151852 0.770579
0 0.402083 0.356481 0.03125 0.15 0.770612
0 0.0598958 0.330556 0.0177083 0.0981481 0.775538
0 0.402083 0.355556 0.03125 0.151852 0.794487
0 0.601562 0.352778 0.0302083 0.127778 0.795534
0 0.908333 0.475926 0.0958333 0.618519 0.815744
0 0.907292 0.477778 0.0979167 0.611111 0.829866
0 0.846875 0.446296 0.0833333 0.507407 0.831293
0 0.846875 0.446296 0.0833333 0.507407 0.843907
