0 0.389062 0.328704 0.0239583 0.112963 0.250353
0 0.492188 0.343519 0.021875 0.0907407 0.250718
0 0.0239583 0.349074 0.0479167 0.175926 0.251059
0 0.492188 0.343519 0.0239583 0.0907407 0.251179
0 0.0239583 0.348148 0.0479167 0.177778 0.251405
13 0.235417 0.848148 0.39375 0.285185 0.25215
0 0.917708 0.281481 0.03125 0.144444 0.25343
24 0.860417 0.349074 0.05 0.142593 0.254705
0 0.603646 0.336111 0.028125 0.12037 0.25629
0 0.558854 0.303704 0.0135417 0.0555556 0.257659
0 0.513021 0.339815 0.0239583 0.0944444 0.259761
24 0.860417 0.349074 0.05 0.142593 0.259892
13 0.235938 0.849074 0.394792 0.287037 0.262111
0 0.458854 0.339815 0.0260417 0.131481 0.263357
0 0.647917 0.318519 0.0270833 0.103704 0.265361
24 0.860937 0.338889 0.053125 0.162963 0.267895
0 0.647917 0.319444 0.0270833 0.101852 0.268494
13 0.234896 0.849074 0.394792 0.287037 0.269725
0 0.5125 0.337963 0.0229167 0.0981481 0.278539
0 0.389062 0.327778 0.0239583 0.114815 0.278545
0 0.389062 0.327778 0.0260417 0.114815 0.279521
13 0.236979 0.85 0.390625 0.288889 0.281255
0 0.509896 0.344444 0.0239583 0.0888889 0.283661
0 0.603125 0.336111 0.0270833 0.12037 0.283696
13 0.236458 0.850926 0.389583 0.290741 0.28575
24 0.860937 0.339815 0.053125 0.164815 0.285842
0 0.5125 0.339815 0.025 0.0981481 0.286274
24 0.860937 0.339815 0.053125 0.164815 0.286942
0 0.603125 0.336111 0.0270833 0.12037 0.287646
13 0.236979 0.850926 0.390625 0.290741 0.289014
0 0.647396 0.324074 0.0260417 0.111111 0.292106
24 0.860417 0.35 0.05 0.148148 0.292897
0 0.409896 0.338889 0.028125 0.137037 0.293773
0 0.5125 0.340741 0.025 0.0962963 0.296075
24 0.857813 0.338889 0.0572917 0.159259 0.297518
0 0.507292 0.342593 0.03125 0.0888889 0.300976
0 0.780729 0.382407 0.0510417 0.394444 0.303493
0 0.539062 0.305556 0.0177083 0.0703704 0.30402
24 0.860417 0.349074 0.05 0.146296 0.306779
0 0.509896 0.344444 0.0239583 0.0888889 0.314295
0 0.780729 0.382407 0.0510417 0.387037 0.317207
0 0.458854 0.342593 0.0260417 0.137037 0.321007
0 0.646875 0.323148 0.025 0.112963 0.321214
0 0.509896 0.344444 0.0239583 0.0888889 0.321998
0 0.646875 0.324074 0.025 0.111111 0.323519
0 0.646354 0.326852 0.0260417 0.116667 0.329862
0 0.780729 0.382407 0.0510417 0.390741 0.33546
0 0.508854 0.341667 0.021875 0.0907407 0.337844
24 0.860937 0.339815 0.053125 0.164815 0.338242
0 0.917708 0.297222 0.0333333 0.157407 0.34097
0 0.917708 0.297222 0.0333333 0.157407 0.342659
24 0.860417 0.339815 0.0520833 0.164815 0.350767
0 0.397917 0.331481 0.0479167 0.122222 0.352959
0 0.917708 0.297222 0.0354167 0.161111 0.358515
0 0.540625 0.303704 0.0166667 0.0666667 0.358869
0 0.0244792 0.361111 0.0489583 0.185185 0.362599
0 0.918229 0.297222 0.034375 0.161111 0.362855
0 0.509375 0.341667 0.0229167 0.0944444 0.364382
0 0.403646 0.331481 0.046875 0.122222 0.364468
0 0.508854 0.341667 0.021875 0.0944444 0.365723
0 0.0239583 0.361111 0.0479167 0.185185 0.365902
0 0.0239583 0.359259 0.0479167 0.188889 0.372279
0 0.917708 0.288889 0.0333333 0.144444 0.375246
0 0.917708 0.288889 0.0333333 0.144444 0.375541
0 0.540625 0.308333 0.0166667 0.0722222 0.376943
0 0.918229 0.288889 0.0322917 0.144444 0.379671
0 0.494792 0.338889 0.0270833 0.0962963 0.381023
0 0.646354 0.326852 0.0260417 0.116667 0.383768
0 0.540104 0.307407 0.015625 0.0740741 0.38589
0 0.0239583 0.359259 0.0479167 0.188889 0.386451
0 0.0260417 0.362963 0.0520833 0.181481 0.388607
0 0.403646 0.332407 0.046875 0.124074 0.390767
0 0.491667 0.337963 0.0229167 0.0944444 0.394884
0 0.917708 0.296296 0.0354167 0.162963 0.395398
0 0.028125 0.357407 0.0541667 0.188889 0.396664
0 0.0255208 0.362037 0.0510417 0.17963 0.399382
0 0.539062 0.305556 0.015625 0.0703704 0.406369
0 0.917708 0.296296 0.0333333 0.155556 0.40759
0 0.0239583 0.359259 0.0479167 0.188889 0.408384
0 0.025 0.361111 0.05 0.185185 0.419409
0 0.491667 0.337963 0.0229167 0.0981481 0.422556
0 0.540625 0.308333 0.0166667 0.0722222 0.425144
0 0.490104 0.337037 0.021875 0.103704 0.425265
0 0.025 0.362037 0.05 0.183333 0.429582
0 0.491667 0.337963 0.0229167 0.0981481 0.432332
0 0.603125 0.327778 0.0291667 0.122222 0.43362
0 0.917708 0.291667 0.0333333 0.164815 0.437802
0 0.917708 0.292593 0.0333333 0.166667 0.440843
0 0.646354 0.326852 0.0260417 0.116667 0.445368
0 0.384896 0.324074 0.021875 0.1 0.447782
0 0.647396 0.323148 0.0260417 0.112963 0.449536
0 0.025 0.362037 0.05 0.187037 0.449977
0 0.539583 0.303704 0.0145833 0.0740741 0.450301
0 0.539583 0.305556 0.0145833 0.0703704 0.454846
0 0.0578125 0.327778 0.0302083 0.118519 0.455288
0 0.388021 0.327778 0.0239583 0.103704 0.467355
0 0.0619792 0.327778 0.034375 0.114815 0.468186
0 0.457812 0.339815 0.028125 0.146296 0.469974
0 0.459375 0.340741 0.025 0.140741 0.476416
0 0.540104 0.303704 0.015625 0.0740741 0.476614
24 0.859896 0.346296 0.0510417 0.159259 0.478798
0 0.459375 0.340741 0.025 0.140741 0.480217
0 0.028125 0.357407 0.0541667 0.188889 0.48074
0 0.384896 0.325 0.021875 0.105556 0.482832
0 0.384896 0.325 0.021875 0.105556 0.483965
0 0.539583 0.305556 0.0145833 0.0703704 0.486761
0 0.0614583 0.327778 0.0354167 0.114815 0.487828
0 0.0578125 0.327778 0.0302083 0.122222 0.492805
24 0.860417 0.340741 0.0541667 0.151852 0.493127
0 0.388021 0.327778 0.0239583 0.107407 0.499571
0 0.603125 0.328704 0.0291667 0.127778 0.500124
0 0.409896 0.337037 0.028125 0.133333 0.500445
0 0.782292 0.39537 0.05625 0.405556 0.500893
0 0.645833 0.324074 0.0270833 0.118519 0.50106
0 0.603125 0.327778 0.0270833 0.125926 0.503351
0 0.647396 0.323148 0.0260417 0.116667 0.504118
0 0.385938 0.326852 0.021875 0.101852 0.504384
24 0.859896 0.34537 0.0510417 0.157407 0.504834
0 0.0614583 0.327778 0.0354167 0.114815 0.507743
0 0.647396 0.323148 0.0260417 0.116667 0.508876
0 0.646875 0.325 0.0270833 0.12037 0.508988
0 0.0578125 0.328704 0.0302083 0.12037 0.51101
0 0.782292 0.39537 0.05625 0.405556 0.511468
0 0.0270833 0.357407 0.0541667 0.185185 0.512888
0 0.388021 0.327778 0.0239583 0.107407 0.518902
0 0.458333 0.340741 0.0270833 0.144444 0.526187
0 0.782292 0.39537 0.05625 0.409259 0.526496
0 0.540104 0.303704 0.015625 0.0740741 0.527189
0 0.603646 0.331481 0.028125 0.122222 0.528116
0 0.458333 0.339815 0.0270833 0.142593 0.532521
0 0.0265625 0.357407 0.053125 0.185185 0.53274
24 0.859896 0.342593 0.053125 0.155556 0.536993
24 0.860417 0.34537 0.05 0.15 0.53998
24 0.859896 0.339815 0.053125 0.168519 0.540667
0 0.025 0.358333 0.05 0.190741 0.542285
0 0.646875 0.327778 0.0270833 0.118519 0.545357
0 0.829167 0.412963 0.0916667 0.47037 0.546752
0 0.540104 0.303704 0.015625 0.0740741 0.547769
0 0.81875 0.405556 0.0791667 0.466667 0.548575
0 0.0588542 0.328704 0.0322917 0.12037 0.551652
0 0.457292 0.341667 0.0270833 0.15 0.555482
0 0.81875 0.40463 0.0791667 0.453704 0.557808
0 0.819271 0.40463 0.078125 0.453704 0.557928
0 0.81875 0.403704 0.09375 0.459259 0.561066
24 0.860417 0.342593 0.0520833 0.155556 0.561181
0 0.409375 0.338889 0.0270833 0.151852 0.561452
24 0.859896 0.339815 0.053125 0.168519 0.561522
0 0.409375 0.337963 0.0270833 0.15 0.563509
24 0.860417 0.343519 0.0520833 0.153704 0.563878
0 0.830208 0.412037 0.0916667 0.464815 0.56933
24 0.860417 0.344444 0.0479167 0.144444 0.570382
0 0.646875 0.326852 0.0270833 0.116667 0.571355
0 0.829167 0.412963 0.0916667 0.462963 0.571595
0 0.646875 0.325926 0.0270833 0.118519 0.575108
0 0.646875 0.325 0.0270833 0.12037 0.583141
0 0.646354 0.325 0.0260417 0.12037 0.586034
0 0.0588542 0.328704 0.0322917 0.12037 0.587128
24 0.860417 0.34537 0.05 0.142593 0.589826
0 0.385938 0.326852 0.021875 0.105556 0.591756
0 0.781771 0.394444 0.0552083 0.411111 0.596361
0 0.0588542 0.328704 0.0322917 0.12037 0.599801
0 0.0588542 0.328704 0.0322917 0.12037 0.600397
0 0.0588542 0.328704 0.0322917 0.12037 0.600954
0 0.603646 0.331481 0.028125 0.122222 0.61044
0 0.457292 0.341667 0.0270833 0.146296 0.612754
0 0.409896 0.337037 0.0302083 0.140741 0.617733
0 0.814583 0.4 0.0729167 0.466667 0.619678
0 0.409896 0.337963 0.0302083 0.138889 0.619843
0 0.604167 0.331481 0.0270833 0.122222 0.625529
0 0.386458 0.325926 0.0229167 0.1 0.629396
0 0.409896 0.338889 0.028125 0.144444 0.629463
0 0.0588542 0.328704 0.0322917 0.12037 0.632702
0 0.458333 0.341667 0.0291667 0.146296 0.635515
0 0.815625 0.401852 0.0708333 0.451852 0.638286
0 0.822917 0.402778 0.08125 0.468519 0.646878
0 0.0578125 0.327778 0.034375 0.122222 0.647201
0 0.386458 0.325926 0.0229167 0.103704 0.648317
0 0.822917 0.403704 0.08125 0.459259 0.649424
0 0.814583 0.400926 0.0729167 0.457407 0.652935
0 0.409896 0.337963 0.0302083 0.138889 0.654801
0 0.646354 0.325 0.0260417 0.116667 0.656383
0 0.780208 0.393519 0.0541667 0.409259 0.657326
0 0.0578125 0.327778 0.034375 0.122222 0.658592
0 0.386458 0.325926 0.0229167 0.103704 0.659182
0 0.409896 0.338889 0.028125 0.144444 0.660311
0 0.822396 0.403704 0.0802083 0.459259 0.660901
0 0.646354 0.325 0.0260417 0.12037 0.664816
0 0.0572917 0.327778 0.0333333 0.122222 0.668901
0 0.409896 0.338889 0.028125 0.144444 0.67066
0 0.603125 0.331481 0.0270833 0.125926 0.675174
0 0.603646 0.331481 0.028125 0.125926 0.682435
0 0.457292 0.341667 0.0270833 0.15 0.685235
0 0.603125 0.331481 0.0270833 0.125926 0.687078
0 0.457812 0.339815 0.028125 0.146296 0.687092
0 0.025 0.358333 0.05 0.190741 0.688616
0 0.825 0.408333 0.0875 0.472222 0.695521
0 0.457812 0.340741 0.028125 0.144444 0.704772
0 0.604167 0.331481 0.0270833 0.125926 0.719023
0 0.0260417 0.359259 0.0520833 0.188889 0.721683
0 0.823958 0.408333 0.0854167 0.472222 0.722337
0 0.603125 0.331481 0.0270833 0.125926 0.723409
0 0.0260417 0.359259 0.0520833 0.188889 0.724754
0 0.603646 0.331481 0.028125 0.125926 0.727517
0 0.603125 0.332407 0.0270833 0.124074 0.728537
0 0.409896 0.338889 0.028125 0.148148 0.730307
0 0.603646 0.331481 0.028125 0.125926 0.731567
0 0.0244792 0.360185 0.0489583 0.187037 0.736586
0 0.0244792 0.360185 0.0489583 0.187037 0.740282
0 0.409896 0.337963 0.028125 0.146296 0.74279
0 0.458854 0.343519 0.0260417 0.146296 0.745836
0 0.603125 0.331481 0.0270833 0.125926 0.746644
0 0.603646 0.331481 0.028125 0.125926 0.747762
0 0.603125 0.331481 0.0270833 0.122222 0.751259
0 0.458854 0.342593 0.0260417 0.144444 0.754412
0 0.603646 0.330556 0.028125 0.127778 0.760518
0 0.409896 0.337037 0.028125 0.144444 0.7659
0 0.409896 0.337963 0.028125 0.142593 0.769432
0 0.025 0.357407 0.05 0.188889 0.77106
0 0.780729 0.393519 0.053125 0.394444 0.781003
0 0.458333 0.340741 0.0270833 0.151852 0.783476
0 0.780729 0.393519 0.053125 0.405556 0.793019
0 0.780729 0.392593 0.053125 0.392593 0.795967
0 0.458333 0.340741 0.0270833 0.148148 0.796097
0 0.780729 0.393519 0.053125 0.398148 0.797819
0 0.0244792 0.357407 0.0489583 0.188889 0.798615
0 0.0244792 0.357407 0.0489583 0.188889 0.801437
0 0.780729 0.393519 0.053125 0.405556 0.804848
0 0.780208 0.392593 0.0520833 0.403704 0.807391
